-3.890836E-6
-2.649443E-6
-1.8428689999999997E-6
1.458654E-6
3.7215189999999997E-6
5.011651E-6
-3.2423219999999997E-7
-1.009607E-5
-3.0217699999999997E-5
-5.2268499999999996E-5
-7.635870999999999E-5
-8.705732E-5
-7.800871E-5
-4.112852E-5
3.361897E-5
1.604618E-4
3.175463E-4
4.849761E-4
6.562119E-4
7.939109E-4
8.647358E-4
8.744221999999999E-4
7.986299E-4
6.560636E-4
4.7508159999999996E-4
2.456595E-4
-4.803863E-5
-3.7627159999999995E-4
-7.379023E-4
-0.001040701
-0.001171594
-0.001122472
-9.129792999999998E-4
-5.401547999999999E-4
-1.5237639999999999E-5
6.245801E-4
0.0011501899999999997
0.001403201
0.0013336639999999998
9.493802E-4
1.36673E-4
-0.001008844
-0.002111512
-0.0026992
-0.002654693
-0.002218871
-0.0016645789999999998
-0.001036323
-2.8293099999999994E-4
4.4930759999999996E-4
9.696451999999998E-4
0.001013029
5.182075999999999E-4
-4.014414E-4
-0.0016696579999999999
-0.002859221
-0.003243171
-0.0026492929999999996
-0.0012769979999999997
3.784886E-4
0.001493709
0.0018378329999999999
0.0016604069999999998
0.001062336
9.661258E-5
-0.001405381
-0.003663851
-0.006217352
-0.008191659
-0.008099424999999999
-0.004823488999999999
-2.6474609999999993E-4
0.0056086519999999996
0.01148707
0.01612783
0.017640559999999996
0.01568161
0.01077824
0.0033902799999999994
-0.003752129
-0.008431795999999998
-0.01105331
-0.01326383
-0.014648599999999998
-0.014906769999999998
-0.013983549999999999
-0.011826259999999998
-0.008234376999999998
-0.002446243
0.005496702
0.01158059
0.015367849999999999
0.018029219999999995
0.019533969999999998
0.01911176
0.0156213
0.006620256999999999
-0.0036621659999999997
-0.012831099999999998
-0.019588299999999996
-0.02372507
-0.02475317
-0.021168029999999997
-0.01196254
-2.1234829999999997E-4
0.012763529999999999
0.0240397
0.028850169999999998
0.027288079999999996
0.020730639999999998
0.010750739999999998
0.0025143459999999998
5.712127E-4
0.0037804799999999997
0.007621006999999999
0.008005854
0.005200146
0.001637233
-1.5193369999999998E-4
8.542740999999998E-5
5.294526999999999E-4
-0.001144626
-0.006965724999999999
-0.018039009999999998
-0.028242039999999996
-0.031122229999999997
-0.026431849999999996
-0.01650949
-0.0028101829999999995
0.010222669999999998
0.022426909999999998
0.02991664
0.03040192
0.025647329999999996
0.015559489999999999
0.0032768659999999994
-0.014586099999999998
-0.031178919999999995
-0.03862664999999999
-0.03719544
-0.029609689999999998
-0.01793376
-0.0015569719999999998
0.01463905
0.025312179999999997
0.0281562
0.026229199999999998
0.02290789
0.0182302
0.01240274
0.0061509
3.862588E-4
-0.00319824
-0.004809396
-0.005776218
-0.007757337999999999
-0.010619499999999999
-0.01333789
-0.014003539999999998
-0.011184639999999997
-0.0036826269999999995
0.008541598
0.022942519999999997
0.03319753
0.03583289
0.03206493
0.0246894
0.01195063
-1.485655E-4
-0.01113449
-0.02199156
-0.029800469999999996
-0.03223316
-0.02980495
-0.02432725
-0.016475179999999996
-0.005923072999999999
0.0066493
0.018132159999999998
0.02677404
0.029604369999999998
0.026673159999999998
0.021078159999999995
0.01572278
0.010690769999999999
0.00421142
-0.003957991
-0.009692377
-0.011843589999999998
-0.012503989999999998
-0.01497736
-0.022168919999999998
-0.03192683
-0.03984339
-0.04073718999999999
-0.03505406
-0.027666329999999996
-0.021399249999999998
-0.01692045
-0.01263611
-0.005806489999999999
0.0012424009999999997
0.005224334
0.005964310999999999
0.004103306
-8.600982999999999E-4
-0.012034339999999998
-0.026493839999999998
-0.036330549999999996
-0.03687902
-0.03226788
-0.026726269999999996
-0.02055059
-0.015390479999999998
-0.01295395
-0.011252169999999999
-0.007415978999999999
0.001170753
0.013937889999999998
0.02316284
0.02822368
0.03706251
0.04834159
0.054430389999999995
0.051009559999999995
0.03731314
0.017150209999999996
-0.006906891
-0.029349919999999998
-0.04067717
-0.03969547999999999
-0.03241719999999999
-0.02273531
-0.011616079999999999
-3.3104699999999995E-5
0.01093923
0.01992471
0.02412449
0.02155695
0.013301789999999999
0.002904134
-0.005338935
-0.006242614999999999
7.069375999999999E-4
0.01326912
0.029446089999999998
0.04094515
0.04809275
0.051401279999999994
0.05057616
0.04843217999999999
0.04580533
0.04247034
0.035962999999999995
0.026685539999999997
0.01892344
0.014682109999999998
0.01287938
0.01027777
0.004597075999999999
-0.0026657179999999996
-0.009315478999999998
-0.01181929
-0.008825203
3.386018E-4
0.013346259999999999
0.02566513
0.03292679
0.033440489999999996
0.02796765
0.01645566
-0.0026838929999999997
-0.02648721
-0.045019699999999996
-0.054037539999999995
-0.053186359999999995
-0.04503643999999999
-0.030313279999999998
-0.01029224
0.007289883
0.019608659999999997
0.025590039999999998
0.02609069
0.02313923
0.017721089999999995
0.008356408999999999
-0.00597498
-0.023328649999999996
-0.03771916
-0.04886154999999999
-0.05569521
-0.05702291999999999
-0.05350886
-0.0445425
-0.03041854
-0.01616783
-0.00547764
0.002180981
0.005900849999999999
0.0038627229999999998
-0.004199045
-0.0146343
-0.02105029
-0.02183409
-0.021262
-0.023638169999999997
-0.02912191
-0.03282913
-0.03084973
-0.022265059999999996
-0.008566374999999998
0.007322866999999999
0.019253749999999997
0.02196845
0.01780029
0.012141869999999999
0.007182898
0.003876184
9.318323999999999E-4
-0.002118732
-0.005856864999999999
-0.009295148999999999
-0.01030557
-0.006794269
7.311365999999998E-4
0.01164348
0.022757379999999997
0.027780569999999997
0.02428428
0.01385851
-2.626643E-4
-0.01226857
-0.01457051
-0.007236413999999999
0.006692615999999999
0.02110459
0.03188221
0.03936341
0.04427031
0.04606397
0.04428242999999999
0.039648829999999996
0.0316008
0.01840707
0.001045215
-0.011991619999999998
-0.018505
-0.02201168
-0.02461324
-0.024568859999999998
-0.020283109999999997
-0.012397579999999998
-0.002370206
0.0074290039999999995
0.014005039999999998
0.01482016
0.01127458
0.006727823
0.004899430999999999
0.006629788999999999
0.007883978999999998
0.005523647
4.141579E-4
-0.005046122999999999
-0.0071400909999999995
-0.004609616999999999
5.483130999999999E-7
0.0034927269999999997
0.0032171369999999997
5.376730999999999E-5
-0.004777938
-0.01059042
-0.01592724
-0.0194958
-0.020097919999999995
-0.01835166
-0.016645719999999996
-0.01501817
-0.012740489999999998
-0.009153391
-0.005473228
-0.0034582299999999996
-0.004229036
-0.006115487999999999
-0.006255736
-0.003939619
4.8134889999999997E-4
0.006821948999999999
0.013429
0.01830345
0.021779539999999997
0.023884349999999995
0.025162269999999997
0.02547809
0.02477603
0.02351101
0.022927779999999995
0.02407516
0.02635737
0.027749789999999996
0.02482446
0.017233869999999995
0.006339356
-0.007191066999999999
-0.014583189999999998
-0.014682459999999998
-0.013752279999999999
-0.01491986
-0.01727242
-0.018325819999999996
-0.01656298
-0.011865979999999998
-0.005864807
-0.001632405
-8.724577999999999E-4
-0.002129171
-0.002734664
-7.297388E-4
0.0036060489999999996
0.009039721
0.012647159999999998
0.01223106
0.0080645
0.001487232
-0.006493745999999999
-0.013792559999999999
-0.020334
-0.02556549
-0.02849449
-0.02967992
-0.029407679999999995
-0.027624189999999996
-0.02467695
-0.021281829999999998
-0.01817588
-0.014967639999999999
-0.01078891
-0.0064449799999999995
-0.004580575999999999
-0.006411130999999999
-0.01003331
-0.01171082
-0.009308102999999998
-0.004884463
-0.0027682349999999995
-0.0036807439999999997
-0.004728964
-0.002816435
0.0029576749999999995
0.010833029999999999
0.016565119999999996
0.0167958
0.0122734
0.007222042999999999
0.004512444
0.004631896
0.006880832999999999
0.009622527
0.0109002
0.008453417999999999
0.0021346179999999996
-0.008136874
-0.02002344
-0.027806649999999995
-0.030669009999999997
-0.031109009999999996
-0.03145662999999999
-0.031234609999999996
-0.028317249999999995
-0.02169534
-0.009413562
0.005756956
0.020204819999999995
0.03355529
0.04391599999999999
0.05249390999999999
0.06002849999999999
0.06290456
0.05793353
0.04553305
0.02594521
0.008622449999999999
-0.002351458
-0.007638668999999999
-0.008045907999999997
-0.00540715
-0.0026134179999999997
2.715543E-4
0.003855361
0.006358865
0.008204740999999998
0.009081164999999999
0.008689802999999998
0.007813200999999999
0.006795091999999999
0.005257557999999999
0.0031813949999999996
0.0020770929999999995
0.0034713379999999996
0.008084418
0.01486515
0.020147299999999996
0.019502359999999996
0.012705649999999999
0.001042837
-0.009591013
-0.018510109999999996
-0.022708889999999995
-0.022327699999999995
-0.021727939999999998
-0.021788299999999997
-0.020729049999999995
-0.01611315
-0.01030929
-0.007929366
-0.011445489999999997
-0.01921413
-0.028157769999999995
-0.03536795999999999
-0.0374163
-0.03432413
-0.027808329999999996
-0.01905094
-0.009459491
-3.76827E-4
0.007119618999999999
0.01279423
0.01885992
0.02565225
0.03122889
0.03566677
0.03884176
0.03943537
0.03721061
0.032976759999999994
0.02803612
0.023539399999999995
0.01725896
0.005093052999999999
-0.01276475
-0.02832432
-0.03757859
-0.03833394
-0.03251568999999999
-0.020879069999999996
-0.006579725
0.005234265
0.01190634
0.01366312
0.013310449999999998
0.01261519
0.011578289999999998
0.008637984
0.004293163
0.0012900139999999997
0.002087253
0.004961571
0.006181676999999999
0.004445856
8.103915E-4
-0.0036795319999999997
-0.008992524999999998
-0.015346939999999998
-0.021130289999999996
-0.02572905
-0.0302143
-0.034097859999999994
-0.0376608
-0.03875959999999999
-0.03664017
-0.03309681999999999
-0.030017009999999997
-0.02761529
-0.025666369999999997
-0.024094629999999995
-0.02301427
-0.022765379999999998
-0.02378627
-0.02534881
-0.025963459999999997
-0.0243722
-0.017536039999999996
-0.0035504139999999996
0.01846547
0.042210969999999993
0.056335609999999994
0.059597689999999995
0.05763705999999999
0.052176789999999994
0.03678446999999999
0.011019209999999998
-0.01656502
-0.03897489
-0.05758803
-0.07174495
-0.07779757
-0.07788714999999999
-0.07521673999999999
-0.07066292
-0.06264832
-0.04805422
-0.025404319999999998
-0.0029048179999999995
0.01734044
0.032008659999999994
0.03754419999999999
0.03539020999999999
0.028842079999999996
0.01965
0.008235149999999998
-0.004724822
-0.017127679999999996
-0.02651775
-0.032880019999999996
-0.03991255999999999
-0.046753499999999996
-0.0516024
-0.05276013999999999
-0.04922831
-0.041721509999999996
-0.03225703
-0.024272819999999997
-0.01936935
-0.01710526
-0.01675473
-0.017655019999999997
-0.01914895
-0.019296839999999996
-0.01718578
-0.012961889999999998
-0.007290911
-0.0018418129999999999
7.863477E-4
-1.152641E-4
-0.002789203
-0.004830965999999999
-0.0043041089999999995
-0.001950086
0.0018006249999999997
0.005820317
0.010245299999999999
0.01568465
0.02207318
0.029804349999999997
0.039249679999999995
0.04734276
0.05193282999999999
0.053184739999999994
0.050505869999999994
0.04592442
0.04321953
0.04406866
0.048203739999999995
0.05407176999999999
0.0604907
0.06690081
0.07241121999999998
0.07624813
0.07694222
0.07479946
0.07169340999999999
0.06738358
0.060796689999999994
0.05199953
0.04000403999999999
0.02602073
0.014701109999999998
0.007932129
0.004571486
0.0037946999999999994
0.005257974999999999
0.009408959
0.01476399
0.01959024
0.024197039999999996
0.030525309999999996
0.038734819999999996
0.048065319999999995
0.05813114999999999
0.06976803
0.08047609999999998
0.08957731999999999
0.09919562
0.10843899999999998
0.11617289999999998
0.1194459
0.1171451
0.11105679999999998
0.1028778
0.09372361
0.08361832999999999
0.07079168999999999
0.05573308999999999
0.04204757
0.030202859999999998
0.0195548
0.010887329999999999
0.00809931
0.01115556
0.014739919999999998
0.015126209999999998
0.013117989999999998
0.010878919999999999
0.008915677
0.008343346999999997
0.01000453
0.01384359
0.01956389
0.027107129999999997
0.03370552
0.03636
0.033720009999999995
0.025965939999999996
0.012984999999999998
-0.007432843
-0.03315065
-0.05343959
-0.06862822
-0.08131757
-0.09040495
-0.0938555
-0.08979022999999998
-0.07741953
-0.057611539999999996
-0.03245688
-0.00829971
0.008954039999999998
0.01764432
0.01601507
0.005628863
-0.011430309999999999
-0.033613599999999993
-0.055008379999999996
-0.06692797
-0.07085996999999998
-0.07299433
-0.07401092999999999
-0.07245472999999998
-0.06808323
-0.06188732999999999
-0.05603048
-0.05244968999999999
-0.05174536999999999
-0.05340728
-0.055473339999999996
-0.057612369999999996
-0.06014476999999999
-0.06301258999999998
-0.06595372
-0.0684484
-0.07025137999999999
-0.07112948
-0.07023201999999999
-0.06786307
-0.06370567999999999
-0.05707224999999999
-0.04941387999999999
-0.04365133999999999
-0.04233161
-0.0456058
-0.05405837
-0.06915329
-0.08587039999999999
-0.09785755999999998
-0.10306759999999998
-0.1024244
-0.0963183
-0.08316173
-0.06368568999999999
-0.038952969999999996
-0.013570129999999998
0.008226142999999998
0.02630229
0.037136709999999996
0.03961943999999999
0.03689122
0.031436759999999994
0.02205877
0.008156292
-0.004257119
-0.0113595
-0.013928709999999999
-0.014571889999999999
-0.014402919999999998
-0.010803489999999999
-0.0016167979999999998
0.01182233
0.02323111
0.03334734999999999
0.041011679999999995
0.04386461
0.04202611999999999
0.03669303
0.03156521999999999
0.02973139
0.03126894999999999
0.035326609999999994
0.04203682
0.04952077
0.05675829
0.06476699
0.07233975999999999
0.07662006999999998
0.07530817999999999
0.06950306
0.06194584999999999
0.05522588999999999
0.04959026999999999
0.043689059999999995
0.03424562
0.02298304
0.016568669999999997
0.015261239999999999
0.016235089999999997
0.018558919999999996
0.0229218
0.028286409999999998
0.031125479999999997
0.029759099999999997
0.0253351
0.0200286
0.013966319999999999
0.0035066429999999994
-0.013925359999999998
-0.029977909999999997
-0.04337684
-0.05384299
-0.05764038999999999
-0.0532575
-0.04111476
-0.022057259999999995
-0.003677469
0.013587909999999998
0.025171199999999998
0.02737342
0.024574619999999995
0.02036807
0.015348979999999998
0.007258885
-0.0034814199999999994
-0.016270979999999997
-0.02676235
-0.03242003
-0.03218724
-0.02709808
-0.018631259999999997
-0.009490263
-0.0019475269999999997
0.003586568
0.008417277999999999
0.012611429999999998
0.015966439999999995
0.018285189999999996
0.0181565
0.01464765
0.008753478
-1.696049E-4
-0.008446091999999999
-0.014351399999999999
-0.01843969
-0.02011047
-0.020032669999999995
-0.02069618
-0.02393295
-0.030242319999999996
-0.03764617
-0.04588734999999999
-0.05235396999999999
-0.05565106999999999
-0.05647284999999999
-0.055126329999999994
-0.052735529999999996
-0.049942249999999994
-0.046883219999999996
-0.042637539999999995
-0.0373046
-0.032460789999999996
-0.027850029999999998
-0.022696519999999998
-0.01692638
-0.009979486
-0.0015753759999999999
0.008524622
0.01938909
0.02599186
0.02654884
0.023666899999999998
0.0180608
0.0064621389999999996
-0.008623939
-0.022231169999999998
-0.029541019999999998
-0.030328119999999997
-0.028478399999999997
-0.027266629999999997
-0.02842238
-0.03198618
-0.03735023999999999
-0.04237474
-0.04386209
-0.04168059999999999
-0.03685882
-0.02901472
-0.01845627
-0.005328906999999999
0.006158446
0.0123267
0.01407017
0.013745339999999998
0.012813039999999998
0.010639609999999999
0.005997409
-0.0012239349999999998
-0.009024469
-0.014576299999999999
-0.01770907
-0.02015227
-0.0215733
-0.020282309999999998
-0.014386569999999998
-0.003097707
0.0131269
0.029562979999999996
0.043236989999999996
0.052636569999999994
0.05939095999999999
0.0656837
0.06989057999999998
0.07018705
0.06761393
0.06304423
0.056258039999999995
0.04606539
0.03144375
0.011067039999999998
-0.006772438999999999
-0.017429729999999997
-0.021287859999999995
-0.021237279999999997
-0.020454979999999998
-0.01844955
-0.014187639999999998
-0.008016631
-7.827787999999999E-4
0.007320703999999999
0.01499003
0.02161385
0.02695251
0.03147538
0.03594632
0.04181748999999999
0.04871162999999999
0.05523115
0.059185879999999996
0.05925621
0.05695406
0.05384517
0.04980656
0.04410052999999999
0.03632375
0.02598165
0.0147592
0.007244115999999999
0.003940023
0.0027651939999999995
6.764882999999999E-4
-0.0037245859999999998
-0.010215599999999998
-0.01767912
-0.024029199999999997
-0.028716339999999996
-0.03125489
-0.030916659999999995
-0.026728039999999998
-0.018129819999999998
-0.007497818999999999
0.002840424
0.011803689999999999
0.01759984
0.01915947
0.018710859999999996
0.01731645
0.01327074
0.005774316999999999
-0.004606536
-0.01625599
-0.027354539999999997
-0.03522487999999999
-0.03869494999999999
-0.03865549
-0.03642045
-0.03337915999999999
-0.029951479999999996
-0.025948809999999996
-0.02077177
-0.013591559999999999
-0.0036262139999999996
0.008644781999999998
0.02135586
0.030601339999999998
0.03288231
0.029310709999999997
0.021039779999999998
0.007127635
-0.009599425999999998
-0.02190669
-0.03184065999999999
-0.04082706
-0.047119219999999996
-0.04866340999999999
-0.04454378
-0.03474521
-0.02115996
-0.0059311089999999995
0.008131751
0.0188235
0.024758489999999998
0.025582549999999996
0.02275336
0.016353079999999996
0.006237629
-0.003762702
-0.008507237999999999
-0.006343777999999999
0.0010328119999999997
0.00950561
0.013642389999999999
0.011256009999999999
0.005153235
-0.002399733
-0.009326112
-0.01427238
-0.01665679
-0.017658079999999996
-0.01857204
-0.019210479999999995
-0.018608309999999996
-0.01607797
-0.01186327
-0.005320817
0.003979446
0.013945379999999999
0.02163175
0.025406289999999998
0.026010549999999997
0.02494226
0.0227376
0.01947238
0.014292769999999998
0.007210313
-3.3425489999999996E-4
-0.006614451999999999
-0.01098857
-0.01651792
-0.02712093
-0.04110953
-0.05387131999999999
-0.06271070999999999
-0.06510979
-0.06088763999999999
-0.05035105
-0.03500211999999999
-0.017822569999999996
-0.004765392
0.005357796999999999
0.01607931
0.0270849
0.039615349999999994
0.04960723999999999
0.05207519
0.04824623
0.04057971
0.028261099999999997
0.010949779999999998
-0.01184163
-0.030965279999999998
-0.03907916
-0.03812471
-0.03386819
-0.027770759999999995
-0.016361699999999996
0.0031192549999999996
0.023765289999999998
0.03589238
0.04048375
0.04175202
0.04120927
0.0389252
0.03525982999999999
0.030474729999999995
0.024754039999999998
0.020189269999999995
0.019030109999999996
0.02326565
0.03204238
0.04230960999999999
0.050349019999999994
0.05315675999999999
0.05142653999999999
0.046445539999999993
0.03677062999999999
0.023997309999999997
0.01360553
0.0065393479999999995
1.0399479999999998E-4
-0.007236817
-0.011302679999999999
-0.008962146999999998
-0.001571667
0.007944108
0.01538853
0.01718205
0.014347339999999998
0.010124999999999999
0.007731939
0.007893029
0.007988215
0.004857501
-0.0023524389999999996
-0.01312534
-0.025125949999999998
-0.03562347
-0.04078099
-0.038358909999999996
-0.028235319999999998
-0.01035651
0.010285319999999999
0.027415949999999998
0.03832694999999999
0.044189509999999994
0.046814159999999994
0.045240909999999995
0.03962349
0.030891459999999996
0.020932059999999995
0.012054799999999997
0.007555212
0.007243385
0.008287898999999998
0.008923689
0.008443984
0.007375901999999999
0.0061138979999999996
0.004051489999999999
-7.951668999999999E-4
-0.010304029999999999
-0.017617779999999996
-0.01690919
-0.009541159999999998
0.001394527
0.013155149999999997
0.023613339999999997
0.03199369
0.03725706
0.03906648
0.03770154
0.03396332
0.02882376
0.02330246
0.01802698
0.013359129999999999
0.009519144999999998
0.004481846999999999
-0.0029214099999999997
-0.013260219999999998
-0.02375492
-0.03286402
-0.039334009999999996
-0.04231385
-0.042732479999999996
-0.04133663
-0.03907031
-0.03575255
-0.030060049999999998
-0.02203032
-0.01361083
-0.0073713749999999995
-0.004818101
-0.004111781
-0.0031956889999999994
-8.235510999999999E-4
0.0017659309999999999
0.001750059
-0.002074473
-0.010452809999999998
-0.02345864
-0.03600916
-0.04395297
-0.04608204999999999
-0.04550770999999999
-0.04627153
-0.049063079999999995
-0.05303595999999999
-0.05702557999999999
-0.06003571
-0.06233281
-0.06397103
-0.06432919999999999
-0.06317793
-0.06065501
-0.05668657999999999
-0.050285069999999994
-0.04375751
-0.03883359
-0.034757899999999994
-0.030596929999999998
-0.02712126
-0.026482189999999996
-0.027626019999999998
-0.02786522
-0.024412659999999996
-0.015538679999999997
-0.0011068359999999997
0.01536359
0.029597199999999997
0.04017569
0.046288609999999994
0.047496819999999995
0.04539849
0.04042469
0.033019089999999994
0.023375599999999996
0.013557379999999999
0.006693032999999999
0.004566472999999999
0.007993497999999998
0.016872989999999997
0.029845289999999997
0.04384998
0.05559365
0.06585958
0.07522980999999998
0.08082797999999998
0.08109107
0.07611963
0.06787561
0.05716082
0.04692730999999999
0.04052181999999999
0.03735854
0.03501384
0.03233892
0.029715919999999996
0.02852393
0.029349419999999998
0.03122394
0.03327334
0.03531929999999999
0.03829309999999999
0.04245689999999999
0.04733514
0.05154316
0.05295794
0.04994670999999999
0.04306165
0.03235733999999999
0.017881229999999998
9.527258999999998E-4
-0.013815119999999998
-0.02459413
-0.028263179999999995
-0.02437034
-0.01593624
-0.005805443
0.0035968919999999995
0.008331139
0.007737567999999999
0.005744246
0.0037281879999999995
-2.839577E-4
-0.009494035999999999
-0.02174962
-0.029323849999999995
-0.029455279999999997
-0.02544181
-0.01986637
-0.014365679999999999
-0.0116209
-0.012549579999999998
-0.01662111
-0.022997159999999996
-0.030648009999999996
-0.036620589999999995
-0.040951829999999995
-0.04571586
-0.05077658
-0.0543037
-0.054150939999999995
-0.050156059999999995
-0.04317371999999999
-0.03500676999999999
-0.027752419999999996
-0.022233279999999998
-0.020054139999999998
-0.0208673
-0.02250362
-0.024128379999999998
-0.025987709999999997
-0.030110379999999996
-0.03600124999999999
-0.041460149999999994
-0.04518081999999999
-0.04725554999999999
-0.04843711999999999
-0.04928787999999999
-0.04971775999999999
-0.048922589999999995
-0.04646195999999999
-0.0431121
-0.03994213
-0.0368953
-0.03234412
-0.0251628
-0.01801276
-0.01343014
-0.011852759999999999
-0.01243288
-0.01358074
-0.01560934
-0.01751878
-0.018391249999999998
-0.01811392
-0.01673301
-0.014755049999999999
-0.01190653
-0.005578685999999999
0.006758267999999999
0.021881539999999998
0.03530606
0.04553367
0.05337905
0.05798452999999999
0.058294969999999995
0.05439142
0.04739123
0.03728603
0.026449939999999998
0.016875719999999997
0.007720361999999999
-0.0014218739999999998
-0.011320679999999998
-0.019534139999999995
-0.02243964
-0.01926865
-0.012997569999999998
-0.007177473999999999
-0.0034702529999999995
-0.002088633
-0.0018991349999999997
-0.0016779179999999998
9.140593E-4
0.005965357999999999
0.01253218
0.02224423
0.03523664
0.04662838999999999
0.053678619999999996
0.05634445999999999
0.05579079
0.054066449999999995
0.052053959999999996
0.05007870999999999
0.046802189999999994
0.040915959999999994
0.03080924
0.01518414
-1.8194299999999998E-4
-0.01189551
-0.02372775
-0.0342373
-0.041512639999999996
-0.04520361999999999
-0.04464193
-0.03990149
-0.03237498999999999
-0.022032129999999997
-0.01021593
-1.506658E-4
0.005582628
0.007648369
0.008085071999999999
0.007098417999999999
0.0032467919999999996
-0.005234211999999999
-0.01794144
-0.030351249999999996
-0.039952619999999994
-0.04642454
-0.048906059999999994
-0.04701684
-0.04118586
-0.032118009999999995
-0.023406259999999998
-0.01805019
-0.01611136
-0.015849789999999996
-0.01428824
-0.010204839999999998
-0.0034014599999999994
0.005619834999999999
0.017105539999999995
0.030353249999999995
0.04129255
0.04937638999999999
0.05596279999999999
0.06034632999999999
0.06276535
0.06319526
0.061380149999999994
0.05698616
0.04816416
0.03139368
0.011080589999999998
-0.0063426789999999995
-0.01866374
-0.02490887
-0.025083879999999996
-0.02075987
-0.01407296
-0.007500319
-8.633906999999999E-4
0.006446467
0.014116389999999998
0.02414377
0.03566915999999999
0.04539636999999999
0.05054492
0.05102353
0.04863417
0.045367779999999996
0.04049983
0.032697189999999994
0.019772799999999997
0.003946555
-0.01403085
-0.028079059999999996
-0.0350202
-0.03557815
-0.03277281
-0.02873966
-0.023879389999999997
-0.018813349999999996
-0.014788099999999998
-0.01394943
-0.015739479999999997
-0.01882075
-0.02136006
-0.021386499999999996
-0.017205809999999995
-0.007431107
0.007116956999999999
0.02337837
0.03726533
0.04763078999999999
0.054465889999999996
0.058248079999999994
0.05941874999999999
0.05877838999999999
0.05617722
0.050600929999999995
0.0410219
0.02772445
0.01187026
-0.0061810649999999995
-0.022401769999999998
-0.03212099999999999
-0.03369619
-0.029473739999999995
-0.025277719999999997
-0.02510364
-0.02856258
-0.034175609999999995
-0.0420584
-0.04906951999999999
-0.052748279999999995
-0.05355188999999999
-0.053527
-0.05490496999999999
-0.05656129
-0.05644231999999999
-0.05336899999999999
-0.04889084999999999
-0.04442283999999999
-0.04007852
-0.03661455999999999
-0.03517955
-0.03531449999999999
-0.03565583
-0.03394978
-0.029980769999999997
-0.025635199999999997
-0.020714689999999997
-0.01586609
-0.01439899
-0.01646575
-0.019960519999999995
-0.023447779999999998
-0.0266236
-0.028188989999999997
-0.027732419999999997
-0.02594756
-0.02369342
-0.021766599999999997
-0.019877629999999997
-0.017162979999999998
-0.01307393
-0.007992468
-0.001991023
0.004765435999999999
0.01277567
0.02090235
0.027163379999999997
0.03135258
0.03437379
0.03629092
0.03623591999999999
0.03380447
0.02976218
0.02511806
0.01830501
0.01015376
0.005993271999999999
0.006907705999999999
0.012097249999999999
0.02097711
0.03114149
0.03844419999999999
0.04132726
0.042146199999999995
0.04307333
0.04368617
0.04271402
0.03959728999999999
0.03549814
0.03303812
0.033060519999999996
0.03471632999999999
0.03737012
0.04052083
0.04302258999999999
0.04291071999999999
0.03955176
0.03413643
0.027613229999999996
0.021039269999999995
0.014331979999999998
0.007065023999999999
0.0012466119999999998
-0.0012321629999999999
-6.015917E-5
0.003067975
0.007071699
0.012137269999999999
0.0168969
0.02147651
0.027612269999999998
0.03490615
0.04042006
0.04300731
0.04585778
0.05010204
0.05384644999999999
0.05521696999999999
0.05320940999999999
0.04852729
0.04361320999999999
0.03863438
0.03362745
0.02805758
0.019193469999999997
0.005067699999999999
-0.01129312
-0.025316879999999996
-0.034521
-0.04081413999999999
-0.04506422
-0.048643519999999996
-0.051288179999999996
-0.05246817
-0.05296639
-0.05211646999999999
-0.048798869999999994
-0.043866539999999996
-0.040355089999999996
-0.04000341
-0.040488699999999996
-0.04055671
-0.04018471
-0.03945388999999999
-0.03952974
-0.04095380999999999
-0.04340264
-0.04557588
-0.04592689999999999
-0.044331079999999995
-0.04030427
-0.03301053999999999
-0.024815159999999996
-0.019360009999999997
-0.01790372
-0.018741769999999998
-0.020587389999999997
-0.02335982
-0.02901479
-0.03779430999999999
-0.044776689999999994
-0.05084436
-0.05786874
-0.06283013
-0.06373975
-0.06300976
-0.060418519999999996
-0.05503684
-0.04886446999999999
-0.04282990999999999
-0.03596097999999999
-0.027420199999999995
-0.018550679999999996
-0.01114911
-0.006885892999999999
-0.005772516
-0.006104349
-0.006885860999999999
-0.008270558
-0.012297239999999997
-0.019070909999999996
-0.02654808
-0.03249055
-0.035422239999999994
-0.033510469999999994
-0.02613149
-0.015453929999999998
-0.005052409
8.246714E-4
0.0013730579999999997
-1.781234E-4
-0.0014288969999999997
-0.0028257889999999996
-0.005889581999999999
-0.009799801
-0.01413951
-0.018731869999999998
-0.021497419999999996
-0.02115004
-0.017381369999999997
-0.0102179
1.2176309999999999E-4
0.009415106999999999
0.015071569999999998
0.01812454
0.020688689999999996
0.02460009
0.029193839999999995
0.03286728999999999
0.03446835
0.034748949999999994
0.03562654999999999
0.03818488
0.04208916
0.046870239999999994
0.0524595
0.05779282
0.06267394
0.06698892
0.07062304999999999
0.07366322
0.07580858
0.07632481
0.07458298
0.07061417999999998
0.06444236
0.05822653999999999
0.05137342
0.04606960999999999
0.043023589999999994
0.04141788999999999
0.0412501
0.04177216
0.04231504999999999
0.0426951
0.04319546
0.04373741999999999
0.042709949999999997
0.039220689999999996
0.03358434
0.0269933
0.019116849999999998
0.014501599999999998
0.014625129999999998
0.01698116
0.01969458
0.026468459999999996
0.03629944
0.04524712
0.0514049
0.054802149999999994
0.055573559999999994
0.053054649999999995
0.048855359999999994
0.041635229999999995
0.031194029999999998
0.020975169999999998
0.015998869999999995
0.01642191
0.01871627
0.01954585
0.01798122
0.013833709999999999
0.009077011
0.0038067009999999996
-0.0021391349999999995
-0.010018
-0.016641899999999998
-0.019509529999999997
-0.02064249
-0.02309429
-0.02826811
-0.03518178999999999
-0.04101911999999999
-0.04515022999999999
-0.0483386
-0.05073866
-0.05198794
-0.05194051999999999
-0.05219701999999999
-0.052905839999999996
-0.052511989999999995
-0.048892559999999995
-0.04125288
-0.030961709999999996
-0.02000954
-0.010497199999999998
-0.003955961
-5.226200999999999E-4
-6.700538999999999E-5
-0.0015516249999999998
-0.003114895
-0.004298544
-0.006411007
-0.010878849999999999
-0.01728529
-0.023698779999999996
-0.02762424
-0.028382499999999998
-0.026219369999999995
-0.022914329999999997
-0.01903589
-0.015032919999999998
-0.012714919999999998
-0.01212929
-0.01279522
-0.01399785
-0.014073709999999998
-0.01311188
-0.01177489
-0.01115212
-0.011652379999999999
-0.01270983
-0.014473399999999999
-0.015226709999999997
-0.01354594
-0.009827905999999999
-0.005956476999999999
-0.002378966
-3.582734E-4
-4.1738189999999996E-4
-0.001528955
-0.0026233659999999994
-0.0034067509999999995
-0.004148995
-0.005599433
-0.008883218999999998
-0.013228169999999997
-0.016779069999999997
-0.01712078
-0.013553179999999998
-0.006513019999999999
0.0032591659999999995
0.014756929999999998
0.02362213
0.027452389999999997
0.027332519999999996
0.02519103
0.02191286
0.01793138
0.013680619999999998
0.009791084
0.005433161
6.285317E-4
-0.0036340109999999995
-0.007252661999999999
-0.009037118999999998
-0.008380644
-0.004383287
0.0020576329999999997
0.009281684999999998
0.014156559999999999
0.015796159999999997
0.01642045
0.017914849999999996
0.020412019999999996
0.02339105
0.02634162
0.02776665
0.02623036
0.022473499999999997
0.01747335
0.010399799999999999
0.001709235
-0.004655972999999999
-0.006437711
-0.005824753999999999
-0.006330491999999999
-0.008893716
-0.01095766
-0.01144934
-0.01092016
-0.01053784
-0.010691589999999999
-0.011095499999999998
-0.01136613
-0.010413999999999998
-0.006999798999999999
-0.001863439
0.004129392999999999
0.008438131
0.008837553999999997
0.004876329
-0.0010543469999999997
-0.008093636999999999
-0.0168277
-0.0231721
-0.02636294
-0.026924089999999998
-0.02599727
-0.02565732
-0.026145429999999997
-0.02692965
-0.02743536
-0.02737062
-0.02654136
-0.025443919999999995
-0.02361898
-0.021671089999999997
-0.020516439999999997
-0.020097809999999997
-0.019180389999999995
-0.01709117
-0.01501053
-0.013398049999999998
-0.01113655
-0.008249757999999998
-0.004955366
-0.001592492
0.0018906719999999997
0.005759122999999999
0.00957743
0.012763719999999997
0.015253009999999997
0.017955809999999996
0.01973486
0.01953686
0.0168408
0.01261929
0.006959495999999999
8.417150999999999E-4
-0.004839489999999999
-0.010431639999999999
-0.01610423
-0.021050679999999995
-0.02280475
-0.02193042
-0.02065026
-0.018857709999999996
-0.015487579999999999
-0.01042305
-0.004185374
0.0022868399999999996
0.008588041999999999
0.01317031
0.016661319999999997
0.02139057
0.027232159999999995
0.031201989999999995
0.03154384
0.029113389999999996
0.026244609999999998
0.023330229999999997
0.021201309999999998
0.019356249999999995
0.016434489999999996
0.012133369999999997
0.007633387
0.0034099299999999994
-0.002196679
-0.008082557999999998
-0.0139294
-0.018777059999999998
-0.019994409999999997
-0.01824497
-0.014526299999999999
-0.009511554999999998
-0.004134141
0.002388011
0.00860791
0.01369372
0.018473059999999996
0.022198279999999997
0.023549069999999995
0.02227291
0.01921064
0.013830759999999998
0.007638331999999999
0.0021016649999999995
-0.002946133
-0.007164238
-0.010704759999999999
-0.012978399999999998
-0.01314946
-0.0115717
-0.009728016
-0.007984409
-0.005063270999999999
-1.243865E-4
0.0061909439999999994
0.013019899999999997
0.019174
0.02277551
0.02420865
0.0250002
0.024269709999999996
0.0205398
0.01517462
0.0107969
0.009195131
0.010797139999999998
0.01329921
0.014108169999999998
0.012487489999999999
0.009269983999999998
0.0065291049999999995
0.005741855
0.0065888249999999995
0.007560363
0.007725907999999999
0.006486486
0.0026425019999999997
-0.004285748
-0.01085881
-0.01316475
-0.01183249
-0.009676478
-0.008002099
-0.007087860999999999
-0.007781676999999999
-0.011059769999999998
-0.016337069999999995
-0.02140563
-0.024573409999999997
-0.024791749999999998
-0.023154119999999997
-0.02056183
-0.01745997
-0.015538019999999998
-0.015551869999999999
-0.01652535
-0.01660424
-0.01550877
-0.013566729999999999
-0.011401479999999999
-0.009089927
-0.006184449999999999
-0.00248873
0.0010437389999999997
0.0037964719999999995
0.006169700999999999
0.008122341
0.008871326999999998
0.007976908999999999
0.004721008999999999
-9.654720999999999E-4
-0.0077038359999999995
-0.014604509999999998
-0.02058488
-0.026330379999999997
-0.03191559
-0.035175099999999994
-0.03576637
-0.03468626
-0.03260304
-0.029153879999999997
-0.0232383
-0.013272129999999998
0.0023880029999999997
0.019823419999999998
0.03307598
0.03974846
0.03999529
0.03691484
0.03198076
0.024393429999999997
0.01415274
0.006516856
0.0028450339999999998
-0.001373498
-0.008201634999999999
-0.01427181
-0.016459179999999997
-0.01518395
-0.012198579999999999
-0.008646616
-0.006048791999999999
-0.005533933
-0.00642944
-0.008007632
-0.009131743
-0.009898623999999998
-0.009927471999999998
-0.008841634999999999
-0.007186924999999999
-0.005148298999999999
-0.002749
-6.574542999999999E-4
0.001594432
0.004707896999999999
0.009293076
0.01425679
0.01758609
0.01784843
0.01618783
0.01535474
0.016052399999999998
0.01782979
0.019703289999999995
0.02120114
0.022331699999999996
0.023077879999999995
0.02330549
0.022611259999999998
0.02144725
0.020773989999999996
0.02086843
0.020984749999999996
0.02032936
0.018043119999999996
0.01410698
0.009546645
0.005695529
0.0018449849999999997
-0.002135749
-0.006234573999999999
-0.009735723
-0.01224832
-0.014215339999999998
-0.01595044
-0.01862287
-0.02178555
-0.02422851
-0.025689359999999998
-0.026002939999999995
-0.024821889999999996
-0.02207779
-0.01844533
-0.014958059999999999
-0.0118686
-0.008777853
-0.005310837999999999
-0.0014477429999999998
0.002309525
0.005494821999999999
0.006751949
0.006382058
0.005583466999999999
0.004867978999999999
0.004705065
0.004835908
0.005096063
0.0047427269999999995
0.0033029639999999994
0.0012049149999999998
-6.448511999999998E-4
-0.00222777
-0.0038671319999999997
-0.006920949
-0.01211787
-0.01946862
-0.024222619999999997
-0.02485066
-0.023442249999999998
-0.02078999
-0.01656586
-0.01160429
-0.007096892999999999
-0.0036692089999999997
-0.0010303579999999999
8.870316999999998E-4
0.001209586
2.816408E-4
-5.699417E-4
-2.0172849999999998E-4
0.001962692
0.005708958
0.010316609999999999
0.0149885
0.01789178
0.017820049999999997
0.015696229999999995
0.012026879999999998
0.00785677
0.004526232999999999
0.0019254669999999997
5.2233509999999995E-5
-0.001130475
-0.0017477309999999998
-0.0020568209999999995
-0.0022186089999999994
-0.002938924
-0.004360725
-0.006070299999999999
-0.007142656
-0.007150353
-0.006007754999999999
-0.0038354359999999994
-3.579487E-4
0.0036948659999999998
0.007032701999999999
0.00943504
0.010708409999999998
0.01044825
0.009075961
0.007083487999999999
0.004515761
0.001383816
-8.212066999999999E-4
-7.656124999999999E-4
0.001658794
0.006024786999999999
0.011194729999999998
0.01401242
0.01346007
0.01102589
0.008745741
0.00747166
0.006501896
0.006208504999999999
0.006561474999999999
0.006629883999999999
0.005662432
0.003687597
0.001054812
-0.001648051
-0.004290893999999999
-0.007079402
-0.009670201
-0.012027279999999998
-0.013618629999999998
-0.014069809999999999
-0.013221069999999998
-0.01052308
-0.005348224999999999
0.001633292
0.008785979999999999
0.013553099999999998
0.014415159999999998
0.012733609999999998
0.01024481
0.007672122
0.005226028999999999
0.0037032769999999996
0.002518076
8.849583E-4
-0.001144074
-0.002003244
-8.369942E-5
0.003971161
0.007723337
0.009494246
0.010306479999999998
0.011040129999999999
0.010798829999999999
0.008678533999999998
0.005563815999999999
0.0033451679999999995
0.001914839
2.7216189999999997E-4
-0.002120186
-0.004238414999999999
-0.005216147
-0.005291517999999999
-0.004872524
-0.004152272
-0.003253276
-0.0018135579999999998
8.914566E-4
0.005009333
0.009143419999999998
0.011592259999999998
0.013029459999999998
0.014406209999999997
0.014506719999999999
0.012609379999999998
0.0092243
0.0058956699999999996
0.003908517
0.0026542929999999994
4.659276E-4
-0.0029003389999999996
-0.00551542
-0.0067356659999999995
-0.007489914999999999
-0.007999857
-0.007011987999999999
-0.003696751
4.996606E-4
0.0028411219999999997
0.003203012
0.002740052
0.002094351
0.0016274319999999998
0.0017126509999999997
0.002070523
0.0025181599999999998
0.003121752
0.003610425
0.004154952
0.005541440999999999
0.0075294129999999996
0.009217721
0.010199439999999999
0.010738309999999997
0.01040065
0.008500713
0.004873963999999999
-6.956393999999999E-4
-0.005665706999999999
-0.007230578999999999
-0.005089717
-7.499386E-4
0.0033770529999999997
0.005814311999999999
0.007028019999999999
0.008214528999999998
0.009380521999999999
0.010540769999999998
0.01100599
0.01015745
0.007450965
0.0021487329999999995
-0.005830818
-0.01483019
-0.024302489999999996
-0.03107034
-0.03372645
-0.03356368
-0.03234341
-0.029873379999999998
-0.025592259999999995
-0.018720249999999997
-0.01105617
-0.0033960409999999994
0.0034419379999999994
0.00870377
0.01204821
0.013154989999999998
0.012600289999999998
0.01027378
0.006867502999999999
0.0016725219999999999
-0.004083135999999999
-0.009171854999999998
-0.013566949999999998
-0.01797068
-0.021522179999999995
-0.023278379999999998
-0.024428249999999995
-0.024668239999999998
-0.02364651
-0.02176904
-0.019511489999999996
-0.01713046
-0.01420897
-0.010816149999999998
-0.007101535
-0.0037725409999999995
-0.0020691679999999997
-0.0011342189999999997
4.2351659999999996E-4
0.0031423579999999996
0.007652643999999999
0.01328122
0.01780891
0.019795579999999997
0.0188634
0.01636288
0.01291492
0.009246467999999999
0.0056434119999999996
0.002078884
-9.444537999999999E-4
-0.0038856869999999996
-0.005391101999999999
-0.004203092
-9.500722999999999E-4
0.004053878
0.009743235999999999
0.01385159
0.01575558
0.0176993
0.02104172
0.024379979999999996
0.026135459999999996
0.02586663
0.02369043
0.02049665
0.016551849999999996
0.012344499999999998
0.007736609999999999
0.0027189699999999994
-0.001555521
-0.004369262
-0.006086929
-0.007822912999999999
-0.008902632
-0.008898391999999998
-0.008176947
-0.007004553
-0.006018054999999999
-0.005831211999999999
-0.006859310999999999
-0.009072213999999999
-0.01172914
-0.014966469999999999
-0.018160149999999996
-0.020342
-0.02152418
-0.021506809999999998
-0.020602549999999997
-0.01937128
-0.01793926
-0.0161197
-0.01407128
-0.01164767
-0.008641133
-0.005453329999999999
-0.0031254379999999995
-0.001658234
-0.001175696
-0.001877726
-0.0037446829999999995
-0.006086240999999999
-0.008144139999999998
-0.009741991
-0.011271239999999998
-0.013314999999999999
-0.015336719999999998
-0.016921489999999997
-0.017787419999999998
-0.01702298
-0.014105569999999998
-0.010134799999999998
-0.00597741
-0.00172722
0.0025482919999999997
0.006333858999999999
0.009867928999999998
0.013575929999999998
0.01737161
0.020896899999999996
0.02342051
0.02406608
0.0224822
0.018380829999999997
0.01090937
0.001445013
-0.006798072
-0.01161762
-0.01299758
-0.012310089999999997
-0.01066635
-0.008071577999999998
-0.005067984999999999
-0.0034625839999999995
-0.0036010489999999994
-0.005053864999999999
-0.006529566999999999
-0.006941589
-0.006304639999999999
-0.004760405
-0.002407037
4.838412999999999E-5
0.0023998759999999996
0.004147866
0.004473369999999999
0.003284456
0.001303953
-5.466012E-4
-0.001798814
-0.0021650409999999995
-0.002029079
-0.001542039
-7.14359E-4
2.725919E-4
0.002189947
0.005503732
0.007958831
0.008048391
0.006508682
0.00460969
0.0027487229999999994
0.002033063
0.003275884
0.006090069
0.008676566
0.009915012
0.009920639999999998
0.009413054999999998
0.009893997999999998
0.011365459999999999
0.01356177
0.01642665
0.019387919999999996
0.022044709999999995
0.023356259999999997
0.02336623
0.021500299999999996
0.01821663
0.014891479999999999
0.01187387
0.008959194
0.0060592039999999995
0.003412436
7.263176E-4
-0.0023790539999999994
-0.005258890999999999
-0.007022107999999999
-0.007858553
-0.007921840999999999
-0.006942606999999999
-0.004382210999999999
-6.71286E-4
0.003314085
0.006816613
0.009830655
0.012594669999999999
0.015580209999999999
0.017603439999999998
0.0173663
0.014605949999999998
0.010345769999999999
0.005437329
7.614385E-4
-0.003001588
-0.004836982
-0.004606074999999999
-0.004059339
-0.004519815999999999
-0.0052608559999999995
-0.005341557
-0.004752587999999999
-0.003816063
-0.0025532499999999995
-1.1357649999999999E-4
0.0028688889999999995
0.006305393999999999
0.010195759999999998
0.01207602
0.012924579999999998
0.014081159999999999
0.014752799999999998
0.014514839999999998
0.013595929999999999
0.01211285
0.01002258
0.007796567999999999
0.005805348999999999
0.004117159
0.002466948
2.4048809999999997E-4
-0.0020650139999999996
-0.004601344
-0.0069075329999999996
-0.008247069
-0.00883112
-0.008435435999999998
-0.006446087
-0.002951167
0.0011436569999999997
0.004544313
0.007800449999999999
0.010670929999999999
0.01268326
0.01450597
0.01573061
0.015576019999999998
0.013707219999999999
0.010565079999999998
0.006333883999999999
0.0014386959999999997
-0.0032575249999999994
-0.006898693
-0.008133252
-0.006848933999999999
-0.003044727
0.002426645
0.005987555999999999
0.006352310999999999
0.005074280999999999
0.0032227609999999998
1.472459E-4
-0.0044700389999999994
-0.01022583
-0.01567279
-0.020011419999999995
-0.02258593
-0.02346297
-0.022782939999999998
-0.021220199999999998
-0.01915288
-0.01724442
-0.0154593
-0.014320089999999999
-0.01403961
-0.01289207
-0.010208239999999999
-0.006177224999999999
-0.001379957
0.0031675619999999996
0.0061383359999999994
0.006864066
0.006825893999999999
0.007613665999999999
0.009394719999999999
0.01129899
0.012009169999999998
0.01034876
0.006404471999999999
2.038697E-4
-0.0071908399999999996
-0.01505863
-0.02100325
-0.023654529999999997
-0.024136059999999997
-0.024035669999999995
-0.024341759999999997
-0.02465118
-0.023853069999999997
-0.02133557
-0.01747203
-0.013129609999999998
-0.00850214
-0.004538317
-0.002118874
-0.001145581
-0.001042254
-0.0015737549999999998
-0.0024951059999999995
-0.003426852
-0.0043650189999999995
-0.005248985
-0.006172592
-0.00721206
-0.007638160999999999
-0.006297144
-0.0033943099999999998
4.15429E-4
0.004260803
0.007423396999999999
0.009149127
0.009287584
0.007777555999999999
0.004637446
8.104144E-4
-0.002506337
-0.004545825
-0.004408068999999999
-0.0027756589999999998
-7.949626999999999E-4
0.0011262549999999998
0.0026264219999999994
0.003740131
0.004335545999999999
0.004617011999999999
0.004724072999999999
0.004388659
0.0036275929999999997
0.002309069
0.001124751
7.577051999999999E-4
0.001413343
0.002641401
0.003200187
0.0028341059999999994
0.001901406
0.001161795
0.0012380589999999997
0.002496287
0.0037745559999999997
0.004999403
0.006409447999999999
0.00781466
0.008505073999999998
0.008472447
0.007859777
0.007303624999999999
0.007139829999999999
0.007457110999999999
0.007903594
0.0077627619999999994
0.0072186049999999995
0.0069231069999999995
0.007013760999999999
0.006576181
0.004851989
0.002415088
2.1942619999999998E-4
-7.233536999999998E-4
-6.534543999999998E-4
4.522412999999999E-4
0.002248388
0.003368341
0.002973737
0.001037851
-0.0015771959999999997
-0.003983454
-0.005519429
-0.005497777
-0.003927977
-0.00118845
0.00109408
0.004377178
0.008838224
0.01267028
0.015020089999999998
0.01587856
0.01589893
0.01536308
0.013556959999999998
0.01042013
0.006699078999999999
0.002830437
-5.953989999999999E-4
-0.0026565119999999998
-0.002380656
6.747719E-4
0.0054334019999999995
0.00957311
0.01095205
0.00903471
0.005111705
6.555128E-5
-0.004962949999999999
-0.00866709
-0.010107409999999999
-0.010876689999999998
-0.0118481
-0.0122415
-0.011637499999999999
-0.009789802
-0.007959159
-0.006560869999999999
-0.005886035
-0.005581656999999999
-0.005705276
-0.007505336
-0.01046212
-0.011617479999999998
-0.009862002999999998
-0.007042635
-0.00418441
-0.002297102
-0.0014625849999999998
-0.00105826
-4.117071E-4
-6.337623999999998E-7
-1.0356549999999998E-4
-1.831495E-4
1.725716E-4
0.0010914949999999998
0.001755724
0.0015512839999999998
6.939816E-4
-8.848693999999999E-4
-0.0027402059999999994
-0.005346578
-0.00821962
-0.010239779999999999
-0.010738629999999999
-0.009388131
-0.006706978999999999
-0.0029293029999999994
0.00162839
0.0056322099999999995
0.0076632029999999995
0.007819992
0.007295021
0.006133279
0.00380093
-6.129068E-5
-0.0048901759999999996
-0.009211315999999999
-0.012068889999999999
-0.012706259999999999
-0.011540499999999999
-0.009074697999999999
-0.006411622999999999
-0.003852479
-0.0020994059999999994
-0.001419572
-0.001205407
-0.00167576
-0.003126677
-0.004752285
-0.005171635
-0.003991511
-9.535817999999998E-4
0.003329393
0.007741185
0.01219301
0.01629378
0.020636619999999998
0.0246665
0.027265409999999997
0.028033489999999998
0.027407649999999995
0.0263596
0.02521439
0.023167129999999998
0.020348109999999996
0.016887969999999995
0.01310804
0.008383095
0.0028761359999999996
-0.003040782
-0.007596927
-0.008107709999999999
-0.005577832
-0.001971421
0.0013918539999999999
0.003948421
0.004972622
0.005164994
0.005541594
0.005966076
0.0063463999999999994
0.006958942
0.007223771999999999
0.006263451999999999
0.004387378
0.0020505309999999995
-2.1714449999999996E-4
-0.0019503809999999997
-0.003186038
-0.004556887999999999
-0.006101321999999999
-0.007013270999999999
-0.007321696
-0.007686285
-0.008307676
-0.008594801
-0.008060359
-0.007196677999999999
-0.006186302
-0.0055310229999999995
-0.005102473999999999
-0.005021723999999999
-0.005544583
-0.006216704
-0.006975617999999999
-0.006554872999999999
-0.004296458999999999
-0.002174179
-0.001359747
-0.002209685
-0.004490664
-0.008440444
-0.012549429999999999
-0.014634619999999997
-0.014225679999999997
-0.01201784
-0.009173865
-0.006619332
-0.004206623
-0.002152363
-6.981591E-4
-3.349517E-5
-2.7150749999999994E-4
-3.842675E-4
-1.682324E-4
1.2000719999999999E-4
1.426844E-4
3.435278999999999E-4
6.474942999999999E-4
3.8726339999999997E-4
-3.707299E-4
-0.001795598
-0.0037919069999999997
-0.0052055159999999994
-0.005633999999999999
-0.004868263999999999
-0.0037242659999999995
-0.0026668859999999994
-8.063381E-4
0.0018513939999999997
0.004728229
0.007190444999999999
0.00818359
0.0080234
0.007231343999999999
0.006096223999999999
0.004559941999999999
0.0024947519999999994
6.855955999999999E-4
-5.470456999999999E-4
-0.0028321069999999995
-0.006427671
-0.010439629999999998
-0.01384214
-0.01618788
-0.01782301
-0.017408769999999997
-0.014955709999999999
-0.01156768
-0.008128239
-0.005281688
-0.002739426
-8.201346E-4
5.576467999999999E-4
0.0013543419999999997
0.0015442859999999997
0.001442933
0.001157068
3.77594E-4
-0.00106796
-0.0029903179999999996
-0.006001208
-0.008924636
-0.011779889999999998
-0.01391144
-0.01544483
-0.01617733
-0.01545651
-0.01350319
-0.010622229999999998
-0.006659460999999999
-0.002039135
0.002588024
0.006420064
0.008616275
0.009681009
0.009983646999999998
0.008956379
0.006667621999999999
0.003981623
0.0018756599999999997
0.0010475709999999997
0.001644766
0.0030786059999999994
0.004491758
0.005746522
0.007377795999999999
0.009330842999999998
0.011329499999999998
0.013371329999999999
0.01586422
0.017766469999999996
0.01859798
0.018702109999999997
0.017907619999999996
0.0163726
0.014095259999999998
0.01069568
0.005845225999999999
-1.0886029999999999E-4
-0.006337063999999999
-0.01171165
-0.015390579999999997
-0.01658578
-0.01575698
-0.01358452
-0.01035048
-0.006757666999999999
-0.0036952429999999995
-0.001293838
7.935932999999999E-4
0.002955574
0.0048197199999999996
0.006097698999999999
0.006533488999999999
0.005992479999999999
0.005044035999999999
0.004005064
0.0029518439999999995
0.001643758
-1.857945E-5
-0.002581173
-0.006298333999999999
-0.009729680999999999
-0.012876179999999997
-0.014791019999999998
-0.01497641
-0.014065529999999998
-0.01223652
-0.009621643999999999
-0.006243052
-0.004935018999999999
-0.005176499999999999
-0.005099019999999999
-0.004832796999999999
-0.004640688999999999
-0.00437581
-0.0038130019999999994
-0.003563767
-0.004197518
-0.005595593999999999
-0.007256980999999999
-0.008394927
-0.009313101
-0.009884295999999999
-0.010109099999999998
-0.01023523
-0.01021021
-0.01044799
-0.01013256
-0.008209634999999998
-0.004985201999999999
-0.0010891959999999997
0.0033214639999999997
0.007112964
0.00920802
0.009911148999999998
0.010419169999999998
0.011161859999999997
0.01159598
0.01149317
0.010869879999999998
0.009904254999999999
0.009365982999999998
0.009329714
0.00911161
0.008673756999999999
0.008367867999999999
0.008208805999999999
0.008723584
0.008984348999999999
0.007828046
0.005848923999999999
0.00442132
0.004502114
0.005435612
0.006401949999999999
0.007067174
0.007419004999999999
0.007153785
0.005867602999999999
0.004091336
0.0025339129999999996
0.00159753
8.996044999999999E-4
-3.2342279999999997E-4
-0.0018127589999999997
-0.0023984699999999998
-0.0025596469999999995
-0.002063147
-6.250963E-4
9.59834E-4
0.0018652409999999997
0.001946794
0.001677178
0.001034474
-1.542123E-5
-0.001456339
-0.003158222
-0.004810605
-0.006159843999999999
-0.006732669999999999
-0.006266181
-0.004774277999999999
-0.0031439369999999994
-0.002312634
-0.001967659
-0.001379422
-5.854094999999999E-4
4.4501869999999995E-4
0.0018833359999999998
0.0035787289999999997
0.005554923
0.007664457999999999
0.009254172
0.010216869999999998
0.010774929999999999
0.01093349
0.009928826
0.007240264
0.004213903999999999
0.0023967289999999994
0.001985841
0.002168068
0.00232498
0.0028059799999999996
0.0036421789999999997
0.004361273
0.005054221
0.005783086999999999
0.006552625999999999
0.007262771999999999
0.007500129999999999
0.006778257999999999
0.005570184
0.004794764
0.004062688
0.0030658429999999995
0.002863576
0.0031120359999999994
0.003002171
0.0024211239999999998
0.0018785009999999999
0.0022204709999999995
0.003409677
0.004374525
0.004821682
0.004288819
0.002610353
2.026199E-4
-0.0022790139999999998
-0.004577745
-0.006070656999999999
-0.006365093999999999
-0.00607729
-0.005852793999999999
-0.005683523999999999
-0.005529342
-0.004675444
-0.002554123
3.5337419999999995E-4
0.002765658
0.004333489999999999
0.0048494639999999995
0.004041878
0.0028577719999999997
0.001051343
-2.636761999999999E-4
-4.919448999999999E-4
-4.5544799999999995E-4
-9.000238999999999E-4
-0.001269456
-6.452512E-4
1.364058E-4
5.713560999999999E-4
8.064736999999998E-4
0.0011844639999999999
0.001723419
0.0018262899999999997
5.490356E-4
-0.0014262559999999999
-0.0036119719999999998
-0.005227006
-0.00662187
-0.007842585999999999
-0.008674453
-0.009064688999999999
-0.009452179999999998
-0.01047988
-0.011658389999999998
-0.013613979999999998
-0.01563427
-0.0162966
-0.01674367
-0.01710285
-0.01667405
-0.01487372
-0.012728749999999999
-0.010185919999999998
-0.0076519249999999995
-0.005540991
-0.0033041269999999996
-9.866716999999998E-4
1.3948769999999998E-4
-9.266628999999999E-5
-7.396769E-4
-5.258179999999999E-4
0.001606861
0.004656532999999999
0.007699498999999999
0.009508138999999999
0.009850225
0.009747882
0.009920418999999998
0.01073654
0.011933319999999999
0.013058649999999998
0.013347009999999998
0.012858129999999999
0.0121748
0.01070939
0.008600816
0.006652672999999999
0.005673576999999999
0.006131316999999999
0.007571996999999999
0.008970386
0.01022729
0.01120776
0.011763229999999998
0.011928809999999998
0.01149922
0.0109978
0.01024814
0.008836418
0.006878441999999999
0.00529094
0.004565979999999999
0.004115490999999999
0.00305851
0.001203377
-0.0012022029999999998
-0.00418273
-0.006476664
-0.007098723
-0.006216801999999999
-0.004846789
-0.003505068
-0.002285334
-0.0014367819999999997
-9.721705999999999E-4
-9.666416999999999E-4
-0.001121098
-9.192849999999999E-4
2.863911E-5
0.0012370129999999997
0.002830285
0.0047411499999999995
0.006412706999999999
0.007189064999999999
0.006784837999999999
0.005884459999999999
0.005002707
0.004603137999999999
0.004302026999999999
0.0032563009999999996
0.0022073569999999996
0.0015890399999999997
0.001106704
7.607264E-4
3.594447E-4
-4.101129E-4
-0.002514194
-0.004636626999999999
-0.005463477999999999
-0.005314882
-0.004534186
-0.0033948799999999994
-0.0025778769999999997
-0.0024146059999999997
-0.002760577
-0.0033076189999999995
-0.0035424519999999998
-0.003580658
-0.003963136
-0.005434021
-0.007652981999999999
-0.010188849999999998
-0.012504709999999999
-0.013687199999999998
-0.01354365
-0.012111219999999999
-0.01009483
-0.007808602999999999
-0.005730597999999999
-0.004258313
-0.0033279849999999995
-0.002858426
-0.0027980809999999996
-0.00340688
-0.005099343
-0.007868017
-0.01130521
-0.014138409999999999
-0.01622289
-0.016678909999999998
-0.01576333
-0.014088469999999999
-0.011709729999999998
-0.008265457
-0.004052609
2.825398E-4
0.0033145299999999996
0.004393801
0.0041092659999999994
0.0031843599999999994
0.0019526409999999998
5.5227E-4
-5.388330999999999E-4
-0.0015247059999999998
-0.0020808399999999996
-0.002043788
-0.0019441149999999997
-0.0012749079999999997
-2.9833589999999998E-5
0.0011589379999999998
0.001579274
0.00186847
0.002565135
0.0033951649999999995
0.004752993999999999
0.0061889399999999995
0.006971449999999999
0.0068855949999999996
0.005874945
0.003835278
0.001159383
-6.5699E-4
-0.0012649779999999997
-0.0018215579999999998
-0.002714072
-0.004056783
-0.005438198
-0.006699213
-0.007802849
-0.009071313
-0.011039939999999998
-0.013368379999999997
-0.01601044
-0.01829593
-0.01925664
-0.018587999999999997
-0.01599418
-0.01184172
-0.0075198159999999995
-0.003946847
2.8613559999999996E-4
0.005545112
0.01004291
0.012805679999999998
0.01387066
0.013684279999999998
0.01280537
0.011089279999999998
0.009186968999999998
0.007663807
0.006510716
0.005075217
0.003373735
0.0024045419999999995
0.0030741309999999995
0.005109239999999999
0.006434696999999999
0.00654828
0.007378466
0.009154751
0.0105068
0.01013124
0.008118108
0.00597465
0.004500806
0.004183978
0.004430149
0.004532396999999999
0.0046420409999999995
0.004320114
0.0033285789999999995
0.0017244709999999998
1.997571E-4
-0.0010135109999999997
-0.001064541
-6.104305E-6
0.0017487219999999999
0.00367049
0.004387751
0.003197564
5.6816129999999995E-5
-0.003390046
-0.004768659
-0.0055877389999999996
-0.006486456999999999
-0.006853849999999999
-0.007029023
-0.0069348479999999995
-0.006494559
-0.005455428
-0.0037739079999999994
-7.218718E-4
0.0015224469999999997
0.002189132
0.0026290359999999995
0.0032669899999999996
0.0031907689999999996
0.0026022599999999995
0.0023725379999999996
0.0021248559999999996
0.001281289
-8.113479E-4
-0.0026366059999999997
-0.004232226999999999
-0.005721452999999999
-0.0067259189999999995
-0.007571330999999999
-0.007715372
-0.006075435
-0.0028798769999999994
8.635485E-4
0.004166156
0.006793608
0.008019728
0.0076182459999999995
0.006392653
0.003995751
7.444485E-4
-0.002082444
-0.004136257
-0.004637587
-0.0036098979999999994
-0.002254379
-0.001588428
-0.0021948459999999994
-0.003350289
-0.004815365
-0.006564936999999999
-0.008355237
-0.009173136999999998
-0.008717045999999999
-0.007409242999999999
-0.005127942999999999
-0.00274635
-0.0011702439999999998
-5.213739E-4
-6.5609E-4
-0.00127208
-0.002321735
-0.003927795999999999
-0.005791228999999999
-0.006528443999999999
-0.005659434
-0.003945388
-0.0027743219999999996
-0.002810961
-0.0038189639999999998
-0.0047927609999999995
-0.005082794999999999
-0.0050299229999999995
-0.004639548999999999
-0.0038927879999999995
-0.0023692769999999995
5.263175E-4
0.0037515489999999994
0.006598878
0.008824329
0.009675969
0.00933184
0.008445878
0.007425686
0.006533298
0.006212624999999999
0.006399027
0.0077288999999999995
0.010225999999999999
0.012704989999999998
0.014096149999999998
0.01420545
0.013827069999999999
0.012881799999999999
0.010983639999999998
0.008122769
0.005437710999999999
0.004520807999999999
0.004966366
0.005450480999999999
0.00552826
0.006317265999999999
0.008056254
0.009789546
0.01039307
0.010112679999999999
0.009273771999999998
0.008087673
0.0073462829999999995
0.0073433069999999994
0.00778077
0.008535038999999998
0.009549254999999998
0.010260689999999998
0.01017576
0.009698239999999999
0.009339114999999999
0.009011248
0.008466462999999999
0.007949756
0.007883658
0.008289803999999998
0.009017530999999999
0.009601837
0.009833118999999998
0.009534239
0.008239164
0.006187554
0.004067073
0.0020550099999999995
4.376943E-4
6.40391E-5
2.049304E-4
9.329817999999999E-4
0.0031943769999999995
0.005700382999999999
0.007108727999999999
0.007369931
0.006852920999999999
0.005661263999999999
0.004094716
0.002309204
-2.032435E-4
-0.0033958499999999997
-0.0063115079999999995
-0.007967734
-0.008465706999999998
-0.008331565
-0.007870865
-0.006369035999999999
-0.0041835299999999995
-0.0014701009999999997
0.001070914
0.0029393639999999994
0.004055961
0.004003616
0.002841319
6.170442E-4
-0.002518279
-0.006037271
-0.009462922
-0.01162823
-0.01209169
-0.011800039999999998
-0.01121254
-0.009898285
-0.008646247
-0.008374363999999999
-0.008923284
-0.009765316
-0.010848639999999998
-0.011328389999999999
-0.01119811
-0.01153242
-0.011738059999999998
-0.010349789999999998
-0.006561808
-0.002286766
-5.390839999999999E-4
-0.0011244619999999997
-0.002531826
-0.0036032319999999996
-0.003675941
-0.003548166
-0.004086528999999999
-0.005768091999999999
-0.007309755999999999
-0.007826802
-0.008083838
-0.008347249
-0.007885073999999999
-0.006597949
-0.0052805
-0.004345093999999999
-0.0037403799999999997
-0.003222901
-0.002989743
-0.003091095
-0.0035141619999999995
-0.004011096999999999
-0.004277839999999999
-0.004495914
-0.004743231999999999
-0.005202878
-0.005606528
-0.005484601
-0.004941663
-0.004393064999999999
-0.0039135459999999995
-0.003919172
-0.003972588
-0.0037264929999999996
-0.0035123339999999998
-0.003329245
-0.003169651
-0.002110582
9.524644999999999E-4
0.005447908999999999
0.009018112999999998
0.009702839999999999
0.008514607999999998
0.006792066999999999
0.004583229999999999
0.001576711
-0.0011247409999999998
-0.0023361989999999997
-0.002688429
-0.003053233
-0.0032615149999999996
-0.0028310379999999997
-0.0017511709999999997
-7.982993999999998E-4
-1.772176E-4
5.808426E-4
0.0016305419999999998
0.0032431239999999996
0.00497564
0.007335194999999999
0.010736079999999999
0.01335331
0.01385883
0.012830039999999997
0.01194845
0.01106991
0.009884148999999998
0.008667496999999998
0.007711733
0.007169374
0.007161944999999999
0.0074481239999999995
0.007787878999999999
0.007786059999999999
0.007685717999999999
0.007431461999999999
0.006951781999999999
0.005014828
0.0026197189999999995
8.368334999999999E-4
-6.683509999999999E-4
-0.002792763
-0.005215711
-0.007374898999999999
-0.008350732999999999
-0.008225424
-0.008174593
-0.006827526999999999
-0.005891117999999999
-0.006143174
-0.005734951999999999
-0.005160956999999999
-0.0057929999999999995
-0.007018091999999999
-0.007759275999999999
-0.008202934999999998
-0.008365911999999998
-0.008133595
-0.007363480999999999
-0.005626844
-0.002728118
7.025418999999999E-4
0.004114248
0.005202377
0.004332247
0.003547635
0.003427664
0.003515018
0.0030787869999999995
0.002251623
0.0011658159999999999
1.0273719999999999E-4
-0.0010756849999999998
-0.002079263
-0.0030052219999999997
-0.0036541659999999995
-0.004091527
-0.004690022999999999
-0.005206355999999999
-0.005356260999999999
-0.005030226999999999
-0.004992816999999999
-0.004930011999999999
-0.0039672579999999995
-0.002705673
-0.0020420819999999998
-0.001949972
-0.0017321099999999998
-0.001376028
-0.0010214859999999998
-6.069398999999999E-4
-6.253721E-5
-3.0515729999999996E-4
-0.0012681069999999999
-0.0032124319999999994
-0.005519483999999999
-0.007381202
-0.008266048
-0.008273483999999998
-0.007652708999999999
-0.006752885999999999
-0.006108485
-0.005754559999999999
-0.005272131999999999
-0.004301948999999999
-0.003312773
-0.002390138
-0.0018872889999999997
-0.00169546
-4.042829E-4
0.0016473719999999998
0.0030626919999999997
0.0037766679999999995
0.004493171999999999
0.005064425
0.005627086999999999
0.005587382999999999
0.00458333
0.0034992879999999997
0.0021572539999999995
9.773965E-4
2.9417309999999993E-4
-2.7108689999999995E-4
-9.04486E-4
-0.0017090349999999998
-0.002398232
-0.0026118469999999996
-0.002264655
-0.001696015
-0.001223282
-7.655842E-4
1.349293E-4
0.001530168
0.0026658999999999997
0.0032845499999999994
0.004010350999999999
0.0051189569999999995
0.00651842
0.007819271
0.008764536999999998
0.009475961
0.00997662
0.010471679999999999
0.010674269999999998
0.010344249999999998
0.009641679
0.008673492999999997
0.007897964
0.007025958999999999
0.005482716
0.0037654839999999995
0.0017545939999999997
-8.338646999999998E-5
-0.001179699
-0.0017404059999999997
-0.002158625
-0.0024767689999999998
-0.0024713709999999996
-0.002129361
-0.0013554099999999998
-1.6602079999999996E-4
0.0010439899999999998
0.00233019
0.003449423
0.004314265
0.005209789
0.006708878999999999
0.007959329
0.007963289999999998
0.007230787999999999
0.006304453
0.005066401
0.003236721
0.0013486129999999998
1.1437969999999999E-4
-8.487543E-4
-0.0026922259999999994
-0.0048297259999999995
-0.006378080999999999
-0.007773766999999999
-0.009153233999999998
-0.010092409999999998
-0.01048316
-0.010838609999999999
-0.01126525
-0.01155083
-0.011883909999999998
-0.01188894
-0.01135053
-0.010067339999999998
-0.007248382
-0.004686495999999999
-0.0033687369999999997
-0.002643756
-0.0020702639999999996
-0.0016805539999999997
-0.001994902
-0.002849369
-0.0035723199999999995
-0.0032680719999999995
-0.0019046829999999997
-7.970262999999999E-4
-5.509758E-4
-7.089854999999999E-4
-9.397534999999999E-4
-0.0012997179999999998
-0.0018765189999999999
-0.00246559
-0.0032709159999999996
-0.003985160999999999
-0.004447471
-0.005006161999999999
-0.005702684999999999
-0.007058214999999999
-0.008557277
-0.009276701
-0.008659782999999999
-0.007119964
-0.005821328
-0.004975968999999999
-0.00361978
-0.002024976
-7.597013E-4
4.145941E-4
0.00155882
0.002449203
0.0031370389999999995
0.003966133999999999
0.004955362999999999
0.00575883
0.005611856
0.004639798
0.00293806
9.717760999999999E-4
-1.6486739999999997E-4
-9.296378E-4
-0.001708092
-0.002011987
-0.001704022
-8.854816999999999E-4
-2.0702709999999996E-4
-1.4755069999999998E-4
-6.893697E-4
-6.628497999999999E-4
8.550582999999999E-4
0.0028541039999999997
0.004001996999999999
0.004280010999999999
0.004404208999999999
0.004771765999999999
0.005422598999999999
0.005720221
0.005378035999999999
0.005267246
0.00564523
0.006008249
0.005650970999999999
0.004602100999999999
0.004017816999999999
0.004241425
0.004750133
0.0050784639999999995
0.004948395999999999
0.004466028999999999
0.004009201999999999
0.003856063
0.003964022999999999
0.004241083999999999
0.004731672999999999
0.005096292
0.005077291
0.004866505
0.004287312
0.003311599
0.0024206759999999996
0.001697205
9.070679E-4
1.503884E-4
-1.6704369999999996E-4
4.240566E-4
0.001667105
0.0026326279999999997
0.0028581329999999997
0.0021886259999999995
0.001007648
3.744218999999999E-4
1.8905269999999996E-4
-1.6563979999999998E-4
-7.524895999999999E-4
-0.0013754919999999999
-0.0018087629999999997
-0.002298328
-0.0029768639999999996
-0.003422702
-0.0034335239999999994
-0.0032850369999999998
-0.0029993649999999995
-0.0024331579999999995
-0.0012506159999999998
8.898273E-5
0.0013041509999999997
0.002383686
0.0032710069999999994
0.003677521
0.003622118
0.0036530029999999997
0.0035243719999999996
0.0030725619999999996
0.002097355
0.0010978239999999998
9.857892E-4
0.00219821
0.004197051
0.005829591999999999
0.006157744
0.0055882119999999995
0.005208059
0.005311781
0.005169337
0.004317956999999999
0.003048421
0.0018277899999999997
6.169541999999999E-4
-6.469696E-4
-0.001542433
-0.0026512239999999998
-0.003826463
-0.004744471999999999
-0.004909298
-0.004603118
-0.004376933
-0.004256229
-0.004101503
-0.0036772289999999997
-0.003251045
-0.0030892779999999996
-0.0030175239999999997
-0.0027870489999999998
-0.002485008
-0.002187866
-0.0019321509999999998
-0.001762744
-0.001562931
-0.0013660989999999997
-0.001304311
-0.0014186429999999998
-0.001460233
-0.001485913
-0.001454824
-0.0013233469999999999
-0.001046048
-5.510746999999999E-4
3.07562E-5
6.533175E-4
0.001319112
0.0019548119999999998
0.002739074
0.0033472789999999994
0.0033805819999999996
0.002955601
0.002255311
0.001390518
2.991824E-4
-8.113351999999999E-4
-0.001851081
-0.002416018
-0.0028214069999999997
-0.0031374739999999995
-0.0032779769999999996
-0.0034200139999999994
-0.0034556919999999994
-0.0032366889999999996
-0.002896803
-0.0025618369999999995
-0.002272055
-0.0018020229999999998
-9.700710999999999E-4
1.452219E-4
0.0011131109999999997
0.001626198
0.0017558349999999999
0.0015422939999999998
0.001095677
6.641813E-4
1.703404E-4
-2.866767999999999E-4
-4.4272339999999993E-4
-3.649318E-4
-2.2127209999999999E-4
-3.133412E-5
1.7477169999999997E-4
2.833813E-4
3.092373E-4
2.517016999999999E-4
5.248244E-5
-2.0141499999999998E-4
-5.120049999999998E-4
-6.214122E-4
-5.962395E-4
-4.529309E-4
-1.159651E-4
2.858345E-4
6.392529999999999E-4
9.047265999999999E-4
0.0011003649999999999
0.001133411
9.860958E-4
8.238908E-4
7.635468999999999E-4
6.363587999999999E-4
3.8397379999999997E-4
3.219248E-4
6.076595E-4
0.001040741
0.0013940859999999997
0.001537003
0.001509944
0.001473992
0.001495129
0.0014907049999999997
0.0014687509999999997
0.0014426899999999997
0.0013560939999999997
0.001189339
0.001011876
