-1.53775E-4
3.29604E-5
6.97114E-5
-1.84941E-4
-5.14664E-4
-5.3269E-4
-6.71948E-5
3.59482E-4
7.78383E-5
-7.18171E-4
-0.00128218
-0.00113748
-5.48303E-4
-1.72633E-5
1.53472E-5
-2.80303E-4
-2.97256E-4
9.92188E-6
3.33642E-4
5.09583E-4
5.18444E-4
6.33243E-4
0.00101317
0.00141604
0.00133762
5.86089E-4
-3.56117E-4
-8.67362E-4
-6.4694E-4
-7.46991E-5
1.12559E-4
-3.66722E-4
-8.13749E-4
-5.50703E-4
1.19526E-4
4.09079E-4
-1.67378E-4
-7.93713E-4
-5.06799E-4
2.31902E-4
3.38929E-4
4.11634E-4
8.50708E-4
0.00123755
0.00149574
0.00160583
0.00152065
0.00107715
1.10259E-4
-0.00121238
-0.00204431
-0.00206768
-0.00176327
-0.00153508
-0.00164575
-0.00163977
-9.00869E-4
1.83443E-4
0.00113462
0.00170367
0.00162307
0.00133084
0.0017365
0.00255974
0.00256953
0.00144419
-3.01756E-4
-0.00188599
-0.00269393
-0.00275193
-0.00238757
-0.00179237
-8.36287E-4
5.88874E-4
0.00160396
0.00159186
8.37293E-4
-1.93406E-4
-8.52407E-4
-8.68411E-4
-3.85091E-4
-2.51946E-4
-6.31651E-4
-5.02932E-4
3.3585E-4
0.00102317
9.38866E-4
8.25662E-4
8.03684E-4
4.14204E-4
-8.91106E-5
7.1975E-5
4.08549E-4
-2.27232E-5
-0.00108869
-0.00200655
-0.00223688
-0.00201072
-7.4377E-4
8.08261E-4
0.00183817
0.00211082
0.0019359
0.00188196
0.0020519
0.00206674
0.0012192
-2.48763E-4
-0.00170147
-0.0027528
-0.00337431
-0.00386806
-0.00362797
-0.00208593
-3.56886E-4
8.02312E-4
0.00140993
0.00184036
0.00301475
0.00466196
0.00573528
0.0054418
0.00337331
9.37977E-4
-2.18336E-4
-5.80912E-4
-0.00157794
-0.00384555
-0.00609485
-0.00653732
-0.00544663
-0.00355938
-0.00162025
3.3922E-5
0.00123495
0.00158441
0.0017264
0.00283075
0.00496237
0.0066117
0.00596454
0.00308398
3.77981E-4
-1.71482E-4
0.00182355
0.00443844
0.00522864
0.00294641
-0.00112243
-0.00351225
-0.00343165
-0.00219919
-0.00177412
-0.00266129
-0.00287661
-0.00145566
9.9702E-4
0.00345556
0.00519426
0.00554103
0.00485717
0.00339019
0.00150208
1.12267E-5
-9.63839E-4
-0.00222494
-0.00340119
-0.00402484
-0.00394346
-0.0038393
-0.00373816
-0.00316648
-0.0016191
9.34879E-4
0.00389365
0.00586907
0.00587646
0.00416911
0.00240692
0.00199984
0.00212185
0.00178932
6.44152E-4
-0.00139336
-0.00333565
-0.00437761
-0.00436767
-0.0033352
-0.00163794
-7.5897E-4
-0.00154321
-0.00233864
-0.00106974
0.00150016
0.0037132
0.00447862
0.00394428
0.00312389
0.0031561
0.00329453
0.00226411
1.94786E-4
-0.00189694
-0.0036738
-0.00526072
-0.00584741
-0.00463528
-0.00247486
-0.00106816
-8.55243E-4
-0.00108018
-1.83634E-5
0.00277006
0.00525797
0.00525465
0.00263335
-8.89616E-4
-0.00269993
-0.00111911
0.00178254
0.00276164
0.00135186
-3.45015E-4
-9.98761E-4
-0.00102437
-8.15485E-4
-6.71847E-4
-2.5928E-4
4.46711E-4
0.0011295
0.00162804
0.0013241
0.00100584
0.00154441
0.00206402
0.00206458
0.00183614
0.00165483
0.00110277
-3.99491E-5
-6.37093E-4
-0.0010185
-0.00290842
-0.00552576
-0.00666377
-0.00502332
-0.0016918
9.32141E-6
-6.0473E-4
-0.00148949
-9.40083E-4
0.00134843
0.00405744
0.00518114
0.00430731
0.00288592
0.00227483
0.0025091
0.00328596
0.00268672
-1.68025E-4
-0.00325185
-0.00468662
-0.00438274
-0.00293524
-0.00220824
-0.00275191
-0.00283196
-0.00188709
2.34015E-4
0.00317244
0.00553977
0.00581392
0.00382815
0.00198036
0.00212202
0.00253517
0.00190575
-2.10048E-4
-0.00283332
-0.0040666
-0.00328639
-0.0018784
-0.001571
-0.00196789
-9.13176E-4
0.00264315
0.00631458
0.00750139
0.00531892
0.00179088
-1.33006E-4
8.50355E-4
0.00303588
0.00322542
6.91925E-5
-0.00385455
-0.00525453
-0.00301824
-1.8842E-4
-3.41414E-4
-0.00324576
-0.00570528
-0.00437325
1.73994E-4
0.0037417
0.00416606
0.00266176
0.00178959
0.00270419
0.00337482
0.00257955
9.32287E-4
-8.94421E-4
-0.0021303
-0.00292644
-0.0033119
-0.00469165
-0.00625722
-0.00601756
-0.00330152
1.90065E-4
0.00261842
0.00308542
0.00188366
4.79264E-4
-0.00104615
-0.00212433
-0.00188867
-7.34695E-4
-2.28318E-4
-6.67154E-4
-0.00144397
-0.00222449
-0.00212241
-0.00102997
-3.90289E-4
-9.21309E-4
-0.00207936
-0.0022218
-7.4616E-4
9.58323E-4
0.00166838
0.00222478
0.00302872
0.00282825
8.49143E-4
-9.5507E-4
-4.80544E-4
0.00182629
0.00267528
6.73757E-4
-0.0021806
-0.00293469
-0.00134926
0.00128322
0.00283143
0.00247891
0.00102757
-7.47189E-4
-0.00133111
-0.00107388
-0.00142877
-0.00227326
-0.00260624
-7.95542E-4
0.00161341
0.00135709
-9.81092E-4
-0.00244179
-0.00153635
-2.10261E-4
-2.44398E-5
-3.69171E-4
2.47179E-4
0.00172574
0.00247515
0.00198029
4.56394E-4
-0.00148808
-0.0018966
-0.00188342
-0.00323932
-0.00588065
-0.00753795
-0.0061201
-0.0036486
-0.00122042
-2.75258E-4
-5.89958E-4
1.3083E-5
0.00231281
0.00582234
0.00777826
0.0060001
0.00297683
0.00149995
0.00167629
0.00123496
-0.00114286
-0.00391609
-0.00578352
-0.00518155
-0.00239937
-1.97416E-4
-1.93947E-4
-0.00115452
-0.00147237
-0.00104137
-5.95057E-4
-5.2736E-4
-6.71519E-4
-7.23508E-4
-3.77321E-4
0.00104102
0.00229535
0.00157661
-3.49603E-4
-0.00131834
-7.60316E-4
4.92308E-4
0.00101848
-9.12967E-5
-0.00190687
-0.00255524
-0.00141275
1.0894E-4
0.001498
0.00245276
0.0030237
0.00339767
0.00331237
0.00228901
1.22147E-4
-0.00195677
-0.00265177
-0.00266748
-0.00253126
-0.00285665
-0.00371873
-0.00468792
-0.00506738
-0.00421756
-0.00295764
-0.00155882
-5.93941E-4
-5.02355E-4
-1.98268E-4
6.10551E-4
0.00167166
0.00269351
0.00428559
0.00638644
0.00616253
0.00289296
-6.99464E-4
-0.00224072
-0.00135516
1.17547E-5
-2.12781E-5
-0.00135534
-0.00250723
-0.00199546
-6.69051E-4
-3.36972E-4
-0.00143178
-0.003144
-0.00396921
-0.00325403
-0.00247729
-0.00238732
-0.00166743
-1.4912E-4
0.00127084
0.00134379
-1.07954E-4
-0.00130701
-0.00120958
-5.61045E-4
8.0001E-5
1.12563E-4
-3.5915E-4
0.00116685
0.00526028
0.007773
0.00610197
0.00261109
3.81433E-4
8.57143E-4
0.00234173
0.00159318
-0.00134892
-0.00380988
-0.00483794
-0.00494336
-0.00464051
-0.0038847
-0.00204697
7.00642E-4
0.00297498
0.00351591
0.00227449
7.41438E-5
-0.00127208
-5.41404E-4
3.51302E-4
-3.06424E-4
-0.00179247
-0.00317085
-0.00319591
-0.00157799
2.56215E-4
8.72351E-4
-1.121E-4
-0.00134103
-0.00144128
-8.63084E-4
-5.52009E-4
-7.08579E-4
-9.6555E-4
-0.00103444
-8.65861E-4
-2.46622E-4
5.32963E-4
6.39274E-4
-1.56137E-4
-0.00111108
-0.00125331
-8.90073E-4
-7.00528E-4
-7.91671E-4
-9.37316E-4
-8.93775E-4
-3.91906E-4
-1.46378E-4
-8.14009E-4
-0.00182197
-0.00244347
-0.00191119
-7.79173E-4
-4.12776E-4
-9.07031E-4
-0.0019731
-0.00259411
-0.00130269
3.10217E-4
0.00139984
0.00151641
3.24902E-4
-4.91248E-4
5.77385E-4
0.00142605
9.056E-5
-0.0019652
-0.00306106
-0.00190995
-2.83631E-4
-8.0564E-4
-0.003092
-0.0045606
-0.00473352
-0.00390013
-0.00278507
-0.00209536
-0.0014665
8.80011E-5
0.00346465
0.00692784
0.00822189
0.00628623
0.00324226
0.00172105
0.00216705
0.00332457
0.00228499
-0.00169898
-0.00562399
-0.00678126
-0.0049786
-0.00315072
-0.00330555
-0.00473301
-0.00550147
-0.00422594
-0.00225817
-4.21283E-4
0.00193624
0.00339661
0.00328711
0.0024835
0.00223459
0.00317409
0.00391957
0.00340696
0.00170114
-4.05684E-4
-0.00190179
-0.0014459
4.22851E-4
0.00174844
0.00153007
4.70506E-4
6.11883E-5
0.00186959
0.00521822
0.00787488
0.00808119
0.0061383
0.00407614
0.00288867
0.00172614
1.72118E-4
-9.73889E-4
-0.00207627
-0.00304431
-0.00324594
-0.00251116
-7.72072E-4
0.00139606
0.0030168
0.00406671
0.00454668
0.00370441
0.00205253
5.70308E-4
-5.44672E-4
-0.00138413
-0.00200056
-0.00310884
-0.00470066
-0.0058919
-0.00531947
-0.00229268
0.00153439
0.00327558
0.00250338
0.00130618
0.0021138
0.00412353
0.00505193
0.00453712
0.00326617
0.00157028
5.00155E-4
-5.88955E-4
-0.00225123
-0.00276841
-0.00113608
0.00146446
0.00262103
0.00149144
3.56993E-5
-2.8638E-4
0.00131455
0.00340922
0.00306376
7.0498E-4
-0.00142673
-0.00224514
-0.00190126
-0.00114892
-3.45564E-4
1.76211E-4
0.00100401
0.00235955
0.00353268
0.00323444
0.00146257
8.64184E-4
0.00279119
0.00575854
0.00666077
0.00368259
-0.00107664
-0.00374464
-0.00265411
7.03414E-4
0.00314626
0.00267153
6.34028E-4
-2.62765E-4
3.78632E-4
0.00132532
0.00196944
0.00124472
-5.14302E-4
-0.00152876
2.8254E-4
0.0035617
0.00462847
0.00257095
-4.95563E-4
-0.00154545
-4.963E-4
9.68655E-4
0.00109308
-3.41474E-4
-0.00127781
-4.42868E-4
4.47929E-4
-4.60933E-4
-0.00274567
-0.00531927
-0.00684555
-0.00657098
-0.00489888
-0.00294321
-9.05247E-4
4.25575E-4
1.95463E-4
4.85397E-4
0.00278197
0.00500869
0.00480735
0.00387884
0.00496658
0.00644254
0.00614428
0.00374504
0.0014569
9.30135E-4
5.73734E-4
-0.00135375
-0.00356213
-0.00416619
-0.00337604
-0.00145486
0.00196246
0.0033208
4.08779E-4
-0.00228085
-0.00145214
0.00242914
0.00532354
0.0051027
0.0032051
0.0023756
0.00410269
0.00614944
0.00608122
0.00366187
4.19686E-4
-0.00175395
-0.00290047
-0.00290708
-0.00240619
-0.00299004
-0.00409891
-0.00419027
-0.00243322
-1.23728E-4
9.30609E-4
0.00167206
0.00265728
0.00343295
0.00302484
6.85563E-4
-0.00257295
-0.00520676
-0.00607105
-0.00546675
-0.00432721
-0.0031066
-0.00191867
-5.19025E-4
0.00166281
0.00426014
0.00543681
0.00435224
0.00240308
0.00112644
0.00102098
0.00132524
6.38621E-4
-0.00110596
-0.00267448
-0.00278268
-0.00263377
-0.00380857
-0.00589903
-0.00808165
-0.00888429
-0.00726417
-0.00508024
-0.00327388
-0.00179383
-3.67295E-4
0.00173109
0.00380273
0.00502034
0.00489286
0.00333456
6.91038E-4
-0.00184266
-0.00256746
-0.00196958
-0.00164017
-0.00193955
-0.002099
-0.00130909
-3.08158E-4
3.66777E-4
-3.05133E-4
-0.00204896
-0.00334606
-0.00291861
-0.00235247
-0.00196619
-0.00160634
-7.77103E-4
8.27949E-4
0.00331629
0.00561041
0.00524407
0.00247303
8.59897E-4
0.00145853
0.00240211
0.00207274
-1.73595E-4
-0.00265002
-0.00395257
-0.00412839
-0.00266493
-0.00120655
-4.12194E-4
4.63653E-4
0.00164158
0.00227121
0.00220183
0.00236192
0.00391029
0.00501171
0.00389363
0.00150296
-7.52486E-4
-0.00162956
-0.00204315
-0.00318373
-0.00472002
-0.00535196
-0.00496358
-0.00448287
-0.00426144
-0.00350584
-0.00202608
-5.91579E-4
-1.43205E-4
-2.09316E-4
5.48669E-4
0.00198589
0.0024194
8.79032E-4
-0.0020757
-0.00475205
-0.00546934
-0.00520551
-0.00436104
-0.00302347
-0.00158683
-8.54843E-5
0.0019471
0.00469694
0.00653493
0.0073948
0.00694913
0.00570208
0.00376235
0.00147813
-0.00121337
-0.0029227
-0.00288739
-0.00175952
-2.23898E-4
-4.56802E-5
-0.00161324
-0.00313383
-0.00258464
2.57711E-4
0.00266751
0.00157307
-0.00213354
-0.00499546
-0.00471076
-0.00316276
-0.00329754
-0.00469993
-0.00541256
-0.00339868
3.04772E-4
0.00258046
0.00291999
0.0033542
0.00577124
0.00835527
0.0079672
0.00449573
3.84381E-4
-0.00213472
-0.00247004
-0.00292378
-0.00528973
-0.00836231
-0.00847178
-0.00547791
-0.00191614
2.71961E-4
-3.57059E-5
-0.00130376
-9.21256E-4
0.00153864
0.00277923
0.00137115
4.90588E-5
6.44661E-4
0.0021176
0.0031398
0.00338336
0.00286531
0.00109302
-3.14331E-4
-6.56016E-4
-6.82331E-4
-2.06041E-4
-1.22832E-4
-0.00143876
-0.0035649
-0.00409371
-0.00303514
-0.00284739
-0.00360082
-0.00349028
-0.00242113
-7.95052E-4
3.09532E-4
2.13298E-4
-2.6367E-4
-3.6996E-4
-2.56593E-4
-6.76533E-4
-0.00119604
-5.95833E-4
9.24568E-4
0.00185163
0.00156052
5.15807E-4
-1.54189E-5
7.71818E-4
0.00143153
0.00162376
0.0018104
0.00167386
7.80739E-4
-1.33154E-4
-9.40809E-4
-0.00131812
-0.00106735
-2.51139E-4
-2.10197E-4
-0.00221052
-0.0046526
-0.00569334
-0.00451034
-0.00217976
3.46994E-4
0.00250591
0.00329321
0.00354251
0.0038729
0.00419444
0.00458556
0.00475109
0.00301257
7.23304E-5
-0.00170532
-0.00188022
-0.00232825
-0.00351682
-0.00372942
-0.00213677
-6.36334E-4
2.66324E-4
0.00110808
0.00246283
0.00547725
0.00867009
0.00909889
0.00560169
9.41451E-4
-0.00161752
-0.00208832
-0.00256023
-0.00369476
-0.00491788
-0.00611672
-0.0060256
-0.00311796
6.71345E-4
0.00182269
0.001104
0.00171853
0.00366485
0.00557797
0.00487542
0.00143449
-0.00166059
-0.00272559
-0.00254667
-0.00236886
-0.00311664
-0.00431672
-0.00473981
-0.00421489
-0.00262517
-3.83302E-4
0.00114524
0.00123663
0.00139414
0.00311932
0.00471679
0.00499426
0.00497056
0.00486473
0.00452405
0.00436898
0.00440648
0.00411338
0.0023597
-7.45908E-4
-0.00380753
-0.0055642
-0.00560391
-0.00447665
-0.00356616
-0.00336085
-0.00420527
-0.00620598
-0.00714882
-0.00462775
-3.89636E-5
0.00502003
0.0074703
0.00620793
0.00455483
0.00474623
0.00582172
0.00607509
0.00454358
0.00154258
-0.00145542
-0.00313654
-0.00373169
-0.00377919
-0.00359025
-0.00277921
-0.00156128
-7.83492E-4
2.14128E-4
0.0025107
0.00523179
0.00579092
0.00297192
-0.00113962
-0.00248756
-9.83676E-4
0.00105624
0.00189262
8.38724E-4
-0.00131438
-0.00183986
2.39692E-4
0.00302669
0.003875
0.00307333
0.00243635
0.00257682
0.00239691
5.64201E-4
-0.00232124
-0.00569582
-0.00777005
-0.0069275
-0.00493536
-0.0038657
-0.00309684
-0.00241328
-0.00130532
6.61248E-4
0.00354224
0.00675538
0.00940359
0.0104088
0.00957177
0.00708647
0.00368681
0.00123092
5.96423E-4
9.4865E-4
6.4544E-4
-6.96463E-4
-0.00237755
-0.00389533
-0.00377461
-0.0020855
-5.98378E-4
-5.92503E-5
0.00106854
0.00335809
0.00532149
0.00563645
0.00412448
0.00225163
0.00141457
0.0017436
0.0018367
9.92948E-4
3.1884E-4
2.25759E-4
-2.74109E-4
-0.00218569
-0.0044862
-0.00479035
-0.00243101
4.57416E-4
0.00178588
0.00127555
3.2321E-4
0.00141575
0.00462985
0.00692749
0.00637761
0.00303988
-9.46001E-4
-0.00251244
-0.00160583
-1.4968E-4
4.57497E-4
4.5986E-4
2.0221E-4
2.68982E-5
-3.70251E-4
-9.41223E-4
-9.1983E-4
2.36985E-4
0.00250458
0.00393735
0.00353407
0.00208157
4.10309E-4
-0.00138928
-0.00259507
-0.00328397
-0.00442528
-0.00610529
-0.00765321
-0.00808926
-0.00685646
-0.00431601
-0.00184118
-0.00165554
-0.00362718
-0.00518684
-0.00377562
-2.49409E-5
0.00325484
0.00435509
0.00484747
0.00572414
0.00622872
0.00596333
0.00427769
0.00176458
0.00116235
0.00284867
0.00376795
0.00135641
-0.00299158
-0.00490187
-0.00351251
-5.99767E-4
0.00129411
0.00114644
4.33478E-4
0.00117041
0.00292553
0.00340704
0.00130251
-0.00136342
-0.00263143
-0.00209756
-2.72705E-5
0.00337693
0.00646944
0.00745595
0.00583135
0.00250724
-0.00140424
-0.00502842
-0.00720556
-0.00682923
-0.00560985
-0.00528224
-0.00721874
-0.0101005
-0.0122951
-0.0125101
-0.0110658
-0.0101899
-0.0107393
-0.0122283
-0.0144428
-0.0161803
-0.0161865
-0.013337
-0.00857043
-0.00377163
0.00136087
0.00972028
0.0218518
0.0334644
0.0400082
0.0406961
0.0373415
0.032995
0.029069
0.0243878
0.0181147
0.0115491
0.00540166
-5.65623E-4
-0.00538603
-0.0093974
-0.0144195
-0.0194877
-0.0240465
-0.0275957
-0.0313026
-0.0369466
-0.0417031
-0.0419381
-0.0398987
-0.0353159
-0.0278359
-0.0188133
-0.0102907
-0.00474767
-0.00258157
-7.91819E-4
0.00298833
0.00739017
0.0111689
0.0143789
0.0165727
0.0169622
0.015515
0.013326
0.0112908
0.00976038
0.00899261
0.0100173
0.0122516
0.0144172
0.0151171
0.0137969
0.0114376
0.010613
0.0118775
0.0132574
0.013158
0.00976187
0.00198349
-0.00846526
-0.0169521
-0.0215753
-0.0238066
-0.0250905
-0.0262631
-0.0274361
-0.027924
-0.0272225
-0.0257439
-0.0221847
-0.0154132
-0.00818899
-0.00329678
-2.83218E-4
0.00162686
0.00365851
0.00618941
0.00827586
0.00964748
0.0104263
0.0113194
0.0138571
0.0177477
0.0210155
0.0226604
0.0221213
0.0191868
0.0154805
0.0133616
0.0132592
0.0136424
0.0123098
0.00766374
3.85977E-4
-0.00900173
-0.0192677
-0.0279232
-0.0334921
-0.0375335
-0.0412264
-0.0409535
-0.0319077
-0.0136677
0.00640016
0.0187879
0.021428
0.019878
0.0196343
0.020527
0.0187199
0.0115185
-0.00189755
-0.0161413
-0.0240708
-0.0255253
-0.0222831
-0.016408
-0.00986745
-0.00183186
0.0091621
0.0215991
0.032718
0.0400183
0.0436987
0.0461202
0.0481671
0.0490959
0.0483063
0.046356
0.0429583
0.0355451
0.0211678
0.00153918
-0.0188508
-0.0344881
-0.0428128
-0.0458722
-0.0445722
-0.0413345
-0.0353828
-0.0253091
-0.0104822
0.00717483
0.0219605
0.0293135
0.0293865
0.0220189
0.00870004
-0.00409809
-0.0128751
-0.0168609
-0.0155975
-0.0127152
-0.0132919
-0.018528
-0.0229182
-0.0220058
-0.0132417
5.88401E-5
0.0121782
0.0189945
0.0210173
0.0223131
0.0246325
0.0263603
0.0235373
0.0144469
6.73005E-4
-0.0123732
-0.0190144
-0.0193094
-0.0165108
-0.0133088
-0.0109193
-0.00848326
-0.00559726
-0.00221598
0.00188408
0.00537523
0.0058155
0.00289791
-0.00175183
-0.00451157
-0.00353647
6.50686E-4
0.00721602
0.012854
0.0162252
0.0169907
0.0166609
0.0182825
0.0217038
0.0252222
0.0256296
0.0202663
0.0106367
0.00176684
-0.00431292
-0.00742665
-0.00872619
-0.0104296
-0.0136769
-0.0171037
-0.0187706
-0.0184787
-0.0174732
-0.0164761
-0.0153238
-0.0127066
-0.010092
-0.0105391
-0.0148991
-0.0197626
-0.0203224
-0.0160375
-0.00870916
-7.88432E-4
0.00758843
0.0176634
0.0281376
0.0357046
0.0386082
0.036467
0.0291977
0.0160993
9.28646E-5
-0.0122097
-0.017809
-0.0188782
-0.021268
-0.0269066
-0.0329206
-0.0354539
-0.0324612
-0.024911
-0.0150087
-0.00618305
-2.20898E-4
0.00433053
0.00926305
0.0144401
0.0191912
0.0227882
0.0234352
0.0190647
0.009931
-0.00137533
-0.0102786
-0.0123869
-0.00793356
-0.00379504
-0.00673012
-0.0148614
-0.0213469
-0.0204991
-0.010644
0.00345522
0.0150985
0.0209712
0.0230039
0.0228286
0.0229436
0.0253756
0.0286753
0.0289545
0.0229111
0.00991391
-0.00752503
-0.023188
-0.0309193
-0.0328873
-0.0333408
-0.0337545
-0.0337467
-0.0316945
-0.0264121
-0.0168285
-0.00415509
0.0075282
0.0137104
0.0140499
0.011291
0.00924767
0.00896574
0.0101803
0.0110717
0.0102952
0.00924229
0.00910058
0.00996701
0.0115277
0.0130449
0.0136805
0.0124863
0.00921384
0.0057363
0.0040764
0.00338144
0.001755
-0.00141549
-0.00487824
-0.00723984
-0.00795873
-0.00798839
-0.0080523
-0.00684517
-0.00402733
-8.00205E-4
0.00189029
0.00342502
0.00348658
0.00314986
0.00324109
0.00361814
0.00394096
0.0047351
0.00619377
0.00664342
0.00521567
0.00223232
-2.45826E-4
1.84745E-4
0.00446358
0.0106445
0.0149478
0.0148836
0.0114747
0.00800953
0.00767295
0.00963521
0.0100661
0.00688492
4.41941E-4
-0.00816066
-0.0178387
-0.0269574
-0.0336655
-0.0350509
-0.0277194
-0.0141491
-0.00211178
0.00481479
0.0088809
0.0152978
0.0264066
0.0384599
0.0454999
0.0438608
0.0339952
0.0196244
0.00421211
-0.00818995
-0.0164437
-0.023743
-0.0311105
-0.0372975
-0.0402794
-0.0377118
-0.02871
-0.0149036
6.71982E-5
0.010818
0.0157012
0.0172314
0.0183539
0.0218865
0.0274324
0.0306563
0.029093
0.0234042
0.014871
0.00463649
-0.00623482
-0.0163766
-0.0254633
-0.0331267
-0.036973
-0.0367782
-0.0315363
-0.0207634
-0.00635077
0.00799139
0.0171722
0.0191021
0.0154147
0.0103376
0.00784998
0.00847459
0.0102532
0.0120771
0.0141248
0.0163747
0.0175584
0.016295
0.013056
0.00768711
-5.90409E-4
-0.0107478
-0.019639
-0.0254472
-0.0281797
-0.0282475
-0.0227161
-0.0119398
-6.89768E-4
0.00745265
0.010274
0.00802993
0.00356042
2.48653E-4
-5.27005E-4
3.70496E-4
0.00128794
0.00164309
0.00138705
0.00149149
0.00253822
0.00239713
-8.59595E-4
-0.00526993
-0.00875967
-0.00994329
-0.0099041
-0.00989227
-0.00645434
2.95077E-4
0.00585959
0.00649841
0.0027135
-7.46937E-6
0.00130404
0.00391689
0.00517581
0.00519662
0.00620487
0.00893167
0.0112233
0.0102494
0.0047799
-0.00413718
-0.013382
-0.0195228
-0.0202115
-0.0177366
-0.0150392
-0.013887
-0.0136302
-0.0118095
-0.0091548
-0.00696006
-0.00390713
3.29936E-4
0.00380651
0.00565628
0.00671038
0.00797986
0.00963634
0.0105212
0.00923068
0.00585298
0.00424713
0.00616177
0.00929611
0.0108035
0.00954253
0.00703721
0.00475171
0.00302014
0.00145737
5.30961E-5
-7.85782E-4
-0.00126458
-8.96059E-4
1.18922E-4
0.00167294
0.00417051
0.00417146
-4.23967E-4
-0.00681461
-0.0127755
-0.0164535
-0.0173746
-0.0174735
-0.0187652
-0.0203999
-0.0208309
-0.0196451
-0.0165117
-0.0115666
-0.00467052
0.00315879
0.0096744
0.0142414
0.0155309
0.0135447
0.0115927
0.0119336
0.0129655
0.0118199
0.0071339
7.06831E-4
-0.00620177
-0.0125995
-0.0158986
-0.0151221
-0.0132164
-0.0124168
-0.00809517
0.00138144
0.0122531
0.0200521
0.0228549
0.0231364
0.0221819
0.0186505
0.0116527
0.0015792
-0.00980406
-0.0196334
-0.0259903
-0.0284816
-0.0267584
-0.0212614
-0.0144205
-0.00716975
0.00118305
0.00971595
0.0166413
0.0207546
0.0218527
0.0206214
0.0183169
0.0159846
0.0144155
0.013539
0.0131358
0.0130125
0.0126217
0.0110942
0.00924775
0.00721597
0.00366083
-0.00199998
-0.00920433
-0.0147769
-0.0153509
-0.0121685
-0.00789858
-0.00503592
-0.00586039
-0.0100009
-0.0143562
-0.0153379
-0.0121122
-0.00674146
-0.00257808
-7.06776E-4
5.30074E-4
0.00349634
0.00836675
0.0130915
0.0154645
0.0150508
0.0125994
0.00916845
0.00655359
0.00467369
0.00189306
-0.0010536
-0.0030198
-0.00486533
-0.00702607
-0.00940537
-0.0114584
-0.0123836
-0.0110259
-0.00763335
-0.00343515
0.00110524
0.00463673
0.0058041
0.00620118
0.00825195
0.0114939
0.012963
0.0108296
0.00653919
0.00370839
0.00409398
0.006557
0.00810033
0.00721413
0.00432047
5.12072E-4
-0.00207763
-0.00280188
-0.00277313
-0.00335271
-0.00462447
-0.00658335
-0.00883646
-0.0108314
-0.0117446
-0.0113399
-0.0100164
-0.00796545
-0.00605119
-0.00490514
-0.00490906
-0.00587462
-0.00589932
-0.00265585
0.00457534
0.0112272
0.0121335
0.00817324
0.00432685
0.00432607
0.0099017
0.0182646
0.022637
0.0202814
0.0142963
0.0082681
0.00307188
-9.03868E-4
-0.0041123
-0.00896484
-0.0161243
-0.0229633
-0.0270692
-0.0274434
-0.0231143
-0.0140065
-0.00256175
0.0101502
0.0210659
0.0281002
0.0303697
0.0295331
0.0272612
0.0236594
0.0180211
0.0111997
0.00298824
-0.00706403
-0.016131
-0.0226382
-0.0248229
-0.0248145
-0.025247
-0.0238563
-0.0178548
-0.0107301
-0.00614662
-0.00337503
-0.00135021
1.72558E-4
0.00108324
0.00163503
0.00306938
0.0047839
0.00561513
0.004872
0.00238929
-6.14741E-4
-0.0022899
-0.0017595
-6.73562E-4
-0.00113425
-0.00432099
-0.00884858
-0.0111591
-0.0108587
-0.00910989
-0.00528205
5.55468E-5
0.00421323
0.00642971
0.00807512
0.00880692
0.00667291
0.00213254
-0.00220861
-0.00406448
-0.00303224
-0.00111188
-7.40391E-4
-0.00241117
-0.00454771
-0.00532948
-0.00279884
0.00233234
0.00493733
0.00194006
-0.00273111
-0.00296136
0.00278463
0.010509
0.014219
0.0120605
0.00666187
3.43144E-4
-0.00592655
-0.0114284
-0.0153398
-0.0172578
-0.0177202
-0.0169752
-0.0142011
-0.0081718
-4.95862E-5
0.0071652
0.0113279
0.0114975
0.0091186
0.00556801
0.00121884
-9.51785E-4
9.06577E-4
0.00468446
0.00744927
0.00758065
0.00651711
0.00637119
0.00806745
0.0101832
0.0104575
0.00863811
0.0064847
0.00530106
0.00507305
0.00520943
0.00400625
9.09627E-4
-0.00295111
-0.00537669
-0.0061165
-0.00607609
-0.00483063
-0.00175382
0.00182127
0.00386916
0.00385795
0.00214908
1.24751E-5
-7.51082E-4
-2.59164E-4
-4.06703E-4
-0.002491
-0.00557473
-0.00677393
-0.00267726
0.00539598
0.0120699
0.0149083
0.0137545
0.0105401
0.00869549
0.00891168
0.00868505
0.00618465
0.00192194
-0.00174545
-0.00365278
-0.00366307
-0.00266101
-0.00230432
-0.00237088
-0.00184215
-3.90312E-4
0.00200949
0.00405443
0.00522982
0.00543003
0.00470257
0.00431042
0.00454976
0.00469364
0.00347583
-4.14547E-4
-0.00612461
-0.01149
-0.0158451
-0.0182052
-0.0175855
-0.0146177
-0.0104965
-0.00676492
-0.00329806
0.00154632
0.00714752
0.0113625
0.0129148
0.0115877
0.00818172
0.00471645
0.00196764
-0.00100862
-0.00314759
-0.00455174
-0.00670613
-0.00958337
-0.0114963
-0.0126329
-0.0109963
-0.00458388
0.00285398
0.00737681
0.0091606
0.0101658
0.0120126
0.0137321
0.0145875
0.0133812
0.00916055
0.00420585
-2.67413E-4
-0.00318592
-0.00308554
-0.00155493
-0.00266674
-0.00628151
-0.00990841
-0.0111438
-0.011284
-0.0122477
-0.014045
-0.0152178
-0.0143465
-0.0120463
-0.00976532
-0.00817904
-0.00504023
7.60318E-5
0.00496464
0.00907217
0.0116064
0.0126954
0.0149684
0.0193582
0.0231717
0.0218196
0.0133172
0.00157571
-0.00821375
-0.0128837
-0.0133779
-0.0125676
-0.0131117
-0.0142302
-0.0145611
-0.0122074
-0.00754985
-0.00311817
-7.86509E-4
-7.00225E-4
-0.00212763
-0.00335362
-0.00318031
-0.00200091
-1.24791E-4
0.00244596
0.00460233
0.0044569
0.00237189
0.00158685
0.00321372
0.0046049
0.00275919
-8.98641E-4
-0.0031817
-0.00324428
-0.00164036
3.80651E-4
0.00194128
0.00187634
8.99087E-4
0.00169837
0.0045738
0.00731546
0.00857961
0.00729922
0.00478993
0.00360572
0.00334648
0.00270182
0.00113992
-0.00209412
-0.00541604
-0.00706392
-0.00745034
-0.00732159
-0.00675937
-0.00508652
-0.0029507
-9.30394E-4
2.58532E-4
3.74181E-4
4.59948E-4
0.00160827
0.0031242
0.00331286
0.00182346
5.87875E-6
-9.5893E-4
-8.6557E-4
-9.54804E-4
-0.00190913
-0.001878
-0.00174523
-0.00231838
-0.00338819
-0.00384063
-0.00301914
-9.2226E-4
7.13711E-4
7.5053E-4
1.98227E-4
1.63891E-4
0.00106476
0.00315067
0.00540124
0.00705498
0.00658046
0.00410356
2.50505E-4
-0.00398561
-0.00754138
-0.00902442
-0.00797765
-0.00646146
-0.00703596
-0.00843125
-0.00578533
0.00230184
0.0109695
0.0152032
0.0140384
0.00950163
0.00468032
7.91363E-4
-0.00148955
-0.00182656
-0.00207549
-0.00529582
-0.0105118
-0.0139763
-0.0138073
-0.0132696
-0.012696
-0.00965605
-0.00414104
0.00155149
0.0070819
0.0118669
0.0156709
0.0182566
0.018417
0.0151566
0.0100011
0.00440358
-0.00158527
-0.00722379
-0.0111193
-0.0122719
-0.0125876
-0.0129806
-0.010374
-0.00539303
-0.00152011
4.33853E-4
0.00213615
0.00421236
0.00617891
0.00793271
0.00999546
0.0118667
0.0123008
0.0109577
0.00843851
0.00606282
0.0039672
0.00109136
-0.00361047
-0.0095006
-0.0142833
-0.0159769
-0.0141384
-0.0107185
-0.00596508
4.88377E-4
0.00677992
0.0111295
0.0130356
0.0131922
0.013041
0.0133474
0.0137352
0.0132442
0.010074
0.00554481
0.00257684
0.00223695
0.00368273
0.00483844
0.00340136
-1.27704E-4
-0.00295753
-0.00441857
-0.00496851
-0.00546472
-0.00662892
-0.00770774
-0.00777997
-0.00673386
-0.00476256
-0.0033274
-0.00380526
-0.00636036
-0.00974366
-0.010534
-0.0090317
-0.00658095
-0.00183361
0.00349207
0.00688224
0.00765597
0.00690258
0.00544721
0.0032284
0.00128973
6.98172E-4
8.94199E-4
-1.65336E-4
-0.00323244
-0.00660361
-0.00826629
-0.00846744
-0.00914423
-0.0102765
-0.0106082
-0.00931394
-0.00710017
-0.00610967
-0.00713898
-0.00879291
-0.00811328
-0.003396
0.00345189
0.0076221
0.00685017
0.00386183
0.00168301
0.00163829
0.00247128
0.00171014
-0.0016971
-0.00604377
-0.00824927
-0.00696726
-0.00437389
-0.00375069
-0.00479486
-0.00503237
-0.00289051
0.00134177
0.00479233
0.00409593
0.00132011
3.29371E-4
0.00223521
0.00440523
0.00466986
0.00382369
0.00389431
0.00594035
0.00879261
0.0101635
0.00925391
0.00674831
0.00347239
8.33459E-4
-2.34585E-4
-9.26976E-4
-8.38243E-4
6.63566E-4
0.00233565
0.00121334
-0.00281665
-0.00578975
-0.00554893
-0.00385114
-0.0032795
-0.00527144
-0.00765333
-0.00822909
-0.00758581
-0.00513365
-0.00158671
0.00103648
6.8915E-4
-0.00155799
-0.00342001
-0.00424005
-0.00435747
-0.00369944
-0.00196239
2.99274E-4
0.00179629
0.00227807
0.0021749
0.00214523
0.00270234
0.00417409
0.00627421
0.00883081
0.0110252
0.0118442
0.0120752
0.0117723
0.00950311
0.00488645
0.00190705
0.0018214
0.00145139
-0.00127717
-0.00511788
-0.00774121
-0.00758395
-0.00529335
-0.00275323
-0.00205139
-0.0040222
-0.00705594
-0.00848391
-0.00732335
-0.00487198
-0.00419168
-0.00574735
-0.00747541
-0.00811336
-0.00608331
-0.00275649
-7.54073E-4
-5.16125E-4
-0.00164771
-0.00381767
-0.00559553
-0.00595684
-0.00484019
-0.00310601
-5.90928E-4
0.00140619
0.00221692
0.00251719
0.00366105
0.00582771
0.00794513
0.00775436
0.00444226
-4.19069E-4
-0.00507779
-0.00855242
-0.00934377
-0.00858066
-0.00790752
-0.00675912
-0.00314758
0.00351985
0.00977771
0.0138501
0.0149739
0.0127602
0.00962577
0.00770984
0.00558276
0.00179029
-0.00204214
-0.00490639
-0.00441506
-9.8156E-4
0.0027815
0.00524044
0.00534086
0.00401191
0.00190443
-0.0013615
-0.00472542
-0.00589033
-0.00441336
-0.00266919
-0.00264095
-0.00388918
-0.00537346
-0.00562937
-0.00326589
3.60381E-4
0.00300476
0.00337216
0.00149745
-8.29671E-4
-0.00128172
-3.1034E-4
2.7134E-4
-3.03711E-4
-0.00157572
-0.00214703
-0.00139108
8.34408E-4
0.00407628
0.00603038
0.00575673
0.00429935
0.00252686
0.00139612
5.36275E-6
-0.00164021
-0.00280047
-0.00294308
-0.00209026
-4.61917E-4
3.66037E-4
4.21689E-4
0.00150608
0.00253761
0.00216828
0.00231621
0.00415167
0.00735819
0.011218
0.0139783
0.0139037
0.0108741
0.00643842
0.00222983
-0.00147595
-0.0048559
-0.00722473
-0.00906063
-0.00998877
-0.00980013
-0.00865569
-0.00699965
-0.00487675
-0.00284755
-9.89083E-4
-1.0695E-4
1.76754E-4
0.00158252
0.00326533
0.00452562
0.00371678
0.00236817
0.00263272
0.00480007
0.00621211
0.00518662
0.00137289
-0.00336376
-0.0062174
-0.0063732
-0.00620146
-0.00711798
-0.00928895
-0.0106097
-0.00986995
-0.00700465
-0.0031485
-0.00111047
-0.00185943
-0.00162291
0.00313527
0.0102651
0.01545
0.0168047
0.0151527
0.012183
0.00873787
0.00472618
-5.17776E-4
-0.00564535
-0.0081537
-0.00772452
-0.00537618
-0.00246198
-1.88798E-4
7.71361E-4
0.00162638
0.00255577
0.00215537
3.85769E-4
-0.00184261
-0.00297194
-0.00253042
-0.0014728
-0.00135146
-0.00151234
-5.11695E-4
0.00142217
0.0035889
0.00455882
0.00339602
9.68869E-4
-4.06412E-4
-4.10848E-5
2.6304E-4
-0.00169333
-0.0043813
-0.00574397
-0.00419358
-0.00106007
4.49827E-4
-0.00112172
-0.00488117
-0.00657883
-0.00462827
-0.00225978
-0.00101191
-2.71822E-4
7.99385E-4
0.00224012
0.00327097
0.00335943
0.00290246
0.00174785
3.87664E-4
1.41608E-4
5.94282E-4
7.1457E-4
-3.83982E-5
-0.00102147
-0.00110786
7.24519E-6
0.00214861
0.00397622
0.00506425
0.00612806
0.00751651
0.00911408
0.0100708
0.0099377
0.00851021
0.00659698
0.00407447
9.75471E-4
-9.24155E-4
-0.00153883
-0.00310342
-0.00628293
-0.00945508
-0.0100086
-0.00832559
-0.00625901
-0.00385071
-0.00125224
0.00132748
0.00296503
0.00406382
0.00522978
0.0055944
0.00437576
0.00258893
0.00136033
0.00155959
0.00310027
0.00416014
0.00334693
0.00158545
0.00154531
0.00327551
0.00364035
0.00180042
-4.51042E-4
-0.00167259
-0.00128625
3.18787E-4
0.00134788
9.14037E-4
-1.7833E-4
-2.71529E-4
0.00190947
0.00514977
0.00634411
0.0042738
5.40019E-4
-0.00298315
-0.00484571
-0.00544956
-0.00590312
-0.00691385
-0.00876353
-0.0110683
-0.012491
-0.0112566
-0.00853529
-0.00724423
-0.00775792
-0.00784025
-0.00590359
-0.00353059
-0.00242373
-0.00170421
-4.4615E-4
0.00131538
0.0034721
0.00553424
0.0063896
0.00611735
0.00578399
0.00578893
0.00508821
0.00265283
-1.33331E-4
-0.00137141
-0.00147743
-0.00226245
-0.00357135
-0.00405375
-0.00335038
-0.0021149
-8.50681E-4
9.17283E-4
0.00247317
0.00249928
0.00129463
0.00176373
0.00418207
0.00597575
0.00447249
0.00112417
-9.08517E-4
-6.23369E-4
8.70472E-4
0.00145677
9.47153E-4
4.63261E-4
7.00463E-4
0.00204819
0.00331922
0.00337308
0.0027768
0.00157779
6.84161E-4
5.59715E-4
-2.14646E-4
-0.00193609
-0.00380175
-0.00582146
-0.00799509
-0.0104855
-0.0121258
-0.0120074
-0.0107811
-0.00913087
-0.00679657
-0.00350096
-0.00119562
-8.54587E-5
2.85243E-4
-8.67055E-4
-0.0023595
-0.00307521
-0.00305182
-0.00246168
-7.78611E-4
0.00188548
0.00394889
0.00447956
0.00476094
0.00607157
0.00791593
0.00900657
0.00752906
0.00433945
0.00289704
0.00359038
0.00399217
0.00202524
-7.7091E-4
-0.00229805
-0.00195189
-3.55558E-4
0.00110286
0.0012947
7.10952E-4
3.85029E-4
4.06411E-4
1.16752E-4
3.90928E-4
0.00129422
0.00321262
0.00635094
0.00927515
0.011559
0.012224
0.0117145
0.010751
0.00873444
0.00613139
0.00402903
0.00245462
0.00153536
-6.81214E-5
-0.00324108
-0.00591153
-0.00681774
-0.0064878
-0.00612152
-0.00580499
-0.0044292
-0.00212443
-3.30255E-4
4.15778E-4
7.41778E-4
0.00174427
0.00261949
0.00217856
0.00106698
-1.64572E-4
-5.5793E-4
2.70491E-4
8.12506E-4
-2.83751E-4
-0.00280634
-0.00481996
-0.00540721
-0.0049519
-0.0044792
-0.00400489
-0.00298264
-0.00196273
-0.00123765
-1.12498E-4
0.00147498
0.00308032
0.00428115
0.00424825
0.00260717
-1.56254E-4
-0.00246489
-0.00309675
-0.00273466
-0.00187179
-0.00136754
-0.00174571
-0.00275854
-0.00342096
-0.0029626
-0.00103167
0.00154114
0.00416727
0.00644878
0.00690564
0.00539924
0.00334127
0.00155075
0.00105037
0.0011341
-3.70969E-4
-0.00270747
-0.00392324
-0.00422703
-0.00424082
-0.00450255
-0.00501334
-0.00443075
-0.00276251
-0.001352
-8.95751E-4
-5.02441E-4
3.6518E-4
0.00235422
0.00528407
0.00771875
0.00810149
0.00651394
0.00503208
0.0046793
0.00453264
0.0034945
7.37309E-4
-0.00271266
-0.00467885
-0.00417752
-0.00205544
7.11783E-4
0.00267597
0.00291677
0.00180209
6.28808E-4
-4.19791E-4
-0.00170068
-0.00331879
-0.00525047
-0.00616934
-0.00595436
-0.00559675
-0.00548404
-0.00474735
-0.00278874
-9.62624E-4
5.12659E-4
0.00194743
0.00246136
0.00161957
8.37749E-4
9.21843E-4
0.00138886
0.00196625
0.00356914
0.00538289
0.00579286
0.00477485
0.00261481
8.39535E-4
7.16113E-4
0.00135096
0.00150176
8.25108E-4
-2.44988E-4
-3.90381E-4
6.25595E-4
0.00108197
2.10774E-4
-2.60891E-4
1.31493E-4
2.57976E-6
-4.27951E-4
-6.23472E-4
-5.81461E-4
-5.22851E-4
-5.12139E-4
-1.11223E-4
0.0010388
0.0015891
2.72917E-4
-0.00170874
-0.00274405
-0.0033027
-0.00357757
-0.00211652
-1.30741E-4
5.98271E-4
8.94541E-5
-8.14272E-4
-9.26448E-4
-2.87456E-4
6.93673E-4
0.00113608
2.3472E-4
-0.00150713
-0.00280016
-0.00215591
5.93947E-4
0.00359527
0.00433157
0.00196285
-0.00151714
-0.00332119
-0.00229207
-7.96481E-4
-7.83231E-4
-0.00203362
-0.00427862
-0.00607116
-0.00601968
-0.00435657
-0.0024431
-9.44419E-4
6.03915E-4
0.00131619
0.00113138
9.79851E-4
0.00149174
0.0025319
0.00267085
9.72078E-4
-0.00166622
-0.00290618
-0.00184612
-2.79798E-4
8.72483E-4
0.00110458
6.18632E-4
7.77259E-4
7.64973E-4
-4.92778E-4
-0.00265843
-0.00455587
-0.00521868
-0.0053044
-0.00440319
-0.00269154
-0.00114933
1.95453E-4
0.002145
0.00540814
0.00810952
0.00871954
0.00740808
0.00509781
0.00302633
0.00180948
5.5068E-4
-0.00165185
-0.00400553
-0.00549396
-0.00601856
-0.00659601
-0.00772495
-0.00788048
-0.00643891
-0.00471455
-0.00412695
-0.00442804
-0.00422481
-0.0037927
-0.00244204
-8.48584E-4
0.00100117
0.00257785
0.00297363
0.0027998
0.00323526
0.00327617
0.0028233
0.00228544
0.00122174
-2.75009E-4
-0.00138725
-0.00119902
3.28273E-4
0.00238202
0.00411542
0.00450962
0.00432932
0.00488978
0.00552901
0.00501887
0.00284167
2.81994E-4
-0.00117707
-9.55973E-4
-9.67327E-4
-0.00226039
-0.00428354
-0.0050352
-0.00450426
-0.00357135
-0.00244385
-0.00160903
-0.00154427
-0.00149605
-0.00120882
-0.00148828
-0.00183214
-0.00183747
-0.00169283
-0.00169339
-0.00220893
-0.00341734
-0.0039771
-0.00272852
-0.00130069
-0.00117316
-0.00175377
-0.00200915
-0.00161736
-1.53621E-4
0.00204306
0.00328213
0.00363047
0.00453134
0.00609614
0.00716088
0.00707685
0.00600119
0.00394605
0.00170994
3.00103E-4
-3.58236E-4
-0.00163931
-0.00389534
-0.00555941
-0.00520658
-0.00343491
-0.00239249
-0.00245897
-0.00160943
6.82974E-4
0.003533
0.00612261
0.00734806
0.00778697
0.00871601
0.00951411
0.0089032
0.0070962
0.00497033
0.00386698
0.00376718
0.00225104
-0.00117454
-0.00453423
-0.00608082
-0.00561507
-0.00394432
-0.00197221
-0.00133717
-0.00189816
-0.00191834
7.58646E-5
0.0025354
0.00343309
0.00352366
0.00343053
0.00266719
0.00161343
0.00169357
0.00180234
0.00141445
0.00114017
0.00141956
0.00203547
0.00204339
0.00221651
0.00221128
0.00113654
-5.43356E-4
-0.00179681
-0.00226764
-0.00299651
-0.00413262
-0.00466527
-0.00420401
-0.00291975
-0.00167373
-0.00118514
-0.00107544
-0.00120914
-3.81053E-4
0.0017734
0.00469374
0.00721775
0.00800073
0.0066623
0.00494461
0.00433587
0.00388498
0.0026794
9.77396E-4
-6.15609E-4
-0.00189243
-0.00250477
-0.00196523
-0.00138379
-0.00156953
-0.00260368
-0.00434201
-0.00515263
-0.00478987
-0.0043546
-0.00441655
-0.00470293
-0.00480104
-0.0043689
-0.00310357
-0.00182184
-0.00149281
-0.00101289
5.02258E-4
0.00187575
0.00305125
0.00432523
0.0053518
0.00590692
0.00601254
0.00493261
0.00288549
9.5416E-4
-1.98342E-4
-0.00131949
-0.00220802
-0.0030682
-0.0041848
-0.00532547
-0.00510086
-0.00397106
-0.00260527
-0.00176481
-0.00176971
-0.00159478
-3.69059E-4
9.66078E-4
0.00125577
8.90089E-4
7.01328E-4
8.68334E-4
0.00108249
0.00113255
0.00106917
0.00103129
0.00105102
0.0010691
9.93441E-4
5.10069E-4
-3.709E-4
-0.00118567
-0.00218321
-0.0026455
-0.00160197
-1.60793E-4
6.36557E-4
0.00191975
0.00454784
0.0073015
0.00842223
0.00767135
0.00635361
0.00526075
0.00366156
0.00156706
-7.19408E-4
-0.00280257
-0.00476548
-0.0058841
-0.00584495
-0.00503653
-0.00336804
-0.00120467
3.55857E-4
9.75622E-4
8.78318E-4
7.63014E-4
9.33113E-4
0.0011805
0.00135256
0.00178988
0.00248388
0.00226921
0.00138334
0.00190792
0.00367012
0.00346941
3.08538E-4
-0.00300145
-0.00379567
-0.0023633
-9.85215E-4
-0.00110628
-0.00189482
-0.00223236
-0.00199111
-0.00162211
-0.00114244
-0.00108496
-0.00177191
-0.00211986
-0.001355
3.23382E-4
0.00197321
0.00322255
0.00437869
0.00563106
0.00644475
0.00628
0.00473344
0.00194232
-4.11212E-4
-0.00102294
-5.00027E-4
-3.01397E-4
-0.0011572
-0.00233475
-0.00275586
-0.00289497
-0.00275778
-0.00160028
1.41216E-4
0.00205495
0.00330571
0.00276216
0.00143395
5.23477E-4
-3.57569E-4
-0.00148764
-0.00230116
-0.00225898
-0.00150248
-6.74405E-4
-1.2572E-4
3.59866E-4
9.76445E-4
0.00165496
0.00170851
7.73822E-4
-0.00122328
-0.00291496
-0.00297193
-0.00230819
-0.00204221
-0.00194541
-0.00209351
-0.00272743
-0.00301468
-0.00273448
-0.00193821
-0.00105178
-4.12132E-4
8.30645E-5
3.63137E-4
0.00141241
0.00316473
0.0047722
0.00592921
0.00602445
0.00558632
0.00486967
0.00373873
0.00275166
0.00156871
-3.48524E-4
-0.00207326
-0.00293219
-0.00367795
-0.00553782
-0.00730089
-0.00796853
-0.00747772
-0.00671643
-0.00662117
-0.00668105
-0.00536532
-0.00287622
-3.30805E-4
0.0015116
0.00249708
0.00296436
0.00365831
0.00439874
0.00461179
0.00424808
0.00281987
0.00130344
5.7359E-4
4.79416E-4
6.38917E-4
6.46809E-4
5.27261E-4
7.37958E-4
0.00224165
0.00433758
0.0050236
0.00358533
9.32931E-4
-0.00104736
-0.00128451
-7.86482E-4
-0.00126046
-0.00248606
-0.00360543
-0.00390247
-0.0028604
-0.00109098
4.61704E-4
0.00148683
0.001977
0.00257785
0.00337487
0.00406305
0.00364109
0.00132595
-0.00175069
-0.00354078
-0.00304171
-0.00210622
-0.00328506
-0.0052702
-0.00553335
-0.00345386
-8.32453E-4
5.15628E-4
3.01553E-4
-9.15431E-4
-0.001678
-0.00166445
-1.82959E-4
0.00115429
9.03338E-4
-3.44057E-4
-6.21116E-4
-7.09163E-4
-0.00162255
-0.00215586
-0.0010711
0.00118396
0.00402596
0.00474528
0.00183076
-6.5302E-4
-3.1052E-4
0.00124111
0.00237286
0.00215831
4.28445E-4
-0.00197282
-0.00293512
-0.00232364
-0.00154376
-0.00110776
-0.00166974
-0.00223056
-0.0013195
6.21606E-4
0.00221006
0.00263539
0.00272984
0.00256068
0.00297579
0.00367176
0.00391099
0.00398358
0.00466844
0.00548041
0.0058335
0.00418876
0.00106527
-0.00118461
-0.00188092
-0.00168485
-0.00180713
-0.00282034
-0.00361778
-0.00334561
-0.00220703
-0.00129357
-4.12481E-4
6.04184E-4
0.00125708
0.0018401
0.00179999
4.32738E-5
-0.00218976
-0.00321338
-0.00231357
-8.21977E-4
6.99516E-4
0.00129736
8.53994E-4
2.18255E-4
-6.38702E-4
-0.00170431
-0.0021524
-0.00194867
-0.00176493
-0.00180458
-0.00172111
-7.94174E-4
6.67155E-4
0.00148373
0.00219343
0.00348659
0.00442105
0.00304211
6.57879E-4
-2.51132E-4
-2.76383E-4
-4.80256E-4
-0.00138327
-0.00194638
-0.00104039
6.08353E-4
0.00147013
0.00198302
0.00272627
0.00258051
0.00197157
0.00185012
0.00209887
0.00205497
0.00121606
4.92538E-4
1.04E-4
-9.30425E-4
-0.00122758
-7.09389E-4
-4.16404E-4
-5.95549E-4
-8.41583E-4
-8.75021E-4
-9.73143E-4
-0.00164095
-0.00222341
-0.00217317
-0.0018621
-0.00158221
-0.00114738
-0.00139527
-0.00192069
-0.0016102
3.69486E-4
0.00247757
0.00290925
0.00207933
9.36841E-4
5.97543E-4
0.00104833
0.00185151
0.00341109
0.00408965
0.00270022
2.36774E-4
-0.00180574
-0.00217507
-0.00152242
-0.00120407
-0.00150205
-0.00188512
-0.00196733
-0.00184702
-0.00190469
-0.0024609
-0.00235
-0.00176728
-0.00156838
-0.00175852
-0.00191847
-0.001849
-0.00150788
-8.86588E-4
-0.0011144
-0.00174484
-0.00165588
-5.83673E-4
3.0547E-4
6.59328E-4
-1.71525E-4
-0.00139953
-9.40127E-4
8.43619E-4
0.00150267
8.17077E-5
-0.00185127
-0.00239425
-0.00180254
-0.00139323
-0.00157253
-0.00186462
-0.00156284
1.13804E-4
0.00163523
0.00248502
0.00307203
0.00269785
0.00179885
9.03685E-4
6.28509E-4
6.2485E-4
-3.09304E-4
-0.00179831
-0.00267451
-0.0031825
-0.00322051
-0.00244665
-0.00178881
-0.0014628
-2.21827E-5
0.00193275
0.00278144
0.00284843
0.00191122
2.10982E-5
-5.36025E-4
-5.02813E-4
-0.00129588
-0.00211144
-0.00223852
-0.00202935
-0.00194587
-0.00186648
-0.00144225
-0.00166957
-0.0022325
-0.00237551
-0.00216408
-0.00197167
-0.00197541
-0.0020711
-0.00210432
-0.00201577
-0.00154096
2.38483E-4
0.00239397
0.00350362
0.00279626
0.00158517
4.28955E-4
-0.00117127
-0.00205344
-0.0018335
-0.00145321
-0.0014661
-0.00171639
-0.00187565
-0.00185316
-0.00175968
-0.00171174
-0.0019163
-0.00248589
-0.00226882
-0.00156738
-8.15165E-4
5.14063E-4
0.00140801
0.00160881
0.00228206
0.00356931
0.00389323
0.00213145
6.04083E-4
9.19255E-4
0.00238684
0.00297122
0.00186067
7.53992E-4
7.273E-4
9.9257E-4
1.83262E-4
-0.00139466
-0.00211788
-0.0015166
-1.10442E-4
0.001345
0.00233158
0.00238395
0.00173347
8.41949E-4
5.51886E-4
5.44189E-4
-3.32977E-4
-0.00175284
-0.00257212
-0.00272635
-0.00210987
-0.00162445
-0.00173909
-0.00202103
-0.00199819
-0.00123138
5.10869E-4
0.00233922
0.00444089
0.00509384
0.00392052
0.00300536
0.00320809
0.00368026
0.00313651
9.55401E-4
-0.00136847
-0.0030643
-0.00449121
-0.00499241
-0.00449246
-0.00359489
-0.00328572
-0.0032663
-0.00239113
-7.39731E-4
5.74066E-4
7.46659E-4
3.4376E-4
1.99348E-4
4.17868E-4
6.83004E-4
0.00105188
0.00184006
0.00258894
0.0032362
0.00325185
0.00266695
0.00285696
0.00345035
0.00333485
0.00206477
6.23825E-4
2.6699E-4
6.89018E-4
9.48899E-4
7.49844E-4
1.86324E-4
-6.60535E-4
-0.00103642
-5.54864E-4
4.78748E-4
9.44875E-4
7.31012E-4
8.01961E-4
0.00195742
0.00338865
0.00380322
0.00341946
0.0031458
0.00326952
0.00344624
0.00307012
0.00125397
-0.00168481
-0.00334186
-0.00388532
-0.00443511
-0.00484702
-0.00497211
-0.00497705
-0.00488307
-0.00393745
-0.00173655
2.54626E-4
0.00109989
0.00132021
0.00184877
0.00234214
0.00249797
0.00239464
0.00193568
0.00116927
8.71823E-4
0.00114061
0.00177876
0.00254341
0.00273326
0.00251969
0.00246805
0.00293741
0.00336356
0.00242042
5.67651E-4
-0.00105617
-0.00180975
-0.00164924
-0.00135512
-0.00132429
-0.00109326
-3.71616E-4
3.70422E-4
0.00102017
0.00117483
0.00103688
9.86543E-4
0.00104536
6.78256E-4
1.38829E-4
-2.49263E-4
-9.31542E-4
-7.61439E-4
-3.11693E-4
-6.02098E-4
-0.00116723
-4.4421E-4
9.10178E-4
0.00134405
8.6733E-4
1.22378E-4
-2.31322E-4
-1.86855E-4
-9.97792E-4
-0.00197266
-0.00176277
-0.00125843
-0.0015581
-0.0015144
-8.19153E-4
-3.88131E-4
-5.77818E-6
5.80291E-4
8.0486E-4
6.75384E-4
4.66078E-4
-1.54671E-4
-0.00140851
-0.0023494
-0.0023484
-0.00181888
-5.99272E-4
7.9058E-4
0.00111745
0.00119887
0.00165189
0.00131512
-5.1663E-4
-0.00229527
-0.00240302
-0.00168949
-0.00143843
-0.00175309
-0.00206835
-0.00204787
-0.00161234
1.26744E-4
0.00231122
0.00227733
8.56399E-4
1.66109E-4
1.56714E-4
6.61892E-4
0.00130541
0.00140668
0.00110395
7.80845E-4
3.10817E-4
4.16344E-4
0.00107986
0.0013672
0.00118066
9.7389E-4
0.00100341
0.00126769
0.00187665
0.00189665
0.00126997
8.55678E-4
5.24642E-4
6.03632E-4
5.42369E-4
-1.09695E-4
-0.00106634
-0.00171643
-0.0017035
-0.00142622
-0.00108298
9.51075E-5
0.00133513
0.00167022
0.00214875
0.0034448
0.00433468
0.00427209
0.0039205
0.00365367
0.00283247
0.00155635
0.00106389
0.00196183
0.00383053
0.00463328
0.0037716
0.00192353
-1.50779E-4
-0.0013448
-0.00107604
-0.0010141
-0.0013943
-0.00176221
-0.00189865
-0.00182823
-0.00155085
-5.75131E-4
-1.55602E-4
-0.00132881
-0.00217999
-0.00197601
-0.00148715
-0.00136496
-0.00154704
-0.00170379
-0.00170175
-0.0016357
-0.00161143
-0.00162665
-0.00163986
-0.00185163
-0.00260194
-0.0029291
-0.00201163
-0.00119429
-0.00118252
-9.05449E-4
6.30147E-4
0.00175822
0.00166104
0.00121471
0.00128928
0.00251106
0.00478016
0.00616415
0.0053316
0.00276377
7.62054E-4
3.11639E-4
-1.31401E-4
-9.07306E-4
-0.00132942
-0.00172857
-0.00175792
-0.00130718
-0.00107437
-0.00118101
-0.00135869
-0.00136063
-0.00123368
-0.0010259
-4.2704E-4
-1.95225E-4
5.75537E-4
0.00106875
0.00174325
0.00319042
0.00479596
0.00555374
0.0048072
0.00366625
0.00258347
0.00172157
0.00148685
8.37976E-4
-8.71348E-4
-0.00270309
-0.004641
-0.00567582
-0.00501808
-0.00375099
-0.00302289
-0.00271184
-0.00230402
-0.00163444
-0.0011929
-5.81295E-4
4.24383E-5
1.674E-4
-1.35522E-5
-1.71486E-4
-3.56884E-4
-0.00106807
-0.00164354
-0.00160288
-0.00135249
-0.00128176
-0.00112649
-4.39299E-4
3.41731E-5
-7.25927E-6
2.84276E-4
0.00154446
0.00279487
0.00296376
0.00235611
0.00104377
-3.92532E-4
-7.84458E-4
-9.86075E-4
-0.00149768
-0.00201297
-0.00284201
-0.00343368
-0.00345777
-0.00328421
-0.00325229
-0.00332981
-0.00306347
-0.0021699
-0.00128146
-6.35465E-4
-5.43604E-4
-5.66868E-4
4.85122E-4
0.00213555
0.00260045
0.0020782
0.00139106
1.22785E-4
-0.00124021
-0.0023459
-0.0034482
-0.00415006
-0.00462945
-0.00426898
-0.00341353
-0.00225195
-0.0012596
-0.00112713
-0.00143066
-0.00154503
-0.00140469
-0.00121522
-0.00117003
-0.0012698
-0.00135924
-0.00147823
-0.0019611
-0.00210305
-0.00184123
-5.85848E-4
5.65312E-4
0.00102258
0.00217475
0.00288691
0.00214411
0.00104195
3.13754E-4
3.2205E-4
2.85854E-4
-2.43467E-5
-2.45645E-4
-7.98799E-4
-0.00157788
-0.0022239
-0.00209786
-0.0011265
-1.69754E-4
4.00821E-4
-7.11475E-5
-9.61749E-4
-0.00177469
-0.00194211
-0.00155371
-9.49284E-4
7.63373E-5
0.0012131
0.00195523
0.00248874
0.00260652
0.00212397
0.00137436
0.00107488
3.43594E-4
-5.79941E-4
-0.00101278
-0.00139819
-0.00207445
-0.0024678
-0.00171685
-6.64898E-4
3.6683E-4
0.00141664
0.00185311
0.00206461
0.00307091
0.00446851
0.00499362
0.0046951
0.00439407
0.00442738
0.00452718
0.00375603
0.00208024
0.00118685
6.05134E-4
-6.91409E-4
-0.00159815
-0.00276367
-0.00486818
-0.00538273
-0.00360482
-0.0014434
-5.57915E-4
-1.13017E-4
4.5248E-4
7.65632E-4
0.00128432
0.00159858
0.0015854
0.00149029
0.00148317
0.00153443
0.00141464
5.70292E-4
-8.38334E-4
-0.00160875
-0.00154087
-0.0018597
-0.00256494
-0.00266996
-0.00172505
-7.44043E-4
1.33979E-4
0.00113721
0.00160834
0.0014676
0.00129993
0.0013945
0.0015383
0.00125175
9.8829E-5
-0.00123506
-0.00166556
-0.00164746
-0.00217522
-0.00243228
-0.00163847
-5.4322E-4
6.12341E-4
0.00105518
2.89876E-4
-6.18237E-4
-4.24137E-4
0.00121829
0.00216647
0.00184372
0.00131588
0.00145039
0.00282388
0.00453712
0.00474327
0.00301052
4.62503E-4
-0.00120791
-0.00207429
-0.0029873
-0.00382179
-0.00404889
-0.00379594
-0.00298614
-0.0017395
-8.87861E-4
-2.25842E-4
9.97395E-4
0.00262678
0.00389293
0.00383727
0.00334951
0.00221082
0.00137381
0.0015046
0.00186326
0.00186029
0.00157829
0.0010104
-5.34283E-4
-0.00165876
-0.00152961
-0.00103542
-9.70576E-4
-0.0012492
-0.00146019
-0.00145324
-0.00134667
-0.0012566
-9.8543E-4
-5.18382E-4
-7.74421E-4
-9.62123E-4
9.5567E-5
0.00192678
0.00324233
0.00325521
0.0023452
7.6845E-4
-9.80366E-4
-0.00130876
1.20788E-4
0.00166641
0.00142111
7.24192E-4
-1.32726E-5
-7.72894E-4
-2.30901E-4
0.00133471
0.0020993
0.00174659
0.00131943
0.00135409
0.00161217
0.00196914
0.00273365
0.00326839
0.00300305
0.00194967
0.0012933
0.00144637
0.0014023
-1.5526E-4
-0.00154039
-0.00153612
-9.96383E-4
-8.6667E-4
-0.00127893
-0.00207658
-0.0020689
-0.0012726
-7.24108E-4
-2.36004E-4
3.32785E-4
0.00107445
0.0016687
0.00172975
0.00157212
0.00154964
0.00165645
0.00172106
0.0015566
8.30554E-4
2.19377E-4
5.56231E-4
3.3754E-4
-3.48267E-4
-8.43917E-4
-0.00115799
-0.00112688
-7.13149E-4
6.32575E-4
0.00192396
0.00200021
0.00147732
0.00130203
0.00155305
0.00169947
0.00112386
1.19012E-4
-7.05971E-4
-0.00122297
-0.00123063
-0.00105891
-9.99905E-4
-9.77636E-4
-5.20958E-4
2.01863E-4
3.32562E-4
-4.01377E-4
-0.00129107
-0.00140944
-0.0010579
-8.80301E-4
-9.98633E-4
-0.00116188
-0.00119724
-0.00113336
-9.96953E-4
-4.51074E-4
7.34112E-4
0.00181397
0.0019585
0.00160612
0.00147744
0.00166509
0.00187056
0.00190585
0.00176803
0.00119665
-6.49046E-5
-0.00115701
-0.00126424
-8.98628E-4
-8.05133E-4
-0.00105279
-0.0012691
-0.00127131
-0.00117437
-0.00111579
-0.00100567
-2.22976E-4
0.00143459
0.00221866
0.00188355
0.00146331
0.00151982
0.00180389
0.00190708
0.00148384
2.57942E-4
-0.00101852
-0.00131455
-9.34144E-4
-7.12528E-4
-8.66294E-4
-0.00108914
-0.00113821
-0.00105564
-9.88988E-4
-9.93644E-4
-0.00102764
-0.00104304
-0.00103503
-0.00101437
-9.7347E-4
-7.40639E-4
2.23591E-4
0.00162658
0.00239675
0.00270579
0.00221735
0.00162383
0.00160796
0.00168174
8.14608E-4
-6.69364E-4
-0.0014946
-0.00176101
-0.0012574
-6.85025E-4
-5.76231E-4
-1.967E-4
3.65525E-4
5.28516E-4
2.28683E-4
-5.49145E-4
-0.00118407
-0.00113484
-6.87854E-4
7.96999E-5
6.39248E-4
4.37087E-4
-5.15067E-4
-0.00127903
-0.00121218
-8.35877E-4
-7.38499E-4
-9.14135E-4
-0.0010704
-0.00106171
-9.01503E-4
-4.10233E-4
-1.34761E-4
-2.77115E-4
-4.82836E-4
-8.66723E-4
-6.00293E-4
-1.66444E-4
-5.99552E-5
2.29005E-4
3.0768E-4
-2.69516E-4
-0.00107111
-0.00123393
-9.47447E-4
-7.79266E-4
-8.76119E-4
-0.00104091
-0.00124213
-0.00215706
-0.00355698
-0.00356263
-0.00194669
-5.32868E-4
-5.04962E-4
-9.9698E-4
-3.32997E-4
0.00151663
0.00240762
0.0020813
0.00162652
0.00162735
0.00185163
0.00197455
0.00194523
0.00194337
0.00242335
0.00359992
0.00422891
0.00323469
0.00203731
0.00213969
0.00229357
0.00196431
0.00104935
-8.96801E-4
-0.00282257
-0.00371915
-0.00334329
-0.00252944
-0.0022959
-0.00157545
-9.13323E-4
-8.85503E-4
-0.00105688
-7.86141E-4
7.19839E-5
5.88073E-4
4.43939E-4
2.11093E-6
-7.23991E-4
-0.00115184
-0.00122203
-0.00177616
-0.00252702
-0.0032842
-0.00359784
-0.00325699
-0.00220453
-9.60891E-4
-5.25078E-4
-6.39519E-4
-1.14956E-5
0.00136258
0.00210195
0.00189592
0.00151861
0.00129936
5.91739E-4
-5.19124E-4
-0.00101687
-8.10597E-4
-5.86874E-4
-7.89035E-4
-0.00156916
-0.00212202
-0.0015136
-5.9758E-4
-4.31304E-4
-7.3682E-4
-6.77683E-4
4.70104E-4
0.00113876
2.29797E-4
-3.52E-4
6.67888E-5
3.14957E-5
-5.80215E-4
-8.88398E-4
-7.70847E-4
-6.13683E-4
-6.22363E-4
-7.16479E-4
-7.65931E-4
-7.43252E-4
-7.03449E-4
-6.87484E-4
-6.85274E-4
-6.78499E-4
-6.69584E-4
-6.57442E-4
-6.32876E-4
-5.46014E-4
-9.67682E-5
5.88584E-4
0.00115452
0.00140507
5.36235E-4
-8.23263E-4
-0.00113402
-6.16854E-4
6.3451E-6
1.78766E-4
-4.64651E-4
-9.71783E-4
-0.00108357
-6.06604E-4
5.62747E-4
0.00102732
6.84339E-4
3.27223E-4
3.58804E-4
5.49279E-4
6.08131E-4
5.82742E-4
8.43105E-4
0.00142656
0.00167557
0.00153258
0.00136698
0.00132728
0.00108861
5.48106E-4
3.3546E-4
7.28446E-4
0.00111951
6.7566E-4
-8.47897E-5
-6.73858E-4
-7.47437E-4
-5.3819E-4
-4.44278E-4
-5.28949E-4
-6.44142E-4
-6.81293E-4
-6.16043E-4
-5.48134E-4
-5.38402E-4
-5.59789E-4
-5.77026E-4
-5.86068E-4
-6.05859E-4
-6.16661E-4
-6.07813E-4
-5.92748E-4
-5.8321E-4
-5.77149E-4
-5.60423E-4
-5.11481E-4
-4.7613E-4
-4.94568E-4
-5.00066E-4
-4.99554E-4
-4.73564E-4
-4.4027E-4
-4.23826E-4
-4.12841E-4
-4.00657E-4
-3.91289E-4
-3.81095E-4
-3.71874E-4
-3.66164E-4
-3.57605E-4
-3.45334E-4
-3.2453E-4
-2.28525E-4
1.80584E-4
6.7289E-4
0.00103971
9.64866E-4
7.36701E-4
1.97904E-4
-4.15739E-4
-5.08954E-4
-3.03315E-4
-2.06905E-4
-2.87412E-4
-3.77916E-4
-3.66663E-4
-3.18038E-4
-2.89059E-4
-1.83661E-4
4.29212E-4
0.00124642
0.00115537
3.97867E-4
-1.94696E-4
-4.31639E-4
-5.47679E-4
-5.32822E-4
-2.44017E-4
-1.0995E-4
-2.0621E-4
-3.07842E-4
-2.9153E-4
-2.15071E-4
-1.57766E-4
-6.91899E-5
4.29736E-4
0.00123744
0.00172101
0.00193914
0.00210329
0.00237553
0.00247805
0.00221109
0.00171607
0.00131637
9.6187E-4
4.69386E-4
-2.61535E-4
-7.35606E-4
-0.00108974
-0.00146716
-0.00161949
-0.00151483
-0.00114195
-4.05031E-4
2.29678E-4
6.76484E-4
7.00129E-4
8.98168E-4
0.00142205
0.00170709
0.00161011
0.00136266
9.97068E-4
7.83729E-4
7.30032E-4
3.95374E-4
-1.84918E-4
-5.38209E-4
-7.45307E-4
-7.61621E-4
-4.25852E-4
-1.60434E-4
-2.00222E-4
-3.22902E-4
-2.79393E-4
9.07009E-5
6.4106E-4
9.07625E-4
7.52052E-4
3.58098E-4
6.31705E-5
-1.18454E-4
-2.31839E-4
-2.35885E-4
-2.0816E-4
-2.15688E-4
-2.45585E-4
-2.60656E-4
-2.47757E-4
-1.95541E-4
3.35263E-6
2.58934E-4
