-7.47815E-4
-0.00114729
-0.00165509
-0.00160324
-0.00152274
-0.00143787
-0.00135032
-0.00126366
-0.00118108
-0.00110483
-0.00103381
-9.64507E-4
-8.91734E-4
-8.0941E-4
-7.15223E-4
-6.1385E-4
-5.14773E-4
-4.26557E-4
-3.53585E-4
-2.94123E-4
-2.4013E-4
-1.84817E-4
-1.29842E-4
-8.43502E-5
-6.10501E-5
-7.18685E-5
-1.16586E-4
-1.69833E-4
-1.89082E-4
-1.40723E-4
-4.34812E-6
2.33911E-4
5.59568E-4
9.32772E-4
0.00133317
0.00176885
0.00224232
0.00272086
0.00315129
0.00351132
0.00380333
0.00400636
0.00407041
0.00393012
0.00355791
0.00300374
0.00234111
0.00161653
8.52617E-4
7.93058E-5
-6.04091E-4
-0.00103794
-0.00113043
-8.82017E-4
-3.1069E-4
5.28416E-4
0.00152879
0.00258306
0.00357522
0.00432143
0.00461444
0.00435487
0.00363564
0.0027542
0.00208602
0.00184689
0.00198307
0.00225072
0.00237706
0.00226334
0.00208149
0.00211492
0.00248644
0.00305393
0.00351272
0.00358199
0.0031992
0.00259014
0.00212332
0.00207665
0.00253129
0.00333724
0.00412339
0.00449229
0.00413475
0.00287015
8.46716E-4
-0.00151451
-0.00380477
-0.00566514
-0.0068475
-0.00740596
-0.00760992
-0.00768317
-0.00765618
-0.00732313
-0.0063361
-0.00460299
-0.00258751
-9.37779E-4
1.47004E-4
0.0010914
0.00253962
0.00480493
0.00770099
0.0107812
0.0135998
0.0156139
0.0158554
0.0134187
0.00852133
0.00240704
-0.00378585
-0.00968635
-0.0154758
-0.02106
-0.0254275
-0.0272407
-0.0259229
-0.0220692
-0.01703
-0.0120098
-0.00770062
-0.00459092
-0.0029123
-0.00237418
-0.00233328
-0.00222046
-0.00205723
-0.00262797
-0.00483582
-0.00868158
-0.0128507
-0.0156224
-0.0162533
-0.0150308
-0.0123663
-0.00855902
-0.00418581
-2.37742E-4
0.00234293
0.00330393
0.00314857
0.0027193
0.00279948
0.0037793
0.00562896
0.00816187
0.0109526
0.0132684
0.0144009
0.0138204
0.0114224
0.00788323
0.00437959
0.00180956
2.05125E-4
-0.00100516
-0.00224816
-0.00350602
-0.00441613
-0.0046051
-0.00414963
-0.00368776
-0.00415259
-0.00611568
-0.00916295
-0.0122217
-0.0144949
-0.015893
-0.0166621
-0.0167709
-0.0154459
-0.0116006
-0.00517435
0.00246067
0.00922969
0.0134276
0.0146111
0.0133326
0.0104269
0.00686381
0.00372607
0.00178373
0.00105988
0.00109533
0.00146039
0.00193769
0.00254619
0.00355839
0.00560594
0.00938814
0.0148606
0.021001
0.0262427
0.0289197
0.0280087
0.023932
0.0183249
0.0130508
0.00941234
0.00763341
0.00697614
0.00647611
0.00558813
0.0044051
0.00329186
0.00250509
0.00215687
0.00222415
0.002549
0.00287211
0.00294827
0.00258316
0.00167575
3.61164E-4
-9.60743E-4
-0.00178413
-0.00167602
-4.0849E-4
0.00200187
0.00523404
0.00837253
0.00995586
0.00888815
0.00570206
0.00242445
8.46586E-4
0.00144892
0.0036051
0.00614141
0.00800393
0.00867657
0.00801535
0.00605043
0.00296826
-9.47828E-4
-0.00529686
-0.00942398
-0.0124694
-0.0138216
-0.0132757
-0.0108066
-0.00708597
-0.00372647
-0.002065
-0.00213508
-0.00292767
-0.00337692
-0.0031453
-0.00258721
-0.00228463
-0.0026499
-0.00369825
-0.00508527
-0.00630083
-0.00683411
-0.00624048
-0.00402263
3.21074E-5
0.0049439
0.0089284
0.010868
0.0107623
0.00912578
0.00637014
0.00262075
-0.00220569
-0.00792101
-0.0134885
-0.0174278
-0.0188924
-0.0180434
-0.0155712
-0.012307
-0.00917727
-0.00691258
-0.00562707
-0.00500078
-0.00475655
-0.00473477
-0.00497951
-0.00595196
-0.008075
-0.0110228
-0.0138423
-0.0155992
-0.0157338
-0.0139458
-0.00996553
-0.00390459
0.00313014
0.00928021
0.0130621
0.0141598
0.0129885
0.00998349
0.00568937
0.0010894
-0.00270632
-0.00513422
-0.0062928
-0.00646077
-0.00551287
-0.00280556
0.00169441
0.00645693
0.00961905
0.0105591
0.00971891
0.00762361
0.00451802
7.93842E-4
-0.00272033
-0.00530011
-0.00686522
-0.00774326
-0.00821338
-0.00828682
-0.00773509
-0.00622573
-0.00365347
-5.25443E-4
0.00229211
0.00415103
0.00480665
0.00418888
0.00200033
-0.00200204
-0.00735674
-0.013194
-0.0187292
-0.0231519
-0.0257119
-0.0258791
-0.0230646
-0.0171177
-0.00916863
-0.00125765
0.00462407
0.00756839
0.00802053
0.00675827
0.00441249
0.00194139
4.26891E-4
5.28061E-4
0.00265575
0.00677352
0.0116031
0.0152949
0.0170209
0.017265
0.0169953
0.0167766
0.0164921
0.0157127
0.014132
0.011773
0.00888796
0.0056507
0.00225771
-7.78348E-4
-0.00292704
-0.00393946
-0.00376005
-0.00256169
-8.72215E-4
5.45923E-4
0.00105108
3.18973E-4
-0.00152034
-0.00375648
-0.00546695
-0.00606501
-0.00535198
-0.00333491
-3.47223E-4
0.00276347
0.00485959
0.00475819
0.00168381
-0.0037868
-0.0096101
-0.0135622
-0.0148047
-0.0140055
-0.0120648
-0.0094032
-0.00628848
-0.00318749
-6.29441E-4
0.00115302
0.00241019
0.00365182
0.00517413
0.00682899
0.00820288
0.00901084
0.00928943
0.00925448
0.00910231
0.00899216
0.00910332
0.00953318
0.0102512
0.011098
0.0117393
0.011868
0.0114343
0.0107253
0.0102575
0.0102857
0.0103797
0.00950609
0.00693337
0.00327033
4.31822E-5
-0.00162155
-0.00152753
8.66526E-7
0.00245422
0.00505335
0.00683622
0.0067986
0.00409716
-0.00122923
-0.00760085
-0.0125384
-0.0144505
-0.0134722
-0.0106866
-0.00730559
-0.00439989
-0.00263015
-0.00199617
-0.00191542
-0.001577
-3.62446E-4
0.00175177
0.00412798
0.00590326
0.00635717
0.00503332
0.00197659
-0.00203795
-0.00579656
-0.00841219
-0.00977152
-0.010272
-0.0103415
-0.0101731
-0.00972696
-0.00894456
-0.00790571
-0.00679203
-0.00580242
-0.00513166
-0.0050475
-0.00588527
-0.00766144
-0.00975461
-0.011205
-0.0112582
-0.00960049
-0.00644659
-0.00268345
4.73569E-4
0.00228913
0.00291914
0.00304545
0.00309531
0.00270256
0.00114763
-0.00156555
-0.00447447
-0.00652697
-0.00734453
-0.0071837
-0.00645178
-0.00540133
-0.00417712
-0.00289564
-0.00167448
-6.44201E-4
5.85712E-5
3.43585E-4
2.00804E-4
-3.67112E-4
-0.00130234
-0.00242462
-0.0035371
-0.00443758
-0.00483638
-0.00455795
-0.00374063
-0.00273732
-0.00190948
-0.00146431
-0.00140805
-0.00157798
-0.0016632
-0.00126701
-6.57955E-5
0.00200999
0.00460041
0.00699585
0.00861716
0.00926571
0.00883871
0.00712557
0.00418502
7.89832E-4
-0.00199288
-0.00368632
-0.00455903
-0.00508714
-0.00550965
-0.00566279
-0.0051671
-0.00380842
-0.00164003
0.00108654
0.00397599
0.00666874
0.00890944
0.0105356
0.0115222
0.0118054
0.0112953
0.010233
0.0092334
0.00886875
0.00927329
0.0101728
0.0110529
0.0112165
0.00997657
0.00713058
0.00340688
6.17396E-5
-0.0021023
-0.00310467
-0.00330707
-0.00291813
-0.0020598
-8.86292E-4
4.47318E-4
0.00187515
0.00354601
0.00566698
0.00824187
0.0109839
0.0134623
0.0152774
0.0161482
0.0159356
0.0146145
0.0125183
0.0103631
0.00864832
0.00731023
0.0059242
0.00412516
0.0020255
1.61175E-4
-9.28898E-4
-0.00108648
-5.01338E-4
6.74637E-4
0.00238245
0.00442868
0.00639827
0.00782994
0.00841672
0.0080905
0.00711947
0.00597787
0.00501239
0.00431506
0.00377871
0.00318666
0.00241593
0.00151357
5.95045E-4
-1.66369E-4
-5.47574E-4
-4.15298E-4
1.07894E-4
7.15905E-4
0.0010459
7.97673E-4
-1.14646E-4
-0.00146931
-0.00276405
-0.00354763
-0.00374284
-0.00359562
-0.00342139
-0.00344115
-0.00364723
-0.00386815
-0.00396814
-0.00393068
-0.00384214
-0.00370309
-0.00347327
-0.00323817
-0.00305033
-0.00273888
-0.00202373
-8.67156E-4
4.07615E-4
0.00135076
0.00170113
0.00135947
3.29579E-4
-0.00109261
-0.00245254
-0.00347182
-0.0041099
-0.00438348
-0.00431702
-0.00393925
-0.00329582
-0.0024869
-0.00166998
-0.00105441
-7.81597E-4
-9.07236E-4
-0.00142997
-0.00233717
-0.00357975
-0.0049023
-0.00597584
-0.00655561
-0.00651049
-0.00579219
-0.00437285
-0.00241794
-3.11542E-4
0.00148052
0.00243734
0.0019215
-5.05595E-4
-0.00430907
-0.00798942
-0.0102977
-0.0110499
-0.0107677
-0.0100681
-0.00919511
-0.00794794
-0.00605463
-0.00352413
-8.51501E-4
0.00121771
0.00220692
0.00208786
0.00117693
1.77035E-5
-8.33465E-4
-0.00109647
-7.60581E-4
1.25521E-4
0.00141326
0.00275747
0.0037747
0.00416977
0.00387042
0.00313509
0.00239222
0.00210704
0.00268333
0.00428049
0.00670482
0.00945748
0.0119742
0.0140006
0.0156856
0.0172475
0.018588
0.0192391
0.01855
0.0161243
0.0123511
0.00823642
0.00472486
0.00226024
7.8508E-4
3.26524E-5
-1.8213E-4
2.32467E-5
4.71448E-4
9.09051E-4
0.00107423
9.22248E-4
7.08887E-4
7.20928E-4
9.88283E-4
0.00124218
0.00115536
6.52849E-4
4.43294E-5
-1.92742E-4
2.79121E-4
0.0015884
0.00348566
0.00538901
0.00676291
0.00727348
0.00681579
0.00556357
0.00390508
0.00222253
7.68851E-4
-3.60622E-4
-0.00123005
-0.00192949
-0.00252066
-0.00307395
-0.00359221
-0.00399446
-0.00412319
-0.00380334
-0.00303165
-0.00196365
-7.84292E-4
3.35773E-4
0.00125419
0.00179258
0.00178741
0.00133032
7.68063E-4
3.90698E-4
1.19668E-4
-3.97033E-4
-0.00137904
-0.00267524
-0.00391457
-0.00486296
-0.00557181
-0.00633746
-0.00737216
-0.00851366
-0.00946812
-0.0100549
-0.0102334
-0.0099985
-0.00928368
-0.00808429
-0.0064973
-0.00473665
-0.00323986
-0.00239517
-0.00211297
-0.00190982
-0.00136935
-4.23189E-4
7.03218E-4
0.00172809
0.00249622
0.00297431
0.00319248
0.00315029
0.00275436
0.00192786
7.13022E-4
-7.45465E-4
-0.00224937
-0.0036757
-0.00499487
-0.00626647
-0.00761053
-0.00899378
-0.0101782
-0.0108088
-0.010534
-0.00903965
-0.00627216
-0.00288251
7.96908E-5
0.0019215
0.0025563
0.00229407
0.00154461
7.47182E-4
2.8567E-4
1.7678E-4
1.63663E-4
7.4549E-5
-1.2843E-4
-3.13833E-4
-1.01773E-4
7.87176E-4
0.00207625
0.00295308
0.00253542
6.13575E-4
-0.00209439
-0.00450916
-0.00588548
-0.00611852
-0.00548187
-0.00417518
-0.002383
-4.79588E-4
0.00117931
0.00239979
0.00314812
0.00353674
0.00373348
0.00387066
0.00396517
0.00395183
0.00376099
0.00328643
0.00246453
0.00140455
3.08226E-4
-6.72924E-4
-0.00154056
-0.00241984
-0.00340239
-0.00442765
-0.0052574
-0.00555496
-0.00511784
-0.00406863
-0.002801
-0.00176338
-0.00121369
-9.93959E-4
-7.90228E-4
-5.09432E-4
-2.23641E-4
-1.459E-4
-5.05355E-4
-0.0014976
-0.00332725
-0.00606661
-0.00935723
-0.0122965
-0.0140123
-0.0141641
-0.012949
-0.0108204
-0.00827254
-0.00578476
-0.00370065
-0.00215787
-0.00104055
-3.047E-4
-2.59759E-4
-0.00119401
-0.00300416
-0.00519608
-0.00712572
-0.00831412
-0.00864413
-0.00825309
-0.00731161
-0.0060367
-0.00462863
-0.00323954
-0.00202493
-0.00104392
-3.22405E-4
1.12622E-4
3.22584E-4
4.12694E-4
4.73953E-4
4.98268E-4
5.04071E-4
6.58483E-4
9.66816E-4
0.00121636
0.00125636
0.0010683
7.6638E-4
5.21125E-4
4.63647E-4
5.76432E-4
5.75839E-4
1.4259E-4
-8.18084E-4
-0.00207753
-0.00328651
-0.00426607
-0.00494518
-0.0053726
-0.00564158
-0.00568504
-0.00529321
-0.00431375
-0.00291392
-0.00153503
-5.2601E-4
9.45868E-5
5.01667E-4
7.38295E-4
7.26304E-4
3.39882E-4
-5.86607E-4
-0.00197407
-0.00354863
-0.00496947
-0.00585481
-0.00597521
-0.00536959
-0.00423506
-0.00282972
-0.00154906
-7.17695E-4
-4.68819E-4
-7.85434E-4
-0.00155644
-0.00267404
-0.00382515
-0.00445484
-0.00423329
-0.00331345
-0.00219187
-0.00142349
-0.00125019
-0.00154849
-0.00198927
-0.00221096
-0.00199832
-0.00140401
-7.10843E-4
-1.96606E-4
-1.05356E-4
-5.75493E-4
-0.0014052
-0.00228823
-0.00303417
-0.00345594
-0.00347906
-0.00305201
-0.00199159
-2.55975E-4
0.00184683
0.00372578
0.00474394
0.00452825
0.00320019
0.00130359
-5.93974E-4
-0.00217304
-0.00331546
-0.00400006
-0.00417878
-0.00364722
-0.00235052
-6.89464E-4
8.61778E-4
0.00217722
0.00331564
0.00418134
0.00460904
0.00454532
0.0040402
0.00325461
0.00246654
0.00198901
0.00196115
0.00227783
0.00279575
0.00344585
0.00414978
0.00482005
0.00534269
0.00556562
0.00544375
0.0050593
0.00467563
0.00466396
0.00505806
0.00548212
0.00549837
0.00503752
0.00446041
0.00406884
0.00384593
0.00356583
0.00311456
0.00249795
0.00151912
-7.30975E-5
-0.00224095
-0.00443995
-0.00584734
-0.00611603
-0.00538539
-0.00386422
-0.00189769
1.32803E-4
0.00186426
0.00306023
0.00369612
0.00375827
0.00338538
0.002954
0.002806
0.00301755
0.00346998
0.00397433
0.0043001
0.00432844
0.0041292
0.00385339
0.00356997
0.00312025
0.00218561
6.81818E-4
-9.81872E-4
-0.00223577
-0.00266667
-0.00202046
-3.38454E-4
0.00201558
0.00461266
0.00706199
0.00893114
0.00993013
0.00998911
0.0092256
0.00810102
0.00715061
0.00660572
0.00631469
0.00585751
0.00490232
0.0035122
0.00204608
8.80855E-4
2.07874E-4
-2.04013E-4
-7.44363E-4
-0.001529
-0.00250158
-0.00349756
-0.00421742
-0.00446255
-0.00428184
-0.00383712
-0.00322809
-0.00244954
-0.00153846
-6.88039E-4
-5.35373E-5
3.87851E-4
7.25348E-4
9.9204E-4
9.46946E-4
2.5909E-4
-9.98592E-4
-0.00231545
-0.00310199
-0.00319869
-0.00306488
-0.00329842
-0.00399586
-0.00482142
-0.00543708
-0.00560472
-0.00526098
-0.00456308
-0.0037068
-0.00275359
-0.00175185
-8.2604E-4
-1.01965E-4
2.0036E-4
-1.57678E-4
-0.00108266
-0.00221785
-0.0032868
-0.00406726
-0.00436035
-0.00414715
-0.00347549
-0.00236366
-9.35756E-4
5.77905E-4
0.00192795
0.0029236
0.00349336
0.00371101
0.00373683
0.00371103
0.00363628
0.00342869
0.00300462
0.0023536
0.00167027
0.00127023
0.00145383
0.00225425
0.00342836
0.00469314
0.00574876
0.00649475
0.00704283
0.00745595
0.00751935
0.00697358
0.00593096
0.00464711
0.00346233
0.00265634
0.00219635
0.00196811
0.00189211
0.00199515
0.00245842
0.00346104
0.00504612
0.00696643
0.00880348
0.0102074
0.010919
0.0107333
0.00957099
0.00770458
0.00580664
0.00455646
0.00412416
0.00421877
0.00447745
0.00465901
0.00468494
0.00456839
0.0044614
0.00459464
0.00502377
0.00553855
0.00582598
0.00580697
0.0055034
0.00476265
0.00349074
0.001921
4.73149E-4
-4.8862E-4
-8.9451E-4
-9.51394E-4
-8.94658E-4
-8.51198E-4
-7.63908E-4
-5.6126E-4
-2.92754E-4
-1.69341E-4
-3.07177E-4
-6.64299E-4
-0.00129105
-0.00218768
-0.00319281
-0.00406317
-0.00459228
-0.00463163
-0.00413858
-0.0031337
-0.00167464
1.54334E-4
0.00247387
0.00547614
0.00894853
0.0120792
0.01394
0.0139887
0.0121602
0.00901377
0.00555492
0.0026507
5.55577E-4
-0.00100112
-0.00226398
-0.00328087
-0.00396698
-0.0040538
-0.00339189
-0.00226985
-0.00112811
-2.85958E-4
5.02106E-5
-8.45645E-5
-4.37823E-4
-8.52986E-4
-0.00140057
-0.00218113
-0.0031728
-0.00415945
-0.00481664
-0.00509417
-0.00522752
-0.00530183
-0.00507995
-0.00430527
-0.00304476
-0.0016681
-5.66976E-4
-4.42468E-5
-1.37878E-4
-5.18026E-4
-8.34818E-4
-9.39054E-4
-9.91636E-4
-0.00138969
-0.00226248
-0.00329394
-0.00396369
-0.00386014
-0.0030536
-0.00198998
-0.00108451
-5.40651E-4
-4.07248E-4
-6.31567E-4
-0.00116408
-0.00209766
-0.00358636
-0.00563175
-0.00789351
-0.00978047
-0.0107698
-0.0106057
-0.00933056
-0.00730025
-0.00501853
-0.00286477
-0.00102666
4.64321E-4
0.00159674
0.0023094
0.00256384
0.00237675
0.00183517
0.00111824
4.41303E-4
-1.27282E-4
-6.26021E-4
-0.00102518
-0.00125385
-0.00126947
-0.0010611
-6.4668E-4
-1.16963E-4
3.90117E-4
8.36142E-4
0.00120847
0.00137668
0.00116392
4.08466E-4
-7.98531E-4
-0.00195645
-0.00251593
-0.00233414
-0.00169707
-9.77211E-4
-4.14561E-4
-3.63204E-5
9.82762E-5
-3.63054E-4
-0.00167127
-0.00347164
-0.00500228
-0.00563276
-0.00522405
-0.00412938
-0.00284758
-0.00171555
-7.14228E-4
3.75954E-4
0.00163483
0.00299834
0.00433059
0.00550924
0.0064296
0.00672294
0.00591637
0.00374111
3.98937E-4
-0.00328562
-0.00636151
-0.0082344
-0.00886523
-0.00861419
-0.007859
-0.00688129
-0.00592009
-0.00519328
-0.00484814
-0.00487105
-0.00503496
-0.00494589
-0.00422478
-0.00276131
-8.14202E-4
0.00112675
0.00268249
0.0037847
0.00454959
0.00502647
0.00513882
0.00486897
0.00423896
0.00328336
0.00210708
8.67563E-4
-2.47718E-4
-0.00112271
-0.00179515
-0.00227973
-0.0024728
-0.00232404
-0.0018461
-0.00105147
7.91537E-5
0.00157759
0.00327393
0.00476002
0.00566596
0.00582473
0.00530167
0.00442975
0.00356039
0.00278166
0.00208724
0.00153644
0.00119531
0.00104739
9.85194E-4
9.23083E-4
8.07567E-4
5.76934E-4
2.38508E-4
-5.44325E-5
-1.17223E-4
1.16107E-4
5.8246E-4
0.0011666
0.00185835
0.00268396
0.00350487
0.00408514
0.00434324
0.00439731
0.00442263
0.00451049
0.00451038
0.00416834
0.00342322
0.00249261
0.00179754
0.00176481
0.00252776
0.00376154
0.00491436
0.00555381
0.00545707
0.00467146
0.00349077
0.00229173
0.00141423
0.00102474
0.00100442
0.00106042
0.0010275
8.98108E-4
7.30305E-4
6.31202E-4
6.35343E-4
6.87833E-4
7.16818E-4
7.19544E-4
6.94916E-4
5.75572E-4
3.41298E-4
2.17529E-5
-3.35127E-4
-6.7369E-4
-9.03897E-4
-8.98694E-4
-6.27045E-4
-2.58143E-4
-2.20018E-5
3.86136E-5
1.12128E-4
4.78232E-4
0.00123562
0.00216675
0.00290689
0.00320006
0.00305296
0.00261111
0.0019214
8.95087E-4
-4.92916E-4
-0.00207718
-0.00363166
-0.00502569
-0.00613554
-0.00672873
-0.00652643
-0.00541498
-0.00369912
-0.00203632
-0.00109621
-0.00115875
-0.00198899
-0.00309362
-0.00393736
-0.00411687
-0.00358216
-0.00267162
-0.00180713
-0.00115616
-7.01794E-4
-4.52464E-4
-4.16717E-4
-6.37479E-4
-0.00113155
-0.00165406
-0.00190228
-0.0017719
-0.00134929
-8.7721E-4
-5.92127E-4
-4.96455E-4
-4.50908E-4
-5.25172E-4
-9.78821E-4
-0.0019388
-0.00315671
-0.00417656
-0.00466857
-0.0044725
-0.00368431
-0.00265275
-0.00170508
-9.52767E-4
-2.86357E-4
5.25641E-4
0.00164514
0.0029688
0.00425757
0.00526997
0.00574585
0.00548897
0.00446161
0.00295791
0.00157221
8.18141E-4
8.05012E-4
0.00129135
0.00192346
0.00233178
0.00218988
0.00139958
2.70009E-4
-7.36475E-4
-0.00138845
-0.00165803
-0.00159479
-0.00135569
-0.00118827
-0.00128937
-0.00182388
-0.00285068
-0.00403038
-0.00470244
-0.00428894
-0.00261592
-4.77363E-5
0.00262645
0.00464509
0.0055723
0.00519219
0.00354185
0.00112537
-0.00112621
-0.002464
-0.00273033
-0.00210206
-9.44034E-4
3.20299E-4
0.00137861
0.00205519
0.0023165
0.00223128
0.00198786
0.00186946
0.00208501
0.00262116
0.00325503
0.00364297
0.0035725
0.00319097
0.00289908
0.0030962
0.00397458
0.00541464
0.00702849
0.00841038
0.00932484
0.00962339
0.00920448
0.00805879
0.00644018
0.0049049
0.00389724
0.00349504
0.00343838
0.00335511
0.00306891
0.00254854
0.00173853
5.97341E-4
-7.71064E-4
-0.00210747
-0.00317764
-0.00383594
-0.00401759
-0.00379619
-0.00332305
-0.00278712
-0.0023843
-0.00218312
-0.00212685
-0.002122
-0.00209416
-0.00199233
-0.00175187
-0.00133091
-7.76958E-4
-2.24528E-4
2.31077E-4
5.72713E-4
9.05811E-4
0.00138887
0.00195317
0.00234148
0.00228143
0.00153346
7.7217E-5
-0.00174074
-0.00338947
-0.0044105
-0.00450818
-0.00367128
-0.00221888
-6.50289E-4
5.46227E-4
9.99574E-4
4.54296E-4
-0.00102481
-0.00293469
-0.00457321
-0.00542247
-0.00542816
-0.00489578
-0.00417992
-0.0035011
-0.00299118
-0.00268809
-0.0025304
-0.00250299
-0.00263821
-0.0028842
-0.00308431
-0.00312654
-0.00299872
-0.00270451
-0.00223201
-0.00154357
-6.94597E-4
1.21731E-4
7.40618E-4
0.00101475
7.63368E-4
-1.6495E-4
-0.00168639
-0.00333606
-0.00455745
-0.00504398
-0.00484722
-0.00417467
-0.00311023
-0.00172176
-2.17413E-4
0.00118498
0.00233645
0.00312409
0.0035224
0.00361122
0.00346536
0.00308038
0.00250731
0.00193996
0.00161669
0.00167325
0.00204035
0.00244685
0.00249107
0.0018055
2.84406E-4
-0.00180035
-0.00391499
-0.0055931
-0.00661507
-0.00686204
-0.00633675
-0.00516255
-0.00355087
-0.0018804
-4.50094E-4
6.71313E-4
0.00144265
0.0017174
0.00135622
4.7151E-4
-5.94505E-4
-0.00147685
-0.00193008
-0.00189501
-0.00140999
-6.04203E-4
3.31356E-4
0.0011361
0.00147341
0.00107096
-5.38303E-5
-0.00143809
-0.00247089
-0.00269577
-0.00200653
-6.57373E-4
9.17861E-4
0.00224938
0.00308326
0.00336684
0.00309974
0.00241916
0.0015883
8.14257E-4
1.93572E-4
-2.21889E-4
-3.62246E-4
-2.20766E-4
6.37944E-5
2.83645E-4
7.83004E-5
-9.2531E-4
-0.00263421
-0.00441447
-0.00545707
-0.00526234
-0.00389999
-0.00189303
9.07994E-5
0.00151985
0.00224538
0.00244311
0.0023449
0.00200162
0.00127272
1.80297E-4
-0.0010542
-0.00208763
-0.00258175
-0.00252654
-0.00214899
-0.00167563
-0.00137425
-0.00151058
-0.00219368
-0.00334229
-0.00458521
-0.00533204
-0.00515095
-0.00391012
-0.00185458
4.26804E-4
0.00234798
0.00354437
0.00401029
0.0040331
0.00383204
0.00355714
0.00328615
0.00286933
0.00224005
0.00159802
0.00121663
0.00121245
0.00143351
0.0015764
0.00138427
7.77006E-4
4.93443E-5
-3.71796E-4
-4.32458E-4
-3.57062E-4
-3.56037E-4
-3.60606E-4
-1.63338E-4
1.87373E-4
5.02498E-4
6.43842E-4
4.94709E-4
-1.97467E-6
-7.29266E-4
-0.00147417
-0.0021071
-0.00259925
-0.00296008
-0.00316703
-0.00323423
-0.00326537
-0.00330483
-0.00328889
-0.00305381
-0.00245304
-0.00155091
-5.9608E-4
8.26112E-5
3.06673E-4
1.41159E-4
-1.45763E-4
-9.0155E-5
6.11995E-4
0.00191468
0.00347447
0.00479029
0.00543276
0.00505313
0.00357644
0.00139582
-8.15623E-4
-0.00247147
-0.0034332
-0.00394859
-0.00423538
-0.00436926
-0.004393
-0.00423115
-0.00381725
-0.00322947
-0.00256917
-0.00196987
-0.00150352
-0.00116411
-9.4228E-4
-7.37003E-4
-4.89463E-4
-2.93402E-4
-3.14656E-4
-6.32015E-4
-9.61283E-4
-9.72326E-4
-6.13313E-4
-4.68476E-5
4.26632E-4
5.87841E-4
3.31618E-4
-3.35468E-4
-0.00124845
-0.00216911
-0.00290467
-0.00329786
-0.00331775
-0.00303779
-0.002566
-0.00213906
-0.00195394
-0.0019777
-0.00193217
-0.00154757
-8.22956E-4
-4.30758E-5
4.18059E-4
4.3114E-4
4.00083E-5
-7.01053E-4
-0.00158336
-0.00220791
-0.00225618
-0.00168262
-5.99848E-4
7.70714E-4
0.00207421
0.00302451
0.0034461
0.00324351
0.00250692
0.00148464
5.28057E-4
-1.23602E-4
-4.89615E-4
-7.36101E-4
-0.00100864
-0.00131061
-0.00164879
-0.00209673
-0.00261185
-0.00300294
-0.00307043
-0.00272854
-0.00208436
-0.00139291
-8.82097E-4
-8.15489E-4
-0.0013996
-0.00242805
-0.00329351
-0.0034623
-0.00289336
-0.00196317
-0.00122168
-0.0011114
-0.00168147
-0.00258848
-0.0033984
-0.00376899
-0.00359089
-0.0030164
-0.00221417
-0.001402
-8.72357E-4
-7.74992E-4
-9.45759E-4
-0.00101716
-7.92353E-4
-3.02065E-4
2.63734E-4
6.21195E-4
6.65245E-4
4.31118E-4
-5.80929E-5
-6.79655E-4
-0.00123621
-0.00157192
-0.00165731
-0.00170178
-0.00206689
-0.00288263
-0.00381094
-0.00434121
-0.00418992
-0.00352456
-0.00273828
-0.00201239
-0.0013141
-5.70824E-4
2.157E-4
9.43186E-4
0.0014896
0.00189454
0.00233162
0.00281594
0.00313895
0.00306087
0.00252321
0.00170678
8.39128E-4
9.30768E-6
-7.36995E-4
-0.00135696
-0.00186662
-0.00231191
-0.00280229
-0.00345313
-0.00414718
-0.0045143
-0.00425193
-0.00321964
-0.00141263
9.12535E-4
0.00322921
0.00494761
0.00577225
0.0057353
0.00504772
0.0040053
0.00284607
0.00176212
9.38257E-4
5.12771E-4
4.92961E-4
6.86492E-4
8.15696E-4
6.6688E-4
1.61069E-4
-5.34079E-4
-0.00110266
-0.00139102
-0.00142398
-0.00119566
-7.21401E-4
-1.25455E-4
3.87231E-4
6.4532E-4
6.74531E-4
6.26919E-4
6.48759E-4
9.3825E-4
0.00162448
0.00248708
0.00310169
0.00315836
0.00260035
0.00162889
5.62011E-4
-3.29827E-4
-8.24741E-4
-8.37646E-4
-4.70503E-4
8.07844E-5
5.33541E-4
7.00067E-4
6.01141E-4
3.51762E-4
1.32591E-4
1.70321E-4
5.88737E-4
0.00134716
0.00223887
0.00293458
0.00320885
0.00308955
0.00274064
0.00229644
0.00186029
0.0014693
0.00102987
4.55117E-4
-2.08403E-4
-8.52153E-4
-0.00132915
-0.00142023
-9.8525E-4
-9.68932E-5
0.00103297
0.00222504
0.00342117
0.00453497
0.00544346
0.00610559
0.00647316
0.00645043
0.00607317
0.00552536
0.00488316
0.00408512
0.00306909
0.00189928
8.70428E-4
2.34466E-4
-4.88466E-5
-1.5881E-4
-2.4111E-4
-3.19135E-4
-3.39276E-4
-2.42576E-4
-5.54878E-5
8.57273E-5
9.82548E-5
-1.80172E-5
-2.58558E-4
-5.81618E-4
-8.87693E-4
-0.00103701
-8.78943E-4
-3.78627E-4
3.66557E-4
0.00118763
0.00193419
0.00252529
0.00290075
0.0029364
0.0024224
0.00136598
8.73504E-5
-9.73958E-4
-0.00140176
-0.00101151
1.57852E-4
0.00191687
0.00385156
0.00549082
0.00645775
0.00644574
0.00544775
0.00386616
0.00224696
0.00103334
3.65853E-4
5.91679E-5
-1.0156E-4
-1.32048E-4
3.76063E-5
4.22153E-4
9.93906E-4
0.00166416
0.00234278
0.00298002
0.00353379
0.00388076
0.00378098
0.00309352
0.00189623
4.32128E-4
-0.00100395
-0.00218344
-0.00300915
-0.00350006
-0.00366031
-0.0034874
-0.00308725
-0.00257015
-0.00197396
-0.00134448
-7.43398E-4
-3.2321E-4
-2.81209E-4
-6.31112E-4
-0.0012334
-0.00190005
-0.00245053
-0.00280429
-0.00294842
-0.00296322
-0.00297743
-0.00297419
-0.00283639
-0.0025065
-0.00210736
-0.00190929
-0.00206683
-0.00247408
-0.00293206
-0.00330141
-0.00350639
-0.00352433
-0.00335767
-0.00299294
-0.00243064
-0.00176879
-0.00115791
-7.58152E-4
-6.17989E-4
-6.26621E-4
-6.47686E-4
-6.01786E-4
-5.78282E-4
-7.27591E-4
-0.00101611
-0.00122764
-0.00117944
-9.23742E-4
-7.80984E-4
-0.00106717
-0.00178678
-0.00266507
-0.00331325
-0.00340421
-0.00288264
-0.00194447
-8.13606E-4
3.14182E-4
0.00117198
0.00147231
0.00120095
7.18227E-4
5.23792E-4
9.58136E-4
0.00196257
0.00313063
0.00398295
0.00413753
0.00350313
0.00235074
0.00116557
4.02029E-4
2.26457E-4
4.85609E-4
9.09244E-4
0.00135704
0.00170093
0.00183408
0.00181373
0.00178721
0.00189795
0.00205254
0.00210607
0.0021814
0.00249732
0.00309572
0.00378181
0.00425395
0.00433357
0.00402612
0.00338612
0.00254056
0.00164605
8.47983E-4
2.99091E-4
9.25997E-6
-5.62941E-5
1.86166E-4
7.46338E-4
0.00145938
0.00210274
0.00253699
0.00278887
0.00292022
0.00301574
0.00325021
0.00369594
0.00419207
0.00455949
0.00476558
0.00482204
0.00477189
0.0046498
0.00447039
0.00423787
0.00381708
0.00303219
0.00189533
5.91354E-4
-5.62614E-4
-0.00130504
-0.00173208
-0.00203422
-0.00223838
-0.00230283
-0.00214637
-0.001751
-0.001181
-5.35233E-4
2.41888E-5
4.10632E-4
6.50969E-4
7.10506E-4
5.40307E-4
2.48614E-4
-6.96199E-6
-1.2251E-4
-2.75154E-5
2.29011E-4
5.02158E-4
6.87131E-4
7.76496E-4
8.60752E-4
0.00106891
0.00138627
0.00157781
0.00136772
6.28795E-4
-5.16395E-4
-0.00173866
-0.0027776
-0.00357744
-0.00418353
-0.00461196
-0.00478005
-0.00469647
-0.00449166
-0.0042572
-0.00408564
-0.00401575
-0.00401163
-0.00399383
-0.00393459
-0.00391454
-0.00396471
-0.00398592
-0.00384874
-0.00359289
-0.00340971
-0.0034815
-0.00372404
-0.0038033
-0.0035336
-0.00300048
-0.00250769
-0.00243344
-0.00286187
-0.00347517
-0.0039043
-0.0039948
-0.00378756
-0.00334169
-0.00266912
-0.00184261
-9.81639E-4
-1.73645E-4
5.6623E-4
0.001213
0.00172557
0.00212034
0.00230131
0.00214347
0.00170897
0.00115177
6.92294E-4
5.02535E-4
5.90291E-4
8.70885E-4
0.00120709
0.00147951
0.00164099
0.00166158
0.00147426
0.00107919
5.886E-4
1.51438E-4
-4.55974E-5
8.14063E-5
4.62077E-4
0.00109271
0.00188161
0.00254677
0.00284056
0.00269223
0.00231308
0.00200972
0.00202787
0.00241177
0.00284647
0.00297707
0.00264096
0.00186807
9.25414E-4
1.83066E-4
-1.458E-4
-1.46618E-4
-4.01452E-5
1.22377E-4
5.11481E-4
0.00122409
0.00213622
0.00307555
0.00392762
0.00461676
0.00500905
0.00496982
0.00449684
0.00370541
0.00288146
0.00239344
0.00237216
0.00278019
0.0035814
0.00458872
0.0056158
0.00656927
0.00721329
0.0072792
0.00668527
0.00564907
0.00459148
0.00375464
0.00314477
0.00272688
0.00248799
0.00243662
0.00254861
0.0026948
0.00275394
0.00272169
0.00266536
0.00272869
0.00304416
0.00353944
0.00386316
0.00359543
0.00252184
8.7171E-4
-7.26975E-4
-0.00171357
-0.0018833
-0.00144009
-8.10459E-4
-3.72831E-4
-3.01551E-4
-4.52179E-4
-5.21963E-4
-3.0211E-4
2.42012E-4
0.00100497
0.00179225
0.00225507
0.00205537
0.00126256
3.26888E-4
-2.43382E-4
-2.19403E-4
2.7894E-4
9.83582E-4
0.00162135
0.0019963
0.00195794
0.00148748
7.66947E-4
9.46841E-6
-6.69148E-4
-0.0011368
-0.00125148
-0.00109141
-9.06911E-4
-9.63924E-4
-0.0013769
-0.00205303
-0.00280117
-0.00329769
-0.00325005
-0.00254377
-0.00132913
-2.79678E-5
0.00106872
0.00185199
0.0021779
0.0019031
9.8785E-4
-3.3768E-4
-0.00165983
-0.0027042
-0.00337988
-0.00371193
-0.00375137
-0.00357353
-0.00325023
-0.00283377
-0.00250001
-0.00238828
-0.00247579
-0.00271591
-0.00304518
-0.00321643
-0.00284203
-0.00172004
-1.55712E-5
0.00178996
0.0031621
0.003774
0.00362071
0.00298513
0.0021988
0.0015239
0.00104079
6.70413E-4
2.69716E-4
-3.0591E-4
-9.87218E-4
-0.00151817
-0.00172161
-0.00160521
-0.00131422
-0.00106881
-0.00103558
-0.00120359
-0.00134475
-0.00119574
-7.02998E-4
1.83435E-5
7.68081E-4
0.00127521
0.00141164
0.00130813
0.00118989
0.00110494
9.03711E-4
5.0204E-4
1.4127E-6
-4.14974E-4
-6.62897E-4
-7.79318E-4
-7.70463E-4
-5.65174E-4
-2.28497E-4
1.50256E-6
3.02E-5
-6.29899E-6
7.07572E-5
4.02862E-4
9.95626E-4
0.00166253
0.00230465
0.00295556
0.0034974
0.00377652
0.00373072
0.00330741
0.00258132
0.00172418
8.14996E-4
-1.77589E-4
-0.00119269
-0.00201267
-0.00247421
-0.00247336
-0.00198622
-0.00114667
-1.67878E-4
6.84122E-4
0.00120052
0.00133149
0.00114073
8.0839E-4
5.41897E-4
3.94799E-4
3.19802E-4
2.73149E-4
1.82453E-4
-1.59276E-5
-3.63823E-4
-8.55563E-4
-0.00135134
-0.00165486
-0.00172614
-0.00180644
-0.00218857
-0.00296218
-0.00394708
-0.00478082
-0.00518833
-0.00503117
-0.00426598
-0.00304629
-0.00163585
-2.83633E-4
7.88365E-4
0.00152187
0.0018853
0.00178853
0.0013295
6.97255E-4
-1.00006E-5
-7.39833E-4
-0.0014532
-0.00210413
-0.00263803
-0.00303411
-0.00320639
-0.00300415
-0.00245118
-0.00171451
-9.43348E-4
-3.52566E-4
-1.5561E-4
-3.36078E-4
-6.90593E-4
-0.00107494
-0.00142047
-0.00163398
-0.00165036
-0.00144647
-0.00101968
-4.59674E-4
8.99663E-5
5.32456E-4
6.88763E-4
3.52759E-4
-4.05153E-4
-0.00132214
-0.0022694
-0.00315877
-0.00385337
-0.00429086
-0.00442644
-0.00425433
-0.00382707
-0.00325408
-0.00267481
-0.0021118
-0.00151239
-8.8623E-4
-3.60134E-4
-7.45329E-5
-5.62548E-5
-2.30533E-4
-4.94675E-4
-8.17686E-4
-0.0011882
-0.00151584
-0.0017096
-0.00175027
-0.00170619
-0.00163669
-0.00148384
-0.00124293
-9.63603E-4
-6.02787E-4
-2.07524E-4
4.73521E-5
9.23138E-5
1.43904E-5
-1.57701E-4
-5.01943E-4
-0.00101278
-0.00160272
-0.00209349
-0.00232028
-0.00228921
-0.00205589
-0.00165729
-0.00120708
-8.57701E-4
-6.77727E-4
-6.74993E-4
-8.0127E-4
-9.67605E-4
-0.00109213
-0.00112055
-0.00108395
-0.00105252
-0.00109563
-0.00125275
-0.00140319
-0.00139098
-0.00117174
-8.3114E-4
-5.83925E-4
-5.89297E-4
-8.16455E-4
-0.00106612
-0.0011365
-9.72745E-4
-6.29012E-4
-2.43592E-4
4.7464E-6
5.30631E-5
-7.60139E-5
-4.01706E-4
-8.99141E-4
-0.00141753
-0.00176962
-0.00186577
-0.00170332
-0.00134434
-9.35112E-4
-5.60897E-4
-2.47566E-4
-5.12871E-5
8.62892E-5
2.97809E-4
4.9912E-4
4.49966E-4
5.29226E-5
-5.39878E-4
-0.00103983
-0.00120356
-9.56151E-4
-3.92552E-4
3.07816E-4
9.14446E-4
0.00125325
0.00131246
0.00123515
0.00119318
0.0012404
0.0013077
0.00122866
8.24639E-4
1.31819E-4
-6.06879E-4
-0.00120868
-0.00162072
-0.00188578
-0.0020018
-0.00184797
-0.00137214
-7.08469E-4
-5.31731E-5
5.26303E-4
9.5958E-4
0.00111255
9.75694E-4
6.87269E-4
4.14592E-4
2.53001E-4
2.25556E-4
2.71422E-4
2.8584E-4
1.69745E-4
-1.74991E-4
-7.19468E-4
-0.00130984
-0.00181837
-0.0020768
-0.00189865
-0.00127999
-4.76855E-4
2.37594E-4
8.88297E-4
0.00157768
0.0022412
0.00280542
0.00319268
0.00325119
0.00298148
0.00254716
0.00201006
0.00136864
7.12122E-4
1.47791E-4
-3.09017E-4
-6.32656E-4
-7.85637E-4
-7.77192E-4
-5.59593E-4
-1.09062E-4
4.92729E-4
0.0010368
0.00129615
0.00122524
8.49229E-4
3.43983E-4
4.75524E-5
7.81202E-5
3.14836E-4
6.95333E-4
0.0011344
0.0014198
0.0014256
0.00111285
6.14496E-4
1.96323E-4
-3.16148E-5
-6.55105E-5
5.89538E-5
2.0387E-4
1.67079E-4
-1.64119E-4
-7.33252E-4
-0.00131633
-0.00170455
-0.00189654
-0.00198781
-0.00205161
-0.002083
-0.00201375
-0.00168903
-9.56117E-4
9.50593E-5
0.00117317
0.00191556
0.00196346
0.00108343
-6.09054E-4
-0.00256042
-0.00412699
-0.00504297
-0.00529326
-0.00492831
-0.00417132
-0.00325587
-0.00242227
-0.00181316
-0.00136859
-9.87958E-4
-5.54176E-4
-8.94363E-5
2.53812E-4
4.01741E-4
3.10306E-4
-5.08941E-5
-6.57211E-4
-0.00135266
-0.0018451
-0.00195978
-0.00168809
-0.00119351
-8.23609E-4
-7.75365E-4
-9.90803E-4
-0.00138407
-0.00179793
-0.00191537
-0.00145652
-4.43023E-4
7.90321E-4
0.00187103
0.00253009
0.00270267
0.00248115
0.0019589
0.0013327
8.56977E-4
7.27849E-4
0.00100261
0.0014864
0.0018925
0.00202224
0.00173769
9.69197E-4
-1.94842E-4
-0.00144109
-0.00236733
-0.00269564
-0.00234469
-0.00142038
-2.07396E-4
9.51754E-4
0.00184494
0.00242176
0.00271612
0.00283268
0.00287314
0.0027953
0.00248134
0.00197294
0.0015004
0.00123789
0.00115773
0.00107822
8.65815E-4
5.27303E-4
1.35485E-4
-2.29166E-4
-5.10582E-4
-6.44311E-4
-6.07377E-4
-4.27432E-4
-9.65647E-5
3.77067E-4
9.72582E-4
0.00170101
0.00251893
0.00330407
0.00381587
0.0037894
0.00317911
0.002158
0.00103293
1.23823E-4
-3.35283E-4
-3.36353E-4
-9.21072E-5
2.33622E-4
4.9043E-4
5.46669E-4
4.52271E-4
2.66712E-4
-4.29596E-5
-3.78389E-4
-5.71237E-4
-5.8061E-4
-4.92748E-4
-4.25742E-4
-2.90673E-4
6.63631E-5
6.18243E-4
0.00122538
0.00166107
0.0017991
0.00170006
0.00140443
9.01181E-4
2.5781E-4
-4.2096E-4
-0.00104633
-0.00149368
-0.00169247
-0.0016971
-0.00158563
-0.00133994
-9.67438E-4
-6.36834E-4
-4.37439E-4
-2.14155E-4
1.39202E-4
4.69673E-4
6.21292E-4
6.29543E-4
5.92225E-4
5.76387E-4
5.59087E-4
3.84125E-4
-6.71572E-5
-7.28142E-4
-0.00142499
-0.00203012
-0.0025696
-0.00302311
-0.00316955
-0.00290171
-0.00231706
-0.00154316
-7.43032E-4
-5.97107E-5
4.62335E-4
8.81822E-4
0.00120097
0.00124171
9.51348E-4
4.77654E-4
-5.06456E-5
-5.28342E-4
-8.48574E-4
-9.75343E-4
-9.60781E-4
-8.15492E-4
-6.21062E-4
-6.0341E-4
-8.27655E-4
-0.00111633
-0.00130083
-0.00138269
-0.00142625
-0.00147226
-0.00154386
-0.00162346
-0.00168597
-0.00170421
-0.00163396
-0.00140577
-9.93132E-4
-4.76972E-4
2.81079E-5
3.99902E-4
5.7337E-4
4.87402E-4
1.28303E-4
-2.81449E-4
-4.97201E-4
-4.44969E-4
-1.42503E-4
3.13407E-4
6.95322E-4
8.29671E-4
8.38734E-4
0.00101129
0.00147901
0.00215946
0.00289017
0.00350393
0.00392478
0.00413485
0.00401253
0.00348548
0.00266975
0.00172778
8.193E-4
6.17059E-5
-5.23012E-4
-9.7312E-4
-0.00129282
-0.00146629
-0.00146837
-0.00123979
-8.17879E-4
-3.46472E-4
1.57383E-4
8.34924E-4
0.00169421
0.0025499
0.00319464
0.00347539
0.00342574
0.00319504
0.00289766
0.00268359
0.0026122
0.00254729
0.00235885
0.00204339
0.00159254
0.00101705
3.90065E-4
-1.51195E-4
-3.76104E-4
-1.60263E-4
4.38701E-4
0.00127384
0.00215433
0.00286292
0.00321978
0.00326539
0.00320993
0.00315728
0.00307403
0.00293413
0.0027577
0.00256034
0.00237981
0.0022382
0.00213727
0.00208716
0.00199708
0.00168842
0.00104792
1.42034E-4
-8.34434E-4
-0.00172261
-0.00239817
-0.00269783
-0.00254566
-0.00205811
-0.00143836
-8.78767E-4
-4.40895E-4
-3.6452E-5
3.43298E-4
6.88641E-4
0.00101663
0.00121233
0.00116008
9.22014E-4
6.60479E-4
3.62183E-4
-1.28336E-4
-8.00949E-4
-0.00146039
-0.00197301
-0.00231376
-0.0024876
-0.00246713
-0.00220378
-0.00178733
-0.00130627
-7.03851E-4
4.71517E-5
8.32675E-4
0.00145954
0.00172864
0.00160178
0.00126526
9.31359E-4
7.42448E-4
7.27642E-4
7.83911E-4
8.10228E-4
7.5463E-4
5.50068E-4
9.58295E-5
-5.60955E-4
-0.00118224
-0.00158206
-0.00174802
-0.0018311
-0.00199918
-0.00224513
-0.00239792
-0.00231047
-0.00204626
-0.00181034
-0.00159858
-0.00127887
-8.99912E-4
-5.99229E-4
-4.72755E-4
-4.61137E-4
-3.20673E-4
8.71864E-5
6.46677E-4
0.00114468
0.00130285
9.80178E-4
3.71966E-4
-2.07246E-4
-5.23531E-4
-5.32458E-4
-3.59198E-4
-8.87914E-5
2.89364E-4
7.46257E-4
0.00114929
0.00126198
9.84103E-4
5.19859E-4
1.71203E-4
1.64081E-4
4.82851E-4
9.09551E-4
0.00138253
0.00151323
0.00154755
0.00161301
0.00163288
0.00154482
0.0014301
0.00137233
0.00138786
0.00151825
0.0017253
0.00185758
0.00177477
0.00143347
9.27912E-4
3.69739E-4
-2.56254E-4
-9.53037E-4
-0.00161311
-0.0022082
-0.00267808
-0.00284744
-0.00261409
-0.00203937
-0.00130073
-5.97684E-4
-1.41885E-4
-6.04917E-5
-3.29866E-4
-8.3237E-4
-0.00138015
-0.00173542
-0.0016774
-0.00114898
-3.3444E-4
4.93835E-4
0.00116965
0.0015645
0.00153609
0.00107868
3.80358E-4
-2.49596E-4
-5.92193E-4
-6.4519E-4
-5.61292E-4
-5.18868E-4
-5.25294E-4
-4.60008E-4
-2.78391E-4
-4.32537E-5
1.6398E-4
3.28908E-4
5.1988E-4
8.26125E-4
0.00116982
0.00138249
0.00145202
0.00141464
0.00133461
0.00130533
0.00127147
0.0010341
4.92273E-4
-2.40707E-4
-9.33929E-4
-0.00135255
-0.00146291
-0.00141062
-0.00128892
-0.00109955
-8.30175E-4
-4.96552E-4
-1.69781E-4
6.16467E-5
