1.23876E-5
-2.91959E-5
1.74172E-5
-2.56525E-5
-7.2088E-6
-7.78168E-5
-3.20092E-5
7.40304E-5
7.06106E-5
2.38173E-4
7.5546E-4
5.43355E-4
1.94231E-4
-1.82536E-4
2.66628E-4
0.00106911
3.99873E-4
-7.70293E-4
0.0011447
-0.00123762
-1.15594E-4
-0.0012632
-4.89152E-4
-0.00310547
-0.0029666
9.69217E-4
8.69301E-4
0.00248472
-0.00183561
-0.00424928
-0.00204455
0.00271219
-0.00262138
0.00494349
-3.19012E-4
-2.93441E-4
-0.001295
0.00343967
-9.67929E-4
-0.00252519
-0.00408069
0.00235471
-0.00183092
0.00314262
0.00180858
-5.96369E-4
0.00144577
0.00617288
0.00129285
-0.00209563
0.00182419
0.00665417
0.00916854
0.00448227
0.0014623
0.00320715
0.00430817
0.0102143
5.19818E-4
5.23639E-5
-0.00783618
-0.00951523
-0.00778916
-0.00815288
3.59885E-4
-0.0104409
-0.0234711
-0.00752894
-0.00472864
-0.0035601
-0.00291462
-0.0027573
-0.0044043
0.0022286
0.00721365
0.00321266
-0.00429781
0.00179597
0.00716822
0.0129583
0.0190389
0.0131129
-0.00272816
0.00411308
0.00771493
-0.00155401
0.00845587
-0.00520333
-0.0093453
-5.18385E-4
0.00295433
0.00586766
5.63326E-4
0.00271388
0.00559228
0.00565432
-0.00767167
-0.0144956
0.00478319
0.00495719
-0.0150831
-0.0126
0.00170259
-0.00715849
-0.0199076
0.00478023
0.00998445
-0.00541586
0.00565217
0.0170398
0.00461277
-0.00812112
0.00165985
0.0109218
0.00180558
-0.00235622
0.00905541
-3.30468E-5
-0.0179341
-0.0176518
-0.00770677
-0.00177923
-0.00286863
-0.00239476
-0.00341252
0.00374709
0.011924
0.0107197
0.0120274
0.0116912
-6.56595E-4
-0.00837251
-0.00868086
-0.00891816
-5.9149E-4
0.00767076
0.0037912
-0.0122086
0.00114182
0.00530695
-0.00151305
1.67479E-4
0.00561606
-0.00425126
-0.0134395
-0.00547564
8.24105E-4
0.00245165
0.00924387
0.0180233
0.00630533
0.00345501
0.00774172
0.00990769
0.0119775
-0.0110599
-0.00855057
-0.00513441
-0.00850835
-0.0115825
-0.00886899
-0.00535893
-0.0117332
-0.00531396
-0.00276285
-0.00157087
0.01161
0.00998126
6.74966E-5
5.80768E-4
0.00532819
0.00856698
0.00186275
7.62162E-4
-0.00214227
0.00456724
9.48861E-4
-0.00120992
0.00636658
0.00377199
0.00440852
0.00385537
-0.022298
-0.0145102
0.0281741
0.0261204
-0.0170313
-0.032446
-0.0234866
-0.0241216
-0.0045296
0.0224479
0.0423864
0.0290446
-0.002531
-0.0204221
-0.0295404
-9.41062E-4
0.0158807
0.0235671
0.0414043
0.0447425
0.00780918
-0.0386483
-0.0295025
0.0191161
0.0333486
0.00124048
-0.0320766
-0.0479669
-0.0769976
-0.0892801
-0.054066
-0.003892
0.0142667
0.0192622
0.00903281
0.0115137
0.0159739
0.00524531
0.00194809
0.033572
0.064794
0.0756954
0.0384518
-0.0210505
-0.0347449
0.00351341
0.0454416
0.0521081
0.023532
-0.0140747
-0.0347727
-0.0293413
-0.0229155
-0.0206202
-0.0248132
-0.0111401
0.0291693
0.0486942
0.0450696
0.00279168
-0.0554654
-0.0612184
-0.0347194
-0.00493777
-0.00517584
-0.0267665
0.00436996
0.0323831
0.0122796
0.00963901
0.0155724
-0.00471889
-0.04319
-0.0568457
-0.0511798
-0.0181436
0.0269453
0.0655687
0.083231
0.0748064
0.0181337
-0.0151103
-0.00100592
0.00948251
-0.00534553
-0.0119668
7.45036E-4
-0.0146858
-0.0336499
-0.0372007
-0.0363703
-0.022649
-0.00113103
0.00245865
0.00559843
-0.0135305
-0.0137562
0.0140258
0.0491833
0.0572709
0.0335032
0.0422132
0.0502
0.00270968
-0.0534304
-0.0618875
-0.0533706
-0.0483903
-0.034713
0.00808603
0.0228253
-0.0114865
-0.018723
-0.0161361
-0.013138
0.00173957
0.00813332
-0.00783851
0.0076464
0.0543554
0.0543461
0.037352
0.0415581
0.0272866
-0.0214216
-0.0592227
-0.0551558
-0.0251967
0.00359677
0.0193225
0.0322737
0.0298989
0.00476061
-0.019838
-0.0352938
-0.0270249
-0.00269653
0.00916469
0.0139608
0.0148574
0.0157784
0.00692146
0.0127806
0.029148
0.0178922
-0.00706851
-0.045844
-0.0476376
-0.0145438
-0.00555543
-0.0133638
0.0123643
0.0430671
0.0419611
0.0415067
0.0395425
0.0344111
0.0232015
0.0161389
0.006281
-0.00410804
-0.0112094
-0.024033
-0.0453118
-0.0477449
-0.0223849
-0.0176221
-0.0448332
-0.0547655
-0.0572727
-0.0538434
-0.0203507
0.015316
0.0126143
-0.00949568
-0.00455064
0.0116193
0.0455935
0.0640675
0.0625674
0.0334617
1.37138E-4
-0.00261615
0.010803
0.0220963
0.0129732
0.0161813
0.00772849
-0.0219331
-0.0379542
-0.0292682
-0.00660365
-0.0111905
-0.00830834
-0.00432226
-0.00690026
-0.0121316
-0.0231949
-0.0194666
8.41726E-4
0.0339747
0.0488092
0.0255326
0.0176202
0.00750754
0.00102729
0.00903272
0.0147475
0.00918857
-0.0114471
-0.0336741
-0.0379429
-0.0241105
0.00214164
0.0233865
0.0209009
-0.00456715
-0.0312621
-0.0379923
-0.0362033
-0.0205543
-0.00864637
-0.00123426
-0.00341671
-2.90478E-4
0.0219292
0.0498602
0.0490175
0.0520454
0.052766
0.0343133
0.0276248
0.0160252
0.00100398
0.00508122
0.00665726
0.00336349
0.0084711
-0.0184714
-0.0636312
-0.0668952
-0.0557013
-0.0469507
-0.0405042
-0.0414213
-0.0343205
-0.0167532
0.00156094
-6.73704E-4
-0.00662805
0.0116218
0.0205361
0.0130396
0.0190297
0.0392754
0.0353813
0.0370077
0.048963
0.0393239
0.0237429
0.0116114
0.0155858
0.0247412
0.0119734
-0.00770886
-0.00825052
-0.0174056
-0.0366283
-0.0459986
-0.0431718
-0.0324241
-0.0357526
-0.0232469
3.53124E-4
0.0100042
-0.00687507
-0.0142007
-0.0127061
-4.16351E-4
0.0230618
0.036657
0.0176288
-0.0051359
0.00711436
0.0229695
0.0188755
0.0067184
-0.00177524
0.0054536
0.00713562
0.00828682
0.011397
0.0140699
0.00719187
-0.00982718
-0.00992354
-0.0023074
-0.0133406
-0.0243771
-0.0167084
-0.0134545
-0.0160073
-0.00759513
-0.00483003
0.00178032
0.0162504
0.0177276
0.0085222
1.30001E-4
-0.00716225
-0.00227967
0.00678556
0.00609388
-0.00313696
-0.0168284
-0.0118824
-0.00340429
-0.00899139
-0.00361756
0.0054479
0.00992921
0.0079513
0.00568456
0.011463
0.0229008
0.0240331
0.0173699
0.0128313
0.00939637
0.00949353
0.00656643
-0.00714091
-0.0164265
-0.00939472
-0.00160181
-0.00763839
-0.0210798
-0.0215663
-0.0174608
-0.0275697
-0.0314536
-0.0132935
0.00430293
0.00631876
0.00694278
0.00669245
0.00747058
0.00872465
0.0109737
0.0227458
0.0233109
0.00890126
0.00224343
0.00980016
0.0102679
0.0105317
0.0163605
0.0129596
0.00367562
-0.00894775
-0.0129882
-0.00694575
-0.0112532
-0.0209127
-0.0187799
-0.0150802
-0.0148672
-0.0154439
-0.0254043
-0.0227976
-0.0183828
-0.0110915
-0.00436219
0.00121644
0.00797641
0.0107465
-0.00304527
-0.00124678
0.016052
0.023645
0.0264478
0.0275928
0.0273418
0.0294267
0.0246717
0.0178478
0.0156399
0.00454911
-0.0135923
-0.0157096
-0.0188294
-0.0269851
-0.026845
-0.0197392
-0.00896353
-0.00357174
0.00107513
-0.00156973
-0.00920821
-0.0102217
-0.00638195
0.00587455
0.0197191
0.0189805
0.00731386
-0.00332614
-0.00544671
-0.00134095
0.0111603
0.0157236
0.00238716
-0.012214
-0.0101102
0.0028732
0.00972238
0.001816
-0.00558229
-0.00497994
0.00595906
0.0104881
0.0101534
-1.16936E-4
-0.0131614
-0.00812892
-0.00293662
-0.0138742
-0.0207306
-0.017473
-0.0149764
-0.0125857
-0.00580632
0.00562644
0.00783894
0.0153714
0.019047
0.017399
0.017353
0.0181673
0.0160218
0.0111838
0.005817
0.00585937
-1.75278E-4
-0.0136804
-0.0160556
-0.00705833
0.00288624
0.00262875
-0.003787
-0.0100652
-0.0165897
-0.0106703
1.05862E-4
0.00682135
0.00363155
-0.00748346
-0.00817058
0.00173714
0.00893616
0.00800187
0.00251675
4.56635E-4
-0.0017135
-6.31153E-4
-0.0041776
-0.00866127
-0.00909924
-0.00625104
-0.00809672
-0.00537432
-0.0066904
-0.0114546
-0.00379389
0.0101775
0.016616
0.0173431
0.0121154
0.00955315
0.0100612
0.00697668
0.00791751
0.0010534
-0.00474033
7.51808E-4
4.92732E-4
-0.00784147
-0.0120165
-0.0105919
-0.00740752
-0.00812922
-0.00937306
-0.00760782
-0.00649665
-0.0028753
-5.08298E-6
0.0049079
0.00813078
0.0107979
0.0106546
0.01042
0.0149848
0.0141586
0.0122257
0.0124435
0.0091846
2.41458E-4
-0.00207517
-0.00271804
-0.00626572
-0.00722427
-0.00694911
-0.00547672
-8.81825E-5
0.00381372
-3.02192E-4
-0.00882589
-0.0112168
-0.00740944
-0.00929326
-0.0151181
-0.0214828
-0.0246929
-0.0183742
-0.011674
-0.0072679
0.00146846
0.00436721
0.0111948
0.0175652
0.0170383
0.0193501
0.020156
0.0140987
0.0134559
0.0135922
0.0123177
0.00971584
0.00415235
0.0021307
0.00268143
-0.00173633
-0.0034351
-0.00572894
-0.0125056
-0.0209913
-0.0198009
-0.0143085
-0.0129837
-0.0123187
-0.00906831
-0.00645211
-0.00859938
-0.00848477
-7.27203E-4
0.0102137
0.00941356
0.00450092
0.0127445
0.0177893
0.0123337
0.00893888
0.00586033
0.00636525
0.0017652
-8.00117E-4
0.00120435
0.00595049
0.00671639
0.00222888
-9.04205E-4
-0.00309874
-0.00193974
6.30252E-4
0.00445375
0.00568939
0.00488284
0.00203791
-0.00115438
-0.00627399
-0.00796601
-0.00606688
-0.00510758
-0.00492119
-0.0106464
-0.0155195
-0.00879398
-0.00225921
-8.48633E-4
8.15036E-4
-0.00328382
-0.010534
-0.00830701
-6.49711E-4
0.00193122
-2.62633E-5
0.00462313
0.00856651
0.00933825
0.0139004
0.0189395
0.0171549
0.0111066
0.00467359
1.84852E-5
-0.00557961
-0.00362738
0.00438136
8.55149E-4
-0.00623833
-0.00321478
-0.00161134
-0.00352498
-0.00513524
-0.00790655
-0.00991185
-0.013541
-0.0155623
-0.0118651
-0.0116457
-0.0143793
-0.0124035
-0.00414458
0.00583737
0.014096
0.0156483
0.012968
0.0132068
0.0112706
0.00798758
0.00607988
0.0071741
0.00732991
0.00370742
0.00558507
0.00644705
0.00177586
-0.00229174
-0.00171711
-0.00510084
-0.0059926
-0.00259807
-0.00132221
-0.00380299
-0.00378353
-0.00749473
-0.011989
-0.00934616
-0.00569962
8.42812E-4
0.00855059
0.010192
0.00739406
0.00241207
-0.00229048
-0.00136023
0.00171634
-0.00174429
-0.00278313
-3.84195E-5
4.22725E-4
0.00191665
0.00351107
-0.00171463
-0.00712744
-0.00545023
0.00106051
0.00555069
0.00913281
0.00880928
0.00303675
-0.00285247
-0.0060808
-0.006269
-0.0046326
0.00127144
0.00116775
-0.0040405
-0.00353663
-0.00569892
-0.0065972
-0.00119333
0.00377645
0.00361576
0.00418581
0.00520027
0.00436252
-8.50713E-4
-0.00290653
-0.00177657
-0.00539497
-0.00332387
0.0027658
0.00621528
0.00779408
0.0037562
1.36956E-4
0.00201591
0.00257564
-0.00184651
-0.00218355
-2.19456E-4
-0.00425834
-0.00806195
-0.00998597
-0.00784009
-0.00404033
-0.00141123
8.74926E-4
-2.15025E-4
-0.00565862
-0.00463192
3.43337E-6
0.00549521
0.0100608
0.00683233
0.00415206
0.00627811
0.00972803
0.0111994
0.00950598
0.00844104
0.00779198
0.00281223
-8.71119E-4
-8.94294E-4
0.00165905
0.00347312
5.84199E-4
-0.00505898
-0.00961296
-0.014719
-0.0174701
-0.0135615
-0.00696786
-0.00105701
-5.86867E-4
-0.00133652
1.2728E-4
0.0014556
0.00496525
0.00854423
0.00871884
0.00374546
-0.00282338
-0.00338639
-0.00229678
-6.16074E-4
4.75923E-4
-0.00274312
-0.0060368
-0.00303656
7.51962E-5
0.00110848
0.00284626
-0.00208915
-0.00578724
-0.00499327
0.00144407
0.00919013
0.0120763
0.0114072
0.00842187
0.00398526
0.0020356
0.0039114
0.00102916
-0.00240819
-0.00637709
-0.011302
-0.0110984
-0.00470158
-1.26426E-4
9.81644E-4
-3.20214E-4
-0.00124481
-0.00327062
-0.00214341
0.00288604
0.00527354
0.00107643
0.00108661
2.99195E-4
-0.00447328
-0.00800746
-0.00715371
-0.00313796
8.59981E-4
-0.00107426
-0.00125205
0.00404212
0.00707711
0.00672011
0.00814935
0.00915652
0.00824892
0.0059898
-4.10459E-4
-0.00267716
0.00171913
0.00376402
0.00110101
-0.00330821
-0.00532527
-0.00750946
-0.0108014
-0.00891847
-0.00213225
9.35984E-4
-0.00189722
-0.00236871
6.26864E-4
0.00132695
0.00363146
0.00118465
-0.00330358
-0.00256157
-5.21486E-4
-0.00209415
-0.00635292
-0.0038597
7.7881E-4
0.00291741
0.00343445
0.00459667
0.00491429
0.00744788
0.0107923
0.0103511
0.00719558
0.0033981
-0.001706
-0.00663149
-0.00860213
-0.00806595
-0.0078904
-0.00708277
-0.00574929
-0.00113309
0.00211647
0.00148782
4.88423E-4
1.57694E-4
0.00187111
0.00260021
0.00420685
0.00521314
0.00561456
0.00484349
0.00287819
0.00240232
0.00290948
0.0015524
-2.85291E-4
-0.00156972
-0.00302245
-0.00606037
-0.008874
-0.00777605
-0.00754453
-0.00782792
-0.00597563
-0.00272554
-0.00150319
6.25028E-4
0.0022721
0.00537291
0.00814926
0.00824051
0.00576963
0.00277012
0.00302323
0.00519592
0.00526714
0.0027932
-5.33661E-4
-0.00208372
-0.001541
3.86414E-4
0.0029935
0.00408657
0.00240393
-7.05759E-4
-0.00290238
-0.00319538
-0.00507518
-0.00423662
-0.00393516
-0.0043948
-0.00844357
-0.00779331
-0.00162751
0.00263158
0.00244415
0.00217967
0.00159463
-0.00132978
-0.0023693
-0.00159261
-0.00115457
7.4767E-4
0.00235266
0.00384287
0.00314523
0.00185206
0.00153782
4.44007E-4
6.39153E-4
0.00126968
0.00256601
0.00400398
0.00763365
0.0103716
0.00656223
0.00264942
0.00251832
0.00358565
5.08987E-4
-0.00412126
-0.00542251
-0.00695387
-0.00700243
-0.00622489
-0.00594384
-0.00499135
-0.00270806
-0.00103291
-0.00185686
-0.00343786
-0.00368312
-2.14334E-4
0.00287122
0.00200474
0.00176263
5.662E-5
-0.00237338
-0.00412989
-0.0025423
3.05469E-4
0.00148262
-0.00251491
-0.00473218
-0.00485579
-0.00494533
-0.00209576
-8.27851E-4
-7.25046E-4
-2.4707E-4
1.45281E-4
0.00216227
0.00441737
0.00567809
0.00695112
0.00492071
0.00570176
0.00788925
0.0071005
0.00525367
0.00394383
0.00170746
-0.0020585
-0.0044619
-0.00282672
-0.00180974
-0.00170804
-0.00246053
-0.00327185
-9.61016E-4
0.00235706
0.00216158
-0.00234442
-0.00441162
-0.00398927
-0.00398672
-0.00192134
2.59544E-4
0.00219204
0.00249763
0.00249351
0.0022434
0.00209474
0.002854
0.00293069
0.00414495
0.00491493
0.00668983
0.00676191
0.00609977
0.00392022
0.00106198
-0.00159995
-0.00319118
-0.00443096
-0.00706301
-0.00794467
-0.00862001
-0.00772832
-0.00608349
-0.00599487
-0.00751387
-0.00535344
-0.00180818
-3.10734E-4
-9.67077E-4
-0.0011703
-9.09668E-4
0.00136523
0.00349988
0.00639597
0.0065645
0.00535761
0.00470076
0.00373961
0.00320575
0.00106224
9.00491E-4
0.00238421
0.00180493
-7.99541E-4
-0.0032919
-0.0013734
0.00176005
5.20443E-5
-0.00111594
-0.00236544
-0.00402384
-0.00346246
-0.00258614
-0.00188933
-6.27735E-6
8.58055E-4
7.59284E-4
9.3418E-4
2.16381E-4
4.77886E-4
0.00131411
0.00353861
0.00276046
0.00128547
0.00182616
0.00182322
2.67566E-4
-0.0020833
-0.00331474
-0.00273472
-9.825E-4
-3.90561E-4
-3.40881E-4
-0.00109151
-2.2307E-4
3.37138E-4
3.58903E-4
0.001585
0.00130782
-0.00102736
-0.00124309
7.04301E-4
0.00110758
-1.00741E-4
1.64001E-4
0.00123264
3.20049E-4
-0.00135869
-0.00170538
-4.99261E-4
0.0011984
0.00226112
0.00216753
4.89358E-4
-0.00118322
-0.00126453
-8.90475E-4
-4.36452E-4
4.35548E-4
4.15914E-4
-1.96635E-4
-6.82847E-4
-8.07271E-4
-3.66902E-4
-2.98195E-5
3.07642E-4
-7.38407E-7
3.43439E-4
7.62916E-4
6.97946E-4
4.50269E-4
3.22455E-4
6.26751E-5
-3.92308E-4
-5.78627E-4
-2.30194E-4
-1.53106E-4
-7.80425E-5
-2.55082E-4
-3.70406E-4
-4.95175E-4
-4.86398E-4
-3.77992E-4
-2.53621E-4
-7.38508E-5
1.19055E-4
2.04298E-4
2.10463E-4
1.87881E-4
1.0932E-4
1.00829E-4
9.98034E-5
1.03068E-4
8.03082E-5
7.07431E-5
7.2117E-5
7.87121E-5
8.68432E-5
5.65183E-5
3.30457E-5
2.711E-5
2.43787E-5
1.55592E-5
