5.602559E-6
3.827962E-7
-1.6955769999999997E-6
-6.027490999999999E-6
5.2224619999999996E-5
-3.1392779999999994E-5
-6.851998E-5
1.407525E-4
-2.147876E-5
-3.002917E-4
-2.4931499999999995E-4
2.134287E-4
-1.0973249999999998E-4
-4.245435999999999E-4
-3.405845E-4
0.0011004789999999997
9.397293999999999E-4
-0.00308036
0.001380436
-1.0485679999999999E-4
-2.817055999999999E-4
7.510926999999999E-4
0.0015144179999999998
0.0034206679999999995
-4.472926999999999E-4
-9.925756E-4
-3.8005619999999994E-4
-2.7675779999999993E-4
-0.001131289
0.007871449
-0.002844067
-2.144377E-4
-5.942150999999999E-4
-0.004482178999999999
-0.006890611999999999
-0.0014064789999999998
0.004639636
0.0016910309999999997
-0.006298933999999999
-0.003057101
-0.0031505749999999996
-0.002330513
2.105213E-4
0.0011258809999999998
0.004976026999999999
0.01032055
0.0019077429999999997
-0.0030199479999999997
-0.0017104139999999997
0.001159734
4.954166E-4
0.002575193
0.013005239999999998
0.007273146999999999
-0.006414894
-0.009955820999999998
-0.004017429
0.002015694
-0.0019334189999999998
-1.4743519999999998E-5
0.006375717999999999
0.008679322
-0.011148679999999998
-0.017814969999999996
-8.017393E-4
0.008099001
0.005472591999999999
0.002000305
-0.0012930969999999998
-6.838515E-5
-2.249964E-4
0.0021211329999999994
0.002840925
0.001503521
5.710024E-4
-0.008406265
0.002212635
0.0024659219999999997
-0.002889052
-7.906757999999999E-4
-0.0074937499999999995
-0.0036090609999999998
0.008920761999999999
0.0042770329999999995
-0.002116773
-0.0054339
-0.0032100379999999997
-0.001204622
0.003272965
0.007408503999999999
-0.004836908
-0.011453519999999998
-0.007231034999999999
0.008077754
0.012908749999999998
-0.002302549
-8.330923E-4
0.005064093999999999
-0.0038501629999999998
-0.0012963439999999998
0.003659941
0.004674369999999999
-0.0010105059999999998
-0.0022038929999999997
0.003550599
0.006568560999999999
-0.008720396999999998
-0.005293141999999999
0.007873687999999998
0.002667244
-0.008810016999999998
-0.001226149
-4.2957129999999995E-4
-0.008875552
-0.0024611249999999998
0.009872109999999998
0.01332047
-0.01136941
-0.0037989929999999996
0.013665969999999998
0.015277949999999998
-0.013466749999999998
-0.006385332999999999
0.0011584039999999998
-0.003607815
-0.008488405999999999
9.592633999999999E-4
0.008059186
-0.003160454
-0.007435627999999999
-0.004695894999999999
0.01441089
0.007749804999999999
-0.0031321829999999998
0.0029210549999999997
-0.008020865999999998
-0.002126757
0.007615907
0.00933809
-0.009354416
-0.0013237049999999999
-0.004554457999999999
0.002241301
-0.002689581
-0.004444908
-0.010668909999999998
-0.0030246419999999997
0.007157269999999999
0.005791876999999999
0.007888060999999998
0.013636699999999998
0.01472972
0.008615254999999999
-0.006611171999999999
-0.01346374
-0.0029143059999999998
0.008818473999999998
-0.002999672
-0.01581141
-0.016669839999999995
-0.011024919999999999
-0.01467314
-0.007226544999999999
2.539514E-5
-2.4061279999999997E-4
3.280144E-4
0.012811519999999998
0.003943929999999999
0.006116245999999999
0.014439919999999998
0.010066959999999998
0.001048048
-2.94179E-4
0.001062078
0.006168992
0.01009766
0.010927209999999998
-0.0010848409999999998
-0.0015678459999999997
0.0023042589999999995
0.007459021
0.013123959999999999
0.002594195
0.008708760999999999
0.005395267999999999
-0.01939894
-0.028298219999999995
-0.029477799999999995
-0.01758137
-0.007618926999999999
0.008402911999999998
2.0158659999999998E-4
-0.03985253
-0.05920842
-0.04229832
3.8823379999999993E-4
0.04549452
0.07064039999999999
0.04299686
0.008604696
0.003409489
-0.01047719
-0.0164737
0.011745679999999998
0.045792809999999996
0.049081099999999996
0.01553317
-0.009829324
-0.02468241
-0.03090521
-0.02919154
0.01970498
0.05030224999999999
0.03793754
0.0036869399999999997
-0.034352129999999995
-0.06542846
-0.057343019999999995
-0.049272579999999996
-0.018923029999999997
0.033015739999999995
0.055409309999999996
0.020882869999999998
-0.01314844
-0.007905673
0.01041448
0.01664018
0.01436751
0.008245211
-0.001357995
-0.014829969999999998
-0.03881161
-0.04512341
-0.024059829999999997
-7.338361E-4
0.030244099999999996
0.06536714999999998
0.026900989999999996
-0.02345502
-0.04002903
0.0017917989999999997
0.027778109999999998
0.04444369
0.059872579999999995
0.04957443999999999
-0.0031024
-0.057471829999999995
-0.056620109999999994
-0.02969889
-0.014103409999999999
-0.002800221
-0.002787272
-0.01139959
-0.03478944999999999
-0.0355273
0.007365063
0.04703617999999999
0.028096129999999997
0.015500659999999998
0.011126689999999998
-0.004820229999999999
-0.025065139999999996
-0.029242519999999998
-0.03166693
-0.01197262
0.041835939999999995
0.058108999999999994
0.04700153
0.005943028999999999
-0.01585947
7.950965E-4
0.01684965
0.013458689999999999
0.001777882
0.008006555
0.008763695999999998
-0.007021676999999999
-0.03675875
-0.03973067
-0.0157567
-0.0012280259999999997
-0.002502634
-0.01221094
-0.010991639999999999
-0.006770568
0.01152064
0.0016588259999999997
-0.010683279999999998
-0.013429609999999998
0.002237777
0.007236359
-0.004537797999999999
-0.007019943999999999
0.0018375119999999997
-1.346295E-4
9.244573999999999E-4
0.01331749
0.01210743
-0.005985067999999999
-0.008127358999999999
-0.002235839
0.013464929999999998
0.0235545
0.018760559999999996
0.01356326
0.02538608
0.011847109999999998
-0.007245750999999999
-0.019821959999999996
-0.012020169999999998
0.0036177719999999996
0.009149510999999999
0.015564169999999999
0.01749068
0.015416749999999998
-0.0026571639999999996
-0.01279642
-0.01872949
-0.020552799999999996
-0.021230359999999997
-0.02147176
-0.03002785
-0.02847031
-0.024205739999999996
-5.4654E-4
0.02819542
0.021674759999999998
0.017858499999999996
0.01673614
0.009676468
-0.0074547139999999994
-0.018992409999999998
-0.018762579999999997
0.001077982
0.038223459999999994
0.06273914999999998
0.04655241999999999
0.0018994289999999998
-0.031053059999999997
-0.0496611
-0.03984610999999999
-0.02402904
0.00409899
0.012689809999999998
-2.455266E-4
-0.002607623
-0.006345315
-0.0021177389999999996
0.012496179999999999
0.02303344
0.013854579999999998
-5.538894E-4
-0.006384878
-0.0027845459999999997
-0.009090125
-0.007620492999999999
0.003988027999999999
0.008780078999999998
-0.007757694
-0.012760839999999999
-0.019685589999999996
-0.027380539999999995
-0.0067165919999999995
0.013625629999999998
0.027079979999999997
0.023426619999999995
0.01044181
-0.009539592999999999
-0.02168077
0.013591959999999998
0.05816685
0.05554472
0.02518425
-0.00976259
-0.0065489649999999995
0.009303116999999998
0.015991829999999995
0.010350149999999999
-0.008456104
-0.041725309999999995
-0.05554885999999999
-0.05385539999999999
-0.05849616999999999
-0.041456959999999994
-0.013836949999999999
0.0032549699999999994
0.002776169
-0.0076230329999999995
-3.044731E-4
0.014435969999999998
0.018318389999999997
0.009126137999999999
0.002843725
0.004576637999999999
0.01964429
0.025083689999999995
0.02110715
0.018474249999999998
0.01168722
0.010684139999999998
0.01613905
0.014670269999999997
-0.008547653
-0.023736599999999997
0.012882849999999998
0.05610179
0.04641467999999999
0.013630609999999998
0.0036559709999999996
-0.004744862
-0.02166274
-0.03859652999999999
-0.03220634
-0.034042949999999995
-0.03811935999999999
-0.04069191
-0.03771780999999999
-0.02345435
-0.0036774499999999996
0.0055084059999999995
0.009481084
0.023103339999999997
0.025101029999999996
0.022894639999999997
0.03425718999999999
0.02989603
0.01086095
-0.0016915969999999998
-0.003910998
0.00643831
0.014253669999999998
0.005731266
-0.016711019999999997
-0.03346063
-0.03035621
-0.02864871
-0.031663649999999995
-0.020269019999999995
-0.00811097
0.006336384999999999
0.02638695
0.03908932
0.026777359999999997
0.007116610999999999
-0.002225671
0.010008369999999999
0.024333559999999997
0.024269329999999995
0.015469979999999998
0.016913859999999996
0.02595409
0.008180076999999997
-0.008776
-0.007815297999999998
-0.014332459999999998
-0.03647626999999999
-0.04675173
-0.04160364
-0.03256188
-0.019025329999999997
-0.0071065009999999994
0.005603556
0.0032065039999999998
-0.002381306
-0.008888541
-0.01013148
0.015019809999999998
0.03804191999999999
0.038186359999999996
0.03300507999999999
0.020827489999999997
0.006987818999999999
0.003947319
0.008898235999999999
0.009332103
-0.0012614809999999998
-0.01267965
-0.015479169999999999
-0.013247589999999998
-0.004265512999999999
0.006287415
-0.0023349129999999997
-0.0135076
-0.010133409999999999
-0.009472935999999998
-0.005053506
-0.002524783
-0.01053094
-0.010378889999999998
0.004540754
0.008710922
0.009017508999999998
0.007081541999999999
2.813054E-4
-0.01585762
-0.01252002
0.005112893
0.007808361999999999
0.005106054999999999
0.005637979
0.001613745
0.002176072
0.008869564999999998
0.01004054
0.008743333999999998
0.006505669999999999
0.007081758999999999
0.008073270999999998
0.01188666
0.008493152999999998
8.454260999999999E-4
-0.009453992
-0.008830736
-0.005936609
-0.016882319999999996
-0.024973299999999997
-0.01973613
-0.01134964
-0.005815711999999999
-0.009092357
-0.02301781
-0.025889769999999996
-0.012519979999999998
0.006962467
0.02253402
0.02226549
0.013310609999999999
0.004608176999999999
0.011542279999999999
0.031050529999999996
0.03763488999999999
0.026352209999999997
0.011391069999999998
0.006884421999999999
-0.0025926419999999996
-0.010747919999999998
-0.011147769999999998
-0.004783118
-0.00484331
-0.01006075
-0.005137106
0.0012083239999999998
-0.0036198939999999994
-0.011308999999999998
-0.013940119999999999
-0.018555109999999996
-0.022809219999999998
-0.013295769999999998
-0.0021852869999999997
-7.841885999999999E-4
0.002933988
0.00470211
0.0024022019999999995
3.615542E-4
-0.001417409
-0.002000733
-0.0019523749999999997
0.0022734019999999995
0.006516733
0.002290703
-5.377364E-4
-9.95407E-4
0.0026890889999999995
0.0102032
0.02126608
0.019007629999999998
0.015267939999999999
0.015070699999999998
0.015402929999999999
0.01575374
0.009829584
-0.0033701879999999997
-0.01625183
-0.01624522
-0.01743469
-0.015327679999999998
-0.0066192149999999995
-0.003003999
-0.0029679919999999996
-0.0014181399999999998
-0.0035330009999999996
-0.01727242
-0.01714194
-0.008909461
-0.005460324
-0.011808809999999998
-0.003597547
0.003556114
-0.0016742469999999998
-0.003985639
0.0024495719999999997
0.008596541999999999
0.02033996
0.026244679999999996
0.021275859999999997
0.008053109999999999
0.0012627849999999998
0.005250864
0.014108639999999999
0.0119189
-7.158725999999999E-4
-0.012456799999999999
-0.01379729
-0.004949325
0.008987432999999998
0.0058798159999999995
-0.008479084999999999
-0.01550033
-0.01146273
-0.007869659999999999
-0.004539179999999999
0.007869234
0.013308989999999998
0.004002594
-0.006482087
-0.01394806
-0.01687709
-0.008409255999999999
-0.0034650359999999995
-0.003879835
-0.003028542
0.002013437
0.009755170999999998
0.012366619999999998
0.011334679999999998
0.010247549999999998
0.00604824
9.662095E-4
2.1299099999999997E-4
0.0025460299999999995
0.003712505
-0.0038598179999999997
-0.011078999999999999
-0.011298589999999999
-0.009771445
-0.007556560999999999
-0.0017005619999999999
0.003972524
0.008763102999999998
0.0077718349999999995
0.0021070599999999996
0.002470782
3.5634699999999997E-4
-0.006873569
-0.008076590999999998
-0.003412467
0.0021975409999999995
0.0033847119999999994
0.002989098
0.0024542639999999994
0.003933584999999999
0.008514985
0.01104367
0.011151759999999998
0.008606013
0.0025908479999999998
-0.002708461
-0.006003383
-0.005473213999999999
-8.274333E-5
0.005427766999999999
0.0018263579999999997
-0.009537194
-0.01503813
-0.012369879999999998
-0.009879215999999998
-0.010931349999999998
-0.008484718
-0.004424520999999999
-3.656842E-5
-0.0025314289999999995
-0.0045145
-0.003012194
8.185588E-4
0.01210492
0.019785289999999997
0.01667432
0.008995017999999999
0.010767939999999998
0.011234579999999997
0.006715433
0.0033109049999999994
-0.0017732689999999998
-0.005275466
-0.003363551
-0.005972544999999999
-0.012067899999999998
-0.011828569999999998
-0.005026326999999999
-2.1443369999999998E-4
0.0020172999999999996
0.003474373
0.003198901
0.005893067
0.007749019999999999
0.0018311589999999997
-0.006424464999999999
-0.01437729
-0.01341618
-0.007718007999999999
-8.92604E-5
0.005870062999999999
0.01175817
0.008976506
1.8458439999999998E-4
-0.009637379999999997
-0.009969214999999998
-0.004339475
0.0023194
3.708807999999999E-4
-0.006815400999999999
-0.004132256
0.005000018999999999
0.009172238999999999
0.009310807
0.007012162
0.003591952
-0.003324635
-0.005369573999999999
4.3235379999999996E-4
0.008793771999999998
0.014533659999999999
0.013170549999999998
0.005432805
-0.005064401
-0.009087936999999999
-0.005641031
-0.001233924
-0.004981691
-0.007669286
-0.004640649999999999
-0.0069102289999999995
-0.010271419999999998
-0.010765089999999998
-0.008396777999999999
-0.005808117
-6.603709E-4
0.003550489
0.00623602
0.007667565
0.007212531999999999
0.007887464999999998
0.01111043
0.01013365
0.00558289
-3.905489E-5
-0.0021840419999999998
-0.0017546929999999999
-0.0025387579999999995
-0.0023117519999999994
0.0015226119999999998
0.0035045879999999995
0.004415657999999999
0.003309338
0.0020856099999999995
-3.404154E-4
-0.0018687239999999998
-0.0013725889999999998
-0.0011028399999999997
0.0023746879999999994
0.0029960019999999998
5.308403E-4
-0.005619218
-0.011555569999999998
-0.01627653
-0.014452579999999998
-0.008946208999999998
-9.563162999999999E-4
-3.662995E-4
-0.005096979
-0.007059919999999999
-0.005083232
7.669871E-4
0.005318535999999999
0.0027046559999999997
0.001078886
0.0027197419999999994
0.005455771
0.006657933999999999
0.014954889999999998
0.02041561
0.015533419999999997
0.010184719999999998
0.005634293999999999
0.0035668329999999997
0.004225637
0.007189377
0.004769588
-0.0026591509999999994
-0.008883569
-0.011132999999999999
-0.01480207
-0.014902519999999999
-0.01134433
-0.007808708999999999
-0.0036961669999999998
-0.005470917
-0.007977046
-0.007012797999999999
-0.0070464609999999995
-0.005460246
-0.0031112679999999995
0.0037750649999999998
0.009848679
0.011973149999999998
0.01479112
0.013517389999999999
0.011316549999999998
0.011196509999999998
0.008604277999999998
0.0017754019999999997
-0.005026354999999999
-0.0036642929999999995
0.002012354
-6.172350999999999E-4
-0.005073293999999999
-0.007916922
-0.00815317
-0.005124176
-0.002032254
-8.27453E-4
-0.002575447
-0.006368096999999999
-0.006159033999999999
-1.9360539999999996E-4
0.002022302
0.001018212
-0.002102141
-0.003983189
-0.005406837999999999
-0.005020957
-0.0039050529999999995
-0.0032797089999999996
-0.0014610199999999997
0.0014235509999999997
0.007122057999999999
0.01114727
0.011981369999999998
0.012477649999999998
0.009871643
0.005647253999999999
0.004115055
-0.0026679959999999997
-0.009893709
-0.008464302999999998
-0.002038683
0.0037069149999999994
0.003175829
0.002693668
-6.404022999999999E-4
-0.0032058749999999995
-0.001048265
0.0037364749999999995
0.0024037429999999994
0.0012206979999999999
0.002061814
0.002314652
-8.054907999999999E-4
-0.002785527
-0.002120206
-0.006370542999999999
-0.009458588
-0.009188414999999998
-0.0069551809999999995
-0.0021985649999999995
0.0017776009999999997
0.004230136
0.005464796
0.006475984999999999
0.002094269
-0.006431284999999999
-0.008868863
-0.004110924
-1.722485E-4
0.002854287
0.005215406999999999
0.008008069
0.009532599999999999
0.009325470999999998
0.006841402
0.003970207
-0.002077491
-0.012530699999999999
-0.012595669999999998
-0.005469703999999999
-1.32989E-4
0.002661497
0.0026348869999999994
-0.0033946609999999998
-0.007707353999999999
-0.0031470489999999994
0.0026826939999999994
0.0065793499999999994
0.006454546
0.002567714
1.2361839999999998E-4
-1.452987E-4
3.6133089999999997E-4
0.002330619
0.002636789
-5.420918999999998E-4
-0.0033256569999999997
-0.003328324
-9.759262999999999E-4
0.001809607
0.002930302
0.001351693
-0.005618976
-0.0072674689999999995
-0.005138706
-0.004704333
-0.006037711999999999
-0.004687586999999999
-0.001243933
0.0015558149999999999
0.0026159949999999994
0.00449348
0.008405135999999999
0.006817401
0.002792398
0.005153619999999999
0.008190179
0.006930955
0.005713803999999999
0.004495303
0.001389403
-0.002858279
-0.003541253
-0.002859646
-0.004423346
-0.005757465999999999
-0.007453955999999999
-0.009054914999999998
-0.005644107
-1.9513099999999997E-4
0.002210266
0.0037052679999999994
0.0030670219999999995
0.001375832
2.7078229999999995E-4
0.0021509119999999996
0.002659196
-0.001266447
-0.0014877839999999998
1.9755269999999998E-4
0.0021968899999999995
0.001956384
0.002574691
0.003094477
0.002012421
7.447503999999998E-5
-4.396888E-4
-0.0033836239999999996
-0.005078612
-0.004591058
-0.004371698999999999
-0.004365597999999999
-0.002588826
-0.0026262899999999994
-0.002735598
-0.001456576
-4.8288969999999993E-4
9.938785E-4
7.651809E-4
0.0026450279999999994
0.0035138409999999998
0.002006494
-6.069449E-4
-1.2184839999999999E-4
0.002150514
0.004530815999999999
0.0026060569999999997
0.0020864769999999998
0.004314016
0.00575309
0.006320575
0.007431632999999999
0.0036907539999999996
6.547926E-4
-0.001092713
-0.005234757999999999
-0.010896049999999997
-0.01135953
-0.008765845999999999
-0.006938151
-0.004188529
-1.0237909999999998E-4
0.0018668259999999998
0.00185369
0.0028149559999999995
0.0021409479999999997
5.233563999999999E-4
1.470543E-4
0.002455291
9.404909999999999E-4
0.001284032
0.002846065
0.001165459
-0.0018903109999999998
-0.0014120149999999998
0.0011343399999999997
0.003599454
0.0053192199999999995
0.006910247
0.004565480999999999
0.002301261
0.0017677989999999998
0.0015201839999999997
-0.0018789729999999997
-0.005384088
-0.004389175999999999
-0.0024939419999999994
-0.001461317
-0.0033162459999999997
-0.004721517999999999
-0.004938855
-0.002802642
-0.0025364159999999997
-0.0024821369999999997
-0.0026545499999999994
-0.0023174189999999994
-1.0692369999999999E-4
3.8230729999999995E-5
0.00105796
0.0025178379999999997
0.003275372
7.635431999999998E-4
-0.0014813589999999998
-0.002134233
-7.616427999999999E-4
0.004884159999999999
0.007822867999999998
0.007268893999999999
0.005285078
0.0025232869999999995
-9.6387E-4
-0.0024837869999999995
-2.763062999999999E-4
4.948910999999999E-4
8.133619999999999E-4
4.8644589999999994E-4
-0.001515631
-0.001434798
-5.117035999999998E-4
-3.881340999999999E-4
-0.001529017
-0.0016399659999999999
-0.0032952059999999997
-0.00392674
-0.0037690619999999997
-0.005499443999999999
-0.003760189
7.174288E-4
0.002230082
0.001741445
0.004154239
0.009127549999999998
0.009404298
0.00862282
0.007313016
0.004379935999999999
0.0018587769999999998
0.001065067
0.001031218
-0.001687976
-0.006985304
-0.011353619999999998
-0.012414269999999998
-0.01113871
-0.009507339999999998
-0.005839977
-0.0017189179999999998
2.78873E-4
5.903022E-4
0.002298495
0.004655020999999999
0.005239256999999999
0.0035940979999999996
9.516770999999999E-4
-0.0019614099999999994
-0.0037713799999999995
-0.0035749439999999996
-0.0012964699999999999
3.8865959999999995E-4
0.002635219
0.003610992
0.004196660999999999
0.005669107999999999
0.00582392
0.004314663
0.0023703309999999994
0.002933461
0.0025909279999999997
0.0016903469999999998
0.0026894289999999997
0.0035627919999999995
0.0012236579999999999
0.001024595
7.657713999999999E-4
-0.0032783909999999994
-0.009492807
-0.009880208999999997
-0.008694765999999998
-0.008371927999999999
-0.005242213999999999
-0.0025866929999999997
-0.0024704119999999995
-0.0017744429999999997
3.6695399999999996E-4
0.001795678
0.002061219
0.0014491619999999997
0.005087368
0.008412513999999998
0.009120187
0.0054993329999999995
0.0031657109999999994
0.0034620819999999996
0.001215372
-0.004244614
-0.0034445479999999995
-0.004401346
-0.006022855
-0.007840138999999998
-0.005323551
-0.001205015
0.001698078
0.00327349
0.005669392999999999
0.005792755
0.004676014
0.002674637
-3.2430199999999995E-4
-0.0027673469999999994
-6.778676E-5
0.0027784339999999998
0.002631378
0.0016133209999999998
0.0021185139999999997
0.0032308989999999998
0.0032239209999999994
-6.873536999999999E-4
-0.004701555999999999
-0.004582291
-0.0027559299999999998
-7.335848E-4
-0.0012174389999999998
-0.0017925319999999997
-0.005117398
-0.007360616
-0.004672993999999999
-0.002334748
-0.002724093
-0.004028699
-0.004123869
-8.897709E-5
0.004456646
0.006420384999999999
0.004840297
0.002913233
0.002861781
0.002391518
0.0014834149999999999
0.002139272
0.004534188999999999
0.003011746
0.001234959
0.001209383
0.004044205
0.003309271
0.0037975069999999994
0.002183699
-4.393522E-4
-9.000389999999998E-5
-4.479205E-4
-0.002762807
-0.005805063
-0.006683603999999999
-0.006305619
-0.005622021999999999
-0.006255589999999999
-0.007139852999999999
-0.007890833999999998
-0.005309835999999999
-0.002889203
-0.001497562
0.0015844279999999997
0.002699006
0.001218031
0.0028150539999999996
0.006142028999999999
0.006852948999999999
0.007060077999999999
0.009115466
0.009293867
0.007470563999999999
0.004345684
0.0015685349999999998
-6.330039E-4
-0.002789163
-0.0032474909999999995
-0.004376028
-0.0040667279999999995
-0.003346854
-0.0024339439999999995
-0.003544218
-0.004519381999999999
-0.004355047999999999
-0.002274404
2.8554079999999993E-4
0.0010308239999999998
3.141900999999999E-4
0.0013386199999999998
6.422674E-4
9.280754E-4
0.0018151739999999997
0.0031035839999999995
0.0022412419999999996
0.0014106639999999998
0.0016764939999999997
0.0025139139999999995
0.0012301909999999998
0.001249299
0.001218968
4.469894E-4
-0.0010522239999999998
-0.0022932669999999994
-8.458214999999999E-4
4.312548999999999E-5
-8.812364E-4
-7.684644E-4
-0.001019156
-0.0018864099999999998
-0.002435085
-0.002909012
-0.0017265069999999997
-8.467421999999999E-4
-8.527043E-4
-0.0014558909999999997
-7.149426E-5
0.001275155
0.002202267
0.0030134869999999996
0.002611558
0.0014300679999999998
-6.152463999999999E-4
-0.001749518
-0.0018001929999999998
-5.802636999999999E-4
9.270897999999998E-5
-6.148201E-4
-0.001170415
-9.726904E-4
-4.587184E-4
-1.348835E-5
0.001006357
0.001368806
0.001182817
0.0013456189999999997
9.430837999999999E-4
9.642624E-5
-1.6120589999999997E-4
-1.6130429999999997E-4
2.532588E-4
2.815037E-4
2.7698769999999994E-4
-3.567069E-4
-6.217136999999999E-4
-6.808662999999999E-4
-3.7865159999999996E-4
-4.2794969999999997E-4
-3.6973689999999994E-4
-3.230498E-5
2.773387E-4
3.0733419999999994E-4
2.7309659999999995E-4
2.684495E-4
2.2174809999999997E-4
2.901615E-4
4.3054819999999996E-4
2.623718E-4
1.5046069999999996E-4
1.229261E-4
9.44062E-5
1.2058199999999997E-5
-5.089609E-5
-1.220664E-4
-1.8469169999999998E-4
-1.635931E-4
-8.082962E-5
-3.136064E-5
-2.8790309999999995E-5
-2.7160449999999995E-5
-6.328381E-5
