3.70894E-4
2.63102E-4
6.52483E-5
-1.57599E-4
-3.69751E-4
-5.61024E-4
-7.14067E-4
-7.7756E-4
-7.1019E-4
-5.46624E-4
-3.49298E-4
-1.99824E-4
-1.05654E-4
-4.94993E-5
-5.81905E-5
-1.54834E-4
-3.11128E-4
-4.45105E-4
-3.80984E-4
-5.94254E-5
4.00607E-4
8.55251E-4
0.00119532
0.0013073
0.00113416
7.36802E-4
2.95923E-4
-8.14542E-5
-3.32943E-4
-5.20476E-4
-7.32907E-4
-8.78813E-4
-8.88106E-4
-8.12128E-4
-6.28071E-4
-3.87431E-4
-1.63678E-4
4.74853E-5
2.06493E-4
1.71962E-4
-3.62404E-5
-2.34184E-4
-3.056E-4
-2.09513E-4
3.09522E-5
2.84201E-4
5.34104E-4
7.70646E-4
0.00108376
0.00152451
0.00201265
0.0023984
0.00246561
0.00226215
0.00199567
0.00182252
0.00168647
0.00146771
0.00111408
6.30033E-4
2.24771E-5
-7.25913E-4
-0.00168254
-0.00252339
-0.00270786
-0.00219457
-0.00147921
-0.00109399
-0.00122035
-0.00155495
-0.00171181
-0.0016117
-0.0014611
-0.00156159
-0.00193207
-0.00233289
-0.00237674
-0.00171639
-4.37208E-4
0.00108053
0.00228859
0.00265166
0.00193509
5.78594E-4
-4.86771E-4
-6.84138E-4
-2.21564E-4
1.64645E-4
-1.83269E-4
-0.00117855
-0.00219135
-0.00268964
-0.00251491
-0.00178801
-9.47629E-4
-5.61885E-4
-9.46836E-4
-0.00193207
-0.00292289
-0.00324803
-0.00276907
-0.00193197
-0.00128581
-0.00105432
-0.00103957
-8.22631E-4
-1.53454E-4
8.24528E-4
0.00179802
0.00232503
0.00216654
0.00162483
0.00122232
0.00104892
9.6308E-4
8.00469E-4
6.48769E-4
9.34281E-4
0.00179663
0.00284673
0.00360495
0.00367651
0.00301602
0.00184028
3.47339E-4
-0.00139021
-0.00281132
-0.0029382
-0.00141315
0.00108484
0.00335798
0.00464781
0.00479897
0.00408234
0.00290352
0.00190957
0.00133829
0.00104358
6.0962E-4
3.81308E-5
-3.80334E-4
-5.26981E-4
-2.72298E-4
3.55179E-4
0.00114892
0.00191005
0.00236567
0.00241468
0.00223589
0.0022494
0.00268254
0.00318432
0.00318114
0.00248004
0.00138543
5.10636E-4
3.66573E-4
9.40273E-4
0.00184537
0.00252483
0.0025019
0.00174264
6.25341E-4
-3.19691E-4
-0.00108913
-0.00191331
-0.00261011
-0.00313783
-0.00330952
-0.0030914
-0.00276161
-0.00254058
-0.00277023
-0.0037548
-0.00550531
-0.00775194
-0.0095539
-0.00961745
-0.00758158
-0.00428802
-0.00126437
4.54718E-4
0.00136112
0.00247713
0.00402804
0.00565905
0.00684974
0.00698829
0.00593002
0.00401037
0.00186771
2.36502E-4
-6.9427E-4
-0.00144247
-0.00236326
-0.00351597
-0.00465177
-0.00492549
-0.00371245
-0.00146483
4.51247E-4
0.00118487
9.67998E-4
4.59402E-4
2.25001E-4
6.17936E-4
0.00153574
0.00233645
0.00255901
0.00206791
0.00139077
0.00135119
0.00228968
0.00352513
0.00441959
0.00472799
0.00451597
0.0041034
0.00342578
0.00213088
1.77977E-4
-0.00155695
-0.00234041
-0.00259276
-0.00303216
-0.00414303
-0.00485095
-0.00425831
-0.00306506
-0.00192693
-0.00120436
-7.57857E-4
-1.84432E-4
4.85691E-4
9.37738E-4
8.15951E-4
8.54651E-6
-9.66787E-4
-0.00158009
-0.00241372
-0.00410983
-0.00663352
-0.00921032
-0.0107213
-0.0110502
-0.0111086
-0.0116497
-0.0120153
-0.0108869
-0.00765871
-0.00303672
0.00145679
0.00416155
0.00403017
0.00151388
-0.00196609
-0.00518538
-0.00716769
-0.0073854
-0.00614493
-0.00420761
-0.00199677
5.36762E-5
0.00132494
0.00169463
0.00159448
0.0014632
0.00151654
0.00182285
0.00242069
0.00312762
0.00391275
0.00457871
0.00468936
0.00433872
0.00417131
0.00481683
0.00618271
0.00750531
0.00774195
0.00634143
0.00408626
0.00217395
0.00171369
0.00308294
0.00573353
0.00895162
0.0121697
0.0147274
0.0159218
0.014804
0.011774
0.00786673
0.00412238
0.00185377
0.00192645
0.00397986
0.00638983
0.00762828
0.00706492
0.00553574
0.00394436
0.00318831
0.00301981
0.00214416
9.0372E-5
-0.00240145
-0.00348893
-0.00208146
0.00111464
0.00426254
0.00612898
0.00572015
0.00310358
-4.26891E-4
-0.00390938
-0.00636877
-0.00719636
-0.00661681
-0.00526663
-0.00461066
-0.00564756
-0.00804873
-0.0103046
-0.0111765
-0.0103097
-0.00838031
-0.00671295
-0.00618911
-0.00644464
-0.00654699
-0.00580822
-0.00432306
-0.00294413
-0.00225611
-0.00221834
-0.00280716
-0.00379731
-0.00451976
-0.00461774
-0.00411671
-0.0031116
-0.00192515
-0.00109481
-7.94309E-4
-4.03505E-4
0.00120767
0.00431734
0.00793534
0.0105014
0.0109031
0.00864122
0.00380129
-0.0023133
-0.00779042
-0.0113097
-0.0120153
-0.00986401
-0.00596977
-0.00162312
0.00177881
0.00312082
0.00237209
5.57083E-4
-5.28361E-4
9.21846E-5
0.00204444
0.00383715
0.00402203
0.00237021
-1.64675E-4
-0.00260356
-0.00425861
-0.00439121
-0.00307237
-8.12232E-4
0.00170945
0.00351128
0.00341331
0.00150859
-4.8208E-4
-9.82914E-4
-6.42118E-6
0.00112569
0.00175339
0.0019066
0.00170396
0.00146753
0.00127257
9.20674E-4
-2.17946E-4
-0.00228669
-0.0051849
-0.00825187
-0.0108408
-0.0127955
-0.0136959
-0.0127881
-0.0104902
-0.00793373
-0.00584836
-0.00434427
-0.00407734
-0.0053515
-0.00687612
-0.00738478
-0.00650836
-0.00465194
-0.00324623
-0.0028869
-0.00338682
-0.00400664
-0.00370529
-0.00129903
0.00301002
0.0078017
0.0121408
0.0154584
0.0174644
0.0186207
0.0192597
0.019279
0.0187623
0.0174081
0.0150318
0.0125022
0.0111079
0.0114573
0.0129488
0.0144401
0.0152907
0.0147711
0.0130927
0.0113594
0.00999314
0.00877127
0.0076534
0.00680695
0.00620953
0.00548857
0.00401119
0.00137508
-0.00189475
-0.00391961
-0.00349554
-0.00126822
7.16323E-4
8.02719E-4
-8.74911E-4
-0.00293741
-0.00452802
-0.00552423
-0.00625204
-0.0066165
-0.00608386
-0.00475464
-0.00336634
-0.00260216
-0.0029251
-0.00427882
-0.00596878
-0.00719623
-0.00794116
-0.00852734
-0.00885715
-0.00884425
-0.00895338
-0.00946874
-0.0099272
-0.00969873
-0.00796315
-0.00466416
-0.00111523
0.00121658
0.00187677
0.00147622
9.04961E-4
6.79762E-4
7.92657E-4
8.01247E-4
2.32746E-4
-8.91874E-4
-0.00223939
-0.00364381
-0.0050386
-0.00606008
-0.00648033
-0.00644108
-0.00657438
-0.00719168
-0.00832976
-0.00963293
-0.0102483
-0.00937893
-0.00691733
-0.00323891
6.56756E-4
0.00398297
0.00680115
0.00911578
0.0107717
0.0116672
0.0115252
0.00998816
0.00734688
0.00485773
0.00420797
0.00577729
0.00852485
0.0112376
0.013051
0.0134767
0.0123509
0.00957796
0.00543359
6.53353E-4
-0.00390852
-0.00749651
-0.00943439
-0.00949172
-0.00829281
-0.00656163
-0.00507577
-0.00381581
-0.00270402
-0.00141671
1.76677E-4
0.00173393
0.00290166
0.00298334
0.00154635
-0.00102095
-0.00390483
-0.00651222
-0.00854622
-0.00956427
-0.00952252
-0.00893774
-0.00831945
-0.00782603
-0.00711303
-0.00591779
-0.00450966
-0.00366532
-0.00363503
-0.00422783
-0.00514305
-0.00569592
-0.00539006
-0.00357976
-5.8436E-4
0.00254628
0.00475284
0.00531385
0.00376382
6.6413E-4
-0.00306866
-0.00609299
-0.00695385
-0.00532467
-0.00189698
0.00161714
0.00418032
0.00605944
0.00747148
0.00891757
0.0101277
0.0108704
0.0107737
0.00993854
0.00905771
0.0084678
0.00819244
0.00868117
0.010487
0.0127495
0.0139942
0.0140877
0.0132246
0.0121874
0.0112438
0.00998823
0.00768914
0.00419103
1.44648E-4
-0.00368469
-0.00668836
-0.0087371
-0.00991186
-0.0101517
-0.00933138
-0.0075769
-0.00512692
-0.00297345
-0.00191874
-0.00214484
-0.00324832
-0.00435486
-0.0047317
-0.00364939
-7.88912E-4
0.00337123
0.00811544
0.0121792
0.0137703
0.0119643
0.00797219
0.00348591
-3.13128E-4
-0.00299587
-0.00471748
-0.00552861
-0.00548668
-0.00507775
-0.00438015
-0.00361414
-0.00349462
-0.00449685
-0.00671324
-0.00985766
-0.0131434
-0.0158222
-0.0177291
-0.0189806
-0.0195039
-0.0192227
-0.0181684
-0.0162817
-0.0137554
-0.0105901
-0.00682166
-0.00290472
1.20364E-4
0.00115113
1.55465E-4
-0.00168109
-0.00260383
-0.0016853
3.16172E-4
0.00180466
0.00222303
0.00232436
0.00242506
0.00212616
0.00140456
6.00574E-4
8.72572E-5
1.87119E-4
9.86461E-4
0.00255142
0.00478972
0.00713094
0.0089488
0.0096367
0.00892462
0.00728904
0.00544728
0.00412259
0.00367808
0.0038186
0.00425182
0.00430007
0.00383509
0.00325564
0.00287611
0.00274133
0.00265611
0.00216828
0.0011974
2.48445E-4
-3.03257E-4
-6.84506E-4
-9.78485E-4
-0.00107747
-9.55206E-4
-4.94916E-4
2.37977E-4
0.00133384
0.00238183
0.0025079
0.00151772
-4.27959E-4
-0.0032171
-0.00629659
-0.00957716
-0.0127566
-0.0148444
-0.0153774
-0.0139757
-0.0117225
-0.00969071
-0.00867336
-0.00796383
-0.00692403
-0.00525259
-0.00301113
-0.00117835
5.62796E-5
0.0010181
0.0020953
0.00366345
0.00586015
0.00840288
0.0109255
0.0126617
0.0131024
0.0123035
0.010741
0.00925048
0.00841155
0.0079133
0.00768955
0.00824924
0.00979076
0.0119402
0.014149
0.0155963
0.0160169
0.0157155
0.0148189
0.0133699
0.0113145
0.00830674
0.00444128
8.19448E-4
-0.00144705
-0.0021092
-0.00181434
-0.00100657
-1.80414E-5
6.18581E-4
6.95271E-4
4.37878E-4
1.3511E-4
-4.48154E-4
-0.00183495
-0.00402113
-0.00618242
-0.00734199
-0.00734415
-0.00644305
-0.00470778
-0.00247632
-5.93989E-4
3.2368E-4
4.92014E-4
7.47555E-4
0.00169114
0.00336814
0.0051757
0.00641045
0.00671561
0.00615883
0.00465374
0.00182365
-0.00211417
-0.00613047
-0.00939276
-0.0114238
-0.012238
-0.0121731
-0.0116505
-0.0106541
-0.00862635
-0.00555401
-0.00213807
3.69909E-4
9.26322E-4
-6.15644E-4
-0.00373642
-0.00750127
-0.011107
-0.01418
-0.0164614
-0.0175868
-0.0170047
-0.0143153
-0.0100325
-0.00516727
-3.3311E-4
0.00401699
0.00731079
0.00917193
0.00938913
0.00855381
0.00738302
0.00657192
0.00677894
0.00811417
0.00986975
0.0113385
0.0124621
0.012977
0.0125806
0.0110054
0.00841663
0.00568178
0.0031897
9.47161E-4
-0.00122174
-0.00313722
-0.00359496
-0.00173758
0.00125455
0.00403826
0.00558734
0.00529228
0.00367566
0.00170749
-2.48098E-4
-0.00230466
-0.00414326
-0.00487124
-0.00414564
-0.00255478
-8.1657E-4
9.13327E-4
0.00286627
0.00465641
0.00564629
0.0053394
0.00395206
0.00152273
-0.00119913
-0.00391466
-0.00628336
-0.00777073
-0.00765351
-0.00564994
-0.00266242
2.84308E-4
0.00265777
0.00463904
0.00572384
0.0054134
0.00343966
-1.82517E-4
-0.00466334
-0.00864141
-0.0111822
-0.0122042
-0.0117109
-0.00973612
-0.00741699
-0.00541871
-0.00401621
-0.00334288
-0.00317759
-0.00339225
-0.00401163
-0.00488907
-0.00557191
-0.00513993
-0.00323334
1.47556E-4
0.00415288
0.00787256
0.0108671
0.0133382
0.0153169
0.016288
0.0156143
0.0131996
0.00930322
0.00461635
3.02327E-4
-0.00351407
-0.00736118
-0.0108572
-0.0122157
-0.0103453
-0.00613762
-0.00129656
0.00294565
0.00537636
0.00533791
0.0033907
9.01797E-4
3.6743E-5
0.00126743
0.00438457
0.00785199
0.00995924
0.00998163
0.0078943
0.00436455
5.40338E-4
-0.00292831
-0.00582617
-0.00745816
-0.00737509
-0.00530743
-0.00138474
0.00359267
0.00862156
0.0121724
0.0129069
0.0106038
0.00691391
0.0035781
9.38672E-4
-8.93707E-4
-0.00221927
-0.0033904
-0.00464389
-0.00561003
-0.00594051
-0.00441639
-8.83379E-4
0.00304436
0.00476279
0.00218639
-0.00462864
-0.0131007
-0.0201316
-0.0237507
-0.0234629
-0.0201028
-0.0148977
-0.00950229
-0.00461847
-5.97427E-4
0.00206159
0.00228378
1.43189E-4
-0.00284032
-0.00505017
-0.00526536
-0.00330397
2.00627E-4
0.00420434
0.00770914
0.00953787
0.00927993
0.00804429
0.0073589
0.00783717
0.00898185
0.00954299
0.00799795
0.00382178
-0.00226075
-0.00880208
-0.0140199
-0.0166624
-0.0167233
-0.0149395
-0.0119016
-0.00834592
-0.00490253
-0.00240539
-0.00202131
-0.00386418
-0.00737496
-0.0113408
-0.0140707
-0.013549
-0.00915226
-0.00280158
0.00258262
0.00467293
0.00320491
6.13106E-4
2.45097E-5
0.00253465
0.00657789
0.00910206
0.00793341
0.00334834
-0.00254524
-0.00707294
-0.00822044
-0.00602585
-0.00239322
4.99546E-4
0.00171082
0.00168346
0.00106672
2.77272E-4
-9.26959E-4
-0.00280202
-0.00506648
-0.00689461
-0.00693561
-0.0042919
7.89661E-4
0.00779715
0.0156986
0.0227299
0.0276984
0.030498
0.0318443
0.03291
0.0347616
0.0378722
0.0415738
0.0442543
0.0448322
0.0434596
0.0407957
0.0377064
0.0349531
0.032717
0.0297129
0.0245849
0.0155923
0.00175892
-0.0154653
-0.0335925
-0.0486027
-0.0580287
-0.0622756
-0.0629219
-0.0618437
-0.0607484
-0.0604326
-0.0606746
-0.060815
-0.0601835
-0.0575371
-0.0514939
-0.0414908
-0.0283555
-0.0143888
-0.00145659
0.0106788
0.0220318
0.032502
0.0414701
0.0477494
0.0508378
0.0507974
0.0486711
0.0449307
0.0394677
0.0321246
0.0227159
0.0124435
0.0023054
-0.00697633
-0.0141756
-0.018516
-0.0189139
-0.0159958
-0.011284
-0.00631156
-0.00343782
-0.00384589
-0.00719061
-0.0124668
-0.0186736
-0.0254387
-0.0325119
-0.0392511
-0.0448771
-0.0495984
-0.0540361
-0.0578672
-0.0605767
-0.0615801
-0.0589324
-0.051524
-0.0404705
-0.0274383
-0.013865
1.81023E-4
0.0150434
0.0302944
0.0456302
0.060406
0.0734468
0.083044
0.0882584
0.0887969
0.0846834
0.0757982
0.0631279
0.0483888
0.0340451
0.0226775
0.0162257
0.015351
0.0184367
0.0225216
0.0251713
0.0255281
0.023645
0.020035
0.0160447
0.0125808
0.00972045
0.0077539
0.00673722
0.00639826
0.00593889
0.00501993
0.00397187
0.00307164
0.00244654
0.00213639
0.00261943
0.004048
0.00586101
0.00706943
0.00760419
0.00779109
0.00854707
0.0106232
0.0139127
0.0177799
0.0211117
0.0230618
0.0232286
0.021352
0.0170746
0.0108508
0.00355251
-0.00412737
-0.0112821
-0.0174922
-0.0224649
-0.0259351
-0.0284513
-0.0314641
-0.036689
-0.0445909
-0.0545984
-0.0653612
-0.0752638
-0.0831663
-0.088428
-0.0907175
-0.0906739
-0.0892592
-0.087016
-0.0842885
-0.0811838
-0.0771542
-0.071546
-0.0640049
-0.0546326
-0.0438473
-0.0328808
-0.0236623
-0.0171099
-0.0131759
-0.0106176
-0.00757615
-0.00360453
0.00124252
0.00621524
0.0103612
0.0135222
0.0158434
0.0179445
0.0203537
0.0230783
0.0257482
0.0279054
0.0296478
0.0313939
0.0332639
0.0350816
0.0357605
0.0346586
0.0317562
0.0279021
0.0249426
0.0244621
0.0273291
0.0331011
0.0402108
0.0473805
0.0532216
0.0573537
0.0603759
0.0621834
0.0631202
0.0628726
0.0610697
0.0572462
0.0511563
0.0433556
0.0348019
0.0264671
0.0190661
0.0131254
0.0090567
0.00670308
0.00547876
0.0051909
0.00525858
0.00579865
0.00709033
0.00894078
0.0106528
0.0123176
0.0137667
0.0138782
0.0116528
0.00670498
-1.10268E-4
-0.00736658
-0.0143064
-0.0204073
-0.0251126
-0.028192
-0.0297056
-0.0298584
-0.0290816
-0.0281812
-0.0275065
-0.0265603
-0.0254009
-0.0240631
-0.0222448
-0.0194678
-0.0155279
-0.0109295
-0.0065806
-0.00338235
-0.00174478
-0.00165652
-0.00257752
-0.00353254
-0.00379091
-0.00289816
-0.00128439
4.70684E-4
0.00243052
0.00433527
0.00636319
0.0081581
0.00927567
0.00936578
0.00804717
0.00524747
9.06651E-4
-0.00443873
-0.0095479
-0.0138461
-0.0171369
-0.0192371
-0.0195229
-0.0170765
-0.0117057
-0.00342009
0.00708003
0.0189985
0.0310403
0.0408198
0.0467435
0.0485592
0.0468507
0.0425965
0.036616
0.0292489
0.0210237
0.0123953
0.00403264
-0.00312817
-0.00824331
-0.0104661
-0.00972174
-0.00700624
-0.00410998
-0.00323123
-0.00515568
-0.00909383
-0.0137096
-0.0180209
-0.0211158
-0.0222266
-0.0210846
-0.0179158
-0.0132109
-0.00745733
-0.0012822
0.00399995
0.00707315
0.00764405
0.00590387
0.00223618
-0.00263804
-0.00726962
-0.0104975
-0.0121036
-0.0121901
-0.0107551
-0.00789727
-0.00398934
5.09312E-4
0.00475191
0.00810851
0.0105932
0.0122629
0.01315
0.0135094
0.0136749
0.0138347
0.0136207
0.0126454
0.0107605
0.00771963
0.0034013
-0.00188955
-0.00751008
-0.0127092
-0.0166111
-0.0186014
-0.019107
-0.0194412
-0.0206219
-0.0228961
-0.0261411
-0.0298203
-0.0329581
-0.0342993
-0.0324884
-0.0271696
-0.0191456
-0.00940387
8.35541E-4
0.0105731
0.0181822
0.0223664
0.0233835
0.0218863
0.018513
0.0137403
0.00765291
3.41602E-4
-0.00773116
-0.0156099
-0.0217792
-0.0253255
-0.025965
-0.0242928
-0.0217903
-0.019509
-0.0180545
-0.0176932
-0.018212
-0.0189959
-0.0196319
-0.0197253
-0.0189812
-0.0174564
-0.0155855
-0.0142299
-0.0139301
-0.0142386
-0.0139712
-0.0124552
-0.0100536
-0.00807137
-0.00751861
-0.00841838
-0.0102653
-0.0125398
-0.014755
-0.0164174
-0.0175697
-0.0183874
-0.0185028
-0.0173855
-0.0144907
-0.00995275
-0.00442079
0.00145671
0.0070274
0.0113671
0.0140502
0.01497
0.0138358
0.0108074
0.00664399
0.00214604
-0.00196988
-0.00502144
-0.00608063
-0.00488408
-0.00262893
-0.00116796
-0.00193822
-0.00550246
-0.0116287
-0.0194782
-0.0276062
-0.0345549
-0.0391522
-0.0408224
-0.0394125
-0.0352894
-0.0288212
-0.020536
-0.0108734
-0.00116626
0.00676629
0.0121627
0.0153117
0.0170112
0.0178317
0.0179578
0.016761
0.0138955
0.00981572
0.00552291
0.00194566
-3.88845E-4
-8.74069E-4
9.69492E-4
0.00551094
0.0123265
0.021109
0.0310379
0.0416713
0.0520489
0.060835
0.06775
0.0727414
0.0759853
0.0780043
0.0791948
0.0795507
0.0784336
0.0754543
0.07075
0.0649635
0.0591825
0.0535436
0.0480163
0.0426036
0.0370333
0.0312462
0.0257544
0.0210888
0.0176529
0.0148824
0.0121753
0.00955184
0.00736985
0.00586491
0.0047572
0.00346322
0.00169556
-2.25745E-4
-0.00260113
-0.00632998
-0.0118782
-0.0190014
-0.0272047
-0.0360163
-0.0447586
-0.0520665
-0.0571223
-0.0594983
-0.0588989
-0.0552572
-0.0491889
-0.0421775
-0.0360369
-0.0316816
-0.029485
-0.0294452
-0.030958
-0.0332101
-0.0351198
-0.036138
-0.0351931
-0.0316063
-0.0261994
-0.0196605
-0.0122515
-0.00495883
0.00129043
0.00654999
0.0112156
0.01512
0.0182191
0.0206467
0.0204502
0.0166115
0.00919639
-7.98995E-5
-0.00914191
-0.0159755
-0.0194416
-0.0189408
-0.0150426
-0.00952109
-0.00402843
4.11456E-4
0.00367695
0.00574487
0.00710439
0.00887325
0.0118637
0.0162754
0.0218337
0.0272599
0.0320239
0.0349779
0.0356248
0.0341751
0.0310432
0.0268771
0.0222321
0.017442
0.0129798
0.00918253
0.00651189
0.0051368
0.00488454
0.0053746
0.00638755
0.0072992
0.00719595
0.00581773
0.00342638
-4.27584E-5
-0.00455396
-0.00934824
-0.0130615
-0.0150285
-0.0159894
-0.0168496
-0.0181338
-0.0207616
-0.0248777
-0.0300605
-0.0353622
-0.0399878
-0.043171
-0.0434809
-0.0400319
-0.0330985
-0.0235761
-0.0129743
-0.00307435
0.0047713
0.00980481
0.0124686
0.0138863
0.0145014
0.0143218
0.0132952
0.0112762
0.00827609
0.0041486
-0.00118884
-0.00748491
-0.0144657
-0.0211294
-0.0262634
-0.0296607
-0.0312737
-0.0312496
-0.0302094
-0.0288809
-0.0272563
-0.0244873
-0.0201404
-0.0143313
-0.00704754
0.00157129
0.0108507
0.0199775
0.0280788
0.0340172
0.0372145
0.0376045
0.0348478
0.0289338
0.0203058
0.00991542
-6.39754E-4
-0.00987507
-0.0167914
-0.0211584
-0.0234612
-0.0239784
-0.0225377
-0.0192138
-0.0149168
-0.0105564
-0.00645935
-0.00306852
-0.00121179
-0.00135575
-0.00299494
-0.00510422
-0.00666679
-0.00665337
-0.0042141
8.91532E-4
0.00814249
0.0169518
0.0264142
0.0351088
0.0416609
0.0453038
0.0462567
0.0456517
0.0446142
0.043631
0.0430451
0.0431067
0.0436673
0.044462
0.0450685
0.0445157
0.0421011
0.0376522
0.0313342
0.02413
0.0171689
0.011197
0.00679355
0.00402909
0.00241065
0.00133395
2.98759E-4
-7.00968E-4
-0.0013457
-0.00123607
-1.78344E-4
0.00112492
0.00219881
0.0022927
6.1329E-4
-0.00280487
-0.00748241
-0.0126985
-0.018053
-0.0231051
-0.0275203
-0.0309997
-0.0331627
-0.0336212
-0.032481
-0.0298926
-0.026035
-0.0215944
-0.0167784
-0.0116722
-0.00704536
-0.00336395
-0.00131579
-0.00158475
-0.00370538
-0.00651057
-0.00905952
-0.0109496
-0.0117412
-0.0107893
-0.00788674
-0.00347262
0.00134428
0.00524723
0.00777603
0.0084425
0.00699955
0.00355932
-6.62227E-4
-0.00447404
-0.00741624
-0.00816052
-0.00570143
-4.25289E-4
0.00619324
0.013345
0.020436
0.0263446
0.0306221
0.0334719
0.0351108
0.0359123
0.0357173
0.0344027
0.032377
0.0301635
0.0280903
0.0262133
0.024434
0.022656
0.0208757
0.0196238
0.0191638
0.0190777
0.0191471
0.0191748
0.0191516
0.0190348
0.0178891
0.0154927
0.012246
0.00816174
0.0036636
-6.278E-4
-0.00416665
-0.0070612
-0.00955957
-0.011694
-0.0132032
-0.0140938
-0.0152034
-0.0172417
-0.0209039
-0.0264675
-0.0332604
-0.0405532
-0.0474075
-0.053194
-0.0581523
-0.0626272
-0.0664307
-0.0690968
-0.0706537
-0.0715531
-0.0719911
-0.0717287
-0.0705951
-0.0683823
-0.0646653
-0.0595804
-0.0537895
-0.0475912
-0.0409763
-0.0341552
-0.0275784
-0.0214004
-0.0156451
-0.0103181
-0.00562314
-0.00155575
0.0020514
0.00544313
0.00871346
0.0118815
0.0147507
0.0171433
0.0187109
0.01868
0.016804
0.0137667
0.0102192
0.00685472
0.00436259
0.00376326
0.00507199
0.00747269
0.0103999
0.0131844
0.0154532
0.0172195
0.0184575
0.019116
0.0190624
0.0180756
0.0163646
0.01402
0.0111661
0.00814661
0.00554402
0.00369119
0.00205593
7.15046E-4
4.8417E-5
-4.39313E-5
1.30009E-4
2.91153E-4
3.84631E-4
0.00105736
0.00217223
0.00292729
0.00308956
0.00203978
-2.87051E-4
-0.00315943
-0.00580614
-0.00768858
-0.0084153
-0.00783528
-0.00521554
-5.01644E-4
0.00514899
0.0100584
0.0131702
0.0144373
0.0143135
0.0129887
0.0103021
0.00658599
0.00270247
-3.62254E-4
-0.00217747
-0.00269273
-0.00204169
-7.00869E-4
5.81405E-4
0.00125238
0.00132225
0.00114901
9.21957E-4
4.62411E-4
-5.09352E-4
-0.00229259
-0.0048782
-0.00778851
-0.0105795
-0.0127622
-0.0136955
-0.0129972
-0.011042
-0.00879934
-0.00716622
-0.00650121
-0.00664625
-0.00699812
-0.00638653
-0.00470393
-0.00245554
-5.55031E-4
1.80612E-5
-7.15944E-4
-0.00223155
-0.00351953
-0.00447862
-0.00559928
-0.00700959
-0.00842341
-0.00989879
-0.0115267
-0.0134369
-0.0164045
-0.0206496
-0.025878
-0.0312089
-0.0358044
-0.0392356
-0.041274
-0.0418857
-0.0408009
-0.0376208
-0.0327074
-0.0272136
-0.0217053
-0.0156109
-0.00838819
-6.73305E-5
0.00885883
0.0174346
0.0249743
0.0312139
0.0358295
0.0390852
0.0415693
0.0433449
0.0443977
0.0446353
0.0441029
0.0430837
0.0416848
0.0399067
0.0385754
0.0385649
0.0398372
0.0420835
0.0453169
0.0492614
0.0533894
0.057063
0.0594957
0.0602509
0.0593883
0.05734
0.0543933
0.0505565
0.04588
0.0407395
0.035762
0.0311136
0.0269393
0.0236904
0.0214815
0.0199914
0.019161
0.0188024
0.0183619
0.0174988
0.0158905
0.0128311
0.00807269
0.00230534
-0.00326119
-0.00749917
-0.01009
-0.0111642
-0.0108691
-0.00980347
-0.00886965
-0.00850571
-0.0085597
-0.00867128
-0.00861814
-0.00837831
-0.00792295
-0.00682239
-0.0050226
-0.00261125
-6.58263E-5
0.00241929
0.00485288
0.00701416
0.00888122
0.0102644
0.0114498
0.0127768
0.0144979
0.0163526
0.0183129
0.0201311
0.0218286
0.0233155
0.0243908
0.0247941
0.0244455
0.0233526
0.0216546
0.0197187
0.0177902
0.0153443
0.0119237
0.00816299
0.00484536
0.00219855
3.31975E-4
-5.97903E-4
-4.75236E-4
2.90439E-4
0.00148149
0.00271002
0.00308016
0.00178016
-0.00153941
-0.00653574
-0.0127001
-0.0196435
-0.0270638
-0.0345231
-0.0416987
-0.0479037
-0.0526883
-0.0557998
-0.0570723
-0.056143
-0.0530784
-0.0488233
-0.0444307
-0.0409912
-0.0389671
-0.0378983
-0.0370091
-0.0356268
-0.0340171
-0.0327163
-0.0317378
-0.0314407
-0.0320869
-0.0334041
-0.0346193
-0.0354001
-0.0357559
-0.0358822
-0.0358036
-0.0355673
-0.035601
-0.0357307
-0.0356801
-0.0357147
-0.0360716
-0.0364957
-0.0364998
-0.0357318
-0.0337787
-0.0308346
-0.0274752
-0.0240629
-0.0208825
-0.0178382
-0.0145953
-0.011222
-0.00775116
-0.00407318
-1.9354E-4
0.00409635
0.00895041
0.0141685
0.0195406
0.0248494
0.0297326
0.0338442
0.037026
0.0393079
0.0404159
0.0403078
0.039591
0.0391084
0.0391521
0.0395273
0.0400882
0.0409044
0.0419227
0.0424174
0.0416533
0.0397316
0.0373216
0.0350004
0.0326126
0.0301516
0.0282613
0.0270293
0.0259204
0.0245079
0.0227596
0.0204767
0.0173574
0.0133443
0.008602
0.00365072
-8.58915E-4
-0.0047601
-0.00807194
-0.0106728
-0.0125035
-0.0142658
-0.0165568
-0.0190144
-0.0212719
-0.0230156
-0.0237353
-0.0231698
-0.0215351
-0.0195057
-0.0173009
-0.0149451
-0.0125525
-0.0101704
-0.00817545
-0.00655798
-0.00543349
-0.00521964
-0.00593637
-0.0075864
-0.0100627
-0.0130265
-0.0157632
-0.0177415
-0.0190653
-0.0196979
-0.0193955
-0.0185126
-0.0178799
-0.0180647
-0.018836
-0.0201403
-0.0223304
-0.0256628
-0.029935
-0.0343525
-0.0383411
-0.0416633
-0.0439239
-0.0451465
-0.0455155
-0.0449142
-0.0431386
-0.0399451
-0.0352034
-0.0292621
-0.0228156
-0.0166638
-0.0113591
-0.00718893
-0.00433116
-0.00267216
-0.0017439
-8.80898E-4
3.28111E-4
0.00169082
0.00307961
0.00467365
0.00612332
0.00703843
0.00735327
0.00719804
0.00689553
0.0065263
0.00613949
0.00588996
0.00575801
0.00597764
0.00692717
0.00880514
0.0116595
0.01521
0.0190537
0.0225169
0.0253119
0.0277729
0.0300228
0.0320239
0.0337991
0.0352927
0.0365131
0.0377019
0.0386371
0.0391594
0.0396464
0.0402495
0.0406572
0.0407695
0.0406617
0.0397346
0.0372466
0.0332204
0.0279762
0.0219151
0.01588
0.0104339
0.00589542
0.00269096
9.70938E-4
3.65819E-4
4.99754E-4
0.00100427
0.0017053
0.00248358
0.00298582
0.00307987
0.00289702
0.00252909
0.00181352
5.96145E-4
-9.72458E-4
-0.00245182
-0.00368558
-0.00426113
-0.00376125
-0.00255279
-0.00150316
-0.00136063
-0.00226292
-0.00364852
-0.0052617
-0.00700344
-0.00859087
-0.00999487
-0.01127
-0.0126208
-0.0139309
-0.014827
-0.0153237
-0.0154387
-0.0153913
-0.0156163
-0.0162843
-0.0170991
-0.0177517
-0.0181651
-0.0180856
-0.0174339
-0.0161585
-0.0144306
-0.0124043
-0.0100661
-0.00754928
-0.00546875
-0.00419447
-0.0035267
-0.00331546
-0.00357355
-0.00404248
-0.00455697
-0.00485705
-0.00480328
-0.00423306
-0.00277934
-2.98567E-4
0.00313637
0.00753629
0.0129
0.0189557
0.0248546
0.0300474
0.0348491
0.0395106
0.0437271
0.0471532
0.0499796
0.0523017
0.0538968
0.0545678
0.0541498
0.0529664
0.0512163
0.0489696
0.0464801
0.0439606
0.041443
0.0385451
0.0348101
0.0301571
0.0245464
0.0182585
0.0113105
0.0041809
-0.00231051
-0.00794265
-0.0126876
-0.0169125
-0.0205725
-0.0237766
-0.0268573
-0.0299194
-0.0328186
-0.0351812
-0.0367281
-0.0372953
-0.0367584
-0.0352039
-0.0323229
-0.0284235
-0.0241652
-0.0194953
-0.0144024
-0.00969308
-0.00581818
-0.00306894
-0.00149015
-8.00759E-4
-5.01445E-4
-7.06341E-4
-0.00195571
-0.00419328
-0.00695059
-0.00981638
-0.012173
-0.0138629
-0.0150139
-0.0155891
-0.0152564
-0.0139528
-0.0123833
-0.0108903
-0.0093454
-0.00735435
-0.00477512
-0.00190657
9.09509E-4
0.00343723
0.00556693
0.0068457
0.00765265
0.00791613
0.00711966
0.00555392
0.00372657
0.00240191
0.00150869
5.80909E-4
-2.95614E-4
-8.1288E-4
-9.73239E-4
-6.31174E-4
2.5964E-4
0.0014437
0.00261777
0.00335415
0.00401322
0.00468554
0.00493729
0.00537378
0.00593662
0.00615016
0.00650784
0.00700829
0.0071011
0.00734672
0.00771441
0.00805869
0.0084597
0.00863484
0.0089284
0.00928236
0.00910281
0.00840177
0.00676987
0.0047506
0.00260366
7.49738E-4
-8.57821E-4
-0.00286927
-0.00572928
-0.00912812
-0.0123236
-0.0146733
-0.0160426
-0.0165281
-0.0161135
-0.0146445
-0.0125304
-0.00998165
-0.00765273
-0.00587823
-0.0044525
-0.00324014
-0.00236472
-0.00153098
-6.66803E-4
3.1468E-4
0.00125283
0.00213129
0.00290104
0.00363377
0.00429043
0.00438883
0.00392878
0.00314333
0.00186461
-4.78558E-5
-0.0024146
-0.00563754
-0.00966949
-0.0141874
-0.0188857
-0.0237494
-0.0283155
-0.0317256
-0.0337047
-0.034242
-0.0334958
-0.0316916
-0.029242
-0.0266339
-0.0237962
-0.0210208
-0.0185198
-0.0163541
-0.0147332
-0.0135022
-0.0121451
-0.0106657
-0.00961913
-0.00951628
-0.00966694
-0.00906087
-0.00726848
-0.00500087
-0.00286837
-0.00124534
-4.61829E-4
-2.93329E-4
-8.64843E-4
-0.00182568
-0.00293569
-0.00386665
-0.00417116
-0.00385731
-0.0027248
-6.44194E-4
0.00179669
0.00409371
0.00601713
0.00771065
0.00931339
0.01068
0.0115612
0.012263
0.0134552
0.0147463
0.0158774
0.0170919
0.018071
0.0187591
0.0191593
0.0189525
0.0182127
0.0166767
0.0146689
0.0121939
0.00912718
0.00534425
0.00122653
-0.00261497
-0.00589378
-0.00847662
-0.0105867
-0.0119984
-0.0129032
-0.0134572
-0.0134654
-0.0129687
-0.0119519
-0.0109443
-0.0103903
-0.0101068
-0.0103088
-0.0107806
-0.0111345
-0.0114097
-0.01143
-0.0104779
-0.00816662
-0.00495309
-0.00156908
0.00145064
0.0035646
0.00473265
0.0055665
0.00627547
0.00674558
0.00666683
0.00614192
0.00538957
0.00472077
0.00494023
0.00599308
0.00723061
0.00835523
0.00904671
0.0091805
0.00891441
0.00832139
0.00758795
0.00707669
0.00660297
0.00606178
0.00509656
0.00387984
0.00306885
0.00337285
0.00455884
0.00561611
0.00651422
0.00730371
0.00772363
0.00772321
0.00748613
0.00718603
0.00667628
0.00569483
0.00465647
0.0040816
0.00432181
0.00503113
0.00579775
0.00602367
0.00554045
0.00493029
0.00418542
0.00350561
0.00248516
6.74303E-4
-0.001712
-0.00358196
-0.00418328
-0.00377746
-0.00305149
-0.00248695
-0.00221719
-0.0021112
-0.0020218
-0.00190121
-0.0019835
-0.00222096
-0.0025772
-0.00296852
-0.00370855
-0.0048299
-0.00595678
-0.0068688
-0.00745453
-0.0075342
-0.00701644
-0.00585981
-0.00408955
-0.00190744
1.88846E-4
0.00193715
0.0033571
0.00464795
0.00594147
0.00728836
0.00861713
0.00998806
0.0113912
0.0127176
0.0139748
0.0148492
0.0153818
0.0157181
0.0157618
0.0154535
0.0149102
0.0142826
0.0137088
0.0131716
0.0124409
0.0112497
0.00984894
0.00872851
0.00789911
0.00694313
0.00583324
0.00454118
0.00313231
0.00168381
3.18255E-4
-5.69153E-4
-0.00102747
-0.00133146
-0.00128461
-8.62086E-4
-4.17522E-4
3.44736E-4
0.00139518
0.0026732
0.0039252
0.00508906
0.00606646
0.00646527
0.00661077
0.00695184
0.00770562
0.00894323
0.0106986
0.0124128
0.0138548
0.0149217
0.0156685
0.0161553
0.0164582
0.0160055
0.0144854
0.0125682
0.0110524
0.00946094
0.00778116
0.00647643
0.00563974
0.00474999
0.0036866
0.00243708
0.00118165
-3.21265E-4
-0.00187457
-0.00285815
-0.00333243
-0.00385539
-0.0049986
-0.00676091
-0.00838308
-0.00912009
-0.00908422
-0.00870424
-0.00830332
-0.00753525
-0.00665632
-0.00624973
-0.00671522
-0.00800938
-0.00993773
-0.0121468
-0.0140275
-0.0153748
-0.0164838
-0.0174381
-0.0185462
-0.0198385
-0.0208951
-0.0218621
-0.0230977
-0.0246084
-0.0259579
-0.0266425
-0.0267497
-0.0263128
-0.0253599
-0.0241471
-0.0229115
-0.0217685
-0.0206857
-0.0192957
-0.017361
-0.0152127
-0.0133024
-0.0117571
-0.0104441
-0.00918185
-0.00770492
-0.00612185
-0.00446879
-0.00279283
-0.00110512
7.11947E-4
0.00250334
0.00388986
0.0045693
0.00429169
0.0032551
0.00206595
0.00104562
9.58551E-4
0.00192284
0.00357655
0.00573472
0.00785609
0.00950291
0.010876
0.0124731
0.0139248
0.0148458
0.0153876
0.0155957
0.0153971
0.0149199
0.0143327
0.013803
0.0139883
0.0152583
0.0165292
0.0171402
0.0173247
0.0177833
0.0182742
0.0181739
0.0174715
0.0170857
0.0171306
0.016927
0.0162568
0.0152158
0.0141084
0.0131015
0.0122529
0.0111186
0.00909556
0.00613409
0.00274549
-8.17523E-4
-0.00420102
-0.00641928
-0.00695986
-0.00595214
-0.00435818
-0.00271808
-0.0010642
1.00757E-5
3.64883E-4
7.33891E-4
0.00117124
9.41216E-4
-1.06166E-4
-0.00127893
-0.00168052
-0.00136285
-7.06287E-4
-1.62626E-4
2.43341E-4
6.76678E-4
9.80044E-4
0.00113687
8.47027E-4
-1.00841E-5
-0.00145942
-0.00313344
-0.00495021
-0.00726806
-0.0101366
-0.0132113
-0.0159702
-0.0185571
-0.0209089
-0.0228131
-0.0238066
-0.0242516
-0.0244125
-0.0246527
-0.0249275
-0.0252732
-0.0255119
-0.0256652
-0.0256934
-0.0257115
-0.0255529
-0.0248791
-0.0241156
-0.0235727
-0.0230301
-0.0221361
-0.0209237
-0.019545
-0.0180695
-0.0161088
-0.0138362
-0.0112078
-0.00785436
-0.00391922
-5.25612E-5
0.00324307
0.00586599
0.00791445
0.009586
0.0109193
0.012088
0.0131604
0.014199
0.0148959
0.0149567
0.0145521
0.0139919
0.0135101
0.0130112
0.0121637
0.0109442
0.00959091
0.00816367
0.00703999
0.00638787
0.00590448
0.00537593
0.00472152
0.00415084
0.00388529
0.00388834
0.00399179
0.00379738
0.00297748
0.00172502
9.42268E-5
-0.00193792
-0.00413156
-0.00601314
-0.00716257
-0.00779112
-0.00792491
-0.007298
-0.00582547
-0.00392114
-0.00196978
-3.63956E-4
7.68169E-4
0.0015977
0.00237904
0.00338036
0.00500505
0.00735113
0.0100445
0.0128045
0.0155368
0.0180487
0.0201707
0.0218578
0.0230841
0.0238999
0.0240612
0.0236258
0.023173
0.022956
0.0226686
0.0222746
0.0220864
0.0219951
0.0218955
0.0217243
0.0211937
0.0200904
0.0183311
0.0162433
0.0144506
0.0132507
0.0124697
0.0117929
0.0110126
0.0101321
0.00950373
0.00949807
0.00966074
0.00938287
0.00860132
0.00757616
0.00632773
0.0044018
0.00178782
-9.75774E-4
-0.0036566
-0.00644441
-0.0096196
-0.012941
-0.0158435
-0.0183559
-0.020615
-0.0225035
-0.0239438
-0.0252164
-0.0266251
-0.0281675
-0.0294405
-0.0300117
-0.0301505
-0.030044
-0.0294734
-0.0282765
-0.0265162
-0.0245322
-0.022459
-0.0202692
-0.0180067
-0.0158949
-0.0142848
-0.0132629
-0.0128503
-0.013053
-0.0132633
-0.0129222
-0.012065
-0.0110005
-0.00976692
-0.00818148
-0.00661196
-0.0052382
-0.00376089
-0.00240421
-0.00148685
-7.1788E-4
2.72865E-4
9.47793E-4
8.8466E-4
5.27704E-4
4.1267E-4
9.57268E-4
0.00256105
0.00523478
0.00852388
0.0116894
0.0141298
0.0157633
0.0168451
0.0173491
0.0174887
0.0177922
0.0180984
0.0182823
0.0185996
0.0189222
0.0191849
0.0196282
0.0202819
0.0206029
0.0201878
0.019221
0.0180855
0.0170816
0.0163981
0.0162175
0.0163408
0.0162109
0.0152916
0.0134752
0.0116445
0.0108168
0.0109681
0.0113979
0.0117168
0.0118245
0.0116572
0.0114786
0.0112992
0.010828
0.0102107
0.00957677
0.00886765
0.00807802
0.00698066
0.00534164
0.0033575
0.00104756
-0.00152775
-0.00389725
-0.00605271
-0.00847424
-0.0112328
-0.0139804
-0.0164966
-0.0188431
-0.0212544
-0.0235922
-0.0256416
-0.0273469
-0.0285439
-0.0287877
-0.0280423
-0.0267672
-0.0254625
-0.0244933
-0.0241086
-0.0241001
-0.0239958
-0.0237308
-0.0233753
-0.0227559
-0.0219412
-0.0213273
-0.0210108
-0.0205829
-0.0197555
-0.0185856
-0.0173126
-0.0161026
-0.0147443
-0.0126403
-0.00976701
-0.00682734
-0.00427743
-0.00212681
-3.68385E-4
0.00121159
0.00260344
0.00387198
0.00506665
0.00592676
0.00659433
0.00775905
0.00949374
0.011059
0.012119
0.0127706
0.0132658
0.0139544
0.0146911
0.0152285
0.0154818
0.0154144
0.0147549
0.013525
0.0123092
0.0115369
0.0113473
0.0117508
0.0124338
0.0130512
0.0136348
0.0139318
0.0137172
0.0131398
0.0124627
0.0118672
0.0113797
0.0109397
0.0104825
0.00998778
0.00948445
0.00901146
0.00857748
0.00829403
0.00843041
0.00915902
0.0102823
0.0112943
0.0120018
0.0121774
0.0117252
0.010933
0.0100892
0.00910682
0.007677
0.00602684
0.00439627
0.00292878
0.00176473
6.75242E-4
-4.75793E-4
-0.00141032
-0.00192206
-0.0021183
-0.00246259
-0.00338449
-0.00446761
-0.0051345
-0.00554604
-0.00620752
-0.006955
-0.00736713
-0.00737737
-0.00701492
-0.00621598
-0.00490308
-0.00328003
-0.00179235
-5.97333E-4
9.44232E-5
1.46977E-4
-4.31783E-4
-0.00165101
-0.0031184
-0.0045629
-0.00583877
-0.00728212
-0.00921488
-0.0115077
-0.0138705
-0.0160433
-0.0176992
-0.0184659
-0.0185942
-0.0185177
-0.0179931
-0.0166433
-0.0146931
-0.0124039
-0.0101096
-0.00800132
-0.00605532
-0.00463441
-0.00379554
-0.00304059
-0.00222858
-0.00177557
-0.00161128
-0.00142145
-0.00122802
-9.01361E-4
-4.83979E-4
-1.72373E-4
2.44541E-4
0.00109141
0.00201661
0.00251025
0.0025317
0.00216906
0.00139956
1.44877E-6
-0.0022207
-0.00477932
-0.00693877
-0.00867513
-0.0100309
-0.0107921
-0.0109891
-0.0107505
-0.0100609
-0.00899146
-0.00787653
-0.0070503
-0.00649325
-0.00606625
-0.00552174
-0.00455268
-0.00310965
-0.00163167
-6.05597E-5
0.00143332
0.00289654
0.00417785
0.00521221
0.00620698
0.007009
0.00773435
0.00853689
0.00921466
0.00981504
0.0104839
0.0110231
0.0115171
0.0121005
0.012464
0.0123828
0.0120228
0.0117659
0.0114028
0.0108018
0.0101989
0.00969473
0.00932635
0.0091527
0.00956956
0.010287
0.0109643
0.0116075
0.01222
0.01276
0.0129416
0.0126691
0.0122759
0.0116304
0.0106446
0.00933931
0.00762335
0.00554054
0.00355595
0.00169166
-4.37423E-4
-0.00256901
-0.00463043
-0.0064576
-0.00810437
-0.00932146
-0.0102831
-0.0108957
-0.0108586
-0.0101727
-0.00952199
-0.00926515
-0.00915623
-0.00888171
-0.00806177
-0.0066775
-0.00521194
-0.00368485
-0.00226396
-8.21231E-4
7.42013E-4
0.00228448
0.00402793
0.00595289
0.00746303
0.0085453
0.00928734
0.009958
0.0104706
0.0102887
0.00907872
0.00739186
0.00618291
0.00568392
0.00581566
0.00583811
0.00567021
0.00534806
0.00459708
0.00356521
0.00238613
9.51956E-4
-8.48475E-4
-0.00278668
-0.00444602
-0.00569737
-0.00631005
-0.00629038
-0.0056764
-0.00479439
-0.00360793
-0.00252965
-0.00219083
-0.00298806
-0.00432888
-0.00553126
-0.00643534
-0.00684568
-0.00693538
-0.00740585
-0.00815372
-0.00856257
-0.00847831
-0.00805324
-0.00764615
-0.00764744
-0.00822669
-0.00885588
-0.0093312
-0.00981627
-0.0101321
-0.0106931
-0.0119867
-0.0132075
-0.0141554
-0.0146494
-0.0146933
-0.0147436
-0.0146578
-0.0142208
-0.0134497
-0.0125408
-0.0116311
-0.0104839
-0.00888249
-0.00729761
-0.00614783
-0.00483433
-0.00331045
-0.00216481
-0.00118582
-3.36069E-4
5.91211E-4
0.00153542
0.00253946
0.00373512
0.00478035
0.00563371
0.00658625
0.00738652
0.0080622
0.00824085
0.00787558
0.00743354
0.00718375
0.00715026
0.00720191
0.00720909
0.00713956
0.0070098
0.00688654
0.00681788
0.00743488
0.00847706
0.00913241
0.00949641
0.0099545
0.0100489
0.00933679
0.00826329
0.00744275
0.00709731
0.00705881
0.00705537
0.00693633
0.00669302
0.00642153
0.00617902
0.00597635
0.00529015
0.00413301
0.00265255
0.00123691
4.92256E-4
6.99407E-4
0.00176457
0.00347474
0.00563502
0.00793577
0.0101716
0.0122318
0.0136375
0.0144748
0.0149573
0.0151579
0.0148811
0.0139924
0.012935
0.0120185
0.011623
0.0115841
0.0114358
0.0108998
0.00988883
0.00857021
0.00740919
0.00660972
0.0057174
0.00437702
0.00285871
0.00151719
6.74119E-4
3.02763E-4
3.59191E-4
6.40789E-4
7.94205E-4
6.09789E-4
7.46445E-6
-0.00109899
-0.00267261
-0.00454528
-0.00628811
-0.00756686
-0.00828107
-0.00882478
-0.00944345
-0.0099217
-0.00989204
-0.00915442
-0.00795892
-0.00698102
-0.00655176
-0.00655822
-0.00667047
-0.00682592
-0.00722862
-0.00790368
-0.0085657
-0.00942502
-0.0102003
-0.010439
-0.0101748
-0.00976344
-0.00960307
-0.00941617
-0.00896134
-0.00830285
-0.00709001
-0.00574846
-0.00489399
-0.00455658
-0.00421565
-0.00367863
-0.00289565
-0.00202677
-9.08152E-4
2.81775E-4
0.0015368
0.00290212
0.00448358
0.00643774
0.00858591
0.0107186
0.0126511
0.0143899
0.015664
0.016315
0.0165502
0.0163366
0.0156184
0.0145997
0.013481
0.0118975
0.00966331
0.00720803
0.0046694
0.00222016
-1.66262E-4
-0.00244822
-0.00468361
-0.00709301
-0.0096573
-0.0122366
-0.0146548
-0.0165952
-0.0178579
-0.0188864
-0.0199553
-0.0209135
-0.021369
-0.0210981
-0.0203052
-0.0193328
-0.0180685
-0.0164542
-0.0149742
-0.0137747
-0.0125501
-0.0112673
-0.0105925
-0.0106302
-0.0108342
-0.010904
-0.0106687
-0.0101696
-0.00957385
-0.00921658
-0.00901924
-0.00897844
-0.00903003
-0.00895455
-0.00878053
-0.00848365
-0.0080459
-0.00752503
-0.00699711
-0.00650446
-0.00592167
-0.00494214
-0.00359423
-0.00214146
-6.39288E-4
6.82658E-4
0.0018161
0.00284586
0.00357407
0.00414617
0.00485076
0.005435
0.00582934
0.00606105
0.00608085
0.00598049
0.00582701
0.00543391
0.00452558
0.0035358
0.00283483
0.00188706
3.12439E-4
-0.0012702
-0.00258515
-0.00336307
-0.00338539
-0.00295429
-0.00241187
-0.00185395
-7.60128E-4
9.03979E-4
0.00263242
0.00387095
0.00468828
0.00536654
0.00552427
0.00492898
0.00398746
0.00279198
0.00169521
8.82162E-4
1.0941E-4
-7.14102E-4
-0.00161268
-0.00221254
-0.00224814
-0.00186066
-0.00134403
-8.92571E-4
-2.33941E-4
9.01836E-4
0.00207678
0.0028278
0.00372429
0.00479775
0.00551576
0.00610779
0.00694527
0.00810677
0.0094189
0.0109732
0.0122388
0.0129501
0.0134164
0.0136786
0.0142691
0.0147511
0.0144968
0.0139879
0.0133309
0.012296
0.011084
0.0101418
0.00931904
0.00824324
0.0067893
0.00518107
0.00387498
0.00322857
0.00285866
0.00272497
0.00283997
0.00298749
0.00298934
0.00286482
0.00217447
0.00102286
-3.81922E-4
-0.00168415
-0.00285616
-0.00386584
-0.0045941
-0.00527943
-0.00579314
-0.00592619
-0.00569692
-0.00530551
-0.00490524
-0.00456872
-0.00424817
-0.0034095
-0.00207828
-9.73703E-4
-4.27765E-4
-3.48079E-4
-3.94263E-4
-3.59841E-4
-1.75707E-4
5.90186E-5
2.75854E-4
4.44635E-4
0.00109916
0.00221777
0.0033831
0.00449206
0.00554369
0.00658842
0.00736826
0.00762494
0.00744422
0.00734739
0.00776241
0.00841056
0.00899724
0.00957552
0.00997838
0.0104892
0.0110994
0.0113271
0.011028
0.0103831
0.00968231
0.00908623
0.00860706
0.00815744
0.00744746
0.00671097
0.00603359
0.00504215
0.00391549
0.00300481
0.00221211
0.0011949
1.42812E-4
-5.86409E-4
-8.92939E-4
-9.73751E-4
-0.00128212
-0.00215608
-0.00322199
-0.0042089
-0.00516672
-0.00592228
-0.00623542
-0.0061766
-0.00595155
-0.00576373
-0.00567064
-0.00589368
-0.0060706
-0.00584537
-0.00541602
-0.0050571
-0.00510659
-0.00572257
-0.0065711
-0.00732368
-0.00800408
-0.00855217
-0.0091379
-0.00987197
-0.010751
-0.0116365
-0.0120346
-0.0114041
-0.00986162
-0.00830453
-0.00696912
-0.00570657
-0.00435083
-0.00290782
-0.00139829
4.314E-4
0.00229044
0.00382439
0.00495788
0.0056934
0.00632079
0.00689089
0.00754302
0.00830358
0.00896583
0.00953861
0.0101266
0.0107438
0.0111695
0.0111051
0.0105647
0.0097934
0.00902056
0.00797492
0.00651339
0.00493299
0.00337079
0.00199417
6.97136E-4
-6.32762E-4
-0.00165958
-0.00217701
-0.00231218
-0.00232776
-0.00237308
-0.00210718
-0.00135611
-6.32608E-4
2.75346E-5
7.5109E-4
0.00122869
0.00123776
9.031E-4
4.768E-4
3.44226E-4
7.74654E-4
0.00147785
0.00206378
0.0025805
0.00335998
0.00433837
0.00510476
0.0056363
0.00590503
0.00614957
0.00634399
0.00627581
0.00599239
0.00553493
0.00491784
0.00421503
0.00312177
0.00155727
-2.95042E-4
-0.00213714
-0.00382829
-0.0053589
-0.00681072
-0.00817827
-0.00911715
-0.00987915
-0.0107795
-0.0115396
-0.0121272
-0.0128785
-0.0138497
-0.0152126
-0.0168104
-0.0181123
-0.0192968
-0.0207352
-0.0223387
-0.023622
-0.0242021
-0.024209
-0.024164
-0.0240224
-0.023508
-0.0227635
-0.0221132
-0.0216494
-0.0213114
-0.0208424
-0.0200425
-0.0189993
-0.0178946
-0.0167342
-0.0152516
-0.0134942
-0.0119312
-0.0108516
-0.0101485
-0.00943371
-0.00825784
-0.0066739
-0.00524457
-0.00433735
-0.00387398
-0.00357147
-0.00320676
-0.00271343
-0.00201988
-9.20642E-4
7.25893E-4
0.00269043
0.00435262
0.00556069
0.00645984
0.00698885
0.00718747
0.00720858
0.0071932
0.00719498
0.00707441
0.00652779
0.00561957
0.00487306
0.00463185
0.00480165
0.005066
0.00495452
0.00417213
0.00323738
0.0026751
0.00231464
0.00187215
0.00147707
0.00133001
0.00111454
6.15261E-4
1.44876E-4
-5.51353E-5
-4.48659E-4
-0.0010111
-0.00159621
-0.00218504
-0.00243568
-0.00217465
-0.00156361
-8.82942E-4
-1.56133E-4
0.00105481
0.00261773
0.00444707
0.0063871
0.00799169
0.00892819
0.00915099
0.0090411
0.00891156
0.00893567
0.00904925
0.00919975
0.00942942
0.0101846
0.0112554
0.012292
0.0131832
0.0136484
0.0135962
0.0132441
0.0128493
0.0125499
0.0122552
0.0116124
0.01051
0.00945516
0.00886091
0.00872013
0.00885967
0.00933414
0.0101583
0.011172
0.0121238
0.0125324
0.0119392
0.0105751
0.00924705
0.00852649
0.00838024
0.00845594
0.00840946
0.00816139
0.00780739
0.0078058
0.00839816
0.00907806
0.00930598
0.00939175
0.00974008
0.0101341
0.0101632
0.00980159
0.00925467
0.00903077
0.00879776
0.00825286
0.00762419
0.00704737
0.00628543
0.00508388
0.00387726
0.00276959
0.00159592
6.32641E-4
1.53654E-4
7.22054E-5
1.48753E-4
1.66489E-4
7.07999E-4
0.00162635
0.00218148
0.00220027
0.00185371
0.00147474
0.00121239
0.00109069
9.99968E-4
8.84897E-4
7.04163E-4
5.06539E-4
3.27405E-4
2.01016E-4
6.85624E-5
-6.20241E-5
-2.23209E-4
-3.50889E-4
-4.62079E-4
7.18868E-5
0.00101773
0.00158445
0.00159338
0.00156431
0.00201611
0.00262051
0.00289237
0.00335891
0.00398898
0.00422566
0.004308
0.00463272
0.00497778
0.00493156
0.00449915
0.00385997
0.00321518
0.00204335
5.55063E-4
-5.09487E-4
-6.80602E-4
5.4768E-5
8.51149E-4
0.0010341
5.71002E-4
-4.02097E-4
-0.00127208
-0.00188068
-0.00266169
-0.00323168
-0.0036332
-0.00408458
-0.00506441
-0.00641468
-0.00794194
-0.00930712
-0.0100049
-0.0100418
-0.00976373
-0.00952605
-0.00945377
-0.00920326
-0.00842336
-0.00717958
-0.00629982
-0.00623609
-0.0066455
-0.00704969
-0.00772286
-0.00866709
-0.00985362
-0.0110393
-0.0121448
-0.0130828
-0.0137051
-0.0142862
-0.0147036
-0.0147408
-0.0143615
-0.0137956
-0.0132268
-0.0127729
-0.012636
-0.0127441
-0.0126879
-0.012069
-0.0109974
-0.0100204
-0.00939155
-0.00906563
-0.00855195
-0.00772731
-0.00666541
-0.00562918
-0.00495317
-0.00466001
-0.00456484
-0.0044421
-0.00419836
-0.00365487
-0.00312328
-0.00270523
-0.00199133
-0.00138768
-0.0012899
-0.00171816
-0.00233112
-0.00265963
-0.00259944
-0.00230577
-0.00198194
-0.00147428
-5.64673E-4
6.90723E-4
0.00180101
0.00259374
0.00285466
0.00281866
0.00288985
0.00275319
0.0020743
8.8325E-4
-5.02651E-4
-0.00182116
-0.00294035
-0.00365512
-0.00379262
-0.00353189
-0.00315743
-0.00287537
-0.00267909
-0.00251252
-0.00231921
-0.00210108
-0.00186197
-0.00190791
-0.00247525
-0.0031686
-0.0034573
-0.0032641
-0.00280969
-0.00237402
-0.00208159
-0.00215825
-0.00249439
-0.00293482
-0.00328349
-0.00328734
-0.00296644
-0.00223963
-0.00105916
4.32551E-4
0.00196871
0.00312446
0.00365551
0.00423752
0.0051362
0.00588654
0.0062111
0.00639709
0.00667393
0.0071401
0.00793754
0.00894238
0.00971979
0.00966133
0.00913309
0.00873628
0.00838455
0.00805015
0.007732
0.00724349
0.00631031
0.00499287
0.00408162
0.00379096
0.00350342
0.00292004
0.00232022
0.00194905
0.00156962
8.29569E-4
-7.81736E-6
-5.23652E-4
-8.55758E-4
-0.00115592
-0.0012982
-0.00152332
-0.00186912
-0.00209133
-0.00205186
-0.00183125
-0.00131025
-8.60641E-4
-7.97664E-4
-9.25055E-4
-9.84494E-4
-8.73101E-4
-6.42021E-4
-3.8265E-4
9.61563E-5
9.95829E-4
0.00199953
0.00290424
0.00384278
0.00463292
0.00528354
0.00601659
0.00669002
0.00698106
0.00686498
0.00621328
0.00534136
0.00442796
0.0036794
0.00330789
0.00289306
0.00204823
0.00113413
6.19237E-4
5.18241E-4
3.03405E-4
-4.35289E-4
-0.00161588
-0.0026214
-0.00326057
-0.00354363
-0.00343097
-0.00310876
-0.0027483
-0.00248551
-0.00229488
-0.00213246
-0.00193654
-0.00171542
-0.00146016
-9.16218E-4
1.37715E-4
0.00122577
0.00216388
0.00314531
0.0039259
0.00422012
0.00420842
0.00444467
0.00519071
0.00596402
0.00636252
0.00657487
0.00669706
0.00671081
0.00688286
0.00711245
0.00714981
0.00703938
0.00716742
0.00768819
0.0081622
0.00819324
0.00781249
0.00726013
0.00676672
0.00648354
0.00667604
0.00729763
0.0077778
0.00771547
0.00720707
0.00655379
0.00599645
0.00557536
0.00525561
0.00494793
0.0045106
0.00361978
0.00229853
0.00112249
4.98587E-4
4.79309E-4
0.00104131
0.001862
0.00237897
0.0025933
0.00297571
0.00339937
0.00365224
0.00396222
0.00426651
0.004226
0.00399086
0.0037218
0.00338431
0.00299351
0.00256469
0.00213714
0.001704
0.00126323
6.51045E-4
7.73492E-6
-5.22347E-4
-0.00106397
-0.00158054
-0.00199083
-0.00247581
-0.00314635
-0.00377273
-0.00414897
-0.00410461
-0.00396395
-0.00438109
-0.00527373
-0.006574
-0.00793955
-0.00898338
-0.00985418
-0.010742
-0.0117627
-0.012832
-0.0141026
-0.0152411
-0.0162004
-0.0168992
-0.0170281
-0.0171345
-0.0174174
-0.0174774
-0.0174664
-0.0176543
-0.0177515
-0.0173991
-0.016638
-0.0157107
-0.0151556
-0.0146455
-0.0141696
-0.0141491
-0.0142197
-0.0139379
-0.0132373
-0.0123474
-0.0115617
-0.011204
-0.0110671
-0.0106698
-0.00968405
-0.00838671
-0.00730143
-0.00657856
-0.00611728
-0.00569123
-0.00512265
-0.00417138
-0.00300573
-0.00171376
-2.5789E-4
0.00123552
0.00249892
0.00358942
0.00461961
0.00538172
0.006008
0.00702706
0.00846823
0.00996532
0.0112388
0.0122305
0.0130657
0.0137515
0.0143023
0.0147903
0.0148238
0.0144318
0.0141138
0.0139225
0.0136773
0.013293
0.0129973
0.0129435
0.0130736
0.0132201
0.0129258
0.0122304
0.0114199
0.0105663
0.00980027
0.00901805
0.00810523
0.00726043
0.00646184
0.00562707
0.00472119
0.003812
0.00312173
0.00274503
0.00239271
0.00203005
0.00171538
0.00150127
0.00134168
0.0010167
3.48045E-4
-4.73349E-4
-0.00105323
-0.00175963
-0.00267281
-0.00335497
-0.00408518
-0.00492623
-0.00544884
-0.00550276
-0.00522807
-0.00488935
-0.00461175
-0.00417253
-0.00328159
-0.00223579
-0.00101993
1.8031E-4
8.82494E-4
0.00103041
0.00111352
0.00115499
9.45899E-4
6.6773E-4
1.8844E-4
-6.34805E-4
-0.00152549
-0.002033
-0.0024431
-0.00282489
-0.00326736
-0.00371209
-0.0039158
-0.00384362
-0.00427354
-0.0051524
-0.00633273
-0.0073742
-0.00763602
-0.00725711
-0.00660173
-0.00605731
-0.00569423
-0.00546292
-0.00521232
-0.00488666
-0.00416254
-0.00292193
-0.00169205
-9.95251E-4
-8.001E-4
-8.36064E-4
-7.93669E-4
-3.08939E-4
4.83425E-4
0.00107566
0.00166828
0.00224883
0.00324276
0.00441297
0.00506952
0.005124
0.00482978
0.00452666
0.00435641
0.00428943
0.00423436
0.00414828
0.00402233
0.00387533
0.00358251
0.00272875
0.00163185
8.90599E-4
3.64544E-4
-4.94374E-5
-5.31358E-4
-9.65874E-4
-9.86006E-4
-1.40584E-4
0.00117173
0.00248421
0.00396734
0.0055031
0.00683444
0.0078972
0.0087962
0.00957011
0.0101062
0.010699
0.0112027
0.0111939
0.0107264
0.010031
0.00937648
0.00883379
0.0083903
0.00794637
0.00739922
0.00643752
0.00504416
0.00374338
0.00298609
0.00268976
0.00251496
0.00197471
0.00119444
6.1706E-4
5.64073E-4
5.76199E-4
2.45032E-4
-5.31418E-4
-0.00141358
-0.00195604
-0.00219357
-0.00259827
-0.00350626
-0.00463829
-0.00520457
-0.00508225
-0.00494716
-0.00485667
-0.0048943
-0.00474832
-0.00397089
-0.00277902
-0.00179151
-0.00129603
-6.98188E-4
-1.58979E-5
2.86336E-4
-1.87733E-5
-3.89739E-4
-4.54336E-4
-3.80058E-4
-4.00775E-4
-9.18897E-4
-0.00198599
-0.00301561
-0.00352813
-0.00370322
-0.00428
-0.00517776
-0.00577471
-0.00590313
-0.00576311
-0.00577689
-0.00571119
-0.00543795
-0.00544045
-0.00544359
-0.00546455
-0.00562638
-0.00535949
-0.00475147
-0.00420016
-0.00393952
-0.00388738
-0.00391725
-0.00387173
-0.00375204
-0.00371282
-0.00432978
-0.00527436
-0.00646507
-0.00750502
-0.00818438
-0.0088133
-0.00982609
-0.0108625
-0.0118377
-0.0125478
-0.0125004
-0.0118982
-0.011058
-0.0103503
-0.0101212
-0.0102125
-0.00972239
-0.0086691
-0.0075721
-0.00711222
-0.00683326
-0.00626167
-0.00521891
-0.00368408
-0.00220544
-6.85013E-4
7.23754E-4
0.00182839
0.00296664
0.0039005
0.0050152
0.00583317
0.00622042
0.00613789
0.00596736
0.00609658
0.00627399
0.00637137
0.00629588
0.00614215
0.00596337
0.00583519
0.00573382
0.00565836
0.0055458
0.00509877
0.00411389
0.00311206
0.00223669
0.00132932
6.33332E-4
4.07252E-4
5.2741E-4
7.80796E-4
9.64078E-4
0.00106779
0.00112561
0.00152916
0.00217644
0.00296751
0.00336185
0.00346992
0.00363804
0.00377165
0.00387454
0.00418989
0.00436644
0.00411856
0.00379574
0.00354133
0.00312935
0.00222701
0.00102478
-2.70287E-4
-0.00112314
-0.00196668
-0.00277884
-0.00342212
-0.00346575
-0.00287085
-0.00217351
-0.00165044
-7.13731E-4
8.73992E-4
0.00262161
0.00421199
0.00583113
0.00751135
0.00894352
0.0103888
0.0118225
0.0130106
0.0138745
0.0145379
0.0148417
0.0149286
0.0148377
0.0144339
0.0138032
0.0131026
0.012474
0.0118839
0.010972
0.00950805
0.00802003
0.0066762
0.005319
0.00420106
0.00356389
0.00331359
0.00318723
0.00297795
0.00265801
0.00231357
0.00202005
0.00176848
0.00154096
0.00128227
0.0010257
7.89197E-4
5.71167E-4
3.52458E-4
1.20453E-4
-4.27425E-4
-0.00115209
-0.00136442
-0.00108476
-0.00109266
-0.00157447
-0.00217369
-0.002907
-0.00361452
-0.00398839
-0.00437731
-0.0048616
-0.00553699
-0.00600807
-0.0061095
-0.00609095
-0.006424
-0.00732096
-0.00855211
-0.00979321
-0.0104894
-0.0108685
-0.011313
-0.011639
-0.0116059
-0.0112657
-0.0107647
-0.00989847
-0.00857308
-0.00735176
-0.00664055
-0.00639179
-0.00592505
-0.00507547
-0.00422288
-0.00373722
-0.0037872
-0.00425066
-0.00481476
-0.00509261
-0.00497141
-0.00442893
-0.00341609
-0.0022729
-0.00150123
-0.00123149
-0.00125818
-0.00131644
-0.00127931
-0.00116144
-0.00101931
-8.87534E-4
-7.74087E-4
-7.02391E-4
-6.68071E-4
-6.02157E-4
-1.04179E-4
9.10389E-4
0.00184284
0.00226233
0.00221548
0.00198387
0.00180079
0.00174865
0.00177282
0.00179344
0.00176009
0.00168415
0.00157613
0.00121253
6.36735E-4
4.60835E-4
5.43656E-4
5.03211E-4
6.16679E-4
9.86211E-4
0.00132249
0.00145599
0.00138877
0.00124602
8.84627E-4
6.19756E-4
7.22285E-4
9.70676E-4
8.92906E-4
6.68497E-4
6.73748E-4
8.22285E-4
9.63446E-4
9.92636E-4
9.37748E-4
8.33754E-4
4.84969E-4
-3.17724E-4
-0.00122895
-0.00175589
-0.0017654
-0.00123717
-2.29237E-4
7.57357E-4
0.0012813
0.00182551
0.00261918
0.0032165
0.0034019
0.00323123
0.00297556
0.00277614
0.00264648
0.00202645
9.03222E-4
-3.23484E-4
-0.00149447
-0.00231122
-0.00260927
-0.00278125
-0.00331651
-0.00405292
-0.00451776
-0.00478321
-0.0052195
-0.00572078
-0.00591628
-0.00571451
-0.00476271
-0.00331371
-0.00189767
-6.28937E-4
2.90362E-4
9.79322E-4
0.0018004
0.00263978
0.00313766
0.00321698
0.00303714
0.00282407
0.00270383
0.00268459
0.00270317
0.00320653
0.00412504
0.00478345
0.00488636
0.00456558
0.00414992
0.00384112
0.00368299
0.0036023
0.00352016
0.00336742
0.00316236
0.0029356
0.00273462
0.00255644
0.00240408
0.00224754
0.00209405
0.00195909
0.00236079
0.00323418
0.00388088
0.00396655
0.00361449
0.0031509
0.00279534
0.00257459
0.00242648
0.00228696
0.00210295
0.00187768
0.00163934
0.00141884
0.00122364
0.00104777
8.77734E-4
7.07543E-4
5.36238E-4
3.68906E-4
2.08231E-4
5.63964E-5
-8.88892E-5
-2.27951E-4
-3.63469E-4
-4.94148E-4
-6.07852E-4
-4.85201E-4
-9.72513E-5
2.28816E-4
2.70317E-4
-1.38485E-4
-8.91807E-4
-0.00156855
-0.00226061
-0.00315805
-0.00390615
-0.00423239
-0.00421283
-0.0044672
-0.00527659
-0.00609674
-0.00641885
-0.00625002
-0.00587853
-0.00578455
-0.00628069
-0.0070735
-0.00738161
-0.00708843
-0.00650654
-0.00580418
-0.00504584
-0.00449165
-0.0043951
-0.00453617
-0.00441147
-0.0042183
-0.00443978
-0.00484282
-0.00503906
-0.00491013
-0.00458692
-0.0044429
-0.0048469
-0.0055536
-0.00600065
-0.00592891
-0.00549984
-0.00499375
-0.0046042
-0.00434361
-0.00413388
-0.00387958
-0.00346001
-0.00285788
-0.00221754
-0.00134301
-4.36338E-4
1.16072E-4
3.05438E-4
4.50576E-4
9.05488E-4
0.0016232
0.00240824
0.00284912
0.00262619
0.00193954
0.00112749
6.07887E-4
5.49619E-4
7.60141E-4
8.49474E-4
4.06271E-4
-4.73251E-4
-0.00104875
-7.99711E-4
-1.37592E-4
1.00631E-4
-1.58442E-4
-4.71787E-4
-5.54746E-4
-3.79422E-4
-8.50793E-5
2.00981E-4
3.27829E-4
7.89313E-7
-8.00233E-4
-0.00151091
-0.00169985
-0.00149996
-0.00142527
-0.00163718
-0.00207006
-0.00237931
-0.00208021
-0.00147856
-4.90938E-4
6.29216E-4
0.00127959
0.00118943
7.03953E-4
3.54668E-4
8.53252E-5
-5.40567E-5
2.18868E-5
1.7501E-4
5.82644E-5
-2.14445E-4
-3.16786E-4
-1.5746E-4
5.15594E-4
0.00146977
0.00279975
0.00449221
0.00612759
0.00784779
0.00916199
0.00962495
0.00976671
0.0102278
0.0108045
0.0113723
0.0117388
0.0119771
0.0120989
0.0119416
0.0119207
0.0123344
0.0127967
0.0131333
0.0135565
0.0137796
0.0135483
0.01295
0.0124852
0.0122825
0.0120827
0.0119478
0.011855
0.0113001
0.0105258
0.00996983
0.00982347
0.00965248
0.00904167
0.0081869
0.00736155
0.00672671
0.00624188
0.00581725
0.00535161
0.00460701
0.00340035
0.00222847
0.00163964
0.00134929
8.90201E-4
2.90234E-4
-2.75835E-4
-0.00106668
-0.0022204
-0.00326591
-0.00421052
-0.00523689
-0.00623997
-0.00722952
-0.00810055
-0.0087616
-0.00923913
-0.0096295
-0.0100075
-0.0102075
-0.0101275
-0.00997565
-0.0101908
-0.0107851
-0.0112595
-0.0113683
-0.0113495
-0.0113761
-0.0114021
-0.0110872
-0.0104477
-0.00979893
-0.00943145
-0.00935443
-0.00911278
-0.0085652
-0.00780761
-0.0068625
-0.00602073
-0.00550704
-0.00519425
-0.00460571
-0.00353667
-0.00246823
-0.00186623
-0.00173135
-0.00181645
-0.00194626
-0.00231978
-0.00302255
-0.00363682
-0.00381448
-0.00361264
-0.00326722
-0.00298261
-0.00281046
-0.00270614
-0.00259298
-0.00244019
-0.00225162
-0.0020605
-0.00188408
-0.00173144
-0.00158991
-0.00145382
-0.00131366
-0.0011771
-0.00104673
-6.09462E-4
3.83157E-4
0.00141517
0.00194178
0.00161979
8.58856E-4
6.40434E-4
7.70723E-4
7.86228E-4
4.24068E-4
-2.09297E-4
-6.44494E-4
-0.0013767
-0.00197296
-0.00224638
-0.002408
-0.00237313
-0.00221947
-0.00200869
-0.00208633
-0.00208049
-0.00172501
-0.00127973
-9.14804E-4
-6.76313E-4
1.06604E-4
0.00128133
0.0021209
0.00269405
0.00336312
0.00406237
0.00449106
0.00481096
0.0048858
0.0046006
0.00449544
0.00476724
0.0053277
0.00590562
0.00615589
0.00603164
0.00570441
0.00538283
0.00515762
0.00501347
0.00488361
0.00470905
0.00422972
0.00326953
0.0024766
0.00258955
0.00333233
0.0039525
0.00408502
0.00407405
0.00443631
0.00501575
0.00536752
0.00533664
0.005553
0.00617695
0.00665715
0.00693993
0.00729979
0.00764602
0.00770739
0.00768637
0.00768315
0.00754929
0.00740328
0.00736226
0.00725611
0.00693688
0.0064151
0.0054418
0.00399587
0.00247987
0.00105163
-1.43216E-4
-0.00108505
-0.00204896
-0.00304763
-0.00414254
-0.00533542
-0.00618041
-0.00644634
-0.00628784
-0.006022
-0.00586442
-0.00604353
-0.0067005
-0.0075499
-0.00806992
-0.00847082
-0.00904821
-0.00951706
-0.0095907
-0.00947775
-0.00924826
-0.0087903
-0.00823271
-0.0075518
-0.00653728
-0.00540127
-0.00457275
-0.00421297
-0.00415743
-0.00414971
-0.00384006
-0.0033736
-0.00317718
-0.00325357
-0.00335465
-0.00351658
-0.00363127
-0.00361003
-0.00344091
-0.00304292
-0.0025949
-0.00229027
-0.00215883
-0.00211089
-0.00205581
-0.00195214
-0.00181557
-0.00167711
-0.00156005
-0.0014526
-0.00113585
-3.55076E-4
6.40959E-4
0.00133263
0.00150492
0.00133818
0.00112016
0.00100507
0.00101847
0.00127129
0.00173982
0.00194934
0.00203346
0.00243237
0.00292525
0.0031736
0.00312758
0.00291912
0.00269804
0.00254199
0.00243383
0.00213573
0.00137526
3.51077E-4
-6.20167E-4
-0.00154105
-0.00232867
-0.00295078
-0.00363616
-0.00434725
-0.00476196
-0.00512088
-0.00569941
-0.00618452
-0.0062758
-0.00597739
-0.00550659
-0.00505786
-0.00432094
-0.00313451
-0.00199935
-9.58208E-4
1.24543E-4
9.69276E-4
0.0013623
0.0014063
0.00134428
0.00133515
0.00140351
0.00149798
0.00156606
0.00158991
0.00158624
0.00157918
0.00158495
0.00160224
0.00162427
0.00164156
0.00165342
0.00165961
0.00166665
0.00168787
0.00173073
0.00176859
0.00178808
0.00178533
0.0017775
0.00176761
0.0017669
0.00176438
0.00175216
0.00150514
0.0012419
0.00131035
0.00158647
0.00182049
0.00189246
0.00184966
0.00198364
0.00243153
0.00308317
0.00373469
0.00409176
0.00408218
0.00385888
0.00362084
0.00347695
0.00361794
0.00404319
0.0044018
0.0044432
0.00400726
0.00323064
0.00256121
0.00225303
0.00222483
0.00226274
0.00202953
0.00145235
8.63943E-4
5.39593E-4
3.05839E-4
1.32597E-4
3.10214E-5
1.62966E-6
-1.25072E-5
-2.03703E-4
-4.54018E-4
-5.86931E-4
-5.68751E-4
-4.80984E-4
-3.96772E-4
-5.6023E-4
-0.0012198
-0.00211523
-0.00269196
-0.002739
-0.00245041
-0.00211492
-0.00170588
-9.80526E-4
-6.89515E-5
6.12404E-4
8.69906E-4
0.00101624
0.0011644
0.00128513
0.00132825
0.00131922
0.00145736
0.00167179
0.00181473
0.00182348
0.00193006
0.00227107
0.00263683
0.00298474
0.00354196
0.00422273
0.00485624
0.00552362
0.00613067
0.00637932
0.00620193
0.00579279
0.0053629
0.00500013
0.00473911
0.00491094
0.00557886
0.00615321
0.00619548
0.00575508
0.00514198
0.00458901
0.00380712
0.0026209
0.0015074
8.45778E-4
6.1369E-4
5.53478E-4
4.56465E-4
2.45733E-4
-2.37484E-5
-2.82838E-4
-4.83809E-4
-6.40078E-4
-7.74598E-4
-9.18105E-4
-0.00106988
-0.00123961
-0.00160488
-0.00240482
-0.00340419
-0.0041269
-0.0043868
-0.00452666
-0.00502745
-0.00582519
-0.00643418
-0.00661631
-0.00660808
-0.00691195
-0.00760229
-0.00820014
-0.00833558
-0.00818832
-0.00817655
-0.00842649
-0.00884713
-0.0091482
-0.00907954
-0.00871197
-0.00823193
-0.00781039
-0.00748031
-0.00721206
-0.00693892
-0.00651543
-0.00576924
-0.00483632
-0.00388742
-0.00316396
-0.00279702
-0.00267935
-0.00262261
-0.00251076
-0.00232764
-0.00212453
-0.0019518
-0.00195688
-0.00224761
-0.00246145
-0.00228854
-0.00194781
-0.00148663
-0.00101626
-5.81113E-4
-2.12994E-5
6.25493E-4
0.00131825
0.0018587
0.00207099
0.00212322
0.00247433
0.0032767
0.00402793
0.00433476
0.00430393
0.00447462
0.00509184
0.00573215
0.00595927
0.00578255
0.00541006
0.00505585
0.00479845
0.00461951
0.00436725
0.00371522
0.00259082
0.00155855
0.00102781
9.67234E-4
0.00107671
0.00105593
5.37179E-4
-4.93433E-4
-0.00142553
-0.00179455
-0.00168472
-0.00140274
-0.00129429
-0.00170227
-0.00262
-0.00342681
-0.00369696
-0.00347482
-0.00308993
-0.00281544
-0.00335667
-0.00440508
-0.00504496
-0.00503921
-0.00491198
-0.00525588
-0.00576537
-0.0059732
-0.00578671
-0.00600504
-0.00662475
-0.00694337
-0.00676052
-0.00620341
-0.00559211
-0.0050793
-0.00471482
-0.00439281
-0.00407053
-0.00368767
-0.00328142
-0.00257086
-0.00199649
-0.00150337
-6.20225E-4
3.754E-4
0.00108231
0.00204682
0.00321054
0.00395986
0.00420987
0.0044389
0.00482228
0.0051153
0.00524516
0.00488507
0.0042639
0.00382525
0.00372572
0.00385096
0.0043006
0.0045721
0.00467008
0.0048352
0.00461996
0.00444244
0.00458807
0.00513852
0.00547313
0.00522445
0.00479826
0.00423065
0.00391363
0.00406956
0.00465467
0.00533062
0.00565842
0.00560094
0.00559472
0.00607692
0.00652383
0.0064523
0.00601782
0.00553833
0.0049673
0.0043333
0.00387806
0.00339452
0.00255817
0.00162022
0.00102395
8.80115E-4
0.00100019
0.00114936
0.00121003
0.00142025
0.00159269
0.00170971
0.00194351
0.00213668
0.00222049
0.00216842
0.0020643
0.001731
0.00174049
0.00234628
0.00299096
0.00326826
0.00316224
0.00315487
0.00366589
0.00441074
0.00484977
0.00481053
0.00445994
0.00404606
0.00372372
0.0035455
0.00344542
0.0033276
0.00313209
0.00262415
0.00162934
5.47377E-4
-1.23368E-4
-3.08105E-4
-2.4344E-4
-1.75798E-4
-2.14258E-4
-3.35287E-4
-4.64093E-4
-5.48713E-4
-5.84512E-4
-5.61559E-4
-1.37296E-4
7.76855E-4
0.00179153
0.00272911
0.00343022
0.00406816
0.00478934
0.00526687
0.00526326
0.00489272
0.00440002
0.00396122
0.00342982
0.00269602
0.00179208
8.5881E-4
1.70066E-4
-1.82701E-4
-5.07931E-4
-0.00105124
-0.00182738
-0.00268277
-0.00328808
-0.00370037
-0.0041114
-0.00463578
-0.00522806
-0.00563502
-0.00573354
-0.00580104
-0.00605622
-0.00631619
-0.00619655
-0.00562251
-0.00498071
-0.00459352
-0.00449325
-0.00452259
-0.004529
-0.00444741
-0.00430801
-0.00416321
-0.0040523
-0.00397268
-0.00390784
-0.00382127
-0.00370578
-0.0035838
-0.00348329
-0.00340396
-0.00333945
-0.00328825
-0.00325293
-0.00320907
-0.00314808
-0.00306937
-0.00300068
-0.00312766
-0.0035131
-0.00387303
-0.00416903
-0.00429119
-0.00422743
-0.00402
-0.00341458
-0.00251476
-0.00160875
-6.8342E-4
1.68884E-4
0.00101173
0.00199176
0.00277721
0.00331052
0.00396007
0.00454149
0.00471814
0.00451458
0.00414681
0.00379225
0.00348812
0.00309745
0.00244525
0.00160502
7.0693E-4
-1.29047E-4
-0.00101246
-0.00197972
-0.00268381
-0.002808
-0.00245914
-0.00226245
-0.00242368
-0.00269652
-0.00286417
-0.00286055
-0.00275326
-0.00263843
-0.00256236
-0.00238626
-0.00193391
-0.00141468
-9.9048E-4
-5.57044E-4
-2.27241E-4
-1.39535E-4
-2.3141E-4
-3.73415E-4
-4.58665E-4
-4.7152E-4
-4.62069E-4
-4.82926E-4
-5.41793E-4
-6.2177E-4
-6.96259E-4
-7.55901E-4
-8.00244E-4
-8.41109E-4
-8.9661E-4
-9.74947E-4
-0.00104929
-0.00110274
-0.00113178
-0.00113637
-0.0011204
-0.00111145
-0.00113321
-0.00137801
-0.00207103
-0.0027932
-0.00315694
-0.00331995
-0.00337101
-0.00334388
-0.00327404
-0.00338986
-0.00375853
-0.00429143
-0.00481022
-0.00507067
-0.00517533
-0.00534702
-0.00565559
-0.00604839
-0.00624828
-0.00640789
-0.00658977
-0.00684872
-0.00685528
-0.00662759
-0.00643932
-0.00624049
-0.00597982
-0.0056321
-0.00523039
-0.00457201
-0.00372611
-0.00324231
-0.00274417
-0.00187447
-0.00103431
-4.91338E-4
-2.69616E-4
5.78206E-5
3.75027E-4
6.92379E-4
0.00112367
0.00149963
0.00172322
0.00180479
0.00182117
0.00159746
0.00119794
0.00117054
0.00139741
0.00172782
0.00215705
0.00224055
0.00242805
0.00304152
0.0036782
0.00401999
0.00403315
0.00391696
0.00414217
0.0049794
0.0059232
0.00670119
0.00685328
0.00666544
0.00692437
0.00742712
0.00774207
0.00768201
0.00767089
0.00745988
0.0069449
0.00642632
0.00602538
0.00545953
0.00444129
0.00338729
0.00244165
0.00141576
2.09131E-4
-0.00104069
-0.00193308
-0.00251237
-0.00288347
-0.00323442
-0.00352802
-0.00356401
-0.00336787
-0.00305053
-0.00274597
-0.00257338
-0.00281556
-0.00348141
-0.00404676
-0.00411172
-0.00374581
-0.00322843
-0.00279434
-0.00250361
-0.00229707
-0.00208577
-0.00182875
-0.0015349
-0.00123238
-8.09237E-4
-6.52299E-6
9.78036E-4
0.00149953
0.00147976
0.00142982
0.00177787
0.002373
0.00283666
0.00303244
0.00302399
0.00297083
0.00296537
0.00303112
0.00313022
0.00341302
0.00390693
0.00434588
0.00453339
0.00470694
0.00507141
0.00561537
0.00618067
0.00650055
0.00648039
0.0062538
0.00599399
0.00580678
0.00568469
0.00558715
0.00546184
0.00529551
0.00486758
0.00447511
0.00443454
0.00456429
0.00465594
0.00485924
0.00520095
0.00536704
0.00527522
0.00504867
0.00512424
0.00510922
0.00472279
0.00425695
0.00389069
0.00369729
0.00358198
0.0034796
0.00332438
0.00312718
0.00260101
0.00189615
0.00139697
0.00118623
0.00116244
0.0011033
7.71596E-4
5.60042E-4
6.58988E-4
9.06141E-4
0.00135042
0.00178917
0.00202527
0.00238645
0.0031045
0.00399032
0.00445338
0.00478005
0.00512751
0.00528033
0.0055368
0.00601776
0.0063067
0.005885
0.00495781
0.00400934
0.0031787
0.00281892
0.0028844
0.00279086
0.00219038
0.00131988
6.51523E-4
3.14946E-4
2.02756E-4
1.12815E-4
-5.1257E-5
-2.99915E-4
-5.65961E-4
-8.06382E-4
-0.00100649
-0.00130857
-0.00172571
-0.00190567
-0.0018075
-0.00170849
-0.00174501
-0.00192337
-0.00214329
-0.0023377
-0.00247416
-0.00257312
-0.00254583
-0.00241027
-0.00250098
-0.00287179
-0.00325078
-0.00347255
-0.00351279
-0.0035031
-0.00374336
-0.00451549
-0.00552898
-0.00623555
-0.00640659
-0.00622751
-0.00599166
-0.0060813
-0.00654534
-0.00680488
-0.00649914
-0.00613456
-0.0061642
-0.00624606
-0.00617575
-0.00598071
-0.0055771
-0.00515313
-0.0048869
-0.00480991
-0.00481104
-0.0047969
-0.00454017
-0.00420396
-0.00396628
-0.00371866
-0.00347108
-0.00313196
-0.00263776
-0.00221148
-0.00202002
-0.00224564
-0.00282168
-0.00360589
-0.0043216
-0.00467229
-0.00464755
-0.00442562
-0.0042212
-0.00415268
-0.00442668
-0.00517984
-0.00598922
-0.00638422
-0.00654237
-0.00693008
-0.00743957
-0.00770255
-0.0075937
-0.00749038
-0.00756051
-0.00760621
-0.00771517
-0.00787417
-0.00784357
-0.00756714
-0.00712521
-0.00665481
-0.00621496
-0.00583534
-0.00548507
-0.00543466
-0.00562018
-0.00594069
-0.00594662
-0.00539476
-0.00463608
-0.00401272
-0.0036337
-0.003663
-0.00395744
-0.00406393
-0.00381787
-0.00335755
-0.00313458
-0.00322543
-0.00329846
-0.00339139
-0.00325636
-0.00296616
-0.00276864
-0.00232413
-0.00131578
-7.8162E-5
8.11575E-4
0.00121304
0.00156387
0.00236053
0.00339032
0.00441103
0.00546767
0.00633922
0.00674596
0.00700268
0.00758318
0.00832625
0.00903086
0.00952244
0.00962813
0.00964481
0.00974686
0.00978164
0.00964039
0.00909019
0.00824072
0.00749579
0.00706407
0.0066488
0.00632636
0.00601347
0.00553032
0.00505763
0.00471638
0.00455187
0.00447313
0.00440791
0.00430007
0.00416128
0.00424949
0.00459343
0.00485645
0.0048796
0.00468757
0.00443816
0.00422433
0.00406705
0.00390853
0.00350655
0.00286699
0.00234834
0.00209494
0.00207148
0.00209929
0.00209334
0.00199029
0.00158213
6.89752E-4
-1.42173E-6
-2.85316E-4
-4.01559E-4
-4.41213E-4
-4.39224E-4
-4.23193E-4
-3.93433E-4
-3.61068E-4
-3.12093E-4
-2.49784E-4
7.70297E-5
6.5385E-4
0.0013897
0.00206281
0.00240895
0.00242412
0.00226673
0.00210446
0.00201709
0.00201732
0.00229794
0.00278276
0.00310132
0.00309109
0.00286119
0.00263104
0.00275258
0.00317661
0.00349508
0.00350783
0.00326823
0.00296598
0.00248437
0.0018598
0.00139413
0.00117975
8.98418E-4
6.54796E-4
6.98034E-4
8.27382E-4
8.84927E-4
5.54387E-4
1.96914E-4
-7.65843E-5
-1.19705E-4
1.517E-4
4.56324E-4
5.89827E-4
5.19928E-4
3.48921E-4
1.79005E-4
-1.7163E-4
-4.59392E-4
-6.52996E-4
-9.34976E-4
-0.00117906
-0.00132097
-0.00134369
-0.00130673
-0.00124948
-0.00123225
-0.00124496
-0.00127917
-0.00128542
-0.00103102
-5.30683E-4
-1.35008E-4
-1.25033E-6
-3.44734E-4
-7.40911E-4
-0.00102256
-0.00129595
-0.00147988
-0.00156734
-0.00184813
-0.00235945
-0.002741
-0.00285412
-0.00274117
-0.00254568
-0.00213798
-0.00158965
-0.00118037
-7.73567E-4
-4.6022E-5
7.88698E-4
0.00154114
0.00208794
0.00251001
0.00286235
0.00298143
0.00287133
0.00261827
0.00237764
0.00217014
0.00195626
0.00122604
5.58317E-5
-6.51799E-4
-8.32949E-4
-9.09121E-4
-7.76909E-4
-7.13167E-4
-9.65666E-4
-0.00133313
-0.00160806
-0.00197603
-0.00247863
-0.00283683
-0.00314786
-0.00354638
-0.00407264
-0.00464146
-0.00499896
-0.00522059
-0.00546992
-0.00564106
-0.00563076
-0.00565392
-0.0058731
-0.00607719
-0.00605809
-0.00599966
-0.00590599
-0.00554519
-0.00501964
-0.00454994
-0.00405331
-0.00342732
-0.00286605
-0.00252161
-0.00237331
-0.00230006
-0.00221021
-0.00207049
-0.00189283
-0.00169186
-0.00132571
-7.493E-4
-2.35405E-4
4.98874E-5
3.06121E-4
7.24286E-4
0.0011232
0.00132669
0.00145736
0.00179483
0.00234638
0.00299875
0.00345469
0.00354627
0.00349393
0.00350957
0.00336232
0.00302816
0.00269272
0.00220978
0.00141482
6.91951E-4
1.71116E-4
-2.79928E-4
-7.86409E-4
-0.00124209
-0.00157609
-0.00195632
-0.00227363
-0.00237474
-0.00227464
-0.00209956
-0.00195027
-0.00170984
-0.00119287
-6.03023E-4
-1.01209E-4
4.12571E-4
8.34506E-4
0.00102824
0.00103412
9.66452E-4
9.19611E-4
9.17577E-4
9.40003E-4
9.54535E-4
9.48585E-4
9.25471E-4
9.00406E-4
8.77222E-4
7.85868E-4
4.06849E-4
-1.01736E-4
-4.80574E-4
-9.04858E-4
-0.00130647
-0.00155603
-0.00194848
-0.00264827
-0.00327312
-0.00354338
-0.00370932
-0.00376414
-0.00336067
-0.00267464
-0.00211515
-0.00182151
-0.0016326
-0.00108362
-4.76061E-5
9.52209E-4
0.00146386
0.00151082
0.00137469
0.00160084
0.00216199
0.00263014
0.00311531
0.00355962
0.00375583
0.00401096
0.00407006
0.00376542
0.00341236
0.00316807
0.00306385
0.00302081
0.00298157
0.00287193
0.00275153
0.00262322
0.00253897
0.00245695
0.00238359
0.00199149
0.00170318
0.00150704
0.00121688
7.20417E-4
8.78107E-5
-3.1728E-4
-4.10648E-4
-2.89028E-4
-1.41717E-4
-5.71297E-5
-4.72676E-5
-5.64744E-5
-6.23883E-5
-2.87963E-4
-7.25897E-4
-0.00104772
-0.00111499
-9.75743E-4
-7.91726E-4
-6.51611E-4
-5.86797E-4
-5.46845E-4
-4.89674E-4
-1.46857E-4
4.45334E-4
0.00112156
0.00176001
0.00213904
0.00221411
0.0023007
0.00262005
0.00297899
0.00334069
0.00375214
0.00422761
0.0046987
0.00493842
0.00486586
0.00460561
0.00450864
0.00473046
0.005176
0.00563827
0.00581491
0.00562531
0.00522292
0.00481006
0.00448716
0.00425864
0.00407318
0.00385426
0.00330266
0.00216754
0.0010669
6.09896E-4
4.72487E-4
3.3263E-4
1.40921E-4
-6.54861E-5
-2.42336E-4
-3.73918E-4
-6.14741E-4
-0.00112746
-0.00170233
-0.00215529
-0.00259593
-0.00292653
-0.00293145
-0.00262828
-0.00250539
-0.00282411
-0.00373608
-0.00455951
-0.0049692
-0.00508882
-0.004954
-0.0047711
-0.00459316
-0.00448395
-0.00443509
-0.0045072
-0.00414129
-0.00354188
-0.00294371
-0.00242295
-0.00216923
-0.00210451
-0.00211809
-0.00208749
-0.00200725
-0.0018929
-0.00179741
-0.00172365
-0.00167733
-0.00162961
-0.00158121
-0.00152186
-0.00154326
-0.00185673
-0.00233125
-0.00259421
-0.00258379
-0.00237869
-0.00215577
-0.00166808
-0.00138131
-0.00154998
-0.00210904
-0.0024022
-0.00178396
-7.7077E-4
-3.35829E-5
1.85858E-4
6.01308E-5
-1.27888E-4
-2.16919E-4
-1.89713E-4
-9.90658E-5
-1.8863E-5
3.43065E-5
3.64146E-4
8.92135E-4
0.00123601
0.00130899
0.00119097
0.00105671
9.797E-4
9.80912E-4
6.75624E-4
1.20476E-4
-2.79009E-4
-3.96401E-4
-3.03058E-4
-1.74577E-4
-1.18151E-4
-4.51764E-4
-0.00101339
-0.00136835
-0.00139905
-0.00121818
-0.00101501
-8.92153E-4
-8.66185E-4
-0.00112109
-0.0015824
-0.00189249
-0.00192844
-0.00200404
-0.00225625
-0.00219829
-0.00169007
-8.39415E-4
2.32822E-5
5.31654E-4
8.816E-4
0.00100482
8.17386E-4
8.6799E-4
0.00154636
0.00249504
0.00310913
0.0034787
0.00375566
0.00387818
0.0038436
0.00396248
0.00428533
0.00451369
0.00447732
0.00397768
0.00318786
0.00255558
0.00226333
0.00222469
0.00223509
0.00217634
0.00202496
0.00184667
0.00168581
0.00155828
0.0011809
5.59014E-4
-1.4829E-4
-8.07639E-4
-9.97982E-4
-3.63913E-4
6.69575E-4
0.00136747
0.00147977
0.00120873
8.92239E-4
7.2257E-4
7.03965E-4
7.22664E-4
4.92087E-4
-7.22974E-5
-6.35264E-4
-9.24618E-4
-9.36451E-4
-8.29655E-4
-7.48399E-4
-7.47775E-4
-7.99064E-4
-8.76322E-4
-0.00112104
-0.001564
-0.00194303
-0.00207963
-0.00201823
-0.00189101
-0.00177987
-0.001544
-0.0010893
-6.5975E-4
-4.43423E-4
-4.29754E-4
-2.9864E-4
-8.03276E-5
1.05322E-4
3.68374E-4
8.08852E-4
0.00135634
0.00172934
0.00178871
0.00162555
0.00140015
0.00103869
5.01133E-4
1.81694E-5
-4.22213E-4
-9.16992E-4
-0.00151136
-0.0023426
-0.00323094
-0.00376715
-0.00381969
-0.00368268
-0.00363495
-0.00348464
-0.00329203
-0.00323859
-0.00318767
-0.00324012
-0.00325733
-0.0030175
-0.00269013
-0.00225157
-0.00176845
-0.00130865
-7.60717E-4
-2.62582E-4
1.49239E-4
6.42278E-4
0.00110394
0.00134189
0.00134234
0.00121742
0.00110388
0.00105159
0.00106601
0.00123178
0.00151564
0.00153177
0.00122939
6.20975E-4
-3.89414E-4
-0.00119219
-0.00131112
-0.00116982
-0.00112409
-0.00132711
-0.00195682
-0.00257886
-0.00250385
-0.00193884
-0.00122471
-6.4743E-4
-4.17846E-4
-4.38711E-4
-5.25654E-4
-3.93162E-4
9.22993E-5
6.65488E-4
0.00113411
0.00161209
0.00198746
0.00212646
0.00206091
0.0019053
0.00176706
0.00169734
0.00167003
0.00164732
0.00159397
0.00149966
0.0013873
0.00130174
0.0012451
0.00121129
0.0011657
0.00101763
5.54452E-4
-9.80869E-5
-8.27299E-4
-0.00140636
-0.00166739
-0.00193329
-0.00222185
-0.00236716
-0.00240024
-0.00255658
-0.00259455
-0.00260563
-0.00262765
-0.00224677
-0.00163626
-0.00121647
-0.00121052
-9.2753E-4
-2.15111E-4
4.73123E-4
0.00106964
0.00130062
0.00140512
0.00159876
0.00176657
0.00192312
0.00220395
0.00236763
0.00251713
0.00270288
0.00246316
0.00187998
0.0010883
4.3982E-4
1.80273E-4
2.45789E-4
4.06845E-4
5.35431E-4
5.59205E-4
4.50601E-4
8.47614E-5
-7.66457E-5
-1.43865E-4
-2.64679E-4
-2.57762E-5
1.69436E-4
3.72107E-4
7.24743E-4
9.62716E-4
0.00105781
0.00101007
9.59879E-4
9.35609E-4
0.00129107
0.00156549
0.00175046
0.00166808
0.00127405
0.00157137
0.00219454
0.00241892
0.00261474
0.0025507
0.00217032
0.00178279
0.00156633
0.00120925
0.00101313
8.57191E-4
5.26892E-4
-5.93936E-5
-7.21984E-4
-0.00106412
-0.00109435
-0.00123596
-0.00130609
-0.00134276
-0.00155657
-0.00167851
-0.00167858
-0.00123679
-8.79317E-4
-6.09313E-4
-2.69575E-4
2.78037E-4
9.30881E-4
0.00130715
0.00166942
0.00209239
0.00266453
0.00321788
0.00343028
0.00332559
0.00306216
0.0028251
0.00266688
0.00257356
0.00247984
0.0023614
0.00221085
0.00205579
0.00190819
0.00177955
0.00166047
0.00154652
0.00143089
0.00131405
0.0012001
0.00108744
9.82857E-4
8.97808E-4
0.00113645
0.00127944
0.00132845
0.00150464
0.00156573
0.00152075
0.00135857
0.00144479
0.0015156
0.00154511
0.00139499
0.0012151
9.2304E-4
4.84478E-4
1.41431E-4
-5.82984E-5
-4.06191E-4
-7.00363E-4
-6.39687E-4
-4.48894E-4
-3.28063E-4
-3.79108E-4
-5.1648E-4
-6.72604E-4
-7.6967E-4
-8.18713E-4
-5.99847E-4
-4.28154E-4
-6.04427E-4
-9.54636E-4
-0.00123524
-0.00135548
-0.00136959
-0.00162224
-0.00189484
-0.00211901
-0.00243515
-0.00267655
-0.00277891
-0.00274424
-0.00267513
-0.00259485
-0.00254039
-0.00250332
-0.00251013
-0.00252582
-0.00253254
-0.00249757
-0.00268955
-0.00310745
-0.00344607
-0.00356412
-0.0037506
-0.00409029
-0.00433808
-0.00436227
-0.00419766
-0.00424459
-0.00482808
-0.00559004
-0.00600466
-0.00619103
-0.00632612
-0.00631551
-0.00615539
-0.00611519
-0.00603013
-0.00562815
-0.00535069
-0.00511688
-0.00494995
-0.00468525
-0.00414813
-0.00355503
-0.00311098
-0.002874
-0.00274291
-0.00233031
-0.00161134
-9.63101E-4
-6.04178E-4
-4.98564E-4
-4.86059E-4
-4.32543E-4
-2.93442E-4
1.42207E-4
8.068E-4
0.00159635
0.00230816
0.0026551
0.00266906
0.00253155
0.00242805
0.0024093
0.00246297
0.0027608
0.00325177
0.00358888
0.00363499
0.00323206
0.00281969
0.0028057
0.00303584
0.00350819
0.00402927
0.00427451
0.00421081
0.00423586
0.00424526
0.00398702
0.00390799
0.00413956
0.00439618
0.00443393
0.00425882
0.00396211
0.00368203
0.00347301
0.00334661
0.00299372
0.00263739
0.00232598
0.0019151
0.00155379
0.00106192
2.26637E-4
-6.65574E-4
-9.39547E-4
-7.92272E-4
-7.32345E-4
-8.19919E-4
-9.42037E-4
-7.55104E-4
-4.91916E-4
-2.25243E-4
3.90358E-4
0.0011401
0.00162069
0.00168536
0.00176475
0.00205978
0.00234789
0.00244224
0.00234117
0.00214392
0.00196157
0.00182753
0.00172327
0.00136261
0.00102084
0.00102788
0.00120078
0.00131708
0.00127354
0.0011087
6.51992E-4
8.70112E-6
-2.0408E-4
-1.3416E-4
-2.07311E-4
-4.07297E-4
-6.09013E-4
-7.15872E-4
-7.34397E-4
-7.10444E-4
-7.0626E-4
-9.80713E-4
-0.00151315
-0.0021704
-0.0025365
-0.00258594
-0.00265461
-0.00270664
-0.00273513
-0.00267248
-0.00258376
-0.00246942
-0.00262304
-0.00275373
-0.00282446
-0.00296162
-0.00331107
-0.00375829
-0.00398261
-0.00365376
-0.00316263
-0.00298262
-0.0030324
-0.00309044
-0.00301728
-0.00281688
-0.00257284
-0.00236613
-0.00247108
-0.00257758
-0.0023425
-0.00192422
-0.0015319
-0.00129814
-0.00118915
-0.00112654
-0.00103591
-9.05593E-4
-7.54475E-4
-6.11285E-4
-4.89722E-4
-4.01183E-4
-5.78909E-4
-7.4721E-4
-5.59569E-4
-1.84174E-4
4.06168E-4
0.00107639
0.00153991
0.0017012
0.00192145
0.00233504
0.00270113
0.00285918
0.00282094
0.00270312
0.00260124
0.00255271
0.00253529
0.00251914
0.00248095
0.00242645
0.00237924
0.00257717
0.00275703
0.00261211
0.00255315
0.00253385
0.00258603
0.00279772
0.0027352
0.00256308
0.00283628
0.00344145
0.00389382
0.00396224
0.00373934
0.00347464
0.00353882
0.00366859
0.00373228
0.00385682
0.00362304
0.00327699
0.00291087
0.00271613
0.0025695
0.00222273
0.00183573
0.00154678
0.00140439
0.00133849
0.00128508
0.00121753
0.00112447
0.00101902
9.32677E-4
8.58503E-4
7.83826E-4
6.71327E-4
3.31827E-4
-5.70327E-5
-2.94165E-4
-3.26977E-4
-7.24946E-5
2.2166E-4
3.43925E-4
2.68351E-4
1.19179E-4
8.05361E-7
-4.86176E-5
-6.91286E-5
-9.11358E-5
-1.42798E-4
-2.08591E-4
-2.83143E-4
-3.44205E-4
-4.14732E-4
-4.76506E-4
-5.11104E-4
-3.39911E-4
-1.12608E-4
9.41036E-6
-5.72954E-5
-3.88018E-4
-7.54159E-4
-9.61322E-4
-0.00120374
-0.0016264
-0.00202918
-0.00223367
-0.00242841
-0.00278136
-0.00312644
-0.00328813
-0.00344903
-0.00396714
-0.00470815
-0.00520587
-0.00522904
-0.00491026
-0.00451884
-0.00423699
-0.00408147
-0.00397969
-0.00385381
-0.00368061
-0.00347554
-0.00328568
-0.00330996
-0.00359645
-0.00367167
-0.00343267
-0.00302925
-0.00248659
-0.0019988
-0.00171653
-0.00161072
-0.00155418
-0.00144787
-0.0012778
-9.56252E-4
-3.73314E-4
2.2131E-4
5.37442E-4
4.52458E-4
9.8573E-5
-1.42879E-4
-2.94278E-4
-2.81066E-4
-7.66359E-6
1.25656E-4
1.44087E-5
-1.25056E-4
-1.59615E-4
-8.41264E-5
3.60751E-5
1.49474E-4
2.51628E-4
4.5852E-4
7.87877E-4
9.11068E-4
8.882E-4
9.75884E-4
0.00109205
0.00135133
0.00169862
0.00193643
0.00213484
0.00247817
0.0028512
0.00304459
0.00303071
0.00288822
0.00273245
0.00262522
0.00269031
0.00291005
0.00291266
0.00262049
0.00228423
0.00205828
0.00198525
0.00199365
0.00200002
0.00194132
0.00183757
0.00171633
0.00161759
0.001536
0.00147748
0.00150389
0.0018163
0.00222695
0.00251728
0.00282037
0.00301661
0.00278334
0.00255056
0.00256896
0.00264379
0.00261224
0.00246372
0.0022653
0.00206799
0.00187526
0.00164572
0.00120402
8.47694E-4
5.32968E-4
8.42917E-5
-5.41985E-4
-0.00117341
-0.00149209
-0.00153907
-0.00151203
-0.00181315
-0.00237349
-0.00300061
-0.00326284
-0.00331618
-0.00341305
-0.00344499
-0.00333643
-0.00291077
-0.00256983
-0.0023529
-0.00239474
-0.00260124
-0.00239214
-0.00184265
-0.00128423
-7.03442E-4
-2.18025E-4
-1.38962E-5
-3.09394E-5
-1.31225E-4
-1.98671E-4
-2.78652E-4
-5.44556E-4
-7.36504E-4
-9.79412E-4
-0.00152832
-0.0018104
-0.00170174
-0.00172725
-0.00199403
-0.00222319
-0.00228454
-0.00217781
-0.00201545
-0.00187002
-0.00177879
-0.00171552
-0.00165663
-0.00156025
-0.00111682
-4.70215E-4
-5.99062E-5
4.9671E-5
-1.54304E-5
-6.694E-5
-6.38169E-5
-3.07963E-6
3.38994E-5
-2.85409E-4
-8.63703E-4
-0.00121706
-9.52727E-4
-2.49022E-4
2.71277E-4
4.49279E-4
3.51185E-4
2.22931E-4
1.24361E-4
1.79539E-4
2.85217E-4
6.9654E-4
9.24874E-4
0.00105289
0.00125186
0.00139492
0.00143445
0.0016921
0.00177973
0.00149824
0.00148156
0.00180565
0.00207307
0.00214264
0.0019974
0.0018215
0.00137755
0.00112645
9.60151E-4
9.57594E-4
8.93198E-4
5.57941E-4
2.33503E-4
5.15693E-5
2.50281E-5
4.98473E-5
-2.5765E-4
-8.25621E-4
-0.00157477
-0.00224222
-0.00247635
-0.00234993
-0.00239935
-0.00242261
-0.00246818
-0.00238479
-0.00228284
-0.00210766
-0.00167402
-0.0013296
-0.00111858
-0.00108769
-0.00114496
-0.00141672
-0.00145187
-0.00114289
-7.41984E-4
-4.8165E-4
-3.96735E-4
-4.22041E-4
-4.38021E-4
-4.06926E-4
-2.50399E-4
1.19885E-4
3.20462E-4
2.25833E-4
3.09553E-4
3.96023E-4
6.07302E-4
9.53414E-4
0.00125376
0.00167362
0.00211977
0.00232781
0.00230531
0.00222707
0.00239738
0.0024391
0.00217024
0.00183708
0.00161833
0.00164176
0.00203491
0.00245696
0.00231206
0.00172837
0.00120345
0.00106808
0.00148077
0.00200109
0.001936
0.00137334
8.02168E-4
2.42789E-4
-4.80541E-4
-0.00106572
-0.00144192
-0.00166578
-0.00170402
-0.00164475
-0.00155274
-0.00147542
-0.00139208
-0.00131307
-0.00123665
-0.00116439
-9.64855E-4
-6.37269E-4
-5.25353E-4
-5.68956E-4
-4.87369E-4
-3.74831E-4
-1.18892E-4
3.46489E-4
9.62744E-4
0.00145903
0.00163551
0.0015793
0.00157866
0.00187373
0.00214665
0.00207308
0.0018371
0.0016204
0.00163429
0.00182479
0.00194904
0.00192163
0.0015964
9.9629E-4
4.47544E-4
1.82118E-4
1.65393E-4
2.5245E-4
3.14483E-4
2.96805E-4
2.16745E-4
1.29156E-4
6.62701E-5
3.7234E-5
3.79482E-5
5.53862E-5
6.34745E-5
3.01743E-4
7.46969E-4
0.00106737
9.03178E-4
5.93817E-4
8.05836E-4
0.00119541
0.00126995
0.00130232
0.00148685
0.00163974
0.00133401
6.76495E-4
1.79383E-4
-2.34776E-5
-3.34367E-4
-8.49934E-4
-0.00125964
-0.00205947
-0.00273957
-0.00279093
-0.00283457
-0.00305639
-0.0032409
-0.00327683
-0.00317246
-0.00301161
-0.00285475
-0.00271429
-0.00258782
-0.00248225
-0.00238491
-0.00229127
-0.00219372
-0.00209773
-0.00200243
-0.00191317
-0.00182593
-0.00174291
-0.00165955
-0.00157885
-0.00149795
-0.00142035
-0.0013434
-0.00126974
-0.00119672
-0.00112634
-0.00105678
-9.88998E-4
-9.29868E-4
-0.00101071
-0.00136011
-0.00175533
-0.00190871
-0.00162719
-0.0011568
-7.79839E-4
-4.36025E-4
-1.88262E-4
-6.77407E-5
-3.96098E-5
-2.15837E-5
2.2706E-5
2.78724E-4
5.8555E-4
6.02284E-4
3.98008E-4
2.27137E-4
1.74857E-4
2.30174E-4
5.64045E-4
0.00111493
0.0015145
0.00163606
0.00154931
0.00166872
0.0018242
0.00196056
0.0019361
0.00160143
9.85552E-4
3.15828E-4
1.8129E-4
3.47931E-4
6.23308E-4
9.69586E-4
0.00116956
8.78655E-4
2.80448E-4
1.85899E-4
6.23178E-4
0.00109169
9.83685E-4
4.00056E-4
-1.05465E-4
-2.85213E-4
-1.77121E-4
3.3202E-5
1.99204E-4
2.40719E-4
1.89198E-4
1.25633E-4
4.2896E-4
0.0010038
0.00172517
0.00235055
0.00256756
0.00248504
0.00259647
0.00291681
0.00287971
0.0027101
0.0024509
0.00229513
0.00215012
0.00207316
0.00189347
0.00157725
0.00163456
0.00196855
0.00222624
0.00223019
0.00205457
0.00190205
0.00209378
0.00247366
0.00268094
0.00261232
0.0023649
0.00209778
0.00189868
0.00177284
0.00166476
0.00141988
0.00100993
6.7685E-4
3.46377E-4
-1.33796E-4
-7.80773E-4
-0.001356
-0.00161783
-0.00161386
-0.00149702
-0.00153476
-0.00203037
-0.00289094
-0.00358579
-0.00381205
-0.00364744
-0.0033519
-0.00312799
-0.00316478
-0.00364428
-0.00428597
-0.00444559
-0.00425
-0.0041448
-0.00416185
-0.00415628
-0.00404426
-0.0038344
-0.00358716
-0.00335083
-0.00314774
-0.00297578
-0.0029977
-0.00326204
-0.00350797
-0.00351018
-0.00328289
-0.00297043
-0.00286704
-0.0028859
-0.00267687
-0.00207981
-0.00140319
-9.32069E-4
-5.61863E-4
-2.75647E-4
-8.23729E-5
3.4482E-5
1.31234E-4
2.36837E-4
5.77196E-4
8.98497E-4
0.00112928
0.00141359
0.0016477
0.0020145
0.00250049
0.00285021
0.00293771
0.00308063
0.00338829
0.00364735
0.00372455
0.0038641
0.00414144
0.00433433
0.00432428
0.00415025
0.0039238
0.00372954
0.00359806
0.00374351
0.00411717
0.0045899
0.00498816
0.00507032
0.00486399
0.00452199
0.00421139
0.00397738
0.0038025
0.00361267
0.00317418
0.00250543
0.00193073
0.00136362
7.96529E-4
4.15098E-4
2.76014E-4
2.65658E-4
2.66045E-4
2.11571E-4
1.20466E-4
2.17059E-5
-5.00504E-5
-1.01611E-4
-1.36629E-4
-1.78491E-4
-2.21958E-4
-2.75833E-4
-3.22527E-4
-3.70232E-4
-4.0287E-4
-6.61731E-4
-0.00113145
-0.00151408
-0.00166245
-0.00183654
-0.00214602
-0.00241092
-0.00273624
-0.00311706
-0.00334245
-0.00355319
-0.00379881
-0.00392065
-0.00386504
-0.00390795
-0.00432752
-0.00487035
-0.00512149
-0.00497785
-0.00460101
-0.00422387
-0.00417245
-0.00442011
-0.00458411
-0.00448428
-0.00415022
-0.00374926
-0.00319705
-0.00276327
-0.00265466
-0.00268226
-0.00261814
-0.00218705
-0.0014643
-8.70878E-4
-5.86461E-4
-7.39369E-4
-9.19556E-4
-9.62312E-4
-7.79169E-4
-5.66592E-4
-5.69433E-4
-6.33741E-4
-4.1174E-4
1.31528E-4
6.41068E-4
9.24548E-4
9.84157E-4
9.66649E-4
9.73591E-4
0.00104842
0.00116609
0.00149232
0.00216536
0.00289742
0.00330777
0.00333686
0.00316044
0.00299688
0.00312493
0.00350578
0.00380301
0.00386999
0.00375285
0.00375715
0.00376674
0.00358138
0.00350506
0.00364238
0.0037932
0.00380892
0.00369011
0.0034955
0.003307
0.00315942
0.00322865
0.00330384
0.00331894
0.00336595
0.00337604
0.00349584
0.0037156
0.00382768
0.00373522
0.0034882
0.00322176
0.0030129
0.00303172
0.00305953
0.00303591
0.00305776
0.00319547
0.00340811
0.0034658
0.00332201
0.0030398
0.00273454
0.00247378
0.00227195
0.00208069
0.0018737
0.00165669
0.00144665
0.00125426
0.00107575
8.85844E-4
5.06949E-4
-4.03106E-5
-6.54054E-4
-0.00104262
-0.0012144
-0.00140526
-0.00159289
-0.00174113
-0.00181167
-0.00185352
-0.00189506
-0.00214927
-0.00271937
-0.00318372
-0.00337922
-0.00350102
-0.00372302
-0.00406047
-0.00426511
-0.00444383
-0.0044555
-0.00439196
-0.00441041
-0.00444461
-0.00440698
-0.00428841
-0.00412103
-0.00395661
-0.00380953
-0.00368696
-0.00357914
-0.0034839
-0.00337185
-0.00323775
-0.0030801
-0.00293719
-0.00280925
-0.00270503
-0.00259992
-0.00250066
-0.00239098
-0.00228001
-0.00201552
-0.00178125
-0.00175841
-0.0018399
-0.00187187
-0.00164612
-0.00106013
-3.93747E-4
1.89078E-5
1.06716E-4
2.09021E-5
-7.19752E-5
7.1917E-5
4.06582E-4
6.88951E-4
9.32981E-4
0.00115091
0.00124267
0.00121633
0.00112386
0.00102818
9.45315E-4
8.929E-4
8.47743E-4
7.96347E-4
7.32866E-4
6.75181E-4
6.20027E-4
5.77429E-4
5.22125E-4
4.63692E-4
4.00768E-4
4.80935E-4
5.53655E-4
4.54389E-4
2.62726E-4
9.99418E-5
2.61123E-5
3.11442E-5
1.7509E-4
2.89311E-4
1.90882E-4
4.5193E-7
-1.6829E-4
-2.33944E-4
-2.35561E-4
-2.07711E-4
-3.45968E-4
-4.96964E-4
-6.23091E-4
-6.41425E-4
