1.603912E-6
-9.604533E-6
-1.134108E-5
-1.6559649999999997E-5
-1.0170199999999998E-5
7.414972E-6
2.743668E-5
3.2566509999999995E-5
6.950865E-5
6.780916999999999E-5
7.246289E-5
2.2649339999999998E-4
9.671755999999999E-5
-2.1110999999999998E-4
-2.8208329999999998E-5
1.645093E-4
7.638768E-5
2.7346539999999994E-4
2.661515E-4
-7.721523E-4
-8.530235999999999E-4
-4.768404E-4
-2.8514039999999994E-4
3.4751899999999996E-4
1.839881E-4
3.060116E-4
0.0010952199999999998
5.455618E-4
7.707298999999999E-4
5.780411E-4
-6.105895E-4
-5.487490999999999E-4
-7.088124E-4
9.652365999999999E-5
0.001001881
-4.218345999999999E-5
-5.984981E-4
-0.0011218929999999997
-0.0023122669999999994
-0.0016981489999999997
8.467212999999999E-4
-0.001080133
-0.00321248
3.923049E-4
0.005860099
0.004388579
-8.266816999999999E-4
-0.0012613859999999998
-0.001311398
-0.0017855999999999998
-0.002630108
-0.002785279
9.683144999999999E-4
0.0012977829999999998
0.001129124
0.0033919059999999997
0.004439004
-0.001755806
-0.006118500999999999
0.001502432
-0.002264405
-0.002077095
0.00585219
0.0033292129999999997
-0.002528255
0.004061707
0.010216639999999999
0.004268639999999999
-0.006566407999999999
-0.008191492999999998
-0.001371146
0.006272783999999999
0.004505682999999999
0.0024525779999999995
-0.0019980829999999995
-0.008518272
-0.005556185999999999
0.004677876
0.005619449
-0.004263313
-0.00926371
-0.004718906
-0.005794502
0.00455236
0.010426589999999998
0.004582466
0.0012034149999999998
-0.00247127
-0.002409272
-5.456874E-4
0.001000101
-0.001116124
-0.0033238019999999994
-1.592069E-4
-4.32251E-5
-0.0031735119999999994
2.560115E-4
0.005076165999999999
-0.009656928999999998
-0.012839499999999998
-0.004393291999999999
-0.003964712999999999
0.00213268
0.005069768
0.01421659
0.009380684
9.928791999999997E-4
-0.003570316
0.01093424
0.004081703999999999
-0.015205959999999998
-0.006991407999999999
-0.0031444789999999995
-0.0024067069999999997
0.004761154
3.6830289999999997E-4
-4.68965E-4
-1.431164E-5
2.6329239999999996E-4
0.003330408
-6.276068999999999E-4
-0.0037609459999999994
-0.0019055739999999997
-0.01056433
-0.007506183999999999
0.013085539999999998
0.019791449999999995
0.01148583
-0.0018286339999999998
-0.0022329799999999994
-0.002055453
-0.002166728
0.010546289999999998
0.01814806
0.01118995
-0.007038895999999999
-0.007279538999999999
-0.003927074
-0.0025922659999999998
0.001687727
-0.001959797
-0.004218413999999999
-0.019086709999999996
-0.02746449
-0.01138857
0.017631739999999996
0.023109039999999997
0.020794739999999996
0.009787281999999998
-0.008949887
-0.01910916
-0.007082285999999999
0.01756786
0.023080979999999997
0.013174419999999997
0.00600608
0.002165755
-0.0024702659999999996
0.005743058999999999
0.026076699999999998
0.02128644
0.008825332999999998
-0.005680297
-0.022954639999999995
-0.03181399
-0.027655999999999997
-0.01644978
-0.0013294039999999997
0.001718327
-0.01135642
-0.03884256999999999
-0.03669059999999999
0.002227066
0.038662049999999996
0.04824761
0.03150557
-0.003160669
-0.017837379999999996
-0.02008792
-0.01448756
-0.014776689999999999
-0.01620053
-0.028381749999999997
-0.03919266
-0.03305792999999999
-0.02345828
-0.012880129999999998
-8.408198E-5
0.00729833
0.004812415
0.019720099999999997
0.050335279999999996
0.06292429999999999
0.05644561
0.04095864
0.007429662
-0.0331591
-0.060121289999999994
-0.056696359999999994
-0.03260987
-0.028850039999999997
-0.02057243
-0.005536585999999999
0.020781269999999998
0.013056899999999998
0.008867681999999998
0.020954909999999997
0.04533325
0.04362329999999999
0.0200086
0.011081719999999998
0.01101076
0.008020238
0.015257849999999998
0.03757172
0.03837549
0.028976619999999998
0.03169319
0.01701227
-0.0082999
-0.014854609999999999
-0.02582045
-0.055054439999999996
-0.05551027
-0.01156387
0.02061834
0.02803531
0.025837789999999996
0.020646419999999995
-0.003629519
-0.03244862
-0.031052239999999995
-0.017894359999999998
-0.001151011
0.01722513
0.030227619999999997
0.01847627
-0.02577214
-0.06965124
-0.08128597999999998
-0.05441809999999999
-0.009943318
0.01104906
0.021931149999999996
0.04341639
0.04422412999999999
0.02604213
0.013591179999999998
-6.697555E-4
-0.01661282
-0.027327539999999997
-0.02933325
-0.03969281999999999
-0.047763089999999994
-0.03030658
-0.012530229999999998
-0.00852483
-0.001406414
0.0061837279999999994
0.012510649999999998
0.02555192
0.05220422999999999
0.06410551999999999
0.04642855
0.0018325759999999998
-0.03443172
-0.03711517
-0.0134923
0.028453789999999996
0.059515349999999995
0.05880098999999999
0.03866873
-0.0012528259999999999
-0.038471389999999994
-0.040061179999999995
-0.027498039999999998
-0.02010659
-0.025334439999999996
-0.01377277
0.0029594179999999997
0.027703959999999996
0.04058724
0.03688496
0.02244374
0.00501957
-0.015293249999999998
-0.02250836
0.0013684049999999998
0.019604849999999997
0.013314169999999998
0.007294572
0.013456149999999998
-0.001585191
-0.03117171
-0.04816946999999999
-0.03861589
-0.021221919999999995
-0.0023780509999999995
0.019550709999999995
0.029135989999999997
0.01528708
-0.0016550909999999998
-0.003312813
0.001147013
-5.308074999999998E-4
0.006711485
0.023906059999999996
0.02446262
-5.865224999999999E-7
-0.01868107
-0.03484386
-0.051299979999999995
-0.03694193999999999
-0.00587001
0.008826428
0.008222459999999997
0.009314317999999999
2.7730959999999996E-5
-0.007292464
0.0026041379999999998
0.009256889
-0.006874489
-0.0113337
-0.005197275999999999
0.0028384219999999997
0.01921179
0.021037499999999997
0.006079651999999999
-0.012689759999999998
-0.018387809999999997
-0.01415166
-0.018071679999999996
-0.03264233
-0.03200411
-0.007546543999999999
0.020298
0.038664489999999996
0.04212219999999999
0.030532959999999998
0.01372021
0.0035952539999999996
-8.332756999999999E-4
-0.0011541
3.469325999999999E-4
-0.009399371999999998
-0.025467019999999996
-0.02376457
-0.005800297
0.02226219
0.03321769
0.01445503
-0.0064716439999999995
-0.0038200039999999997
0.0024652349999999996
0.009372196
0.013725599999999998
0.013408869999999998
0.01393461
0.01585522
0.01838155
0.015182639999999999
-1.430246E-4
-0.018553519999999997
-0.028030779999999998
-0.021021099999999997
-0.012148889999999999
-0.006399763999999999
-0.008313693999999998
-0.019427849999999997
-0.024958089999999995
-0.02632755
-0.028733069999999996
-0.01886951
0.004206236
0.01829761
0.015377919999999998
0.005970175999999999
-8.688740999999999E-4
-0.0012196889999999997
0.01076413
0.019780269999999996
0.016370839999999998
0.018697589999999997
0.013372629999999998
0.005273068999999999
-0.001014208
-0.006971145999999999
-0.013920159999999999
-0.017679009999999995
-0.02332485
-0.02384492
-0.01085641
0.022440599999999998
0.046379519999999994
0.05164326999999999
0.04065145
0.027745989999999998
0.016167499999999998
0.01076476
0.009172268999999999
0.004171495
-0.006883964
-0.008919012999999998
-0.004704158
-0.002126929
-0.005128137
-0.005150915
-0.002391674
-0.0064641839999999996
-0.012037849999999998
-0.013725059999999999
-0.018036389999999996
-0.022441559999999996
-0.014526829999999998
0.004116289
0.016032539999999998
0.007990947
-0.005824572
-0.017142609999999996
-0.019419719999999998
-0.021255999999999997
-0.016129199999999996
-0.01380075
-0.01681298
-0.01251568
0.0016183119999999998
0.006482703999999999
-0.0012675049999999997
-0.01107521
-0.009221156999999999
-0.008920680999999998
-0.01271693
-0.016448639999999997
-0.01404551
-0.002074149
0.010985509999999999
0.01761394
0.01879544
0.015959999999999995
0.01398541
0.02216976
0.027341649999999995
0.019097759999999995
0.007235489999999999
0.005014652
0.006628483
0.008808848
0.011501559999999997
0.006000031
-0.001734678
-0.0015877029999999998
-3.277174E-4
0.001377314
0.001735387
0.0022261379999999995
0.00465264
0.012296029999999998
0.01712068
0.01268155
8.629283999999999E-4
-0.010690449999999999
-0.01978442
-0.028661119999999998
-0.02755162
-0.02749337
-0.022183329999999998
-0.012822839999999999
-0.0021875049999999997
0.0030712369999999997
0.008373763999999999
0.01675014
0.021877659999999997
0.02222011
0.01821965
0.009004552
-0.008240041
-0.02751176
-0.04295017999999999
-0.04363100999999999
-0.0357284
-0.018404249999999997
-0.008788548999999998
-0.013133699999999998
-0.008216803
0.004895167
0.009365254
0.003387044
-0.002187013
0.0031950679999999997
0.013504719999999998
0.01888637
0.018556129999999997
0.01870969
0.018410929999999995
0.01592121
0.015520589999999999
0.01638206
0.01585984
0.013370689999999998
0.01723851
0.02662793
0.03380689
0.03338228
0.025729579999999995
0.01573535
0.008910782
0.004968912999999999
-0.0026117779999999995
-0.01455985
-0.02537726
-0.02572511
-0.020421729999999996
-0.02051581
-0.01892643
-0.015281629999999997
-0.01670153
-0.01772507
-0.011358849999999998
0.002598035
0.008429670999999998
9.499299999999999E-4
-0.006264773
-0.01252358
-0.012423289999999998
-0.0057026509999999996
1.1819899999999998E-4
0.004921014
0.008859501
0.01024348
-0.0038817339999999995
-0.02229383
-0.0321979
-0.03259635999999999
-0.023937809999999997
-0.013505179999999999
-0.0033644629999999994
-3.6758959999999997E-4
0.0012707509999999999
7.218638999999999E-4
0.004364999999999999
0.007867627
0.008426145999999999
0.008958066
0.008341181
0.010667609999999998
0.015405079999999998
0.01869298
0.01706551
0.01641009
0.019178229999999998
0.01834089
0.019352129999999995
0.020320369999999997
0.015240139999999998
0.004852195999999999
-0.004841327
-0.01029098
-0.01573068
-0.02203127
-0.024053989999999997
-0.02098765
-0.011445229999999999
-0.001387253
0.004635798
0.005596219999999999
0.002699078
0.0011020549999999998
0.001139481
0.004190246999999999
0.0067189649999999995
0.008439836
0.01135043
0.01143509
0.007276428999999999
0.004101149
8.171712999999999E-4
-0.0030637189999999995
-0.0027753929999999997
0.004741328999999999
0.013389659999999998
0.01364444
0.007038538
-0.004216804999999999
-0.010287849999999998
-0.008292441
-0.0071203659999999995
-6.809941999999999E-4
0.008064737
0.005637152
-0.009185373999999998
-0.01892039
-0.025309829999999995
-0.02789727
-0.02696158
-0.025408899999999998
-0.014471749999999999
0.0051384
0.01772721
0.016073509999999996
0.006040299
0.0016870079999999998
0.008273133999999998
0.011068519999999998
0.0110362
0.009874928
0.005126409999999999
0.001247597
0.004893951999999999
0.011340289999999998
0.008916243
6.124978999999999E-4
-0.00893945
-0.017126099999999995
-0.02485981
-0.02173382
-0.010763509999999999
-8.852720999999999E-4
0.001436996
-4.6338909999999996E-4
4.5711879999999996E-4
0.001957175
0.0038584799999999996
0.009994236
0.02059553
0.02360191
0.01132717
8.848013999999999E-4
-0.0020827559999999994
-1.751283E-4
-0.0021736319999999996
-0.006492674999999999
-0.0046373759999999995
-0.004732016999999999
-0.007840141
-0.006852320999999999
-0.0033855189999999996
-7.902187999999998E-5
-9.581566E-4
-0.004416311
-0.010417229999999998
-0.010661539999999999
-0.001426169
0.007763841999999999
0.0108063
0.007338667999999999
0.0023929269999999996
-6.914419E-4
0.005965022999999999
0.01676354
0.02189215
0.01921806
0.019352879999999996
0.015618139999999999
0.009046029999999998
-4.138956E-4
-0.009110073999999998
-0.016721179999999995
-0.02485257
-0.02879519
-0.02336784
-0.007704282
0.0019901059999999997
0.002505013
2.455136E-4
0.0015901899999999998
0.005705470999999999
0.005812888999999999
0.002601781
0.002892976
0.005812087999999999
0.009682306999999998
0.008553261999999999
0.00533422
0.005687605
0.007181535
0.0036727999999999995
-0.0066063549999999995
-0.01764261
-0.022963009999999996
-0.023157359999999995
-0.01712682
-0.010662279999999998
-0.006713684999999999
-0.0024782699999999994
0.0059113329999999995
0.0132326
0.01338733
0.005803221
0.0016374909999999998
-1.973948E-4
-0.00174607
-8.213547E-4
0.004859354
0.004968668
-0.001981143
-0.005430265
-0.005441342
-0.007303634
-0.009498562999999998
-0.006593945
0.00302907
0.009836884999999998
0.008835812999999998
0.004190980999999999
-0.0024739449999999995
-0.002129962
0.002925554
9.861578999999997E-4
-0.006113114999999999
-0.0066228879999999995
-1.220858E-4
0.0011787909999999998
-1.4642749999999998E-4
0.0011325289999999997
8.931798E-4
-9.825469E-4
-8.611482E-4
0.0018243979999999999
0.007775630999999999
0.009376664999999998
0.006192371999999999
0.0058611819999999995
0.005895227
0.004121601
-1.060449E-4
0.003367201
0.011426099999999998
0.01567134
0.013192119999999998
0.01046809
0.01076637
0.0056214459999999996
-0.0033858439999999994
-0.008293348999999998
-0.00851892
-0.007792183999999999
-0.006367689
-0.004143905
-0.005700576
-0.0034433259999999996
-0.002302564
4.473849E-4
0.008074043
0.014143209999999998
0.012493919999999999
0.005001807999999999
-2.3353409999999998E-4
0.0021372119999999994
0.00572302
0.0033653559999999995
-0.0022835269999999996
-0.006304338999999999
-0.006385326999999999
-0.005043288999999999
-0.0018432059999999998
-0.0025907669999999995
-0.008517321
-0.013617659999999998
-0.015279599999999999
-0.01394762
-0.014590039999999999
-0.01545365
-0.01775953
-0.01937902
-0.015631559999999996
-0.008608763
-0.005634487999999999
-0.004500615
-0.005909161
-0.005820458999999999
-6.869586E-4
0.006627546
0.01288864
0.015225639999999999
0.012434929999999999
0.009554367
0.006736278
0.001717523
-0.003248004
-0.0025450849999999994
1.658008E-4
0.002529135
0.00562941
0.009005898999999998
0.011093629999999998
0.008734196
0.002278207
-9.495459E-4
-2.4398449999999997E-4
0.0015086139999999997
0.004684852
0.0067532519999999995
0.008742428
0.01021297
0.007274871
-4.4282679999999995E-4
-0.006903390999999999
-0.008590156
-0.0066565899999999996
-0.0019505179999999998
0.002754988
0.008076113
0.009466983999999998
0.004995859
0.0027177949999999994
0.004069713
0.007756687999999999
0.007197223
0.0037172719999999998
5.231696E-4
-0.002570959
-0.003129716
-0.0028845069999999997
-0.004827108
-0.006560627999999999
-0.006215631
-0.006829734999999999
-0.007170248999999999
-0.002373554
0.004146168999999999
0.006517228999999999
0.002697749
-0.00237688
-0.001314243
9.793509E-4
3.137572E-4
-5.578716E-4
-0.004375808
-0.009785932
-0.013235479999999999
-0.01296668
-0.01160664
-0.009495821
-0.008341647
-0.005671829999999999
-0.0023697659999999997
0.002751965
0.007298296999999999
0.011270089999999998
0.01004537
0.008072592999999998
0.003339077
-0.0013564699999999998
-0.002759534
-0.0017703879999999997
-0.0022213939999999994
-8.784328999999999E-4
0.00461624
0.01081931
0.012199209999999999
0.0070117009999999995
0.004787306999999999
0.0059304679999999995
0.007924479
0.008063616
0.00436145
2.88407E-4
-0.0018293129999999997
-0.004328906
-0.00476748
-0.004238040999999999
-0.0036565279999999996
-0.0022552669999999996
-0.004955122
-0.008199587
-0.0066951219999999995
-0.002491353
-0.001563276
-0.003567271
-0.008065912
-0.010498969999999998
-0.008755846
-0.006255628
-0.0023109369999999995
5.379559E-4
0.002285821
0.003919268
0.004725925999999999
0.005718331
0.0035688459999999997
6.514563E-4
2.314426E-4
0.0015861739999999999
0.0033130349999999998
6.773302999999999E-4
-0.001752554
0.0027379059999999996
0.0068140119999999995
0.004934778999999999
0.002680265
0.001814582
0.0015906299999999998
0.0027248939999999994
0.004144885
0.003974414
0.001694117
4.010412999999999E-4
0.004091344
0.007387036999999999
0.0057610989999999996
1.0644689999999999E-4
-0.003255058
-0.007260431
-0.009555326
-0.008210644
-0.007049775999999999
-0.0033970149999999998
7.048759999999999E-4
0.003566905
0.002024077
-0.0016563839999999997
-0.0016216049999999997
2.525569E-4
0.002708352
0.004243796
0.005346810999999999
0.005934270999999999
0.004081338999999999
0.001287183
-0.001354542
-0.0038751239999999998
-0.0069549519999999995
-0.0073468529999999995
-0.003945709
0.0010758349999999998
0.00399778
0.005103423
0.001367954
-0.0038202349999999995
-0.006386986
-0.008488258999999998
-0.008680866999999998
-0.008456387
-0.008912995
-0.007196163999999999
-0.004934035
-0.0026117389999999996
-0.001421605
0.0019602679999999994
0.0035984249999999997
0.005085536999999999
0.0056662729999999994
0.00691921
0.006392114999999999
0.0033810179999999995
0.001231849
0.0010386199999999999
0.0037341779999999995
0.00611047
0.006775894
0.005800357
0.0030384729999999994
-0.001406718
-0.004567735
-0.0054305989999999995
-0.00655851
-0.0068928209999999995
-0.006917115999999999
-0.00472293
-8.776085E-4
5.909296999999999E-4
3.932824E-4
9.292231999999999E-4
0.002283171
0.005488139999999999
0.006229099999999999
0.0072758219999999995
0.007764795999999999
0.01022929
0.01284117
0.01215211
0.008358576
0.005014125
0.0021141429999999998
0.001295474
2.995707999999999E-4
0.0018284179999999998
0.0025889259999999996
0.002082102
0.001298819
-4.3636139999999997E-5
-0.0031898749999999996
-0.007744945999999999
-0.009514370999999999
-0.005412838
2.0605659999999997E-4
0.002060989
-0.0026040839999999996
-0.005582183
-0.002938236
0.0016567829999999998
4.477737E-4
-0.004913755999999999
-0.009736876
-0.011670799999999999
-0.011925289999999998
-0.009281812
-0.004245027999999999
8.279393999999999E-5
5.849459999999999E-4
-0.0017253969999999998
-0.003883908
-0.005246865999999999
-0.006457652999999999
-0.006416596999999999
-0.006431014999999999
-0.004296577
-0.004269933
-0.00181757
0.0037427
0.005926826
0.006019380999999999
0.007092093
0.007147656999999999
0.006111861999999999
0.004804707
0.0014502249999999999
-0.0017037739999999997
-0.004343175999999999
-0.005673075
-0.0038946899999999997
-0.001949499
2.1595269999999996E-4
0.002623766
0.004829479
0.005179695
0.00315939
-9.132577E-4
-0.0022868849999999994
0.0018405369999999997
0.006630435
0.006924500999999999
0.002422467
4.8485219999999993E-4
0.002384862
0.0031923199999999994
4.526426999999999E-4
-0.002178639
-0.002130016
1.6922569999999997E-4
0.00324071
0.005560448999999999
0.004975827
0.0014685189999999997
-0.0017532059999999998
-0.0044169429999999996
-0.005065458999999999
-0.0027073139999999997
6.74516E-4
0.0025709239999999996
0.002204629
0.0020923849999999996
0.0031022059999999997
0.004981015
0.005644696
0.006492825
0.005782978999999999
0.0019137969999999999
-5.616184E-4
-1.01577E-4
7.206493999999999E-4
3.2678189999999993E-4
-0.0014607709999999998
-0.001519417
0.0023868269999999994
0.004398615
0.004720627
0.002657317
-0.002580874
-0.006829275999999999
-0.009954420999999998
-0.01109903
-0.009721478999999998
-0.0066711819999999995
-0.006081986999999999
-0.0044167009999999994
-0.0027897239999999995
-0.003998422
-0.006597323999999999
-0.008577103
-0.00757714
-0.003989192
-0.0011389519999999997
5.411190999999999E-4
0.0012435289999999997
0.0014112769999999998
0.002598262
0.002401255
-1.21214E-4
-0.0027021529999999997
-0.002229863
-3.0090929999999997E-4
0.002056231
0.004534612999999999
0.006373089999999999
0.006284180999999999
0.007329063999999999
0.006463805
0.004858028
0.004425123999999999
0.006744669
0.009544221
0.01167452
0.01225556
0.01002089
0.009365133
0.008545095
0.006223371999999999
0.0017674459999999998
-0.001367091
-0.001391559
-0.001557475
-0.002944673
-0.0035293199999999994
-0.0034629629999999995
-0.004735335
-0.007089829999999999
-0.007972871
-0.006407253999999999
-0.006853931999999999
-0.008959198
-0.013937689999999999
-0.016887019999999996
-0.01681449
-0.012535369999999999
-0.006898680999999999
-0.0042107659999999995
-0.003582839
-0.005329474999999999
-0.005522132
-0.0036852399999999993
-0.0029100349999999996
3.885356E-4
0.004512831
0.007684981
0.009719607
0.01053352
0.008371356
0.004818983
0.0026468729999999997
0.0013321159999999997
0.001381544
0.002752297
0.005818486
0.007525096999999999
0.007672942999999999
0.00708513
0.009324445999999998
0.010017519999999999
0.007510871999999999
0.0011164429999999997
-0.006339678999999999
-0.008618044999999998
-0.005373838999999999
-0.001311701
0.002323468
0.0025612699999999996
0.0012084369999999997
-0.001701114
-0.0035684779999999995
-0.002937464
-0.0023700999999999996
-0.0027337129999999996
-0.005864555999999999
-0.006203154
-0.001747592
0.004237222
0.008544136
0.009408363999999999
0.005712561
-0.001068016
-0.007566637999999999
-0.010734599999999999
-0.010894399999999999
-0.00531447
0.004620071999999999
0.009758698999999997
0.009041505
0.0048494639999999995
0.0032554489999999997
0.00346438
0.004591302999999999
0.004366576
-3.9002629999999994E-5
-0.004525563
-0.00725141
-0.0069782559999999995
-0.005175356
-0.00397655
-0.0031040849999999995
-0.0023686809999999997
-0.0010713329999999998
-9.572609E-4
-0.0023809329999999996
-0.0033392619999999995
-0.003919321
-0.003763229
-0.003991306
-0.002721197
-8.706442999999998E-5
3.968788E-4
-0.0018708329999999997
-0.005011867
-0.004854612
-9.978181999999998E-4
3.6850089999999994E-4
4.6609409999999994E-4
2.240903E-4
-0.001160634
-0.002871964
-0.003146283
-0.00108028
6.493626E-4
0.0021252589999999996
0.0031284369999999995
0.0038223399999999996
0.004390607
0.005197163
0.006737494
0.006837519
0.007208929999999999
0.008868385999999999
0.010242409999999999
0.01026289
0.01124072
0.009200697
0.004931743999999999
6.579593E-4
-0.0016120959999999997
-0.0017680739999999997
-0.002746932
-0.0036307389999999996
-0.003367598
-0.004734525999999999
-0.007228154999999999
-0.009563245999999997
-0.01079804
-0.009840344999999999
-0.006878221
-0.003619605
-0.002142767
-0.001100978
-8.033802E-4
-0.0026726699999999994
-0.00600326
-0.008145089999999999
-0.006968248999999999
-0.0027459349999999997
0.001868281
0.006558018999999999
0.009568307
0.01013936
0.00842303
0.003925574
-1.8564919999999998E-4
-0.001282409
0.0011123319999999997
0.004095341
0.005455847
0.00621103
0.005812069999999999
0.005449625
0.00542171
0.003670655
0.0018930019999999997
0.001358765
4.929263E-4
-0.0011282679999999998
-0.002494906
-0.002260585
-8.277522999999998E-4
2.707139E-4
7.452125999999999E-4
-0.001249699
-0.0023346019999999994
-0.0033818709999999994
-0.004142726999999999
-0.004317245
-0.004690392
-0.003439453
-0.0035960109999999997
-0.0036469279999999994
-0.004123597999999999
-0.005688555
-0.006218358
-0.005077396
-0.002463521
-6.901906E-5
0.002276669
0.005753122
0.008596808
0.008455104
0.005721753999999999
0.004412221
0.0038866729999999998
0.003230137
6.453385999999998E-4
-0.004213352
-0.0067404299999999995
-0.005338603
-0.0049531259999999995
-0.005705006
-0.006180388999999999
-0.005456294999999999
-0.0027191769999999997
-0.002963415
-0.0030340219999999995
-2.075869E-4
0.00491157
0.009624393
0.01078396
0.009078865
0.006826794999999999
0.004375212999999999
0.0034564729999999994
0.0011709879999999998
-0.001807834
-0.0032617199999999996
-0.003237983
-0.004721090999999999
-0.004895521
-0.0037875239999999996
-0.001557516
-2.283036E-4
0.0013427539999999998
0.0014340719999999998
0.001436494
-2.2439089999999997E-4
-0.0027627709999999994
-0.004238295999999999
-0.004629691
-0.0031267869999999994
-3.4027029999999993E-4
0.001081376
0.0016859109999999998
4.0820859999999995E-4
1.8489859999999998E-5
7.023146E-4
0.0012741239999999997
0.0021856809999999996
0.002485336
0.0031568949999999994
0.004000423
0.003433938
0.0022643139999999995
0.0016476199999999998
7.404106999999999E-6
-0.002559098
-0.005246266
-0.004436422
-0.002729664
3.4234259999999996E-5
0.002634978
0.00435847
0.005592816999999999
0.004544175
0.003141224
0.002080962
-7.495732E-4
-0.0028813949999999997
-0.0035669819999999994
-0.001956553
-1.89151E-4
0.0010464969999999997
0.001023573
-5.425561999999999E-4
-0.003026854
-0.005604789
-0.006822749999999999
-0.004897957999999999
-0.0028458059999999998
-0.0035391649999999995
-0.0035353759999999994
-0.0037619679999999996
-0.0035280099999999994
-0.0026832749999999997
-0.001176868
0.0019179399999999997
0.001756666
0.001720985
0.003538184
0.004572618
0.005062803999999999
0.004236977
0.004313366
0.005462185999999999
0.006662202999999999
0.007126255999999999
0.006019591
0.003197643
1.919623E-4
-0.001507591
-0.00274231
-0.0014822779999999999
5.3542439999999994E-5
-4.758586E-5
-2.3452589999999998E-4
6.870902999999999E-4
1.997017E-5
-5.833974999999999E-4
-8.685614999999999E-4
-0.001494617
-0.0029529939999999996
-0.003483579
-0.003451949
-0.0036899389999999997
-3.595874999999999E-4
0.0025348739999999995
0.002219345
0.0014439509999999997
-9.099298999999998E-4
-0.004187086999999999
-0.005317556
-0.0053551119999999995
-0.004565254
-0.003055301
-0.002770486
-0.002287824
-0.0025320899999999994
-0.003091095
-0.001999927
-7.06199E-4
9.194656E-4
0.0014155649999999997
0.0025106669999999994
0.003160443
0.003186187
0.003715399
0.005323318999999999
0.006150036999999999
0.005676722999999999
0.004977484
0.0023523859999999997
-1.787344E-4
-7.863938999999999E-4
-6.376471999999999E-4
-6.478688E-4
-5.980789E-4
-6.041099E-4
-6.298331E-4
-0.00117688
-0.0017135
-0.001986983
-0.0017170349999999998
-4.519942E-4
4.63252E-4
3.080179E-5
-0.0010196199999999997
-0.0011491219999999998
9.586589999999999E-5
2.594114999999999E-4
-7.614198999999999E-4
-0.001227226
2.0618189999999998E-5
7.123021999999999E-4
4.0032349999999996E-4
-3.6106699999999996E-4
-0.001203972
-4.661035E-4
7.24755E-4
7.387968999999999E-4
0.00158901
0.001789113
0.0022427189999999994
0.002431788
0.0018208519999999998
0.0015126319999999999
0.001136838
8.435998E-4
5.047299E-4
-3.8796549999999994E-4
-0.0017617659999999997
-0.0026165779999999996
-0.002101883
-0.0012522849999999997
-8.806751E-4
-2.711894E-4
-3.111977E-4
-5.600705999999998E-4
-0.0010521099999999998
-0.001535467
-0.00172985
-0.001782961
-0.0015781069999999998
-0.001030949
-4.6598919999999995E-4
3.901045E-5
4.1804249999999993E-4
9.192570999999999E-4
9.316388E-4
8.967136E-4
0.001086771
0.0011794649999999998
9.978399E-4
9.995276E-4
0.001310877
0.0015064909999999998
0.0011885269999999998
6.493605999999999E-4
3.7560609999999995E-5
-2.814563E-4
-5.143956E-4
-5.227781999999999E-4
-4.3666019999999997E-4
-3.412177E-4
-2.0452869999999999E-4
-7.200243999999998E-5
-7.100710999999999E-5
-1.079614E-4
-1.671825E-4
-2.806024E-4
-3.4108529999999997E-4
-3.110741E-4
-2.1792679999999996E-4
-1.119747E-4
-1.722998E-5
2.10672E-5
4.30026E-5
2.445903E-5
-1.1433239999999999E-5
-1.4330009999999999E-5
-5.469848E-6
-3.382034E-6
-5.173827E-6
