-5.68658E-5
7.26311E-6
1.27688E-4
3.16346E-4
4.28054E-4
3.04899E-4
2.20852E-6
-3.15434E-4
-5.90351E-4
-7.74396E-4
-7.87551E-4
-5.8423E-4
-2.04034E-4
3.35947E-4
8.92182E-4
0.00123133
0.0011987
8.21055E-4
3.00157E-4
-1.22251E-4
-3.77124E-4
-5.28103E-4
-6.02833E-4
-6.1942E-4
-5.67433E-4
-3.72255E-4
6.01412E-6
4.70113E-4
8.26729E-4
9.58091E-4
8.18392E-4
4.1372E-4
-1.56896E-4
-7.58474E-4
-0.00131494
-0.00172225
-0.00183248
-0.00151867
-7.8929E-4
1.74854E-4
0.00101158
0.00140906
0.00122919
5.13453E-4
-4.46324E-4
-0.00120274
-0.00142642
-0.00102005
-1.07705E-4
0.00107866
0.0021751
0.0026814
0.00236965
0.00146134
3.21956E-4
-7.62179E-4
-0.00155318
-0.00188486
-0.00180016
-0.00139947
-7.56056E-4
3.21237E-5
8.08136E-4
0.0013832
0.00171254
0.00190951
0.00188342
0.0015162
8.54144E-4
1.30836E-4
-4.06832E-4
-6.31004E-4
-5.10942E-4
-1.07709E-4
2.78597E-4
3.1686E-4
-7.46162E-5
-5.66047E-4
-8.23349E-4
-8.08222E-4
-6.66505E-4
-6.0818E-4
-8.12811E-4
-0.00131354
-0.00185189
-0.00194856
-0.0015087
-7.18721E-4
1.42114E-4
9.55573E-4
0.00161867
0.00187193
0.00144792
3.66841E-4
-0.0011006
-0.00252841
-0.00341816
-0.00343185
-0.00254825
-0.00113531
4.00526E-4
0.0014422
0.00171458
0.0015089
0.0011553
6.58106E-4
1.87299E-4
-1.17793E-5
9.28044E-5
5.88475E-4
0.00115105
0.0014162
0.00136481
0.00117538
0.00101948
9.61082E-4
9.62929E-4
9.66531E-4
9.31863E-4
8.66223E-4
7.88233E-4
7.11808E-4
4.49252E-4
-1.07214E-4
-6.72678E-4
-0.00114775
-0.00164709
-0.00201062
-0.00211908
-0.00202349
-0.00185894
-0.00151991
-9.07987E-4
-9.11158E-5
7.2788E-4
0.00127577
0.0010746
-1.6742E-5
-0.00162276
-0.0025901
-0.00224373
-8.56839E-4
8.18325E-4
0.00224828
0.00310307
0.00308406
0.00234009
0.00146623
8.18126E-4
6.25567E-4
8.68569E-4
0.00132525
0.00189495
0.00235585
0.00252276
0.00211928
0.00124375
4.48116E-4
1.06142E-4
2.7177E-4
5.74739E-4
2.74129E-4
-9.72876E-4
-0.00284692
-0.00435426
-0.00446676
-0.00319226
-0.00158669
-6.31174E-4
-5.16185E-4
-9.36591E-4
-0.00162407
-0.00228475
-0.00259572
-0.00251447
-0.00223676
-0.0017731
-0.00109026
-5.31124E-4
-1.6557E-4
6.59132E-5
1.49384E-4
4.14954E-5
-4.40631E-4
-0.00137447
-0.00257731
-0.00354912
-0.0039676
-0.00363031
-0.00253964
-8.41803E-4
0.00123092
0.00334687
0.00527211
0.00664769
0.00704099
0.00605793
0.00394835
0.00155127
-5.35402E-5
-4.73521E-4
-1.23403E-4
6.06927E-4
0.00142903
0.00192931
0.00196508
0.00177072
0.00214964
0.00300587
0.00358233
0.0036145
0.00265749
9.60531E-4
-7.0829E-4
-0.00168798
-0.00182442
-0.00154267
-0.00129307
-0.00183557
-0.0028975
-0.00360107
-0.00335808
-0.00219137
-9.97424E-4
-0.00102166
-0.00203502
-0.00289954
-0.00312927
-0.00277929
-0.00229895
-0.00228582
-0.00299074
-0.003451
-0.00270236
-6.64552E-4
0.00200295
0.00436002
0.00556539
0.00504266
0.00244882
-0.00124408
-0.00431161
-0.0054155
-0.00450167
-0.00256641
-4.45659E-4
0.00110093
0.00163332
0.00148973
0.00147355
0.00240867
0.00414093
0.00618248
0.0080082
0.0100066
0.01241
0.0144587
0.0152928
0.0137347
0.00924719
0.00299178
-0.00350516
-0.0087097
-0.0113261
-0.011259
-0.00935048
-0.00668728
-0.00381783
-0.00134976
-2.06558E-4
-6.31768E-4
-0.00179762
-0.00301198
-0.00398138
-0.00439958
-0.00428944
-0.00394125
-0.0034356
-0.00261291
-0.00165142
-9.66488E-4
-7.12611E-4
-7.1756E-4
-5.37612E-4
4.10353E-4
0.00213449
0.00415564
0.00556464
0.00511234
0.00282338
3.14961E-4
-6.06882E-4
7.07113E-4
0.00343509
0.00569676
0.00555112
0.0023869
-0.00250185
-0.00704609
-0.0101092
-0.0118809
-0.0129068
-0.0132405
-0.0127809
-0.0112181
-0.00807272
-0.00337715
0.00197084
0.00653754
0.00911392
0.00944129
0.00812099
0.00575634
0.00256275
-7.85603E-4
-0.00349373
-0.00494484
-0.00475334
-0.00318824
-7.97113E-4
0.00184553
0.00422748
0.00594269
0.00673525
0.00651391
0.00549848
0.0040148
0.00277837
0.00253385
0.00337648
0.00443989
0.00513567
0.00569261
0.00601041
0.0059178
0.00523909
0.00346832
3.92295E-4
-0.00305765
-0.00514929
-0.00488404
-0.00249263
0.00115412
0.00476354
0.00699173
0.00694809
0.00445373
5.11364E-4
-0.00329746
-0.00614577
-0.00785896
-0.00816207
-0.00708449
-0.00539689
-0.00373487
-0.0026802
-0.00252693
-0.00315793
-0.00382083
-0.00353437
-0.00255346
-0.00169327
-0.00133066
-0.00151007
-0.0019469
-0.00205247
-0.00158554
-6.02008E-4
5.45181E-4
9.96737E-4
1.41802E-4
-0.00160789
-0.00351105
-0.00539553
-0.00702356
-0.00769439
-0.00677303
-0.00413376
-2.95897E-4
0.00362575
0.00652807
0.00741077
0.00597522
0.00267437
-0.0011688
-0.00398119
-0.00490653
-0.00404858
-0.00227695
-5.22609E-4
8.03822E-4
0.00140352
0.00122919
5.7416E-4
-3.53778E-4
-0.0011959
-0.00135337
-5.50669E-4
0.00108972
0.00328132
0.00525372
0.00621041
0.00611969
0.00552092
0.00498976
0.00514157
0.00599761
0.00676739
0.00691045
0.00645548
0.00534035
0.00295762
-6.10153E-4
-0.00469521
-0.00858253
-0.0116086
-0.0132689
-0.0132105
-0.0110921
-0.00711264
-0.00214936
0.00281077
0.00666646
0.00858875
0.00812022
0.00560537
0.00229351
-7.44876E-4
-0.00339331
-0.00590041
-0.00784371
-0.00842422
-0.00702899
-0.00355701
0.00113979
0.0053319
0.00718287
0.00610332
0.00359187
0.00174614
0.00198886
0.00437487
0.00762641
0.0102717
0.0114093
0.0106736
0.00831468
0.00517871
0.00210591
-3.30246E-4
-0.00154393
-0.00147659
-6.82294E-4
3.98623E-4
0.00152241
0.00280233
0.00450442
0.00642538
0.00782408
0.00817591
0.00724923
0.0051001
0.00222674
-7.60332E-4
-0.00388847
-0.00720482
-0.00980609
-0.0104361
-0.00896874
-0.00656738
-0.00457032
-0.00364969
-0.00359637
-0.00379957
-0.00378864
-0.00347922
-0.0030378
-0.00266469
-0.00243345
-0.0022831
-0.00192643
-0.00106576
4.60792E-4
0.00241722
0.00442813
0.00624259
0.00761948
0.00853367
0.0085906
0.0074228
0.00548524
0.00369949
0.00271357
0.00247514
0.00252965
0.00248542
0.00223156
0.0018668
0.00151298
8.34217E-4
-7.04013E-4
-0.00306692
-0.00574377
-0.00785554
-0.00870198
-0.00842577
-0.00769991
-0.00710533
-0.00719767
-0.00792313
-0.00808192
-0.00645358
-0.00316063
5.73853E-4
0.00350624
0.00452732
0.00284563
-8.56171E-4
-0.00473742
-0.00716925
-0.00719813
-0.00461132
-2.54827E-4
0.00416945
0.00723427
0.00841941
0.00816692
0.00737584
0.00633864
0.0049148
0.0032617
0.00143601
-2.85894E-4
-0.00113264
-2.67138E-4
0.00262916
0.00669219
0.00977072
0.0094822
0.00511132
-0.00206854
-0.00924892
-0.0134693
-0.0140504
-0.0122767
-0.00961115
-0.0071392
-0.00535329
-0.00378498
-0.00204244
-2.25556E-4
0.00142675
0.00254793
0.00240033
0.00126482
2.31664E-4
-1.32893E-4
4.98721E-5
3.66474E-4
5.40318E-4
8.27614E-4
0.00212071
0.00482598
0.00814631
0.010792
0.0118514
0.0108911
0.00822865
0.00486381
0.00113045
-0.00256937
-0.00567273
-0.00754217
-0.00769085
-0.00619628
-0.00391308
-0.00212508
-0.00145962
-0.00161995
-0.00248939
-0.00360762
-0.00446752
-0.00517046
-0.00618437
-0.00781569
-0.0093048
-0.00955886
-0.00802098
-0.00485472
-7.50984E-4
0.00315362
0.00588746
0.00701162
0.00662358
0.00523713
0.00330282
0.00105272
-7.53346E-4
-0.0012311
2.19297E-4
0.00336482
0.0069771
0.00963426
0.0105846
0.00984054
0.00804663
0.00579442
0.00388091
0.00290773
0.00297828
0.0037957
0.00456905
0.00472129
0.00428422
0.00334419
0.00199471
2.31252E-4
-0.00143287
-0.00206261
-0.0014365
-3.47602E-4
7.26593E-6
-8.47926E-4
-0.00274654
-0.00521732
-0.00744985
-0.00864176
-0.00836698
-0.00693216
-0.00482733
-0.00265051
-0.00122796
-0.00138577
-0.00320322
-0.00585375
-0.00846272
-0.0100484
-0.00992255
-0.00810647
-0.00525847
-0.00248062
-5.05852E-4
7.30604E-4
0.00170094
0.0030329
0.0050247
0.00714882
0.00874173
0.00962288
0.00924607
0.00725313
0.00420345
3.90673E-4
-0.0035507
-0.0067832
-0.00862738
-0.00869767
-0.00741533
-0.00587059
-0.00440289
-0.00289095
-0.00141963
-8.86731E-6
0.00128542
0.00222635
0.00287685
0.00386126
0.00524408
0.00634392
0.00663082
0.00617635
0.00485005
0.00208488
-0.00141706
-0.00392745
-0.00444668
-0.00324051
-0.00111696
0.00131189
0.00359364
0.00537462
0.0061858
0.00549799
0.0027459
-0.0012285
-0.0049635
-0.00747757
-0.00872268
-0.00905241
-0.00884856
-0.0079462
-0.00661953
-0.00557353
-0.00511587
-0.00558106
-0.00708872
-0.0086975
-0.00968528
-0.00947202
-0.00798568
-0.00559486
-0.002723
-2.31942E-4
0.00110469
0.00126949
2.37847E-4
-0.00249688
-0.0060655
-0.00913224
-0.0112463
-0.0116406
-0.00950766
-0.00505474
2.27452E-4
0.00422585
0.00579072
0.0048247
0.00224505
7.09057E-5
-5.18424E-4
8.20655E-4
0.00390112
0.00813506
0.0121553
0.0145463
0.0149425
0.0134623
0.0104653
0.00681209
0.00370813
9.06022E-4
-0.00205447
-0.00495044
-0.00749756
-0.00908856
-0.00907915
-0.00734151
-0.00469806
-0.00225218
-4.48923E-4
8.75072E-4
0.00236052
0.00414636
0.00562833
0.00626935
0.00562151
0.00309252
-6.09895E-4
-0.00403716
-0.00565755
-0.00440993
-7.34346E-4
0.00390743
0.0082453
0.0115292
0.0134493
0.0135138
0.0119065
0.00943882
0.00695199
0.00475828
0.00260748
8.52932E-4
-2.92426E-4
-6.06791E-4
7.80152E-5
0.00167442
0.0036919
0.00542767
0.00664188
0.00667061
0.0056179
0.00396785
0.00240665
0.00165261
0.0022047
0.00405737
0.00599033
0.0068727
0.00660009
0.00528584
0.00333811
0.00148052
2.99635E-4
-7.1212E-6
4.82197E-4
0.00210547
0.00493566
0.00847103
0.0117414
0.0135657
0.0130465
0.0103809
0.00619086
0.00114861
-0.00324538
-0.00584445
-0.00635858
-0.00499508
-0.00253207
-1.0809E-4
0.00125938
0.00141828
9.14389E-4
-9.59492E-5
-0.00124776
-0.00164631
-9.78856E-4
3.72819E-4
0.00149763
0.00154357
1.21971E-4
-0.00239825
-0.00524412
-0.00756474
-0.00896634
-0.00940268
-0.0088829
-0.00761148
-0.00625198
-0.0050994
-0.00339914
-2.40016E-4
0.00404691
0.00811157
0.0107451
0.01149
0.010266
0.00702287
0.00271341
-0.00145537
-0.00460849
-0.00611174
-0.00596331
-0.00412418
-6.66858E-4
0.00388986
0.00870633
0.0129879
0.0157454
0.0164316
0.0144279
0.0100645
0.00423571
-0.00230828
-0.00889289
-0.0148793
-0.019923
-0.0236268
-0.0250395
-0.0234312
-0.0193531
-0.0145506
-0.0107561
-0.00880408
-0.0088735
-0.0104612
-0.0123194
-0.0134495
-0.0132474
-0.0117084
-0.009517
-0.00706154
-0.00444844
-0.00173501
7.12356E-4
0.00257566
0.00388917
0.00466585
0.00459725
0.00364996
0.00194353
2.2152E-4
-0.0012227
-0.00197777
-0.00126881
0.00114484
0.00475296
0.00835751
0.0105638
0.0105875
0.00865174
0.00565875
0.00311438
0.00199193
0.00231505
0.00377472
0.00584644
0.00803509
0.0100285
0.0115163
0.0118081
0.0106461
0.0083183
0.0055898
0.00271042
-3.05559E-4
-0.00319354
-0.00560183
-0.00785725
-0.0106401
-0.0145173
-0.0198636
-0.0259759
-0.0317306
-0.0357619
-0.0366171
-0.0337417
-0.0274228
-0.0190564
-0.010579
-0.0035488
0.00126216
0.00436562
0.00705776
0.0103157
0.0138739
0.0172296
0.019139
0.017884
0.0130764
0.00554073
-0.00332773
-0.0115658
-0.0168793
-0.0174346
-0.0128399
-0.00361429
0.00917879
0.0237332
0.0373875
0.0473299
0.0517906
0.0498795
0.041916
0.0299359
0.0171751
0.00713916
0.00190079
0.00134775
0.00373345
0.00652215
0.00771723
0.00705686
0.00443742
-3.14185E-6
-0.0056188
-0.0114341
-0.0168864
-0.0212415
-0.0239059
-0.0242171
-0.021674
-0.01631
-0.00907356
-0.00243219
0.00164835
0.00208864
-3.89002E-4
-0.00381423
-0.00668645
-0.00838741
-0.00909901
-0.00918853
-0.00861856
-0.00739719
-0.00547622
-0.00296211
-1.6523E-4
0.00231337
0.00402487
0.00397993
0.00130113
-0.00454571
-0.0134164
-0.0239276
-0.0344463
-0.0429054
-0.0471452
-0.0459331
-0.0392431
-0.0287311
-0.0167464
-0.00437376
0.00768068
0.019045
0.0293438
0.0379731
0.0446196
0.0490154
0.0511756
0.051929
0.0516217
0.0500731
0.0475677
0.0440843
0.0395861
0.0339392
0.0272472
0.0201063
0.0136964
0.00882111
0.00578835
0.00493255
0.00645082
0.00982593
0.0136289
0.0161312
0.0155441
0.0110659
0.00324106
-0.00670045
-0.017815
-0.0289708
-0.0387901
-0.0468048
-0.0524053
-0.0551139
-0.0550411
-0.0529821
-0.0503796
-0.0483033
-0.046632
-0.0443584
-0.0398521
-0.0319468
-0.0207682
-0.00721793
0.0065008
0.017314
0.0235399
0.0250866
0.0224077
0.0168904
0.0105971
0.00552244
0.00288783
0.00263434
0.00377541
0.00496339
0.00488901
0.00266302
-0.00154439
-0.0059741
-0.00789449
-0.00533405
0.00179524
0.0119625
0.0228588
0.0318235
0.0363042
0.0348867
0.0278973
0.0175024
0.0068034
-0.00115675
-0.00412512
-0.00164279
0.00452133
0.0113152
0.0164004
0.0182805
0.0166232
0.0123765
0.0068631
0.00140746
-0.00276253
-0.00494615
-0.00481968
-0.00245005
0.00157933
0.00651532
0.011138
0.0138201
0.0129252
0.00724893
-0.00332264
-0.0177099
-0.0334695
-0.0474662
-0.0566499
-0.0586355
-0.0533019
-0.0426896
-0.0293852
-0.0158572
-0.00437801
0.00350496
0.00706789
0.00673991
0.00455983
0.00289357
0.00268799
0.00335847
0.00356068
0.00179009
-0.0023804
-0.00773863
-0.0116894
-0.0117801
-0.00700007
0.00209434
0.013815
0.0253172
0.0340308
0.0385842
0.0382598
0.0327187
0.022652
0.00926319
-0.00520753
-0.0185222
-0.0288554
-0.034353
-0.0341437
-0.0291294
-0.0215189
-0.0136069
-0.00732518
-0.0038512
-0.0036548
-0.00601795
-0.00828624
-0.00799773
-0.00412373
0.00333865
0.0131774
0.0237021
0.0327263
0.0387399
0.0406909
0.0374802
0.0286586
0.0155717
6.08043E-4
-0.0131038
-0.0223502
-0.0250368
-0.021204
-0.0123062
-4.18308E-5
0.0134268
0.0265994
0.037769
0.045215
0.0485381
0.0478551
0.0436428
0.0363095
0.0258613
0.012846
-0.00123262
-0.0141972
-0.022811
-0.0242108
-0.0176528
-0.00517565
0.00943991
0.0218535
0.0295354
0.0316909
0.0284076
0.0217114
0.0142424
0.00720761
4.69906E-4
-0.00692775
-0.015177
-0.0230748
-0.0290691
-0.0313461
-0.0296504
-0.0252989
-0.0198255
-0.014884
-0.0117672
-0.0106308
-0.0117573
-0.0150351
-0.0202485
-0.0266587
-0.0329377
-0.0371504
-0.0387231
-0.037373
-0.0338751
-0.0289532
-0.0235953
-0.0183003
-0.0132011
-0.00824369
-0.00269416
0.00329307
0.00855884
0.0118322
0.0126055
0.0107953
0.00743372
0.00388418
3.96953E-4
-0.00353056
-0.00797938
-0.0126333
-0.01598
-0.0165614
-0.0134975
-0.00643948
0.00379231
0.0153813
0.0258163
0.0325192
0.033903
0.0296543
0.0206201
0.00851713
-0.00428939
-0.0154978
-0.0231824
-0.0268849
-0.027719
-0.0273047
-0.026822
-0.0266373
-0.0268177
-0.0272694
-0.0272496
-0.0263793
-0.0250832
-0.0235595
-0.021503
-0.0176542
-0.0112722
-0.00238776
0.00879231
0.021099
0.0324346
0.0417319
0.0494341
0.0558267
0.0604601
0.0625946
0.0619864
0.058481
0.0520169
0.0430081
0.0321558
0.0201298
0.00700319
-0.00711604
-0.0207553
-0.0315993
-0.037559
-0.0377248
-0.0328357
-0.0239854
-0.0123341
5.13645E-4
0.01331
0.024629
0.0324911
0.0352718
0.0328318
0.0262171
0.0172607
0.00801938
2.81355E-4
-0.00512072
-0.00832225
-0.00952054
-0.00860008
-0.00553453
-7.09458E-4
0.00470174
0.00874297
0.00978819
0.00783916
0.00396953
1.7418E-5
-0.00220437
-0.00223754
-4.32806E-4
0.00259691
0.00586427
0.00831459
0.00928607
0.00826265
0.00456128
-0.00199884
-0.0107728
-0.020435
-0.0289752
-0.0337825
-0.0334475
-0.0287797
-0.021172
-0.0119199
-0.00293718
0.00391172
0.00813773
0.0104462
0.0112414
0.0106833
0.00943279
0.00861492
0.00946891
0.0124413
0.0166651
0.0204875
0.0221125
0.0200893
0.0146135
0.00742691
9.64126E-4
-0.0026559
-0.0028542
-7.09389E-4
0.0018184
0.00287859
0.0017697
-9.48306E-4
-0.00387178
-0.00543866
-0.00509043
-0.0036948
-0.00332544
-0.00629752
-0.0133794
-0.0244365
-0.0382659
-0.0514887
-0.0610581
-0.0651099
-0.0628915
-0.0552983
-0.0442632
-0.0317077
-0.0189394
-0.00735119
0.00148007
0.00671773
0.00839946
0.00791519
0.00787575
0.0108163
0.0173306
0.0264109
0.0366595
0.0468457
0.0563722
0.0641271
0.0686387
0.0699056
0.0683348
0.0637452
0.0557955
0.0449162
0.031671
0.0176429
0.00503312
-0.00481408
-0.0113093
-0.0143611
-0.0141617
-0.0119349
-0.00911197
-0.00660511
-0.00450496
-0.00292566
-0.00149514
-4.64708E-4
-2.56263E-4
-0.00137105
-0.00315137
-0.00444403
-0.00426214
-0.00181986
0.00276035
0.00790487
0.0122159
0.0147935
0.0151014
0.0134447
0.0103734
0.00632811
0.00139048
-0.00448322
-0.0111326
-0.0186036
-0.0274058
-0.0372437
-0.0478512
-0.0585793
-0.0678639
-0.0745789
-0.0780817
-0.0776876
-0.0735369
-0.0668393
-0.0585407
-0.0490875
-0.0391921
-0.030228
-0.0230354
-0.0181236
-0.0156523
-0.0151792
-0.0155672
-0.015976
-0.0162996
-0.0166276
-0.0166856
-0.015519
-0.0119669
-0.00532077
0.00406042
0.0148825
0.0254511
0.034034
0.0391732
0.0401514
0.0370336
0.0310793
0.0245509
0.0197526
0.0181081
0.0197579
0.0240326
0.0290606
0.03199
0.0305517
0.0238971
0.013347
0.00232141
-0.00583699
-0.0094594
-0.00866523
-0.0052159
-0.00177757
5.94413E-5
4.71353E-4
4.56456E-4
0.00130192
0.00353518
0.00697627
0.0107511
0.0134065
0.0139479
0.012289
0.00963822
0.00787269
0.00829981
0.0115658
0.0178017
0.0258939
0.0339263
0.0398468
0.0420778
0.0400193
0.033829
0.024243
0.0131876
0.00215387
-0.00760159
-0.0152995
-0.0203822
-0.0222201
-0.0211156
-0.017962
-0.013427
-0.00831563
-0.00312231
0.00208185
0.00712023
0.0114406
0.0141415
0.0148589
0.014216
0.0133399
0.0132901
0.0139125
0.014612
0.0140912
0.0113591
0.00619368
-0.00103188
-0.00897728
-0.0162375
-0.021434
-0.0234991
-0.022079
-0.017365
-0.00973639
-5.60442E-4
0.00806328
0.014173
0.0176525
0.0180938
0.0157262
0.0113968
0.00703813
0.00491258
0.00563222
0.00844905
0.0126423
0.0169352
0.0201716
0.0220244
0.0214434
0.0176143
0.0107243
0.00176835
-0.00713288
-0.0133757
-0.0146977
-0.0107497
-0.00268499
0.00770696
0.0181476
0.0264792
0.0311067
0.0320479
0.0302541
0.0267544
0.0224206
0.0179112
0.0129753
0.00772916
0.00227745
-0.00352815
-0.00950717
-0.0148086
-0.0187006
-0.0211004
-0.0223881
-0.0229611
-0.0233102
-0.0238767
-0.0243824
-0.0239035
-0.0221709
-0.0195971
-0.0161127
-0.0122552
-0.00918254
-0.00769068
-0.00765846
-0.00883938
-0.0109745
-0.0135248
-0.0160458
-0.0183675
-0.0207989
-0.0236281
-0.0267747
-0.0298045
-0.0326206
-0.0351778
-0.0370716
-0.0377742
-0.037025
-0.0350402
-0.0322881
-0.0295153
-0.0275392
-0.0270904
-0.0285004
-0.0308971
-0.0323829
-0.0311557
-0.0264058
-0.0185202
-0.00915828
-4.22673E-4
0.00595749
0.00906662
0.00910797
0.00650986
0.00224763
-0.00211441
-0.0052239
-0.00601832
-0.00448433
-0.00188834
3.05613E-4
0.00135116
0.00109402
-3.2048E-4
-0.00250122
-0.00470887
-0.00590951
-0.00571098
-0.00437986
-0.00241458
-3.32912E-4
0.00153971
0.00325295
0.00508305
0.00739352
0.010448
0.014219
0.0177704
0.0202581
0.0219187
0.0234297
0.0252734
0.027573
0.0298631
0.0315501
0.0324227
0.0327964
0.0330557
0.0337017
0.0349663
0.0363796
0.0371409
0.0365752
0.0347475
0.0320947
0.0286595
0.0243332
0.0187877
0.011996
0.00454884
-0.00276643
-0.00937307
-0.0145917
-0.0177649
-0.0186795
-0.0180543
-0.0170216
-0.0166101
-0.0172318
-0.0192118
-0.0219482
-0.0247979
-0.0272689
-0.0294551
-0.0315188
-0.0329204
-0.0330591
-0.0313164
-0.0277022
-0.0227557
-0.016549
-0.00914618
-8.81889E-4
0.00803472
0.01698
0.0247087
0.0298951
0.0320563
0.0317234
0.0302321
0.0286945
0.0279055
0.0279169
0.0285214
0.0287789
0.0279259
0.0255228
0.0211024
0.0151507
0.00881538
0.00355898
4.98004E-5
-0.00229883
-0.00368045
-0.00450388
-0.00500496
-0.00481217
-0.00413158
-0.00351719
-0.00316535
-0.00300108
-0.00222044
-9.72762E-4
2.8632E-4
0.00150815
0.002285
0.00188143
3.8536E-5
-0.00319833
-0.00754907
-0.012266
-0.0159639
-0.0176654
-0.0172583
-0.0147088
-0.0103094
-0.00476124
0.00127295
0.00749866
0.0136013
0.0191421
0.0229759
0.0242736
0.022897
0.0196012
0.0151025
0.0101195
0.00566815
0.00305435
0.00246498
0.00329443
0.00414835
0.00317199
4.01578E-5
-0.00458965
-0.0094898
-0.0134571
-0.0159547
-0.0166151
-0.0152992
-0.0125182
-0.00938212
-0.00666385
-0.00466471
-0.00316718
-0.00184845
-8.47624E-4
9.17653E-5
0.00117683
0.00200038
0.00185892
1.204E-4
-0.00329193
-0.00762433
-0.0115489
-0.0137939
-0.0134719
-0.0106122
-0.00608385
-8.55048E-4
0.00423712
0.00857815
0.011989
0.0142578
0.0152216
0.0153904
0.01534
0.0150931
0.014554
0.0137475
0.0126737
0.0111671
0.0090904
0.00611457
0.00187323
-0.00350874
-0.00956526
-0.0157507
-0.0215778
-0.0264467
-0.0294209
-0.0300614
-0.0286492
-0.0261058
-0.0226059
-0.017956
-0.0119177
-0.00445929
0.00365791
0.0111311
0.0165392
0.0191218
0.0193247
0.0186819
0.0183676
0.0183215
0.0180572
0.0173382
0.0163348
0.015597
0.0153856
0.0151965
0.0142095
0.0122357
0.0100811
0.00785091
0.00520385
0.00219354
-8.94971E-4
-0.00315215
-0.00440225
-0.00499042
-0.00544297
-0.00599937
-0.00606189
-0.00598062
-0.00577116
-0.00574158
-0.00636938
-0.00748121
-0.00773859
-0.00650377
-0.00388352
-2.57576E-4
0.00322256
0.00575887
0.00711294
0.00736909
0.00631959
0.00426848
0.00202773
3.71001E-4
-4.27101E-4
-6.42773E-4
-2.13491E-4
8.47023E-4
0.00260576
0.00546004
0.00928473
0.0132721
0.0165718
0.0187603
0.0193971
0.0187503
0.0171932
0.0145834
0.0104979
0.00493376
-0.00110908
-0.00710257
-0.012968
-0.0187486
-0.0245886
-0.0301578
-0.0353026
-0.0401794
-0.0444341
-0.0477623
-0.0501408
-0.0514
-0.0511491
-0.0497626
-0.0479999
-0.0459639
-0.0434045
-0.0401164
-0.0358956
-0.0306056
-0.0244547
-0.0177933
-0.0113038
-0.00580381
-0.00208266
-7.12177E-4
-0.00174214
-0.00460243
-0.00802166
-0.0104509
-0.0110758
-0.00990865
-0.0071829
-0.00318947
0.00143473
0.00628003
0.0112788
0.0163773
0.0212045
0.025544
0.029375
0.0324328
0.034289
0.0346859
0.0335127
0.0307521
0.0270897
0.0237028
0.0211306
0.0191847
0.0175229
0.0161772
0.0153233
0.0151404
0.0156348
0.0163613
0.0162252
0.0147721
0.0125216
0.0102069
0.00837445
0.00732419
0.00689834
0.00667912
0.00620584
0.00498996
0.00281048
1.62831E-4
-0.00210245
-0.00374007
-0.00514097
-0.00644132
-0.00771557
-0.00896256
-0.00984247
-0.0103194
-0.0104163
-0.00974461
-0.00836098
-0.00667279
-0.00490659
-0.00352185
-0.00282601
-0.00256566
-0.00225116
-0.00135332
4.20323E-4
0.00308708
0.00600694
0.00877257
0.0117472
0.0147214
0.0170703
0.0183139
0.0178642
0.0157447
0.012017
0.00768642
0.00408241
0.00217186
0.00224481
0.00380684
0.00575105
0.0073245
0.00799516
0.00776178
0.00738907
0.00709855
0.00642007
0.00509357
0.00332236
0.00148638
-2.77239E-5
-4.48677E-4
8.55133E-4
0.00396592
0.00799075
0.01183
0.0151244
0.017286
0.0182151
0.0180398
0.0169732
0.0154808
0.0135906
0.0112581
0.00841417
0.0053861
0.00231581
-8.26379E-4
-0.00398256
-0.00711562
-0.0103967
-0.0137368
-0.0171944
-0.020067
-0.0216706
-0.0221125
-0.0214778
-0.0203802
-0.0197888
-0.0201231
-0.0215243
-0.0241739
-0.0276769
-0.030855
-0.0333002
-0.0345702
-0.0344269
-0.0332321
-0.0316526
-0.029797
-0.0275737
-0.0247542
-0.0214528
-0.0183022
-0.0158561
-0.0142638
-0.013047
-0.0115236
-0.0091863
-0.00578663
-0.00175575
0.00219131
0.00619308
0.00992027
0.0128384
0.0147601
0.0162382
0.0179109
0.0192698
0.0202664
0.0208129
0.0205734
0.0201424
0.0193831
0.0183023
0.0169575
0.0159337
0.0154783
0.015147
0.014673
0.0139854
0.0128316
0.0107854
0.00757722
0.0035064
-7.2939E-4
-0.00461825
-0.00736099
-0.00835558
-0.00796679
-0.0070578
-0.00600355
-0.00539547
-0.00572656
-0.00731407
-0.0100977
-0.0133379
-0.0167385
-0.0195173
-0.0208329
-0.0201031
-0.018012
-0.0151458
-0.0120094
-0.00817706
-0.0034
0.00230217
0.00887677
0.0159289
0.0221691
0.0261757
0.028445
0.0292963
0.0295758
0.0305971
0.0323521
0.0340847
0.0352832
0.0355421
0.034265
0.0315377
0.0285111
0.0257723
0.0232246
0.0210195
0.0192762
0.0178355
0.0165361
0.0158735
0.0156075
0.0149898
0.0145131
0.0141258
0.0133693
0.0125022
0.0112766
0.00931953
0.00685079
0.00391128
6.08307E-4
-0.00278424
-0.00569982
-0.00782115
-0.00900636
-0.00944222
-0.00956607
-0.00971087
-0.00998199
-0.0106876
-0.0126033
-0.0162149
-0.0210151
-0.0260461
-0.0305891
-0.0338561
-0.0355989
-0.0364657
-0.0367852
-0.0366941
-0.0360344
-0.0347151
-0.0329603
-0.0310971
-0.0292831
-0.0269215
-0.0235393
-0.0198486
-0.0163206
-0.0132898
-0.0111983
-0.00973379
-0.00819818
-0.00666112
-0.00479521
-0.00257176
-1.39274E-4
0.00213918
0.00385459
0.00439507
0.00328255
0.001309
-4.84908E-4
-0.00131256
-7.89656E-4
7.18981E-4
0.00215734
0.00280486
0.00274413
0.00173687
-5.86025E-4
-0.00388307
-0.00708089
-0.00908653
-0.00908286
-0.00729962
-0.00448306
-9.42949E-4
0.00334067
0.00825881
0.013365
0.0179325
0.0212353
0.0237306
0.0259533
0.0281015
0.0300799
0.0310311
0.0304417
0.0281916
0.0245098
0.0190951
0.0110324
0.00138458
-0.00817209
-0.0162295
-0.0213124
-0.0231716
-0.0226802
-0.0205439
-0.0180065
-0.0156167
-0.0135718
-0.0118955
-0.0100609
-0.008342
-0.00637205
-0.00444003
-0.00244037
-3.16421E-4
0.00193989
0.00407747
0.00543854
0.00582596
0.00562098
0.00462377
0.0030613
0.00154521
6.63679E-4
2.78616E-4
1.2441E-4
-1.74045E-4
-9.29807E-4
-0.00198132
-0.00272947
-0.00304936
-0.00267641
-0.00137481
7.71564E-4
0.00384023
0.007532
0.011021
0.0137364
0.015768
0.017164
0.0183201
0.0190234
0.0185115
0.017125
0.0153376
0.0136967
0.0119382
0.00983727
0.00739288
0.00491773
0.00290633
0.0020332
0.0022411
0.00335867
0.00562846
0.00876332
0.012305
0.0157322
0.0187563
0.021053
0.0220517
0.0220694
0.0216143
0.0206635
0.0190672
0.0167155
0.0133906
0.00869697
0.00234698
-0.00475415
-0.0111746
-0.0165264
-0.020653
-0.0232438
-0.0243166
-0.0245961
-0.0236814
-0.0219171
-0.0196451
-0.0174873
-0.0161074
-0.0151085
-0.0141158
-0.0131588
-0.0126154
-0.0124699
-0.0122801
-0.0113074
-0.0093486
-0.00651925
-0.00289216
0.00132542
0.00570357
0.00960286
0.0126502
0.0144704
0.0154859
0.0159028
0.0161668
0.0163488
0.0165431
0.0165903
0.0160492
0.0151683
0.0139588
0.0124029
0.0105987
0.00850704
0.00649775
0.00468679
0.00287123
6.36617E-4
-0.00191061
-0.00456975
-0.00731071
-0.0100725
-0.0127307
-0.0149501
-0.016725
-0.0179331
-0.0182572
-0.0179207
-0.0172795
-0.0166696
-0.0156105
-0.0141468
-0.0123738
-0.0106665
-0.00906772
-0.00767218
-0.00631738
-0.00476663
-0.00294588
-0.0010672
6.86211E-4
0.00166397
0.00117653
-7.19447E-4
-0.0037752
-0.00747834
-0.0110149
-0.0138046
-0.0158838
-0.0170657
-0.0172343
-0.0169773
-0.0167218
-0.0166403
-0.0166096
-0.0165592
-0.0166535
-0.0166367
-0.0161962
-0.015342
-0.0143272
-0.0139139
-0.0146407
-0.0159678
-0.0175795
-0.01982
-0.022218
-0.0237417
-0.0240335
-0.0234785
-0.0225027
-0.021422
-0.0203753
-0.0191423
-0.0171921
-0.0140738
-0.00985587
-0.00514406
-7.78634E-4
0.00266105
0.00484781
0.00569581
0.00547964
0.00497109
0.00468623
0.00451683
0.00439989
0.00452569
0.00495552
0.00580499
0.00756953
0.0104174
0.0137245
0.0167919
0.0189405
0.0199764
0.020262
0.0201506
0.0196984
0.0189882
0.0183188
0.0178658
0.0176053
0.017799
0.0186546
0.019831
0.0210989
0.0221298
0.022415
0.0217105
0.020344
0.0188184
0.0174768
0.0165524
0.0159862
0.0153546
0.0142143
0.0125621
0.0109044
0.00963362
0.00879834
0.00875555
0.0094788
0.0105203
0.0115229
0.0120003
0.0118055
0.0113739
0.0112017
0.0112234
0.0112525
0.0113121
0.0112503
0.0112015
0.0118164
0.013334
0.0154718
0.0178672
0.0202754
0.0227035
0.0246563
0.0256312
0.0257257
0.0249586
0.0232195
0.0203138
0.0163362
0.0116207
0.00675079
0.00244775
-9.00681E-4
-0.00312489
-0.00439794
-0.00527655
-0.00613497
-0.00723068
-0.00862009
-0.0100935
-0.0113037
-0.0119117
-0.0119181
-0.01164
-0.0115167
-0.0119576
-0.0130883
-0.0148692
-0.0171497
-0.0197005
-0.0220771
-0.0239886
-0.0253448
-0.0259277
-0.0255655
-0.024482
-0.0228304
-0.0203992
-0.0174846
-0.0149394
-0.0127971
-0.0111418
-0.0101227
-0.00959102
-0.00957081
-0.00993541
-0.0101198
-0.00970697
-0.00850053
-0.00661499
-0.00433126
-0.00234254
-8.08543E-4
-5.03385E-5
-1.57845E-4
-8.17801E-4
-0.00174262
-0.00222316
-0.00180824
-8.70503E-4
1.823E-5
0.00108667
0.00208314
0.00276075
0.00361359
0.00453812
0.00518422
0.00605794
0.00729257
0.00866208
0.0101299
0.0114851
0.0125163
0.013453
0.0139531
0.0136841
0.0127681
0.0112483
0.00901565
0.00649537
0.0040173
0.00186887
1.87848E-4
-8.5384E-4
-0.00124955
-0.00130596
-0.00127684
-6.58299E-4
3.15971E-4
8.56704E-4
8.45335E-4
5.02932E-4
4.80017E-4
4.5329E-4
1.74707E-4
5.00211E-4
0.00131799
0.0018516
0.00249353
0.00312283
0.00292888
0.00172073
-6.17456E-5
-0.00220943
-0.00427718
-0.00586236
-0.00699574
-0.00758492
-0.00761827
-0.00704452
-0.00589117
-0.00483258
-0.00469352
-0.00595252
-0.00790976
-0.00990804
-0.0111588
-0.0115272
-0.0110089
-0.00957721
-0.00752865
-0.00499856
-0.00173727
0.00225988
0.0063609
0.0103775
0.0138335
0.0160533
0.0171584
0.017427
0.0168757
0.0155398
0.0132258
0.0100805
0.00651728
0.00330956
9.27346E-4
-2.09138E-4
-3.27498E-4
3.43771E-4
0.00123396
0.0020806
0.00269912
0.00272814
0.00226147
0.00158208
9.34793E-4
-1.48412E-4
-0.00187461
-0.0041232
-0.0069273
-0.00999451
-0.0128554
-0.015287
-0.0173768
-0.0192788
-0.0209148
-0.0220118
-0.0223216
-0.0214033
-0.0194583
-0.0172717
-0.0154646
-0.0143133
-0.0138721
-0.0140495
-0.0145614
-0.0150775
-0.0152492
-0.0150437
-0.0146469
-0.0140629
-0.0132829
-0.0120959
-0.0100324
-0.00705457
-0.00369362
-7.27128E-4
0.00117767
0.00212181
0.00234817
0.00204173
0.00154879
0.0010702
6.74403E-4
3.16261E-4
9.22524E-5
1.37639E-4
3.59861E-4
5.02402E-4
1.90538E-4
-6.53239E-4
-0.0020254
-0.00349915
-0.00454464
-0.00478685
-0.00412279
-0.00236592
3.52224E-4
0.00351435
0.0068552
0.00997073
0.0125809
0.0147763
0.016694
0.0180928
0.0187164
0.0190496
0.0190807
0.0183047
0.0166745
0.0142056
0.0114789
0.00915339
0.0073742
0.00628256
0.00614823
0.00650543
0.00663796
0.00603183
0.00493236
0.00370587
0.0024196
0.001494
0.00114421
0.00119321
9.27109E-4
3.69298E-6
-0.00134768
-0.00239808
-0.00239176
-9.98944E-4
0.00117629
0.00343355
0.00506194
0.00582986
0.00600017
0.00554026
0.00472881
0.00350801
0.00188528
1.9393E-4
-0.00160675
-0.00365937
-0.00565792
-0.00744772
-0.00923297
-0.0111213
-0.013049
-0.014881
-0.0164448
-0.0174957
-0.0177489
-0.0171225
-0.0159373
-0.0146041
-0.0133791
-0.0122817
-0.0108449
-0.00885482
-0.00669984
-0.00438772
-0.0016777
0.00181701
0.00634498
0.0115584
0.0163952
0.0196816
0.0211138
0.0209948
0.0197359
0.0179203
0.0158939
0.0138767
0.012331
0.0114787
0.011366
0.0122592
0.0140133
0.0160967
0.0180437
0.0195779
0.0204708
0.02065
0.0199755
0.0183652
0.0159677
0.0129822
0.0096737
0.00637841
0.00332169
6.74633E-4
-0.00139949
-0.00295318
-0.00422495
-0.0053133
-0.00601094
-0.00614872
-0.00585139
-0.00520698
-0.00482573
-0.00497183
-0.00568246
-0.00704718
-0.00852108
-0.00927997
-0.00909839
-0.0082305
-0.0067163
-0.00518111
-0.00432012
-0.00410819
-0.00449437
-0.00533479
-0.00665665
-0.00811791
-0.00891744
-0.00872573
-0.00725023
-0.00459488
-0.001482
0.00150754
0.00411092
0.00642099
0.00825836
0.00985433
0.011252
0.0123229
0.0133011
0.0145191
0.0154689
0.0154954
0.0143696
0.0123498
0.00975992
0.00734554
0.00582867
0.0049108
0.00412873
0.00310865
0.0016129
-4.42166E-4
-0.00301293
-0.00576009
-0.00837401
-0.0104292
-0.0114676
-0.010935
-0.00910574
-0.00666774
-0.00407657
-0.00157632
5.1201E-4
0.00222539
0.00315087
0.00276049
0.00131713
-5.18897E-4
-0.0021822
-0.00325655
-0.00384781
-0.00450154
-0.00552147
-0.00685581
-0.0086365
-0.0107878
-0.013061
-0.0153814
-0.0173499
-0.0187512
-0.0196872
-0.0200309
-0.0195899
-0.0181365
-0.0155467
-0.0121932
-0.00886374
-0.00621525
-0.00412988
-0.0024129
-0.00124395
-4.41525E-4
4.85297E-4
0.00193031
0.00362495
0.00519127
0.00682115
0.00832055
0.0095068
0.0103692
0.010657
0.010127
0.00859932
0.0063646
0.00411638
0.0022933
9.07657E-4
-4.49818E-5
-3.18341E-4
2.76277E-5
4.7664E-4
6.46156E-4
3.87481E-4
-2.63869E-4
-0.00103476
-0.00172818
-0.0021327
-0.00216491
-0.0019797
-0.00149561
-5.26494E-4
7.48209E-4
0.00225995
0.0041043
0.00655406
0.00966155
0.0128837
0.015561
0.0174201
0.0184613
0.0184592
0.0174145
0.0156537
0.0137132
0.0117538
0.00984941
0.00815412
0.00665196
0.00539818
0.00446146
0.00371939
0.00293057
0.00186496
6.14947E-4
-8.24387E-4
-0.00241964
-0.00403598
-0.00561271
-0.00713041
-0.00839813
-0.00922502
-0.00987204
-0.0106661
-0.0113782
-0.0118935
-0.0118315
-0.0113318
-0.0110053
-0.0107047
-0.01035
-0.0103563
-0.0106436
-0.0111055
-0.0115726
-0.0122469
-0.0129312
-0.0134644
-0.013945
-0.0140966
-0.0137756
-0.0131323
-0.0124196
-0.0118627
-0.0117129
-0.0118079
-0.0120447
-0.0124828
-0.012998
-0.0135121
-0.0140656
-0.0149771
-0.0163342
-0.0178343
-0.0188517
-0.0190804
-0.0184675
-0.0172464
-0.0157352
-0.0140047
-0.0122872
-0.0107303
-0.00881762
-0.00679313
-0.0050526
-0.00309527
-5.80444E-4
0.00182737
0.00406597
0.00647926
0.0091472
0.0119644
0.014905
0.0174286
0.019202
0.0199464
0.0195863
0.0182471
0.0160746
0.0137664
0.0122227
0.0117829
0.0124764
0.0135122
0.0141976
0.0142561
0.0136585
0.0124695
0.0109447
0.00978898
0.00957012
0.0100547
0.0110025
0.0119377
0.0128269
0.0136776
0.0139021
0.0130653
0.011313
0.0092964
0.00745617
0.00591702
0.00520455
0.00558154
0.00623283
0.00643161
0.00607901
0.00579602
0.00543002
0.00452227
0.00343003
0.00230049
0.00103888
-3.34129E-4
-0.00170544
-0.0030014
-0.00420911
-0.00534541
-0.00641365
-0.00742508
-0.00834168
-0.00918471
-0.00964099
-0.00978982
-0.00973324
-0.00972778
-0.00973829
-0.00915498
-0.00840795
-0.00757776
-0.00629599
-0.00493253
-0.00331255
-0.00169647
-5.05126E-5
0.00206585
0.00391251
0.00547574
0.00729947
0.00947068
0.0121506
0.0152514
0.018075
0.0194391
0.0193697
0.0181899
0.0161244
0.0134108
0.00988725
0.00573455
0.00204959
-3.66473E-4
-0.00178574
-0.00248308
-0.00270045
-0.0026931
-0.0020063
-6.091E-4
9.24809E-4
0.00227386
0.00326689
0.00374036
0.00336574
0.002205
8.73554E-4
-2.47719E-4
-0.00132635
-0.00249477
-0.00376654
-0.00475285
-0.00517379
-0.00509689
-0.00480658
-0.00401815
-0.00290058
-0.00207941
-0.00153913
-0.00114648
-0.00124497
-0.00204969
-0.00359893
-0.00546583
-0.00734762
-0.00900674
-0.0101931
-0.0107221
-0.0105617
-0.0100107
-0.00936172
-0.00881562
-0.00837987
-0.00795622
-0.00748298
-0.00725978
-0.00754107
-0.00825171
-0.00934564
-0.0102836
-0.0101658
-0.00902348
-0.00710124
-0.00452422
-0.00158242
0.00136089
0.00408557
0.00604289
0.00707856
0.00744281
0.00708612
0.00581003
0.00418772
0.00285558
0.00180488
0.00111582
8.43197E-4
8.72654E-4
9.9118E-4
0.00108222
0.00111348
0.0013409
0.00205956
0.00303922
0.00392312
0.00475372
0.00547777
0.00627066
0.00737434
0.00862669
0.00973985
0.0106027
0.0110656
0.0109711
0.0104307
0.0099389
0.00976326
0.00964181
0.0090802
0.00798919
0.00682687
0.00596125
0.00542232
0.005052
0.00468695
0.00424041
0.00371724
0.00298337
0.00184299
5.433E-4
-4.17265E-4
-8.64147E-4
-0.0011896
-0.00194203
-0.0034408
-0.0056634
-0.00823488
-0.0105018
-0.0119523
-0.0125734
-0.012502
-0.0120135
-0.0114295
-0.0109303
-0.0105008
-0.0100603
-0.00955651
-0.00902637
-0.00865511
-0.00861459
-0.00877408
-0.00897881
-0.00894067
-0.00824478
-0.00661893
-0.0044737
-0.00243463
-7.79432E-4
4.0132E-4
0.00102919
0.00123258
0.00153987
0.00243924
0.00378928
0.00550411
0.0072825
0.00847396
0.00894629
0.00883795
0.00823953
0.00715345
0.00567921
0.00407488
0.00278556
0.00231848
0.00245344
0.0026607
0.00286899
0.00345504
0.00427224
0.00529697
0.00612912
0.00644226
0.00697331
0.0081591
0.00929568
0.00985076
0.00974709
0.00909447
0.00808925
0.00636862
0.00384655
0.00121906
-8.13927E-4
-0.0018911
-0.00215177
-0.00210382
-0.00212446
-0.00232224
-0.00251296
-0.00234599
-0.00194889
-0.00171848
-0.0017472
-0.00188193
-0.00172136
-0.00138569
-0.00129745
-0.00187158
-0.00313051
-0.00468899
-0.00623726
-0.00785333
-0.00941387
-0.0106372
-0.0114903
-0.0118249
-0.012022
-0.0124443
-0.0130938
-0.0138633
-0.0145336
-0.0147086
-0.0142296
-0.0137053
-0.0133351
-0.0128907
-0.0122701
-0.0114784
-0.0102896
-0.00822592
-0.00530837
-0.00173931
0.00190078
0.0049857
0.00745473
0.00890495
0.0095041
0.0096319
0.00941516
0.00904894
0.00829528
0.00734686
0.00660081
0.00615762
0.00589259
0.00565436
0.00535239
0.00499187
0.00434985
0.0035011
0.00254837
0.00168425
0.00121255
0.00137296
0.00191858
0.00229274
0.00227006
0.00168819
5.64383E-4
-5.70591E-4
-0.00144137
-0.00199516
-0.00213367
-0.00147478
2.8418E-4
0.00275338
0.00534381
0.00713121
0.00784054
0.00778305
0.00706822
0.00576475
0.00387917
0.00171676
-2.21157E-4
-0.00204726
-0.00408225
-0.0061268
-0.00778332
-0.00920946
-0.0104889
-0.0112914
-0.0113596
-0.0108261
-0.00984395
-0.00844674
-0.00697291
-0.00589819
-0.00532719
-0.00504033
-0.00476977
-0.00439944
-0.00393593
-0.00325929
-0.00218423
-9.62645E-4
3.43257E-4
0.00188597
0.00348511
0.00470904
0.0056374
0.00651057
0.00748873
0.0085173
0.00912107
0.00927454
0.00924703
0.00909015
0.008637
0.0077794
0.00669154
0.00545272
0.00417102
0.00309086
0.0022226
0.0016464
0.00123139
5.45876E-4
-5.84785E-4
-0.00182086
-0.00259571
-0.00256187
-0.00170181
-4.52489E-4
5.76233E-4
0.00109869
9.36299E-4
2.96419E-4
-4.81397E-4
-0.00128375
-0.00224868
-0.00333325
-0.00474138
-0.00652084
-0.00828953
-0.00985772
-0.0110374
-0.0117775
-0.0121032
-0.0119176
-0.0112806
-0.0105852
-0.0101847
-0.00982563
-0.00893907
-0.00758772
-0.00603418
-0.00458456
-0.00322387
-0.00180133
-6.28509E-4
1.91559E-5
1.80147E-6
-2.7988E-4
-3.86715E-4
-4.37262E-4
-4.18301E-4
-1.22326E-4
7.08745E-4
0.00202506
0.00319391
0.00388638
0.00449355
0.00538549
0.00632789
0.00729698
0.00829575
0.00899134
0.00916531
0.00897214
0.00866757
0.0084588
0.00841114
0.00877781
0.00954337
0.0101852
0.0102855
0.00995843
0.00979334
0.00993506
0.00967264
0.00931319
0.00914869
0.00937416
0.0097629
0.0104957
0.0112607
0.0113922
0.0105638
0.00855547
0.00605373
0.00389786
0.00234616
0.00153109
0.00134051
0.00142433
0.00182581
0.00265614
0.00343142
0.00405457
0.0047651
0.00532681
0.00543325
0.00518421
0.00479374
0.00477675
0.00472065
0.00463928
0.00463454
0.00446759
0.00389823
0.00303124
0.00231758
0.00219318
0.0028312
0.00418273
0.00556309
0.0066299
0.00727391
0.00725995
0.00675294
0.00605209
0.00541731
0.00489384
0.00446736
0.00427059
0.00424417
0.00405133
0.00358779
0.00267868
0.00153392
6.00818E-4
7.17283E-5
3.58244E-4
0.00144092
0.00295776
0.00473781
0.006817
0.00877712
0.0099734
0.0103939
0.0101187
0.00929217
0.00790389
0.0059886
0.00401851
0.0019651
-5.92238E-4
-0.00364132
-0.00688165
-0.00997181
-0.0127615
-0.0149728
-0.0164939
-0.0175259
-0.0181009
-0.0181567
-0.0178379
-0.0173477
-0.0165906
-0.0156326
-0.014563
-0.0135506
-0.0128889
-0.0125425
-0.0123629
-0.0123639
-0.012557
-0.0126319
-0.012433
-0.0120127
-0.0113558
-0.0104977
-0.00975961
-0.00911731
-0.00847863
-0.00814304
-0.00848988
-0.00964077
-0.0114987
-0.0136783
-0.0158177
-0.0174861
-0.0182323
-0.017931
-0.0169704
-0.015452
-0.0136032
-0.0122366
-0.0119251
-0.0124493
-0.0132166
-0.0135778
-0.0134014
-0.0129151
-0.0122418
-0.0114435
-0.0106038
-0.00976515
-0.00894402
-0.00813065
-0.00733924
-0.00676961
-0.00648449
-0.00617637
-0.00562799
-0.00483757
-0.00356797
-0.00181259
1.7117E-4
0.00247216
0.00471083
0.00656624
0.00798011
0.00879199
0.00923296
0.00963198
0.00993136
0.0100638
0.0102177
0.010562
0.0108663
0.010917
0.0107228
0.0104236
0.00999831
0.00934846
0.00855343
0.00773151
0.00710176
0.00668923
0.00621653
0.00563739
0.00498247
0.0044985
0.00433869
0.00428449
0.00401356
0.00365115
0.00332878
0.00309288
0.00309069
0.00311081
0.00319749
0.00378174
0.00478236
0.00566618
0.00631278
0.00697209
0.00741036
0.00754471
0.00727688
0.00666867
0.00603671
0.00571684
0.00553088
0.00547151
0.00589386
0.00670334
0.0073505
0.00749787
0.00725751
0.0069045
0.00664085
0.00649069
0.00625689
0.00585907
0.00565855
0.00571194
0.00577136
0.00570826
0.00552079
0.0052878
0.00499199
0.00442941
0.00376887
0.00334991
0.00320049
0.00320381
0.00319965
0.00321672
0.00348763
0.00397071
0.00462479
0.00547354
0.00620213
0.00702779
0.00785447
0.00874861
0.00938698
0.00935208
0.00881163
0.00809403
0.00755666
0.00754987
0.00806421
0.00860771
0.00920564
0.0095655
0.00929845
0.0084823
0.00711324
0.00524985
0.00287323
1.57078E-4
-0.00229965
-0.00402461
-0.00486709
-0.00500803
-0.00480568
-0.00424639
-0.00330753
-0.00215328
-9.72273E-4
1.47184E-4
0.00117399
0.00213209
0.00294673
0.00332272
0.00311681
0.00257149
0.0018813
9.69385E-4
-3.24674E-4
-0.00155764
-0.00257932
-0.00305943
-0.003337
-0.00371034
-0.00376356
-0.00391738
-0.00436232
-0.0048206
-0.00544469
-0.00642077
-0.0074
-0.00821286
-0.00908002
-0.0101116
-0.0111981
-0.0118644
-0.0122062
-0.0119617
-0.0108693
-0.00924352
-0.00747918
-0.00557003
-0.00366694
-0.00211307
-0.0012419
-0.00146636
-0.00231291
-0.00367634
-0.00570085
-0.00808876
-0.0101701
-0.0115224
-0.0123323
-0.0129009
-0.0128397
-0.0120764
-0.0111589
-0.00971857
-0.00809216
-0.00666194
-0.00562358
-0.00478237
-0.00435688
-0.00440754
-0.00445513
-0.00433382
-0.00401478
-0.00365005
-0.00334798
-0.00383225
-0.0047947
-0.00567134
-0.00644688
-0.00715173
-0.00754186
-0.00771583
-0.00774462
-0.00745169
-0.00696979
-0.00671294
-0.00670948
-0.00649153
-0.00599943
-0.00464271
-0.00287008
-0.00121979
2.93588E-4
0.00203963
0.00362178
0.00476437
0.00544028
0.00560142
0.00516525
0.004508
0.00416105
0.00482364
0.00609619
0.00759287
0.00883282
0.00981459
0.0105732
0.0110321
0.0116155
0.011995
0.0122547
0.0122502
0.0115807
0.0101011
0.00855097
0.00719603
0.00620629
0.0053276
0.00449326
0.00356762
0.00269427
0.00251123
0.00286935
0.00315887
0.0028248
0.00198402
9.69332E-4
1.2732E-4
-1.98857E-4
-5.01545E-4
-5.45076E-4
8.15437E-5
0.00127862
0.00263934
0.00421186
0.00542528
0.00608519
0.00593548
0.00542803
0.00448985
0.0032339
0.00201496
3.78118E-4
-0.00151548
-0.00359415
-0.00552637
-0.00730272
-0.00885238
-0.00965377
-0.00991409
-0.00986865
-0.00953924
-0.00903397
-0.00814401
-0.00676001
-0.0054105
-0.00455916
-0.00418035
-0.0040151
-0.00416671
-0.00476079
-0.00563945
-0.00656876
-0.00738543
-0.00773951
-0.0077916
-0.00766978
-0.00727374
-0.00669528
-0.00602136
-0.00501028
-0.00352692
-0.00179634
-3.67762E-4
6.92655E-4
0.00148863
0.00194035
0.00251722
0.0031262
0.00327558
0.00300543
0.002773
0.00275648
0.0029704
0.00337909
0.00436172
0.00563558
0.00703239
0.0082533
0.00934188
0.010126
0.0103759
0.0105659
0.011014
0.0115669
0.0123313
0.0129366
0.0128836
0.0123067
0.0115256
0.0108416
0.01031
0.00995794
0.00996123
0.0103488
0.0106718
0.010868
0.0110548
0.0110206
0.0105848
0.0097991
0.00863207
0.00742787
0.00644597
0.00546052
0.00450207
0.00377861
0.00335952
0.00346338
0.00400345
0.00438793
0.00421662
0.00364032
0.00294583
0.00229908
0.0014778
5.39778E-4
-5.01369E-4
-0.00148799
-0.00240756
-0.00322519
-0.00403731
-0.00471951
-0.00508142
-0.00526176
-0.00553306
-0.00563552
-0.00544569
-0.00523875
-0.00513258
-0.00515784
-0.00529534
-0.00570741
-0.00619277
-0.00653348
-0.00689744
-0.0071349
-0.00675518
-0.00575185
-0.00466455
-0.00365174
-0.00273433
-0.00228386
-0.00258078
-0.00333948
-0.00430367
-0.00548145
-0.00673007
-0.00791548
-0.0089766
-0.00981742
-0.0103105
-0.0105674
-0.010433
-0.00972631
-0.00866114
-0.00751921
-0.00664281
-0.00633307
-0.00657462
-0.00704565
-0.0074618
-0.00758534
-0.00744839
-0.00738795
-0.00750057
-0.00775887
-0.00786104
-0.00747706
-0.00641106
-0.00496429
-0.0037715
-0.00286732
-0.00165109
-4.04171E-5
0.00147589
0.00236684
0.00255378
0.0023576
0.00200924
0.00153119
9.9138E-4
4.03406E-4
-1.79403E-4
-7.51829E-4
-0.00129336
-0.00195216
-0.00286201
-0.00391371
-0.00494529
-0.00585567
-0.00651652
-0.00681257
-0.0070089
-0.00726805
-0.00732447
-0.00697757
-0.00618846
-0.00500518
-0.0035544
-0.00186634
-1.2938E-4
0.00179975
0.00387211
0.00563035
0.00703262
0.00816346
0.0092238
0.00997967
0.0101589
0.0100512
0.0102075
0.0107529
0.0114562
0.0122608
0.0130193
0.0137149
0.0140435
0.0138973
0.0136143
0.0131149
0.0121694
0.0108916
0.00935834
0.00762207
0.00597113
0.00467235
0.00367347
0.00282918
0.00200604
0.00115338
1.52573E-4
-9.4397E-4
-0.00184915
-0.00255674
-0.0031023
-0.00358288
-0.00390098
-0.00395936
-0.00396398
-0.00418634
-0.00446504
-0.00454228
-0.00452048
-0.00464635
-0.00480053
-0.00478182
-0.0045724
-0.00425396
-0.00392125
-0.00361356
-0.00334572
-0.00310991
-0.00288554
-0.00265991
-0.00243181
-0.0022091
-0.00199738
-0.00180996
-0.00164437
-0.00134287
-7.41491E-4
-9.21155E-5
3.05024E-4
4.28326E-4
4.16191E-4
4.22422E-4
6.50788E-4
0.00135813
0.00238533
0.00316016
0.00338402
0.00319693
0.00276567
0.00215317
0.00150833
8.7546E-4
4.03652E-4
2.23893E-4
1.23503E-4
-1.72923E-4
-5.33523E-4
-5.71546E-4
-1.21567E-4
5.01473E-4
0.00103613
0.00156024
0.00195894
0.00224829
0.00262404
0.00300499
0.00344795
0.00425923
0.00531673
0.00644925
0.00745199
0.00831516
0.00892118
0.00920215
0.00910332
0.00851602
0.00750285
0.00631256
0.00513652
0.00406965
0.0030954
0.00231227
0.00183315
0.00155696
0.00135591
0.00113071
8.77149E-4
6.06205E-4
3.43679E-4
1.07685E-4
-8.57079E-5
-2.56244E-4
-4.16499E-4
-5.8088E-4
-7.44331E-4
-8.89009E-4
-7.39423E-4
-3.02114E-5
7.57294E-4
0.00105439
8.56869E-4
5.61421E-4
4.55932E-4
2.43747E-4
-1.51603E-4
-5.67712E-4
-0.00104038
-0.00169169
-0.00246898
-0.00328903
-0.00388931
-0.00409071
-0.00374878
-0.0027756
-0.00177932
-0.00107853
-3.82704E-4
1.81605E-5
-2.7554E-4
-0.00106957
-0.00203394
-0.00290547
-0.00377661
-0.0048419
-0.00606182
-0.00716415
-0.00789767
-0.00846819
-0.00902993
-0.00949193
-0.00986096
-0.0101546
-0.0103629
-0.0103456
-0.0100292
-0.0095296
-0.00899477
-0.00852433
-0.00831779
-0.00860899
-0.00953582
-0.0108854
-0.0121136
-0.0128908
-0.0130701
-0.0126397
-0.0118396
-0.0111656
-0.0108277
-0.0103243
-0.00930995
-0.00786659
-0.00630147
-0.00465871
-0.00295716
-0.00121964
4.7297E-4
0.0020902
0.00379937
0.00547704
0.00697819
0.008249
0.00915445
0.00947587
0.00929762
0.0087102
0.00810387
0.00769699
0.00732833
0.00716856
0.00734246
0.00754466
0.0075276
0.00727917
0.00694505
0.00664074
0.00642843
0.00645337
0.00672657
0.00693597
0.0071027
0.0072858
0.00714056
0.0065078
0.00575758
0.00501915
0.00450921
0.00444143
0.00480114
0.00532719
0.00602465
0.00685806
0.00777666
0.00866762
0.00950084
0.0102212
0.0106677
0.0109844
0.0111676
0.0110153
0.0106695
0.0101477
0.00930292
0.00831759
0.00743395
0.00671504
0.00588887
0.00461971
0.00291508
0.00103184
-7.68686E-4
-0.00255747
-0.00442329
-0.00617153
-0.00763973
-0.00883853
-0.00966519
-0.00995226
-0.00977567
-0.00938054
-0.00879666
-0.00804147
-0.00716157
-0.00607084
-0.00497811
-0.0042569
-0.00398471
-0.00379045
-0.00359157
-0.00362174
-0.00399974
-0.00480601
-0.00572547
-0.00645165
-0.00690102
-0.00719761
-0.00746796
-0.00758859
-0.00745401
-0.00713591
-0.00675144
-0.00616449
-0.00515054
-0.00395932
-0.00308489
-0.002523
-0.0020372
-0.00184149
-0.00205628
-0.00256915
-0.00334974
-0.00433233
-0.00537635
-0.00616639
-0.00638784
-0.00629004
-0.00620664
-0.00591585
-0.00523435
-0.00441648
-0.00334028
-0.00198238
-8.48671E-4
-5.73548E-5
7.84724E-4
0.00173142
0.00243532
0.00271051
0.00269283
0.00259803
0.0025442
0.00233704
0.00190622
0.00132386
7.19804E-4
1.57126E-4
-3.35259E-4
-7.71215E-4
-0.00116384
-0.00134251
-0.00122521
-9.23512E-4
-5.94808E-4
-3.25941E-4
-1.1722E-4
5.47774E-5
2.21937E-4
4.09038E-4
6.11159E-4
6.20903E-4
3.52868E-4
-1.03823E-4
-5.57629E-4
-7.30319E-4
-5.54201E-4
-1.76543E-4
4.15131E-4
0.00119042
0.00205139
0.00287968
0.00343548
0.00365611
0.00369638
0.00405129
0.00500561
0.0063722
0.00818902
0.0101541
0.0116917
0.0128761
0.0141842
0.0156498
0.0168845
0.0175001
0.0174205
0.0169912
0.0162021
0.0148261
0.0129235
0.0107892
0.00870383
0.00692755
0.00572768
0.00494313
0.00414391
0.00330873
0.00249225
0.0015957
6.69888E-4
-2.45663E-4
-0.00108831
-0.00199748
-0.00314023
-0.00445278
-0.00577603
-0.00696607
-0.00787375
-0.00838995
-0.00865487
-0.00857154
-0.00795484
-0.00699269
-0.00593751
-0.00512436
-0.00471965
-0.00456838
-0.00433086
-0.0037585
-0.00321563
-0.00316116
-0.00342375
-0.00361166
-0.00356216
-0.00333235
-0.00306452
-0.00286313
-0.00288166
-0.00321242
-0.00342498
-0.00307225
-0.00240436
-0.00187077
-0.00163572
-0.0016199
-0.00178739
-0.00218038
-0.00266683
-0.00313766
-0.00339773
-0.00333618
-0.00307571
-0.00277975
-0.00253927
-0.00222568
-0.00165877
-8.9461E-4
-5.85952E-5
5.83491E-4
9.89122E-4
0.00156192
0.00254535
0.00380211
0.00492824
0.00547992
0.00539076
0.00497613
0.00454939
0.00412271
0.00351067
0.00274095
0.00190657
0.00125103
9.3849E-4
8.50525E-4
6.69025E-4
1.43016E-4
-5.96826E-4
-0.00135116
-0.00184115
-0.00194639
-0.00195474
-0.00221718
-0.00272997
-0.00332999
-0.00371936
-0.0037196
-0.00345831
-0.00314433
-0.00305397
-0.00333526
-0.00368913
-0.00377825
-0.00359094
-0.00327026
-0.00309634
-0.00325974
-0.00351861
-0.00355168
-0.00332301
-0.00295589
-0.00260605
-0.00233329
-0.00212918
-0.00193897
-0.0017433
-0.00166024
-0.00184958
-0.00222756
-0.00267652
-0.00293911
-0.00286307
-0.00254798
-0.00215683
-0.00166576
-8.17418E-4
3.15892E-4
0.00123656
0.00165984
0.00170614
0.00164147
0.00165817
0.00193296
0.00267892
0.00371444
0.00447231
0.00467774
0.00463144
0.00490669
0.0056086
0.0062339
0.00642
0.00647257
0.00693013
0.00780018
0.00886933
0.009572
0.00952143
0.00895849
0.00854542
0.00884087
0.00937885
0.00961824
0.0095603
0.00923642
0.00882581
0.00861463
0.00846111
0.0081152
0.00754034
0.00684629
0.00617677
0.00586185
0.00616201
0.00658497
0.00681611
0.00708797
0.00717713
0.00681822
0.00610588
0.00528124
0.00452387
0.00387731
0.00328449
0.0025406
0.00134367
-1.70227E-4
-0.00142443
-0.00211897
-0.0024001
-0.00242546
-0.00212471
-0.00161248
-0.00133546
-0.00150452
-0.00182642
-0.00176683
-0.00128045
-8.97958E-4
-9.8801E-4
-0.00148965
-0.00227991
-0.00343497
-0.00505837
-0.00708877
-0.00923776
-0.0111506
-0.0124319
-0.0132041
-0.0139233
-0.0146647
-0.0152593
-0.0157799
-0.0164019
-0.0171147
-0.0177082
-0.0177971
-0.0173194
-0.0165269
-0.0157212
-0.0150329
-0.0144534
-0.0138912
-0.0132994
-0.0126632
-0.0120252
-0.011403
-0.0108267
-0.0103543
-0.0102201
-0.0102846
-0.0104123
-0.0103706
-0.00996481
-0.00930951
-0.00859491
-0.00795779
-0.00741093
-0.00690853
-0.00640395
-0.0059028
-0.00548889
-0.00546067
-0.00585157
-0.00613018
-0.00592204
-0.00530137
-0.00455228
-0.00388899
-0.00337115
-0.00292708
-0.00240473
-0.00146859
-8.79187E-5
0.0011894
0.00192082
0.00210409
0.00178725
0.00141921
0.00148891
0.00222601
0.00321216
0.0039017
0.00433676
0.00515555
0.00621521
0.00690719
0.00711962
0.00701933
0.00688537
0.00683515
0.00690197
0.00731279
0.00824785
0.00914025
0.00946831
0.00891439
0.00793503
0.00723613
0.00670404
0.0062972
0.006458
0.00731112
0.00820589
0.00854875
0.00835974
0.00796904
0.00801289
0.00876217
0.00959972
0.00989636
0.00962682
0.00908698
0.008598
0.0082683
0.00806343
0.00786336
0.00761918
0.00731114
0.00699671
0.00672065
0.00699837
0.00746499
0.00743667
0.0067211
0.00565645
0.0048082
0.00409011
0.00319274
0.00223456
0.00130433
2.77731E-4
-6.0389E-4
-0.00105203
-0.00108265
-9.40667E-4
-0.00106507
-0.00148669
-0.00160237
-0.00121172
-6.53426E-4
-2.79282E-4
-1.61838E-4
-2.07596E-4
-2.31738E-4
3.70987E-5
9.39007E-4
0.0019946
0.00255597
0.0025335
0.00219893
0.00175516
0.0012007
5.98997E-4
1.19566E-4
2.26738E-4
9.66504E-4
0.00170532
0.00199532
0.00185298
0.00155705
0.00133
0.00124906
0.00125399
0.001278
0.00125582
0.00119309
0.00108419
9.92716E-4
0.00109574
0.00186238
0.00287094
0.00337972
0.00329038
0.00289411
0.00252171
0.00223263
0.00169733
7.55065E-4
-1.41749E-4
-5.92336E-4
-6.3097E-4
-4.95683E-4
-4.07175E-4
-4.23643E-4
-5.11173E-4
-5.84734E-4
-5.7818E-4
1.47794E-4
0.00129568
0.0019891
0.00204952
0.00169944
0.00133229
0.00110732
0.00104459
0.00104535
0.00166295
0.00260241
0.00309226
0.00298666
0.00255724
0.00250309
0.00310112
0.00313964
0.00227149
0.00129147
6.44704E-4
4.33941E-4
3.94781E-4
3.48824E-4
2.01297E-4
6.44252E-4
0.00146503
0.00192559
0.00186799
0.00214036
0.00279354
0.0031372
0.00299912
0.00250105
0.00195389
0.00149394
0.00115028
5.07158E-4
-3.65248E-4
-0.00140075
-0.00234356
-0.00286091
-0.00302266
-0.00305002
-0.00338315
-0.00401696
-0.00431543
-0.00433374
-0.0041796
-0.00384574
-0.00362078
-0.0036002
-0.0040179
-0.00469498
-0.00547318
-0.006137
-0.00668531
-0.00712577
-0.00757495
-0.00801734
-0.00821742
-0.00839989
-0.00864945
-0.00901539
-0.00937419
-0.00944275
-0.00945527
-0.00977349
-0.0102046
-0.0103161
-0.0102949
-0.0105197
-0.0108323
-0.0108226
-0.0106612
-0.0104824
-0.0104299
-0.0101562
-0.0094264
-0.00877548
-0.00819857
-0.00747393
-0.00700983
-0.0066224
-0.00625138
-0.00574052
-0.00517131
-0.00484966
-0.00462736
-0.00433156
-0.00388774
-0.00337116
-0.00285227
-0.0023898
-0.0019724
-0.00158401
-0.00118118
-7.63189E-4
-3.66871E-4
-2.63719E-5
2.83535E-4
6.00025E-4
9.6548E-4
0.00172936
0.00296596
0.00409117
0.00508925
0.00612435
0.0068898
0.00717376
0.00710623
0.00692843
0.00679287
0.00652723
0.0060303
0.00554409
0.00507521
0.00456145
0.00418187
0.00405139
0.00410225
0.00420435
0.00428009
0.00452785
0.00522115
0.0061338
0.00676353
0.00730919
0.00806319
0.0090624
0.0101163
0.0106928
0.010604
0.0101142
0.00977267
0.0095988
0.00924268
0.00889274
0.00879143
0.00875079
0.00874009
0.00877564
0.00867964
0.00834577
0.00785258
0.00734885
0.00731701
0.00786111
0.00833169
0.00823748
0.00764211
0.00687927
0.00620256
0.00569536
0.00528248
0.00465941
0.0035201
0.00212208
0.00102621
4.82503E-4
3.20845E-4
2.27392E-4
-1.9043E-4
-9.8409E-4
-0.00195377
-0.00284825
-0.00338061
-0.00353842
-0.00373068
-0.00439052
-0.00534443
-0.00605159
-0.00645471
-0.00693964
-0.00754751
-0.00794026
-0.00793758
-0.0076521
-0.00727435
-0.00654113
-0.00535971
-0.00408941
-0.00287851
-0.00188749
-9.68009E-4
2.31206E-5
7.44758E-4
0.00135388
0.00209046
0.00263294
0.00272335
0.00243349
0.0019983
0.00161795
0.00134163
0.00111796
8.86204E-4
4.18666E-4
-4.96476E-4
-0.0016357
-0.00266155
-0.0035664
-0.00439198
-0.00520306
-0.00620292
-0.00718462
-0.00803523
-0.00874004
-0.00917874
-0.00944427
-0.00961131
-0.00975713
-0.00975432
-0.00946911
-0.00896803
-0.00824341
-0.00712653
-0.00574972
-0.00463309
-0.00402141
-0.00349666
-0.00250582
-0.00137205
-6.26218E-4
-3.58536E-4
-3.69418E-4
-2.66258E-4
3.43676E-4
0.00136233
0.00219472
0.00248778
0.00235087
0.00209365
0.00207282
0.00248207
0.00313675
0.0038005
0.00417732
0.00414911
0.00415619
0.00468244
0.00538262
0.00569336
0.00551755
0.00494739
0.00398807
0.00272472
0.00161796
7.33233E-4
6.74954E-5
-5.57021E-4
-0.00119005
-0.00186832
-0.00249981
-0.00309138
-0.00352628
-0.00360997
-0.00344407
-0.00318381
-0.00297068
-0.00281825
-0.00270265
-0.00257085
-0.00241602
-0.0022404
-0.00206702
-0.001827
-0.00131659
-6.97875E-4
-3.08545E-4
-1.78885E-4
-2.073E-4
-2.22619E-4
-1.04653E-4
3.03471E-4
5.17115E-4
3.53348E-4
1.04046E-4
-2.27863E-5
9.58926E-5
6.08427E-4
0.00123447
0.00157135
0.00158212
0.00142233
0.00128222
0.00123095
0.00125123
0.00127601
0.00126974
0.00124459
0.00153912
0.00239004
0.0036142
0.0048869
0.00565353
0.00567734
0.00522051
0.00467987
0.00430594
0.00410196
0.00395047
0.00372825
0.00341631
0.00306442
0.00279353
0.00325663
0.00416053
0.00463419
0.00447808
0.0039502
0.00373473
0.00352665
0.00306262
0.00255809
0.00215695
0.00214315
0.00239041
0.0022518
0.00158624
8.01844E-4
-2.28863E-5
-0.00103747
-0.00201534
-0.00287388
-0.00380119
-0.0046186
-0.00502347
-0.00501828
-0.0048059
-0.00459415
-0.00446247
-0.00440931
-0.00435146
-0.00425254
-0.00412232
-0.00395992
-0.00376522
-0.00333707
-0.00273403
-0.00255343
-0.0028748
-0.00326314
-0.00339667
-0.00326214
-0.00302105
-0.00301348
-0.00333291
-0.00366752
-0.00375988
-0.00379585
-0.0039881
-0.00440212
-0.00508825
-0.00578477
-0.00627339
-0.00672463
-0.00712354
-0.00721571
-0.00692412
-0.00640829
-0.00585924
-0.00538463
-0.00497863
-0.00458377
-0.00417903
-0.00398577
-0.00425462
-0.00475392
-0.00496092
-0.00468593
-0.00409745
-0.00346539
-0.00279281
-0.00181433
-5.66327E-4
4.65748E-4
0.00104295
0.00153473
0.00248282
0.00356707
0.00423978
0.00428251
0.00377631
0.00306991
0.00242296
0.00207167
0.00210831
0.00233326
0.00242451
0.00200085
0.00120967
8.8187E-4
0.00164983
0.00289637
0.00380213
0.00424437
0.00489966
0.00573259
0.00635098
0.00694799
0.00772719
0.00850253
0.0094506
0.0102589
0.0104608
0.0102167
0.0100647
0.0100917
0.0100168
0.00974171
0.00938142
0.00927808
0.00932231
0.00935681
0.00976997
0.0102601
0.0102815
0.00980065
0.00907996
0.00839269
0.00787552
0.00753778
0.00752209
0.00757423
0.00767312
0.0076947
0.00738508
0.00683758
0.00655494
0.00687344
0.00726481
0.00717734
0.00656843
0.00539054
0.00406189
0.00310896
0.00256742
0.00190513
0.00101978
2.44653E-4
-3.10272E-4
-9.71277E-4
-0.00176828
-0.00270621
-0.00360576
-0.00410795
-0.00429832
-0.00465386
-0.00525528
-0.00573225
-0.00623276
-0.00671066
-0.00700186
-0.00705979
-0.00725441
-0.00762044
-0.00791333
-0.00821822
-0.00854785
-0.00866237
-0.00881818
-0.00908548
-0.00949664
-0.00987758
-0.0102394
-0.0107475
-0.0111783
-0.0112067
-0.0111101
-0.0110448
-0.0108732
-0.0105177
-0.0102821
-0.00995679
-0.00929582
-0.00852155
-0.00784985
-0.00735284
-0.00695978
-0.00658437
-0.0061889
-0.00597621
-0.00601083
-0.00601278
-0.00598759
-0.00604485
-0.00620841
-0.00638404
-0.00632831
-0.00595809
-0.00540006
-0.00481065
-0.00407274
-0.00293716
-0.00162105
-6.19529E-4
-1.19127E-4
5.32217E-5
1.59747E-4
3.53078E-4
6.26357E-4
7.31446E-4
3.72296E-4
-3.3195E-4
-9.98267E-4
-0.00158241
-0.00208954
-0.00227176
-0.00205244
-0.00158583
-9.56029E-4
-1.30269E-4
7.96321E-4
0.00174966
0.00252607
0.00311931
0.00388392
0.00487286
0.00569781
0.00635414
0.00723261
0.00833267
0.00954161
0.0106633
0.0116398
0.0121958
0.0121184
0.01164
0.0110577
0.010577
0.0102098
0.00988675
0.00937214
0.00853021
0.00762157
0.00685341
0.00607132
0.00537233
0.00482346
0.00409623
0.00304024
0.00210389
0.00162982
0.00157435
0.00174656
0.00216788
0.00266947
0.00320605
0.00360567
0.00366792
0.00348395
0.00321734
0.00299977
0.00284677
0.00272548
0.0025872
0.00242205
0.00223708
0.00205703
0.00188912
0.00174169
0.00168112
0.00199717
0.00273435
0.00337769
0.00358897
0.00370907
0.00414564
0.00463503
0.00478105
0.00520472
0.00580976
0.00601651
0.00604854
0.00596767
0.00568336
0.00555957
0.00557283
0.00536338
0.00455712
0.00337352
0.00239509
0.0014753
6.47016E-4
3.93116E-5
-7.02534E-4
-0.00189921
-0.00309445
-0.00415333
-0.00522595
-0.00604568
-0.00636788
-0.00633383
-0.00617
-0.0060709
-0.00606512
-0.00646455
-0.00706533
-0.00770575
-0.00816846
-0.00821688
-0.0079901
-0.00794787
-0.00820966
-0.00843248
-0.00865822
-0.00885513
-0.00884132
-0.008586
-0.00820483
-0.00782089
-0.00749486
-0.007214
-0.00691225
-0.00606736
-0.00477053
-0.00401099
-0.00405286
-0.00440498
-0.00458327
-0.00470171
-0.00484335
-0.00486882
-0.00472327
-0.00447322
-0.00421683
-0.00426682
-0.0045939
-0.00507022
-0.00548115
-0.00552543
-0.00523001
-0.00479135
-0.00464932
-0.00455944
-0.00416729
-0.00362314
-0.00311814
-0.00276256
-0.00250682
-0.00226163
-0.00144226
-1.37086E-4
9.2384E-4
0.0016531
0.0024137
0.00316059
0.00360672
0.00369892
0.00359696
0.00346504
0.00336973
0.00333587
0.0035166
0.00372128
0.00378111
0.00367413
0.00332161
0.00290616
0.00241498
0.00162988
7.15965E-4
1.04861E-4
-2.49369E-4
-7.58419E-4
-0.00143495
-0.00189739
-0.0019556
-0.00171478
-0.00139344
-0.00113363
-9.63684E-4
-8.44427E-4
-9.36071E-4
-0.00146447
-0.00218457
-0.00258528
-0.00246558
-0.00161646
-2.1169E-4
9.98009E-4
0.00195326
0.00289736
0.00382404
0.00481183
0.00570733
0.00616356
0.0061363
0.00584466
0.00552447
0.00531613
0.00561684
0.00646673
0.00738199
0.00796272
0.00819077
0.00824211
0.00810361
0.00777755
0.00735065
0.00692058
0.00651976
0.00613616
0.00573576
0.00532216
0.00477668
0.00396489
0.00311197
0.0023833
0.00165811
0.00104809
6.76512E-4
4.86635E-4
3.70074E-4
2.46749E-4
8.19127E-5
-1.00485E-4
-2.72407E-4
-4.04918E-4
-4.95789E-4
-5.73045E-4
-6.6161E-4
-6.04808E-4
-1.13259E-4
7.0148E-4
0.00130776
0.00140825
0.00111782
7.31153E-4
4.57043E-4
3.16072E-4
8.85487E-5
-3.20497E-4
-5.34121E-4
-4.70655E-4
-3.77224E-4
-3.89993E-4
-5.24589E-4
-7.08761E-4
-0.00102132
-0.00158069
-0.00217624
-0.00265555
-0.0031588
-0.00370677
-0.00430052
-0.0047365
-0.00498876
-0.00527796
-0.00553258
-0.00571806
-0.00599113
-0.0062027
-0.00616885
-0.005913
-0.00556932
-0.00523952
-0.00482525
-0.00416141
-0.00346573
-0.00300716
-0.00279362
-0.00255674
-0.00202701
-0.00140178
-0.0010024
-0.00101577
-0.00146997
-0.00196363
-0.00215151
-0.00216512
-0.00234336
-0.00274533
-0.00328186
-0.00365185
-0.00364502
-0.00335826
-0.00299099
-0.00268716
-0.0024724
-0.00229918
-0.00212427
-0.00205598
-0.0021093
-0.00191534
-0.00145039
-9.95619E-4
-6.9475E-4
-5.43167E-4
-4.44898E-4
-3.27999E-4
-1.59479E-4
1.75363E-4
7.88154E-4
0.00141128
0.00175706
0.00183606
0.00193646
0.00233562
0.00282154
0.00310535
0.0031647
0.00322593
0.00354387
0.00395668
0.00417554
0.00414082
0.00394738
0.00359729
0.00301869
0.00245187
0.0020061
0.00153062
0.00126497
0.00150983
0.0019839
0.00227674
0.00226909
0.00210065
0.00209952
0.0026273
0.00356162
0.00443697
0.00504727
0.00526834
0.00511374
0.00479468
0.0044892
0.00427031
0.00410082
0.00392888
0.0037188
0.00348418
0.00323513
0.00286798
0.00237133
0.00199628
0.00162914
0.00123136
8.1144E-4
2.44338E-4
-4.33355E-4
-0.00129573
-0.00226103
-0.00305325
-0.00363856
-0.0040602
-0.0044327
-0.00480731
-0.00520772
-0.00544907
-0.00536503
-0.0050431
-0.00451874
-0.00375103
-0.00285411
-0.00194682
-0.00125428
-9.23369E-4
-8.27598E-4
-7.94444E-4
-7.04953E-4
-5.60074E-4
-3.98634E-4
-2.70232E-4
-1.76981E-4
-1.11055E-4
-4.3236E-5
2.80715E-5
1.11619E-4
1.88154E-4
2.69E-4
4.13681E-4
7.91858E-4
0.00105293
0.00126956
0.00155327
0.00172765
0.00186021
0.00220712
0.00266957
0.00290548
0.00289194
0.00279145
0.00292348
0.00291974
0.00270026
0.00265976
0.0024604
0.00172079
8.8221E-4
4.7065E-4
7.68763E-4
0.001376
0.00175298
0.00174683
0.00151928
0.00128049
0.00116234
0.00121896
0.00162555
0.00219762
0.00280597
0.00321966
0.00324441
0.00299948
0.00268738
0.00244211
0.00228619
0.0022421
0.00249446
0.00282549
0.00282399
0.00230985
0.00184622
0.00176499
0.00180979
0.00171263
0.00114516
3.69446E-4
-1.84623E-4
-4.00614E-4
-4.12818E-4
-4.02052E-4
-4.7045E-4
-6.08095E-4
-7.6742E-4
-9.77794E-4
-0.00146431
-0.00213544
-0.00295379
-0.00391115
-0.00466909
-0.00523793
-0.00556409
-0.00556444
-0.00535681
-0.00509078
-0.0047803
-0.00420732
-0.00352299
-0.00306949
-0.00295376
-0.00322933
-0.00339407
-0.00345852
-0.00354253
-0.00351085
-0.0032951
-0.00262976
-0.00156108
-6.28537E-4
-1.15791E-4
3.68079E-4
0.0011056
0.00178383
0.00215418
0.00246904
0.00274759
0.00288113
0.00313697
0.00342175
0.00347614
0.00325349
0.00287283
0.00212306
9.33999E-4
-4.61193E-4
-0.001546
-0.00229249
-0.00278073
-0.00293765
-0.00321957
-0.00360602
-0.00351765
-0.00297099
-0.00246126
-0.00218839
-0.00215794
-0.00220049
-0.00250798
-0.00262249
-0.00260745
-0.00239063
-0.0018908
-0.00147389
-9.20914E-4
-3.54649E-4
-3.49692E-5
2.64536E-5
2.75307E-4
7.17103E-4
0.00104082
0.00147372
0.00227222
0.00301385
0.00329301
0.00347692
0.00400014
0.00454045
0.00469621
0.00446009
0.00436748
0.00449628
0.00451206
0.00427725
0.00352507
0.00252247
0.00177299
0.00108268
4.19535E-4
-3.64088E-4
-0.00114976
-0.00161088
-0.00175888
-0.00175678
-0.00211577
-0.00307985
-0.00407718
-0.00454015
-0.00446492
-0.00412705
-0.00347851
-0.00243501
-0.00150536
-0.00108679
-7.79806E-4
-4.21925E-4
-2.0729E-4
-1.68537E-4
-2.61913E-4
-3.85518E-4
-5.1002E-4
-8.73742E-4
-0.00146138
-0.00191228
-0.00210532
-0.00209266
-0.00202083
-0.00194987
-0.00191692
-0.00190706
-0.00192714
-0.0022025
-0.00270264
-0.00306614
-0.00342184
-0.00378688
-0.00397927
-0.00392737
-0.0037347
-0.0035088
-0.00333214
-0.00318757
-0.00306328
-0.00292877
-0.00304145
-0.0033516
-0.00355278
-0.00349937
-0.00351987
-0.00346457
-0.00337519
-0.00342611
-0.00344523
-0.00333157
-0.0030806
-0.00278359
-0.00250161
-0.00226457
-0.00205409
-0.00185172
-0.00164383
-0.00117438
-4.62422E-4
1.22031E-4
4.06214E-4
1.87526E-4
-3.20935E-4
-6.61835E-4
-8.57295E-4
-0.00104309
-0.00112226
-0.00103553
-8.26355E-4
-5.85711E-4
-3.63524E-4
-1.74313E-4
-8.64269E-6
-5.33194E-5
-3.36625E-4
-3.4881E-4
3.76563E-4
0.00154001
0.00245608
0.00282047
0.0029884
0.00331137
0.00348695
0.00326498
0.00290023
0.00268547
0.00268581
0.00278965
0.00267919
0.0022457
0.00181336
0.00164105
0.00173132
0.00192679
0.00208305
0.00194659
0.00150186
0.00110055
0.00100037
0.00116161
0.00140515
0.00138556
0.00100796
4.29406E-4
6.58805E-5
7.18658E-5
1.60474E-4
4.41859E-4
0.00102188
0.00182304
0.00265406
0.00321252
0.00340278
0.00338351
0.00347359
0.00377362
0.00388376
0.00370967
0.00349104
0.00337283
0.00337895
0.00343693
0.00348387
0.00348769
0.00346334
0.00343128
0.00341018
0.00340624
0.00355277
0.00397844
0.00443264
0.00462355
0.00454043
0.00418465
0.00356615
0.00298194
0.0027049
0.00268869
0.00277075
0.0027996
0.00275816
0.00281444
0.00317115
0.00359156
0.00379473
0.00386835
0.00407801
0.00431514
0.00424964
0.00371863
0.00305095
0.00261154
0.00246923
0.00255111
0.00291507
0.00330618
0.00341757
0.00325166
0.00297412
0.00281467
0.00305885
0.00349829
0.00370722
0.0035813
0.00324778
0.00290136
0.00263366
0.00242779
0.00223724
0.00204768
0.00192976
0.00211688
0.00234928
0.00204732
0.00143469
0.0012128
0.00132645
0.00112246
5.74988E-4
4.29852E-5
-2.74667E-4
-3.9592E-4
-4.37719E-4
-5.08231E-4
-6.27143E-4
-6.98391E-4
-4.46565E-4
-5.10523E-5
1.34619E-4
3.87115E-5
-2.16027E-4
-4.55036E-4
-2.81945E-4
1.63094E-4
4.03128E-4
3.17524E-4
2.58069E-5
2.98638E-5
3.30078E-4
5.30644E-4
4.60248E-4
1.68458E-4
-1.77724E-4
-4.75251E-4
-7.12631E-4
-9.28202E-4
-0.00112298
-0.00132417
-0.00151564
-0.00171113
-0.00190274
-0.00240613
-0.00307831
-0.00354882
-0.00373524
-0.00405972
-0.00424805
-0.00441135
-0.00473366
-0.00461653
-0.00414515
-0.0037423
-0.00362097
-0.00370765
-0.0038534
-0.00393354
-0.00393926
-0.00390288
-0.00388012
-0.00388199
-0.00390659
-0.00392819
-0.00393957
-0.00393382
-0.00393897
-0.004213
-0.00472534
-0.00511232
-0.00546533
-0.00580579
-0.00597224
-0.00595243
-0.00609327
-0.0064369
-0.00666082
-0.00661439
-0.00634905
-0.00601006
-0.00543776
-0.00470407
-0.0041366
-0.00384009
-0.00346482
-0.0028904
-0.00239823
-0.00213435
-0.00207819
-0.00210536
-0.00236756
-0.00278896
-0.00305914
-0.00306212
-0.00288428
-0.00269424
-0.00283254
-0.0032687
-0.00359881
-0.00389984
-0.00419616
-0.00457239
-0.00495783
-0.00531654
-0.00560615
-0.00582816
-0.00603617
-0.00604805
-0.00579381
-0.00537102
-0.00493415
-0.0045384
-0.00418414
-0.00383437
-0.00347642
-0.00309395
-0.0024948
-0.00143907
-1.95725E-4
7.2107E-4
0.00131851
0.00185145
0.00247123
0.00316439
0.00366717
0.00386855
0.00405616
0.00465129
0.00551504
0.00652544
0.00753966
0.00811685
0.00808854
0.00756204
0.00669486
0.00589373
0.00544466
0.00528295
0.00520615
0.00506233
0.00481849
0.00439052
0.00370306
0.00302197
0.00249755
0.00197068
0.00149952
0.00108325
5.81111E-4
2.68898E-4
3.58778E-4
5.49923E-4
8.49344E-4
0.00118353
0.00136063
0.0014559
0.00178244
0.00224476
0.00251082
0.00252565
0.00245873
0.00269094
0.00310189
0.00340964
0.00373364
0.00399382
0.00401206
0.00383315
0.00359231
0.00338763
0.00321806
0.00306207
0.00291123
0.00308111
0.00343171
0.00322839
0.00252477
0.00185456
0.00149113
0.00139937
0.00139977
0.00134459
0.00120289
9.87969E-4
7.58102E-4
2.67646E-4
-3.7457E-4
-0.00112499
-0.00179995
-0.00208218
-0.00205519
-0.00190542
-0.00208029
-0.00256213
-0.0029611
-0.00304929
-0.0028852
-0.00263705
-0.00244343
-0.00233133
-0.00226551
-0.00219124
-0.00208762
-0.00195952
-0.00184548
-0.00201628
-0.00243675
-0.00272786
-0.00273231
-0.00251168
-0.00224397
-0.00204157
-0.00211474
-0.00245857
-0.00275976
-0.00298628
-0.0032451
-0.00358273
-0.00396032
-0.00412496
-0.00397926
-0.00362273
-0.00323122
-0.00288378
-0.00241343
-0.00172386
-0.00107548
-6.54628E-4
-4.4688E-4
-3.03612E-4
-1.48506E-4
3.42921E-5
1.8865E-4
1.98575E-4
5.33345E-5
1.71212E-5
1.2678E-4
4.9434E-4
8.55455E-4
9.23474E-4
8.85316E-4
7.28842E-4
5.33781E-4
5.10402E-4
7.26922E-4
0.00133816
0.00204196
0.00246187
0.00254863
0.00248074
0.00250569
0.00293495
0.00354054
0.00391714
0.0040411
0.00425952
0.00457364
0.00474624
0.0047232
0.00456958
0.00439205
0.00424827
0.00414141
0.00404682
0.00396069
0.00419535
0.00462905
0.00486055
0.00510656
0.00535213
0.00538567
0.00522487
0.00496979
0.00471051
0.00447717
0.00426771
0.00405708
0.00383849
0.00360889
0.00336677
0.00285767
0.00212887
0.00152811
9.36266E-4
7.98283E-5
-8.04662E-4
-0.00132306
-0.00141971
-0.00128502
-0.001131
-8.70963E-4
-4.44693E-4
-7.401E-5
8.96692E-5
2.87842E-4
8.76155E-4
0.00169424
0.00245362
0.00300036
0.00317657
0.00301521
0.00270396
0.00240536
0.00202912
0.00128084
2.26276E-4
-6.33544E-4
-0.00101704
-0.0010293
-9.43182E-4
-0.00107337
-0.00159889
-0.00219882
-0.00252852
-0.00264917
-0.00281513
-0.00283963
-0.00289952
-0.00310478
-0.00323679
-0.00323631
-0.00311545
-0.00297039
-0.0028434
-0.00275524
-0.00260242
-0.0021633
-0.00158989
-0.00114959
-5.74082E-4
2.61253E-4
8.84651E-4
7.39556E-4
1.19999E-4
-3.35316E-4
-1.5546E-4
4.02159E-4
7.86416E-4
8.05807E-4
5.64172E-4
2.70156E-4
9.89107E-5
4.7396E-5
3.79156E-4
9.11213E-4
0.00119336
0.00142789
0.00133575
8.48793E-4
3.76378E-4
8.73624E-5
-3.00599E-6
-4.68311E-5
-1.34161E-4
-6.34049E-4
-0.00135768
-0.0018608
-0.00201179
-0.00195074
-0.00185568
-0.00182775
-0.0015298
-0.00103435
-4.11321E-4
1.28869E-4
2.94427E-4
1.80688E-4
-6.15546E-5
-2.83962E-4
-4.26147E-4
-5.11397E-4
-5.90124E-4
-6.80274E-4
-5.07618E-4
-9.63945E-5
4.5388E-4
9.59632E-4
0.00110706
9.10856E-4
5.65926E-4
1.29307E-5
-7.00882E-4
-0.00151489
-0.00254734
-0.00348286
-0.00427384
-0.00512329
-0.00587971
-0.00623103
-0.00643514
-0.0063775
-0.00621557
-0.0062214
-0.00597179
-0.00535808
-0.00474621
-0.0043603
-0.00392359
-0.00332641
-0.00281591
-0.0022502
-0.00162805
-9.41673E-4
-3.0981E-4
2.72999E-5
6.18461E-5
-5.89461E-5
-1.77703E-4
-2.30188E-4
-2.33922E-4
-2.33444E-4
-2.59681E-4
-3.21139E-4
-6.01314E-4
-0.00114238
-0.00183005
-0.00249309
-0.00288802
-0.00315186
-0.00346998
-0.00371456
-0.00395584
-0.00426979
-0.00446004
-0.00440132
-0.00437022
-0.00455566
-0.00471538
-0.0044311
-0.00367344
-0.00288684
-0.002408
-0.00225035
-0.00240313
-0.00254994
-0.00230928
-0.00202119
-0.00203068
-0.00217477
-0.00219206
-0.00203954
-0.00199248
-0.00220714
-0.00243157
-0.00262648
-0.00283282
-0.00289909
-0.0027334
-0.0023979
-0.00200879
-0.00166646
-0.00139171
-0.0011538
-0.00110597
-0.0013059
-0.00144838
-0.00132521
-9.8248E-4
-5.63468E-4
2.50954E-5
8.09854E-4
0.00169973
0.00255368
0.00313532
0.00339669
0.00367168
0.00437257
0.00534062
0.00605228
0.00626345
0.00611877
0.00589627
0.00595791
0.00636893
0.00677499
0.00690961
0.00697728
0.0071896
0.00736864
0.00732627
0.00709303
0.00680061
0.00654287
0.00654858
0.00685141
0.00712085
0.00728783
0.00725635
0.00703146
0.00667856
0.00612971
0.00557391
0.00517462
0.0049205
0.00451291
0.00403621
0.00382175
0.00382242
0.00361025
0.00302733
0.00238608
0.00197747
0.001827
0.0019971
0.00219823
0.00204148
0.00162876
0.00145504
0.00173809
0.00232586
0.00273975
0.00276956
0.00269344
0.00262611
0.00254575
0.00241188
0.00222347
0.00201087
0.00180463
0.00160018
0.00141189
0.0012447
0.0010969
9.4469E-4
7.6559E-4
5.62765E-4
3.80896E-4
2.39059E-4
1.41388E-4
1.92414E-4
3.82084E-4
3.13934E-4
-5.21925E-5
-5.69755E-4
-0.00122327
-0.00176182
-0.00198826
-0.00197153
-0.00187041
-0.00168149
-0.00129565
-9.07608E-4
-7.39156E-4
-7.83245E-4
-9.16899E-4
-0.00101818
-0.00105058
-0.0010642
-0.00109054
-0.00113003
-0.00119557
-0.00127555
-0.00134321
-0.0013915
-0.00142468
-0.00145527
-0.00148682
-0.00153039
-0.00170023
-0.00200515
-0.00220814
-0.00239686
-0.00247127
-0.0021732
-0.00173021
-0.00144861
-0.00126338
-9.16922E-4
-5.14608E-4
-3.1507E-4
-4.78837E-4
-0.0010549
-0.00170126
-0.00204743
-0.00204948
-0.00188834
-0.00168394
-0.00128218
-9.13019E-4
-0.00109548
-0.00164184
-0.00207252
-0.00219143
-0.00200344
-0.00146006
-8.67862E-4
-6.04074E-4
-7.47609E-4
-0.00136803
-0.0020748
-0.00242837
-0.00240934
-0.00221862
-0.00206922
-0.00202946
-0.00206731
-0.00210068
-0.00209778
-0.0021255
-0.00243225
-0.00285628
-0.00308375
-0.0031352
-0.00335221
-0.00368689
-0.00384652
-0.00377488
-0.00355256
-0.00331557
-0.003125
-0.00298779
-0.00286388
-0.00273
-0.00257502
-0.00241383
-0.00225631
-0.00211232
-0.0019811
-0.00194097
-0.00220764
-0.00251886
-0.00235201
-0.00209882
-0.00206253
-0.00208535
-0.00205681
-0.00193935
-0.0021037
-0.0024646
-0.00263763
-0.00220708
-0.00138559
-0.00106981
-0.00132556
-0.00162279
-0.00130014
-5.09096E-4
4.87894E-4
0.00134516
0.00170166
0.00171094
0.00191766
0.00242786
0.00283042
0.00331655
0.0034471
0.00342205
0.00323639
0.00314264
0.00334477
0.003517
0.00356625
0.00377756
0.00415115
0.00433047
0.00460565
0.00490836
0.00499398
0.00481529
0.00451072
0.00421724
0.0043297
0.00469045
0.00482818
0.00464451
0.0042736
0.00388999
0.00358471
0.0033231
0.00281731
0.00208868
0.00148312
0.00113479
7.34103E-4
1.5667E-4
-3.33408E-4
-8.73011E-4
-0.00145441
-0.00209544
-0.00269683
-0.00302236
-0.00301682
-0.00283974
-0.00267209
-0.00257711
-0.00252704
-0.00247361
-0.00238669
-0.00227393
-0.00215219
-0.00204264
-0.00194663
-0.00188095
-0.00181321
-0.00173797
-0.00164471
-0.00153457
-0.00144586
-0.00139256
-0.00134346
-0.00128271
-0.0012029
-0.00111943
-0.00104869
-0.00120317
-0.00159364
-0.00191611
-0.00197693
-0.00182121
-0.00160784
-0.00164967
-0.0020208
-0.00237825
-0.00245594
-0.00226492
-0.00195504
-0.00166459
-0.00145269
-0.00111831
-5.63026E-4
-3.41605E-5
2.66391E-4
3.38773E-4
1.26292E-4
-3.10202E-4
-6.44112E-4
-6.95607E-4
-5.25484E-4
-2.77808E-4
1.15697E-4
4.73124E-4
4.91878E-4
2.85229E-4
-7.89457E-5
-5.39764E-4
-8.31708E-4
-6.24878E-4
4.99507E-5
5.23253E-4
6.11473E-4
6.86317E-4
8.67962E-4
0.0010695
0.0012188
0.00129717
0.00133141
0.00135278
0.00138325
0.00142166
0.0014713
0.0016417
0.00194264
0.00213987
0.00232349
0.00239415
0.00209295
0.00164602
0.00136738
0.00133147
0.00142973
0.00152795
0.00155807
0.00153279
0.00148601
0.00131382
8.80513E-4
4.24736E-4
2.11637E-4
1.04872E-4
-1.65416E-4
-3.58117E-4
-2.19812E-4
1.89973E-5
3.54867E-4
7.17344E-4
9.3292E-4
0.0010023
9.9545E-4
0.00100758
0.00120661
0.00186444
0.0028349
0.00357316
0.00385476
0.00413418
0.0047176
0.00528727
0.00563496
0.0062357
0.00690021
0.00711739
0.00693547
0.00681298
0.00682578
0.00671604
0.00641695
0.00596901
0.00549477
0.00505324
0.00466969
0.00431127
0.00396111
0.00360124
0.00324026
0.0028027
0.002074
0.00123697
6.56788E-4
3.67033E-4
2.55788E-4
2.19328E-4
4.21567E-4
7.00162E-4
7.72712E-4
5.89791E-4
2.80769E-4
-2.06584E-5
-2.46574E-4
-4.19247E-4
-5.79286E-4
-8.44394E-4
-0.00143396
-0.00215458
-0.00261594
-0.00276399
-0.00246298
-0.00227473
-0.00250622
-0.00287484
-0.00313143
-0.00286762
-0.00230454
-0.00230471
-0.00319992
-0.00432453
-0.00495996
-0.00534214
-0.00561758
-0.00568016
-0.00560244
-0.00546574
-0.00534128
-0.00527735
-0.00551989
-0.00591915
-0.00578475
-0.00550816
-0.00545703
-0.00547666
-0.00541795
-0.00525828
-0.00505914
-0.00485355
-0.00466289
-0.00448842
-0.00433952
-0.00452628
-0.00489299
-0.00502193
-0.0048635
-0.00455193
-0.0045879
-0.00490655
-0.00507654
-0.00495243
-0.00460948
-0.00422824
-0.00390786
-0.00367348
-0.00347018
-0.00324809
-0.00272139
-0.00195257
-0.00131956
-9.993E-4
-9.11703E-4
-8.889E-4
-8.10458E-4
-6.4915E-4
-1.84645E-4
4.90054E-4
9.94355E-4
0.00114279
7.78929E-4
1.43312E-4
-2.65849E-4
-2.84206E-4
2.29008E-4
7.31745E-4
0.0010412
0.00134669
0.00181014
0.00238794
0.00275624
0.00284506
0.00274787
0.00289836
0.003325
0.00368016
0.00375447
0.00359662
0.00335821
0.00315229
0.00276669
0.00195766
7.87909E-4
-3.10094E-4
-6.79052E-4
-2.27284E-4
4.54188E-4
8.49948E-4
8.70509E-4
7.07994E-4
5.80152E-4
5.77777E-4
6.68331E-4
7.69265E-4
8.16478E-4
6.0433E-4
1.1281E-4
-3.23547E-4
-4.79945E-4
-5.93294E-4
-8.77592E-4
-0.00115806
-0.00124424
-0.00113258
-9.39447E-4
-9.54857E-4
-0.00106941
-9.10983E-4
-5.47203E-4
-4.10366E-4
-6.77141E-4
-0.00101525
-0.0011255
-9.69825E-4
-6.93662E-4
-4.36105E-4
-2.62713E-4
-1.47036E-4
-4.52426E-5
8.01037E-5
2.25339E-4
3.78604E-4
5.18294E-4
6.43317E-4
7.52581E-4
8.57912E-4
9.58955E-4
0.00106093
0.00115738
0.00126165
0.0013689
0.00133732
0.00113989
0.00116213
0.00143997
0.00172375
0.00188383
0.00191851
0.00190518
0.00190754
0.00194776
0.00200819
0.00207333
0.00227683
0.00276945
0.00329964
0.00369184
0.00406894
0.00434665
0.00440746
0.00429595
0.00412029
0.00396349
0.00384463
0.00374465
0.00363558
0.00351794
0.00353345
0.00384053
0.00427312
0.00477106
0.00512982
0.00512676
0.00485957
0.00450297
0.00420701
0.00398496
0.00380982
0.00370031
0.00387659
0.00415499
0.00427914
0.00442012
0.00453447
0.00443904
0.00415846
0.00378676
0.00344064
0.0032209
0.00335468
0.00360501
0.00352859
0.00284157
0.00188014
0.00117376
8.44084E-4
7.50793E-4
6.66043E-4
4.14599E-4
-2.14042E-4
-9.66667E-4
-0.00146498
-0.0017274
-0.00212291
-0.00263994
-0.00299342
-0.00312668
-0.0031048
-0.00314364
-0.00352072
-0.00407099
-0.00438021
-0.00440201
-0.00424375
-0.00441451
-0.00458364
-0.00470295
-0.00453573
-0.00402033
-0.00360553
-0.00373986
-0.00426918
-0.00427552
-0.00371814
-0.00279151
-0.0019515
-0.00158731
-0.00163134
-0.00179336
-0.00184652
-0.00144954
-7.98663E-4
-3.81838E-4
-1.08207E-5
3.14925E-4
4.23705E-4
3.32728E-4
1.54588E-4
-1.16005E-5
-1.48816E-4
-5.71059E-4
-0.00118598
-0.00163035
-0.0021585
-0.00304429
-0.00389528
-0.00428886
-0.0045745
-0.00486741
-0.00499673
-0.00524423
-0.00556026
-0.00565326
-0.00551259
-0.00523293
-0.00493486
-0.00464675
-0.00439054
-0.00415909
-0.00392641
-0.00337604
-0.00263265
-0.00209511
-0.00185266
-0.00180538
-0.00177684
-0.00168849
-0.00155215
-0.00171813
-0.00209965
-0.00233157
-0.00263371
-0.00296138
-0.00304648
-0.00288627
-0.00259352
-0.00231454
-0.00209119
-0.00190084
-0.00137513
-6.29626E-4
-6.59982E-5
5.02171E-4
0.00108149
0.0014364
0.00155494
0.00154801
0.00187467
0.00244402
0.00283382
0.00288548
0.00269191
0.0021891
0.00154579
0.00116019
0.00144997
0.00242601
0.00341373
0.003866
0.00375245
0.00340036
0.0031033
0.0029764
0.00295409
0.00293397
0.00284992
0.00271058
0.00253677
0.00210907
0.00147417
9.9659E-4
8.09519E-4
8.41591E-4
9.1289E-4
9.34178E-4
8.8024E-4
8.10537E-4
7.52298E-4
7.18827E-4
4.24584E-4
-1.10001E-4
-7.78741E-4
-0.00137899
-0.00163872
-0.00157511
-0.00135996
-0.00117368
-8.09771E-4
-2.58738E-4
1.79903E-4
3.74958E-4
3.8087E-4
3.40478E-4
3.3673E-4
3.89149E-4
4.57586E-4
5.13611E-4
5.39005E-4
5.49598E-4
5.54548E-4
5.69987E-4
5.89196E-4
6.14012E-4
6.32208E-4
6.49775E-4
6.5986E-4
6.73098E-4
6.81587E-4
6.95301E-4
7.02757E-4
7.1533E-4
7.19469E-4
7.29584E-4
7.46542E-4
0.00104517
0.00156756
0.00196175
0.00207199
0.00222607
0.00229978
0.00233744
0.00250741
0.00238419
0.00216494
0.00213467
0.00195304
0.00177713
0.00183581
0.00196524
0.00202673
0.00194851
0.00177649
0.00158889
0.00174443
0.00219816
0.00252112
0.00252864
0.00231301
0.00202316
0.00177454
0.00161
0.00150129
0.0014171
0.00132544
0.00120368
0.0010581
8.93963E-4
4.69138E-4
-1.74641E-4
-6.7122E-4
-8.93088E-4
-0.00118031
-0.00192986
-0.00282359
-0.00334915
-0.00310635
-0.0023484
-0.0016915
-0.00141991
-0.00148182
-0.00192147
-0.00251097
-0.00284222
-0.00281782
-0.00258796
-0.00235806
-0.00222327
-0.00217082
-0.0021337
-0.00206573
-0.001959
-0.00183616
-0.00172054
-0.00162315
-0.00153996
-0.00146168
-0.00138169
-0.00129865
-0.00121573
-0.00113543
-0.00105991
-9.87677E-4
-9.18645E-4
-8.50551E-4
-7.84778E-4
-7.19839E-4
-6.58088E-4
-5.98936E-4
-5.67298E-4
-5.51222E-4
-5.22487E-4
-4.72165E-4
-4.10965E-4
-3.49052E-4
-2.97476E-4
-2.74691E-4
-2.73885E-4
-2.79034E-4
-2.58958E-4
1.28531E-4
7.18445E-4
0.00109767
0.00149034
0.00189177
0.00208321
0.00206243
0.00190037
0.00172812
0.00163116
0.00193026
0.00242516
0.0026673
0.00257052
0.0022715
0.00199802
0.00184801
0.00208591
0.00219508
0.00186031
0.00142693
0.00107213
8.88817E-4
4.91711E-4
2.49288E-4
4.98282E-5
-3.00617E-4
-5.86406E-4
-7.4587E-4
-7.56607E-4
-7.37955E-4
-0.00105318
-0.00161757
-0.00196986
-0.00204918
-0.0019175
-0.00173971
-0.00127673
-0.00102145
-0.001229
-0.00153478
-0.00167873
-0.00160573
-0.00142902
-0.00126655
-0.00117285
-0.00113264
-0.00110141
-0.00105276
-9.78585E-4
-8.9781E-4
-8.38072E-4
-0.00110575
-0.0015731
-0.00183863
-0.00181742
-0.00160684
-0.00131947
-8.07057E-4
-2.38028E-4
1.77762E-4
6.52373E-4
0.00112393
0.00136909
0.00139312
0.00129738
0.00120831
0.0011558
0.00106012
6.46602E-4
9.27686E-5
-2.67177E-4
-4.10918E-4
-6.78552E-4
-0.00105584
-0.00127306
-0.00127478
-0.00113356
-9.72814E-4
-8.56858E-4
-8.71292E-4
-0.00121067
-0.00166174
-0.00185439
-0.00175514
-0.00149625
-0.00125623
-0.00109467
-0.0010047
-9.20867E-4
-8.18371E-4
-6.82645E-4
-5.44638E-4
-4.06566E-4
-2.08751E-4
2.93374E-4
9.04858E-4
0.00128263
0.00136842
0.00129974
0.00131001
0.0017029
0.00227164
0.00260903
0.00263971
0.00262396
0.00287386
0.00321364
0.00336858
0.00329328
0.00309074
0.0028843
0.00273409
0.00263231
0.00254346
0.00243067
0.00215226
0.00157945
9.77334E-4
6.41626E-4
5.88472E-4
8.09298E-4
0.00129486
0.00174225
0.00188354
0.00176173
0.00154546
0.00138072
0.0012983
0.00126221
0.00121531
0.00113688
0.00103161
9.24669E-4
8.28641E-4
7.4938E-4
6.77273E-4
6.07858E-4
5.35029E-4
4.5437E-4
2.26959E-4
-2.8097E-4
-8.22087E-4
-0.00110203
-0.00111814
-0.00100611
-9.17982E-4
-8.97361E-4
-9.17921E-4
-7.36067E-4
-4.68281E-4
-2.81701E-4
-2.61803E-4
-5.14523E-4
-6.36422E-4
-3.50276E-4
7.62046E-5
3.23748E-4
3.2199E-4
1.7811E-4
3.33669E-5
-4.4402E-5
-7.82713E-5
-3.0475E-4
-8.09387E-4
-0.00129011
-0.00150904
-0.00148151
-0.00135529
-0.00125822
-0.00123097
-0.00123298
-0.00102086
-5.21211E-4
-4.87197E-5
1.57549E-4
1.12222E-4
-1.70886E-5
9.32097E-5
5.1215E-4
7.07396E-4
3.92411E-4
-1.28713E-4
-4.97778E-4
-8.02898E-4
-9.9561E-4
-8.69266E-4
-5.8913E-4
-4.03569E-4
-3.90555E-4
-4.90986E-4
-8.04698E-4
-0.00132471
-0.00174964
-0.00188829
-0.00179973
-0.0016555
-0.00175428
-0.00216322
-0.00255589
-0.00268302
-0.00255468
-0.00232664
-0.00213174
-0.00201638
-0.00194884
-0.0018823
-0.0017885
-0.00167245
-0.00153958
-0.00122464
-6.84441E-4
-2.02155E-4
2.74298E-5
3.312E-5
-3.74694E-5
-7.64072E-5
-4.87974E-5
8.5963E-6
6.02142E-5
8.0197E-5
8.11288E-5
8.52123E-5
3.06883E-4
7.89823E-4
0.00123038
0.00139726
0.00131267
9.30978E-4
3.3454E-4
-1.40739E-4
-3.04714E-4
-2.38008E-4
-1.12938E-4
-5.02835E-5
-6.2196E-5
-9.35887E-5
1.00623E-4
5.8128E-4
0.00103524
0.0012215
0.00116018
0.00100205
8.77906E-4
8.26435E-4
8.18956E-4
8.07327E-4
7.69233E-4
7.06781E-4
6.40491E-4
5.82436E-4
5.26743E-4
2.74474E-4
-2.26227E-4
-6.79818E-4
-8.69761E-4
-8.24514E-4
-6.93497E-4
-6.08534E-4
-7.94599E-4
-0.00126714
-0.00168312
-0.00180795
-0.00167641
-0.00145868
-0.00128587
-0.00119649
-0.00115022
-0.00109935
-0.00100257
-8.6704E-4
-7.2987E-4
-6.25564E-4
-5.50046E-4
-4.91972E-4
-4.30651E-4
-3.55278E-4
-8.87084E-5
4.00868E-4
8.31229E-4
8.279E-4
3.82776E-4
-9.5231E-5
-2.97724E-4
-2.25503E-4
-4.40597E-5
9.44773E-5
1.42585E-4
1.32671E-4
1.10254E-4
1.01193E-4
1.25898E-4
1.75039E-4
2.31936E-4
2.88964E-4
5.31315E-4
0.00100563
0.00144043
0.00175686
0.00211497
0.00242198
0.00252468
0.00244622
0.00228927
0.0021456
0.00204355
0.00196736
0.001889
0.00179471
0.00168812
0.00158049
0.00148105
0.00139101
0.00130778
0.00122637
0.00114572
0.0010651
9.87142E-4
9.11675E-4
8.40291E-4
7.71029E-4
7.04922E-4
6.39954E-4
5.77931E-4
5.17085E-4
4.59554E-4
4.03171E-4
3.50118E-4
2.97865E-4
2.48941E-4
2.00183E-4
1.61481E-4
2.44086E-4
5.65332E-4
9.13774E-4
0.00105326
9.83755E-4
8.33724E-4
7.11662E-4
7.65784E-4
0.00109635
0.00145242
0.00156179
0.00142538
0.00117809
9.61329E-4
8.17986E-4
7.22814E-4
5.01791E-4
1.54041E-5
-5.27769E-4
-9.18269E-4
-0.00134102
-0.0017391
-0.00194132
-0.00194993
-0.00186837
-0.00178775
-0.00175018
-0.00173411
-0.00172433
-0.00175822
-0.00197816
-0.002096
-0.00217738
-0.00225439
-0.00197806
-0.00149828
-0.00114293
-0.00102372
-0.00105688
-0.00111063
-0.00110814
-0.00104873
-9.72862E-4
-9.13398E-4
-8.79546E-4
-7.86426E-4
-3.73396E-4
3.37991E-4
6.94436E-4
5.22976E-4
1.74761E-4
-5.79253E-5
-8.57526E-5
-5.95146E-5
-2.33119E-4
-3.06277E-4
-1.4607E-4
-4.06182E-5
-2.84668E-4
-7.39175E-4
-0.00103652
-0.00109169
-9.76977E-4
-8.43642E-4
-7.4603E-4
-7.09291E-4
-6.99567E-4
-6.97063E-4
-7.37825E-4
-0.00101026
-0.0013038
-0.00117031
-7.22386E-4
-3.46307E-4
-1.98782E-4
-2.35537E-4
-3.12172E-4
-3.36624E-4
-2.7483E-4
-1.80719E-4
-1.08173E-4
-7.39887E-5
-5.05927E-5
-3.86114E-5
-3.42155E-5
-2.07139E-5
8.48007E-6
3.3509E-5
4.39918E-5
3.61571E-5
4.10367E-5
6.03372E-5
7.6826E-5
6.97443E-5
5.5328E-5
5.63848E-5
8.10468E-5
9.92011E-5
1.03919E-4
1.02851E-4
1.07278E-4
1.16797E-4
1.30818E-4
1.35837E-4
1.25109E-4
1.09909E-4
1.03158E-4
1.03487E-5
-2.66391E-4
-5.66234E-4
-6.9427E-4
-6.48095E-4
-5.19357E-4
-4.00771E-4
-2.24639E-4
1.19107E-4
4.9179E-4
7.07643E-4
7.59549E-4
8.11025E-4
9.58843E-4
9.75558E-4
9.29943E-4
0.00107337
0.00142021
0.00188057
0.00221595
0.00226541
0.00211755
0.00192167
0.00168764
0.00132389
9.59461E-4
7.47426E-4
6.9554E-4
7.09085E-4
6.97075E-4
5.45499E-4
1.99075E-4
-1.48653E-4
-3.16632E-4
-3.21948E-4
-2.44408E-4
-1.78673E-4
-1.6061E-4
-1.74812E-4
-1.76929E-4
-1.67172E-4
-2.49378E-4
-6.12622E-4
-0.00117414
-0.00159283
-0.00167456
-0.00150928
-0.0013791
-0.00159929
-0.00210135
-0.00248405
-0.00251821
-0.00229128
-0.00197867
-0.00172479
-0.00156859
-0.00147353
-0.0013621
-0.00121137
-0.00103657
-8.70839E-4
-7.25162E-4
-6.03011E-4
-4.89415E-4
-3.81149E-4
-2.76239E-4
-1.88127E-4
-1.03644E-4
-1.77564E-5
7.5791E-5
1.66138E-4
2.54389E-4
3.32436E-4
4.07717E-4
4.75138E-4
5.42966E-4
6.03379E-4
6.58416E-4
6.99069E-4
7.54582E-4
8.86121E-4
0.00118806
0.00150358
0.00165877
0.00170017
0.00185115
0.00207074
0.0022007
0.00219248
0.00210332
0.00204171
0.0021856
0.00246285
0.00278929
0.00300741
0.00299437
0.00281574
0.00259605
0.0024158
0.0022936
0.00223323
0.00229224
0.00227122
0.00222426
0.00221152
0.00214877
0.00203087
0.00185595
0.00167159
0.00150552
0.0013673
0.0012425
0.00111806
9.4747E-4
6.17511E-4
2.33166E-4
-1.78171E-5
-1.11081E-4
-1.06161E-4
-9.7161E-5
-1.31534E-4
-2.04691E-4
-2.84792E-4
-3.48116E-4
-3.93012E-4
-4.66914E-4
-6.92971E-4
-9.79151E-4
-0.00114915
-0.00117713
-0.00112414
-0.00106999
-0.00104933
-0.00105541
-0.0010291
-8.52302E-4
-6.03267E-4
-4.61646E-4
-4.57235E-4
-4.87752E-4
-3.66138E-4
-1.94473E-4
-2.60074E-4
-5.10946E-4
-7.31065E-4
-8.21784E-4
-8.07698E-4
-7.6302E-4
-7.43916E-4
-7.5817E-4
-7.9055E-4
-8.13934E-4
-8.2477E-4
-8.28252E-4
-9.57821E-4
-0.00104181
-0.00109379
