4.38646E-4
6.10032E-4
4.65283E-4
1.28891E-4
-1.37505E-4
-2.96941E-4
-3.23782E-4
-2.89471E-4
-2.75856E-4
-2.75499E-4
-2.66994E-4
-2.51635E-4
-2.37559E-4
-1.79528E-4
-3.94871E-7
1.48546E-4
2.36708E-4
8.80579E-5
-1.64291E-4
-6.25534E-5
1.46893E-4
2.05758E-4
-1.90738E-4
-6.90098E-4
-9.11088E-4
-8.72316E-4
-6.58419E-4
-1.02608E-4
6.73644E-4
0.00136586
0.00185231
0.00177293
0.00104518
2.72488E-4
1.6468E-4
5.98285E-4
9.60742E-4
7.94121E-4
-3.75721E-5
-0.00112255
-0.0016163
-0.00140601
-9.04968E-4
-5.07978E-4
-4.33154E-4
-4.89755E-4
-5.4156E-4
-6.63916E-4
-2.62633E-4
0.0010032
0.00216777
0.00181508
2.67488E-4
-8.24773E-4
-8.17854E-4
-5.31351E-4
-6.25659E-4
-0.00109172
-0.0015203
-0.00141905
-5.67698E-4
0.00117119
0.00277619
0.00323634
0.00283905
0.00210392
0.00133412
0.00130878
0.00144908
7.15776E-4
-8.75558E-4
-0.00220293
-0.00268356
-0.00285705
-0.00277962
-0.0023019
-0.00194338
-0.00168914
-7.02197E-4
6.45962E-4
0.00133579
0.00115004
5.7342E-4
2.38643E-4
-1.48287E-4
-8.25208E-4
-0.00126469
-8.17182E-4
3.93915E-6
2.97058E-4
4.07839E-4
2.67905E-4
3.20833E-4
1.54967E-4
-2.20548E-4
-5.02234E-4
2.75186E-5
0.00135761
0.0020579
0.00124708
-4.40228E-4
-0.00171978
-0.00156552
-3.937E-5
0.00128634
7.42095E-4
-9.70229E-4
-0.00203011
-0.0022853
-0.00192513
-8.29485E-4
-2.27769E-4
-6.48516E-4
-0.00157408
-0.0011962
7.02244E-4
0.00241464
0.00302721
0.00248487
7.84785E-4
-0.00148254
-0.00254469
-0.00182848
5.79193E-4
0.003264
0.00438041
0.00286625
4.14441E-4
-0.00106709
-8.03269E-4
7.64917E-4
0.00169663
0.00104499
3.93131E-4
4.97985E-4
6.69343E-4
5.76881E-4
1.1138E-4
-0.00120816
-0.00217893
-0.00110221
0.00147671
0.00274535
0.00149778
-6.71235E-4
-0.00175826
-0.00136586
-2.87039E-4
5.84872E-4
3.01595E-4
-0.00147963
-0.00336676
-0.00340547
-0.00180186
3.85024E-4
0.00225055
0.00313441
0.00299322
0.00229825
7.15283E-4
-8.22831E-4
-0.00141646
-9.84922E-4
-0.00129619
-0.00299614
-0.00560613
-0.00711206
-0.00505646
-0.00114436
0.00124641
0.00101725
-5.72638E-4
-0.00216719
-0.00204908
2.13195E-4
0.00249836
0.00281793
0.00218034
0.00203375
0.002558
0.00390769
0.00444549
0.00392575
0.00330191
0.00230403
0.00134757
0.00186663
0.00307503
0.00281418
4.39823E-4
-0.00201223
-0.00235313
-0.00171339
-0.00137329
-0.00101347
-0.00155966
-0.00292537
-0.00390468
-0.00384831
-0.00313373
-0.00149771
0.00188718
0.00546437
0.00676883
0.00589724
0.00424073
0.00248329
6.39839E-4
1.52012E-4
0.00118447
0.00118902
-0.00100258
-0.00290834
-0.00283516
-0.00200063
-8.89258E-4
1.76591E-4
4.56782E-4
2.09812E-4
1.15293E-4
-1.00482E-4
-0.00135137
-0.00364633
-0.0050353
-0.00456439
-0.00339741
-0.00363134
-0.00416428
-0.00364664
-0.00212236
-6.64611E-4
-1.11108E-4
7.1058E-4
0.00220345
0.0033636
0.0032005
0.00191866
0.00107682
4.48345E-4
3.76889E-4
0.0017175
0.00357684
0.0026992
-0.00110571
-0.00436174
-0.00348269
0.00154052
0.00612086
0.00714038
0.00546134
0.00186358
-0.00139134
-0.00266956
-0.00249547
-0.00216474
-0.00217767
-0.00192751
2.64485E-4
0.00262723
0.00458548
0.00586584
0.00391778
9.78318E-4
-0.00130675
-8.99406E-4
0.00212812
0.00495487
0.00426395
5.32339E-4
-0.00377641
-0.00674745
-0.00665984
-0.00371355
-4.63203E-4
-0.00163136
-0.00459624
-0.0056709
-0.00328922
-4.14159E-4
7.07718E-4
-4.12999E-4
-0.00321308
-0.00506168
-0.00470199
-0.00192915
0.00130244
0.00101826
-0.00239448
-0.00539913
-0.00472874
-0.00284533
-6.80351E-4
0.0023984
0.0062865
0.0093318
0.00829316
0.00338207
-0.00262344
-0.00510559
-0.00322043
2.54213E-4
0.00303766
0.00356376
0.003774
0.00416481
0.00285003
-9.08614E-4
-0.00281351
-0.00200619
-0.00143451
-0.00156086
-0.00156237
6.07158E-4
0.00277999
9.05127E-4
-0.00395307
-0.0063602
-0.00445437
2.24721E-4
0.00495391
0.00859456
0.00803395
0.00315038
-0.00191742
-0.00275647
4.93419E-4
0.00381992
0.00312591
-6.74204E-4
-0.00467792
-0.00462262
-0.001803
8.16477E-5
0.00111597
0.00229644
0.00371345
0.00400042
0.00348602
0.00312694
0.0029645
0.00179422
1.02266E-5
-5.03953E-4
6.99658E-4
3.39622E-4
-0.00262439
-0.00483207
-0.00389635
-0.00222682
-2.06676E-4
0.00174592
0.00297568
0.00309778
0.00268338
0.00341294
0.00381032
0.00178559
-0.00172187
-0.00470052
-0.0063485
-0.00724843
-0.00814396
-0.00757776
-0.00544886
-0.00273921
-0.0021348
-0.00373619
-0.00532233
-0.00613054
-0.00513969
-7.59311E-4
0.00480217
0.00896055
0.010703
0.00943418
0.00475226
-8.24527E-4
-0.00429964
-0.00561154
-0.00562843
-0.00506702
-0.00240266
7.41064E-4
0.00229948
0.00243507
0.0013506
-1.70939E-4
-7.91521E-4
-4.56622E-4
5.09493E-4
0.00123084
0.00203002
0.0041295
0.00618595
0.00637917
0.00413607
0.00245622
0.00402784
0.00636252
0.00585017
0.00333835
6.68773E-4
-4.76665E-4
-3.13601E-4
-9.68847E-4
-0.00256229
-0.00329977
-0.00292456
-0.00262416
-0.00340233
-0.00474937
-0.00431027
-0.00135151
0.00356511
0.00749006
0.00730318
0.00474627
0.00257811
-2.49808E-4
-0.00297065
-0.00354736
-0.00217088
-4.29101E-4
1.33794E-4
-2.68045E-4
-0.00192572
-0.00311326
-0.00209161
-1.8455E-4
5.20894E-4
2.42989E-4
7.98424E-4
7.35655E-4
-0.00153376
-0.00307953
-0.00128314
6.93621E-4
5.50195E-4
-8.68946E-4
-0.00231236
-0.00276669
-0.0031431
-0.00269967
-3.25927E-4
0.00200133
0.00161699
-0.00125244
-0.00421649
-0.00427656
-0.00199491
6.15402E-4
0.00171003
0.00142561
0.00193163
0.00262284
0.0017282
-8.53812E-4
-0.0022447
-9.26381E-4
0.00260497
0.00531002
0.00536643
0.00381369
0.00268249
2.33144E-4
-0.00411395
-0.00609215
-0.00369813
6.11534E-5
0.0012241
-0.00106834
-0.00434521
-0.00601423
-0.00501035
-0.0019968
0.00199683
0.00540458
0.00696736
0.00605687
0.00308907
-8.42556E-4
-0.00261061
-4.78471E-4
0.00280445
0.00236332
-4.71129E-4
-5.40327E-4
0.00306574
0.00529161
0.00287649
-0.00185544
-0.00537641
-0.00585355
-0.00423792
-0.00246605
-0.00265772
-0.00413642
-0.00382822
-9.0365E-4
0.00233561
0.00254244
-3.28748E-4
-0.00281407
-0.00371121
-0.00288829
-0.00112307
5.32016E-4
0.00181785
0.00245704
0.00393743
0.00663589
0.00791071
0.00789345
0.0068542
0.0040692
-8.51286E-4
-0.00515355
-0.00597743
-0.00416369
-0.00121918
0.00314668
0.00626047
0.00470423
-2.03235E-5
-0.00370995
-0.00274636
0.00110835
0.00491322
0.00601475
0.00263257
-0.00390165
-0.00782976
-0.00586387
-0.00171239
5.78231E-4
0.00131882
0.00158246
7.18086E-4
-0.0016518
-0.00376339
-0.00336473
-0.00204816
-9.77585E-4
2.76293E-4
9.58025E-4
6.99602E-4
-0.00107657
-0.00325867
-0.00444907
-0.00369773
-9.41286E-4
0.00221768
0.004054
0.00337634
0.00149072
5.30029E-4
-8.45388E-4
-0.00372172
-0.00655587
-0.00650627
-0.00322775
0.00110557
0.00450532
0.00610636
0.00688518
0.00617585
0.0030089
-0.00187654
-0.0049024
-0.00490504
-0.00401205
-0.00289807
-1.87182E-4
0.00315848
0.00476306
0.00253219
-9.3013E-4
-0.002536
-5.61968E-4
0.00309758
0.00579283
0.00587254
0.00292696
-6.04625E-4
-0.00224777
-0.00114834
5.81307E-6
6.02289E-4
-1.88203E-4
-0.0028938
-0.00487914
-0.00462102
-0.00277153
-9.94052E-4
3.69517E-4
0.00179525
0.00415646
0.00610546
0.00689755
0.005625
0.00248783
8.83852E-6
-0.00191558
-0.00161749
0.00143768
0.00463876
0.00581999
0.00228366
-0.00425623
-0.0100429
-0.0116644
-0.00832928
-0.00210545
0.00294156
0.00349242
3.55715E-4
-0.00204287
-0.00170999
8.91197E-4
0.00204713
3.57806E-4
-0.00155683
-7.56238E-4
0.00139877
9.48398E-4
-0.0013106
-0.00200598
-0.00116508
0.00111773
0.0031514
0.00314907
0.00159558
7.85685E-4
0.00108787
0.00123054
0.00103446
9.45942E-4
0.00177666
0.0013646
-5.82114E-4
-0.00222222
-0.00232784
-8.05902E-4
9.5678E-4
0.00214573
0.001139
-0.00288577
-0.0073705
-0.0071328
-0.00310797
-4.77889E-4
-6.25621E-4
-0.00119189
-8.89378E-4
5.75555E-4
0.00309031
0.00395375
0.00231764
0.00124193
0.00166779
0.00377939
0.00471202
0.0029837
8.47255E-4
4.08924E-4
8.62345E-4
7.97434E-4
-3.92421E-4
-0.00120155
-0.00193245
-0.00340731
-0.00545281
-0.00419085
-1.08388E-4
0.00309101
0.00435152
0.00397799
0.00263506
0.00195338
0.0030221
0.00362976
0.00316668
0.00258393
0.00146791
-2.53939E-4
-0.0018414
-0.00311591
-0.00335146
-0.00285869
-0.00142968
0.00215052
0.00555483
0.00480109
0.00101004
-0.00240673
-0.00379672
-0.00360925
-0.00313674
-0.00208928
-5.87222E-4
-9.62718E-4
-0.00161198
-1.45891E-4
0.00266759
0.00448672
0.00472345
0.00310586
-2.31482E-5
-0.00315366
-0.00478465
-0.00250196
0.00213186
0.00443513
0.00161187
-0.00365548
-0.00698656
-0.00573488
-0.00193517
7.21748E-4
9.54906E-4
8.35933E-4
0.00279776
0.00487998
0.00460504
-3.29937E-4
-0.00713506
-0.0113797
-0.00990775
-0.00451666
4.37641E-5
0.00117939
-7.03294E-4
-0.00344232
-0.00503839
-0.00553161
-0.00514917
-0.00386042
-0.00284009
-0.00147038
0.00107791
0.0033032
0.00447702
0.0054002
0.0056679
0.00383604
4.3374E-5
-0.00389343
-0.00579398
-0.00457302
-0.00137299
0.00141039
0.00277317
0.0033426
0.00332603
0.00257952
7.30855E-4
-0.00120818
-7.23453E-4
0.00258987
0.00518767
0.0032132
-0.00183008
-0.00510128
-0.00404174
-5.00196E-4
0.002173
0.00238148
-5.48305E-4
-0.00592937
-0.00990726
-0.00888993
-0.00399363
0.00122347
0.00397564
0.0053376
0.00750316
0.00900763
0.00714153
0.00253547
-0.00154229
-0.00209196
1.04634E-4
0.00243954
0.00375492
0.00463248
0.00456486
0.00294528
-2.07793E-4
-0.00370982
-0.00463315
-0.00220613
5.84097E-4
0.00131436
2.73003E-4
-6.56901E-4
-5.01777E-4
9.88699E-4
0.0024462
0.00178689
-0.00185273
-0.00563364
-0.00569397
-0.00150462
0.00323554
0.00363542
1.69249E-4
-0.00262961
-0.00239225
-9.59586E-4
-8.27193E-6
0.00125596
0.00382603
0.00813409
0.0102846
0.00767085
0.00200943
-0.00249901
-0.00409244
-0.00473175
-0.00511279
-0.00490287
-0.0037385
-0.00273239
-0.0025715
-0.00251
-0.00149094
3.35346E-4
0.00276447
0.00621689
0.00868449
0.00853092
0.00529779
0.00191836
3.4525E-4
-6.99462E-4
-0.00220339
-0.00444657
-0.00540191
-0.00304448
-3.11751E-4
1.49539E-5
-5.44397E-4
5.30466E-4
0.00318493
0.00304639
-0.00133981
-0.00534011
-0.00539266
-0.00191064
0.00369005
0.00926562
0.0112062
0.00896031
0.00432072
0.00126859
-6.05322E-4
-0.00232775
-0.00281305
-0.00257222
-0.00341728
-0.0059794
-0.00776869
-0.00645047
-0.00293061
-5.79716E-4
-5.92975E-4
-8.27171E-4
3.8222E-4
0.00171732
0.00108032
-3.59897E-4
-0.00202968
-0.00258969
-0.00107285
0.00339903
0.00799253
0.00867686
0.00489736
-0.00131799
-0.00645529
-0.00717558
-0.00286115
0.00200874
0.0035643
0.00257192
0.00151431
0.00257335
0.0049914
0.00504148
0.00186198
-0.00163503
-0.00295165
-0.00264014
-0.00224809
-0.00188341
-0.00150028
-0.00276225
-0.0056082
-0.00798878
-0.00805505
-0.0052917
-0.0010921
0.00224238
0.0038223
0.00339377
0.00215746
0.00208186
0.00258779
0.00112865
-0.00249717
-0.00632632
-0.00851896
-0.00878629
-0.00726668
-0.00414286
-7.40162E-4
0.00127232
9.67144E-4
-1.21787E-4
3.84133E-4
0.00272479
0.00505124
0.00558762
0.00381368
6.07956E-4
-0.00296638
-0.00570819
-0.00737239
-0.00754153
-0.00579796
-0.0036609
-0.00309606
-0.00369117
-0.00365971
-0.0030498
-0.00262514
-0.00295725
-0.00275733
-4.23867E-4
0.00419101
0.00869968
0.010729
0.0100836
0.00863919
0.00752872
0.00840368
0.0109767
0.0119968
0.0111052
0.0111273
0.0144766
0.0174935
0.0167986
0.0125891
0.00768317
0.00278473
-0.00140027
-0.00271837
-0.0021947
-0.00108434
-6.11337E-4
-7.92764E-4
-9.39638E-4
-2.30164E-4
-3.99039E-4
-0.00209764
-0.00477647
-0.00836293
-0.0123297
-0.0150479
-0.0144625
-0.0108579
-0.00598592
1.00839E-4
0.00449471
0.00761155
0.0102787
0.0113227
0.00876284
0.00434231
-8.209E-4
-0.00373248
-0.00327517
-4.60029E-4
0.00361441
0.00543799
0.00171011
-0.00598249
-0.0121714
-0.0114296
-0.00370267
0.0046851
0.00802483
0.00691789
0.00494356
0.00533171
0.00822627
0.0127483
0.0157049
0.0144115
0.0102767
0.00613746
0.0028589
-8.56952E-4
-0.00637723
-0.0128384
-0.0184884
-0.0206496
-0.0182043
-0.0137176
-0.00935947
-0.00671103
-0.00429108
-0.00115802
0.00192678
0.00446093
0.00603588
0.00498699
0.00227092
-4.32038E-4
-0.00146671
9.29943E-4
0.00535983
0.0086248
0.00749696
9.58538E-4
-0.00802439
-0.0148463
-0.017724
-0.0199847
-0.0229778
-0.0239233
-0.0216365
-0.0166185
-0.0116903
-0.00907318
-0.00852396
-0.00916472
-0.0109352
-0.0132295
-0.0151752
-0.0159834
-0.0142283
-0.010394
-0.00804125
-0.00969006
-0.0134346
-0.0168836
-0.0177579
-0.0144851
-0.00756842
0.00108652
0.0109937
0.0207237
0.0279414
0.0316028
0.032035
0.0305661
0.0293063
0.0296566
0.0314961
0.0336179
0.0342754
0.0312596
0.0255716
0.0204212
0.0164654
0.0132516
0.0107229
0.00915641
0.00896221
0.00952167
0.00829726
0.00450254
-7.93948E-4
-0.00679207
-0.013385
-0.0220078
-0.0324511
-0.0406902
-0.0424121
-0.0376481
-0.0306227
-0.0250413
-0.0209158
-0.016172
-0.00925277
-5.325E-4
0.00720091
0.0114475
0.0126882
0.0119195
0.00867123
0.00261533
-0.00426732
-0.00982129
-0.0132084
-0.0139001
-0.0128344
-0.0117052
-0.0106918
-0.00692464
-0.0015944
0.00204179
0.00273926
-8.26229E-4
-0.00674978
-0.0120088
-0.014777
-0.0152869
-0.0150585
-0.0124307
-0.00317708
0.0108264
0.0234075
0.0306172
0.0299147
0.0246307
0.0187139
0.0147939
0.0123368
0.0109161
0.0129207
0.0180608
0.0249584
0.0305353
0.0317043
0.0272531
0.0186877
0.00599803
-0.00666799
-0.013898
-0.0144963
-0.00957492
-0.00289676
0.00144242
0.00347226
0.00235901
-0.00335163
-0.0108266
-0.0150133
-0.0146693
-0.0123516
-0.0109075
-0.0105803
-0.0108846
-0.0114888
-0.0111391
-0.00745452
0.00165332
0.0169223
0.0323363
0.0420976
0.0425506
0.0333716
0.0184535
0.00259218
-0.00958923
-0.0134799
-0.00683715
0.00557293
0.0169954
0.0213816
0.017605
0.0111915
0.0081017
0.0079597
0.00758315
0.00545004
0.00276337
-0.0013613
-0.00829392
-0.0160997
-0.0237789
-0.0312329
-0.0361737
-0.0373123
-0.0342458
-0.0279633
-0.0198154
-0.0139972
-0.0111861
-0.0120338
-0.0147604
-0.0156488
-0.0133489
-0.00808137
-6.31134E-4
0.00588495
0.00699958
0.00345089
-0.00219128
-0.00769273
-0.0105183
-0.00992198
-0.00750503
-0.00511847
-0.00222785
0.00140754
0.00672439
0.014064
0.0241137
0.0351521
0.0446704
0.0502208
0.048881
0.0422077
0.0343943
0.0246483
0.00926365
-0.00869545
-0.0221748
-0.0293559
-0.0300837
-0.023706
-0.0126733
-0.00264743
0.00232463
0.00162385
-0.00312325
-0.0087515
-0.0132657
-0.0171251
-0.0193596
-0.0186662
-0.0157529
-0.00850584
0.00232929
0.0127494
0.0204489
0.0251847
0.0254793
0.0213301
0.0134073
0.00482525
-0.0012083
-0.0038221
-0.00338638
-1.02978E-5
0.00632588
0.0123949
0.0134808
0.00972972
0.0038682
1.01898E-4
3.04565E-4
0.0026782
0.00420624
0.0043422
0.00354399
0.00171422
-9.15262E-4
-0.00504877
-0.0103642
-0.0166043
-0.0221054
-0.0253693
-0.0270172
-0.0283832
-0.030441
-0.0334436
-0.0343719
-0.0299953
-0.0214978
-0.00863638
0.00551536
0.0164475
0.0219999
0.0213549
0.0142754
0.00252031
-0.0104163
-0.0177997
-0.0171977
-0.0115582
-0.00429628
0.00344685
0.0101814
0.0156909
0.0189519
0.0182271
0.0152915
0.0128785
0.0122432
0.0125957
0.0116349
0.00763147
9.86497E-4
-0.00658757
-0.01288
-0.0154118
-0.0140382
-0.0103868
-0.00638446
-0.00402034
-0.00378671
-0.00541195
-0.00942507
-0.0148758
-0.0194158
-0.021281
-0.0205783
-0.0191944
-0.0174757
-0.0155155
-0.012654
-0.00796935
-0.00204171
0.00258722
0.00278848
-0.00261766
-0.00919038
-0.0117542
-0.0104016
-0.00784243
-0.00427632
5.1853E-4
0.0050837
0.00867278
0.0115873
0.0137389
0.0161594
0.0180493
0.0167624
0.0131031
0.00971082
0.00801115
0.00671567
0.00557249
0.00521825
0.0066497
0.0096022
0.0132391
0.0170442
0.0182646
0.0146835
0.00660689
-0.00413402
-0.0144144
-0.0205051
-0.0203537
-0.0149755
-0.00642925
0.00476344
0.017258
0.0280641
0.0347979
0.0362207
0.0335745
0.0289789
0.0222919
0.0120466
-0.00141193
-0.0131821
-0.0178876
-0.0149516
-0.00853212
-0.00325012
-6.98808E-4
-0.00131495
-0.00464191
-0.0101175
-0.0176479
-0.025002
-0.0279734
-0.0219508
-0.00506632
0.0168901
0.0318358
0.0343373
0.0286521
0.0222513
0.0195858
0.0203278
0.0219958
0.0214098
0.0172048
0.0118835
0.00781867
0.00393576
-0.00153631
-0.00893972
-0.0154084
-0.0165313
-0.00991326
0.00273674
0.0138768
0.0162239
0.00939734
-0.00220136
-0.0158127
-0.0292059
-0.0377146
-0.03872
-0.0344651
-0.0274164
-0.019442
-0.0123368
-0.00735034
-0.00601297
-0.0095144
-0.0148299
-0.0165144
-0.0124058
-0.00575493
5.98347E-4
0.00553871
0.00861878
0.0117799
0.018179
0.0275253
0.0352241
0.0363458
0.0297009
0.0181389
0.00598251
-0.00322328
-0.0080178
-0.00771585
-0.00294843
0.00512093
0.0140723
0.020037
0.02085
0.0169265
0.00863693
-0.00221525
-0.0120877
-0.0180992
-0.019144
-0.0141384
-0.00485805
0.00396365
0.0105217
0.0152165
0.017913
0.0180657
0.0146495
0.00682587
-0.00654322
-0.0218761
-0.0326098
-0.0369264
-0.0361699
-0.0327185
-0.0286275
-0.0249036
-0.0219375
-0.019849
-0.0184632
-0.0166702
-0.0139663
-0.0100048
-0.00487113
0.00152745
0.0094922
0.0164474
0.0196548
0.0193624
0.0180038
0.0170161
0.0146672
0.0109856
0.00952054
0.00890615
0.00299054
-0.00842695
-0.0200881
-0.0257929
-0.0232153
-0.0143863
-0.00335925
0.00689342
0.0131141
0.0137611
0.00996158
0.00471248
-4.55033E-4
-0.00435849
-0.00747347
-0.0101145
-0.00963479
-0.00375807
0.00543277
0.013423
0.0169631
0.0150332
0.0107565
0.00732385
0.00622711
0.00796978
0.0114921
0.0133053
0.00783046
-0.00402585
-0.0160438
-0.0236302
-0.0259708
-0.0240663
-0.018979
-0.0113079
-0.00137802
0.00839626
0.0151606
0.0186459
0.0166368
0.00855999
-1.95747E-4
-0.00275233
0.00402573
0.0194235
0.0353917
0.043122
0.0403019
0.0292889
0.0124002
-0.00855724
-0.0275513
-0.0378883
-0.0371277
-0.0279904
-0.0153753
-0.00438244
0.00491872
0.0127227
0.0159703
0.0134729
0.00821743
0.00327927
-1.5721E-4
-0.00265533
-0.00291535
-0.00104454
0.00204887
0.00631361
0.0132316
0.0184868
0.0168724
0.00994163
0.00476978
0.00557295
0.0107103
0.0142445
0.012882
0.00587049
-0.00320524
-0.0112196
-0.0149238
-0.0123402
-0.00955936
-0.00662063
-0.00216888
0.00132425
5.48006E-4
-0.00419691
-0.00984192
-0.0112166
-0.00938537
-0.0067098
-0.0057927
-0.00914953
-0.0136807
-0.0141757
-0.0103226
-0.0062105
-0.00536587
-0.00779926
-0.0089012
-0.00763295
-0.00467
-0.0012855
6.55267E-4
0.00180786
0.00417099
0.00809461
0.0102421
0.00954587
0.00820313
0.00576986
0.00222827
-0.00204451
-0.00627849
-0.00730435
-0.00600547
-0.00339125
-1.61012E-4
0.00259007
0.00305459
2.93008E-4
-0.00311375
-0.0038174
-0.00304758
-0.00462939
-0.00616741
-0.0064098
-0.00404639
0.00177644
0.00805798
0.0122468
0.0142123
0.0147458
0.0131915
0.0113206
0.00868761
0.00599479
0.00509641
0.00572853
0.00411875
0.00198434
0.00194881
0.00534529
0.0127053
0.0179159
0.0167024
0.00783436
-0.00506209
-0.0169314
-0.0242263
-0.0270947
-0.0262649
-0.0214097
-0.0155774
-0.0137042
-0.0169233
-0.020071
-0.018219
-0.0113163
-0.00199923
0.00589188
0.0103663
0.0141117
0.0150986
0.0115217
0.00589148
-4.93744E-5
-0.00462931
-0.00546275
-0.00304568
0.00412186
0.015092
0.0209055
0.015909
7.41877E-4
-0.0202208
-0.0352239
-0.0380441
-0.0326488
-0.0244867
-0.0142217
-0.00194657
0.00823076
0.0146365
0.0140631
0.00520958
-0.00907777
-0.0215054
-0.0272745
-0.0219547
-0.00645104
0.00993558
0.0184893
0.0206241
0.0200051
0.0177155
0.013262
0.00771106
0.00307775
0.00202306
0.00602273
0.0139719
0.0225057
0.0281614
0.0258042
0.015274
8.82769E-4
-0.0165104
-0.0316008
-0.0384009
-0.0372135
-0.0301225
-0.0196107
-0.00939046
-0.00244022
-0.00100968
-0.0019233
-0.00336906
-0.00187732
0.00153622
0.00722571
0.0138977
0.0199499
0.0239538
0.0244367
0.0218534
0.0166656
0.0109133
0.00525523
0.00321919
0.00473941
0.0061228
0.00356412
-0.00232934
-0.00586976
-0.00470122
-4.71737E-4
0.00475138
0.00756142
0.00476506
-0.00314506
-0.0121774
-0.0181451
-0.0179403
-0.0111936
-8.13089E-4
0.0104468
0.0204769
0.0274273
0.0292862
0.0264882
0.0194009
0.00827015
-0.00273214
-0.0103615
-0.0138976
-0.013257
-0.0106474
-0.00695768
-0.003143
-1.82963E-4
8.18554E-4
-4.53017E-4
-0.00396724
-0.00927515
-0.0153812
-0.0197024
-0.0214872
-0.0215643
-0.0216084
-0.0228373
-0.0231668
-0.0204463
-0.0162363
-0.011987
-0.00766033
-0.00383768
-0.00164936
-0.00114987
-9.54758E-4
-3.45454E-4
0.00153427
0.00539315
0.0114262
0.0195773
0.0270923
0.031191
0.0322341
0.0318129
0.0296372
0.0253963
0.0211796
0.0165387
0.00944651
-4.95958E-4
-0.00956107
-0.0137798
-0.0139271
-0.0140653
-0.0160473
-0.0177466
-0.0172528
-0.0142707
-0.00823312
9.16381E-4
0.00959031
0.0145209
0.0154925
0.0121184
0.00513438
-0.00259057
-0.00848485
-0.0108329
-0.00879337
-0.0033381
0.00312956
0.00931833
0.014389
0.0154388
0.0115893
0.00612897
0.00195771
-7.82389E-4
-0.00321591
-0.00495638
-0.00441537
-5.14293E-4
0.00732186
0.016808
0.0235983
0.0247867
0.0195869
0.0095815
-6.04539E-4
-0.00631118
-0.00603608
-6.77562E-4
0.00851449
0.0181231
0.0229738
0.0205867
0.0120713
0.0012364
-0.00942541
-0.0200521
-0.027027
-0.0254863
-0.0152014
9.05102E-4
0.0182186
0.0311294
0.0348185
0.028762
0.0135057
-0.00718212
-0.0231894
-0.0281393
-0.0227518
-0.00874947
0.0092783
0.0217073
0.0232343
0.0158705
0.00407539
-0.00762185
-0.0161545
-0.0196033
-0.0176483
-0.0126466
-0.00808581
-0.00572602
-0.0066188
-0.0109226
-0.0187111
-0.0278388
-0.0343811
-0.0345463
-0.0264617
-0.0116194
0.00767984
0.0244792
0.0312231
0.0269321
0.0148564
-0.00197666
-0.0180351
-0.0275788
-0.0278254
-0.0174799
0.00373638
0.0309861
0.0450438
0.0428426
0.0303361
0.00905426
-0.0174772
-0.0375762
-0.0451478
-0.0423307
-0.0305066
-0.0114212
0.0106397
0.0290218
0.0401059
0.0420887
0.0361364
0.0230565
0.00683999
-0.00724479
-0.0172259
-0.0211258
-0.0164521
-0.00656961
0.00113842
3.29619E-4
-0.00678997
-0.0143073
-0.0198704
-0.0227958
-0.022686
-0.0193971
-0.0133075
-0.00759629
-0.00466898
-0.00423646
-0.00432525
-0.00380062
-0.00279634
-0.0010815
-0.00117181
-0.00322712
-0.0052732
-0.00467401
-2.60037E-4
0.00549503
0.0113027
0.0149284
0.0138743
0.0081159
-7.45174E-4
-0.00942156
-0.0145667
-0.012556
-0.00472393
0.0028863
0.00838114
0.0112503
0.0122727
0.0134701
0.0134077
0.0104934
0.00453688
-0.00138867
-0.00345338
-0.00316736
-0.00427392
-0.004248
0.00143017
0.0120352
0.0236368
0.0334332
0.0368887
0.0308754
0.0173467
0.00355425
-0.00327853
-0.00365036
-0.00100349
0.00389297
0.00679629
0.00373032
-0.00579828
-0.0193881
-0.0334605
-0.0432585
-0.045789
-0.0411369
-0.0307464
-0.0160048
1.00026E-4
0.0113343
0.0125084
0.00295386
-0.0122744
-0.0267945
-0.0359621
-0.0383297
-0.03634
-0.0287572
-0.0151161
-2.23704E-4
0.00947827
0.0147538
0.015631
0.0130041
0.00993306
0.00829403
0.00822798
0.00751138
0.00415144
5.55591E-4
-2.85089E-5
0.00230087
0.00380234
0.00311371
0.00152122
-1.21018E-4
6.8629E-4
0.00325277
0.00627505
0.00962375
0.0141107
0.0183386
0.0235705
0.0294295
0.0328161
0.0331579
0.0309598
0.0266186
0.0213143
0.0141925
0.00522605
-0.00307569
-0.00946434
-0.0133981
-0.0154912
-0.0170364
-0.0172525
-0.0141355
-0.0077221
4.52721E-5
0.00665789
0.0113748
0.0168654
0.0244368
0.0321258
0.037366
0.0382211
0.034308
0.0267515
0.0171758
0.00764711
3.54345E-4
-0.00270375
-0.00134738
0.00203467
0.00425622
0.00255198
-0.00340502
-0.0114651
-0.01891
-0.0224201
-0.0204399
-0.0155005
-0.0120183
-0.0118666
-0.014833
-0.0197531
-0.0257806
-0.0313055
-0.0341677
-0.0329854
-0.0280807
-0.0203535
-0.0113649
-0.00336982
0.00167682
0.00361945
0.00218326
-0.00106462
-0.00399236
-0.00590474
-0.00646065
-0.00467431
2.90625E-4
0.00842317
0.0164241
0.0204564
0.0189378
0.012821
0.00456018
-0.00359965
-0.0105673
-0.0149436
-0.014971
-0.0104245
-0.003555
0.00451718
0.0121847
0.0168477
0.0160354
0.00999883
0.00126977
-0.0061541
-0.0095895
-0.00940721
-0.00805089
-0.00860823
-0.0105588
-0.0115487
-0.00993402
-0.00559899
1.80114E-4
0.00601472
0.010232
0.0120126
0.0126934
0.0147499
0.0190794
0.0237935
0.0242721
0.0186925
0.0114841
0.00631538
0.00392305
0.00281389
6.28519E-4
-0.00277585
-0.00655889
-0.0105863
-0.015078
-0.0194648
-0.0229597
-0.0263553
-0.0291654
-0.0297241
-0.0257733
-0.0159001
0.0019604
0.0200781
0.0296399
0.0298385
0.022804
0.0113811
-1.26736E-4
-0.00653826
-0.00547395
0.00131915
0.0104688
0.0173476
0.0180917
0.0118383
4.87325E-4
-0.0123622
-0.0237818
-0.0317758
-0.0338166
-0.0283852
-0.0190114
-0.00934714
-0.00117352
0.00347173
0.00268567
-0.00161853
-0.00577172
-0.00653111
-0.00285009
0.00335434
0.0101361
0.015379
0.018472
0.0165849
0.00834358
-0.00314561
-0.0146259
-0.0245763
-0.0299491
-0.0282678
-0.020167
-0.00384204
0.0191939
0.037176
0.04233
0.0378703
0.0265881
0.0145289
0.00686407
0.00330177
8.30589E-4
-0.00137422
-0.00358523
-0.00529552
-0.00624464
-0.00608747
-0.00387863
-0.00103273
0.00173071
0.00685459
0.0122754
0.0171196
0.0225686
0.0246495
0.020617
0.0120447
6.28634E-4
-0.00722305
-0.00823942
-0.00285894
0.0039854
0.00723098
0.00668016
0.00543889
0.00325256
2.68301E-6
-0.0029935
-0.00378979
-0.00393822
-0.00326683
-0.00151256
-7.5667E-5
-0.00183652
-0.00665374
-0.0129936
-0.0177393
-0.0202734
-0.019997
-0.0171274
-0.0132282
-0.00904792
-0.00262289
0.00470948
0.0124123
0.0206346
0.0270413
0.0280957
0.021396
0.00902226
-0.00188087
-0.00649999
-0.00597548
-0.00165388
0.00616234
0.0147255
0.0182596
0.016783
0.0148335
0.014152
0.0136098
0.0141544
0.0122306
0.00734683
2.3669E-4
-0.00766699
-0.0138332
-0.0183398
-0.0180698
-0.013719
-0.00862159
-0.00415094
-9.84136E-4
0.00146259
0.00312875
0.00482687
0.00537387
0.00572238
0.00962408
0.015417
0.0188087
0.0146981
0.00318046
-0.0119688
-0.0283143
-0.0411949
-0.0458912
-0.0412519
-0.0293306
-0.0141068
0.004072
0.0171781
0.01903
0.0123029
0.00456016
-5.4416E-6
-0.00264698
-0.00194211
0.00216071
0.00649107
0.00788701
0.00420841
-0.00451514
-0.0165844
-0.0277105
-0.0335777
-0.0314109
-0.0220524
-0.0102649
2.74975E-4
0.00802538
0.0120095
0.0122894
0.0103152
0.00814936
0.00690998
0.00467721
0.0014107
-0.00318593
-0.0067258
-0.00757363
-0.0069593
-0.00595785
-0.00408911
-0.00302138
-0.00345752
-0.00514688
-0.00837043
-0.0108492
-0.0101156
-0.00602333
7.51392E-4
0.00969248
0.0174727
0.0219456
0.020919
0.0139148
0.00178407
-0.012747
-0.0251435
-0.0329548
-0.0350874
-0.0323625
-0.0266044
-0.0202175
-0.0118924
-0.00312205
0.00324022
0.00672385
0.00695344
0.0052203
0.00381438
0.00426979
0.00769179
0.0150078
0.0248054
0.031703
0.0336128
0.0315611
0.0246842
0.0135698
-9.63368E-4
-0.0181235
-0.0317776
-0.0366262
-0.0327688
-0.0219545
-0.00726646
0.00769016
0.0202249
0.0285242
0.0308013
0.0266943
0.0199335
0.0131843
0.00631546
-0.00131808
-0.00694046
-0.0100494
-0.0114626
-0.0099009
-0.0061885
-0.00276245
-8.79112E-4
3.73121E-4
0.00164011
0.00242366
0.00364254
0.00624783
0.00891331
0.00969882
0.008027
0.00570225
0.00402457
0.00285473
0.00238168
0.00199154
7.59551E-4
-0.00105416
-0.0035726
-0.00657256
-0.00963223
-0.0109047
-0.00962126
-0.00680309
-0.00266832
0.00218342
0.00567302
0.00665036
0.00515984
0.00218809
-0.00173566
-0.00511582
-0.00562995
-0.0032126
2.64437E-4
0.00322524
0.00490877
0.00451582
0.00225942
-0.00161757
-0.00691477
-0.011968
-0.0151392
-0.0159103
-0.0135444
-0.00756289
8.44963E-4
0.00929897
0.0153442
0.0171635
0.0150839
0.0113777
0.00657427
0.00108618
-0.00319113
-0.00527578
-0.00442698
-6.44066E-4
0.00403145
0.00871047
0.0133108
0.0176286
0.01991
0.0182352
0.0140349
0.0103681
0.00831929
0.00667605
0.0051378
0.0043973
0.00418293
0.00339774
0.0012927
-0.00139433
-0.00277795
-0.00267397
-0.00236988
-0.00245853
-0.00251703
-0.00188703
-0.00115748
-0.00231281
-0.00541808
-0.00956612
-0.0119968
-0.0096014
-0.0029221
0.00537119
0.0128564
0.0169912
0.0148051
0.00720228
-7.46274E-4
-0.00701411
-0.0115098
-0.0140539
-0.0140938
-0.011275
-0.00560975
0.00190235
0.00982568
0.0168212
0.0195253
0.0164636
0.00909487
-5.36734E-5
-0.0080947
-0.0131129
-0.0147992
-0.014487
-0.0145133
-0.0153295
-0.0144966
-0.0111813
-0.00731087
-0.00494327
-0.00432757
-0.00436414
-0.00493944
-0.00605158
-0.00637889
-0.00506689
-0.00317256
-0.00317726
-0.00474414
-0.00534792
-0.00465557
-0.0032571
-0.00163554
-9.17824E-4
-0.00176248
-0.00354112
-0.00575863
-0.00728857
-0.0079025
-0.00662832
-0.00305877
0.00229239
0.00540778
0.00485771
0.002957
5.01016E-4
-1.96748E-4
0.00151863
0.0054057
0.00890356
0.0110725
0.0120374
0.0116264
0.00967767
0.00643258
0.00308627
0.00198452
0.00158043
0.00194822
0.00264496
0.0028515
0.00125695
-4.18267E-5
4.70331E-4
0.0021733
0.00476974
0.00743161
0.00951836
0.0100742
0.00814381
0.00453217
0.00105073
-0.00132657
-0.0013095
0.00154243
0.00474194
0.00346019
-0.00306408
-0.0115876
-0.0205666
-0.0265864
-0.0285719
-0.0251861
-0.0178514
-0.00884879
-4.91877E-4
0.00566802
0.00904912
0.0092189
0.0069319
0.003663
0.00151065
0.00174441
0.00379443
0.00559435
0.00514593
0.00181962
-0.00378457
-0.0100751
-0.0158877
-0.0201911
-0.0204818
-0.0145693
-0.00376711
0.00939879
0.0223222
0.0325706
0.0366665
0.0338114
0.0275778
0.0202637
0.0134032
0.00853633
0.00516037
0.00126662
-0.00392115
-0.00868176
-0.0131766
-0.0180049
-0.0218413
-0.0241598
-0.0254497
-0.0254889
-0.0239603
-0.0208647
-0.0159541
-0.00968495
-0.00308501
0.00238947
0.0054783
0.00610645
0.00583112
0.00571974
0.00569823
0.00558049
0.00634938
0.00934549
0.0136805
0.0173592
0.0181133
0.0158463
0.0121995
0.00708099
0.00244348
-5.32211E-4
-0.00216948
-0.00245587
-5.0698E-4
0.00281631
0.00651482
0.00968383
0.012594
0.0135392
0.0104552
0.00504067
1.31584E-4
-0.00276199
-0.00201543
0.00225717
0.00804122
0.0143953
0.020582
0.02437
0.0243725
0.0202189
0.0119188
4.48675E-5
-0.0115123
-0.0196798
-0.0225263
-0.019304
-0.0133508
-0.00742073
-0.00473476
-0.00611873
-0.0101314
-0.0152972
-0.0192075
-0.0190014
-0.0149161
-0.00896715
-0.00367328
1.77433E-5
0.00184138
0.00203094
-1.36548E-4
-0.00381189
-0.00744027
-0.00970437
-0.00950682
-0.00824125
-0.00676962
-0.00603799
-0.00608648
-0.00688316
-0.00742165
-0.00556841
-0.00115821
0.00302876
0.00619971
0.00757411
0.00647011
0.00297782
2.7678E-4
-2.04918E-4
0.00133403
0.00470571
0.00975432
0.0151804
0.0185082
0.0177221
0.0127947
0.00606738
1.73712E-4
-0.00371057
-0.00549418
-0.00551853
-0.00545964
-0.00610733
-0.00669506
-0.0070718
-0.00777575
-0.00928809
-0.00975873
-0.00750703
-0.00372161
9.4279E-4
0.00698501
0.0125291
0.0158028
0.0175309
0.0186576
0.0183119
0.0154352
0.0107476
0.00475632
-0.00220022
-0.00890483
-0.014048
-0.015427
-0.0127493
-0.00878367
-0.00550115
-0.00358124
-0.00387387
-0.00662176
-0.0100842
-0.0124567
-0.0124072
-0.0102228
-0.00714655
-0.00329978
0.0012001
0.00499713
0.00674894
0.00449988
-0.00100419
-0.0084199
-0.0167952
-0.0227167
-0.0235542
-0.0196133
-0.0130677
-0.00624186
-6.95885E-4
0.00243873
0.00201814
-0.00148469
-0.0058072
-0.00940145
-0.0106757
-0.0078752
-0.00186631
0.00460827
0.00906106
0.0103282
0.00909216
0.00599607
0.00178236
-0.00108723
3.94797E-4
0.00607426
0.0144615
0.0231999
0.0289225
0.0293288
0.0253267
0.0188418
0.00944375
-0.00223312
-0.0130397
-0.0203213
-0.0229303
-0.0188024
-0.00922546
0.00241162
0.012167
0.0164637
0.0143934
0.0075613
-9.47083E-4
-0.0069859
-0.00994628
-0.00806094
-0.00101606
0.00714941
0.0139657
0.01759
0.0165905
0.010392
0.00138062
-0.00594724
-0.0106907
-0.0127568
-0.0113615
-0.00619158
0.00134647
0.0080602
0.0123486
0.0131564
0.0105573
0.00694001
0.00553966
0.0074326
0.0112692
0.0151496
0.018335
0.0189043
0.0157208
0.00973031
0.00383128
-6.7044E-4
-0.00462525
-0.00714294
-0.00738765
-0.0065193
-0.00451262
-0.0022645
-0.00147177
-0.00173362
-0.00248674
-0.00210285
3.93886E-4
0.00356535
0.00617065
0.00767499
0.00849944
0.00930339
0.00989606
0.00735219
0.00202098
-0.00307867
-0.00700298
-0.00837754
-0.00765038
-0.0053991
-0.00224166
6.8089E-4
0.00245323
0.00260299
0.00133434
-4.01961E-4
-0.00105735
1.33124E-5
0.0016633
0.00287384
0.00377785
0.00374922
0.00305649
0.00171138
7.23316E-4
-0.00121906
-0.00252498
-0.00141143
-5.59594E-4
-0.0010809
-0.0026991
-0.00536099
-0.00834506
-0.0109407
-0.0122052
-0.0117721
-0.00990795
-0.00675747
-0.00235315
0.00209959
0.00398417
0.00163926
-0.00375184
-0.00972914
-0.0148089
-0.0171462
-0.0166033
-0.015174
-0.0119452
-0.00768791
-0.00493015
-0.00354147
-0.00217996
-0.00112049
6.38112E-4
0.0035696
0.00683068
0.00861408
0.00966696
0.0100162
0.00849782
0.00535952
0.00185527
-0.00114733
-0.00304622
-0.00263261
-8.96343E-4
-1.53617E-4
-6.00066E-4
-0.00171873
-0.00310346
-0.00373134
-0.00427069
-0.00548895
-0.00689782
-0.00797698
-0.00818303
-0.00846605
-0.00935685
-0.00953265
-0.00797391
-0.00492791
-0.00172354
-4.10156E-4
-7.12108E-4
-0.00163756
-0.00285213
-0.00397534
-0.00337092
1.99316E-4
0.00496492
0.0085062
0.0120771
0.0147388
0.0152672
0.0137828
0.0112085
0.0081389
0.00472847
0.00227702
0.00149535
0.00162031
0.00231229
0.00348762
0.00467032
0.00568589
0.00572785
0.00425364
0.00127682
-0.00292292
-0.00803493
-0.0111811
-0.0117513
-0.0105005
-0.00766037
-0.00439052
-0.00304776
-0.00489482
-0.00804641
-0.0104923
-0.0108098
-0.00899336
-0.00595975
-0.0026302
0.00112485
0.00465727
0.00719735
0.00782163
0.00630785
0.00427001
0.00328515
0.00254847
0.00174675
0.00141267
5.41417E-4
-9.35112E-4
-0.00162579
-6.02256E-4
0.00106371
0.00222983
8.77248E-4
-0.00250806
-0.00644391
-0.0103037
-0.0130881
-0.013414
-0.0113335
-0.00730114
-0.00312951
7.78942E-5
0.00365915
0.00786982
0.0113025
0.0141991
0.0158203
0.0138494
0.00948911
0.00402508
-0.00192665
-0.00692083
-0.010723
-0.0133664
-0.013674
-0.0108762
-0.00618576
-0.00277395
-8.01683E-4
-0.00130849
-0.00424879
-0.00796894
-0.0115317
-0.0132377
-0.0125286
-0.00884888
-0.00359197
6.40309E-4
0.00422558
0.00750973
0.00856484
0.00631093
0.00194534
-0.00242795
-0.00541507
-0.00654657
-0.00542185
-0.00157125
0.0033856
0.00711004
0.00950956
0.0110493
0.0112307
0.00979281
0.00700421
0.00464958
0.00402436
0.00435785
0.00517869
0.00646137
0.00782829
0.00976549
0.0114032
0.0106338
0.0074243
0.00391663
0.00184137
0.00149457
0.00175503
0.00257566
0.00381239
0.00352865
9.64089E-4
-0.00146381
-0.00252483
-0.00182372
-8.9059E-4
-0.00162371
-0.00481085
-0.00915551
-0.0135755
-0.0157427
-0.0140552
-0.00937805
-0.00392911
0.00150956
0.00569412
0.0075448
0.00765664
0.00735404
0.00795668
0.00858461
0.00911186
0.010149
0.0121844
0.0152329
0.015609
0.0122259
0.00870414
0.00539229
0.00195703
3.74631E-4
-1.26399E-4
-5.07634E-4
-6.06135E-4
-4.31402E-4
5.71911E-4
0.00281179
0.00421447
0.00461384
0.00395225
0.00203273
6.68226E-5
-0.00230612
-0.00524037
-0.00888356
-0.012753
-0.0152766
-0.0155712
-0.0115352
-0.0043609
0.00434619
0.0138341
0.0192969
0.0195614
0.0179977
0.0169058
0.0152084
0.012583
0.0100363
0.00694773
0.00339541
-3.15646E-5
-0.0039983
-0.00843566
-0.0123612
-0.0148905
-0.015616
-0.0146709
-0.0105913
-0.00476737
0.00280151
0.00875958
0.0119875
0.0140237
0.0137398
0.00932875
0.00151385
-0.00541958
-0.00953075
-0.0114966
-0.0107058
-0.00906059
-0.00648064
-0.00118588
0.00326483
0.00560621
0.00773036
0.0102245
0.0117225
0.0119302
0.0111999
0.00999478
0.00810511
0.00583242
0.00374016
0.00137528
-0.00238219
-0.0058755
-0.00768428
-0.00935039
-0.010665
-0.0103101
-0.00843006
-0.00638741
-0.00480362
-0.00335057
-0.00183983
-3.93382E-4
6.67858E-4
0.00102076
0.00171786
0.00281496
0.00342574
0.00479453
0.00634812
0.00692248
0.00615583
0.0041592
0.00155548
-0.00225125
-0.0062432
-0.00987584
-0.0124839
-0.0130894
-0.0117286
-0.0107981
-0.011727
-0.0130829
-0.013624
-0.0128075
-0.0110538
-0.00974448
-0.00861945
-0.0078048
-0.00771567
-0.00870364
-0.0109488
-0.0131477
-0.0138184
-0.0126684
-0.0104489
-0.00816305
-0.00626706
-0.00467456
-0.0039403
-0.00396569
-0.00450205
-0.00423283
-0.00244711
2.04531E-4
0.00438984
0.0101327
0.0152652
0.016459
0.0127766
0.00708425
4.16368E-4
-0.00501903
-0.00664271
-0.00613217
-0.00404484
5.55166E-4
0.00478539
0.00549046
0.003115
-6.36749E-5
-0.00274577
-0.00462818
-0.00486396
-0.00278141
6.02151E-4
0.00374375
0.00555293
0.00561831
0.00467805
0.00332108
0.00216968
0.00117726
-2.52158E-4
-0.00115219
-0.00111441
-2.11316E-4
7.90246E-4
0.00161819
0.00229845
0.00259137
0.00159388
-4.8033E-4
-0.00223283
-0.00272988
-0.00275842
-0.00223153
-2.42875E-4
0.00293873
0.00657383
0.0104681
0.0139688
0.0159014
0.0161071
0.0160835
0.0172121
0.0183077
0.0186441
0.0187542
0.0185847
0.0175638
0.0153012
0.0116204
0.00748796
0.00307109
-0.00218795
-0.00707012
-0.0103145
-0.0124098
-0.0146398
-0.0160234
-0.0154912
-0.0125013
-0.00793959
-0.00334937
0.00142145
0.00543893
0.00713675
0.00583653
0.00250248
-4.75389E-4
-0.00162321
-0.00149138
-9.07179E-4
5.86991E-4
0.00280754
0.00437058
0.00511832
0.00501209
0.00313969
6.69591E-4
-5.39895E-4
-0.00108821
-0.00146688
-0.00208667
-0.00389431
-0.00674356
-0.00879971
-0.0087325
-0.00750674
-0.00634539
-0.00594435
-0.00595871
-0.00578815
-0.005458
-0.00479552
-0.00342829
-0.00173076
-3.04115E-4
1.35626E-4
-7.49824E-4
-0.00262727
-0.0054409
-0.00781832
-0.00942313
-0.0100631
-0.00916753
-0.00678123
-0.00349596
-7.68749E-4
2.99262E-4
-3.3595E-4
-0.00261744
-0.00598332
-0.00901544
-0.0116754
-0.0124505
-0.0103984
-0.00690823
-0.00307338
3.752E-4
0.0033924
0.00574689
0.0071628
0.00790784
0.00782204
0.00729783
0.00687526
0.00602665
0.00313752
-0.00127631
-0.00492625
-0.00798922
-0.0100531
-0.00939903
-0.00578722
-5.39206E-4
0.00529912
0.0109831
0.0159185
0.0191362
0.0193571
0.016159
0.00986997
0.00294996
-0.00245717
-0.00501676
-0.00439794
-0.0015208
0.00179246
0.00449615
0.00666341
0.007441
0.00573386
0.00277967
0.00117801
-6.35782E-4
-0.00345215
-0.00514445
-0.00495384
-0.0040433
-0.00248256
5.19496E-4
0.00471319
0.00864552
0.0108905
0.0110764
0.00896878
0.00540373
0.00190267
-0.0011076
-0.00373299
-0.00517813
-0.00490348
-0.00358656
-0.00275796
-0.00211311
-0.0017366
-0.0018358
-0.00223651
-0.00364951
-0.00627864
-0.00885894
-0.00998615
-0.0103202
-0.00902115
-0.006801
-0.00496702
-0.00327975
-8.11579E-4
0.00131481
0.00147634
-1.20875E-4
-0.00270505
-0.003711
-0.00499648
-0.00772436
-0.00942594
-0.00889049
-0.00684829
-0.00482418
-0.00409708
-0.00415588
-0.00479501
-0.00580815
-0.00581723
-0.00504191
-0.00340339
-4.19458E-4
0.00289488
0.00483486
0.00575093
0.00592139
0.00565164
0.00545344
0.00541538
0.00620541
0.00655825
0.0051342
0.00310643
0.00154633
-6.10663E-4
-0.00335804
-0.00417135
-0.00410442
-0.00303813
-1.37601E-4
0.00230621
0.00350217
0.00363654
0.00357745
0.0045298
0.00508577
0.00375583
0.0018687
0.00146612
0.0021263
0.00336265
0.00551217
0.00819832
0.0111563
0.0133537
0.0143432
0.0140028
0.0122332
0.00928253
0.00723476
0.0052884
0.00215676
-0.00119596
-0.00398993
-0.00562071
-0.00578873
-0.00518093
-0.00404123
-0.00310794
-0.00217841
-0.00150131
-0.00220313
-0.00443068
-0.00638206
-0.00651287
-0.00568877
-0.00425789
-0.00181733
-7.89981E-5
0.00142456
0.00249466
0.00169331
-1.56238E-4
-0.00320725
-0.00651231
-0.00891393
-0.00929743
-0.00745064
-0.00358721
6.07869E-4
0.00520756
0.0097975
0.0113757
0.0102077
0.00682439
0.00214543
-0.001587
-0.00400999
-0.00544547
-0.00566346
-0.00504312
-0.00378832
-0.00277974
-0.00256249
-0.00252854
-0.00291811
-0.00240729
-5.09502E-4
0.00216261
0.00437524
0.00645361
0.0090062
0.0107413
0.0108428
0.010828
0.0108875
0.00956825
0.00647515
0.00219303
-0.00154636
-0.00416026
-0.00576007
-0.00594401
-0.00460037
-0.00256369
-9.8299E-5
0.00199713
0.00256114
0.00213005
3.49754E-4
-0.00253261
-0.00450057
-0.00388013
-0.00227846
0.0011655
0.00540665
0.00822871
0.00949761
0.00934733
0.00792957
0.00595521
0.00493612
0.00479351
0.00463999
0.00434577
0.00484665
0.00608048
0.00718301
0.00716889
0.00566397
0.00349234
9.87544E-4
-5.16843E-4
-0.00115319
-8.27031E-4
4.29571E-4
3.28959E-4
-7.05386E-4
-0.00186118
-0.00320085
-0.00446746
-0.00498136
-0.00473059
-0.00440607
-0.00426647
-0.00346242
-0.00136568
0.00118755
0.00327157
0.00411749
0.00308529
6.09345E-4
-0.00129533
-0.00196999
-0.00173327
5.98487E-5
0.00292345
0.00599273
0.00853756
0.00980532
0.00941014
0.00753275
0.00454266
0.00256179
6.75585E-4
-0.0023986
-0.00493015
-0.00537312
-0.00334285
-3.26378E-4
0.00153968
0.00220133
0.00132664
-0.0013775
-0.00474042
-0.00759473
-0.00872279
-0.00994496
-0.0124489
-0.0137441
-0.0145816
-0.015831
-0.0160423
-0.0150676
-0.0132476
-0.0103146
-0.00681011
-0.00352679
-6.05761E-4
0.00129103
7.66984E-4
-0.0020218
-0.00525543
-0.00783744
-0.00932114
-0.00926293
-0.00776119
-0.00580692
-0.00486913
-0.00479743
-0.00466953
-0.00436398
-0.00486789
-0.00602978
-0.00645003
-0.00662841
-0.00668473
-0.00544585
-0.00330534
-6.053E-4
0.00240975
0.00512542
0.00530997
0.00334309
0.00152286
0.00112034
0.00226353
0.00462907
0.00745877
0.00997668
0.0114118
0.0113001
0.0103816
0.00885606
0.00606597
0.00257081
-5.98511E-4
-0.00260702
-0.00374696
-0.00406975
-0.00381076
-0.00361318
-0.0041848
-0.00467697
-0.00435195
-0.00308257
-0.00110035
0.00127284
0.00329155
0.00559464
0.00733111
0.00717092
0.00633924
0.0057869
0.00463459
0.00380466
0.00554713
0.00766319
0.00833152
0.00680622
0.00428985
0.00140687
-0.0016816
-0.00357962
-0.0036188
-0.0021668
-5.80544E-4
-2.85644E-4
-8.26414E-4
-0.00189511
-0.00252783
-0.00329915
-0.00492741
-0.00740145
-0.0100177
-0.0103739
-0.00920765
-0.00747561
-0.00563765
-0.00489836
-0.00492434
-0.00478463
-0.00531654
-0.00549888
-0.00410522
-0.00305979
-0.0037854
-0.00247148
3.07077E-4
0.00204965
0.00319655
0.00534615
0.00714168
0.0061352
0.00365897
7.54674E-4
-0.00342161
-0.00700491
-0.00894683
-0.0093059
-0.00768642
-0.00531844
-0.00341547
-0.00230543
-0.00289738
-0.00435932
-0.00546116
-0.00595752
-0.00514719
-0.0024351
3.58633E-4
0.00249057
0.00365069
0.00511821
0.00597223
0.00539081
0.0039285
0.00230207
9.73393E-4
-5.20912E-4
-0.00260516
-0.00422685
-0.00500121
-0.00543287
-0.00491589
-0.00314691
-0.0012485
-5.52866E-4
-2.66884E-4
8.9303E-4
0.00204374
0.00276003
0.00236149
0.00165865
0.00111397
0.00105612
0.00182905
0.00387453
0.00695319
0.0094726
0.0108
0.0115951
0.0117499
0.00986883
0.0064894
0.00319352
5.54833E-4
-0.00114353
-0.0015853
-0.00168622
-0.00116768
4.1467E-4
0.00236757
0.0044305
0.00707002
0.00950528
0.0104327
0.00999244
0.00942648
0.00874465
0.0068596
0.00415429
0.0022359
0.00113165
8.25147E-4
0.00240414
0.00584087
0.00922443
0.0111305
0.0124114
0.0130787
0.0126024
0.0117541
0.0111748
0.0110657
0.0108233
0.00968676
0.00935227
0.0105108
0.011067
0.0103613
0.00847158
0.00657039
0.0049803
0.00262982
8.24751E-4
5.36803E-4
6.34137E-4
3.9274E-4
1.89544E-5
-1.45866E-4
3.39949E-4
0.00149166
0.0020722
0.00104664
-0.00152507
-0.00470079
-0.00766096
-0.0102286
-0.0119875
-0.0117241
-0.00972507
-0.00754818
-0.00533058
-0.00311589
-0.00207772
-0.00276976
-0.00436923
-0.00575233
-0.00626839
-0.00601839
-0.00564959
-0.00484931
-0.0033205
-0.0016753
-0.00151479
-0.00361454
-0.00661221
-0.00861869
-0.00946996
-0.00961171
-0.00914921
-0.00790658
-0.00605696
-0.00475001
-0.00443186
-0.00433342
-0.00404667
-0.00363626
-0.00272638
-0.00120185
-1.21316E-4
5.56069E-4
0.00124183
0.00200681
0.0025371
0.00200589
9.52607E-4
-4.50516E-4
-0.00172914
-0.00188519
-0.00144162
-6.52611E-4
7.32245E-4
0.00288389
0.00500543
0.00629033
0.00715552
0.00810881
0.00851605
0.00800913
0.00720977
0.00613805
0.00499652
0.00385858
0.00288382
0.00304636
0.0041766
0.004795
0.00487983
0.00498086
0.00479148
0.00482598
0.0050135
0.00467565
0.00398947
0.00338319
0.00234658
5.74353E-4
-0.00133465
-0.00301581
-0.00511114
-0.00741914
-0.00980855
-0.0121598
-0.0137599
-0.0147142
-0.0153269
-0.0146966
-0.012552
-0.0107854
-0.00918857
-0.00748247
-0.00674879
-0.00662029
-0.00638555
-0.00652309
-0.00686638
-0.00605783
-0.00413782
-0.00168728
5.07179E-4
0.00130043
-1.4944E-4
-0.00254787
-0.0046795
-0.00630495
-0.00670323
-0.00484657
-0.00289982
-0.00197452
-7.07715E-4
3.09685E-4
4.75654E-4
0.00108465
0.00245732
0.00328307
0.00382119
0.0047738
0.00524928
0.0037339
0.00110448
-6.7794E-4
-0.00111732
-3.01393E-4
0.00177736
0.00453911
0.00649806
0.00627257
0.00480942
0.00294475
8.24893E-4
-3.33496E-4
-2.9675E-4
5.51745E-4
0.00173081
0.00236343
0.0021172
0.00103822
-0.0014167
-0.00435538
-0.00625049
-0.00662175
-0.00619045
-0.00576634
-0.00492278
-0.00329165
-0.00145021
6.28054E-4
0.0025839
0.00270775
3.27613E-4
-0.00355257
-0.00769176
-0.0108838
-0.0123871
-0.0123066
-0.0115084
-0.0106657
-0.00930663
-0.00730999
-0.00569946
-0.00387571
-0.00216783
-0.00147822
-1.19284E-4
0.0022565
0.00499529
0.0075924
0.00928357
0.00963338
0.00846247
0.00596178
0.00278628
-2.12648E-4
-0.00291717
-0.00547723
-0.00818799
-0.010636
-0.0118604
-0.0114011
-0.0101497
-0.00766935
-0.004583
-2.13927E-4
0.00357047
0.00589947
0.00755384
0.00801139
0.00693971
0.00514008
0.00368452
0.00321893
0.00345344
0.00359093
0.00357912
0.00365326
0.00451148
0.00518705
0.00440387
0.00342734
0.00265064
0.00150812
0.00100518
0.00214238
0.00482112
0.00794236
0.0113175
0.0135871
0.0142982
0.0140332
0.0132867
0.0117636
0.00899196
0.00699199
0.00520757
0.00317681
0.0031284
0.0055778
0.00863405
0.0110427
0.0131838
0.0156555
0.0168006
0.0158811
0.0134581
0.00923421
0.00338521
-0.00257785
-0.00585289
-0.00682191
-0.00683837
-0.00567516
-0.00280986
-3.88605E-4
6.87877E-4
6.45083E-4
-5.85356E-4
-0.00128714
-0.00103511
-7.69657E-4
9.96875E-5
0.00148662
0.00192261
0.0024167
0.00354125
0.0028239
5.65972E-4
-0.00124786
-0.00165257
-0.00226889
-0.00302508
-0.00400157
-0.00545953
-0.00684582
-0.00800431
-0.00882263
-0.00794128
-0.00667656
-0.00627625
-0.00436707
-0.00282406
-0.00191646
-5.29671E-4
9.80204E-4
0.00136325
8.42025E-4
-3.95786E-4
-0.00201916
-0.0033589
-0.00369429
-0.00428969
-0.00563934
-0.00597659
-0.00537646
-0.00490248
-0.00474685
-0.00455604
-0.00430575
-0.0037831
-0.00240419
-5.81066E-4
9.5859E-4
0.00205213
0.00272762
0.00418799
0.00497848
0.0042026
0.00228752
-3.30942E-4
-0.00242576
-0.00463632
-0.00708293
-0.00849817
-0.00889425
-0.00853928
-0.00785242
-0.00699806
-0.00534043
-0.00348713
-0.00188927
2.30493E-4
0.00230038
0.00417854
0.00670136
0.00947163
0.0111126
0.0108444
0.00994467
0.00935326
0.00820425
0.00613468
0.00461646
0.00336325
0.00174179
5.65264E-5
-0.00139137
-0.00265118
-0.00350053
-0.00397551
-0.00371903
-0.00287403
-0.00240395
-0.00233825
-0.00223123
-0.0020213
-0.00178471
-9.71321E-4
0.00117271
0.00416315
0.00693535
0.00873308
0.0101821
0.0109976
0.00995536
0.00771421
0.00620584
0.00580566
0.00548044
0.00421536
0.00294716
0.00182176
0.00100467
7.90025E-4
5.48945E-4
-0.00128111
-0.00374606
-0.00537694
-0.00710428
-0.00817981
-0.00873456
-0.0094967
-0.00826908
-0.00560141
-0.00357421
-0.00152703
6.79526E-4
0.0021381
0.00217829
0.0016206
0.00119023
-7.67535E-4
-0.00219959
-0.00189381
-5.68725E-4
8.55275E-4
0.00107528
5.97847E-4
3.16231E-4
1.78999E-4
-9.69567E-4
-0.0027213
-0.00335713
-0.00398698
-0.00545877
-0.00687749
-0.00704144
-0.00633461
-0.00507199
-0.00432793
-0.00438614
-0.00435505
-0.00439574
-0.00526963
-0.00645194
-0.00623509
-0.00449112
-0.00250318
-0.0010374
5.39745E-5
3.18188E-4
1.29911E-4
2.4701E-5
6.8727E-5
3.37486E-5
-2.69253E-4
-0.00120451
-0.0018951
-0.00249375
-0.00297251
-0.00388532
-0.00504779
-0.00518108
-0.00453568
-0.00330105
-0.0015254
-7.66269E-4
-9.94542E-4
-0.00151038
-0.00251351
-0.00344347
-0.0038552
-0.00462136
-0.00586196
-0.00738183
-0.00907492
-0.0101186
-0.0101736
-0.00902933
-0.00651868
-0.00352499
-9.22456E-4
0.00146218
0.00285643
0.00292901
0.0027153
0.00226974
0.0022917
0.00300785
0.00406013
0.00592178
0.00803466
0.00873859
0.00758725
0.00511034
0.00267308
6.26805E-4
-6.12098E-4
-5.2228E-4
0.00120536
0.00416953
0.00712197
0.0084452
0.00809957
0.00750109
0.00725226
0.00649188
0.00551083
0.00578068
0.0064712
0.00630184
0.00579334
0.00548815
0.00521947
0.00346364
0.00184663
0.00173888
0.00205764
0.00211155
0.0034769
0.0055832
0.00681766
0.00601061
0.00401101
0.00301368
0.00297113
0.00140087
-0.00107756
-0.00264461
-0.00285693
-0.00232351
-3.13442E-4
0.00113161
0.00260903
0.00350031
0.00301449
0.00154212
-0.00114627
-0.00309523
-0.00316142
-0.00253697
-0.00231951
-0.00132928
3.3864E-4
7.80999E-4
-0.00160956
-0.00494713
-0.00659435
-0.007037
-0.00688522
-0.00638557
-0.00586249
-0.00443761
-0.00249779
-0.00170468
-0.0018348
-0.00174868
-0.00141924
-0.00106171
7.87297E-5
0.00185361
0.00348992
0.00571541
0.00747084
0.00746944
0.00654362
0.00424817
0.00186364
3.82085E-4
-0.00168356
-0.00265934
-0.00199574
4.06295E-4
0.00279085
0.00489315
0.00646714
0.00663885
0.00784423
0.00843128
0.00664813
0.0043061
0.00275455
0.00154024
9.83616E-4
0.00129993
0.0024666
0.00411376
0.00583989
0.00592153
0.00373212
7.50126E-4
-0.00125804
-0.00236713
-0.0033705
-0.00315379
-0.0011564
-5.47836E-6
4.27806E-5
0.00142709
0.00240906
0.00228992
0.00262464
0.00320636
0.00373038
0.00326775
9.94554E-4
-7.81307E-4
-0.00228012
-0.0029716
-0.00275947
-0.00257573
-0.00236075
-0.00125256
6.19563E-4
0.00260391
0.00304005
0.00230699
0.00159167
1.02372E-4
-0.0025263
-0.00485266
-0.00657946
-0.00697529
-0.00638204
-0.00551803
-0.00339583
-0.00123297
-4.0517E-4
-0.00154456
-0.00368427
-0.00616553
-0.00830987
-0.00851696
-0.00760376
-0.00658295
-0.00390795
8.00569E-4
0.00502957
0.00625302
0.00575772
0.00544029
0.00388657
7.9813E-4
-0.00210284
-0.00406318
-0.00558893
-0.00593728
-0.00544456
-0.00507782
-0.00494695
-0.00475958
-0.00449711
-0.00421276
-0.00350385
-0.00156286
-4.74108E-4
-7.43649E-4
-4.85933E-4
0.00138287
0.0021675
5.22293E-4
-0.00151431
-0.00287243
-0.00365537
-0.00372524
-0.00365166
-0.00461061
-0.00570921
-0.00560661
-0.00455471
-0.00310307
-0.00172673
-5.48129E-4
0.00129386
0.00326507
0.00511272
0.00665574
0.00672846
0.00530699
0.00293942
7.10042E-4
-0.00169601
-0.00427109
-0.00562029
-0.00535934
-0.00476189
-0.00451062
-0.0043206
-0.00398888
-0.00363118
-0.00335216
-0.0034671
-0.00424493
-0.00487149
-0.00393006
-0.00259264
-0.00149903
-9.90945E-4
-9.08909E-4
-4.70833E-4
2.68114E-4
6.43618E-5
-3.62687E-4
-1.68153E-4
1.14941E-4
2.5233E-4
3.68019E-4
0.00103748
0.00293072
0.00396198
0.00357592
0.00323574
0.00271734
0.00112587
2.30116E-4
7.28092E-4
0.00188133
0.00358841
0.0041695
0.00342558
0.00206566
3.56756E-4
-0.00153171
-0.0019542
-7.1747E-4
0.00146364
0.00263458
0.00339815
0.00460381
0.00505476
0.00475014
0.00400098
0.00222902
0.00135155
0.0022596
0.00432695
0.00543726
0.00597351
0.00666705
0.00573441
0.00375004
0.00205567
7.6793E-4
-5.66006E-4
-0.00157914
-0.00113762
0.0011348
0.00292225
0.0047956
0.00568335
0.00494568
0.00338889
0.0014699
-7.79656E-4
-0.0025708
-0.00366136
-0.00444365
-0.00413519
-0.00245669
-1.95636E-4
0.00225035
0.00428649
0.00601439
0.00673471
0.00722048
0.00811438
0.00837506
0.00857418
0.00842105
0.00757483
0.00606139
0.00513005
0.00470671
0.00360492
0.00246318
0.00144261
9.00601E-4
8.86583E-4
7.69089E-4
3.12286E-4
-8.23717E-4
-0.001643
-0.00210127
-0.00113357
0.00143235
0.00517494
0.00825107
0.010146
0.0110357
0.0113806
0.0108768
0.00873772
0.00518474
0.00150122
-7.81823E-4
-0.00210966
-0.00254453
-0.0016728
-0.00108791
-5.20965E-4
5.42265E-4
7.44242E-4
6.95008E-5
-0.00134895
-0.0021142
-0.00116403
3.52055E-4
0.00146281
0.00223415
0.00206681
4.66629E-4
-8.61253E-4
-0.00284417
-0.00420535
-0.00412502
-0.00402645
-0.00423544
-0.00460945
-0.00561924
-0.00631834
-0.00624795
-0.00704206
-0.00777957
-0.0086506
-0.00987909
-0.0102885
-0.010678
-0.0109155
-0.0105848
-0.0110768
-0.0114481
-0.0117982
-0.0108847
-0.0095128
-0.0072484
-0.00486853
-0.00346377
-0.0030848
-0.00238131
-0.00172839
-0.00185273
-0.00214692
-0.0031211
-0.00369228
-0.00349265
-0.00327265
-0.00335302
-0.00417236
-0.00495303
-0.00635603
-0.00826263
-0.0102336
-0.0116875
-0.0116378
-0.0107992
-0.0100118
-0.0087866
-0.00755349
-0.00709016
-0.00760146
-0.0087686
-0.00877806
-0.00777578
-0.00625704
-0.00425661
-7.65525E-4
0.00310411
0.00521146
0.0053625
0.0048086
0.0031197
0.00101106
2.75637E-4
-1.28338E-4
-5.76287E-4
-5.39907E-4
-1.77218E-4
8.75605E-4
0.00244087
0.0031996
0.00304401
0.00281569
0.00206397
7.13109E-4
1.9055E-5
-4.99147E-4
-0.0015875
-0.002232
-0.00341053
-0.00507337
-0.0062396
-0.00769267
-0.00902182
-0.00891019
-0.00776799
-0.00595583
-0.00299086
5.35273E-4
0.00311958
0.0052941
0.00726279
0.0079396
0.00759215
0.00659469
0.00593172
0.00597612
0.00617362
0.00694507
0.00828942
0.00888085
0.00847643
0.00728765
0.00566673
0.00419878
0.00371919
0.00467431
0.00558265
0.0061828
0.00577061
0.00418793
0.00257147
0.00140343
0.00111216
0.00146404
0.00248305
0.00334533
0.00416238
0.00482281
0.00566925
0.00698758
0.00757055
0.00726593
0.00689834
0.00678262
0.00667545
0.00647839
0.0062612
0.00609432
0.00586027
0.00493047
0.00407675
0.00392075
0.00325644
0.00249494
0.00240042
0.00258078
0.00259712
0.00251867
0.0024873
0.00244934
0.00245787
0.00326063
0.00474908
0.00627746
0.00821667
0.00988818
0.0100334
0.00919106
0.00775337
0.00582642
0.00329885
0.00163542
1.30216E-4
-0.00105035
-0.00115726
-0.00158166
-0.00142578
-7.40939E-4
-5.03756E-4
-6.20426E-4
-6.41233E-4
-5.43237E-4
-5.46652E-4
-0.00123652
-0.00106959
4.65983E-4
0.00143272
0.00193677
0.00235435
0.00311288
0.00433362
0.00483635
0.00508414
0.00452658
0.00336883
0.00141102
-1.20436E-4
-9.36581E-4
-0.00135917
-5.81405E-4
0.00101284
0.00320503
0.00493844
0.00506094
0.00362963
0.00233879
5.72527E-4
-0.00160108
-0.00246883
-0.00218659
-0.001203
1.42654E-4
0.0014649
0.00257428
0.00285819
0.00241511
0.0018984
6.34279E-4
-0.00101814
-0.00176493
-0.0017041
-0.00162672
-0.00107057
-5.02519E-4
1.37807E-4
4.71644E-4
1.21538E-4
-0.00102266
-0.00199829
-0.00298992
-0.00357927
-0.00340084
-0.00243229
-0.0018013
-0.00123271
-8.88335E-4
-0.00110361
-5.28801E-4
-0.00100771
-0.00204473
-0.00327026
-0.00472255
-0.00529713
-0.00592595
-0.00640196
-0.00621359
-0.00583307
-0.00475183
-0.00402494
-0.00323194
-0.00282314
-0.00301123
-0.0031616
-0.00315097
-0.00313255
-0.00324703
-0.00405684
-0.00475314
-0.00469211
-0.00444336
-0.00438659
-0.00439728
-0.00433388
-0.00423293
-0.00415993
-0.00410403
-0.00395282
-0.00294858
-0.00226052
-0.00243924
-0.00263013
-0.0026487
-0.00338756
-0.00484138
-0.00553567
-0.00595558
-0.00620757
-0.00522487
-0.00344636
-0.00258113
-0.00272823
-0.00284372
-0.00267487
-0.00251804
-0.00241805
-0.0015643
9.35293E-6
0.00151932
0.00268063
0.00300739
0.00259645
0.00143991
-3.08536E-4
-0.00266799
-0.00475465
-0.0059235
-0.00613293
-0.00568811
-0.00460528
-0.00292365
-0.00126566
1.48618E-4
6.78201E-4
4.5449E-4
-4.72234E-4
-0.00126718
-0.00279035
-0.00470891
-0.0052418
-0.00472865
-0.0043242
-0.00418566
-0.00399488
-0.00368747
-0.00340442
-0.00315994
-0.00300044
-0.00345756
-0.00393038
-0.00439118
-0.00455265
-0.0034236
-0.0022919
-0.00201562
-0.00194844
-9.72314E-4
-1.03339E-5
1.08599E-4
-6.65952E-4
-0.00121488
-0.00168116
-0.00203583
-0.00248981
-0.00203013
-9.43096E-4
2.81625E-4
0.00177891
0.00256059
0.00253233
0.00244444
0.00249271
0.00185341
0.00126842
0.00206698
0.00308178
0.00388248
0.00363607
0.00284163
0.00201126
0.00155908
0.00163889
0.00107735
4.78046E-4
5.8623E-4
0.00101939
0.00195524
0.00271368
0.00277623
0.00268143
0.00281691
0.00369921
0.00442603
0.00437245
0.00408577
0.00323277
0.00177247
3.63901E-4
-4.92073E-5
3.80763E-4
0.00143962
0.00228292
0.00307978
0.00375586
0.00449578
0.00501718
0.00492931
0.00472521
0.00470076
0.00543753
0.00595079
0.00501237
0.00397053
0.00389394
0.00406745
0.00398188
0.00372584
0.00365755
0.00443276
0.00587985
0.00720751
0.00821588
0.00847019
0.00867042
0.00816946
0.0077827
0.00712586
0.00540937
0.00424975
0.0040393
0.00392462
0.0028615
0.00181264
9.05767E-4
3.22682E-4
2.5406E-4
3.03966E-4
3.1237E-4
9.80947E-4
0.00163603
0.00218812
0.00181334
8.91614E-4
-8.54179E-5
-6.82812E-4
-6.55088E-4
-5.81805E-4
-5.18772E-4
5.81468E-4
0.00211277
0.00289358
0.003111
0.00288001
0.00201411
0.00102756
7.22555E-4
7.44186E-4
6.37301E-4
4.8475E-4
0.00109866
0.00173175
0.0015899
0.0011254
2.89731E-4
-7.05575E-4
-0.00215944
-0.00362691
-0.00440871
-0.00419475
-0.00335065
-0.00245406
-0.00175029
-0.00111558
-0.0010725
-0.00178326
-0.00272643
-0.00392525
-0.00465662
-0.00455908
-0.00416049
-0.00343074
-0.00260491
-0.00236583
-0.00243878
-0.00241684
-0.00233244
-0.00284167
-0.0035821
-0.00418574
-0.00454489
-0.00445597
-0.00410381
-0.00333926
-0.00243678
-0.00157541
-8.68704E-4
-7.04011E-4
-7.89884E-4
-8.04948E-4
-7.18689E-4
-1.50709E-4
5.89406E-4
7.0772E-4
4.81725E-4
4.19559E-4
0.00102902
0.0017286
0.00171631
0.00129187
4.8563E-4
-8.8312E-4
-0.00184981
-0.00184089
-9.41166E-4
4.36946E-4
0.00125149
0.0010803
1.6432E-4
-7.47919E-4
-0.00144859
-0.00202414
-0.00205912
-0.00130383
-5.37835E-4
-0.00105712
-0.00204749
-0.00276455
-0.00315429
-0.0031267
-0.00292904
-0.00277333
-0.00206726
-0.0011823
-9.56724E-4
-0.00107925
-5.28785E-4
-2.35329E-4
-8.31887E-4
-0.00175395
-0.00235919
-0.00286891
-0.0033743
-0.00335001
-0.00243767
-0.00138553
-5.39442E-4
7.33259E-5
2.07857E-4
1.3304E-4
1.52842E-4
2.2453E-4
2.62375E-4
2.68508E-4
2.85992E-4
3.60818E-4
9.7381E-4
0.0017782
0.00248453
0.00297761
0.00292851
0.00263061
0.00241834
0.00170476
2.61635E-4
-7.23815E-4
-6.92646E-4
-3.71172E-4
2.39148E-4
9.20158E-4
0.00106367
8.32318E-4
1.63612E-4
-5.60699E-4
-6.67863E-4
-5.18729E-4
-0.00102784
-0.00179315
-0.00191606
-0.00213422
-0.00215839
-0.00202528
-0.00173481
-0.0010469
-5.38029E-5
0.00132642
0.00277248
0.00347947
0.00325915
0.00235081
0.00148907
0.00136449
0.00205599
0.00274344
0.00275333
0.00296171
0.00295314
0.00225457
0.00178331
0.00171201
0.00110838
2.13055E-4
-9.08334E-5
-5.22659E-4
-0.00122467
-0.00142373
-0.00121656
-0.00109022
-0.00109005
-0.00106908
-9.93307E-4
-9.28032E-4
-8.80347E-4
-8.39178E-4
-7.8654E-4
-7.40084E-4
-6.92867E-4
-6.48628E-4
-6.5537E-4
-0.00115777
-0.00126579
-5.85151E-4
-1.92435E-4
-2.48605E-4
3.05099E-4
0.00171862
0.00258687
0.00185074
6.8263E-4
-9.98183E-5
-6.51622E-4
-0.0013432
-0.00193396
-0.00138379
-3.79622E-4
-1.28021E-4
-3.41405E-4
-3.24273E-4
3.92633E-4
0.00114543
6.88086E-4
3.37143E-4
0.00147967
0.00268909
0.00329949
0.00413612
0.0047675
0.00454353
0.00347607
0.00238982
0.00150895
7.77147E-4
5.19107E-4
5.2628E-4
4.73902E-4
3.48942E-4
2.5815E-4
1.98578E-4
1.37918E-4
6.39401E-5
-2.49116E-6
-6.34161E-5
-1.24211E-4
-1.297E-4
3.57284E-4
4.56339E-4
-2.3649E-4
-6.42519E-4
-5.03698E-4
1.61837E-4
8.62311E-4
0.00146357
0.00192569
0.00184132
9.08494E-4
-6.84044E-4
-0.00223594
-0.00301768
-0.00350167
-0.00397559
-0.0033957
-0.00179302
-7.38417E-4
-7.43529E-4
-4.06481E-4
3.72454E-4
5.25544E-4
-3.38184E-4
-0.00124931
-0.00135716
-0.00113426
-0.00110967
-0.00118632
-0.00129391
-0.00242684
-0.00393381
-0.00476279
-0.00556782
-0.00613324
-0.00594991
-0.00539783
-0.00441887
-0.00285041
-0.00163088
-2.87253E-4
0.00110072
0.00143555
0.00112482
9.41247E-4
4.15507E-4
-3.7675E-4
-0.00114541
-0.00173632
-0.0023772
-0.00347134
-0.00422178
-0.00458916
-0.00479427
-0.00404427
-0.00287419
-0.00240581
-0.00238446
-0.00217074
-0.00122065
3.58393E-4
0.0013748
0.00139491
0.00121796
0.00123261
7.60607E-4
8.59953E-5
5.65884E-4
0.0015818
0.00183562
0.00160018
0.00148917
0.00100884
2.6305E-4
-4.06603E-4
-2.61644E-4
0.00111215
0.00222292
0.00223446
0.00194486
0.00199962
0.00269389
0.00337672
0.00282044
0.00179727
0.00157256
0.00181501
0.00185841
0.00178727
0.00237405
0.00372375
0.0045589
0.00436517
0.00395316
0.00380729
0.0037365
0.00351869
0.00267046
0.00122394
8.29729E-4
0.0016317
0.00254793
0.00300748
0.00294354
0.00327986
0.00393935
0.00453548
0.00487084
0.0047366
0.00492342
0.00541769
0.00583123
0.00541384
0.00377417
0.00242231
0.00207288
9.42629E-4
-7.77088E-4
-0.00129209
-9.80651E-4
-8.76408E-4
-0.00105123
-0.00113882
-0.00112064
-0.00111011
-0.00114698
-0.00123354
-0.00202131
-0.00337289
-0.00402021
-0.00303808
-0.00136171
-5.75801E-4
-7.41913E-4
-9.40116E-4
-8.77178E-4
-8.12161E-4
-8.55841E-4
-9.02887E-4
-9.77634E-4
-0.00169368
-0.00240504
-0.00238066
-0.00220003
-0.00287137
-0.00356566
-0.00342258
-0.00306677
-0.00297436
-0.00368535
-0.00428817
-0.00480946
-0.00508017
-0.00475427
-0.00354047
-0.00183287
-0.00100965
-0.00108586
-0.001216
-0.00186822
-0.00314057
-0.00369013
-0.00329988
-0.00288
-0.00271697
-0.00257696
-0.00240183
-0.00291977
-0.00339399
-0.00313793
-0.00268014
-0.00241868
-0.00224058
-0.00200886
-0.00167276
-6.82789E-4
1.98627E-4
4.61065E-4
0.00191365
0.00352015
0.00507382
0.00600777
0.00576836
0.00533796
0.00513214
0.00502264
0.00485812
0.00537334
0.00590004
0.00640443
0.00661831
0.00627465
0.00582204
0.00549676
0.00521908
0.00490403
0.00451339
0.00338762
0.00166579
7.86127E-4
8.51072E-4
9.19205E-4
8.70588E-4
0.00220987
0.00350234
0.00329015
0.00273735
0.00330915
0.00468005
0.00505886
0.00444832
0.00387369
0.00362324
0.00335826
0.00293098
0.00173265
-5.56757E-6
-9.05033E-4
-8.48529E-4
-8.65476E-4
-0.00188111
-0.00351517
-0.00418505
-0.00391216
-0.00372001
-0.00458043
-0.00601751
-0.00652358
-0.0060765
-0.00554304
-0.00389764
-0.00226979
-6.50998E-4
4.22577E-4
3.28229E-4
-1.41803E-4
-0.0018147
-0.00314528
-0.00304555
-0.00265043
-0.00261404
-0.00269783
-0.00262728
-0.00251136
-0.0024356
-0.00239594
-0.00233085
-0.00226601
-0.0021896
-0.0022141
-0.00315883
-0.00464521
-0.00494853
-0.00443986
-0.00411606
-0.0040351
-0.00393069
-0.00371663
-0.00353438
-0.00428577
-0.00559874
-0.00571697
-0.00400551
-0.00205975
-0.00144924
-7.00375E-4
9.3044E-4
0.00167657
0.00238252
0.00368779
0.00416345
0.00370675
0.00319587
0.00126013
-2.22615E-4
-0.00177969
-0.00282818
-0.00421605
-0.00503281
-0.00444799
-0.00390766
-0.00356813
-0.00241435
-5.88402E-4
3.74437E-5
-1.68509E-4
-2.2585E-4
2.17261E-5
3.40356E-4
0.00225819
0.00353246
0.00314593
0.00269355
0.00272343
0.00272979
0.00160862
-7.53321E-5
-5.13066E-4
-4.56656E-5
1.80712E-4
1.17208E-4
1.31277E-4
2.80088E-4
4.47264E-4
5.34216E-4
5.74912E-4
6.43084E-4
9.77742E-4
0.00216495
0.00378867
0.00514251
0.00602698
0.00601795
0.00555735
0.00524666
0.00506212
0.00482423
0.00454248
0.00425965
0.0035235
0.00156875
4.52112E-4
7.41788E-4
9.66008E-4
8.11503E-4
6.22524E-4
6.54091E-4
0.0011579
0.00283454
0.00356894
0.00249799
3.10116E-4
-6.34061E-4
-1.85061E-4
3.09099E-5
-1.43824E-4
-2.8598E-4
-2.29336E-4
-2.00112E-4
-2.1326E-4
-3.11573E-4
-0.00115161
-0.00276325
-0.00330476
-0.00280655
-0.00246297
-0.00244575
-0.00238575
-0.00220067
-0.00205011
-0.00198209
-0.0018835
-0.00173755
-0.00159389
-0.00144998
-0.00130933
-0.00117069
-6.15449E-4
3.14347E-4
7.11905E-4
9.62012E-4
0.00168481
0.00202965
0.00183055
0.00160437
0.00119281
7.29847E-4
3.34095E-4
-8.29958E-4
-0.00157561
-0.0020926
-0.00334673
-0.00383714
-0.00334885
-0.00290026
-0.00275854
-0.00261555
-0.00236608
-0.0021114
-0.00191293
-0.0017246
-0.00153334
-0.00133496
-0.00112362
-8.52958E-4
-9.21359E-5
7.45864E-4
3.9192E-4
-4.58897E-4
-5.49184E-4
-1.61483E-4
2.97235E-5
5.07558E-5
2.23123E-4
0.00155303
0.00315204
0.00343934
0.00300152
0.00285063
0.00292468
0.00290597
0.00277724
0.0026804
0.00271824
0.00384444
0.0052429
0.00536588
0.00477852
0.00436939
0.00311276
0.00136799
-2.75942E-4
-0.00146749
-0.00163918
-0.00134929
-0.00110615
1.03665E-4
0.00177351
0.00325397
0.00428228
0.00431292
0.00389809
0.0035797
0.00277196
0.00266426
0.00313633
0.00306926
0.00271192
0.00246721
0.00236876
0.00221677
0.00203263
0.00184837
0.00165024
0.00139187
0.00134046
0.00272385
0.00402972
0.00457545
0.00522913
0.00403522
0.002246
0.00161095
1.99147E-4
-0.00132876
-0.00155687
-0.00115104
3.6413E-4
0.00153643
0.00125777
-1.06594E-4
-0.0018802
-0.0025432
-0.00322531
-0.00466321
-0.00501084
-0.00272275
-0.0011483
-0.00161116
-0.00207661
-0.00195813
-0.00168615
-0.00171553
-0.00180594
-0.00184398
-0.00180556
-0.00182755
-0.0018349
-0.00185492
-0.00179396
-0.00160009
2.42879E-4
0.00144707
0.00102092
4.41319E-4
-6.45886E-4
-0.00219209
-0.0027473
-0.00243114
-0.00235047
-0.0034006
-0.00487431
-0.00418088
-0.00208727
-0.00141213
-0.00189915
-0.0020897
-0.00186868
-0.001698
-0.0017188
-0.00176514
-0.00174317
-0.00169279
-0.00162365
-0.00159017
-0.00159231
-0.00158885
-0.00157303
-0.00155812
-0.00154634
-0.00153378
-0.00151818
-0.00150179
-0.00148507
-0.00146753
-0.00144921
-0.00142952
-0.00141002
-0.00138862
-0.00136815
-0.00134485
-0.00132373
-0.00129839
-0.00127827
-0.00121951
-6.04683E-4
0.00111715
0.00191257
0.00137568
9.69074E-4
9.69773E-4
0.00101093
0.00126394
0.00190861
0.00201728
0.00120701
1.13497E-4
-3.11724E-4
-0.00100484
-0.00267398
-0.00421357
-0.00540643
-0.00562987
-0.00512725
-0.00478443
-0.00461834
-0.00439126
-0.00368332
-0.00259634
-0.00167506
-9.19293E-4
-5.86393E-4
-7.05622E-4
-0.00153458
-0.00302833
-0.00342921
-0.00287451
-0.00250181
-0.00244514
-0.0023261
-0.00209699
-0.0018735
-0.00171232
-0.00150989
-0.00128842
-0.00120497
-0.00225148
-0.00358909
-0.00358695
-0.00238011
-0.00185199
-0.00235543
-0.00248632
-0.00202837
-0.00162714
-0.00143927
-0.00125803
-0.00100151
-7.50877E-4
-5.37972E-4
-2.94885E-4
5.49195E-4
0.00207676
0.00309524
0.00320352
0.00417119
0.00568524
0.00597971
0.00545607
0.00516565
0.00515249
0.00499371
0.00396891
0.00228792
7.29285E-4
-5.00662E-4
-9.06784E-4
-6.37298E-4
-3.64429E-4
-1.86105E-4
7.57768E-4
0.00237428
0.00315186
0.00295461
0.00274787
0.00280946
0.00287365
0.00282241
0.00275078
0.00286062
0.00436208
0.00568743
0.00549514
0.00493692
0.00474742
0.00472468
0.0045376
0.00430443
0.00410755
0.00396357
0.00378491
0.00369636
0.00454025
0.00585616
0.00504319
0.00277684
0.0019165
0.00229693
0.00238136
0.00207543
0.0018411
0.00180075
0.00171776
0.00154476
0.00128713
2.0765E-4
-0.001421
-0.00188306
-0.00130719
7.71879E-4
0.0019234
0.00151105
0.00210917
0.0035241
0.00210725
2.16952E-4
2.79562E-4
7.11318E-4
6.42415E-4
3.26885E-4
2.69627E-4
2.60697E-4
2.26252E-4
1.29426E-4
-1.06428E-4
-0.00185119
-0.00127345
3.93281E-4
3.78136E-4
-1.60575E-4
-1.24664E-4
0.00189701
0.00309385
0.00249607
0.00180017
7.18903E-4
-8.42464E-4
-0.00144112
-0.00118024
-0.0010565
-0.00118388
-0.00126916
-0.00124278
-0.00122552
-0.00124561
-0.00126894
-0.00126177
-9.99841E-4
1.12107E-4
0.00140975
0.00161822
0.00164851
0.00313159
0.00398567
0.003357
0.00246166
0.00113102
-3.12674E-4
-8.23429E-4
-6.66575E-4
-7.1664E-4
-0.00141345
-0.00328729
-0.0042131
-0.00377292
-0.00341526
-0.00345795
-0.00350014
-0.00337045
-0.0032381
-0.00315683
-0.00264508
-8.63689E-4
1.30683E-4
-2.98089E-4
-9.20481E-4
-0.00201171
-0.00324531
-0.00358447
-0.00352528
-0.00426009
-0.00491017
-0.00497994
-0.00338597
-0.00214876
-0.00231484
-0.00255807
-0.00244869
-0.00224166
-0.00216503
-0.00211797
-0.00203428
-0.00193054
-0.00184326
-0.00181674
-0.00238614
-0.00403228
-0.00473548
-0.00413643
-0.00364555
-0.00353166
-0.00342589
-0.00315435
-0.00289398
-0.00268773
-0.00250668
-0.00230164
-0.00210539
-0.00191527
-0.00174252
-0.00153716
-9.18271E-4
4.73071E-4
0.00167198
0.00138664
-1.21631E-4
-0.00123408
-0.00112739
-6.40311E-4
-4.99183E-4
-5.0364E-4
-3.93294E-4
-2.18571E-4
-9.19889E-5
3.09099E-6
1.04376E-4
2.15222E-4
3.20096E-4
4.1524E-4
1.01446E-4
-9.54839E-4
-0.00111696
5.42304E-4
0.00161241
0.0018069
0.00279136
0.00402617
0.00419508
0.0033252
0.00190973
8.37915E-4
7.58394E-4
0.00103037
0.00109268
0.00100509
6.65711E-4
3.64939E-4
-6.25115E-5
-6.92177E-4
1.1626E-4
0.00160104
0.00194267
0.00155637
0.00145663
0.00162511
0.00169771
0.00175396
0.00292029
0.00442984
0.00450922
0.00275828
0.00102237
8.40431E-4
0.00127003
0.00131746
0.0011138
0.00114756
0.00239394
0.00388373
0.00402051
0.00350205
0.00318724
0.00202363
4.46119E-4
1.36765E-5
-2.53923E-4
-9.04973E-4
-0.00107077
-2.26655E-4
7.18557E-4
8.62621E-4
7.17445E-4
0.00179988
0.00333218
0.0035697
0.00305183
0.00285296
0.00350588
0.00475952
0.00531497
0.00381281
0.00183495
0.00135842
0.00164713
0.00161512
0.00134232
0.00124342
0.0018495
0.00311285
0.00383958
0.00358667
0.00301081
0.00146945
-1.57302E-4
-4.65891E-4
-1.85623E-4
-1.735E-4
-3.66005E-4
-4.38538E-4
-4.30018E-4
-5.07235E-4
-0.0013889
-0.00281464
-0.0034035
-0.00310282
-0.00268783
-0.00118249
1.66966E-4
1.61488E-4
-2.05705E-4
-2.48624E-4
-2.09582E-4
-0.00107424
-0.0024927
-0.00232979
-6.23802E-4
3.30395E-4
8.6098E-4
0.00198851
0.00265569
0.0023903
0.00191904
9.29029E-4
-6.0589E-4
-0.00140424
-0.00127473
-0.0011137
-0.0011896
-0.00128525
-0.00126801
-0.00123467
-0.00137676
-0.00285167
-0.00338266
-0.00179217
-6.63047E-4
-8.51231E-4
-0.00120053
-0.00112537
-9.92041E-4
-0.00101262
-0.00112684
-0.00117241
-0.00115177
-0.00113187
-0.00113819
-0.00113849
-0.00113262
-0.00112258
-0.0011186
-0.00111168
-0.00110571
-0.00109644
-0.00108984
-0.00107929
-0.00107766
-9.88135E-4
3.12948E-5
0.00158558
0.00195959
0.00145441
0.0011656
0.00116036
0.00108694
9.02507E-4
7.38448E-4
6.27399E-4
5.17267E-4
3.96734E-4
2.77622E-4
1.71219E-4
7.46104E-5
-1.0199E-4
-0.00120996
-0.00284156
-0.00329404
-0.0028569
-0.00263854
-0.00269286
-0.00268029
-0.00255432
-0.00235824
-0.00136608
-6.84433E-4
-8.52563E-4
-0.00104371
-9.16556E-4
9.49952E-5
6.8729E-4
4.07097E-4
1.37686E-4
1.22126E-4
1.34846E-4
3.76603E-5
-6.25425E-5
-1.23302E-4
-2.48136E-4
-0.00132194
-0.00293025
-0.00326496
-0.00187576
-9.22399E-4
-2.7607E-4
1.1716E-4
-2.35529E-6
-2.05073E-4
-0.00108712
-7.72285E-4
3.34214E-5
-7.51035E-5
-0.00137093
-0.0029808
-0.00327942
-0.00278468
-0.00255175
-0.00257582
-0.00250644
-0.00233017
-0.00218284
-0.00208411
-0.00196654
-0.00202067
-0.00375505
-0.00488637
-0.00427574
-0.00364557
-0.00348183
-0.00332589
-0.00219583
-0.00213197
-0.0018383
-0.00127575
-0.00194407
-0.00234076
-0.00108869
-4.885E-5
-1.4176E-4
-3.86168E-4
-0.00115397
-0.00153943
-0.00121432
-8.90878E-4
-7.80617E-4
-6.04163E-4
5.8353E-4
0.00231663
0.00306536
0.00347381
0.0034745
0.00248931
0.0018867
0.00204016
0.00219548
0.00211182
0.0020197
0.00201696
0.00203106
0.00200486
0.00198846
0.00221887
0.00308251
0.00374516
0.00408036
0.00342923
0.00294303
0.00381203
0.00433207
0.00397499
0.00357437
0.00347738
0.00340304
0.00322143
0.00275938
0.0014987
5.58567E-5
-2.53323E-4
1.41331E-4
5.48631E-4
0.00154851
0.00282667
0.00307982
0.00265637
0.00241337
0.0023933
0.00230504
0.00212624
0.00170584
4.8102E-4
-9.4069E-4
-0.00124493
-8.92613E-4
-7.53704E-4
-8.30935E-4
-8.21902E-4
-7.3236E-4
-6.68603E-4
-9.06681E-4
-0.00198312
-0.00324727
-0.00338359
-0.00287631
-0.00258985
-0.00251563
-0.00209864
-7.59985E-4
7.54501E-4
0.00109196
7.84123E-4
6.9671E-4
8.35923E-4
8.70946E-4
6.46838E-4
1.71711E-5
1.79563E-4
-2.34772E-4
-0.00159045
-0.00202014
-0.00164895
-0.00225652
-0.00285356
-0.00246147
-0.00109482
-2.92603E-4
-3.64472E-4
5.79917E-4
0.00231045
0.00287025
0.00235089
0.00207688
0.00216439
0.00220355
0.00208214
0.00198214
0.00193305
0.00189313
0.00182524
0.00176889
0.00162237
6.52363E-4
-1.10709E-4
-8.36588E-4
-0.00124715
-0.00101664
-7.44015E-4
1.98598E-4
8.81604E-4
0.00163973
0.00206144
0.00189945
0.00172474
0.00169979
0.00168468
0.00161214
0.00152586
0.00147071
0.0014141
0.00135263
0.0013728
0.00223323
0.0028139
0.00339536
0.00370491
0.0033871
0.00308348
0.00290131
0.00277108
0.00255458
0.00236149
0.00216936
0.00201369
0.00183848
0.00159574
5.05945E-4
-3.39865E-4
-0.00117254
-0.0016605
-0.00152337
-0.00140601
-0.00147379
-0.00155003
-0.00148719
-0.00143101
-0.00140603
-0.00131873
-2.71843E-4
0.00130353
0.00176349
0.0013062
0.00102144
0.00101209
8.78026E-4
-3.11782E-4
-0.00200642
-0.00248611
-0.00206575
-0.00189064
-0.00197892
-0.00200686
-0.00189862
-0.00182844
-0.0017941
-0.00168467
-7.05463E-4
3.64109E-5
7.68003E-4
0.00121306
0.00101374
8.6598E-4
0.00168401
0.00233053
0.00288222
0.00303139
0.00162344
-2.56348E-4
-8.56302E-4
-5.14165E-4
-4.79687E-4
-7.74491E-4
-0.001852
-0.0024571
-0.00225093
-0.00204237
-0.00209162
-0.00213493
-0.00209335
-0.00202329
-0.00201245
-0.00191758
-0.001144
-4.69897E-4
-5.69123E-4
-8.52354E-4
-0.00165402
-0.00240858
-0.00321583
-0.00365277
-0.00350904
-0.00330698
-0.00318459
-0.00234211
-0.00145189
-6.84353E-4
-9.60125E-4
-0.00178271
-0.00260283
-0.00302946
-0.00279869
-0.00180187
-3.10316E-4
3.15424E-4
8.17308E-5
-1.14576E-4
-5.27441E-5
-1.27172E-5
-1.21001E-4
-2.24582E-4
-2.39767E-4
-2.31372E-4
-2.58333E-4
-3.31832E-4
-3.96251E-4
-4.00198E-4
-4.51122E-4
-4.97912E-4
-5.05399E-4
-5.51662E-4
-0.00130684
-0.00205233
-0.00266928
-0.00231887
-0.00141699
-4.67393E-4
9.84272E-5
-1.95789E-6
-1.47776E-4
-1.29307E-4
-5.64954E-5
-7.18332E-5
-8.96238E-5
-9.46367E-5
-7.80157E-5
-7.97662E-5
-7.67813E-5
-7.78354E-5
-7.06512E-5
-6.42613E-5
-8.30065E-6
4.02287E-5
4.06222E-5
2.85435E-5
2.7978E-5
3.56662E-5
3.45211E-5
3.73227E-5
3.52634E-5
4.07237E-5
5.08112E-5
-8.26067E-5
-0.00152599
-0.00218586
-0.00210723
-0.00233229
-0.00235495
-0.00217601
-0.00193588
-0.00180907
-0.00171506
-0.00217321
-0.00279038
-0.00276304
-0.00177699
-7.76718E-4
-5.3506E-4
-5.787E-4
5.79389E-5
4.99751E-4
0.0011156
0.00171456
0.00139439
0.00100132
0.00105787
0.00125603
0.00184785
0.00249419
0.00205084
0.00159233
0.00202164
0.00236074
0.00221138
0.00201695
0.00198509
0.0019817
0.00192226
0.00179645
0.00115566
3.18008E-4
-3.71083E-4
-3.16567E-4
4.0729E-4
6.71354E-4
-4.67312E-5
-8.57364E-4
-8.65583E-4
-5.44321E-4
-4.13205E-4
-4.10089E-4
-3.30145E-4
-2.09275E-4
-1.07172E-4
-3.4415E-5
8.42488E-5
2.11884E-4
2.97986E-4
3.47484E-4
4.08925E-4
4.70777E-4
5.35297E-4
6.24109E-4
7.25974E-4
7.79017E-4
8.10064E-4
8.42615E-4
8.84844E-4
9.17795E-4
9.48872E-4
9.75232E-4
0.00100394
0.00102763
0.00105146
0.00107014
0.00109463
0.00105811
5.33925E-4
3.98076E-4
0.00109535
0.00150892
0.00139163
0.00125789
0.00130576
0.00135357
0.00134067
0.0013084
0.00130771
0.00130423
0.00129888
0.00128142
0.00127384
0.00125973
0.00124691
0.00127814
0.00185314
0.00261468
0.0032037
0.00369489
0.00373662
0.00345214
0.00323563
0.00307772
0.00247972
0.00110435
2.82548E-4
9.58626E-4
0.00201705
0.00256609
0.00247659
0.00219175
0.00206726
0.00197934
0.00184678
0.00165227
0.00109934
1.72969E-4
-2.16086E-4
-8.663E-5
-3.00322E-5
-1.3038E-4
-2.37198E-4
-6.70593E-4
-0.00148411
-0.00179189
-0.00157013
-0.0014265
-0.0014353
-0.00143418
-0.00136017
-0.00129795
-0.00125395
-0.00122175
-0.00117281
-0.00113302
-0.00103013
-5.24518E-4
3.67899E-4
0.00107299
0.00164631
0.0017701
0.00153895
0.00135027
9.31527E-4
4.35484E-4
4.24967E-4
4.26867E-4
7.68439E-4
9.97201E-4
3.93025E-4
-5.80649E-4
-4.94299E-4
5.61224E-4
9.09611E-4
5.38413E-4
2.86725E-4
2.88763E-4
2.59715E-4
1.3365E-4
-3.57476E-4
-0.00121223
-0.00157795
-0.00175002
-0.00202929
-0.00153922
-6.80979E-4
-3.00298E-4
-5.02214E-4
-1.9621E-4
1.95828E-4
8.42843E-5
-1.01407E-4
-1.34419E-4
-1.34515E-4
-2.01076E-4
-2.48337E-4
-3.08299E-4
-3.835E-4
-4.66499E-4
-5.31751E-4
-5.71286E-4
-5.79647E-4
-6.26052E-4
-6.99087E-4
-7.67324E-4
-8.18254E-4
-8.71472E-4
-9.22839E-4
-9.72121E-4
-9.8771E-4
-9.78009E-4
-9.99026E-4
-0.00105507
-0.00110084
-0.00113289
-0.00119466
-0.0016489
-0.00251211
-0.00323184
-0.00380269
-0.00395138
-0.00375431
-0.00358659
-0.00350454
-0.00377996
-0.00400615
-0.00333814
-0.00270362
-0.00275476
-0.00318845
-0.00344876
-0.00310173
-0.00285169
-0.00230645
-0.001834
-0.00174205
-0.00130732
-3.8908E-4
2.2323E-5
-1.74468E-4
-7.18102E-4
-0.00149716
-0.00171936
-0.00148584
-0.00173252
-0.00250206
-0.00272171
-0.00231751
-0.00162088
-7.19365E-4
-3.17772E-4
-3.3348E-4
-3.49968E-4
-6.5691E-4
-0.00137361
-0.00159518
-0.00133103
-0.00148605
-0.0018294
-0.00163622
-0.00173998
-0.00153149
-5.25847E-4
7.04993E-5
4.51583E-4
0.00126543
0.00170948
0.00158507
0.00146694
0.00150958
0.00155931
0.00153982
0.00151386
0.00151245
0.00154248
0.00158861
0.00159508
0.00157221
0.00152257
0.00109081
2.80643E-4
-7.8198E-7
-1.31266E-4
-7.6289E-4
-0.00105205
-7.88304E-4
-5.38477E-4
-4.19415E-4
4.02181E-5
5.87499E-4
6.10933E-4
9.9802E-4
0.00144887
0.00145504
0.00136499
0.00137858
0.00144449
0.0014533
0.00149934
0.0020935
0.00284765
0.0029974
0.00333266
0.00394802
0.00404445
0.00373436
0.00346249
0.00277991
0.00192566
0.00166367
0.001765
0.00180632
0.00227248
0.00293252
0.0029974
0.00270162
0.00246666
0.00182046
0.00101825
8.23961E-4
0.00100168
0.00154904
0.00217861
0.00274999
0.00264189
0.00185895
0.00140383
8.59563E-4
1.14089E-4
-1.40652E-4
-1.8501E-5
3.08154E-5
-3.94874E-5
-3.13301E-5
5.62353E-4
0.00135432
0.00202366
0.00248898
0.00244891
0.00218176
0.00194322
0.00124078
3.55394E-4
4.50793E-5
-4.42209E-4
-0.00119057
-0.00142116
-0.00123953
-0.00114848
-0.0011789
-0.0011892
-0.00113886
-0.00110206
-0.00108333
-0.00101636
-4.45695E-4
-2.72224E-4
-8.8988E-4
-0.00122748
-0.00106692
-9.26934E-4
-9.49214E-4
-9.82154E-4
-8.9402E-4
-2.62748E-4
4.95543E-4
6.54059E-4
9.60512E-4
0.00100602
3.81086E-4
-1.19606E-5
4.58648E-5
1.03276E-4
-3.63741E-5
-6.57955E-4
-7.09851E-4
-1.85875E-4
-5.91065E-4
-0.00151598
-0.00173289
-0.00145171
-0.00132801
-0.00137351
-0.0013699
-0.00129527
-0.00123465
-0.00120197
-0.00117462
-0.00106397
-2.6465E-4
4.5247E-4
4.10042E-4
1.79116E-4
2.07407E-4
9.38952E-4
8.17647E-4
-4.89623E-6
-2.36739E-4
-7.67371E-5
-2.75482E-5
-1.44204E-4
-2.03446E-4
-2.12619E-4
-2.17157E-4
-2.58382E-4
-2.77976E-4
-3.72613E-4
-0.00114211
-0.00184995
-0.001784
-0.00154705
-0.00148134
-0.00143932
-6.7843E-4
-6.8142E-4
-0.00136144
-0.00151147
-0.00126724
-0.00106964
-3.25533E-4
3.68148E-4
3.71868E-4
1.72001E-4
1.40661E-4
1.87767E-4
1.01825E-4
-7.11521E-4
-0.0014187
-0.00135863
-0.00111783
-0.00100064
-2.66326E-4
4.6391E-4
4.7684E-4
2.03306E-4
-5.90047E-4
-0.00121896
-0.00115893
-9.49895E-4
-9.05762E-4
-8.54509E-4
-1.04409E-4
-1.12234E-4
-8.08161E-4
-9.54453E-4
-7.84773E-4
-0.00141455
-0.00212065
-0.00202851
-0.00170276
-0.00149503
-7.08448E-4
8.1676E-5
1.46883E-4
4.67568E-7
8.43556E-5
9.76996E-4
0.00167278
0.0015654
0.00131458
0.00127664
0.00130418
0.00124873
0.00108014
9.41577E-5
-5.57789E-4
-3.65851E-4
-6.27534E-5
8.42378E-4
0.00139989
0.00128092
0.00200474
0.00261409
0.00239419
0.00206086
0.00187672
9.19019E-4
9.50312E-5
-7.31148E-4
-0.00119406
-0.00100892
-8.59054E-4
-8.30492E-4
-9.27293E-4
-0.00177555
-0.00233101
-0.00202374
-0.00172712
-0.00163961
-0.00161341
-0.00146437
-0.00133034
-0.00120675
-0.00113007
-9.27777E-4
9.17025E-5
8.18891E-4
6.52763E-4
5.52501E-4
6.35818E-4
7.32308E-4
6.83305E-4
6.73537E-4
6.62365E-4
5.38606E-4
-3.65435E-4
-2.81681E-5
8.38267E-4
8.70624E-4
6.16704E-4
5.8842E-4
6.87522E-4
7.06554E-4
6.64442E-4
6.55962E-4
6.59606E-4
6.68234E-4
6.53676E-4
6.47135E-4
7.2848E-4
0.00157269
0.00125083
3.83285E-4
3.57094E-4
5.90512E-4
6.25495E-4
5.11709E-4
4.98046E-4
5.20706E-4
5.33557E-4
5.097E-4
5.03545E-4
5.03987E-4
4.20117E-4
-5.2376E-4
-0.00105915
1.09054E-4
9.88183E-4
7.69716E-4
7.5089E-4
0.00192284
0.00334086
0.00349467
0.00296817
0.00269802
0.00243423
0.00170172
0.00191278
0.00242944
0.00226083
0.00192788
0.00175374
0.00144851
4.37924E-4
-4.12273E-4
-0.00116178
-0.00148158
-0.00106943
-8.35505E-5
6.2264E-4
0.00121603
0.00126652
4.1288E-4
4.12561E-4
3.90469E-4
4.67782E-4
-3.14512E-5
-6.3013E-4
-5.93703E-4
-4.70522E-4
-4.89061E-4
-5.69081E-4
-3.24703E-4
5.41948E-4
9.80181E-4
6.98794E-4
4.59099E-4
1.6967E-4
-7.06819E-4
-0.0012639
-0.00110835
-9.71602E-4
-0.00100423
-0.00107762
-0.00104357
-0.00102348
-0.00100619
-0.00102121
-9.89135E-4
-7.34613E-4
1.50398E-4
5.90431E-4
3.56779E-4
1.3737E-4
1.36158E-4
1.2763E-4
5.21673E-5
-5.38761E-5
-3.53931E-4
-0.0012826
-0.00202702
-0.00269813
-0.00296345
-0.00273677
-0.00254696
-0.0024734
-0.00240371
-0.00227786
-0.00215769
-0.00205642
-0.00196265
-0.00186291
-0.00176464
-0.00167145
-0.00158095
-0.00149348
-0.00140401
-0.00135117
-0.00169115
-0.00241293
-0.00263398
-0.00272498
-0.00328039
-0.00346852
-0.00308048
-0.00232214
-0.00135063
-9.24186E-4
-9.64853E-4
-8.89287E-4
-3.23231E-4
1.98725E-4
-2.23077E-4
-2.45617E-4
7.43405E-4
0.00126962
0.0010823
9.22797E-4
0.00100039
0.00107298
0.00105629
0.00102703
0.00103464
0.00104445
0.00104487
0.00103745
0.00103729
0.00103473
0.00103366
0.00102767
0.0010251
0.00101887
0.00101541
0.00100789
0.00100326
9.94936E-4
9.89352E-4
9.80213E-4
9.73551E-4
9.64096E-4
9.54431E-4
9.74034E-4
0.00138704
0.00217818
0.00243883
0.00216977
0.00198678
0.00196451
0.00187471
0.00117407
3.32806E-4
1.54409E-4
3.96442E-4
9.81639E-4
0.00105928
3.92033E-4
6.65375E-5
2.14065E-4
3.25553E-4
2.31617E-4
1.44271E-4
1.04954E-4
-4.42979E-4
-0.00118054
-0.00127882
-0.00102019
-8.32702E-4
-2.36541E-4
5.6285E-4
7.58273E-4
5.90109E-4
5.2406E-4
5.87717E-4
6.00153E-4
5.71303E-4
5.4565E-4
5.90664E-4
5.80805E-4
-9.91004E-6
-7.90568E-4
-8.5083E-4
-1.83983E-5
8.39349E-4
9.14352E-4
6.97095E-4
6.46999E-4
7.19414E-4
7.01534E-4
6.5773E-4
6.14074E-4
6.13964E-4
5.835E-4
5.69314E-4
5.37862E-4
4.61591E-4
-2.13872E-4
-2.32298E-4
-2.43713E-4
1.02177E-5
5.64009E-4
6.56829E-4
5.18102E-4
4.47448E-4
4.81139E-4
4.71366E-4
4.34792E-4
3.98985E-4
3.84603E-4
3.64209E-4
3.41826E-4
3.17559E-4
2.97256E-4
2.77033E-4
2.55971E-4
2.36379E-4
2.15412E-4
1.97784E-4
1.76762E-4
1.60334E-4
1.40313E-4
1.19866E-4
1.66874E-4
9.09263E-4
0.00157419
0.00141439
3.76149E-4
-3.96489E-4
-3.29037E-4
-1.56686E-4
-1.91331E-4
-2.90148E-4
-2.89709E-4
-1.8589E-4
7.41805E-4
0.00133414
0.00108104
8.08614E-4
7.76905E-4
7.79546E-4
6.80877E-4
5.72011E-4
4.97256E-4
4.39126E-4
3.60912E-4
3.74841E-4
0.00123309
0.00179015
0.00147603
0.00115281
0.00106683
0.00109181
9.79883E-4
8.16463E-4
6.72798E-4
5.72692E-4
3.92863E-4
2.43605E-4
1.42054E-4
6.81046E-5
-3.60849E-5
-1.2254E-4
-2.1687E-4
-2.86059E-4
-3.85887E-4
-6.93273E-4
-0.00139562
-0.00128825
-0.00151541
-0.00179332
-9.36454E-4
-3.36709E-4
-5.37103E-4
-7.9338E-4
-7.9659E-4
-7.61397E-4
-8.22656E-4
-8.98783E-4
-9.42503E-4
-9.66665E-4
-0.00100631
-0.00104206
-0.00107897
-0.00110237
-0.00114535
-0.00142094
-0.00231229
-0.0027713
-0.00253956
-0.0023336
-0.00232721
-0.00235795
-0.00269668
-0.0034227
-0.00363354
-0.00332235
-0.00308933
-0.00300507
-0.00294826
-0.00317911
-0.00341334
-0.00275159
-0.00211091
-0.00206584
-0.00210591
-0.00196658
-0.00178984
-0.0016813
-0.00160225
-0.00149427
-0.00141688
-0.00173309
-0.00244722
-0.00258836
-0.00182245
-7.54987E-4
-3.91741E-4
-5.26963E-4
-5.5447E-4
-8.14007E-4
-0.001508
-0.00173549
-0.00143266
-0.00118734
-0.00105961
-3.81405E-4
5.0417E-4
7.49526E-4
6.04886E-4
5.92942E-4
7.04545E-4
7.17005E-4
1.83267E-4
5.45077E-5
7.29388E-4
0.00111952
0.00100618
9.11819E-4
9.8006E-4
0.00105651
0.0010942
0.00110331
0.00107674
0.00107901
0.00110091
0.0010741
4.95571E-4
-2.22731E-4
-3.09449E-4
-4.04537E-5
1.35622E-4
7.33832E-4
0.00151698
0.00171843
0.00154313
0.00148624
0.00153895
0.00155928
0.00151932
0.00149929
0.00148901
0.00148131
0.0015248
0.00225641
0.00289935
0.00281171
0.00252957
0.00243953
0.00241912
0.00233282
0.00220915
0.00211851
0.00203718
0.00195949
0.00186704
0.00179037
0.00170573
0.00163623
0.00155283
0.00148645
0.00141149
0.0012859
4.7543E-4
-2.3615E-4
-2.3275E-4
-2.73705E-5
-2.06515E-5
-6.99765E-5
-6.54909E-5
-9.10386E-6
7.93273E-7
1.77222E-5
2.42681E-5
-3.41647E-5
-8.32792E-4
-5.91801E-4
-6.47263E-4
-0.00119819
-0.00117968
-9.45257E-4
-8.08266E-4
-7.96665E-4
-7.30457E-4
-6.35936E-4
-5.50558E-4
-4.88379E-4
-4.19669E-4
-4.31608E-4
-0.00124718
-0.00177321
-0.00139792
-2.09486E-4
4.51323E-4
2.52642E-4
1.34807E-4
2.47612E-4
3.68037E-4
3.61672E-4
4.45325E-4
0.00134448
0.00196123
0.0017418
0.00150829
0.00149337
0.00153128
0.00137388
4.31003E-4
-1.98445E-4
3.74074E-6
1.97451E-4
1.78578E-4
1.13203E-4
1.62358E-4
2.04848E-4
2.37174E-4
1.57865E-4
-6.76402E-4
-0.00114841
-4.07712E-5
7.76445E-4
5.89865E-4
3.3942E-4
4.12043E-4
5.20197E-4
5.13525E-4
3.98481E-4
-3.84571E-4
-8.91282E-4
-6.67456E-4
-3.92122E-4
-3.27274E-4
-3.54452E-4
-2.88619E-4
-2.05537E-4
-8.84787E-5
-2.64453E-5
8.43999E-5
9.40201E-4
0.0015397
0.00139601
0.0012244
0.00120351
0.00128342
0.00125163
0.00122746
0.00118726
0.00114031
0.00107146
0.00107662
0.00105004
0.00101381
0.00120867
0.00195991
0.0023207
0.00205554
0.00179325
0.00175872
0.00170761
0.00155235
0.00140133
0.00133466
0.00126209
0.00118006
0.00106938
9.4544E-4
8.14456E-4
5.0308E-4
-2.97446E-4
-7.52415E-4
-6.36138E-4
-3.35173E-4
3.2923E-4
6.24682E-4
4.10861E-4
2.65275E-4
2.44376E-4
1.89522E-4
8.82139E-5
3.48927E-5
-1.69471E-5
-1.14989E-4
-4.09825E-4
-9.96942E-4
-7.1231E-4
-1.98308E-4
-2.99303E-4
-5.26543E-4
-6.01532E-4
-5.82896E-4
-6.43646E-4
-7.14581E-4
-7.79386E-4
-8.10748E-4
-8.61808E-4
-9.00281E-4
-9.49959E-4
-9.69844E-4
-8.04475E-4
-1.2916E-4
1.87936E-4
-4.73979E-5
-2.62476E-4
-3.04156E-4
-3.42964E-4
-4.41134E-4
-5.4465E-4
-6.15163E-4
-6.81217E-4
-7.47244E-4
-8.16864E-4
-8.74383E-4
-9.31898E-4
-9.90391E-4
-0.00124356
-0.00196542
-0.00235524
-0.00218147
-0.00205331
-0.0022468
-0.00274488
-0.00235295
-0.00175811
-0.00174504
-0.00187427
-0.00184045
-0.00173491
-0.00169295
-0.0016799
-0.0016472
-0.00160088
-0.00155985
-0.00152568
-0.00148783
-0.00144963
-0.00140944
-0.00137278
-0.00133311
-0.00129622
-0.001256
-0.00121952
-0.00117937
-0.00114324
-0.00110303
-0.00106739
-0.00102727
-9.92225E-4
-9.52173E-4
-9.17865E-4
-8.77927E-4
-8.44497E-4
-8.04453E-4
-7.80104E-4
-9.24575E-4
-0.0015156
-0.00179086
-0.00156785
-0.00136585
-0.00131253
-0.00126378
-0.00116585
-0.00123756
-0.00176413
-0.00199406
-0.00172324
-0.00147974
-0.0013798
-0.00129521
-0.00113992
-8.21792E-4
-1.01908E-4
3.0645E-4
2.37538E-4
1.89253E-4
2.73505E-4
3.60432E-4
3.84803E-4
4.0723E-4
4.44275E-4
4.89162E-4
4.99441E-4
2.46296E-4
-2.62727E-4
-4.0385E-4
-2.1785E-4
-3.49589E-4
-8.42189E-4
-9.64596E-4
-6.74231E-4
-1.89349E-4
4.16532E-4
6.75903E-4
6.52655E-4
6.93639E-4
7.75505E-4
8.00458E-4
8.11113E-4
8.54306E-4
9.02201E-4
9.40343E-4
9.6928E-4
0.00100337
0.00101393
7.76369E-4
2.95856E-4
1.57631E-4
3.47492E-4
4.83617E-4
5.12416E-4
5.7479E-4
8.94911E-4
0.00122078
0.00120156
0.00141686
0.00167946
0.00166149
0.00158346
0.0015669
0.00160452
0.00184374
0.00230024
0.00243241
0.00227758
0.00239993
0.00284074
0.00294674
0.00270431
0.00251698
0.00242233
0.00209022
0.00149982
0.0012098
0.00102235
5.5206E-4
9.32658E-5
-4.17284E-5
3.56028E-4
6.65985E-4
6.02825E-4
5.14511E-4
5.32237E-4
5.7011E-4
5.60151E-4
5.42719E-4
5.36714E-4
5.38124E-4
5.31096E-4
5.23576E-4
5.13595E-4
5.24716E-4
7.60432E-4
0.00119529
0.00110527
5.11811E-4
2.57885E-4
3.80254E-4
4.58401E-4
4.27587E-4
3.88713E-4
4.04829E-4
6.64389E-4
0.00104667
0.00111356
9.57144E-4
8.58824E-4
8.33451E-4
7.89445E-4
7.18278E-4
6.9753E-4
9.68812E-4
0.00128934
0.0012672
0.00107219
9.54221E-4
8.96842E-4
8.15715E-4
7.13593E-4
6.22528E-4
5.45045E-4
4.68686E-4
