-2.49433E-8
-1.71778E-6
-1.40381E-6
-2.93549E-6
3.16412E-6
1.26595E-6
-1.97329E-5
-5.35251E-5
-4.0785E-5
-4.33395E-5
-1.7673E-5
5.27601E-5
4.14051E-5
7.23053E-5
1.7659E-4
1.86788E-4
1.23166E-4
9.42838E-6
-1.01047E-5
-3.21411E-5
8.8779E-5
3.07541E-4
3.77147E-4
-1.39786E-5
-2.87127E-4
-4.68799E-4
-4.1304E-4
-6.83127E-4
-7.94037E-4
-3.76269E-4
-9.77264E-5
3.19595E-4
0.00114699
0.00201919
0.00103999
6.51854E-4
4.08539E-4
-3.94918E-5
2.74984E-4
-6.31289E-4
-4.63139E-4
8.06566E-4
6.50417E-4
1.63767E-5
-0.00180952
-0.00191338
-0.0017878
-0.00269046
-0.00231252
-0.00158271
-4.27529E-4
0.00233048
0.0030715
9.51522E-7
3.39055E-4
8.66898E-4
-7.89316E-4
-0.00387461
-0.0032483
-0.00258397
6.21002E-4
0.0077796
0.00784259
0.00631788
0.00131886
-2.06289E-4
-0.00163796
-0.0036395
-0.00458219
-0.00352122
-0.00201695
0.00239987
0.00329919
0.00149697
-0.00344408
-0.00661545
-0.00779844
-0.00308771
0.00190562
0.00461277
0.00988207
0.00921131
0.00272511
-0.00349982
-0.00647085
-0.00564589
-3.53284E-4
-0.00136245
6.29581E-5
6.47105E-4
-0.00545981
-0.00542398
-9.15092E-4
-0.00102155
0.00931187
0.0218313
0.0155346
0.00157022
-0.00491097
-0.0106804
-0.0138409
-0.00431352
0.00145697
0.00570894
0.0112397
0.00826287
4.42757E-4
-0.0091507
-0.0118575
-0.0165723
-0.0107584
0.00413566
0.0131491
0.0177214
0.0164279
0.00809588
-0.00724979
-0.00499195
-0.00997966
-0.0173682
-0.0051576
0.00163098
0.00608933
0.0120463
0.0022291
-0.00834271
-0.0085085
-0.00729054
-0.00481652
2.52674E-5
-0.00139229
-0.00446399
0.00560052
0.00824095
0.0104061
0.00897408
0.00152607
-0.00401872
-0.0106634
-0.00395849
0.00913436
0.0112859
0.00580773
-0.00256907
-0.0060402
-0.00240877
0.00149368
-0.00115466
8.89715E-4
-4.30319E-4
-0.00148097
-0.00152408
-0.00939528
-0.00947404
0.00394653
0.00717236
0.00705718
0.0032888
-0.00934011
-0.0128916
-0.00466843
-0.00170792
-0.00330572
0.00463087
0.00320916
0.00545477
0.0122205
0.00127308
-0.018148
-0.0175296
-0.00360482
0.00480848
0.0072071
0.0084673
0.00946363
0.00442169
0.00529177
-9.81803E-4
-0.0102819
-0.00584013
-0.00261401
0.00267957
0.0129604
0.0118245
-0.00142055
0.0015292
0.00562369
-0.00809394
-0.0198358
-0.014866
5.84079E-4
0.0167627
0.0271569
0.0267157
0.0123094
-0.00814594
-0.0221016
-0.0194352
-0.00833743
-0.0074051
-0.00414295
8.58585E-4
-8.10634E-4
-0.0076258
-0.0116062
5.05602E-4
0.00552887
0.00250899
0.00411796
0.0014478
-0.00115583
0.00306266
0.00355897
0.00589115
0.00517372
0.0102025
0.00716392
0.00103739
0.00115005
-0.004131
-5.00701E-4
-0.00386034
-0.00917744
-0.00199294
-0.00343117
0.00104963
0.0136033
0.0105114
-0.00112865
-0.00970409
-0.010925
-0.00214689
0.00405806
0.00341715
0.00506806
0.00155752
0.00894338
0.0115893
0.00757517
-0.00627888
-0.0163274
-0.00316668
0.0149468
0.0294766
0.0370297
0.0235052
0.00620964
0.0261983
0.0457507
0.00422976
-0.0577255
-0.0436752
-0.00349103
-0.0294713
-0.0954438
-0.115804
-0.0991836
-0.0412866
0.00390085
0.013065
0.0249886
0.0360732
0.0266758
0.0227604
0.0476122
0.0736295
0.054304
0.0213352
0.0206994
0.0237158
0.0242279
0.03661
0.0303059
0.0120107
-0.00293987
-0.0274615
-0.0462117
-0.0358707
-0.0178814
-0.0116542
-0.0156903
-0.0445604
-0.0711078
-0.0817352
-0.0764253
-0.0482861
-0.00446239
0.0195208
0.0217544
0.0239872
0.044792
0.07314
0.100881
0.0787921
-0.00897085
-0.0408621
0.00993501
0.0768779
0.0929526
0.0342423
-0.025187
-0.0246459
-0.024429
-0.0455204
-0.0588581
-0.0585498
-0.0703876
-0.0417556
0.0129243
0.0377658
0.0421826
0.0461231
0.0514649
0.0659154
0.0763345
0.0502613
0.00651606
-0.0312989
-0.0589886
-0.0567409
-0.0435832
-0.0438261
-0.0470997
-0.0388064
-0.0130865
0.0138643
0.0270274
0.0229339
0.0174231
0.0200015
0.0129605
0.0178138
0.0313252
-0.0028844
-0.0390365
-0.0293106
-0.0364992
-0.0712124
-0.0813303
-0.0579585
-0.00971244
0.00505456
-0.00531811
-0.00333562
0.0149055
0.043257
0.063603
0.0755218
0.083448
0.0715666
0.050325
0.0401645
0.0268206
0.00429532
-0.013
-0.034258
-0.0519883
-0.0404089
-0.00183844
0.0118287
-0.0164165
-0.0394761
-0.0243482
0.0105973
0.0287458
0.0148921
-0.0118736
-0.0262987
-0.0305095
-0.0310149
-0.022151
-0.0244813
-0.0409397
-0.0512191
-0.045733
-0.0320764
-0.0245211
-0.0187387
-0.00342616
0.00884734
0.00871344
0.00374044
0.00201043
0.00119644
-0.00103763
0.0062409
0.016899
0.0297927
0.0485472
0.0688779
0.0718573
0.0814413
0.0898916
0.0644675
0.024051
0.0015517
-0.0178247
-0.0530147
-0.0826964
-0.0895798
-0.0796704
-0.0701308
-0.0557151
-0.0228629
0.00693375
0.0272078
0.043866
0.0587308
0.0666579
0.0536321
0.0286111
0.0128418
0.0128549
0.0225399
0.0377829
0.0488119
0.0530037
0.043483
0.0140561
-0.0137298
-0.0406905
-0.0685066
-0.0764302
-0.0702359
-0.0694691
-0.0574757
-0.0276212
0.0112218
0.0479914
0.0616843
0.0422966
0.0280083
0.0268922
0.0278291
0.0275407
0.0273092
0.0213943
0.0117815
0.00922918
6.94034E-4
-0.0213539
-0.0367781
-0.03909
-0.0407079
-0.0547325
-0.0621315
-0.0634361
-0.0666245
-0.0551864
-0.0316285
-0.0102426
0.00234085
0.00824532
0.00546065
0.0146796
0.0216314
0.0143544
0.0182195
0.0387673
0.046898
0.0347966
0.0111941
-0.0135291
-0.0153094
-0.0065196
-0.0187514
-0.0283228
-0.0157246
-0.00172148
0.019699
0.0487179
0.062383
0.0484575
0.030226
0.0290317
0.0377718
0.0310173
0.0014041
-0.0301933
-0.0374582
-0.0270484
-0.0176599
-0.0251054
-0.0261809
-0.0266993
-0.0357677
-0.0265553
-9.93335E-5
0.00752672
0.00322391
-0.00284536
-0.00629921
0.0049364
0.016568
0.00600735
-0.0112008
-0.0109091
-0.00434033
-0.00386075
-0.00154301
0.00261968
-0.00351375
-8.98589E-4
0.00912556
0.0130657
0.0224349
0.0404415
0.0548684
0.05483
0.0374459
0.0155043
-0.00279729
-0.0109147
-4.59483E-4
0.0167697
0.0197344
0.0155051
0.00951338
-0.00615751
-0.0269088
-0.0409261
-0.03929
-0.0270697
-0.0150017
-0.0100198
-0.0140741
-0.0282915
-0.0453286
-0.0428944
-0.0236046
-0.00802043
0.00899617
0.0255861
0.0323232
0.0239474
0.00388759
-0.00678189
-0.0120004
-0.017245
-0.0092217
-0.00536099
-0.016015
-0.0214741
-0.0145929
-0.00466672
0.00491074
0.0122447
0.00708942
-0.00995959
-0.013545
0.00288731
0.0232915
0.0424772
0.0504194
0.0459062
0.0367835
0.0219371
0.00531629
-0.00969671
-0.013785
-0.00609161
0.00686775
0.0065767
5.60136E-4
-0.00755139
-0.0186192
-0.0258415
-0.0265847
-0.0281101
-0.0258265
-0.0167602
-0.00297068
0.0114594
0.0214676
0.02525
0.026194
0.0266006
0.028505
0.0269828
0.0151787
-8.88618E-4
-0.0104371
-0.0196124
-0.0368848
-0.0527452
-0.0598315
-0.0527557
-0.0363391
-0.0266025
-0.0187716
-0.00929025
-2.10196E-4
0.00178542
0.0081721
0.029843
0.0520055
0.0610952
0.0614216
0.0573422
0.0523218
0.0518574
0.0509332
0.0442128
0.0319197
0.0187339
0.00438672
-0.0114034
-0.0221123
-0.0307631
-0.0379828
-0.0432173
-0.0427636
-0.0385748
-0.0398513
-0.0398497
-0.0287604
-0.0221446
-0.0270986
-0.0270131
-0.0148238
-0.00135654
0.0105709
0.0208204
0.0257439
0.0271668
0.0240268
0.024477
0.0290475
0.0289044
0.016665
-0.00409519
-0.0185374
-0.0262265
-0.0339205
-0.0343776
-0.028523
-0.025144
-0.0257953
-0.0221187
-0.0133084
-0.00399514
0.00364135
0.0104983
0.0194328
0.0251779
0.0251879
0.0233016
0.0180655
0.00733222
-0.0025189
-0.00496066
-0.0040843
-7.42664E-4
-1.09137E-4
-0.00395317
-0.00827361
-0.00707297
-0.00642011
-0.00791838
-0.00366146
0.00957352
0.0207701
0.0254589
0.0260565
0.024685
0.0189591
0.0107348
8.64042E-4
-0.00586354
-0.00937972
-0.0118188
-0.0150269
-0.0148583
-0.0102788
-0.00554646
5.93155E-4
0.00671651
0.00945266
0.00757267
0.00378482
-0.00332772
-0.00581442
-0.00323388
-0.00544219
-0.0160682
-0.0236284
-0.0201571
-0.00842191
0.00127826
0.00505339
0.00497995
0.00848565
0.00881645
0.00248102
3.96334E-4
0.00358235
0.00589537
0.00367448
0.00241604
0.00452987
0.0121023
0.0177236
0.015983
0.0126448
0.00881574
0.00898685
0.0115783
0.0136711
0.0104678
0.00306588
-0.00793078
-0.0140021
-0.0132532
-0.0125255
-0.0119505
-0.0113988
-0.0107984
-0.0102696
-0.00880239
-0.00814831
-0.0119444
-0.0158299
-0.0154049
-0.0129099
-0.00417992
0.00872205
0.0146884
0.0160688
0.0170622
0.019171
0.020924
0.0186106
0.00905989
-0.00146605
-0.00880642
-0.0100752
-0.00581911
-0.00179224
-0.00536275
-0.0143211
-0.0187375
-0.0147921
-0.00729512
-0.00409153
-0.0082473
-0.0131288
-0.014049
-0.014372
-0.0106227
-0.00610486
-0.00866229
-0.0109812
-0.00541764
-1.52165E-4
7.59979E-4
0.0034757
0.00892576
0.0126528
0.0150963
0.0128642
0.00757955
0.00711026
0.00628789
0.0045455
0.0046389
0.00271351
6.10576E-4
5.33319E-4
-0.00560165
-0.0156842
-0.0251644
-0.0325011
-0.031892
-0.02341
-0.0167249
-0.0113251
-0.00203655
0.00534737
0.00567307
0.00769529
0.0117723
0.0135847
0.0168039
0.023783
0.0323409
0.0379927
0.039851
0.0376214
0.0331285
0.0274041
0.0216863
0.018686
0.0148958
0.00915864
0.00705696
0.00799135
0.0101955
0.0105003
0.00899596
0.00501179
-0.00299262
-0.0126213
-0.021364
-0.0255742
-0.0252968
-0.0278399
-0.0298473
-0.0295462
-0.0233426
-0.0159375
-0.0136135
-0.0151357
-0.0165398
-0.0157508
-0.0138657
-0.0144363
-0.0130461
-0.0115325
-0.00462406
0.00809031
0.0155746
0.0140881
0.0116413
0.0125504
0.0133759
0.0130739
0.0163286
0.0201226
0.0179257
0.0104941
0.00690725
0.0103411
0.0127633
0.00731369
7.34625E-4
-0.00624545
-0.0103591
-0.0121419
-0.0115394
-0.00605925
-8.63041E-4
0.00148277
0.00436358
0.00637227
0.00763771
0.00687653
0.00577373
0.0026497
-0.00160959
-0.0069804
-0.00613608
-0.00429858
-0.00433616
-0.00425214
-0.00481029
-0.00811853
-0.00974273
-0.010684
-0.0102189
-0.0070015
-3.47524E-4
0.00481983
0.00307546
-0.00156503
-0.00462629
-0.00684948
-0.00491033
-0.00226527
-6.35217E-4
-0.00224143
-0.00666197
-0.00775029
-0.00164453
0.00744754
0.0112323
0.00972623
0.00714643
0.00624984
0.00373302
-0.0012212
-0.00983484
-0.0145654
-0.0123972
-0.00893212
-0.00606562
-0.00166478
-0.00171483
-0.00943535
-0.0101073
-0.00649949
-0.00392734
-9.48997E-4
0.00123181
0.00189403
0.00187514
0.00315788
0.00447682
0.00426978
0.0040456
0.00311252
0.0041272
0.00626239
0.00668827
0.00696529
0.00545575
0.00485055
0.00792128
0.00764116
0.0052579
0.00391296
8.91604E-4
2.75826E-4
0.00340907
0.00926186
0.0121898
0.00640275
0.00148938
2.96352E-4
0.00146866
0.00520602
0.00786496
0.00594345
0.0023804
7.15655E-4
-0.00138373
-0.00448194
-0.00804226
-0.0124287
-0.0139594
-0.0103787
-0.00436051
0.00412022
0.00762521
0.00628824
0.00343477
-0.00139215
-0.0032074
-0.00239568
-6.31946E-4
3.88452E-4
0.00253077
0.00613827
0.00910096
0.0133375
0.0168977
0.0136178
0.00650293
0.00278798
0.00150816
8.27387E-4
-0.0029446
-0.00859903
-0.0140963
-0.01508
-0.0128659
-0.00837065
-0.00169584
0.00397372
0.00566536
0.00478055
0.00175055
-0.00341328
-0.00793404
-0.00602405
-0.00216049
-0.00211595
-0.00385115
-0.00761181
-0.0115981
-0.0166944
-0.0199867
-0.0193507
-0.014888
-0.00957638
-0.00549223
-0.0018376
0.00142969
0.00454139
0.00830931
0.01212
0.0117667
0.0108213
0.00900787
0.00590013
0.00412979
0.00427273
0.0030188
5.2935E-4
-3.05532E-4
-0.00185223
-0.00483429
-0.00524965
-0.00366999
-0.00467626
-0.00786924
-0.00840971
-0.00563923
-9.54122E-4
0.00220249
0.00346634
0.0032421
0.00217117
-7.65208E-5
0.00187753
0.00787863
0.0127723
0.0167756
0.0178166
0.0174085
0.0178786
0.0164844
0.0140025
0.010857
0.00944736
0.0104524
0.0105934
0.00911792
0.00475162
8.81269E-4
-0.00335986
-0.00569408
-0.00490895
-0.00287043
-0.00189988
-0.00202698
-1.65948E-4
-7.44766E-4
-0.00233256
-0.00605925
-0.0128465
-0.0187203
-0.0180467
-0.0169605
-0.0152503
-0.0125491
-0.00782222
-0.00244436
7.68805E-4
0.00254898
0.00420655
0.00463754
0.0054515
0.00617676
0.00467673
6.83082E-4
-3.61689E-4
-5.47154E-4
-0.00459068
-0.00925396
-0.0097537
-0.00720568
-0.00327307
0.00108323
0.0014915
-0.00199972
-0.00713806
-0.00937621
-0.00769628
-0.00588675
-0.00568334
-0.00711131
-0.00774323
-0.00604627
-0.00275407
-2.00628E-4
-5.52185E-4
-1.92864E-5
0.00215762
0.00421866
0.00509935
0.00731645
0.00977689
0.0112985
0.0111834
0.0098984
0.00857939
0.00748204
0.00544187
4.65794E-4
-0.0047822
-0.00749442
-0.00619477
-9.37535E-4
0.00344722
0.00426039
0.00401033
0.00549533
0.00724422
0.00538362
0.00275732
-0.00261291
-0.006109
-0.00803168
-0.00930853
-0.0114863
-0.0116247
-0.00817592
-0.00292992
-0.00348892
-0.00549203
-0.00635264
-0.00849013
-0.00604621
7.30202E-4
0.00487919
0.00573303
0.00696253
0.00690812
0.00363215
7.77444E-4
-0.00197446
-3.13581E-4
0.0042743
0.00657202
0.00637906
0.00366885
0.00145166
0.00127058
0.00174927
0.00239281
0.002332
0.00414898
0.00475515
0.00372053
0.00277885
0.00392388
0.00759233
0.00978184
0.00930515
0.00784857
0.0041413
-0.00141805
-0.00394975
-0.00125865
0.00450417
0.00833661
0.00805607
0.00346376
-0.00433876
-0.00929316
-0.0108227
-0.00833336
-0.00478854
-0.00219105
-0.00101675
-0.00254975
-0.00744777
-0.0118139
-0.0126969
-0.00982716
-0.00573354
-0.00158882
0.00330165
0.00751177
0.0104616
0.0100286
0.00711105
0.00418771
0.00115746
0.00138556
0.00368751
0.00562665
0.00726175
0.00533519
0.00286856
-1.42704E-4
-0.00318598
-0.00362716
-0.00313527
-0.00141116
3.07257E-4
-9.54477E-4
-0.00504568
-0.0090207
-0.0107034
-0.00981324
-0.00690309
-0.00237801
-6.49261E-4
-0.00102286
-0.002161
-2.86363E-4
0.00400034
0.00473203
0.00412459
0.0021353
0.00160734
0.0037875
0.00406392
0.00458047
0.0034533
-0.00160823
-0.00840837
-0.0118784
-0.00886357
-0.00368957
-0.00199748
-0.00386714
-0.00411358
-0.00164574
0.0014124
0.00179761
0.00321975
0.0044416
0.00389988
0.00307595
9.42763E-4
4.33009E-4
-4.0673E-4
-0.00304104
-0.00418348
-0.00179183
0.00211953
-5.7168E-4
-0.00269618
-0.00377613
-0.00273699
6.59476E-5
0.00241636
0.00244555
-9.2409E-5
-0.00191314
-0.00330066
-0.0029957
-0.00161188
2.33274E-4
1.95183E-4
0.0013467
0.00180496
0.00147095
0.00197284
0.00373313
0.00453742
0.00191468
-4.76812E-4
2.60473E-4
0.00225712
0.00648015
0.010248
0.0120373
0.0108575
0.00748971
0.0038859
0.00166159
0.00116504
2.69168E-5
2.60192E-4
0.00127131
0.00226395
0.00121291
0.00165284
0.00205046
7.19773E-4
-0.00315661
-0.00782597
-0.0114956
-0.0122366
-0.011029
-0.00912546
-0.0045027
1.64935E-4
0.00291879
0.0034558
0.00285995
0.00108189
-0.00144864
-0.00333401
-0.00344873
-0.00231839
-0.00295427
-0.00349289
-0.00440015
-0.00517443
-0.00473741
-0.00394429
-0.00164965
5.48532E-4
0.00156098
0.00125882
6.89603E-4
-0.00158866
-0.00257596
-0.0013644
2.84749E-4
0.00107068
0.00165224
0.00284598
0.0044512
0.00443804
0.00558844
0.00588602
0.00178278
-0.00268249
-0.00454958
-0.00290357
0.00130693
0.00574918
0.00798576
0.00935642
0.00945272
0.00774557
0.00685865
0.00592197
0.00423457
0.00238273
5.57315E-5
-5.57455E-4
-0.00166847
-0.00237904
-0.00109298
-0.00193767
-0.00278923
-0.0057066
-0.00946572
-0.00920462
-0.00699983
-0.003681
-0.00134627
-5.66686E-4
-0.00164455
6.06872E-4
0.00465498
0.00742559
0.0072325
0.00525624
0.00292698
5.84273E-4
-0.00110516
-0.00190655
-0.00254814
-0.00530174
-0.00744724
-0.0101132
-0.0110528
-0.0101193
-0.00871417
-0.00494377
-0.00286418
-0.00162918
0.00263713
0.00692246
0.0105194
0.0107768
0.00843105
0.00535756
0.00261296
-1.26619E-4
-9.347E-4
3.00271E-4
6.90569E-4
0.00114919
0.00134528
0.00139225
0.00279678
0.00460506
0.00335034
0.00282483
9.82435E-4
-0.00121329
-0.00342139
-0.00490678
-0.00290019
-0.00166063
-0.00186289
-0.00168379
-0.00210047
-0.00222981
-0.001174
-4.7336E-4
8.99245E-5
-0.00119631
-0.00309678
-0.00345381
-0.00187712
-5.73704E-4
0.00192493
0.00477405
0.00788616
0.00929346
0.0093753
0.0072034
0.00512443
0.00311558
0.00246439
0.00341762
0.0045492
0.00605415
0.00433003
0.0017409
5.48476E-4
-0.00129557
-0.0024228
-0.00285601
-0.00556508
-0.00791278
-0.00959592
-0.0102941
-0.0104441
-0.00963473
-0.00845414
-0.00512978
-0.0023334
-0.00144794
-0.00190808
-0.00307516
-0.00479313
-0.00375402
-0.00285451
-0.00177766
1.12044E-4
0.00141777
0.00101313
-3.49766E-4
-0.001574
-0.00101394
-4.38143E-5
0.00250599
0.00438836
0.00633601
0.00733018
0.00828115
0.00822208
0.00654482
0.00368838
0.00221427
0.00194646
0.00272842
0.00154807
0.00121793
0.00209105
0.0036287
0.0048763
0.00228729
-0.00246687
-0.00564868
-0.00592494
-0.00304776
-0.00147852
-0.00254597
-0.00310952
-0.00356632
-0.00249054
5.73339E-4
0.00165695
0.00107297
6.80327E-5
9.77421E-4
5.66858E-4
-0.0017529
-0.00395668
-0.00545104
-0.00615423
-0.00411662
-1.95794E-4
0.00218542
0.00156696
0.00267715
0.0030791
0.00116963
3.46606E-4
5.60209E-4
0.00149874
8.7479E-4
-0.00128445
-0.00291204
-0.00245869
-4.78228E-4
-3.19711E-4
7.35062E-4
8.60796E-4
-1.0931E-4
-0.0018466
-0.00364155
-0.0040844
-0.00260666
-0.00112593
5.08072E-4
2.6125E-4
-0.00108041
-0.00228958
-9.60784E-4
0.00112236
0.00168847
4.75697E-4
-6.96371E-4
-0.00151832
0.00170687
0.00334338
0.00360809
0.00273543
7.55232E-4
-0.00163189
-0.0021172
-0.00119069
9.90322E-4
0.00301834
0.00362834
0.00320534
0.00315289
0.00304578
0.00380844
0.00347613
0.00115793
1.04021E-4
5.40179E-4
0.00200615
0.00249927
0.00132594
-3.07636E-4
-0.00216174
-0.00169855
-2.47101E-4
-1.85197E-4
0.00207092
0.00486241
0.00640384
0.00719316
0.00660496
0.00504757
0.00223517
-4.83777E-4
-0.00144457
-0.00451833
-0.00742229
-0.00733132
-0.00466812
-0.00372369
-0.00232329
-0.00229599
-0.00283721
-0.00312107
-5.28047E-4
0.00148052
4.93759E-4
-0.00183815
-0.00179597
7.60383E-4
0.00331063
0.00446729
0.00513428
0.00376686
0.00315916
0.00304666
0.00270704
0.00171906
1.62508E-4
-2.91491E-4
-6.72776E-5
9.35664E-4
7.69359E-4
-4.31737E-4
-0.00273393
-0.00413555
-0.00504582
-0.00614344
-0.00719409
-0.00664011
-0.00709115
-0.00664004
-0.00622244
-0.00526798
-0.00365038
-0.00407126
-0.00471293
-0.00448784
-0.00284619
-0.00152788
-3.89972E-4
0.00170753
0.0039602
0.00428592
0.00327919
0.00218909
0.00221256
0.00286088
0.00405367
0.0042227
0.00416778
0.00303892
0.00185771
0.00158826
0.00250421
0.00207974
0.00145686
5.95407E-4
8.57281E-4
0.00173057
0.00171509
5.07267E-4
2.85811E-4
0.00121243
0.00299966
0.00373828
0.00273709
0.00166805
0.00129695
0.00146172
-7.16206E-4
-7.48386E-4
-4.19754E-4
0.00104658
0.00255346
0.00392007
0.00261085
0.00124726
-0.00152979
-0.00205847
-0.00357255
-0.00405768
-0.00262908
-0.00176265
-0.00106392
-0.00197355
-0.0017274
-7.37144E-5
0.00140189
0.00208592
0.00210707
0.00258695
0.00331824
0.00346523
0.00177373
1.0556E-4
-0.00161057
-0.00316382
-0.00342429
-0.00248442
-0.00222286
-0.00177896
-0.0020637
-0.00291702
-0.00267299
-0.00246879
-0.00196462
-0.00281352
-0.0047045
-0.00584537
-0.00684494
-0.00518741
-0.00364525
-0.00165432
-3.56501E-4
6.69437E-4
-6.23074E-4
-0.00223929
-0.0037721
-0.0037541
-8.23172E-4
0.00276604
0.00527608
0.00681967
0.00671427
0.00565718
0.00276915
-0.00121583
-0.00258599
-0.00197536
-0.00191381
-7.65883E-4
5.82655E-4
8.86199E-4
1.91642E-4
-0.00143939
-5.29267E-4
-4.69667E-4
-0.00138251
-0.00172631
-0.00264445
-0.00307487
-0.00171576
-1.54737E-5
0.00159968
0.00304814
0.00295928
0.00188419
-1.04484E-4
-8.0322E-4
-6.80423E-4
-5.0699E-4
-8.58805E-4
-4.65172E-4
-3.29647E-4
-0.00144127
-8.57348E-4
4.18262E-4
0.00171282
0.00317685
0.00189331
0.00128973
0.00179401
0.00265964
0.00240655
0.00216294
9.01855E-4
0.00153309
0.0028322
0.00437632
0.00577812
0.00471296
0.00397896
0.00385049
0.00336187
0.00173324
-5.17951E-5
-0.00164477
-0.0020939
-0.00170009
-0.00175093
-0.00150479
-0.00148793
-8.98411E-4
-0.00103569
-0.00122254
-2.63173E-4
-2.67969E-4
-0.00117577
-0.00112394
-0.00189446
-9.16746E-4
4.60576E-4
0.00207085
0.00186576
0.00179222
0.00165463
0.00107908
1.84848E-4
1.76211E-4
7.73527E-5
5.0786E-4
0.0014966
0.00369459
0.00388385
0.00379961
0.00382412
0.00486949
0.0051511
0.00292308
0.00138166
-8.30437E-4
-0.0021764
-0.0012083
-9.09865E-5
-4.31813E-4
-0.00121467
-0.00296767
-0.00321566
-0.0047461
-0.00524744
-0.00477745
-0.00453828
-0.00429478
-0.0040081
-0.00379168
-0.00328416
-0.00223103
9.8979E-5
0.0014444
0.00213587
0.0020208
0.00195509
0.00176775
0.00176283
0.00167244
0.0024722
0.00270405
0.00222492
0.00117212
6.56077E-4
-4.03998E-4
-0.00149558
-0.00183686
-0.00157647
-0.00107969
8.18211E-4
0.00133056
0.00120675
0.00179176
0.00177304
0.00132972
0.00125955
0.00292425
0.00304638
0.00263966
0.00251809
0.0022639
0.00172801
-5.21447E-4
-0.00294893
-0.00321784
-0.00120378
-7.51715E-4
-0.00312782
-0.00389314
-0.00543898
-0.00567118
-0.00671608
-0.00664804
-0.00474103
-0.00360762
-0.00256227
-8.80482E-4
-5.40441E-4
7.81264E-4
2.90906E-5
0.00111002
0.00240463
0.00190722
0.00175933
0.00268597
0.00253309
0.0023289
7.91215E-4
9.30169E-4
0.00122042
0.00156366
1.23773E-4
-0.00144774
-0.00218691
-0.00187562
-0.00163612
-0.00123057
-0.00106671
-0.00156408
-0.00154062
-0.00136215
-0.00131781
-0.00117766
-0.00112976
-9.84785E-4
-9.69827E-4
-7.16501E-4
-4.9656E-4
3.46147E-4
4.19471E-4
7.81549E-4
0.00197068
9.67098E-4
-4.33443E-4
9.20792E-4
0.00183345
0.0018921
0.00343201
0.00326822
0.00149117
3.28904E-4
-6.73349E-4
-0.00264206
-0.00364051
-0.00341168
-0.00162056
-6.28254E-4
-8.42065E-4
-8.11686E-4
-0.00219023
-0.00252035
-0.00201284
-0.00136711
3.71839E-4
0.00117109
0.00252681
0.00215845
0.00251816
0.00322511
0.00225262
0.001335
0.00145863
0.00127464
0.00120066
7.70509E-4
-6.74841E-4
-9.32199E-4
-6.88897E-4
-6.64763E-4
-5.77999E-4
-4.86895E-4
-4.7111E-4
-7.23268E-4
-0.00184904
-0.00180909
-0.00157444
-0.00131112
-0.00121492
-9.12854E-4
-6.35328E-4
8.2351E-4
0.00141733
0.00231486
0.00233479
0.00189206
0.00114528
0.00155342
6.37654E-4
1.95407E-4
2.22452E-5
-9.11698E-4
-8.31299E-4
-6.79322E-4
-5.24579E-4
-3.04673E-4
6.00737E-4
0.00109918
8.65258E-4
9.51579E-4
8.52676E-4
0.00133777
0.00195304
0.00179495
0.00180115
0.00223539
0.00174281
0.00101655
-1.32952E-6
3.44001E-4
4.03568E-4
3.32561E-4
3.71936E-4
3.67301E-4
1.55421E-4
1.2359E-5
-5.07142E-4
-5.824E-4
-3.21083E-4
1.57202E-4
2.10389E-4
1.42604E-4
1.24779E-4
2.7578E-4
5.03668E-4
5.32393E-5
-1.3272E-4
-1.35357E-4
-3.08651E-4
-1.10223E-4
-1.19054E-4
1.65787E-5
5.25982E-5
-2.50295E-4
-2.05598E-4
-2.33377E-4
-2.29736E-4
-3.46393E-4
-5.13449E-4
-4.45768E-4
-2.77669E-4
-1.36966E-4
-1.20272E-4
2.26267E-5
-1.78328E-5
-5.63948E-5
-1.18452E-4
-2.094E-4
-3.24446E-4
-3.70758E-4
-4.0552E-4
-3.42287E-4
-2.9894E-4
-2.20997E-4
-2.03827E-4
-2.00533E-4
