-9.306452999999999E-7
-1.24093E-6
5.078325E-6
5.884566999999999E-6
-1.936994E-5
-2.6594689999999997E-5
6.734827999999999E-5
5.9329889999999995E-5
-8.560699E-5
-6.541279E-5
1.352211E-4
1.0696129999999998E-5
-2.8148889999999997E-4
-7.105309999999999E-5
2.875423999999999E-4
9.580999E-7
-3.396901E-4
1.022733E-4
4.196093E-4
-1.0525409999999999E-4
-7.696448E-5
6.402273999999999E-5
4.4728289999999995E-4
2.428709E-4
-7.616525E-4
-1.2457769999999999E-5
2.012871E-4
-9.345596E-5
-6.369716999999999E-4
-0.0015986469999999997
0.0018779269999999997
0.0017429349999999997
7.003912E-4
3.9660749999999995E-4
-4.272915E-5
0.0013398249999999998
-6.0894659999999995E-5
-0.0019208759999999997
-1.603468E-4
-0.002762159
-0.001265818
0.0011336249999999999
0.00290189
6.853351999999999E-4
-0.0023748909999999996
0.003559591
0.0038531989999999994
-0.001265197
-0.001540999
-9.091020999999999E-4
0.002887835
-0.0016454
-0.004873613999999999
-0.001159686
-8.843873E-4
-6.879609999999998E-4
5.103055E-4
0.001143345
0.005847497
0.004416527999999999
7.813444E-4
-0.001577449
-9.692805999999999E-4
3.043954E-4
-0.006669669999999999
-0.005512237
4.982597E-4
0.0021206469999999994
4.27653E-5
0.0016902659999999997
-0.0010035519999999998
-0.00383644
2.922181E-4
0.0056344229999999995
0.002196398
-0.009738094
-4.153852E-4
0.002038626
-0.004284685
-0.0021549549999999996
-7.311103E-4
0.01216337
0.0011282629999999998
-0.0029696129999999994
0.007306675999999999
-0.006102872
-0.006856706999999999
-7.547075E-4
-8.016633999999999E-4
-8.127954999999999E-4
-0.0023960129999999994
0.01039462
0.00544496
-0.0093849
-0.01197192
-0.0010622299999999997
0.0045801439999999995
-0.005099436
-0.005909453
0.0024117809999999996
0.01018238
0.009003356
-0.007510664
0.0030855459999999998
0.004066918999999999
0.0059991459999999995
6.977923999999998E-4
-0.003038762
0.00151127
0.003572846
-7.395000999999998E-4
-0.004284383
-1.282853E-4
0.01035962
-7.348399999999999E-6
-2.006995E-4
1.424453E-4
-0.0070954849999999995
-0.006389034
-0.004538765999999999
-0.001077259
-0.00794665
-0.006559595
0.010537399999999999
0.004189386
-0.0035778229999999995
-0.0021918029999999995
0.010890369999999998
0.010380609999999998
-0.008177418
-0.006717001
0.0019824919999999998
0.007407866
0.008575376
-0.008710103
-0.009899809
0.002375017
0.006577449
0.004612575
-0.007894103
2.3835839999999998E-4
-0.0036874719999999994
-0.005590503999999999
5.911490999999999E-4
0.01072966
0.006509092999999999
-0.004908775999999999
-0.002782076
0.014999689999999998
-0.01227431
-0.014740929999999998
0.006817108
0.0010271599999999998
0.0030871709999999997
0.007025993999999999
0.0037352719999999996
-0.002474054
0.0011145919999999998
0.01835718
1.4831469999999997E-4
-0.011743019999999998
0.010669039999999998
0.007268256
-0.01397345
-2.717777E-4
0.006604447999999999
0.0016199549999999997
-0.009222481
0.01186258
0.007168342999999999
-0.007873083
0.005118736
0.012184929999999998
-0.0038380549999999995
-0.021334249999999996
-0.028499899999999998
-0.007206922999999999
0.019583529999999995
0.01015925
0.0018359
0.0030531489999999994
0.01139876
-0.0023812719999999994
-0.019575159999999998
-0.0066101269999999995
0.005733464
-0.0015129149999999999
-0.01460475
-0.003918269
-0.0034195549999999995
-0.012235099999999999
-0.010199219999999998
6.502035999999999E-4
-0.00596535
-0.016592139999999995
-1.189084E-4
0.007751690999999999
0.003836698
0.01637651
0.022292669999999997
-0.001790378
-0.05499137
-0.029670219999999997
-0.006253987
0.014527749999999999
0.0630635
0.038050629999999995
0.00685644
0.07831390999999999
0.08783863999999998
-0.009944882
-0.1489822
-0.1480646
-0.0269926
0.054897869999999994
0.04660623
0.05367429
0.04700507999999999
0.04848126999999999
0.008737609999999998
-0.09066038999999998
-0.07310862999999998
-0.05737133999999999
-0.05735488999999999
-0.01492047
0.024268129999999995
0.08665739999999998
0.1069327
0.08196843999999999
0.06175734
0.06232417999999999
0.04068151
-0.012633749999999997
-0.02987285
-0.0017916649999999998
0.02505363
5.692795999999999E-4
-0.02406926
-0.02007053
-0.03849096
-0.06860804
-0.039185149999999995
0.05836732
0.1171274
0.05754888999999999
-0.07079802
-0.1297647
-0.07505615
-0.06365096
-0.03755501
0.011376399999999998
0.00910177
-0.002738384
-0.01852981
-0.04556041999999999
-0.03337246
0.005312757999999999
0.03765437
0.022412759999999997
0.03188857999999999
0.030961199999999998
0.009327876999999998
-0.029920759999999998
-0.06118201
-0.05319715
-0.04958115999999999
-0.06047452999999999
-0.10056419999999999
-0.06399129
0.06829878
0.11921279999999998
0.050855929999999994
-0.052866239999999995
-0.049437049999999996
-0.0010941109999999998
-0.019308719999999998
0.01440991
0.1059427
0.10183249999999999
0.03779774
0.022905569999999997
0.01840154
0.028305839999999995
0.1237216
0.14324299999999998
0.060500479999999995
-0.0425131
-0.03720621
0.026858849999999997
0.07342905999999999
0.03898591
-0.04813888999999999
-0.12560359999999998
-0.1474024
-0.13530879999999998
-0.07820556999999999
0.007633338999999999
0.03377204999999999
0.0111408
0.0016674179999999997
-0.06781645
-0.10791809999999999
-0.06270678
0.006386110999999999
0.0029572559999999997
-0.006370242
0.05986746
0.08724434999999998
0.07945146999999998
0.08062432
0.062022909999999994
0.029995429999999997
0.01282162
-0.0017171619999999997
0.012222979999999998
0.08530716
0.09731751
0.07710462
-0.01361775
-0.13261409999999998
-0.14780949999999998
-0.08878717
-0.04527132999999999
-0.03948660999999999
-0.02417518
0.02181981
0.06507773
0.05361703999999999
0.05130222
-0.007839981
-0.06704793
-0.021502959999999998
0.03141642
-0.009703224999999998
-0.0441631
-0.02000061
-0.020260909999999997
-0.018599209999999998
-0.01370457
-0.03662592
-0.020735259999999995
0.052341839999999994
0.10257149999999998
0.1040359
0.08100821999999999
0.045303659999999996
0.02233496
0.01772984
-0.01203276
-0.08302603
-0.1186901
-0.1053179
-0.09352450999999999
-0.03517052
0.08728654999999999
0.11790159999999998
0.040438919999999996
-0.01633623
5.849819E-4
0.03309391999999999
-0.0021335369999999996
-0.034488849999999995
-0.01398512
0.01584764
0.030456259999999995
0.01803815
0.00209485
-0.004964124999999999
0.006674381
0.004661253
-0.005262423999999999
-0.01381487
-0.031181359999999998
-0.02043915
0.007350431
-0.009674507
-0.04349490999999999
-0.044237639999999995
-0.013107339999999999
0.03655102999999999
0.03836659
0.01567673
0.003546447
-0.004259879
-0.01732898
-0.01977034
-0.010365509999999998
0.01342722
0.02037487
0.014319169999999999
0.02680189
0.03805098
0.015465429999999999
-0.02679022
-0.04270626
-0.024642479999999998
-0.008692243999999998
0.01873496
0.029314769999999997
0.007477692
-0.0030854749999999994
-0.009266797
-0.024566249999999998
-0.007026297
0.025230119999999998
0.03467242999999999
0.015301279999999999
-0.0015941049999999997
-6.787715999999998E-5
0.002883578
0.002584647
-0.01045399
-0.018154639999999996
-0.0036202639999999998
0.01940279
0.009158863
-0.013915769999999997
-0.01745691
-0.009990063
-0.0018337539999999997
-9.232832999999999E-4
-0.002311729
2.883451999999999E-4
0.0027376099999999997
0.006817965999999999
0.010279289999999998
-5.594253999999999E-4
-0.019565069999999997
-0.011277019999999999
0.01699164
0.030084249999999996
0.01705049
0.006430511999999999
-0.001549565
-0.01246287
-0.04112862
-0.05152664999999999
-0.030856769999999995
-0.001172728
0.01092905
-0.0012155099999999997
-0.012237069999999997
-0.01263443
-0.005057352
-0.013405489999999999
-0.02606092
-0.01053549
0.01543839
0.029818729999999998
0.03436299
0.03714708
0.034540839999999996
0.014218639999999998
-0.011072149999999998
-0.01215217
-0.012021349999999998
-0.01238107
0.0067007429999999995
0.028407649999999996
0.025005829999999996
0.02088342
0.00999113
-0.01966373
-0.04031097
-0.04003415999999999
-0.03557927999999999
-0.023951109999999998
-0.0034316199999999994
0.027381309999999996
0.03684239
0.027049429999999996
0.01230684
-0.01019416
-0.03215751
-0.035879
-0.0254819
0.005071749999999999
0.03064189
0.03127973999999999
0.03191865
0.042912839999999994
0.04092632
0.017729659999999998
-3.1757749999999994E-4
-0.005150036
-0.0187932
-0.03061268
-0.02309278
-0.009336888
-0.011818509999999999
-0.015350659999999999
-0.002209712
0.0067863559999999995
-0.006046374
-0.019991559999999995
-0.0066064719999999995
0.0018537559999999998
-0.014166299999999998
-0.03489178
-0.03651615
-0.020441289999999997
0.014754379999999997
0.029971119999999997
0.021440889999999997
0.02097635
0.01430687
-0.006180754999999999
-0.010146289999999999
0.009911412999999999
0.02680151
0.03229768999999999
0.033650639999999996
0.026380899999999995
0.011845829999999998
0.005020626999999999
0.006343775
0.0033925119999999994
0.0038282969999999996
0.007018199999999999
-0.003399819
-0.03387929
-0.05277074999999999
-0.04438453
-0.014577439999999999
0.01152715
0.01273743
0.02082911
0.02518761
0.006235431
-0.02622751
-0.03624985
-0.03217962
-0.03056941
-0.03882996
-0.035518289999999994
-0.007645801999999999
0.010865629999999998
0.010364609999999998
0.018516789999999998
0.02769036
0.027863509999999998
0.02902056
0.03920337
0.03448941999999999
0.0026472759999999996
-0.023711909999999996
-0.04063747
-0.04664727999999999
-0.04165778999999999
-0.03491579999999999
-0.021349679999999996
-0.010744369999999998
-0.018588439999999998
-0.019155949999999998
-0.007814699999999999
0.007392865
0.029245399999999998
0.045735529999999996
0.04198079
0.03265079
0.02975862
0.03191591
0.03354413
0.03446528
0.03856676
0.04773858999999999
0.05670856
0.06111515
0.052248909999999996
0.025180159999999997
-0.006704751
-0.0338538
-0.04929877999999999
-0.04869576999999999
-0.0396633
-0.03323593999999999
-0.02134888
-0.011117109999999998
-0.020840999999999995
-0.03436633
-0.03415056999999999
-0.02558676
-0.019922379999999996
-0.016904469999999998
-0.015179339999999998
-0.010137209999999999
-0.001176851
0.004709745999999999
0.004533763999999999
0.011660739999999998
0.023938109999999995
0.02512452
0.01700592
0.01606778
0.01950492
0.012264199999999998
-0.0026853959999999996
-0.011237449999999998
-0.011471089999999998
-0.013783729999999998
-0.01645986
-0.013488639999999998
-0.01495756
-0.018408899999999995
-0.01387409
-0.0025456909999999997
0.009414324999999998
0.021783339999999998
0.02691308
0.024056109999999995
0.01995124
0.008238250999999999
-0.001383811
0.007666917
0.01883943
0.01890296
0.011837399999999998
0.005637329999999999
-0.002837385
-0.007351524999999999
-0.006545714
-0.006273796999999999
-0.00879614
-0.015097769999999998
-0.02662723
-0.027645159999999995
-0.02033468
-0.01698656
-0.0192039
-0.023733109999999998
-0.01389028
-2.2722059999999997E-4
-0.0033439409999999996
-9.605685999999998E-4
0.01595423
0.02633318
0.02698169
0.0216697
0.0173006
0.008561001
-0.0071073609999999995
-0.01884653
-0.02227207
-0.01258131
0.006736745999999999
0.03460023999999999
0.0479448
0.0420184
0.02726882
-0.0020779009999999996
-0.02259385
-0.02848598
-0.025967969999999996
-0.01963249
-0.01715816
-0.018096509999999996
-0.01281153
-0.007571356999999999
0.001900194
0.02298513
0.03938658
0.03505980999999999
0.01549681
0.001170071
-0.004188555
-0.008006308
-0.014435409999999997
-0.024647529999999997
-0.019425689999999995
-0.01131718
-0.001728295
0.012536259999999999
0.02884159
0.036598849999999995
0.03448769
0.02009883
-0.0021698589999999997
-0.02152914
-0.036978319999999995
-0.048119209999999996
-0.056833329999999994
-0.06166513999999999
-0.05104820999999999
-0.026979389999999995
-0.016528499999999998
-0.01121557
-0.001144994
-0.001952831
-0.005267656
-4.903169999999999E-4
0.010974469999999998
0.027929729999999996
0.039533519999999996
0.04352464
0.04292769999999999
0.03989639
0.030983889999999997
0.025019439999999997
0.022932359999999995
0.02086881
0.017994959999999997
0.006600990999999999
-0.008487324
-0.018789499999999997
-0.02291703
-0.02832991
-0.02796358
-0.015477119999999999
-0.006922769
-0.013339839999999999
-0.020045829999999997
-0.01198579
-0.001243486
0.004491067
0.007923481
0.01132692
0.01833078
0.024649619999999997
0.02483893
0.021634269999999997
0.017096379999999998
0.006140969999999999
-0.005097918
-0.012886189999999999
-0.01893615
-0.019860759999999998
-0.016630299999999997
-0.014026459999999998
-0.011187179999999998
-0.005503963
0.003208513
0.008889092999999999
0.0090491
0.011020989999999998
0.004458506999999999
-9.728959E-5
0.005542125
0.009524508999999999
0.0014116859999999999
-0.004196142
-0.002340629
-0.0012271139999999999
-0.002988868
-0.008881867
-0.012513179999999999
-0.01111119
-0.009477656999999999
-0.013714899999999999
-0.015607129999999999
-0.016620769999999997
-0.01815472
-0.012066409999999998
2.327728E-4
0.014476919999999999
0.019460389999999998
0.007267165
-0.006373322
-0.0127645
-0.013554169999999999
-0.005706261999999999
0.008130373999999998
0.014452709999999999
0.01350814
0.012011189999999998
0.008219256
0.006462796
0.014125659999999998
0.027705109999999998
0.028953129999999997
0.02108063
0.01750171
0.012295599999999999
0.005377134
0.006092374
0.004653124999999999
-0.008105341
-0.021462969999999998
-0.024449529999999997
-0.026837149999999997
-0.028272249999999995
-0.02661224
-0.020431839999999996
-0.01472229
-0.012871229999999999
-0.005980177
0.009941570999999998
0.02292871
0.025361979999999996
0.024842019999999996
0.02107953
0.015403459999999999
0.01025061
0.004633449999999999
5.989514999999999E-4
0.0022066009999999994
0.004082604999999999
0.0026585709999999998
0.001613304
-6.186634E-4
-0.005171683999999999
-0.006409121
-0.0067854989999999995
-0.008369240999999998
-0.007936686
-0.0035923639999999994
0.0022737269999999997
-8.174749999999999E-4
-0.011344579999999998
-0.01757882
-0.01837502
-0.0164341
-0.01266457
-0.006593059
0.004634656
0.0077262089999999995
0.0038314349999999994
0.0016023949999999997
-0.001134731
-0.0034688709999999997
-0.0033003259999999997
6.176921E-4
0.007607754999999999
0.01502909
0.018643909999999996
0.02147583
0.024351089999999995
0.021277389999999997
0.014619239999999999
0.007964009
-0.001019623
-0.01237713
-0.02300352
-0.027963809999999995
-0.02558733
-0.015942069999999996
-0.0019824449999999998
0.00886936
0.01102986
0.011017819999999998
0.01326719
0.01289971
0.011868459999999999
0.010879559999999998
0.010198939999999998
0.005241554999999999
-0.0054973489999999995
-0.01051178
-0.006601003
-0.004024983999999999
-0.007392526
-0.008425404
-0.008552928999999999
-0.010487479999999999
-0.008807246
-0.004198718999999999
-0.0037554169999999996
-0.0031944739999999997
-7.789044999999999E-4
-0.0016399119999999999
-0.008464078
-0.012611369999999998
-0.007158841
-7.351176E-4
0.005471775999999999
0.010314659999999998
0.01120845
0.006979810999999999
0.0037717299999999996
0.0029912809999999997
0.004544356999999999
0.01002963
0.011945189999999998
0.01148073
0.011150109999999998
0.009335852
0.002472058
-0.004290415999999999
-0.006430802999999999
-0.009410828
-0.01063526
-0.006503114
-0.0023932099999999998
-0.0029647179999999994
-0.007145377999999999
-0.008548411999999998
-0.004837684
4.6664339999999996E-4
6.68984E-4
-0.002140818
-0.0024220269999999998
-3.4025879999999997E-4
-0.0019051789999999997
-0.008261420999999998
-0.01092342
-0.00395258
0.005255553999999999
0.009406798
0.009539838
0.0078551
0.006726776
0.006705678999999999
0.008092965
0.004631874999999999
0.001000836
5.647812E-4
5.747933999999999E-4
7.875524999999999E-4
-0.0017940529999999999
-0.0057711939999999995
-0.010237139999999999
-0.009108806
-0.001462648
0.001687651
0.0025989169999999996
0.006152358999999999
0.008593698
0.007068546999999999
0.001186731
-0.0036464259999999995
-0.007447635999999999
-0.008195339
-0.006962676999999999
-0.007459673
-0.005862103
2.9131499999999994E-4
0.004904177
0.006596344
0.008238724
0.006622081999999999
0.005415121
0.0030121579999999996
-0.0030033809999999994
-0.012663309999999999
-0.019397509999999996
-0.019978169999999996
-0.0161328
-0.007699580999999999
0.005054583999999999
0.017718109999999995
0.02030036
0.01624375
0.011287389999999998
0.007962561
0.005186118
-1.5611819999999997E-4
-0.004922104
-0.009483538999999997
-0.010341069999999999
-0.007345122999999999
-0.004797975
-0.004573368
-0.004232553
-0.004933523
-0.006780479
-0.011304839999999998
-0.01593459
-0.012533789999999998
-0.005839552999999999
7.161436999999999E-4
0.007856349999999998
0.01309795
0.011466119999999998
0.007641057999999999
0.003847058
0.0010899189999999997
-9.998363999999997E-4
-0.002090119
-0.0037711719999999997
-0.002813882
0.0028393659999999994
0.007858673999999998
0.008380076
0.008288734
0.0127876
0.017894299999999995
0.0189696
0.01862026
0.014727389999999998
0.008124762999999998
0.001775286
-3.2382869999999996E-5
0.004460508999999999
0.006514176
0.006221006999999999
0.0035843999999999997
-0.001932927
-0.005216909999999999
-0.005699240999999999
-0.002486011
-0.0019078239999999998
-0.006110455
-0.01211359
-0.01529156
-0.01499009
-0.014799569999999998
-0.01799619
-0.023556489999999996
-0.025876259999999998
-0.02330049
-0.01436215
-0.0032507529999999995
0.004025014
0.005399215999999999
0.007096902
0.008531495
0.007747271
0.006952900999999999
0.004998196999999999
0.0037531869999999994
0.003972682
0.008610972999999997
0.01442419
0.01328994
0.008543684
0.0034212169999999994
0.0026867229999999994
0.0030959199999999994
0.0033371059999999994
4.7360309999999994E-4
-0.0030675999999999998
-0.001987694
3.9621439999999996E-4
4.932518E-4
6.962103999999999E-4
-8.264063999999999E-5
-0.0031455089999999995
-0.007148818999999999
-0.008258303
-0.0075609499999999994
-0.007175175999999999
-0.007937573
-0.009429276
-0.011437779999999998
-0.007237163999999999
0.0034354319999999995
0.010161429999999999
0.009792135
0.010757219999999998
0.008878188
5.779278999999999E-4
-0.008767364
-0.00902837
-0.005877463999999999
-0.007429984999999999
-0.010349509999999998
-0.008452789
-0.0031533389999999994
0.0018295689999999999
0.002445468
0.0011116149999999998
0.002814883
0.005332052999999999
0.005700829
0.006345222
0.01186318
0.01590708
0.0159947
0.01325027
0.01189717
0.011147379999999998
0.009401737
0.007157134999999999
0.0044759959999999994
0.0028397009999999996
0.0026705919999999994
0.0020662619999999997
8.460822999999998E-4
0.0013741399999999998
0.002402208
0.001988323
2.405273E-4
-0.002185006
-0.008585773999999997
-0.01369035
-0.014836859999999999
-0.01445389
-0.01265699
-0.010234509999999999
-0.007750169999999999
-0.004707896
-7.837088999999999E-4
0.003484338
0.005638895
0.001573399
-0.0037064519999999994
-0.005067172
-6.286403999999999E-4
0.0038254099999999996
0.006475509999999999
0.006258607
0.003297574
0.0028665209999999995
0.003616497
0.005050197
0.004938767
0.00289118
4.838531999999999E-4
-0.00183108
-0.004197612
-0.0042114959999999995
-0.005443873
-0.007681081999999999
-0.009315832999999999
-0.00751718
-0.0034199749999999996
0.0018901489999999998
0.008606161
0.008112203
0.005695015
0.0071992309999999995
0.01120417
0.01044073
0.005202113
0.002004279
-4.8382749999999994E-4
-0.005544743999999999
-0.0075691149999999995
-0.00568661
-0.002861264
-1.9970839999999997E-4
3.336517E-4
-0.001652839
-0.0037609939999999997
-0.0027997589999999998
-0.00172561
-0.002765295
-0.0065459179999999995
-0.006980585
-0.0047968379999999994
-0.004333525999999999
-0.005744393999999999
-0.005821514
-0.003729559
-7.536689999999999E-4
2.2763299999999998E-4
-0.001784435
-0.002138926
-0.003545434
-0.005289048
-0.005429163
-0.0028012719999999996
0.0014736179999999999
0.0026174179999999994
0.0033259009999999996
0.006335993999999999
0.007279231999999999
0.005633839
0.00318516
6.050545999999999E-4
-0.002544512
-0.001687713
8.519541999999999E-4
1.014465E-5
-0.00414673
-0.006187917
-0.0018035049999999997
0.004734799
0.005149837
0.0056603159999999994
0.007544196999999999
0.008455853
0.007062276999999999
0.002340547
-0.001051491
-0.0017985759999999999
-0.005707863
-0.00802305
-0.006641474999999999
-0.004106443
-0.004077266
-0.0037508079999999996
-0.0020793339999999995
-3.315308E-4
5.024413E-4
0.0026844769999999993
0.006948729
0.007657261999999999
0.005159455999999999
0.003428988
0.0063067819999999995
0.009286417
0.009866749
0.007198113999999999
0.00622028
0.005310405
0.0015512449999999997
-0.0017122139999999999
-0.001576191
-0.0017040519999999997
-0.002391839
-0.002886688
-0.0010230489999999998
1.4956319999999998E-4
-7.644953E-4
-0.0036956269999999995
-0.006616332999999999
-0.006744423
-0.008515315999999998
-0.011351909999999998
-0.013642189999999998
-0.013815119999999998
-0.012184999999999998
-0.009844669999999998
-0.005567702
-8.08413E-4
0.0014163139999999997
0.003433614
0.0034374209999999995
0.0018916579999999998
-3.0486979999999993E-4
-0.001567841
1.7614189999999997E-4
0.003476835
0.006418654999999999
0.009255745
0.010678899999999998
0.01228272
0.01548653
0.01722937
0.01627339
0.014215339999999998
0.012609399999999998
0.008687309
0.004305527
2.2783429999999997E-4
-0.0030317799999999995
-0.0049575439999999995
-0.00290044
-0.001038014
-6.310934E-4
-0.0019590029999999995
-0.002847147
-0.004994895
-0.006273489999999999
-0.006830837
-0.006243106
-0.005557543999999999
-0.006790882999999999
-0.006858971999999999
-0.004313263999999999
-0.004894691999999999
-0.005215156
-0.006023533999999999
-0.0034438329999999994
-0.0018130579999999998
-9.264866E-4
-0.0014622919999999998
-3.458495E-4
-5.713736999999999E-5
-8.368464E-5
-5.053471999999999E-5
5.877321999999998E-4
-1.229758E-4
-0.0031415419999999998
-0.005093776
-0.004791256
-0.004173744
-0.003805257
-0.002153342
-0.002320237
-0.002221659
0.0017487589999999997
0.0028321689999999994
0.0044373089999999995
0.005560696
0.007417235999999999
0.008616747
0.005404774999999999
0.002842793
7.700520999999999E-4
6.811598E-5
0.002626996
0.005319906
0.006004996
0.005999087
0.006133682999999999
0.003917756
-7.560331E-5
-0.0031603549999999997
-0.005240791999999999
-0.005393327999999999
-0.004415502
-0.0061743399999999995
-0.008052243
-0.008604224
-0.008051712999999999
-0.007549346999999999
-0.006520202999999999
-0.005122258999999999
-0.00168227
0.0010566109999999998
0.003649587
0.00437791
0.0035144699999999996
0.003392221
0.0015638769999999998
6.921857E-4
0.001154343
0.002498899
0.001888194
0.001319273
0.003170041
0.0022059899999999997
-2.1161779999999996E-5
-0.001246692
0.001152119
0.004663719999999999
0.005409538
0.004512198999999999
0.002476303
-0.001235472
-0.004110995
-0.005883852
-0.00551645
-0.003290181
-0.0015863079999999998
-4.399532E-5
4.745892E-4
7.472961999999999E-4
0.00179438
0.005026218999999999
0.005793204999999999
0.00229949
-1.8459509999999997E-4
-1.227378E-4
-1.331051E-5
-3.245024E-5
7.876089999999998E-5
4.708683E-4
3.716495E-4
-0.002013268
-0.002678289
-0.0017272989999999998
0.001047042
0.0034330229999999995
0.0027299129999999996
0.002135609
0.0017581099999999998
0.0029656269999999998
0.004681517
0.0062174019999999995
0.006449527
0.003615263
9.618125999999999E-4
1.027323E-4
9.987547999999998E-4
0.0025508559999999993
0.0027994439999999995
0.0025416509999999994
0.002300222
2.506711E-4
-0.0022319949999999996
-0.004074321
-0.004009294
-0.00342795
-0.0025127679999999994
-3.2751699999999993E-4
0.001211024
0.0018381019999999999
-8.760592999999999E-4
-0.0038483859999999996
-0.0046815139999999995
-0.007599899999999999
-0.008476444
-0.0075295499999999994
-0.006703179
-0.004584524
-0.0032986469999999996
-0.0026617739999999996
-1.1614249999999998E-4
0.002119279
0.002441593
0.002188854
0.002638238
0.003528272
0.00297241
9.161462999999998E-4
9.378176999999999E-4
-0.001126898
-0.001286178
3.3571499999999994E-4
0.001965065
2.829764E-5
-0.0018277239999999998
-0.001824651
-0.0010585259999999997
0.0012409199999999997
0.0027101459999999996
0.003264892
0.00138755
-6.671729999999999E-5
-0.0011094719999999998
-0.0017410069999999997
4.2762339999999994E-4
0.002276331
0.0011484039999999998
4.176669E-4
9.702365999999999E-4
0.0014751879999999999
-0.001413907
-0.00397364
-0.0037652789999999994
-0.005309833
-0.005378808999999999
-0.004889625999999999
-0.00318607
-4.168657E-4
1.7244609999999996E-4
0.0016909549999999998
0.002219455
0.0035421279999999994
0.0031281529999999994
9.151396999999998E-4
1.965595E-5
-8.190237999999999E-4
-0.002071834
-0.0017388189999999997
-0.00131154
7.603377999999999E-4
4.925952E-4
7.191357999999999E-4
0.001663696
0.001023111
0.001123479
9.956438999999997E-4
0.0010480799999999998
0.00179872
0.003401229
0.002871085
8.581820999999999E-4
7.933095E-5
-8.082669E-5
-0.002131714
-0.0017865729999999999
3.84516E-4
0.001164498
0.0025264659999999998
0.004471591
0.005617004
0.005537205999999999
0.005109058999999999
0.0028841269999999994
-4.6015979999999997E-4
-0.002489637
-0.003122252
-0.0020835799999999994
-0.0013294269999999998
-9.002641999999999E-4
-0.0020680449999999997
-0.002585511
-0.004871202999999999
-0.004497655999999999
-0.002474925
0.0014414669999999999
0.004063216
0.0029819749999999996
3.589662E-4
-0.003664107
-0.005066019999999999
-0.005611696999999999
-0.003989389
-8.919397E-4
1.321825E-4
0.0019893009999999997
0.0019043949999999997
9.692056999999999E-4
-3.058979E-5
-8.953900999999998E-4
-5.908063E-4
-5.652925E-4
5.606381999999999E-4
0.002425403
0.001495263
-6.411135E-4
-3.474614999999999E-4
0.001027868
9.275868999999999E-4
3.2121569999999993E-4
3.1336239999999995E-4
-9.009189E-4
-5.730092999999999E-4
-6.418752E-4
-5.149397E-4
-0.0014145639999999999
-0.002278531
-0.002034891
2.3145719999999998E-4
0.001318862
0.004858041
0.006653652999999999
0.005448402999999999
0.0025922359999999995
-3.793456999999999E-4
-0.003009924
-0.005255052999999999
-0.006066490999999999
-0.0048657069999999995
-0.002734394
-0.0015495629999999997
-8.066341999999999E-5
0.004047624
0.006687631
0.006446467
0.004135122
0.001866408
-5.745891E-4
-4.2989569999999993E-4
3.585056999999999E-4
0.001292829
0.002555277
0.004564975
0.006962878999999999
0.007688424999999999
0.008543429
0.008449068999999998
0.00596161
0.002113762
-0.0012082089999999998
-0.0031958199999999994
-0.006481059999999999
-0.009481801
-0.009687505
-0.008590792
-0.007652646999999999
-0.008843522999999999
-0.009613402999999998
-0.008657479999999999
-0.006184399
-0.004178329
-0.002714744
-0.0030207859999999997
-0.001122701
0.00124613
0.0027821409999999997
0.003757359
0.0038622939999999996
0.0035900639999999996
0.002327581
0.0022785279999999997
0.0037917399999999996
0.005712107999999999
0.006745650999999999
0.005874437
0.005313306
0.0037661319999999997
0.0036632499999999994
0.00433611
0.0033775719999999997
8.926717999999999E-4
-0.0015899679999999998
-0.0035686019999999997
-0.0037469049999999996
-0.005117684999999999
-0.003827501
-0.002642483
-7.085014E-4
0.001129123
0.003185081
0.004281749
0.003049896
0.001275401
-1.075485E-4
-0.003868544
-0.005907852
-0.005070099
-0.004714783999999999
-0.0033840719999999997
-0.002312
-0.0015234079999999998
-4.815819E-4
0.001956056
0.004452845999999999
0.004284117
0.001745347
-0.001166392
-0.0034977409999999995
-0.005895136
-0.007382509999999999
-0.008174089999999998
-0.006384146999999999
-0.0026666379999999994
0.001981677
0.0043034349999999996
0.004405793
0.0037307519999999995
0.0021193789999999994
0.0013572349999999998
0.0016687719999999998
0.0030828589999999994
0.004623023
0.006628511
0.007601716999999999
0.00359625
-3.174090999999999E-4
-0.001141675
-0.001405204
-0.0033054269999999997
-0.004020677
-0.003167489
-0.002677491
-0.0013812999999999998
0.0017340049999999998
0.001498786
-4.3393419999999993E-4
-1.148377E-4
4.420584E-4
0.0018266939999999998
7.470963E-5
-0.0010875109999999998
-0.002723469
-0.002057478
1.8965359999999998E-4
6.888581999999999E-4
0.0023981039999999994
0.004724379
0.005187058999999999
0.004459268999999999
0.003575509
0.0013509009999999998
9.072155999999999E-4
8.198638E-4
4.851139E-6
-0.003254517
-0.004779412
-0.004018830999999999
-0.004032482
-0.003825867
-0.0035063209999999997
-0.0029989629999999995
-0.0024847469999999994
-4.5507469999999994E-4
0.00189513
4.080155E-5
-0.0017189419999999998
-0.0022151579999999996
-0.002038039
2.0667039999999997E-4
0.0012105829999999999
0.002693163
0.0032887089999999995
0.0030212209999999997
0.004710755999999999
0.003425015
0.001692188
2.316335E-4
-0.0018546739999999997
-0.0019271689999999998
-7.517284999999999E-4
-5.10691E-4
-5.818730999999999E-4
5.950466E-5
1.162698E-4
-0.001211213
-0.0027425459999999994
-0.0035419899999999996
-0.004672637
-0.003967294
-0.0025053149999999997
-0.0012358159999999998
-6.588175999999999E-4
-4.2985349999999996E-4
0.001294373
0.0012608719999999997
0.0012364709999999998
0.002418437
0.0038977289999999995
0.0033035459999999997
0.001736921
2.3901459999999997E-4
-2.69115E-4
-0.0014810369999999997
-4.887375E-4
-4.964841E-4
4.400125999999999E-4
0.0011771599999999998
0.0022367649999999995
0.0024289659999999994
0.0020817309999999994
0.0016957539999999998
0.001356426
0.001715467
0.002753464
0.001117521
6.316443E-5
-1.1358179999999998E-4
-3.7285879999999995E-4
-0.001316975
-8.724605E-4
0.0011104719999999997
0.0029287949999999997
0.0016527789999999998
-6.936093E-5
-0.0019055449999999998
-0.0025201059999999994
-0.0027790529999999996
-0.0016604279999999998
-0.001360841
-0.001346927
-0.001382811
-0.0025300479999999996
-0.002972407
-0.0027187039999999997
-0.0028506819999999998
-0.0023743889999999998
-3.3410799999999995E-4
0.0012782369999999998
0.00254926
0.003104092
0.003363848
0.001814352
0.0015461929999999997
0.0014026
4.400027E-4
5.0127649999999994E-5
2.697033E-4
7.443015999999999E-4
0.002180504
0.002992231
0.002969204
0.002100794
0.001708653
0.001289491
4.562116E-4
5.954865999999999E-4
1.0470549999999999E-4
-0.0010294519999999997
-0.0011689439999999999
-0.0012068979999999999
-7.620932999999999E-4
-0.001260145
-9.784897E-4
-5.690662999999999E-4
-0.001110659
-0.002204782
-0.002317626
-0.0030839369999999997
-0.004008689999999999
-0.0038139759999999997
-0.0030874419999999997
-0.0022336029999999994
-9.99186E-4
9.39634E-4
0.0016015569999999998
6.554553E-4
1.5350139999999998E-4
-4.4227749999999993E-4
-5.14511E-4
-4.407265E-4
-2.7880339999999997E-4
-1.720921E-4
3.6620709999999994E-4
0.0011879729999999997
0.001075647
9.137543999999999E-4
0.0013438139999999998
0.001751438
0.0016523609999999998
0.0013035969999999999
8.590846999999999E-4
3.4034139999999995E-4
5.210838999999999E-5
9.718526E-5
6.90143E-5
7.009336E-5
5.197801E-5
-1.6175569999999999E-6
1.9301559999999998E-4
6.316497999999999E-4
6.431421E-4
6.810876E-4
8.128853E-4
6.769675999999999E-4
5.028327E-4
3.180825E-4
1.209038E-4
-3.311034E-4
-7.869542999999999E-4
-0.001010336
-9.969505E-4
-9.925572999999997E-4
-9.877332E-4
-7.835692E-4
-7.527221999999999E-4
-5.30251E-4
-1.4601079999999997E-4
6.0605129999999996E-5
1.9873149999999999E-4
1.857578E-4
1.674031E-4
5.9945159999999994E-5
