-0.0035385717654349996
-0.004798347753745
-0.0212750368425
-0.0314816216428
-0.0623165927846
-0.07841229646285
-0.09326375200239999
-0.01574238969205
0.098745904712
0.2486061286205
0.30391200615999997
0.398765651487
0.7009772826034999
0.8580780504065
0.8399305503819999
0.6453451378185
-0.469845427485
-1.404130856975
-1.35606748466
-1.01631217275
-1.66515544069
-1.31605046867
-1.221911531995
-0.6429098524239999
0.270381500746
0.967816131037
1.79801593489
0.426745200735
-0.147127797019
1.825104844185
5.7293332455099995
5.2236984488500005
-0.8930738654635
-5.11420131761
-0.180868360876
2.467507104405
-4.4460977890699995
-9.704512759585
-3.600488992205
10.095279322799998
7.28615462365
-12.5650056721
-22.18830073705
-7.418327671685
12.7520969408
26.26214005345
23.21031057345
4.341089161535
-8.549293312244998
-20.670250930349997
-11.5741417561
15.06482863025
26.20730126665
10.3647268382
-19.38061761545
-32.4491261185
-26.66515414185
0.28697229314949996
16.2404204123
-3.08752372467
-13.8931398949
8.588352218529998
34.441955078300005
25.4567296956
-18.23771139785
-30.653440243649996
8.528287467944999
20.516453238399997
3.21801493223
3.095744639365
1.412886234095
-0.8918611751245
-25.917661858899997
-23.223745683949996
6.87530894456
21.0700778575
17.83385393755
-7.428321628699999
-26.463833423999997
-18.174664445
7.9241213360749985
35.13525581334999
32.1374119416
1.9796615708449998
-21.007325104150002
-18.7885999616
-6.978997597005
6.45806932967
14.7794453086
-5.185154391689999
-19.59081335155
-15.165768478699999
-3.00706800674
-2.8307513043949997
-4.434773069649999
20.124108785199997
30.4500601293
28.26401074455
15.901375101849998
-15.100671936
-38.56320954745
-30.8979494481
21.74115672365
30.171531656
-1.15341698507
-30.6987763866
-33.3506906796
0.1428310133215
23.947623553699998
33.36623421985
-1.6101489601749999
-25.651254405
-8.738161545925
7.13417508461
2.966951943585
-4.923362927945
16.464090485499998
28.407678167049998
-0.9617661144524998
-24.6085525371
-1.50680354048
0.9404525374755
-14.8595264125
12.9078461561
40.9934052906
16.48938183585
-22.82738050425
-29.83960597345
-21.809401201
-24.325513004799998
9.024753046854999
24.91747181875
-1.8965276568
-9.431077860295
9.220634015949999
27.0913609575
10.30411193455
-5.536054961325
-9.10326802875
-13.68136528815
-19.348392963549998
-12.687990869750001
8.324451344369999
17.81686881975
23.16361130615
14.7906641162
-23.66794770235
-43.4451266305
-18.83997700095
-2.7107434056849997
17.29331138955
23.3405134655
19.7788950919
22.81855451925
7.51315895785
-22.92909507805
-31.5070208663
-13.293678993699999
-0.02210121768505
11.776443138949999
30.902342827299996
31.386418684599995
0.141558404351
-27.496365795849997
-21.6799141944
-19.64221981085
-20.3465432205
5.446405509019999
18.465716010349997
14.22292772775
14.92018054275
-9.096694631255
-23.72457129945
-16.88741414605
12.02531630265
23.29260798025
11.013005243099999
1.475884153695
-2.119882936535
7.08194878937
9.0400837828
-8.046392609605
-17.158715118299998
0.85746209472
0.49847711895799995
-1.02783694783
1.26586003397
0.8657110564339999
3.054631239905
3.9144812539
-7.4262318315849996
-12.397772869649998
-11.48549944675
8.50948910056
18.486751274599996
4.539630674775
11.8667918054
-5.37965752646
-25.97203973315
-5.49159455222
24.100391547399997
18.110764313599997
-1.5049667549349999
-8.105310962805
-10.87913466395
-6.10274498022
2.591323905975
0.7615183421789999
-11.1410800921
-2.57967066378
4.298004625425
2.1234290211749998
-0.2923204477935
-3.213740213495
-3.3305109370399997
3.259670639435
20.9450822966
6.352548795005
-5.56525818436
-12.18757713355
-21.887403295099997
-5.493002787159999
6.80812750807
6.32205893949
3.858784385225
-9.761294243750001
0.14280227983699997
8.68730131703
3.8150663395249995
7.692434326499999
13.43865070065
11.561599050749999
10.701693138849999
-9.41573927903
-23.4613902334
-13.75736682565
2.1723524366949998
-5.44254561158
-2.337370897575
3.005988294575
20.1653751684
13.688465302749998
-9.50728435678
-19.1029423207
-3.60850396725
19.75972309115
10.2515777105
-5.7438088415749995
1.29142793185
4.183690467705
-5.085435471165
-9.25270764544
1.32781256468
8.726460251145
-5.44898073531
-9.631231586795
-11.9298681782
-6.971450399165
-16.27324326985
-16.02678254205
-9.51944068012
-8.81330696288
6.122004260155
4.924967295885
-0.809396368809
32.9582089333
59.21983904095
45.061105644099996
11.30219354495
-11.59198005245
-6.803866518644999
-18.492399905
-24.772951217699998
-14.731216203899999
5.22667770912
36.8942844305
51.39517184585
43.4444793916
9.748876082854999
-16.82959413765
-32.50594584859999
-17.2080817944
28.115018311100002
47.7070574939
-7.83885545632
-83.9442767611
-68.93740543235
-27.295859029949998
-30.5043889703
-59.76318629085
-51.292878679699996
-23.0624753247
2.08162817555
8.650827443685
26.34131894555
79.43868006515
114.140972281
107.7208527255
61.27111563475
-4.6528847336300005
-46.0761135324
-56.4328381442
-58.630037689999995
-64.37746028209999
-50.458558317649995
17.41775777805
55.500068822799996
60.01945366865
50.98170386854999
23.61503101895
-0.9308824238735
-52.3584496554
-116.52349789849998
-87.6073547356
15.871866891999998
82.4596872442
87.83501611534999
62.03254316735
11.2538173405
-37.024909008499996
-42.121523079999996
-55.427852652199995
-83.91500391084999
-97.46263591295
-87.1671342171
-74.97409477949999
13.86647561355
74.064527992
14.80432477965
-50.91952970755
-72.87691325704999
-35.712847885049996
-2.514422118005
22.08284002295
66.16300608085
77.361327589
66.76150593035
75.06469841885
75.420003155
54.91289565405
26.17176196705
-6.582677527895
-12.5328202468
-22.8827978834
12.87512136505
66.81902193260001
74.331268872
47.97272944905
14.27156871175
2.704406348455
12.93960989545
-27.954071571300002
-77.68644745645
-42.9846847997
4.96445377211
-37.222817012149996
-61.02911693269999
-3.18592953476
39.47989596285
22.3996242379
23.342759188349998
37.67904198345
39.0236415716
35.348776003800005
47.14608769395
40.009611969249995
3.82863972379
-19.253503818149998
-45.25514982765
-72.1708246504
-53.183934225799995
-22.6696993789
-43.9414215737
-70.67750721499999
-40.9581994171
-0.682807423417
25.6156366522
24.2950535499
-18.139164372
-61.05380027075
-23.238132039499998
25.94369851465
24.039403991049998
0.0017080938577149999
-34.655485075399994
-41.8802010368
-22.41104898515
-10.396059084949998
-13.945046493349999
-21.974349053999997
11.820720163699999
65.4406972751
86.81808612364999
67.7359437076
38.20534527565
-10.69912379655
-48.9248472909
-30.964987707499997
1.6041031604499998
11.653879627250001
10.902778497099998
35.0830550154
43.903685584499996
13.99853196245
-33.0554516747
-62.038613483700004
-67.05507780475
-49.5281523989
-35.0109369113
-30.98412048165
-27.53155205605
-5.26214051685
42.69834042635
48.84873788025
42.095829656999996
59.534897285499994
57.6154612943
34.62513349365
20.641919518499996
23.938768148749997
32.94807866385
14.46617187435
4.80030221909
2.687566369075
0.20818341152
-3.58703524907
-15.88862645685
-25.46925278765
-21.957913108599996
-9.575828917619999
-8.96049889539
-21.6120325631
-46.706024081849996
-73.33749238095
-81.19869915395
-68.78677528835
-43.815415927850005
9.268375730145
52.8700625859
61.46926880465
48.29838868225
16.912401490249998
-7.14252446642
12.594857114699998
47.0945537482
60.3421414869
47.53133213255
16.7611535273
-14.01614470585
-3.60497749591
15.0280242728
-2.0571723517800002
-25.924457867349997
-40.568895025399996
-30.07123904645
2.317179005225
12.806778821199998
-4.3535141870850005
-5.582361962625
8.135332060449999
20.78051690295
21.971132472799997
17.3536124804
14.3741364641
-5.241965295805
-4.7672616539099995
15.826864175149998
16.8141290506
-3.231811908115
-30.6307770755
-41.6425074541
-6.387090758299999
31.139565690799998
17.05298962465
-5.833931955074999
-16.4856455022
-16.4144099966
-17.9972817598
-33.1399653844
-32.30529198295
-19.163410124600002
-6.322429630859999
-0.7890663007605
3.043428122945
0.2646250952625
2.5575292094099997
8.407171417785
1.499684893245
-7.653850062075
-3.415765048815
11.382872854499999
39.0959558087
62.3499942345
48.9037826067
14.59893430205
-9.54764068286
-18.7468628592
-21.459892195
-32.32892600945
-45.8081958544
-40.6760032567
-15.696690703049999
-4.17974917507
-9.402217870009999
-2.802206107575
2.3191874071450003
12.999224520799999
14.37944186175
4.12140745289
16.88312864
29.930239032750002
31.088492657599996
31.664927544599994
34.5394331793
37.692428060699996
22.69693244595
-15.761728405849997
-41.40470599825
-41.8190663807
-20.0516964816
11.124202847449999
25.0595995972
20.1165968913
5.090138740504999
-12.409756595949998
-16.0801993646
-17.780770541099997
-20.7051527977
-11.49705168045
0.3081889804245
7.87531658102
6.205290177275
-10.58234620835
-21.613503560599998
-24.072442594899996
-22.83326449425
-15.95946969645
-2.189500344885
13.5723447601
25.6048885638
22.75449748145
2.3264708061
-8.9201876799
-12.484757855149999
-24.1629775877
-35.499023688449995
-40.11397433855
-21.53335381015
11.781905443
22.16982500845
15.638086162650001
15.669359569500001
17.4037636885
18.522663226899997
5.412108711975
-2.3596368964
6.5008174976849995
3.0107592297999997
10.14685249515
27.16244936335
35.8561916881
29.320932254949998
2.8990712929499995
-10.563056527799999
-8.343088882695001
-6.80064307279
-6.799980143249999
-9.63889548377
-7.69706110397
-0.1435743573915
0.478882647726
3.5544987457
6.255015776765
1.162712708605
-10.03703762845
-13.428726370849999
-12.1897247899
-11.99077728135
-13.63633315135
-15.9948618963
-13.891639477450001
-6.42339301527
5.599623627955
22.14860341785
38.49138564285
37.428129036550004
18.2710638145
-1.702964979765
-10.76074878515
-9.670363062289999
-13.2546289134
-10.7691334709
9.694188318465
17.46368232
6.600190243465
5.093702477115
6.69679653328
-0.4781990261545
-9.8470141714
-18.7662604129
-22.6438294362
-15.31776174705
-5.522908166334999
5.76853827088
16.62981306385
13.31504768405
5.692719137069999
1.37587103367
0.1251980682225
-0.546783696193
-2.423863589245
-3.048439321095
-6.946031562365
-9.381311072875
-8.390319670424999
2.503224885035
7.0653775121999995
-1.993110410655
-9.913326738699999
-14.14912287985
-4.94158662564
-3.142353685485
-10.3373466714
-5.66676485718
5.4217927788499996
13.3283356948
14.7756599417
11.424972802949998
10.463371930549998
20.343503158999997
18.005401665999997
10.64299053195
-1.3186266756249998
-16.4643258451
-22.2481311087
-10.7862558818
16.6099349843
27.70359992365
12.17600528655
-11.7585460027
-17.66566989005
-20.96380319145
-29.738067919349998
-27.2059614694
-15.06971234195
-5.263749788115
2.79908661221
14.59163815445
24.270478085
23.22143131455
10.055111284399999
-0.916361423019
-5.241990793095
-7.61587577128
-4.426899310365
1.40217050764
1.442129664395
5.07242106595
1.405140941925
-7.01224704383
-9.285480489074999
-6.12418427845
-3.1230541982849997
-4.8183189964699995
-2.1906545875899996
-1.213436625065
0.0610740313897
3.7485458712449997
9.27278774198
6.34586948569
-1.40980792666
-5.4168796472
-7.8863794628849995
1.4402006963399998
8.78437734538
6.900654231485
-0.5311778837155
-6.486059470099999
-3.040739139515
1.701654811325
2.776269479655
8.230452642789999
16.3442924491
13.654671586849998
9.531174336845
0.3890246079755
-9.438275941395
-11.94839294005
-6.136314123835
1.00232396719
6.869786819944999
9.444328605775
3.7720886959
-8.19649025251
-10.55839836905
-3.8617518775149997
-2.567882089815
-2.79423232046
-2.79934354644
-5.381119697975
-3.71923477506
2.7483685797399997
8.05911673798
11.81986698515
16.010984028899998
17.74990901355
11.89775139945
-3.4503511420349997
-16.58397678175
-20.073486857899997
-13.518898517599998
-3.6330254955749997
7.218279857004999
13.97348577835
7.128323456555
-2.95141919065
-5.273880057565
-6.214086742325
-12.8838590902
-13.4158698527
-14.034796954149998
-11.1251344792
2.44806149812
16.52649019945
21.700812165549998
11.288885920899999
-0.27030402821099997
-0.339386385737
2.4913686451849997
-1.721864355645
-7.924843105515
-7.664785457489999
-0.8859548259625
10.666644171749999
12.955447635199999
10.16126827065
7.624723330909999
-1.572442390925
-4.92278335493
-7.681327314710001
-14.7678930749
-17.05259735865
-10.16118981745
1.053266571945
9.25429436141
11.3430186289
10.971709439949999
5.594304500994999
-2.2111710800549997
-2.685450094005
-1.54552215601
-7.26622751085
-12.536389867399999
-11.85787756055
-7.049500545849999
-6.6685808399
-7.32744846547
-4.92224791184
0.7983043611934999
6.48487286545
12.249055022399999
8.701027685035
3.57993327314
8.068783152885
12.983818273649998
10.9243335138
5.41186256506
0.0791305649288
-4.213075113765
-5.04490556738
-5.75457163995
-9.06798566338
-4.66742799558
-1.42637331984
-9.90435365395
-12.9222619316
-6.72074437258
-0.03739606129105
6.494136227039999
11.801548162949999
12.49401533275
7.785596520834999
2.153217701215
3.6895578908299997
4.184525994285
-2.828089779585
-9.656415063994999
-5.40973452201
2.76115841267
6.90334223425
5.744305058065
1.3205036684349998
-0.9636962593055
-2.04155035833
-0.2605045370655
2.8840347565049997
2.3728101693449997
-1.216233481645
-4.29305913183
-4.98939600572
-2.47622227426
0.719411332941
1.229952984995
-0.5231138754204999
-0.9610228684489999
2.03659211609
7.174038136195
8.180314183335
7.039755677744999
4.981088792505
1.757348738005
-1.682498501215
-3.4614826704499997
-5.19444325057
-6.9411704059599995
-7.176024963484999
-9.046413975375
-9.130515805775
-5.377842315545
3.10654666434
10.841418288049999
12.5246022741
10.377602969649999
4.258499516564999
2.078206635365
0.5280007252485
-4.846746513489999
-11.1660870496
-15.5983005836
-13.2707902726
-3.034833574885
2.739094430835
3.62060733468
5.480043299185
-0.5314348179455
-2.5140063160449997
0.6403657132145
0.9339724992885
-1.213256182705
-1.3011414186749999
-0.3863136576495
1.534243527845
2.55883349386
3.71194843411
2.66316448188
0.616744533426
1.79262031606
2.93597175557
3.4228817347200002
5.448252101215
3.8940088913599995
-2.105487755
-3.0074553694149997
0.599910634169
-0.9579134739335
-5.966292310125
-8.929525572029998
-7.961125749185
-8.59075092512
-9.098073446245
-10.4330399621
-8.895601427685
-0.0832955472503
3.97680251465
4.4113155628500005
8.083665724924998
9.791112343739998
5.577790102395
0.8245098874565
1.8045530477799998
6.575959972645
10.26266903165
7.298421762135
2.7877530668049997
-1.9296407911900002
-0.1569635727695
1.08591585179
0.9571487513665
3.6517797330349997
6.47360894726
2.3689130066349997
-6.571476372264999
-11.10688430355
-8.527730450225
-5.87212199217
-3.502238127185
-0.621806726156
0.5760303626875
-0.0357802882171
3.8340471106
6.42683711075
5.678443596665
1.5836406045599998
0.345446503171
0.5984960249065
-2.9159406922799995
-2.1474249130599996
3.062660924925
7.1193395844900005
7.0136248781549995
0.991100256265
-3.917498760105
-3.8005417102099996
-1.42570842897
-4.220130017775
-3.886923586735
-2.25331908109
2.203880816445
3.9473256860799997
3.21892498935
1.4988729026249998
4.114422176095
3.40298796453
-0.143898467174
-1.0393666262349999
-2.47181516575
-1.5167935748349999
-3.4800594075449998
-5.66173796839
-2.36278875371
-1.839952112285
-0.7646145957834999
2.51931465569
5.372315287605
6.06913562934
3.0212052733799997
3.1671233220549997
2.161837746565
-1.9718692067549997
-1.45591683363
-2.069590512675
-3.283098726285
-4.11750244486
-6.725014187989999
-9.091555946655001
-8.64325572922
-7.35000768313
-5.216583724275
-0.867795557958
0.34572618882899997
-0.231953750455
0.5757636218075
5.11822596677
7.43345835197
5.33369768057
1.532696038475
-3.7448458222
-1.01040660812
4.756451783615
6.05575151342
5.50019890693
6.058543466675
2.14545769907
-4.389668363639999
-6.129504386074999
-3.3220399527699995
0.7786108427965
0.6766096206169999
-0.125022627254
2.618025452595
7.05752630821
8.116967146995
4.155362978515
2.53639391733
4.12734243747
3.310133699005
0.6689880883699999
-1.572742474415
-3.52188967312
-7.673445710105
-9.9373922578
-7.51484766298
-5.992813414385
-7.27427092518
-4.437835686445
0.042882813319499995
1.626561369615
0.6276382505785
0.7923842827215
3.9974621842049993
6.602055468294999
5.052041866585
3.4131937451849996
5.987223623885
6.7178131648949995
3.8144681338749997
-0.07741758834005
-4.2509081888
-4.52740472422
-2.5401988975300003
-0.805925795374
-2.62890396944
-5.50422747875
-8.162897572935
-9.620075541755
-7.869162908144999
-7.517411121289999
-6.918321892125
-2.806028739745
1.734783636355
6.22993723072
5.702089391145
4.890279213505
4.40955428851
4.412095191524999
1.6883275739749999
-1.9403320010199998
-2.86535995291
1.0417467001899998
5.07927787563
7.21651171801
5.4694687884899995
0.8955918209175
-2.3001330861950002
1.6528118103349998
5.28044560974
5.00058343204
4.61778869461
3.494455569745
-1.31751558218
-4.648153025005
-6.390994785665
-5.30070026465
-2.99257181671
-1.9130145967799999
-1.9397161433999999
-1.172068252705
1.70535289904
5.706065007055
5.53743475698
2.05713508651
-2.85180127862
-5.460651629475
-3.291267665735
1.312493596715
4.340294822884999
4.004079711625
1.9639199362649997
1.86623883761
-0.09694043180045
-2.821648771865
-2.589613626215
-0.4320148041125
0.520048806963
-0.39670841245
-1.89610008686
-1.79552112313
2.65289299667
4.25095526072
0.9506014395605
-4.16387220872
-4.0087594450049995
0.9257720804919999
4.688046477205
4.214948183914999
3.27775312137
0.1160437565805
-3.3200992167349996
-4.6195695822500005
-5.725533168635
-4.03453818586
-0.8357313428519999
-1.544256117495
-2.44996006556
-1.9181415134
-3.3360163903499997
-5.4991378274
-4.491689885585
-2.4107805374799995
-2.1100272532849997
-0.26999786459799996
1.2688049709649998
-0.694030545943
-0.426968792355
2.7648447324050003
5.086895681350001
2.61313683757
1.3710549878549998
2.192787533965
2.3180723910400003
5.24858968788
8.274954239825
9.607022890605
9.05968335349
7.61399877847
5.66761215174
1.72091997525
-1.1181346197
-2.0292881231699997
-2.15793568053
-0.667645754118
0.857276160636
-0.6920604880245
-0.6137756682050001
-2.0368696442850003
-5.615109308969999
-7.53563972231
-7.369416024145
-5.657065099665
-3.99941861088
-1.97808564219
0.6474087511779999
2.354197147645
2.467116799735
3.47980149265
1.31454612856
-0.8159145548644999
1.4457542022349998
2.6579434214199997
-1.027182844275
-4.696663580559999
-5.06677439688
-2.303841961225
-0.49545608235899996
-0.955841819121
-1.768102710395
-2.260335739165
-3.0023068781649997
-4.892289576755
-6.120643097135
-1.9668511439499998
4.208826872984999
4.589128759985
3.7248373142049997
2.0863167349149996
1.258192214335
1.0111440682
0.8864545728465
1.0854353259399998
2.488163831965
3.0123616364099997
1.6645748870100001
2.0012303168549996
3.03741174317
3.6958998513849997
3.03941229977
0.9861174973999999
-0.563993974677
-4.10546576265
-7.303360391075
-7.7861937458199995
-4.582424934045
1.25719487803
4.42877532251
4.787323117815
3.34093540599
2.08160267826
1.06686153084
-0.98219287607
-2.38523029157
-3.1559162824349998
-6.558619854115
-6.06607399321
-1.53890462859
2.85754209153
3.0358083558949995
-0.03846588835285
-1.44219144629
-2.53704704022
-3.80147922595
-0.2394161207725
3.562184217305
4.98575381591
5.6670718053249995
3.9796670371150005
0.837034254371
-0.6402540154709999
2.3272072855149997
3.169180757225
2.79630936893
3.25055339693
3.2255111354899997
1.7975501190149998
2.173913655375
3.830890349965
2.561988293165
0.8962114050644999
0.6253866437385
-0.9532518828559999
-3.69786804604
-7.118621737709999
-8.890309759345
-7.494092868919999
-4.347035914095
-1.41579782848
-2.943400292945
-5.047852465705
-4.692606569455
-2.71958998465
1.2512412608149999
5.342079424324999
5.270885106654999
3.87798286393
2.087109112235
1.5949025614199999
0.24853620720599998
-1.082539422195
-0.9118155504115
-2.26236669638
-3.622775584995
-1.491106035825
1.4632894731000001
3.76174660281
5.51600722673
6.52280694898
5.5310682798
4.140837368535
4.763287018665
4.5525568201399995
4.251623093585
2.694468289345
2.19451056237
3.336001680375
3.1889372343149995
0.48574338006599993
-2.536620450945
-6.10000107955
-10.33627774655
-13.0743042332
-12.0022216419
-7.4905320743049995
-1.8071027767799999
2.18672408227
1.62895713421
-1.526806164485
-0.949097197517
1.5884801863349998
1.9690743115049998
-0.300406128785
-2.263026683925
-3.71274865675
-5.107576925535
-4.631028652775
-4.66481942668
-4.40096170178
-3.99316589084
-2.506282598505
-0.7836396929164999
-1.23580265172
-2.31526180515
-1.518107665935
0.451734113999
1.67205736096
3.187966375965
3.8980864964300004
5.174419051935
7.480121334665
8.460403875314999
7.5457680304300006
6.077322220759999
5.709131546509999
4.695284765569999
1.9702736648
0.1069357323265
-0.0114967476743
1.30969968213
1.3117316200099998
-1.8748981095600001
-3.849823068455
-2.309674956645
-0.1638635317095
0.5101579178394999
0.22472281707749997
1.44465291544
2.85732830656
3.63686872171
4.573273368265
3.35652601816
-0.46020166594149997
-2.111376648325
-3.040221348395
-2.88092310646
-1.65525856951
1.209178577635
3.08436009938
2.10055304872
1.228633009905
0.406400913044
-1.436469266015
-1.987504929515
-1.6332965768349998
-1.6092251737449998
-1.117655074515
1.20742416795
3.08649206509
1.042459643645
-0.117814543371
-0.4687299210475
-1.864337328175
-0.4071182694915
0.0373955807652
-0.295150548917
-0.32792594228099997
-0.4680006985535
-0.6109332107025
-0.8756874595455
-0.480929491714
-0.6298437661634999
-3.0354896397699997
-4.6104395911
-5.878940555914999
-6.4253759199
-4.18513302592
-3.19194101121
-3.57929387956
-3.0671670806
-1.24107274543
0.247313121818
0.6932213992515
0.862414845236
0.577002495902
0.9438819229805
0.8672678621215
0.9055877392624999
0.2706055826985
0.05210317274925
-0.5598964621075
-1.34030427545
0.31134985985249997
1.755885585825
1.1474388512299998
0.20077791977249998
1.294845549375
3.0160528594700002
4.06119854455
3.3761030335549997
2.516169663035
1.6853316424
2.702211620185
4.30785148269
4.396816430824999
2.61930718175
0.13700203862799998
-1.8842918995949998
-3.284865884615
-4.592140382199999
-3.2776903588099997
0.3056776934925
3.7694144224449997
2.859996696025
-1.700865376
-3.547631148705
-3.2002492050899995
-2.49640632129
-2.3629054528449998
-0.5630239989254999
1.5429263357549998
1.874159668815
2.026857054635
2.202927610065
0.14966526770650002
-0.644440866622
0.239817899223
1.260485009105
1.389448340595
1.04949395369
1.45460470386
-0.45263799292949997
-2.38423393593
-4.32372844904
-5.2076067168649995
-4.84499896846
-2.06126172483
-0.45501090803
0.17531867957449998
2.6282488852199997
4.61896549261
5.74666748005
5.13569553308
3.517330561535
2.415500478125
2.8993900090749998
3.1527251985249998
2.46349520389
0.91018656778
0.9791980232264998
0.7903964747665
0.21575071299249998
0.8717115494359999
0.3630936679125
0.36844427421899995
-1.11079532284
-4.055194913419999
-6.407460151014999
-6.40128294218
-4.15196693562
-3.49895584143
-4.6901431389749995
-3.181478296325
-1.308341461105
0.225226388555
0.357333339769
-2.15402086585
-4.9799541630999995
-4.362712824785
-1.52146055957
1.5075321745749999
3.3313288116499997
3.235552164425
2.858345256165
2.6343652928249996
2.3520171293499996
2.0692227633
0.8559027393035
-0.3225627834625
0.5106631564475
0.594682512921
0.9990593334049999
3.2788534275
3.497148475835
2.81915297944
1.5945652126599998
0.08083943253119999
0.43517431060949996
1.8629163445899999
3.0353346947
1.6488116778
0.3146266538835
-0.24898035038449998
-0.7505976567389999
-0.23774948060499998
-0.03176057180205
-1.114632664985
-3.5053282026
-4.53956300889
-3.3658276256849997
-2.1066380750450002
-2.16957813541
-2.5562818035299997
-2.425352238715
-0.643653000361
-0.188124301211
0.6729141806975
0.202383562577
0.03781659005635
1.0447416510999998
0.7052729875695
-0.137706744497
-0.5381009863495
-0.198116885295
-0.170834588862
-0.0125395083821
0.05524761623185
0.2160286334535
0.882333524317
1.30986051119
1.024576236705
0.938026078066
0.749525201495
0.1243933345235
-0.333450616625
-0.6217348434115
-0.8891807234799999
-0.3330729625335
0.489598178048
1.2010272901549999
1.0607804271749999
0.8893264502989999
0.7517151245064999
0.40857141888849996
-0.12699631363299999
-0.434507752609
-0.49471528801799997
-0.0486844666861
0.707498410654
1.07673878872
0.8778661049094999
0.6663119516514999
0.4770346826
0.32994336631899995
0.1850339315965
0.0788024736464
-0.0397554334079
-0.230756946889
-0.414753040716
-0.367430658875
-0.494609376198
-0.43778248724349994
-0.425560949681
-0.37820875562399997
