4.0151729941049997E-4
-0.001522365713365
0.0052122482043099995
0.00555486117403
0.008719866259684999
0.025640457283349998
-0.010746058423449998
-0.004292077486165
-0.044033741376799995
0.0160024130168
-0.050239781762799994
0.101211688788
-0.21407328551
-0.175980726516
0.00870859547684
0.10369963589299999
-0.278677926646
-0.1332179465925
0.14983708021449998
-0.1930669508775
0.7000670293505
0.237222078968
0.3776634078175
-0.228884072872
0.5535701921925
1.286431443675
-0.4827429374319999
-0.172511918278
-0.43462778600499996
0.586607128912
-3.10688597443
-4.27612108595
-1.757674318785
2.02599897276
3.056928938
1.472196853295
0.48220229681749993
-0.013287589064049999
1.59000708174
2.6847440152049997
1.920078326775
-0.9571151145569999
-2.03272045067
-1.2796422998800001
-1.2101641459599999
-0.5385575839735001
-2.760102236465
-2.464959336735
0.6917341227124999
3.98453015485
2.3050324885349998
-3.3031346929
-0.19180846348299999
2.336421613855
-1.1465974406600001
0.8000640664695
6.08282767407
2.0596710862
-3.665616916185
-1.286360835795
3.0300214517299997
-2.8109605040299996
-8.81710605909
-2.27693153296
6.61284572529
5.679139868815
-1.8197102060199999
-1.63945417237
4.242408765245
0.7026236230055
-3.69894089355
-2.4822592479999996
0.2026372606125
-1.917397188665
-0.745714925704
0.8042587629404999
5.394427322025
2.0556287850699997
-0.7540704857035
-0.495732237623
-0.08759651838735
-2.162061338185
-6.144527193209999
-6.21680024238
-3.6705692744349996
2.0793775493749997
6.187995169335
5.38524927829
-2.529671458755
0.8070897466625
3.0040318678999998
0.018728024284549998
-4.82111585305
-0.9203881315754999
3.00315319206
4.38281939928
-1.785181972035
-5.983355881125
-2.3945289571
2.26238434835
-0.042212430725499996
-2.41692342304
-1.62402635059
3.63237139202
6.9999877506649995
6.214915404249999
4.895047206735
-2.550796944185
-3.961909155295
0.811216286916
4.3029609063350005
-2.5845278975249997
-4.1434263241350004
-1.801865045015
-0.5900564219165
-8.638227859765
-6.082583488485
-0.804855105327
0.477266707939
6.2741573769
3.4095907819749995
5.56591915257
-2.205851953095
-2.75181071389
0.28804818072099997
1.2378787195249998
2.24218461068
2.11620250079
4.87957917769
-0.7419118087675
-4.931669160495
-6.39077021338
-8.139267469095
-1.0926167357349998
3.71010478391
7.124104635725
0.870904266008
4.262651652175
3.429068750205
-2.4008032517699998
-3.288445311865
1.6092663616749998
3.144958331725
-1.717457247135
-2.837588500775
3.3906923867599996
0.0553343560511
-9.020926492025
-5.428827088895
5.906524701035
7.75161157526
1.44873052051
0.027486264946349998
6.14230892898
4.69369216561
-2.120001597
-5.6425247797099995
1.9431229736099997
4.86729144524
-1.821554836885
-7.216724522315
-5.65952166549
1.24174548162
2.261759664745
-0.7393699250875
-2.672756366245
0.2925942494615
3.510065795215
1.6090427700549998
-0.5666357881205
-0.987644392805
-0.2844124633
-0.46619980534749994
-0.28045283222949996
0.6176031056335
0.337808691885
-2.37265620494
-3.32642156399
-3.780282151975
-0.33479402960849997
1.254865798655
-2.10420112252
-4.01116501625
-3.113378957395
-3.392648813435
-1.363566629915
0.5054226788205
1.62033708886
-0.2810753583715
0.6920753941325
5.50330565365
7.4646346729849995
3.63670789265
-3.2632530086799996
-1.1086623764649999
-1.34223814683
-1.15120656616
-1.19404789735
0.9617465011524999
3.82490927413
-1.4929065367649998
-7.912163107065
1.9000266695199999
8.920387735559999
5.347959491665
5.893576000375
8.23604635595
3.42788901021
-6.228544686419999
-11.18614164885
-7.254425207574999
-3.7885167959799997
3.432403011205
7.211476983899999
8.569567580454999
10.066918491
14.034424301449999
4.828088381200001
-11.475643763499999
-20.25269358
-13.7685758266
-2.595831042315
-1.64564216852
-9.65892850839
-11.171412060549999
3.577402176775
15.94289645795
5.3542004437249995
-8.244383969780001
-7.204413253905
5.972479325609999
2.209741270485
0.507631822866
2.638664528185
16.20830363355
15.8030438223
-0.6578056634414999
-15.359724402399998
-10.522653129799998
10.4096216819
23.96634444855
10.6084220907
-11.336124553949999
-15.5656248258
8.057695754394999
10.06012248255
-6.078775566289999
-22.073680611849998
-8.795616746944999
8.86739652162
4.415680502765
-15.572048181549999
-20.607635470099996
6.0182783424399995
28.4377943892
15.65777791585
-25.443274971799998
-25.98031654575
12.458172027
19.52179414885
-4.55759155425
-19.01027928485
5.912215500029999
17.17259152805
-6.82262762076
-26.3668064289
-20.8617846115
6.278179084065
27.133470712599998
28.4223391088
13.1578961178
-4.55409646419
-8.670837913009999
-3.676847491765
-1.0105370365650002
-3.2605002820249998
-11.85438639315
-17.74023965665
-1.710731846565
17.444657419000002
21.9359265993
13.6150821408
1.568294177975
-3.4199211070849995
-10.3470356416
-17.694138595
-22.65728416
-7.43536672606
-2.3630937405249997
-5.328328539695
12.34597414435
28.87102276625
27.3543556972
22.02398050965
8.396482169285001
-25.002819093699998
-45.37124095035
-37.87478271745
-13.45859742675
10.09787808505
23.99568594535
25.03091514595
19.7620276539
10.9570092716
-5.84894299423
-18.57898281785
-13.689877460349999
0.859834519488
9.4586904447
3.8797078536650003
-0.8579515446215
5.628982776725
13.1020570527
10.110969962799999
-9.36642359751
-18.90262188115
-16.73886301185
3.3853899311049998
14.7633624026
2.38370633816
-11.2553864045
2.2874883916849997
21.453831685300003
10.5236141815
-14.83276406465
-23.0536885663
-9.49557913934
6.56457739399
9.071872038775
4.68962240586
0.099788351607
-1.5002909442149999
3.70461502124
7.53806196486
1.885647178625
-14.337351719949998
-8.692958773414999
6.05707344984
16.24547083705
13.740342481249998
-1.45005245693
-12.27895549825
-12.2480547441
-7.437407489925
-2.9885991427949996
8.086073257499999
19.8376565387
20.055324942099997
-1.511597031
-3.616895517655
-1.214868395965
-7.012290193089999
-10.94501573865
-6.64146741398
3.073430587955
2.75260112988
-0.311249930089
-5.122677205205
-11.0841819088
-10.854049253249999
-3.323594306795
11.0842211354
19.06248988945
18.468187286150002
8.65329381616
4.536074783485
-4.524752025394999
-16.6664801282
-16.457804422849996
-5.244787649675
-1.339159839395
-3.5832557661599997
-0.0661281630534
1.992167010925
2.15401302053
3.18219712377
-1.935143302505
-1.404748675925
-2.0722598828049996
-11.916874366950001
-14.3357728493
-0.2952302769815
12.884114063099998
14.52879714125
2.488840490815
-5.506891945555
-5.57760279538
0.00563796861012
0.1043414811355
0.846222104756
-0.17609036486299998
-2.170081216555
-2.3702937829549997
0.9210634174944999
2.4168096659
0.5517989150695001
-4.12452596759
-6.785830127964999
-5.58085075786
-5.319945815275
7.834459135124999
18.7372131156
15.2181163764
11.1585359291
8.199089995424998
3.9554632442499997
-7.4573865779699995
-8.301836228805
-8.395691753294999
-8.507655257009999
-12.084116976049998
-10.05296362805
-9.424172998029999
-5.896892609405
5.59716117814
11.4823318988
10.4327653759
9.376033133845
0.993704902505
-1.2605487523299999
-0.222205155823
3.56235387235
8.312519593314999
9.723327798275001
6.099306768729999
-4.4889940374999995
-10.2510481514
-9.692527071955
-12.562191163549999
-6.3532352605049995
8.796131596070001
15.36132288635
2.8199414341
-8.564233743519999
-1.8969591494
-0.1347711238195
3.22089808733
0.4641865001025
-3.5288484719599995
-4.21232490504
0.36800993769049994
1.89657080606
-6.19045369649
-5.820938143825
4.61308150261
7.5850652383099995
1.39248153744
0.2352392724045
1.85054035229
6.337599537745
0.5432182924525
-13.840056498449998
-17.6798012727
-10.1609838778
2.3553209897349996
5.368274947804999
4.593490757905
9.8493481541
16.35756084655
27.14526811255
23.011510164649998
9.5158436009
3.45284497313
0.1807137100055
0.5452708242975
-2.63879887929
-4.24397096459
-13.835761185749998
-16.4645023648
-10.174595508
-10.7778221628
-13.4362676847
-14.6315610266
-9.454605974975
-2.37984251806
1.35486126671
1.0794395401299999
-0.81215144906
6.040849328079999
9.626049752935
6.9253385502
-1.5587944761199999
-2.9503963570550003
0.1563634057895
-3.817339520995
-7.3592465280949995
-0.6002744608839999
4.053901416285
11.285267267050001
17.7189494195
14.98657156325
0.36953477369899995
-6.1919207713299995
-4.950964725035
-8.615129276354999
-18.0421962168
-22.41049981275
-14.5746824566
-1.3815275093900001
18.65861281585
25.46799753645
12.61932470645
-3.4473983597199997
-4.44222808498
-1.8845439304999998
-6.192533686955
-7.342337902165
-1.9506799781
6.043819762365
12.288585628549999
12.362733709199999
7.697454350634999
-0.928405558283
-12.8065238483
-17.2890847234
-11.5627268155
-1.40543808342
4.571374800825
6.45711416196
6.577271121749999
7.51710515381
7.6309946835849995
3.712239691615
-7.720133209424999
-12.669328814799998
0.8400610768935
10.296403907650001
11.80800093865
3.5485255151849997
1.83992955699
1.37251127538
-9.93889267525
-16.5500555794
-15.450063262199999
-8.699575320169998
0.027590264469599998
7.081688913144999
15.875034439949998
12.0026923611
-0.15388202914
-4.2195975166799995
4.301760572375
1.16651474681
-3.7474416424549997
-2.773541269625
8.089987091514999
13.19787782985
5.132910444479999
-1.3470836125949999
1.866451641915
2.8020374331949998
-2.9304623796
-14.21914236085
-24.8669773779
-25.74591799745
-16.73046851945
-0.9059571557680001
6.555467996805
9.715168665475
17.8411402785
20.70265210195
16.02540961105
11.37874425485
7.853680169125
4.753260699705
2.149712804505
-1.65111035656
-10.94456463275
-13.25914977905
-12.587668840249998
-11.02497916275
-2.86371243571
0.7684968523854999
-1.8860433672849999
2.616146498455
9.23435940329
11.60264968765
6.194087060315
0.6404078818095
-0.498534193661
2.89970087988
-1.275893217585
-8.60013196651
-11.91144148285
-7.56127234408
-7.156940241919999
-10.201181336149999
-12.81861544775
-12.78884245835
-5.041578171035
4.722208923145
3.8717487765249996
-1.150848623435
10.3051024062
18.426273664049997
14.822300369099999
8.49257262931
6.753321083215
10.5515435207
11.32580795815
3.408523818455
-1.952569719555
5.79849170264
14.29639914955
10.81170413855
3.5017085680849998
-3.40887195453
-8.232480658010001
-17.805934405
-17.0759469923
-13.49050826585
-17.312601070099998
-18.2064772176
-9.595921762804998
-3.9442159973649997
-0.3182402082755
10.11637342695
11.3087541938
1.6265260656749998
-4.05135266795
-1.80534150244
2.826063725695
1.19707619087
-0.5016275052704999
0.619217966689
2.529659690775
-1.39335629062
-2.606002499695
0.93664687081
4.576019230265
0.734519850197
-1.58024161967
0.32151788490499994
5.078001049799999
8.07555072205
5.57196985562
2.5066052372899996
0.6427106793624999
3.16696739632
3.9310123238049997
5.140491965595
4.60963740713
3.86401034901
2.845114123985
0.9476345356695
-6.272924680995
-4.939967547725
-1.04122694774
0.0219797230982
-2.271901702175
-7.704838758085
-9.652574779855
-11.90987241885
-6.691413663095
3.33143080081
4.760417592875
1.3761671944999998
4.47423306792
10.3963630911
6.562095330875
-3.6163463452549998
-9.80850345685
-6.41812684422
-3.535021758135
-4.88855422377
-2.5040888509
4.418514624615001
9.541214385115
8.127469088479998
6.465395877885
7.230302809905
7.60326245805
4.810992448254999
0.4487500484705
0.137749697624
-1.6159123283799999
-3.91898839024
-1.8274947247899997
2.1378094927349998
-1.91679800235
-11.19877261405
-7.877121985285
2.1656711660499997
5.038169379495
-7.147821038085
-17.3902108982
-12.804846911150001
-7.19542742051
-6.120201797885
-4.988226072375
2.03314605928
7.874868417114999
4.7672341952899995
1.02567556217
5.937629433505
7.853482074794999
5.416615848315
1.092506901255
2.3023170271499995
5.838036038099999
5.79701089849
1.6411193415399998
-0.379557954531
0.02625009748725
-1.69485193822
-2.667133233135
-2.181184305685
-2.2394818979399997
-1.3723416203349998
-0.9544894820859999
-0.9060770910975
-0.9251439645595
1.975762446805
6.302162227305
9.10782027568
7.21946548099
1.341591888595
1.76944524078
2.230664738925
0.9621756401565
1.0450358506
-0.956990177836
-1.6290022448
-0.9771767745950001
-0.5401233137125
-2.63539204908
-3.46826494959
-2.703786568175
-5.5187197461199995
-8.55325225685
-6.76808107213
-6.65452006513
-7.650601118929999
-5.763080870155
-0.45720779376299997
2.4233869860549997
0.6695465770875
3.0394534877
7.66579161978
7.307108492705
0.9503773576079999
-1.32561783641
2.5665375981
5.210028959415
3.51272633936
-0.432352447072
2.197826190735
4.053307133295
2.1637990765649997
-1.1004787270399998
0.5458682454155
0.31211664181599996
0.3477907828535
1.2312729600849999
3.546591643805
4.965945363575
3.8649243287899995
3.555860889385
2.154100299715
-0.6205172497475
-3.754349446715
-3.95674007008
-3.0756312002149997
-4.77263177545
-8.109695516019999
-9.625771244075
-7.899539987185
-6.7002749520350005
-5.3111247336
-2.5570908521549995
0.7597310802164999
3.9594633767849996
6.45615507159
5.4804944050849995
5.5597605763699995
6.9137588578799996
7.575364500129999
6.770871064054999
2.11084414723
-3.063782805685
-8.715255172855
-8.997080641884999
-5.37380099508
-1.3083375384449998
-1.49823645104
-1.90061899118
1.56647700573
4.638428750865
1.9977097295049997
-1.063492946565
-0.201874793575
0.716492677768
-0.154362358857
-2.0135435465950002
-0.09802634176825
0.9700287074099999
1.431930748395
1.9618007191999998
-0.06377352754849999
0.352977618105
0.5582752267295
0.702766505896
1.1578535135299999
0.896819907697
0.566660010546
1.9253631304599996
1.8424724213349999
1.2329861818399999
1.77504091527
-2.68677104976
-7.3331912397100005
-7.7821024114399995
-4.021210948509999
-0.0280597480317
1.652631367975
1.391303758775
3.231662847035
4.69990958171
6.070199650865
4.993317685055
4.26760302976
5.7186479196699995
4.479961132184999
-0.6993858594414999
-3.772279925575
-3.1017159085499997
-0.07263221772625
-0.6675930924075
-2.6312732560799996
-3.58910445222
-3.17869222706
-3.59945831329
-4.11363274077
-4.7070390162599995
-4.141468916795
-0.7931539086135
0.9294677165445
-1.5994479436949998
-2.0327577159400003
-2.257654601055
1.055679007845
3.501353567355
5.07263485092
3.7731988086799997
1.9596805214699997
0.636636146153
1.8069321410699999
3.1511433858799998
2.843729425005
2.0800424402449997
0.7975455226164999
-4.48340228567
-8.336134006515
-5.320412611815001
-0.13025878995499998
1.140269209415
1.061908191925
3.10340265235
3.97490590854
4.41975712717
4.460886217270001
-0.9060882706785
-5.84421226627
-5.292591145765
-4.466012153225
-3.879706873
-2.408606403175
-0.1882795404805
-1.75132059025
-2.1583652117999996
0.2786448782355
3.31096824492
3.911944273545
2.338273109375
1.4760881320149999
3.545216751475
6.054053982305
5.471711569345
2.56824003254
2.34458564998
-0.2329460853685
-1.298909425135
-2.090184477675
-0.1127573520325
0.324641499063
0.09578667942795
-0.038765432477099994
1.32066940082
-0.2153386375595
-1.09652272443
-3.136836464195
-3.73939920879
-4.5791485322800005
-1.766670939495
-3.0742563078850003
-3.70950069427
-1.5612755585699998
0.344487020535
0.291044504562
1.720387474155
4.1087196091200004
3.9619062133
2.911687548175
5.179960789849999
5.610589423984999
2.48856492395
1.03731997838
0.9030148665684999
-0.25056863541849994
-3.7956766311449996
-6.63510682079
-4.58846092712
-4.17365532276
-4.959827975305
-3.3289359890499997
-1.4511351110900002
2.169194695395
4.75394226188
3.8694942276899997
1.22125938977
-0.3862299088585
-1.884095766595
-2.5379904399499997
3.2288532418099996
5.373337140535
3.74336894071
-0.601113910124
-1.5106114626749998
-1.279041152235
-3.1624533953249996
-5.267585168929999
-5.74389415943
-5.382063097705
-1.489225120355
0.12471106998350001
0.47324607950549996
1.487279480995
1.15200090481
-1.35030509712
-2.277826880105
-0.173605555886
1.5527928063199998
3.11697701728
5.474070068670001
6.756577871679999
5.414044544685
2.230915789165
-0.4404192992955
0.190558311741
1.04518883434
-1.5547835562699999
-5.0943222573949996
-3.524693394355
2.2599415118349997
6.1600079709
2.3985290896350002
-0.126614246549
1.2129237372700001
1.471096547165
-2.096272445995
-4.551215270419999
-4.52462159695
-3.782365084435
-0.8507769994815
0.6133330940905
0.574516117861
2.1050023258249997
3.80572158274
3.94970085671
3.085502574105
2.63715920741
2.155555606575
3.33700097801
6.46469862507
4.83883058561
0.6663880512554999
-2.17463052149
-4.884481522024999
-4.70518752074
-5.582905251035
-7.02240869456
-7.870170051100001
-6.129818198874999
-4.700141999315
-3.798561747575
-3.1106821286449997
-1.64882932977
-1.1623263265950001
-0.03228038309195
0.29755239363499997
1.0856873568449998
2.15248906712
2.7851474399000002
1.166094041525
0.0922069677851
-0.062393045428
0.7742602205905
1.6292189717649999
1.82383292168
3.67861563076
4.82408530667
3.1068359605149998
2.3374346408
1.976431260335
-0.8328337719764999
-2.3322047543549997
-0.8239423766209999
0.1012127675195
-0.007512025309109999
-0.07144939844314999
1.2005006730499999
1.444679393395
1.796067353535
1.5934384285749998
-1.280863227805
-2.7671895024199995
-1.794476714905
-0.9081638481509999
0.0233721104918
0.680300647544
0.6502700374485
0.8724010549975
2.61819314631
2.296343796635
1.0556270326
2.253435780225
1.9633384019200002
-0.8842894606595
-1.664776904
-1.343192333875
-1.65097306346
-3.54228162113
-5.17237436541
-3.36042121954
-1.864976721755
-1.9380019409800002
-2.3232346116
-1.7535800424099999
0.7686784715435
2.194440935155
2.0049058492749996
2.579730484345
4.843246520105001
4.35252273477
1.04884279213
-0.3707544267595
-0.06070497773024999
-0.211147765682
-0.3402977177215
-0.9507880601099999
-0.419065416987
-0.109095646989
-0.98194770982
-1.0233602121049998
-1.055437764255
0.18554377933
0.1618498341985
-2.09678141113
-2.87002399565
-2.161180701015
0.0352249180143
1.2030062721249999
1.85471798519
2.13408786906
3.7727447607849998
4.2432707697800005
1.804053889295
-0.2570316100345
-0.33791519210399995
-1.0697799898799998
-4.077455028255
-4.146320266549999
-0.7327738742309999
0.81820607477
0.6979796838979999
1.116186038345
0.5803395027639999
0.7908203181795
0.8595655230784999
0.6051916132605
-0.8423888814039999
-0.717742437244
2.30122260501
0.8681121166199999
-1.895620541675
-2.218194602785
-1.512969962
-1.403575800585
0.023969492383199998
-0.5871991563725
-1.1943077735749998
-0.5977346366005
-0.36776928249949997
1.014402817995
2.365547364355
3.50248035144
4.118917544455
3.279001507915
3.9487231337049997
0.892153903627
-2.444961616055
-3.577737564205
-2.005584469455
-1.3380948372049999
-1.0248596488900001
-0.026504638894649997
-0.7775454483405
-2.269740316515
-2.396512842395
-1.926493837205
-3.35425479802
-3.540056492245
-0.974488379564
0.044501293028849996
1.2387426853899999
2.946210878835
3.336644996615
3.0468016105449998
2.928694240605
1.01078318348
0.240739332057
0.047352184250349996
1.508803116415
2.4451803043499996
0.42644080231899995
-1.81202963774
-2.962000566
-1.48272233074
-1.37086571951
-1.14839401894
-0.8871282897014999
0.8808388927905
2.8439177126849997
0.7712946896305
-1.7162726038149998
-1.361389553615
-0.40480252716049997
1.8402718090749999
2.6522261444699997
3.133788557375
1.7532338676650001
-1.234644486355
-3.1075224260149996
-3.61565693776
-2.10907110491
-0.05557875738239999
0.26829562629099996
-0.4277810771745
-0.14361358399149998
0.022490296523799996
0.13949567359
-1.1818180241349998
-0.5532942330615
0.6072934725549999
0.7137467177015
0.539560117803
0.36786264180749995
1.03588624615
-0.07308616755474999
0.06756408216635
0.318437812273
1.270179863295
1.376323120235
0.35586724559399996
0.5079091549279999
-0.386133313356
-1.84403462068
-2.12353787499
-1.78487502389
-1.371064794505
-1.7856879951749998
-0.687054879665
0.7275236880205
1.353534426965
1.8424076974449999
1.803714579205
1.27360140348
0.9080054707534999
-0.5549003661985
-1.7130560226149998
-2.5248799295649995
-0.743582371595
2.4808882783299997
2.3108076247200002
0.720047980659
-1.1658184746599998
-1.1704374068099999
-0.6364558018595
-0.263755931873
-0.29770223924699996
-0.37014327633149996
0.04187740614155
0.1398144877815
0.8792483522269999
1.7004476127100001
1.414833834785
-0.1779411739175
-0.8422134404355001
-0.7951872194245
-0.501587984471
-0.14770737003399997
0.03439163715715
-0.5498107148485
-0.279147665181
0.6611960184794999
2.22842980339
2.582033085765
1.757497799085
1.7348973934949998
1.41341088987
-0.07201606590675
-1.407727936195
0.06784584683415
1.4017194017399999
0.7521020949155
-0.9683636363065
-1.0156992571249999
0.798550017776
0.41990947535249995
-0.41296087542849996
-2.6322097911549998
-2.58893402537
-0.8036647741499999
1.102048771705
1.21205879074
0.5181193485755
-0.07255786370595
-0.0691881320529
-1.13293089322
-2.436857400495
-1.44407628442
0.471241306046
0.7854084203105
0.2342640991285
-0.8043484937879999
-1.9906126569
-0.771877106574
-0.4643079064295
-0.995870210825
-2.383564141735
-2.17302419222
-1.333318998655
-0.452582585357
1.1229055549249998
1.27606875662
1.596486335395
0.839585356302
0.7373456363944999
0.6806332891119999
0.24081739299100002
-0.6475340801649999
0.444476408467
0.8275715235865
1.41289113742
2.02824861827
1.49110505516
0.8750943533534999
1.263880071335
-0.2431102858275
-0.8233956558834999
-0.614028091376
0.4482967851075
1.129464242445
0.9216295553989999
0.7757616187055
0.646621669449
-0.1088619545195
-0.9739602914615
-1.1376910411299999
-0.8054100636504999
-0.726058476444
0.2409026127795
0.560868987588
0.2209709889205
-0.25242179806899995
-0.436875274052
-1.02251585954
-1.14028588072
-1.686217182895
-1.171489660355
-0.09303663979505
0.208734349117
-0.17390995430199999
-0.666491707546
-0.8413586928215
-0.038171120067150004
0.322755091869
-0.0760922490125
0.098165939431
-0.00175362711433
0.1822041246725
0.6052816383075
0.46484207465499994
0.1985586748775
0.45621908730999994
0.48607102024249993
0.38520452553449996
0.3490670202845
0.292030857419
0.251146149037
0.213569812099
0.1714293621845
0.14475762778049997
0.11112650613749998
0.1745021778955
0.185129154168
0.09151302961779999
0.0870323908461
-0.02064734259595
-0.08103434950659999
-0.0882363728799
-0.07980386990449999
-0.09769573998344999
-0.08072023270044999
-0.08594770670955
-0.07728596348375
-0.0493758158978
-0.03723058387895
-0.03688746880875
-0.0475175145627
-0.042855531219199994
-0.036365078369899995
-0.03771185503435
-0.030444538985349996
-0.0247314690882
-0.01868905265745
-0.016429247458049998
-0.0119806470119
-0.01225934219825
-0.014029746529399999
-0.01406776691145
-0.01292246787125
-0.012766581362849999
-0.0123495927982
-0.010725336972
-0.008761381731794998
-0.006608629846454999
-0.004293597516915
-0.0020438166751449998
1.6883236513149998E-5
0.0018644971765699998
0.003505513548285
