-9.06001E-4
-9.45692E-4
-9.86685E-4
-0.00101822
-0.00103156
-0.00102786
-0.00101932
-0.00101788
-0.00102709
-0.00104388
-0.00106053
-0.00106481
-0.00104691
-0.00100941
-9.67902E-4
-9.43344E-4
-9.49825E-4
-9.84565E-4
-0.00102962
-0.00106394
-0.00107394
-0.00105551
-0.00101239
-9.50956E-4
-8.66945E-4
-7.38165E-4
-5.46297E-4
-3.1001E-4
-8.24745E-5
8.65452E-5
1.75787E-4
1.846E-4
1.22876E-4
1.07927E-5
-1.30877E-4
-3.01136E-4
-5.30016E-4
-8.37687E-4
-0.00117067
-0.00142399
-0.00152908
-0.00149941
-0.00140719
-0.00132985
-0.00131135
-0.0013489
-0.00141207
-0.00149186
-0.0016361
-0.00192126
-0.00236783
-0.00289377
-0.0033616
-0.00365587
-0.00371972
-0.00353745
-0.00310998
-0.00246208
-0.00164983
-7.40569E-4
1.96084E-4
0.00102832
0.00153288
0.00153066
0.00104191
2.74408E-4
-5.16769E-4
-0.00117221
-0.00165081
-0.00193755
-0.00200054
-0.00183844
-0.00150533
-0.00107325
-5.69223E-4
4.36837E-5
7.56146E-4
0.00138518
0.00165899
0.00143159
7.86447E-4
-5.09436E-5
-8.84079E-4
-0.00159942
-0.00208294
-0.00217334
-0.00176849
-9.47622E-4
1.19059E-5
7.18664E-4
8.90167E-4
5.92152E-4
1.98956E-4
7.98606E-5
3.16652E-4
6.9033E-4
9.11074E-4
8.3631E-4
5.30644E-4
2.16076E-4
1.7145E-4
5.62309E-4
0.00134329
0.00229598
0.00307281
0.00332162
0.00288313
0.00187494
5.54979E-4
-9.01574E-4
-0.00238409
-0.00362662
-0.00421564
-0.00389565
-0.00278687
-0.00132122
-2.72422E-5
7.33831E-4
9.45318E-4
7.49555E-4
7.35487E-5
-0.00140591
-0.00385517
-0.00685769
-0.00943689
-0.0105693
-0.00976517
-0.00731695
-0.00403323
-6.74497E-4
0.00238784
0.00516084
0.00764738
0.00950263
0.0102805
0.00987055
0.00852251
0.00649191
0.0038507
6.34443E-4
-0.00276992
-0.0052977
-0.00565126
-0.00329697
0.00115534
0.00648614
0.0114077
0.0146427
0.0151261
0.0126468
0.00806248
0.00268514
-0.00247359
-0.00690367
-0.0103273
-0.0126303
-0.0139265
-0.0144831
-0.0145985
-0.0144559
-0.0138766
-0.0122849
-0.00923919
-0.00502819
-6.24448E-4
0.00303778
0.00567322
0.00756969
0.00906979
0.0101406
0.0105349
0.0101075
0.00879911
0.00664395
0.00379657
5.14216E-4
-0.00293786
-0.00640435
-0.0097225
-0.0124068
-0.0135402
-0.0124295
-0.00928153
-0.00496301
-4.37489E-4
0.00373276
0.0074316
0.010306
0.0114171
0.00992111
0.00587384
2.29541E-4
-0.00577293
-0.0109484
-0.0139122
-0.0134721
-0.00954317
-0.00322275
0.00399032
0.011063
0.0176978
0.024139
0.0304527
0.0355952
0.037681
0.0355315
0.029685
0.0219266
0.0140295
0.00688558
4.38014E-4
-0.00579191
-0.0116426
-0.0159288
-0.017437
-0.0160396
-0.0128496
-0.00960108
-0.00772719
-0.00766577
-0.0087573
-0.00967634
-0.0091482
-0.00674016
-0.0034785
-0.00155652
-0.00283828
-0.0075677
-0.0144627
-0.0217793
-0.0281758
-0.032399
-0.0329776
-0.0291004
-0.0214925
-0.0119477
-0.00231864
0.00577686
0.0108794
0.012136
0.0100665
0.00639427
0.00324061
0.00232948
0.00406133
0.00718403
0.00968235
0.0101112
0.00829403
0.0049677
8.36782E-4
-0.00357398
-0.00755726
-0.010434
-0.0120042
-0.0125765
-0.012495
-0.0119153
-0.0106298
-0.00796849
-0.00343905
0.00273132
0.00931312
0.0141302
0.0154039
0.0134769
0.0109276
0.0106186
0.0136657
0.0191787
0.025061
0.028917
0.0293182
0.0267872
0.0233514
0.0211643
0.0214518
0.0241952
0.0283999
0.0327804
0.0360911
0.0371509
0.0353676
0.0311515
0.0256624
0.0201455
0.0154757
0.0121364
0.0101709
0.00913465
0.00840792
0.00784129
0.00804417
0.00996767
0.014021
0.0196345
0.0256906
0.031224
0.0358543
0.0393889
0.0414587
0.0419198
0.0411834
0.0400173
0.0390162
0.0382481
0.037324
0.0359147
0.034122
0.0323308
0.0309991
0.030329
0.0300967
0.0297505
0.0286096
0.0263158
0.0234513
0.0215461
0.0220335
0.0253115
0.0306781
0.0369407
0.0431974
0.0488286
0.0524589
0.0514574
0.0436875
0.0295631
0.0117187
-0.00684042
-0.024317
-0.0403893
-0.0545733
-0.0644823
-0.0669977
-0.0612801
-0.0496616
-0.0358627
-0.022744
-0.0112269
-7.07677E-4
0.00973659
0.0194718
0.0256486
0.0253551
0.018166
0.00645911
-0.0065015
-0.0184861
-0.0289764
-0.038757
-0.0488182
-0.0596789
-0.0712618
-0.0830723
-0.0946584
-0.105818
-0.116071
-0.123635
-0.125889
-0.121615
-0.112198
-0.100487
-0.0889423
-0.0787271
-0.0699902
-0.0628182
-0.0575476
-0.0539283
-0.0505359
-0.0454083
-0.0375041
-0.0280187
-0.0197312
-0.0146709
-0.0126201
-0.0111423
-0.00717853
1.89303E-4
0.00806713
0.0113837
0.00677485
-0.00511349
-0.0203603
-0.0334948
-0.0392523
-0.0350955
-0.0228023
-0.00679713
0.00891325
0.0224759
0.0333847
0.0401796
0.0403871
0.0328735
0.0193201
0.00304163
-0.0124523
-0.0229795
-0.0241371
-0.0139819
0.00522956
0.0286211
0.0518582
0.0730453
0.0924691
0.109878
0.121616
0.12233
0.109901
0.087509
0.0610647
0.035425
0.0135289
-0.002026
-0.00895181
-0.00716007
2.1235E-4
0.00831211
0.0134618
0.014555
0.0123697
0.00795968
0.00149327
-0.00728288
-0.0178484
-0.0281348
-0.0350389
-0.0363887
-0.0327408
-0.0276535
-0.0258479
-0.0304409
-0.0411273
-0.0548728
-0.0676017
-0.0750285
-0.0745076
-0.0667178
-0.0548241
-0.0423238
-0.0312739
-0.0216933
-0.0124985
-0.00273868
0.00800868
0.0193575
0.029569
0.035852
0.03594
0.0297795
0.0197263
0.00926105
0.00182277
-2.24564E-4
0.00330528
0.0104386
0.018214
0.0240042
0.0265573
0.0265594
0.0264893
0.0289682
0.0349789
0.0435681
0.0522751
0.0578882
0.0575903
0.0508906
0.0399841
0.0278265
0.016511
0.00658391
-0.00263441
-0.0121217
-0.0223861
-0.0333152
-0.0444268
-0.0546048
-0.0615075
-0.0625174
-0.0568448
-0.0462653
-0.0338114
-0.0218731
-0.0112527
-0.00152616
0.00781944
0.0162773
0.0226202
0.0261359
0.0270479
0.0263244
0.0248544
0.0224144
0.0177
0.00991668
5.0556E-4
-0.0070643
-0.00972777
-0.00698614
-9.3634E-4
0.00511892
0.0082969
0.00726763
0.00286437
-0.00251357
-0.0060594
-0.00579663
-0.0017316
0.00417231
0.00912238
0.011116
0.010178
0.00829669
0.0078046
0.00956267
0.012409
0.0142088
0.0135729
0.0108281
0.00787263
0.00651136
0.00657185
0.005501
3.31711E-5
-0.0111973
-0.0267773
-0.0439077
-0.0600998
-0.0729336
-0.0797464
-0.0790709
-0.0719123
-0.0612733
-0.0502528
-0.0403751
-0.0315937
-0.0230909
-0.0140016
-0.00413779
0.00552576
0.0123624
0.0130994
0.00663887
-0.00360355
-0.0105378
-0.00810719
0.00463383
0.023886
0.0443812
0.0622745
0.0744903
0.0769997
0.0668033
0.0449421
0.0165924
-0.0102679
-0.0263187
-0.0253212
-0.00836571
0.017085
0.041613
0.0589679
0.0685722
0.0735325
0.0757675
0.073851
0.0657219
0.0512287
0.0324671
0.012438
-0.00602618
-0.0196655
-0.0252668
-0.0219671
-0.0122147
5.78408E-5
0.0118142
0.0219453
0.030904
0.0389321
0.044234
0.0441274
0.0376943
0.0264676
0.0135024
0.00240652
-0.00313464
-7.7605E-4
0.00876225
0.0220745
0.0341123
0.0394963
0.0351753
0.0222606
0.00492357
-0.0126116
-0.0282339
-0.042056
-0.0551589
-0.0674513
-0.0768577
-0.08151
-0.0815471
-0.0787855
-0.0756349
-0.0739685
-0.0743418
-0.075964
-0.0772005
-0.0759221
-0.0704768
-0.0609044
-0.0488652
-0.0363347
-0.0245078
-0.0135478
-0.00292038
0.00795414
0.018978
0.0281157
0.0313382
0.0254329
0.0111907
-0.0062466
-0.0200283
-0.025815
-0.0241345
-0.0186732
-0.0134587
-0.0111821
-0.0129774
-0.0188298
-0.0277556
-0.0381398
-0.0485635
-0.0583979
-0.0667443
-0.070802
-0.0668663
-0.0534549
-0.032778
-0.00906951
0.0141301
0.0354896
0.055628
0.0757389
0.0966564
0.117471
0.134152
0.141794
0.138614
0.127173
0.112467
0.0986918
0.0882448
0.08259
0.0821152
0.0858894
0.0918421
0.0970266
0.0978494
0.0915527
0.0781891
0.0604014
0.0416074
0.0239219
0.00763738
-0.00801896
-0.0241402
-0.0411895
-0.0589015
-0.0766656
-0.0929775
-0.104692
-0.108466
-0.103584
-0.0926528
-0.0796322
-0.0674991
-0.0573174
-0.0496139
-0.0460899
-0.0484688
-0.0566276
-0.0685762
-0.0810903
-0.0901731
-0.0922731
-0.0862442
-0.0741206
-0.0596042
-0.0456769
-0.0333574
-0.0221139
-0.0107707
0.00148828
0.0145992
0.0281089
0.0414881
0.0544342
0.0667769
0.0776846
0.0856091
0.0894734
0.0898497
0.0883431
0.0858774
0.0814844
0.0730269
0.0593249
0.041387
0.0216382
0.00210529
-0.0162979
-0.0331731
-0.0469987
-0.0551665
-0.0564206
-0.0520886
-0.0451113
-0.0381973
-0.0325366
-0.0278518
-0.0232857
-0.0181074
-0.0121947
-0.00615959
-0.0010258
0.00235404
0.00398039
0.00518662
0.00818145
0.0144165
0.0236509
0.0342464
0.0432458
0.0470141
0.0434383
0.0335631
0.0213443
0.0120912
0.00976996
0.0145502
0.0226019
0.028361
0.027886
0.0210624
0.0107755
3.51625E-4
-0.0082702
-0.0147169
-0.0190777
-0.0213706
-0.0218594
-0.0212032
-0.0203907
-0.0204068
-0.0213081
-0.021677
-0.0196026
-0.0141976
-0.00616563
0.00248692
0.00877626
0.00973227
0.00431365
-0.00567856
-0.0159946
-0.0213824
-0.0184917
-0.00783888
0.00697218
0.0220433
0.0353574
0.0468896
0.0578091
0.0680348
0.0737886
0.069517
0.0526879
0.0259361
-0.00508627
-0.0349714
-0.0594563
-0.075105
-0.0807202
-0.078677
-0.073236
-0.0678996
-0.0641881
-0.0616496
-0.0588554
-0.054156
-0.0461905
-0.0347798
-0.0209773
-0.00626362
0.00812026
0.0217551
0.0350041
0.0483613
0.062015
0.0748653
0.0826792
0.0790796
0.0607355
0.0311393
1.77279E-4
-0.0204168
-0.0243342
-0.0140475
0.0026279
0.0179669
0.0271392
0.0280709
0.0211701
0.00915197
-0.00460389
-0.0178231
-0.0299145
-0.0415075
-0.053505
-0.06618
-0.0780858
-0.0856444
-0.0854815
-0.0772703
-0.063777
-0.0488686
-0.0351651
-0.0231765
-0.0120173
-5.01204E-4
0.0119388
0.0246938
0.0357784
0.0428649
0.0452382
0.0448527
0.0458688
0.0520992
0.0634723
0.0744528
0.0770535
0.0668888
0.0459232
0.0200843
-0.00464188
-0.0236661
-0.0335916
-0.0332999
-0.0249965
-0.0129751
-9.29206E-4
0.0095091
0.0186987
0.0277258
0.0359069
0.03978
0.0354763
0.0220823
0.00236757
-0.0192356
-0.0381962
-0.0498415
-0.0506426
-0.0407078
-0.0238744
-0.00513387
0.0122387
0.0274751
0.0405029
0.049768
0.0528043
0.0494951
0.0441643
0.0433525
0.0510515
0.0658755
0.0809162
0.0864122
0.0761201
0.0524192
0.0250337
0.00436388
-0.00534079
-0.00782952
-0.0110756
-0.0213033
-0.039517
-0.0623049
-0.0852214
-0.105682
-0.123606
-0.139696
-0.152118
-0.155955
-0.14745
-0.127678
-0.101619
-0.0746683
-0.0498684
-0.0273415
-0.00551073
0.0168289
0.0380089
0.0529528
0.0567582
0.0489885
0.0338251
0.01676
0.00155267
-0.0103767
-0.0182551
-0.0210503
-0.0186865
-0.0126344
-0.00568871
-0.00152603
-0.00297465
-0.0103945
-0.021692
-0.0339488
-0.0449012
-0.0527698
-0.0559536
-0.0539276
-0.0480617
-0.0412042
-0.0364157
-0.035045
-0.0351856
-0.0323857
-0.0228613
-0.00627785
0.0145409
0.0360548
0.0556398
0.0710105
0.0797731
0.0806879
0.0750847
0.0665701
0.0593023
0.0562403
0.0581626
0.0641974
0.0729528
0.0831047
0.0937113
0.103867
0.111948
0.116101
0.115704
0.111271
0.102732
0.0889337
0.0692364
0.0447741
0.0178977
-0.00916104
-0.0353626
-0.0608313
-0.0861214
-0.111293
-0.133312
-0.145112
-0.140435
-0.119358
-0.0881295
-0.0544879
-0.0234491
0.00357217
0.0255332
0.0389352
0.0402425
0.0298378
0.0121495
-0.00747816
-0.0256187
-0.0416352
-0.0567626
-0.0720532
-0.0858678
-0.0933219
-0.0900583
-0.0761043
-0.0555611
-0.0336111
-0.0134566
0.00433871
0.0201417
0.0328432
0.0397013
0.0392975
0.0336927
0.0272588
0.023633
0.0236921
0.0253104
0.0247217
0.0190286
0.00845493
-0.00311777
-0.0104082
-0.0103675
-0.00395685
0.0051041
0.0128541
0.0170963
0.0181586
0.0185315
0.0213776
0.028556
0.0397472
0.0526217
0.0631832
0.0669548
0.0616911
0.0489317
0.0326617
0.0167542
0.00387631
-0.00423251
-0.00731843
-0.00647203
-0.00303023
0.00213718
0.00877094
0.0163947
0.023237
0.0260491
0.0220146
0.0111495
-0.00354545
-0.0170933
-0.0243909
-0.0230151
-0.0144502
-0.0028875
0.00723684
0.0130793
0.0139383
0.0108057
0.00514379
-0.00196133
-0.00981735
-0.0180645
-0.0265955
-0.0353377
-0.044221
-0.0524457
-0.0573855
-0.0555572
-0.0454111
-0.028679
-0.00910363
0.0101252
0.0276872
0.0434103
0.0564094
0.0644071
0.0658704
0.0616538
0.0546115
0.0479878
0.0438223
0.0423364
0.0420893
0.0408307
0.036791
0.0296891
0.020609
0.0111454
0.00228633
-0.00585125
-0.0135601
-0.0214521
-0.0298148
-0.0384808
-0.0472683
-0.0559111
-0.0643287
-0.0719633
-0.0764876
-0.0743989
-0.0638251
-0.0462684
-0.0253205
-0.00452768
0.013374
0.025763
0.030786
0.0289268
0.0229033
0.0165061
0.0126604
0.0120023
0.0133241
0.0145595
0.0140551
0.0117075
0.00894464
0.00752005
0.00807231
0.00965695
0.0101262
0.00736471
9.72429E-4
-0.0075328
-0.0151429
-0.0181949
-0.0146701
-0.00538433
0.006871
0.0191675
0.0295714
0.0371818
0.0418419
0.0440114
0.0447161
0.0447693
0.0444853
0.0435849
0.0404643
0.0329573
0.0204352
0.00423917
-0.0134329
-0.0304416
-0.044243
-0.0512905
-0.0489333
-0.0377357
-0.0213347
-0.00403745
0.0104896
0.0184923
0.0170464
0.00626423
-0.0105873
-0.0292491
-0.0467139
-0.0609689
-0.0690656
-0.0677794
-0.0565405
-0.0382957
-0.0174075
0.00275011
0.0205903
0.0349636
0.0442789
0.047878
0.0470812
0.0444735
0.0424149
0.0417811
0.0420391
0.04237
0.0421336
0.0413588
0.0408495
0.041515
0.0437311
0.0464248
0.0466872
0.041106
0.0283959
0.0104139
-0.0095645
-0.0289338
-0.0466604
-0.0622569
-0.0735626
-0.0771919
-0.0717256
-0.0591786
-0.0435813
-0.0287933
-0.017216
-0.00917806
-0.00340156
0.00148525
0.00554153
0.00706814
0.00434854
-0.00256772
-0.0120442
-0.0219697
-0.0306987
-0.0368613
-0.039045
-0.0369888
-0.0320333
-0.025964
-0.0201712
-0.0150922
-0.010787
-0.00799281
-0.00814677
-0.0123053
-0.0199708
-0.0294083
-0.0388365
-0.0471217
-0.0536302
-0.0582024
-0.0605729
-0.0600454
-0.0566103
-0.0512289
-0.044679
-0.0366045
-0.0260626
-0.0127208
0.00272112
0.0184416
0.0315534
0.0395405
0.0421023
0.0413419
0.0405839
0.0424064
0.0468388
0.0512521
0.0519441
0.0467582
0.0364973
0.0239098
0.0116229
7.85656E-4
-0.00885103
-0.0182611
-0.0283144
-0.0391136
-0.0494222
-0.0561508
-0.0552389
-0.0448568
-0.0272438
-0.00653094
0.0136425
0.0305245
0.0414381
0.0440365
0.0382091
0.0266377
0.0131525
4.72986E-4
-0.0102975
-0.018188
-0.0217715
-0.0202847
-0.0145963
-0.00685227
8.51056E-4
0.0069143
0.00991511
0.00913908
0.00531591
2.5346E-5
-0.00517162
-0.00922027
-0.0120043
-0.013733
-0.0150574
-0.0166943
-0.0185866
-0.0207022
-0.0227657
-0.024535
-0.0262349
-0.0275419
-0.0275024
-0.0248356
-0.0186114
-0.00941777
7.24678E-4
0.0092295
0.0137649
0.0137874
0.0109422
0.0074465
0.00570788
0.00784082
0.0141081
0.0233597
0.033765
0.0436654
0.0527393
0.0613514
0.0697322
0.0773757
0.0827606
0.0847895
0.0838498
0.0815691
0.0801371
0.0812078
0.0848731
0.0890258
0.090069
0.085267
0.0747257
0.0610532
0.0470313
0.034179
0.022734
0.0117744
3.2646E-4
-0.0113577
-0.0213229
-0.0264696
-0.0248716
-0.0179083
-0.00983478
-0.00548583
-0.0074991
-0.0149297
-0.0245184
-0.0328993
-0.0379579
-0.0396039
-0.0400348
-0.0423622
-0.0488753
-0.0597045
-0.0728515
-0.0852643
-0.092884
-0.0924716
-0.0840016
-0.0703222
-0.0552297
-0.0413122
-0.0290835
-0.0175866
-0.00568408
0.00659213
0.0173184
0.0235953
0.0236192
0.0184422
0.0110889
0.00384184
-0.00215448
-0.00705934
-0.0122328
-0.0180903
-0.0229897
-0.0239636
-0.0191779
-0.00955383
0.00249919
0.014451
0.0250729
0.0346963
0.0441183
0.054088
0.0647291
0.0757362
0.0867843
0.0968615
0.104323
0.10791
0.107381
0.103817
0.0981464
0.0901419
0.0794182
0.0663953
0.05208
0.0374828
0.0239343
0.012699
0.00447223
-9.41459E-4
-0.00401956
-0.00501699
-0.00427647
-0.00210208
8.39394E-4
0.00385531
0.00669998
0.00891892
0.00974055
0.00859959
0.00559784
0.0013031
-0.00430558
-0.0118983
-0.0219423
-0.0340338
-0.0472186
-0.060559
-0.0734253
-0.0851365
-0.0938832
-0.0972013
-0.0941471
-0.0863363
-0.0765932
-0.067283
-0.0598339
-0.0548786
-0.0521403
-0.0507406
-0.0490317
-0.0453992
-0.0394555
-0.0315423
-0.0234029
-0.0174799
-0.0150891
-0.0161966
-0.0195582
-0.023138
-0.0245327
-0.0214634
-0.0126095
0.00121737
0.0175094
0.0339708
0.04948
0.0640389
0.0779903
0.090332
0.0981632
0.0988993
0.0929281
0.0831107
0.0725586
0.0635463
0.0568384
0.0522155
0.0486682
0.0443785
0.037936
0.0289223
0.0182046
0.00711315
-0.00351426
-0.0135128
-0.0231939
-0.0329504
-0.0429204
-0.0517314
-0.0566376
-0.0554296
-0.0479089
-0.0364958
-0.0247814
-0.0158783
-0.0122423
-0.0143851
-0.02014
-0.0258356
-0.0281745
-0.0260589
-0.0208881
-0.0158153
-0.0139681
-0.016718
-0.0231796
-0.0312082
-0.0388722
-0.0450645
-0.0493039
-0.0502423
-0.0463993
-0.0381991
-0.0272057
-0.0153859
-0.00482673
0.00310429
0.00773921
0.00946884
0.00993961
0.0112283
0.0146958
0.0202318
0.0262413
0.0301465
0.0297803
0.0250123
0.017806
0.0107459
0.00574971
0.00293472
9.22371E-4
-0.00194342
-0.00666083
-0.0122947
-0.0163623
-0.0162098
-0.0108954
-0.00198092
0.00817508
0.0175602
0.0251347
0.030476
0.0335054
0.0341668
0.0320661
0.0267308
0.0180286
0.00697446
-0.00461835
-0.0144574
-0.0202491
-0.0210941
-0.0181586
-0.0137056
-0.00983717
-0.00740238
-0.00609099
-0.00506413
-0.00349189
-0.00147421
4.49489E-4
0.00176805
0.00206626
0.001585
0.00100018
7.32044E-4
8.50971E-4
7.35079E-4
-5.87381E-4
-0.00347149
-0.00766364
-0.0124062
-0.0170434
-0.0209354
-0.0229793
-0.0221512
-0.0180791
-0.0116448
-0.00422958
0.00296223
0.00943849
0.0155239
0.0211998
0.0262012
0.0295891
0.0298902
0.0267385
0.0211888
0.0147667
0.00858078
0.00318975
-0.00110418
-0.00363887
-0.00353467
-8.83267E-4
0.00335399
0.00807675
0.012459
0.0163518
0.0198068
0.0229243
0.0255447
0.0267851
0.0257148
0.0222315
0.0170647
0.0112966
0.00578439
7.5025E-4
-0.00397175
-0.00873573
-0.0137856
-0.0190136
-0.0240791
-0.0280964
-0.0298091
-0.0284446
-0.0244905
-0.0193518
-0.0141888
-0.00981271
-0.00696629
-0.00643334
-0.00851458
-0.0126311
-0.0175713
-0.0219279
-0.0241715
-0.0230034
-0.0185385
-0.0121172
-0.00506608
0.00207625
0.00966398
0.0184096
0.0285307
0.039012
0.0473465
0.0503792
0.0465345
0.0370535
0.0249917
0.0132453
0.00331264
-0.00388203
-0.00739838
-0.00722362
-0.00449833
-7.50544E-4
0.00256368
0.00462585
0.00546911
0.00536411
0.0043587
0.00241359
-1.3003E-4
-0.00254794
-0.00402892
-0.00424008
-0.00374659
-0.00327452
-0.00322268
-0.00326864
-0.00249477
-4.96353E-4
0.00258344
0.00631106
0.00999249
0.0132587
0.0162022
0.0189194
0.0214455
0.0237982
0.0258759
0.026837
0.0254977
0.0214629
0.0152447
0.00817731
0.00194581
-0.0020004
-0.00301685
-0.00174419
2.82271E-4
0.00146582
7.06018E-4
-0.00205718
-0.00599273
-0.0100955
-0.0137569
-0.0169217
-0.0197787
-0.0220179
-0.0220871
-0.0182941
-0.0103965
2.92513E-4
0.0118469
0.0225851
0.0307915
0.0339929
0.0304922
0.0211582
0.00852831
-0.00462992
-0.0166611
-0.027199
-0.0355484
-0.0404493
-0.0412988
-0.0388234
-0.0347259
-0.0304791
-0.0264855
-0.022231
-0.0171168
-0.0109821
-0.00421724
0.00271126
0.00949856
0.0159509
0.0219424
0.0266407
0.0288329
0.0279693
0.0246079
0.0202423
0.0163342
0.0137374
0.0124161
0.0115029
0.0104543
0.00908683
0.00726103
0.00538449
0.00393367
0.00319891
0.00352998
0.00496276
0.00686349
0.00822947
0.00814763
0.00632557
0.00336364
1.02037E-4
-0.00288795
-0.00515661
-0.00609361
-0.00521206
-0.00254699
0.00126387
0.00513279
0.00824128
0.0100978
0.0106572
0.0103573
0.00946357
0.00798034
0.00538863
0.00104702
-0.00492557
-0.0117921
-0.0184168
-0.0231565
-0.0247157
-0.023198
-0.019715
-0.0158831
-0.0130915
-0.0116964
-0.0112898
-0.011146
-0.0107399
-0.00989963
-0.00886548
-0.00802551
-0.00754894
-0.00766466
-0.00873915
-0.0110674
-0.0144382
-0.0182632
-0.0218849
-0.0248209
-0.0270707
-0.0288921
-0.0301934
-0.0301576
-0.0278436
-0.0231633
-0.0168864
-0.0102385
-0.00446722
-4.13676E-4
0.00126839
5.47358E-4
-0.0017107
-0.00459828
-0.0072864
-0.00903016
-0.00938743
-0.00834899
-0.0064041
-0.00422992
-0.00227435
-6.02099E-4
6.73746E-4
0.00116559
4.15596E-4
-0.00159736
-0.00441064
-0.00745392
-0.0101618
-0.0119008
-0.0118653
-0.00970614
-0.0059601
-0.00147469
0.00299874
0.00703817
0.0108023
0.0146463
0.0188459
0.0234199
0.0274971
0.0295864
0.0286298
0.0247449
0.0191638
0.0134507
0.00861608
0.00531447
0.00412962
0.00492817
0.0068994
0.00904997
0.0105358
0.0110231
0.0107444
0.0102309
0.0101986
0.0111126
0.0129857
0.0154647
0.0176752
0.0189235
0.0192922
0.0191882
0.0192372
0.0201057
0.0220014
0.0246742
0.0275966
0.0299553
0.0307871
0.0298727
0.0279327
0.0260701
0.0250583
0.0248414
0.024686
0.0235334
0.0203647
0.0147965
0.00759846
-8.72059E-5
-0.00750515
-0.0143866
-0.0209619
-0.0276332
-0.0345722
-0.0417282
-0.0489988
-0.0561182
-0.0624251
-0.0662528
-0.0653301
-0.0588707
-0.0483088
-0.0360916
-0.024261
-0.0135217
-0.00348807
0.00614914
0.0145937
0.0198658
0.0204994
0.0170103
0.0113058
0.00540599
4.54733E-4
-0.00340259
-0.00633542
-0.00846522
-0.00971313
-0.0093495
-0.00678552
-0.00221981
0.00360928
0.00936628
0.0135857
0.0157346
0.0163427
0.0162183
0.0162008
0.0169035
0.0188328
0.0222763
0.0269519
0.0324721
0.0382336
0.0437538
0.0488913
0.0527393
0.0537978
0.0509468
0.0443896
0.0358439
0.0270628
0.018927
0.0118251
0.00638632
0.00357358
0.00374728
0.00621269
0.00899028
0.00959843
0.00703444
0.00190392
-0.00440935
-0.0104194
-0.0155423
-0.020109
-0.0246514
-0.029514
-0.0345044
-0.0385367
-0.0399164
-0.0379349
-0.0334492
-0.0282393
-0.0246719
-0.0246251
-0.0283195
-0.034296
-0.0407245
-0.0465301
-0.0514553
-0.0556178
-0.0583464
-0.058131
-0.0541571
-0.0469575
-0.0381439
-0.0293476
-0.0211878
-0.0136322
-0.0062513
0.00148208
0.00908795
0.0152943
0.0189473
0.0197908
0.0187309
0.0171839
0.0162049
0.0158511
0.0158108
0.0152112
0.012966
0.00884407
0.00321802
-0.00307517
-0.00900751
-0.0136927
-0.0167063
-0.0179288
-0.0172122
-0.0146249
-0.0106628
-0.0058778
-8.40154E-4
0.00388586
0.00783443
0.0106328
0.0123006
0.0129733
0.0130965
0.0130276
0.0128147
0.0125325
0.0121443
0.0116432
0.0110518
0.0104983
0.00996891
0.00945229
0.00892764
0.00841008
0.00803619
0.0078958
0.00836105
0.00959586
0.0114244
0.0136481
0.0157913
0.0170355
0.0165845
0.0140369
0.00982096
0.00502217
0.00113571
-1.80612E-4
0.00185167
0.00676585
0.0131041
0.0187255
0.0212955
0.0191861
0.0124082
0.0027811
-0.00734442
-0.016713
-0.0250444
-0.0322597
-0.0379829
-0.0417745
-0.043544
-0.0431992
-0.0407112
-0.0360828
-0.0297308
-0.0225786
-0.0153551
-0.00902827
-0.00487798
-0.00391424
-0.00636434
-0.0110434
-0.0162884
-0.0210228
-0.024523
-0.0265397
-0.0274913
-0.0279785
-0.0282592
-0.0284894
-0.0286306
-0.0283631
-0.0273889
-0.0249873
-0.0206507
-0.014522
-0.00702534
7.78462E-4
0.00820669
0.0151264
0.0207726
0.0240473
0.0244169
0.022404
0.0192179
0.01576
0.0123659
0.00899498
0.00533428
0.00132834
-0.00301313
-0.00748954
-0.0118349
-0.0161633
-0.0204899
-0.0248593
-0.0292422
-0.0333258
-0.0361561
-0.0362303
-0.0328832
-0.0269702
-0.0199308
-0.0129835
-0.00667586
-8.6385E-4
0.00488358
0.0109502
0.0173681
0.0238372
0.029715
0.0347063
0.0389928
0.0428961
0.046702
0.0506638
0.0546115
0.0571918
0.0566908
0.0522226
0.0444768
0.0353294
0.0261943
0.0177966
0.0101597
0.00289357
-0.00323677
-0.00691289
-0.00750501
-0.00554306
-0.00268214
-2.43065E-4
0.00130225
0.00191903
0.00220133
0.00282841
0.00386554
0.00456755
0.0038743
0.00126274
-0.00324604
-0.00885953
-0.0143812
-0.019239
-0.0231285
-0.0259642
-0.0283936
-0.0307645
-0.0332726
-0.0358965
-0.0377128
-0.0376237
-0.0346642
-0.0289172
-0.0216215
-0.0140785
-0.00712662
-0.00102346
0.00440233
0.00936267
0.0138583
0.0175272
0.0193165
0.0185971
0.0157512
0.0117755
0.00820727
0.00577968
0.00454838
0.00440847
0.00474603
0.00549328
0.00707299
0.00939341
0.0122273
0.0153042
0.0179376
0.0192657
0.0187043
0.0163899
0.0130701
0.00961742
0.00680422
0.00503459
0.00415534
0.00395242
0.00419556
0.00480907
0.00593474
0.00723594
0.00841846
0.00909806
0.00842182
0.00597422
0.00200514
-0.00236292
-0.00613723
-0.00888043
-0.0103455
-0.0113125
-0.0126556
-0.0150466
-0.0186931
-0.0230518
-0.0278075
-0.0323178
-0.036355
-0.0401338
-0.0424622
-0.0421364
-0.0389775
-0.0333962
-0.0268811
-0.0205033
-0.0146482
-0.00933657
-0.00386272
0.00185325
0.00752994
0.0122649
0.0142261
0.0123392
0.00696383
-1.03148E-4
-0.00704133
-0.0131524
-0.0174495
-0.0186419
-0.0159573
-0.00956414
-0.00107313
0.00775576
0.0157297
0.0218051
0.0254458
0.0269183
0.0269195
0.0260126
0.0247065
0.0234711
0.0222397
0.0203971
0.0171171
0.011916
0.00519537
-0.00210678
-0.00854893
-0.0125158
-0.0133957
-0.0115544
-0.00833704
-0.00527413
-0.00282987
-7.45151E-4
0.00167492
0.00495737
0.00827515
0.00982346
0.00822877
0.00333562
-0.00342789
-0.0104249
-0.0168802
-0.0225212
-0.0273456
-0.0308786
-0.0323265
-0.031549
-0.0291274
-0.0259023
-0.0226215
-0.0193905
-0.0160449
-0.0126242
-0.00896928
-0.0051168
-0.00130464
0.00234364
0.00567996
0.00835483
0.0102734
0.011885
0.013256
0.0144423
0.0155386
0.0163678
0.016964
0.0172066
0.0170413
0.0166185
0.0160906
0.0157251
0.0155059
0.0156476
0.0166865
0.0186609
0.0214788
0.024552
0.027226
0.029383
0.0309281
0.0319977
0.0327664
0.0335538
0.0340739
0.0337414
0.0323844
0.0297255
0.0260615
0.0224371
0.0198503
0.0187971
0.0192794
0.0206168
0.0221509
0.0232309
0.023183
0.0217388
0.0189495
0.0153831
0.0115097
0.00789965
0.00525071
0.00355589
0.00246535
0.00158732
5.42389E-4
-0.00111467
-0.00387952
-0.00789211
-0.0129372
-0.0184425
-0.0239819
-0.0293314
-0.0344352
-0.0394309
-0.0441549
-0.048007
-0.0504282
-0.0514466
-0.0516157
-0.0514181
-0.0510155
-0.0506542
-0.0501356
-0.0488219
-0.0465538
-0.0437282
-0.0406199
-0.0374253
-0.03444
-0.0316044
-0.0287312
-0.0256344
-0.0222718
-0.0188244
-0.0152219
-0.0115844
-0.00840228
-0.00617028
-0.00563972
-0.00714271
-0.0101442
-0.0137235
-0.0170204
-0.0191614
-0.0189705
-0.0160287
-0.0110649
-0.00517553
7.62142E-4
0.00613777
0.01049
0.013664
0.0153098
0.0154745
0.0150654
0.0148774
0.0155313
0.0174702
0.0203491
0.0233985
0.0261674
0.0285818
0.0307592
0.0328508
0.0350569
0.0373329
0.0390954
0.0396577
0.0388207
0.0368042
0.0342107
0.0318034
0.0299142
0.028516
0.0273842
0.0261903
0.024728
0.0229005
0.0206466
0.0179753
0.0150522
0.01209
0.00910077
0.00590962
0.00237704
-0.00141194
-0.00530223
-0.00917717
-0.0126167
-0.0146654
-0.0149412
-0.0138423
-0.0119192
-0.0103294
-0.00974053
-0.00996884
-0.0106884
-0.0114645
-0.011551
-0.00989667
-0.00621984
-8.87547E-4
0.00541545
0.0117076
0.016829
0.0196712
0.0198625
0.0175914
0.0136172
0.00911382
0.00476319
5.86216E-4
-0.00341111
-0.00747035
-0.0118947
-0.0164213
-0.0209709
-0.0255323
-0.0299345
-0.0339793
-0.0367207
-0.0369437
-0.0344225
-0.0298039
-0.0242701
-0.0189424
-0.0141099
-0.00964931
-0.00551325
-0.00191781
4.98535E-4
0.00127355
8.73061E-4
2.57463E-4
3.82288E-4
0.00205289
0.00517881
0.00893368
0.0123544
0.0142741
0.0140107
0.0117248
0.00817768
0.00439056
9.96496E-4
-0.00196804
-0.00474394
-0.00732814
-0.00902163
-0.00893454
-0.00705513
-0.00388928
-4.92061E-4
0.00150635
0.00151587
-8.33978E-5
-0.0024547
-0.00456861
-0.005672
-0.00526165
-0.00355593
-0.00126208
8.59601E-4
0.00241477
0.00352704
0.0043248
0.00501865
0.00565717
0.00589699
0.00560372
0.00474637
0.00308452
5.27327E-4
-0.00274365
-0.00629923
-0.00979347
-0.0130092
-0.0153597
-0.0167594
-0.0174809
-0.0174347
-0.0167087
-0.0154071
-0.0135598
-0.0114127
-0.00919149
-0.00700089
-0.0050013
-0.00322543
-0.0014267
8.36896E-4
0.0041334
0.00869608
0.0141568
0.0193386
0.022149
0.0211399
0.0165257
0.00982961
0.00293402
-0.00234293
-0.00427021
-0.00213125
0.00328849
0.0101312
0.0163289
0.0203832
0.0221573
0.0225018
0.0224501
0.0225977
0.0225147
0.0217087
0.0201166
0.018028
0.0161424
0.0151323
0.0151709
0.0161891
0.0181155
0.020539
0.0229447
0.0250183
0.0264562
0.0267353
0.0255847
0.0230408
0.0193751
0.0151621
0.0107672
0.00647589
0.0023931
-0.00166661
-0.00576937
-0.00963223
-0.0127164
-0.0148998
-0.0164545
-0.0177941
-0.0194272
-0.0216806
-0.0243774
-0.0270987
-0.0293234
-0.030114
-0.0286974
-0.0251345
-0.0202632
-0.0151065
-0.0103276
-0.00631005
-0.00357061
-0.00236916
-0.00246495
-0.00344129
-0.00457813
-0.00525814
-0.00523769
-0.00434863
-0.00284341
-0.00112433
6.85562E-4
0.00245459
0.00442892
0.00696834
0.00960947
0.0113315
0.0113626
0.00952507
0.00662688
0.00401239
0.00237627
0.00180489
0.0018886
0.00204211
0.002157
0.00240379
0.00304425
0.00407734
0.00521776
0.00629089
0.00694269
0.00702972
0.00674329
0.00613325
0.00576216
0.00674042
0.00945747
0.0134659
0.0179495
0.0217752
0.0239359
0.0241148
0.0229953
0.0213353
0.0198342
0.0188058
0.0176483
0.0158572
0.0132569
0.0100201
0.00658135
0.00350167
0.00131114
1.11082E-4
-3.89311E-4
-6.74783E-4
-0.0011434
-0.00213419
-0.00396556
-0.00668252
-0.010204
-0.0142289
-0.0181676
-0.0218171
-0.0248426
-0.0261324
-0.0249237
-0.021612
-0.0170911
-0.0122164
-0.00783275
-0.00440416
-0.00223483
-0.00142371
-0.00144351
-0.00179783
-0.00227227
-0.00288149
-0.00401827
-0.0060516
-0.00882921
-0.0117371
-0.0140778
-0.0154354
-0.0158858
-0.0156751
-0.014893
-0.0137484
-0.0127237
-0.0120429
-0.0117905
-0.0119534
-0.0120755
-0.0115863
-0.0100713
-0.00754208
-0.00425824
-5.94284E-4
0.00298633
0.00641401
0.00966334
0.0122597
0.0135182
0.0128529
0.0103769
0.00691531
0.00323616
-1.29344E-4
-0.00302548
-0.0053474
-0.00649336
-0.00584048
-0.00327228
5.15032E-4
0.0046333
0.00856722
0.0120972
0.0154714
0.0186712
0.0210377
0.0216209
0.0196829
0.0156384
0.010743
0.00589636
0.00149669
-0.00207995
-0.00453855
-0.00555122
-0.00515381
-0.00396833
-0.00252627
-0.00145058
-0.00131092
-0.00221608
-0.00384538
-0.00582096
-0.00772862
-0.00883323
-0.0085649
-0.00690972
-0.00424085
-0.00114573
0.00178599
0.00411321
0.00561383
0.00654386
0.00711139
0.00733843
0.00739679
0.00725014
0.00692113
0.0067001
0.00674669
0.00712508
0.00785908
0.00920446
0.0115505
0.0149888
0.0192186
0.0235868
0.0277237
0.030899
0.0321487
0.0315782
0.0296627
0.0269604
0.0238673
0.0204008
0.0166134
0.0125489
0.00830864
0.00394322
-3.318E-4
-0.00451477
-0.00875023
-0.0129764
-0.0172299
-0.0214335
-0.025441
-0.0284295
-0.0290536
-0.0267111
-0.0219395
-0.016029
-0.0101041
-0.00476086
-5.38904E-5
0.00396307
0.00657548
0.00739109
0.00672487
0.00517348
0.00383044
0.00366094
0.00481201
0.00695485
0.00942518
0.0113755
0.0126127
0.0133859
0.0137963
0.0140967
0.0142909
0.0142098
0.014009
0.0136742
0.0131956
0.0127242
0.0122606
0.0117532
0.0107693
0.00863936
0.00518146
6.14429E-4
-0.00450493
-0.00961355
-0.0144808
-0.0190947
-0.0233375
-0.0264212
-0.0271207
-0.0246358
-0.0195849
-0.0134446
-0.00733123
-0.00216411
0.00119154
0.00198539
7.39953E-5
-0.00368663
-0.00815617
-0.0124384
-0.015897
-0.0178063
-0.0174224
-0.0147405
-0.0104989
-0.0059894
-0.00252385
-5.38125E-4
1.03589E-4
-1.20313E-4
-7.84732E-4
-0.00183513
-0.00324827
-0.00519529
-0.00753926
-0.00974048
-0.0110728
-0.0111111
-0.0100884
-0.0084886
-0.00682281
-0.00520843
-0.00360315
-0.00197195
-5.99854E-4
-2.173E-4
-0.00130796
-0.00368543
-0.00666085
-0.00957076
-0.0115732
-0.0117477
-0.00981787
-0.00621493
-0.00190255
0.00229466
0.00619901
0.00975611
0.0130001
0.0157069
0.0171658
0.017203
0.0162102
0.0146032
0.0125814
0.00986519
0.00610064
0.00135769
-0.00390684
-0.00923323
-0.0139805
-0.0172027
-0.0185489
-0.0182935
-0.0170605
-0.0157753
-0.0149904
-0.0146749
-0.0147165
-0.0149294
-0.0149949
-0.0148073
-0.0142809
-0.0133539
-0.0119635
-0.00960667
-0.00569739
-1.17946E-4
0.00664883
0.0138197
0.0208074
0.0272368
0.0324945
0.0356011
0.0360282
0.0342915
0.0315109
0.0284985
0.0252486
0.021201
0.0158823
0.00943775
0.0024591
-0.00452065
-0.0110736
-0.0164398
-0.01927
-0.0185377
-0.0145361
-0.00861418
-0.00233429
0.00336405
0.0081358
0.0115554
0.0129427
0.0118829
0.00884751
0.00487255
9.03465E-4
-0.00267507
-0.00596984
-0.00921355
-0.0124278
-0.0149913
-0.0158405
-0.0143737
-0.0110091
-0.0067476
-0.00254562
0.00113886
0.00429158
0.0068891
0.00894874
0.0106804
0.0124057
0.0145833
0.0175334
0.0211729
0.025068
0.028411
0.0304594
0.0309807
0.0303176
0.0291498
0.0278734
0.0262665
0.0237061
0.0198806
0.0150546
0.00978123
0.00470913
4.46621E-4
-0.00262947
-0.00458312
-0.00586935
-0.00707722
-0.00887083
-0.0118768
-0.016391
-0.0222331
-0.0287634
-0.0352535
-0.0410525
-0.045128
-0.0463985
-0.0447267
-0.0410026
-0.0367178
-0.0331592
-0.0307644
-0.0293363
-0.0281721
-0.0263643
-0.0233181
-0.0191196
-0.0148757
-0.012115
-0.0115892
-0.0129583
-0.0151885
-0.0171678
-0.0182252
-0.0180549
-0.0167181
-0.0147027
-0.0125642
-0.0107276
-0.00944858
-0.00865044
-0.00810745
-0.00760748
-0.00698558
-0.006249
-0.00544332
-0.00473792
-0.00414773
-0.00352122
-0.00291893
-0.00226344
-0.00147953
-6.95185E-4
5.95354E-5
6.53564E-4
7.21055E-4
1.37987E-4
-0.00100656
-0.002516
-0.00391838
-0.00492443
-0.00535383
-0.00508701
-0.0039535
-0.00155761
0.00209921
0.00663956
0.0115256
0.0162867
0.020406
0.0229265
0.0231476
0.0212895
0.0182099
0.0148469
0.0118769
0.00972634
0.00854185
0.00824576
0.00860897
0.00922284
0.00967007
0.00984639
0.00978571
0.00959355
0.0094627
0.00945347
0.00966249
0.0100197
0.0103906
0.0107904
0.0112778
0.0120541
0.0133194
0.0150483
0.0169151
0.018294
0.0184702
0.0172733
0.0152056
0.0128656
0.0107155
0.00883741
0.00707452
0.00532069
0.00341816
0.00133818
-7.76739E-4
-0.00287387
-0.00488212
-0.0066318
-0.00787
-0.00833362
-0.00797817
-0.00702712
-0.00595161
-0.00506006
-0.00429017
-0.00359762
-0.00293763
-0.00208581
-8.6381E-4
9.01489E-4
0.00322526
0.0058537
0.00851712
0.0107779
0.0120364
0.0119732
0.0108701
0.00938104
0.00806916
0.00712001
0.00632549
0.00521533
0.00327749
3.14212E-4
-0.00347195
-0.00764281
-0.0116402
-0.0148543
-0.0166379
-0.0163678
-0.0141064
-0.0106987
-0.0071095
-0.00385528
-9.05344E-4
0.00184239
0.00430766
0.00583438
0.00569876
0.00380521
7.65611E-4
-0.00243122
-0.00486495
-0.00574899
-0.00516033
-0.00386922
-0.00260312
-0.00185366
-0.00156856
-0.00103103
6.45324E-4
0.00379494
0.00792221
0.0118001
0.0142739
0.015029
0.0145319
0.0136723
0.0131588
0.0132141
0.0137413
0.0143507
0.0145554
0.0140014
0.0126045
0.010536
0.00817429
0.00587189
0.00371988
0.00172119
-2.10123E-4
-0.00204055
-0.0031814
-0.00289272
-0.00101643
0.00194774
0.00516272
0.00796426
0.00950769
0.00908761
0.00706761
0.00421607
0.00125659
-0.00137285
-0.00363723
-0.00571935
-0.00793841
-0.0101295
-0.011768
-0.0124749
-0.0119444
-0.0105024
-0.00891264
-0.00748859
-0.00635668
-0.00584755
-0.00639969
-0.00824114
-0.0112259
-0.0148132
-0.0184093
-0.0215427
-0.0235616
-0.0238528
-0.0221709
-0.019007
-0.0153567
-0.0118459
-0.00866703
-0.00574994
-0.00285569
-2.27213E-4
0.00159414
0.00227384
0.00178104
4.39208E-4
-0.00141552
-0.00346123
-0.00559766
-0.00742091
-0.00789271
-0.00652654
-0.00338045
0.00100218
0.00547983
0.00911607
0.0110587
0.0109758
0.00936899
0.00701551
0.00496791
0.00400083
0.00419642
0.00523146
0.00661502
0.00781459
0.00844275
0.00827088
0.0070044
0.00471809
0.00194603
-5.46299E-4
-0.00179505
-0.00113942
0.00139688
0.00506428
0.00890119
0.012241
0.0145921
0.0152395
0.0138786
0.0109675
0.00723552
0.0035479
2.23642E-4
-0.00293284
-0.0058891
-0.00813002
-0.00849307
-0.0059454
-7.39584E-4
0.00569843
0.0112864
0.0141036
0.0137379
0.0112626
0.00819495
0.00608068
0.00555759
0.00630409
0.00772171
0.00904422
0.00989891
0.0100845
0.00944736
0.00801744
0.00599796
0.00379147
0.00154752
-6.53362E-4
-0.00262724
-0.00422783
-0.00515965
-0.00520325
-0.00448983
-0.00343983
-0.00248406
-0.00199946
-0.00256166
-0.00439738
-0.00722226
-0.0105766
-0.0138631
-0.0166267
-0.0184565
-0.0192185
-0.0185922
-0.0159899
-0.0116606
-0.00627329
-4.40726E-4
0.00526151
0.0106235
0.0158261
0.0208469
0.0249373
0.0268356
0.0256138
0.0216939
0.0165079
0.0116054
0.00827597
0.00722673
0.00843854
0.0110432
0.0138757
0.0158815
0.0160562
0.0139652
0.0100005
0.00502843
-3.68934E-5
-0.00471703
-0.00906775
-0.0133838
-0.0177093
-0.0217448
-0.0248104
-0.0259286
-0.0247615
-0.0216286
-0.0172896
-0.0128354
-0.00899161
-0.00587693
-0.00339633
-0.00120968
0.00121049
0.00410865
0.00764524
0.0115787
0.0151392
0.0172
0.0166887
0.0136962
0.00929807
0.0046782
5.83258E-4
-0.00281683
-0.00572484
-0.00857705
-0.0117084
-0.0151678
-0.0188783
-0.022482
-0.0247577
-0.0243857
-0.0212151
-0.0160479
-0.0101463
-0.00468312
1.2124E-4
0.00461046
0.00879112
0.012744
0.0166262
0.0202823
0.0235882
0.0262224
0.0272983
0.0264344
0.024102
0.0210672
0.0184367
0.0167853
0.0160123
0.0157092
0.0152873
0.0144724
0.0130995
0.0112419
0.00909727
0.00689883
0.00510427
0.00410185
0.00400448
0.00458454
0.00536039
0.00598633
0.00629659
0.00585888
0.00438324
0.00209034
-6.97497E-4
-0.00350518
-0.00580516
-0.00741217
-0.00846033
-0.009464
-0.0109153
-0.0129841
-0.0157028
-0.0186353
-0.0207419
-0.0212167
-0.0196844
-0.0164542
-0.0128596
-0.00993578
-0.00798249
-0.00686969
-0.00591798
-0.00444893
-0.00211834
0.00125401
0.00540412
0.00983127
0.0142658
0.0185058
0.0225758
0.0267205
0.030838
0.0342879
0.0358492
0.0344555
0.0302191
0.0243168
0.0181532
0.0124627
0.0073594
0.00259221
-0.00194288
-0.00576454
-0.00844185
-0.00995948
-0.0107493
-0.0115409
-0.0127379
-0.0143917
-0.0162598
-0.0178388
-0.0187892
-0.0186966
-0.0168229
-0.0127117
-0.00675782
2.06715E-4
0.00734602
0.0140136
0.0198422
0.0240535
0.0257835
0.0250123
0.0226148
0.01981
0.0173039
0.0155732
0.0149934
0.0154677
0.0165911
0.0178025
0.0186741
0.0189974
0.0186351
0.0173763
0.0150678
0.0117597
0.00741706
0.00227271
-0.00320724
-0.00886244
-0.0144443
-0.0198583
-0.0252073
-0.0299462
-0.0329756
-0.0334268
-0.0313806
-0.0279079
-0.024174
-0.0208473
-0.0180409
-0.0153484
-0.0122318
-0.00829301
-0.00364859
0.00120863
0.00568766
0.00911184
0.0112462
0.0120476
0.0116848
0.0105766
0.00872371
0.00585466
0.00189045
-0.00291963
-0.00812095
-0.0133154
-0.0182719
-0.0227354
-0.0263838
-0.0290558
-0.0310245
-0.0326721
-0.0342214
-0.0358434
-0.0372323
-0.0373979
-0.0352477
-0.0306064
-0.0243392
-0.0176324
-0.0117038
-0.00742636
-0.00489243
-0.00370656
-0.0034319
-0.00363922
-0.00399085
-0.00467704
-0.00618038
-0.00860745
-0.0117816
-0.0151511
-0.0177674
-0.0188165
-0.0180364
-0.0159678
-0.0135125
-0.0112696
-0.00925692
-0.0069944
-0.00399402
-4.57747E-5
0.00461101
0.00947573
0.0141424
0.0185317
0.0225364
0.0252182
0.0253811
0.0226338
0.0176133
0.0116557
0.00587361
6.20327E-4
-0.00419678
-0.00897617
-0.013963
-0.0186632
-0.0220683
-0.0234295
-0.0228295
-0.0210559
-0.0191478
-0.0176322
-0.0162235
-0.0142855
-0.0112004
-0.00681889
-0.00168792
0.00354348
0.00852257
0.0129824
0.0165751
0.0190354
0.0205406
0.0214346
0.021972
0.0222587
0.0222975
0.0221093
0.0215769
0.0205358
0.0186779
0.0158706
0.0123364
0.00846582
0.00461249
7.49226E-4
-0.00321607
-0.00729031
-0.0114815
-0.0158183
-0.020183
-0.0243601
-0.0279861
-0.0300856
-0.0299184
-0.0277049
-0.0243049
-0.0206526
-0.0172035
-0.0137842
-0.00995708
-0.00562325
-0.0012905
0.00172965
0.00226174
2.92197E-4
-0.00325029
-0.00712092
-0.010496
-0.0131909
-0.0154349
-0.0172473
-0.0184778
-0.0190559
-0.0187115
-0.0172802
-0.0148421
-0.0117013
-0.00840981
-0.00560298
-0.00386625
-0.00334863
-0.00365465
-0.00425377
-0.0046257
-0.00424711
-0.00283365
-5.22965E-4
0.00227941
0.00512896
0.00772886
0.00981059
0.0111843
0.0120082
0.0123852
0.0123027
0.0118093
0.0106123
0.0079572
0.00344631
-0.00256443
-0.00935797
-0.016188
-0.0225837
-0.0279872
-0.0314557
-0.0322375
-0.0305517
-0.0275451
-0.0244442
-0.0220305
-0.0204383
-0.0191478
-0.0175353
-0.015052
-0.0114015
-0.00692866
-0.00217666
0.00221732
0.00533627
0.00652476
0.00584174
0.00413936
0.00250196
0.0015445
0.00143098
0.00175989
0.00196532
0.00191723
0.00186978
0.00225836
0.00335026
0.0051287
0.00720835
0.00914443
0.0105967
0.0112326
0.0111255
0.0104166
0.0090001
0.00672962
0.00341523
-7.30899E-4
-0.00482046
-0.00794332
-0.00966174
-0.0100883
-0.00978768
-0.0093164
-0.00898193
-0.00877041
-0.00832916
-0.00708184
-0.00450442
-6.61815E-4
0.00389638
0.00849221
0.0122609
0.014301
0.0142265
0.0125435
0.0102322
0.00811341
0.00649088
0.00525032
0.00405626
0.0027486
0.0017596
0.00160137
0.00254221
0.00432259
0.00628622
0.00803506
0.00938363
0.010531
0.0119843
0.0140903
0.0168056
0.0198302
0.0226934
0.0246483
0.0251897
0.0244517
0.0228866
0.0210692
0.0192131
0.0169382
0.0141137
0.0107818
0.00718469
0.00403895
0.00159529
-2.763E-4
-0.00186372
-0.00355495
-0.00539672
-0.00708415
-0.00783471
-0.0067584
-0.00352976
0.0012048
0.00648893
0.0116428
0.016285
0.0206014
0.0249267
0.0293053
0.0333182
0.0362301
0.0376596
0.0376247
0.0365148
0.0350386
0.0337071
0.0325705
0.0312659
0.0293926
0.026816
0.0235865
0.0200592
0.016691
0.0135222
0.0105935
0.00817487
0.00648124
0.00549079
0.0051939
0.00596565
0.00791165
0.0105937
0.0137229
0.0169862
0.0198723
0.0216508
0.0214183
0.0188933
0.0145302
0.00928837
0.00421737
-3.40704E-4
-0.00408835
-0.00621952
-0.00632366
-0.00437708
-0.00114363
0.00208512
0.00425865
0.00438452
0.00257293
-2.79433E-4
-0.00342474
-0.00615591
-0.00809829
-0.00937633
-0.0102187
-0.0107379
-0.0109795
-0.0108628
-0.0103082
-0.00928066
-0.00791834
-0.00626755
-0.00450589
-0.0029075
-0.00134659
-1.01716E-4
3.1427E-4
-3.01563E-4
-0.00187062
-0.00392047
-0.00604869
-0.00798527
-0.00950172
-0.0099951
-0.00878491
-0.00576969
-0.00135442
0.00360612
0.00843134
0.0128794
0.016892
0.0201674
0.021831
0.0211466
0.0183902
0.014529
0.0104667
0.00679723
0.00360695
5.19283E-4
-0.00253756
-0.00514689
-0.00664017
-0.00666829
-0.00553314
-0.00386229
-0.00244977
-0.00190023
-0.00248863
-0.00418452
-0.00649239
-0.00880238
-0.0106643
-0.0113146
-0.010129
-0.00727604
-0.00323691
0.00121037
0.00525583
0.0083961
0.0100158
0.0100339
0.00899436
0.00746551
0.00606388
0.00507444
0.00444436
0.00413657
0.00402988
0.00395225
0.00379481
0.00340806
0.00256836
0.00109739
-7.18847E-4
-0.00224804
-0.00316285
-0.00331056
-0.0028378
-0.00229644
-0.00200519
-0.00209815
-0.00291132
-0.00461312
-0.00701817
-0.00985399
-0.0126808
-0.0150217
-0.0164615
-0.016641
-0.0156365
-0.0140544
-0.012477
-0.0110308
-0.00975864
-0.00875434
-0.0078847
-0.00702826
-0.00612646
-0.00491525
-0.00325752
-0.0014328
2.3816E-4
0.00147223
0.00219009
0.00259573
0.0029476
0.00355226
0.00421231
0.00438444
0.00359317
0.00147403
-0.00159842
-0.00493924
-0.00768607
-0.00861607
-0.00706017
-0.00325898
0.00174187
0.00640831
0.00930505
0.00986499
0.00868873
0.00701343
0.00598401
0.00610882
0.00721778
0.00870031
0.00983124
0.0102471
0.0099194
0.00910306
0.00820811
0.00734986
0.00670335
0.00609691
0.0049978
0.0030955
2.16227E-4
-0.00332798
-0.00675026
-0.00890317
-0.00895911
-0.00710044
-0.00413463
-0.00108128
0.00112714
0.00185763
0.00110281
-5.86935E-4
-0.00255289
-0.00429367
-0.00568798
-0.00662299
-0.00686429
-0.00622441
-0.00463947
-0.00236294
4.4112E-4
0.00374964
0.00717107
0.0100283
0.0118688
0.012723
0.0129127
0.0127376
0.0121801
0.0109335
0.00894794
0.00653128
0.00440456
0.0035113
0.00430145
0.00660182
0.0096866
0.0127773
0.0152623
0.016461
0.0160039
0.0139399
0.0108269
0.00748259
0.0043932
0.00208937
0.0010873
0.0016259
0.00354814
0.00610699
0.00867912
0.0110553
0.0131246
0.0150733
0.0171517
0.0191498
0.0203923
0.0199628
0.0174199
0.0131215
0.00803839
0.003201
-0.00108697
-0.00473526
-0.00754883
-0.00959946
-0.011141
-0.0126657
-0.0147234
-0.0173984
-0.0199604
-0.0211526
-0.0202718
-0.0176364
-0.0141101
-0.0107389
-0.00824802
-0.00689683
-0.00686028
-0.00776853
-0.0088427
-0.00958935
-0.00976031
-0.00939593
-0.00870072
-0.00801375
-0.00756695
-0.00751434
-0.00813356
-0.00954015
-0.0115112
-0.0134617
-0.0150011
-0.0159823
-0.0163878
-0.0164894
-0.0162902
-0.0155371
-0.0142749
-0.0126661
-0.0108574
-0.00906373
-0.00740163
-0.00589667
-0.00460619
-0.00357298
-0.00295321
-0.00308232
-0.00410588
-0.00607498
-0.00884627
-0.011779
-0.0142934
-0.0159827
-0.0167097
-0.0168
-0.0166919
-0.016705
-0.0169688
-0.017431
-0.0178133
-0.0180653
-0.0182822
-0.0182709
-0.0176886
-0.0159757
-0.0127951
-0.00846626
-0.00392273
-3.15032E-4
0.00174099
0.00250914
0.00279788
0.00332743
0.00445352
0.00600521
0.00746217
0.00821713
0.00757912
0.00524607
0.00169626
-0.00227607
-0.00606535
-0.0091612
-0.0112944
-0.0125494
-0.013026
-0.0130031
-0.0127353
-0.0123509
-0.0120697
-0.011997
-0.0122339
-0.0126841
-0.0130123
-0.0128974
-0.0119211
-0.0098154
-0.00695775
-0.00414752
-0.00204645
-8.25532E-4
-1.40472E-4
5.82927E-4
0.0016962
0.00323719
0.00502693
0.0066282
0.00763511
0.0077734
0.00707325
0.00590745
0.00472136
0.0037484
0.00301705
0.00267089
0.00273517
0.00331886
0.00461111
0.0064122
0.00834417
0.00994612
0.0110078
0.0116261
0.011928
0.0121398
0.0122268
0.0117571
0.0104718
0.00854228
0.00627716
0.00402803
0.00197546
1.24806E-4
-0.00144997
-0.00258526
-0.00325689
-0.00356877
-0.00340911
-0.00278914
-0.00177397
-4.41939E-4
8.84396E-4
0.00188848
0.0024101
0.00247565
0.00231876
0.00201991
0.00136246
5.28252E-4
-3.06786E-4
-0.0012566
-0.00213792
-0.00285247
-0.00334568
-0.00339333
-0.00304117
-0.00258253
-0.00231811
-0.00256845
-0.00352709
-0.00513605
-0.00719393
-0.00920028
-0.0107742
-0.0119955
-0.0129297
-0.0137158
-0.0146132
-0.0156128
-0.016584
-0.0173603
-0.0177388
-0.0177165
-0.0172744
-0.0165236
-0.015738
-0.0148965
-0.0139789
-0.0130794
-0.0122162
-0.0113744
-0.0106259
-0.0101654
-0.00991442
-0.00980799
-0.0101803
-0.0112077
-0.0127632
-0.014677
-0.0165276
-0.017922
-0.0187298
-0.0189297
-0.0186061
-0.0176766
-0.0161061
-0.0141783
-0.012375
-0.011107
-0.0105505
-0.0107028
-0.0110425
-0.0110837
-0.0107431
-0.00983801
-0.00851233
-0.00715393
-0.00586981
-0.00469597
-0.00364607
-0.00262485
-0.00172926
-0.00107153
-7.02145E-4
-9.28545E-4
-0.00195877
-0.00366587
-0.00581584
-0.00778448
-0.00865398
-0.00788744
-0.00557283
-0.00237447
0.0010136
0.00415693
0.00678566
0.00876736
0.00997341
0.0105284
0.0107239
0.0109187
0.0113464
0.0119593
0.0126534
0.0131746
0.0132733
0.0126622
0.0112552
0.00921797
0.0066287
0.00362818
7.04798E-4
-0.00164217
-0.00323658
-0.00398647
-0.00425386
-0.00442823
-0.00442027
-0.0043067
-0.00409533
-0.00375628
-0.00332664
-0.00258461
-0.00144481
8.41831E-5
0.00192523
0.00386397
0.00579906
0.00767009
0.00932189
0.0105723
0.0114406
0.0119893
0.0123622
0.0127389
0.0131477
0.0135783
0.0137852
0.0137839
0.0136795
0.013429
0.0132629
0.0132154
0.0132088
0.0132488
0.0133266
0.0135502
0.0139861
0.0147048
0.0157372
0.0168201
0.0177757
0.0185458
0.0188819
0.0185302
0.0170284
0.013843
0.00914118
0.00360858
-0.00186225
-0.00636407
-0.00920092
-0.0103216
-0.0101053
-0.00881663
-0.00679753
-0.0043377
-0.0016732
0.00121713
0.00450806
0.00824707
0.0121757
0.015661
0.0181033
0.0192608
0.019441
0.0192492
0.0192019
0.0194824
0.0198963
0.0203241
0.0204579
0.020085
0.0195571
0.019102
0.0187974
0.0187386
0.0189259
0.0190257
0.0186342
0.0175189
0.0154695
0.0127524
0.010197
0.00859937
0.0082706
0.00892523
0.00996726
0.0108704
0.011363
0.011371
0.0108341
0.00977776
0.00847781
0.00713155
0.00585156
0.00480519
0.00401765
0.00343448
0.00302375
0.00294632
0.00348108
0.00458187
0.00598272
0.00739943
0.00838387
0.00872576
0.00851281
0.00783476
0.00670187
0.00495106
0.00281371
8.01996E-4
-7.1416E-4
-0.00153464
-0.00183465
-0.00176653
-0.00141057
-8.73126E-4
-1.96786E-4
6.95801E-4
0.00181143
0.00312176
0.00467157
0.00629985
0.00785362
0.00937055
0.0107625
0.0116752
0.0118232
0.0110927
0.00982483
0.00861171
0.00771476
0.00716944
0.00697242
0.00712282
0.00759314
0.00833681
0.00915184
0.00968668
0.00955015
0.00856113
0.00702586
0.0054564
0.00438301
0.00385738
0.00369027
0.00395485
0.00461044
0.00590456
0.00800671
0.0104747
0.0129008
0.0149424
0.0162275
0.0168029
0.0167638
0.0159996
0.0146097
0.0128302
0.0110881
0.00986156
0.0092176
0.00882917
0.00842002
0.00770632
0.00641632
0.00468898
0.00274495
8.33349E-4
-5.14274E-4
-8.77857E-4
-2.25571E-4
0.00117712
0.00282056
0.00436169
0.0054574
0.00571464
0.00511706
0.00384473
0.00229065
9.22457E-4
-5.44677E-5
-6.62148E-4
-9.86309E-4
-0.00126832
-0.00169446
-0.00223302
-0.0028272
-0.0033187
-0.00353191
-0.00340898
-0.00308481
-0.00270963
-0.00237202
-0.00233915
-0.00285852
-0.00413713
-0.0060825
-0.00833031
-0.0105328
-0.0119673
-0.0118538
-0.00985644
-0.00631295
-0.00203314
0.00217671
0.00566126
0.008016
0.0091588
0.00941675
0.00927396
0.00922747
0.00954396
0.0101991
0.0110613
0.0117199
0.0117293
0.0107096
0.00867563
0.00597666
0.00295341
-5.92796E-6
-0.00279451
-0.00540036
-0.00773346
-0.00961713
-0.0109142
-0.0117501
-0.01236
-0.0128133
-0.0130118
-0.0128746
-0.0123118
-0.0114664
-0.010542
-0.00974047
-0.0093179
-0.009173
-0.00929454
-0.00959602
-0.00975053
-0.00984627
-0.00994379
-0.0101391
-0.0106567
-0.011371
-0.0122613
-0.0133996
-0.01472
-0.0162626
-0.0179238
-0.0194292
-0.0205842
-0.0212831
-0.0216995
-0.0220134
-0.0222676
-0.0226918
-0.0232146
-0.0235975
-0.0239263
-0.0241352
-0.0240665
-0.02385
-0.0236243
-0.0233337
-0.0230053
-0.0225446
-0.0214892
-0.0197332
-0.0174896
-0.0148571
-0.0122072
-0.00975971
-0.00737854
-0.00499487
-0.0026374
-6.96127E-4
2.73471E-4
-2.9356E-5
-0.00158679
-0.00371503
-0.00573673
-0.00753613
-0.00872752
-0.00912716
-0.00902595
-0.00861283
-0.0081721
-0.00781556
-0.00747907
-0.00724
-0.00698817
-0.00657127
-0.00608822
-0.0055976
-0.00508025
-0.00462926
-0.0041965
-0.00375335
-0.00333126
-0.00285364
-0.00238057
-0.00207035
-0.00201247
-0.00224394
-0.00282923
-0.00350246
-0.0040219
-0.00425169
-0.00396364
-0.00317691
-0.00205903
-8.35597E-4
2.90531E-4
0.00114015
0.00175563
0.00195046
0.00131068
8.05591E-6
-0.00159789
-0.00325642
-0.00477586
-0.00615581
-0.00750686
-0.0088925
-0.0102712
-0.0113284
-0.0116784
-0.0112675
-0.0103137
-0.00923095
-0.00858041
-0.00862319
-0.0092279
-0.0102824
-0.0113798
-0.0119481
-0.0116588
-0.0105734
-0.00886418
-0.00686957
-0.00508547
-0.00345779
-0.00192767
-5.23486E-4
7.16242E-4
0.00155749
0.00206585
0.00251692
0.00305119
0.00386133
0.00508821
0.00641739
0.00778496
0.00916179
0.010239
0.0111665
0.0118842
0.0122152
0.012182
0.0116085
0.0104276
0.00885481
0.00726258
0.00597152
0.00517287
0.0047575
0.00457215
0.00476401
0.00508311
0.00530458
0.00557019
0.00562783
0.00539537
0.00489102
0.00406694
0.00302497
0.00187748
7.10289E-4
-5.39546E-4
-0.00175823
-0.00294958
-0.00423969
-0.00542884
-0.00637169
-0.0068052
-0.00642102
-0.0055517
-0.00448014
-0.00333357
-0.00252056
-0.00203232
-0.00171935
-0.0018947
-0.00252101
-0.00304163
-0.003459
-0.0039221
-0.00412229
-0.00401274
-0.003739
-0.0032943
-0.00278346
-0.00242117
-0.00235341
-0.00266458
-0.00342273
-0.00447395
-0.0055432
-0.00644762
-0.00728544
-0.0082602
-0.00917944
-0.0100572
-0.0110451
-0.0119956
-0.0128017
-0.0132923
-0.0132232
-0.0124437
-0.0110325
-0.00938833
-0.00772405
-0.00622454
-0.00488199
-0.00346311
-0.00206687
-6.92021E-4
7.36014E-4
0.00213802
0.00323692
0.004028
0.00462434
0.00511658
0.00571171
0.00624762
0.00674159
0.00739424
0.00790041
0.00803456
0.00798991
0.00781805
0.00754945
0.00730692
0.00705006
0.00670773
0.00614386
0.00540704
0.00460826
0.00372024
0.0029352
0.00239671
0.00214769
0.00227773
0.00279641
0.00338769
0.0038174
0.00408132
0.00401862
0.00372996
0.00335503
0.00292934
0.00265586
0.0024588
0.00217946
0.00181047
0.00103523
-1.78502E-4
-0.0015754
-0.00316586
-0.0044208
-0.00501653
-0.00508062
-0.00448872
-0.00322208
-0.00135164
9.6714E-4
0.00348855
0.00597072
0.00809694
0.00966065
0.0106971
0.0110569
0.0107714
0.0100598
0.00898607
0.0077126
0.00641494
0.0051733
0.0039709
0.00282154
0.00166115
3.86589E-4
-9.10041E-4
-0.00208886
-0.00287788
-0.00298028
-0.00226151
-9.77609E-4
3.83692E-4
0.00154094
0.00240702
0.00277713
0.00263278
0.0023393
0.00199325
0.00177422
0.0017109
0.00154167
0.00129197
0.00104497
8.91207E-4
0.00108625
0.00170117
0.00259596
0.00367351
0.00480344
0.00582501
0.00663825
0.00718418
0.00737092
0.00715614
0.00649776
0.00572167
0.00503449
0.00424954
0.00357608
0.00294794
0.00215572
0.00118174
-1.99983E-4
-0.00190952
-0.00373365
-0.00559738
-0.00744325
-0.00908447
-0.0104434
-0.0116268
-0.0125797
-0.0130825
-0.0129098
-0.0120701
-0.0105143
-0.00840379
-0.00609481
-0.0040193
-0.00267991
-0.00207279
-0.00201684
-0.00238419
-0.00285899
-0.0032281
-0.00349885
-0.00353785
-0.00323603
-0.00254514
-0.00148004
-2.15914E-4
0.00109491
0.00228518
0.00324569
0.00388316
0.0040862
0.00395346
0.00360375
0.00317296
0.00285451
0.00263794
0.00262295
0.00265885
0.00253452
0.00247787
0.00259899
0.00283905
0.00300999
0.00323726
0.00355702
0.00352497
0.003007
0.00201238
6.64409E-4
-9.16017E-4
-0.00259172
-0.00403385
-0.00537743
-0.00686987
-0.00838163
-0.00983539
-0.0110833
-0.0116462
-0.0116032
-0.011299
-0.0108242
-0.0104348
-0.010164
-0.00992904
-0.00969194
-0.00942318
-0.00903444
-0.00860832
-0.00825666
-0.00783313
-0.00720035
-0.00614882
-0.0047308
-0.00308349
-0.00137318
8.50873E-5
0.00117769
0.00176546
0.00194383
0.00199196
0.00188429
0.00167826
0.00142511
9.6514E-4
5.28853E-4
2.63211E-4
1.47447E-6
1.52193E-5
3.46303E-4
7.50987E-4
0.00114687
0.00150666
0.001874
0.00217695
0.00245797
0.00266403
0.00281657
0.00302411
0.00319375
0.00331288
0.00345303
0.00354393
0.00336141
0.00303143
0.00263928
0.00218083
0.00172486
0.00124321
5.63675E-4
-7.03792E-4
-0.00260054
-0.00488113
-0.00716031
-0.00906971
-0.0103228
-0.0107849
-0.0105957
-0.00999109
-0.00914225
-0.00806385
-0.00695893
-0.00590311
-0.00484355
-0.00382408
-0.00298575
-0.00277054
-0.00341709
-0.00490887
-0.00689596
-0.00888817
-0.0108287
-0.0125292
-0.013882
-0.0151057
-0.0160157
-0.0162872
-0.0158016
-0.0145807
-0.0129128
-0.011118
-0.00941732
-0.00793611
-0.00674059
-0.00581771
-0.00497867
-0.00414347
-0.00336641
-0.00250971
-0.00167176
-0.00101571
-5.24584E-4
-3.93784E-4
-7.06676E-4
-0.00135358
-0.00206059
-0.00268618
-0.00329158
-0.00375637
-0.00395814
-0.00380171
-0.00335575
-0.00272756
-0.00197015
-0.00128639
-6.905E-4
-1.05463E-4
5.30158E-4
0.00117644
0.00178697
0.00245221
0.00304216
0.00338686
0.00351715
0.00345573
0.00329175
0.00325715
0.00336873
0.00366651
0.00424746
0.00479035
0.00525776
0.0057756
0.00608706
0.00622285
0.00627022
0.00621473
0.00620192
0.00626349
0.00643413
0.00679273
0.00709343
0.00724417
0.00728696
0.00706451
0.0067226
0.00634156
0.00600299
0.00594719
0.0062855
0.00701709
0.00804005
0.00920506
0.0102977
0.0113151
0.0124011
0.0133834
0.0140389
0.0143206
0.0142225
0.013885
0.0133812
0.012811
0.0121011
0.0111549
0.011004
0.0102998
0.0099045
0.00965862
0.00949424
0.00929761
0.00882913
0.00812395
0.00737493
0.00653885
0.00565598
0.0049959
0.00459397
0.00449378
0.00472614
0.00512388
0.0055762
0.00598151
0.00621849
0.0062375
0.0059565
0.00529913
0.00434116
0.00331604
0.00234441
0.00139329
6.25165E-4
1.36376E-4
-1.97673E-4
-4.71773E-4
-6.99837E-4
-8.86434E-4
-0.00118441
-0.00160335
-0.00197953
-0.00225084
-0.00235
-0.00200426
-0.00110447
2.04916E-4
0.00177435
0.00327123
0.00460905
0.00586617
0.0068255
0.00727305
0.00717886
0.00673621
0.00614191
0.00557184
0.00527128
0.00532118
0.00569605
0.00630199
0.00699503
0.0076561
0.00826816
0.0088187
0.00925112
0.00946797
0.00931216
0.00884978
0.00823213
0.00755295
0.00696123
0.00645593
0.00594008
0.00557812
0.00547123
0.00554116
0.00586472
0.00637051
0.00682307
0.00714438
0.00747181
0.00778353
0.00780189
0.00763418
0.00726991
0.00671588
0.00623828
0.00574069
0.005422
0.00534664
0.00536703
0.00560963
0.00595465
0.00623667
0.00634313
0.0062113
0.00589511
0.00540993
0.00489569
0.00445789
0.00400449
0.00371521
0.00369506
0.00387975
0.00428711
0.00477674
0.00520935
0.00541498
0.00520626
0.00453686
0.00356601
0.0024561
0.0013531
3.97987E-4
-4.61847E-4
-0.00124571
-0.00196011
-0.00255524
-0.00287438
-0.0028747
-0.00252452
-0.00185282
-0.00107504
-2.86565E-4
4.52093E-4
0.00103478
0.00144616
0.00151089
0.00103539
8.45373E-5
-0.00101751
-0.00206451
-0.0028691
-0.00318002
-0.00309259
-0.00278697
-0.00244379
-0.00222578
-0.00213976
-0.00218333
-0.0023523
-0.00251354
-0.0026434
-0.00277032
-0.00267734
-0.00235241
-0.00192172
-0.00134316
-7.33012E-4
-2.52645E-4
1.09191E-4
1.47122E-4
-4.2381E-4
-0.00142618
-0.0025741
-0.00365234
-0.00423243
-0.00411282
-0.00352563
-0.0027397
-0.00195304
-0.00133777
-8.61527E-4
-3.77916E-4
1.35695E-4
6.46448E-4
9.62479E-4
9.84309E-4
8.15198E-4
4.76629E-4
9.74188E-5
-1.92303E-4
-4.65989E-4
-7.67923E-4
-0.00102177
-0.00124311
-0.00144834
-0.00146309
-0.00141921
-0.0015129
-0.00163335
-0.00186657
-0.00224025
-0.00250064
-0.00253665
-0.00235087
-0.00191667
-0.00139248
-9.26149E-4
-6.25856E-4
-5.99897E-4
-7.70029E-4
-0.00113696
-0.00160813
-0.0019407
-0.0021739
-0.00223998
-0.00194024
-0.00133219
-4.42483E-4
5.78119E-4
0.00152495
0.00235967
0.00316336
0.00394557
0.00457223
0.00508346
0.00543935
0.00558898
0.00569324
0.00576317
0.0056994
0.00553345
0.00526218
0.00488424
0.00452987
0.00425448
0.00409404
0.0040844
0.0042396
0.00449185
0.00469591
0.0049047
0.00512602
0.00531913
0.00560879
0.0060042
0.00640014
0.00671526
0.00685043
0.00677044
0.00655158
0.00630501
0.00598384
0.00540265
0.00450154
0.0034007
0.00227232
0.00125321
3.87226E-4
-3.5217E-4
-0.00101691
-0.00171166
-0.00247314
-0.00324326
-0.00402516
-0.00477613
-0.00547399
-0.00616885
-0.00678288
-0.00719603
-0.00735138
-0.00724901
-0.00695591
-0.00663244
-0.0063726
-0.00611403
-0.00588277
-0.00570498
-0.00555408
-0.00550382
-0.0056266
-0.0058357
-0.00599301
-0.00618962
-0.00637548
-0.00642026
-0.00633724
-0.00600565
-0.00542266
-0.00471709
-0.00397116
-0.00328287
-0.00273964
-0.00238007
-0.00220646
-0.00221901
-0.00232478
-0.0023639
-0.0022261
-0.00194546
-0.00160824
-0.00124965
-9.30104E-4
-6.80511E-4
-4.33576E-4
-1.65018E-4
9.017E-5
3.54067E-4
5.89198E-4
7.23498E-4
6.99805E-4
5.98263E-4
4.58707E-4
2.84778E-4
1.85189E-4
1.44757E-4
1.4943E-4
1.82662E-4
1.67296E-4
8.27446E-5
-8.04237E-5
-2.92396E-4
-4.44881E-4
-5.0891E-4
-4.4342E-4
-2.6793E-4
-8.81001E-5
9.09952E-5
2.49796E-4
3.63765E-4
4.82768E-4
6.29064E-4
7.71034E-4
8.84966E-4
9.21121E-4
9.04501E-4
8.28444E-4
6.51273E-4
3.96636E-4
3.1426E-5
-4.1491E-4
-8.07952E-4
-0.00100337
-9.96653E-4
-8.80729E-4
-7.28486E-4
-6.04811E-4
-5.6266E-4
-6.32547E-4
-7.75099E-4
-0.0010046
-0.00130512
-0.00158974
-0.00184735
-0.00209298
-0.0023229
-0.00255172
-0.00276431
-0.00288149
-0.00288437
-0.00278788
-0.00262419
-0.00244762
-0.00231736
-0.00226988
-0.00228823
-0.00237969
-0.00252191
-0.002627
-0.00266677
-0.00265718
-0.00258432
-0.00245601
-0.00234319
-0.00228438
-0.00225979
-0.00229212
-0.00235436
-0.00239696
-0.00242104
-0.00237431
-0.00221413
-0.00196499
-0.0016855
-0.0014155
-0.00114311
-8.99902E-4
-7.0153E-4
-5.0611E-4
-3.42144E-4
-2.33228E-4
-1.94605E-4
-2.10398E-4
-2.15382E-4
-2.03488E-4
-1.73058E-4
-1.06341E-4
-2.63435E-5
4.09649E-5
7.72282E-5
4.01347E-5
-4.95107E-5
-1.60801E-4
-2.8841E-4
-4.11861E-4
-5.20658E-4
-5.99515E-4
-6.47277E-4
-6.78557E-4
-6.90181E-4
-6.8725E-4
-6.94815E-4
-7.02372E-4
-6.97259E-4
-7.02733E-4
-7.12222E-4
-7.09207E-4
-7.10937E-4
-7.26672E-4
-7.44642E-4
-7.72694E-4
-8.4643E-4
-9.60404E-4
-0.00109319
-0.00123378
-0.00136156
-0.00147452
-0.00156333
-0.00161882
-0.00164754
-0.00164758
-0.00161673
