2.13223E-5
-1.43952E-4
-8.97524E-5
4.21145E-5
8.68983E-5
-3.3225E-5
-2.0392E-4
-1.98746E-4
9.20443E-5
5.12752E-4
7.59324E-4
6.29966E-4
1.30369E-4
-5.07285E-4
-9.57741E-4
-0.00103924
-8.17488E-4
-5.18982E-4
-3.24321E-4
-2.60105E-4
-2.6228E-4
-2.49173E-4
-1.20964E-4
1.49113E-4
4.72622E-4
7.75414E-4
0.00108186
0.00145964
0.00180152
0.00185716
0.00152638
9.98184E-4
5.43018E-4
2.40212E-4
5.64482E-5
-8.30246E-5
-2.02547E-4
-2.10159E-4
-6.09201E-5
1.89206E-4
3.98981E-4
4.46112E-4
3.76221E-4
2.87601E-4
1.69372E-4
-7.74612E-6
-1.98646E-4
-3.72107E-4
-6.46959E-4
-0.00122408
-0.00205441
-0.00277659
-0.00305168
-0.0026688
-0.00152179
1.1813E-4
0.00161032
0.00243955
0.00260377
0.00250268
0.00230472
0.00158309
-7.09125E-5
-0.00241208
-0.00468885
-0.00591247
-0.00530019
-0.00294425
1.35345E-4
0.00267747
0.00394975
0.00401115
0.00349587
0.00304904
0.00277497
0.00240844
0.00178844
9.15038E-4
-3.70283E-5
-5.56543E-4
-6.68702E-6
0.00167467
0.00361375
0.00447725
0.00348347
0.00115065
-9.7683E-4
-0.00145575
-9.76346E-5
0.00195509
0.00312399
0.00240125
6.73925E-5
-0.00247066
-0.00389046
-0.00401958
-0.00343986
-0.00266507
-0.00207572
-0.00185369
-0.00186985
-0.0019405
-0.00202454
-0.00206857
-0.00184556
-0.00131044
-8.47963E-4
-7.57102E-4
-9.16051E-4
-9.77448E-4
-5.85768E-4
2.89046E-5
-2.24971E-4
-0.00202085
-0.00456215
-0.00619715
-0.00544979
-0.00221634
0.00191317
0.00538596
0.00752319
0.00789924
0.00684253
0.00559492
0.004822
0.00388165
0.00172381
-0.00202376
-0.00653442
-0.0101806
-0.0112991
-0.0090964
-0.00478382
-9.54215E-4
5.67679E-4
-3.27447E-4
-0.00253604
-0.00462099
-0.00568162
-0.00581991
-0.00525015
-0.00349926
-5.6739E-4
0.00237938
0.00432944
0.00544118
0.00615685
0.0063618
0.00571551
0.00390416
0.00110808
-0.00155416
-0.00265745
-0.00203496
-0.00127925
-0.00175108
-0.00292236
-0.00317272
-0.0016097
0.00110059
0.00341966
0.00442013
0.00477197
0.00559108
0.00697083
0.00796278
0.00732233
0.0047307
8.35705E-4
-0.00312256
-0.00515632
-0.00390036
-5.69302E-4
0.00177479
0.00111582
-0.0019075
-0.00502116
-0.00650299
-0.00593704
-0.00389755
-0.00180316
-0.00101114
-0.00179361
-0.00327155
-0.00449918
-0.00538751
-0.00584821
-0.00515775
-0.00297772
-1.11399E-4
0.00254048
0.00486852
0.00646144
0.00638612
0.00467178
0.00244722
0.00100182
9.62339E-4
0.00178909
0.00279096
0.00356191
0.00331278
0.00152732
-0.00150813
-0.00488401
-0.0072478
-0.00749361
-0.00559492
-0.00258654
5.09377E-4
0.00309307
0.00490328
0.00625924
0.00733949
0.00757055
0.00641434
0.00417084
0.00152425
-0.0012363
-0.00411063
-0.00648387
-0.0068115
-0.00441051
-6.85345E-4
0.00250013
0.00429321
0.00445401
0.00327706
0.00198182
0.00192724
0.00346155
0.00568848
0.00688691
0.00559232
0.00210887
-0.00219954
-0.00671661
-0.0110258
-0.0138143
-0.0135622
-0.0102364
-0.00547675
-0.00108651
0.00173303
0.00246019
0.00176816
0.00131759
0.00241936
0.00492059
0.00701746
0.00710144
0.00569959
0.00411786
0.00276021
0.00133544
-4.18614E-4
-0.00186513
-0.0016867
8.91179E-4
0.00539
0.0103416
0.0140537
0.0151269
0.0128679
0.00762209
0.00104891
-0.00469886
-0.00890908
-0.0123583
-0.0157537
-0.0187344
-0.0202946
-0.0200153
-0.0180289
-0.0144357
-0.00978128
-0.00502529
-9.62079E-4
0.0017161
0.00315352
0.00467984
0.00704964
0.00936974
0.0103613
0.00947252
0.00668748
0.00288334
-4.1929E-4
-0.00252461
-0.00364995
-0.00453576
-0.00664006
-0.0109888
-0.0169139
-0.0231543
-0.028435
-0.0309434
-0.0295164
-0.0248556
-0.0188336
-0.0132474
-0.00909814
-0.0063921
-0.00443308
-0.00193368
0.00237708
0.00834248
0.0148346
0.0208262
0.0248878
0.0262302
0.0261929
0.0266899
0.0278814
0.0282051
0.0262656
0.022094
0.0169409
0.0123214
0.00898756
0.00692332
0.00549941
0.00331426
-2.21601E-4
-0.00356305
-0.00415645
-2.64764E-4
0.00777498
0.0177808
0.0273351
0.0347982
0.0385235
0.0369585
0.0308423
0.0229949
0.0156092
0.00961893
0.0054722
0.00304259
0.00147438
-2.06758E-4
-0.00222948
-0.00471148
-0.00881007
-0.0155833
-0.0240129
-0.0316811
-0.0371908
-0.0400635
-0.0395761
-0.0355043
-0.0279012
-0.0166814
-0.00296032
0.0113359
0.024506
0.0349586
0.0419093
0.0451864
0.0441349
0.0385897
0.0297219
0.0189665
0.00814847
-2.91265E-4
-0.00515168
-0.00648743
-0.00484486
-0.00347585
-0.00697748
-0.0161366
-0.028502
-0.0419023
-0.0543191
-0.0632362
-0.0661594
-0.0612373
-0.0489304
-0.0323381
-0.015253
-7.89713E-4
0.00877752
0.012044
0.00986901
0.00518063
2.24452E-4
-0.0040114
-0.00705202
-0.0096043
-0.0133256
-0.0193021
-0.0276885
-0.0368596
-0.0430629
-0.043156
-0.0364181
-0.0240208
-0.00854573
0.00675623
0.0193368
0.0284906
0.0353316
0.0411429
0.0455312
0.0464775
0.0418401
0.0313542
0.0174845
0.00407176
-0.00485748
-0.00679122
-0.00298183
0.00221518
0.00448556
0.00231151
-0.00271925
-0.00721324
-0.00778745
-0.00329023
0.00487302
0.0139968
0.0217204
0.0272258
0.030587
0.032493
0.0340654
0.0352101
0.0342861
0.0294037
0.0198409
0.00721095
-0.00554228
-0.0164073
-0.0250117
-0.0321881
-0.0389758
-0.0451868
-0.0489678
-0.0480273
-0.0410551
-0.0286586
-0.0134044
0.00156849
0.0141257
0.0234072
0.0292078
0.0320502
0.0329996
0.0321712
0.0282697
0.0201831
0.00839487
-0.00472812
-0.0162262
-0.0243352
-0.0286984
-0.0297713
-0.0282379
-0.0248297
-0.0204437
-0.0151734
-0.00781348
0.00240124
0.0147567
0.0270704
0.0359322
0.0390063
0.0370225
0.0328724
0.029275
0.0269317
0.0247417
0.0211819
0.0154763
0.00864911
0.00261515
-0.002265
-0.00795343
-0.0168727
-0.0291173
-0.0422884
-0.0532188
-0.0584485
-0.0553204
-0.0441122
-0.0278663
-0.0109793
0.00228605
0.0102258
0.0138421
0.0143275
0.0121499
0.0080156
0.00354671
0.00110343
0.00238383
0.00684442
0.0125098
0.0173391
0.0187509
0.0147687
0.00585458
-0.00559965
-0.016141
-0.0235229
-0.0284418
-0.031907
-0.0333193
-0.0318594
-0.0276508
-0.0221349
-0.0177622
-0.0167744
-0.0195447
-0.0242646
-0.029064
-0.0324622
-0.032669
-0.0289133
-0.0214581
-0.0106227
0.00261671
0.0163504
0.0285395
0.0378885
0.0445052
0.0487935
0.0499117
0.0466217
0.039142
0.0294852
0.0196043
0.0105121
0.00299873
-0.0023976
-0.00538951
-0.00565899
-0.00339845
-1.28017E-4
0.00182488
0.00138732
-2.80536E-4
-4.40188E-4
0.00452901
0.0167029
0.0337906
0.0501776
0.0605252
0.062527
0.0577538
0.0501157
0.0423409
0.0341379
0.0242334
0.0124333
-5.4911E-4
-0.0125286
-0.0204303
-0.0233876
-0.0227161
-0.0201465
-0.0175872
-0.0166643
-0.0180606
-0.0214561
-0.026016
-0.0307385
-0.034848
-0.0383485
-0.0419482
-0.0463037
-0.0513617
-0.0558743
-0.0575112
-0.0541359
-0.0447565
-0.0304331
-0.0143883
3.8196E-4
0.0121996
0.0201003
0.0240922
0.0249889
0.0239892
0.0221453
0.0198345
0.0173666
0.0158143
0.0167487
0.0207863
0.0269416
0.0329764
0.0351668
0.0305716
0.0203874
0.00827691
-0.00258431
-0.00927364
-0.00980869
-0.00501794
0.0020041
0.00830772
0.0130146
0.016705
0.0189205
0.017575
0.0112607
0.001478
-0.0081768
-0.0151886
-0.0184981
-0.0174052
-0.0130375
-0.00839837
-0.00554806
-0.00355094
-6.63416E-5
0.00485612
0.00910427
0.0111291
0.0100256
0.00561409
-0.00129026
-0.00912449
-0.0160535
-0.0206705
-0.0229868
-0.0249019
-0.027725
-0.0303943
-0.0314884
-0.0309073
-0.0300378
-0.030619
-0.0323473
-0.0327218
-0.0291168
-0.0207387
-0.00903014
0.00395898
0.0166534
0.0277621
0.0366979
0.0439756
0.0496261
0.0511256
0.0452534
0.032939
0.0191172
0.00869273
0.00504472
0.0085049
0.0160077
0.024317
0.0315556
0.0364434
0.0379384
0.0355656
0.0300899
0.0231281
0.0165448
0.0122055
0.0109281
0.0114325
0.0111075
0.00783284
8.10882E-4
-0.00929844
-0.0207899
-0.0316051
-0.0397369
-0.0436958
-0.043111
-0.0385756
-0.0315118
-0.0242278
-0.0180199
-0.0119407
-0.00403403
0.00630403
0.0169633
0.0249699
0.0284733
0.0270313
0.0213756
0.0126238
0.00154739
-0.0112317
-0.0242673
-0.0351226
-0.0416736
-0.0428079
-0.0385091
-0.029554
-0.0173483
-0.00458226
0.00584299
0.0124679
0.0159744
0.0188951
0.0233595
0.0296163
0.0366095
0.04186
0.042111
0.0364186
0.0272195
0.0179101
0.0105718
0.00569948
0.00283065
6.95751E-4
-0.00218373
-0.00613599
-0.0100845
-0.0129642
-0.0143903
-0.0139822
-0.0117388
-0.00866021
-0.006423
-0.00630013
-0.00806822
-0.0101275
-0.00999673
-0.00573672
0.0019581
0.00978606
0.0137427
0.0118284
0.00540295
-0.00307286
-0.0122513
-0.0219697
-0.0335554
-0.048531
-0.0661485
-0.0830082
-0.0937809
-0.0943357
-0.0844675
-0.0672376
-0.0476712
-0.0300112
-0.0155979
-0.00373806
0.00633153
0.0142635
0.0196515
0.0231796
0.0257296
0.0276772
0.0293382
0.0308793
0.0312923
0.0283507
0.0205253
0.00826116
-0.00664316
-0.0222873
-0.0359996
-0.0424019
-0.0374154
-0.0237888
-0.00738987
0.00771164
0.0197084
0.0296278
0.0389281
0.0467955
0.0516193
0.0522729
0.0489672
0.0437365
0.0386423
0.035315
0.0351427
0.0373822
0.0390556
0.0376068
0.0326887
0.0254812
0.0175862
0.0103292
0.00399448
-0.00183451
-0.00746628
-0.0124639
-0.0151042
-0.0133635
-0.00695516
0.00208943
0.010276
0.0138767
0.0106105
1.22666E-4
-0.0160403
-0.0339463
-0.0486305
-0.0558782
-0.0542812
-0.0469802
-0.0394256
-0.0357703
-0.0372694
-0.0425413
-0.0490899
-0.0547816
-0.0572676
-0.0537271
-0.0436121
-0.0284565
-0.0102288
0.00730191
0.0206299
0.0296056
0.0354388
0.0389002
0.0412785
0.0436543
0.0451844
0.0445082
0.042257
0.0407462
0.0416955
0.0446208
0.0469244
0.0461199
0.0414062
0.0325411
0.0193946
0.00237872
-0.0171136
-0.036188
-0.0510267
-0.0571896
-0.0521718
-0.038797
-0.0223682
-0.00682125
0.00581602
0.0157417
0.0238579
0.0292252
0.029556
0.0237139
0.01344
0.00249684
-0.0064179
-0.0120337
-0.0131027
-0.00942562
-0.00289459
0.00300168
0.00534868
0.0046337
0.00419216
0.00666776
0.0119169
0.0180061
0.0230036
0.0257582
0.0267193
0.02773
0.0300779
0.0335789
0.0371158
0.0389332
0.0368033
0.0300248
0.0207506
0.0111581
0.00216292
-0.00457463
-0.00728917
-0.00620136
-0.00345056
-0.00159295
-0.00235367
-0.00677131
-0.0153026
-0.026725
-0.0385918
-0.0488442
-0.0554496
-0.0559696
-0.0493926
-0.0373625
-0.0222164
-0.00564449
0.00979868
0.0209869
0.0259492
0.0244119
0.0184027
0.0107219
0.00316782
-0.00267862
-0.00589693
-0.00775795
-0.010498
-0.0149216
-0.0203817
-0.0260513
-0.0315981
-0.037092
-0.0425718
-0.0476019
-0.0515284
-0.0541365
-0.055394
-0.05514
-0.0530982
-0.0487891
-0.041909
-0.0326329
-0.0211675
-0.00744086
0.00829317
0.0253534
0.0423225
0.0560123
0.0618649
0.0569739
0.0437732
0.0282471
0.0147926
0.00527547
7.36729E-4
0.00170272
0.0074219
0.0159013
0.0252621
0.0338836
0.0393479
0.0395853
0.0349478
0.0277771
0.0202729
0.013992
0.0107092
0.0117991
0.0169022
0.0238866
0.0292524
0.0299632
0.026077
0.0206012
0.0171233
0.0173774
0.0207415
0.0257054
0.0307247
0.033644
0.0320481
0.0252114
0.0149154
0.00431617
-0.00422114
-0.0114519
-0.0199612
-0.0300126
-0.0383606
-0.0401442
-0.0330203
-0.01984
-0.00577279
0.00373011
0.00413809
-0.0041939
-0.0158656
-0.0248443
-0.0276205
-0.0241492
-0.0178122
-0.0126693
-0.0105235
-0.0112653
-0.0130441
-0.012308
-0.00661393
0.00272348
0.0122716
0.0198774
0.0246361
0.0257559
0.0238555
0.0214009
0.0208791
0.0227476
0.0252158
0.0259236
0.0232982
0.0176261
0.0114301
0.00774843
0.00782813
0.0102887
0.0116378
0.00872483
0.0016941
-0.00671461
-0.0140251
-0.0176325
-0.0140818
-0.00270076
0.0126908
0.0257318
0.030669
0.0267537
0.0174568
0.00572348
-0.00826966
-0.0272974
-0.0521006
-0.0766899
-0.0927903
-0.0946488
-0.0812367
-0.0572617
-0.0290177
-0.00142302
0.0220963
0.0392544
0.0463731
0.0401114
0.0221088
-0.00105596
-0.0210323
-0.0328379
-0.0368123
-0.0352158
-0.0299611
-0.0216954
-0.0103208
0.00244446
0.0127039
0.0165533
0.0127528
0.0037234
-0.0065154
-0.0144528
-0.0184165
-0.0184969
-0.0149945
-0.0084711
-1.36544E-4
0.00756091
0.0109317
0.00744715
-0.0030049
-0.0178779
-0.0335132
-0.0479279
-0.0588191
-0.0622547
-0.0571268
-0.0473639
-0.0388129
-0.0354141
-0.0364833
-0.0366515
-0.0305828
-0.0166874
0.00327142
0.0250996
0.0454034
0.0635797
0.0789181
0.0904515
0.0988368
0.104405
0.104848
0.0968097
0.0802172
0.0587469
0.0363137
0.0167582
0.00443574
0.00110228
0.00377588
0.0077839
0.0111476
0.0153903
0.0222864
0.0309027
0.0384149
0.0417718
0.0396592
0.0344393
0.030808
0.0319637
0.0369869
0.0422528
0.0435759
0.0378834
0.0252152
0.00887059
-0.00542857
-0.0128234
-0.0140941
-0.0153498
-0.0214954
-0.0321616
-0.0437156
-0.0516478
-0.0522587
-0.0449739
-0.0334902
-0.0229407
-0.0164178
-0.0147866
-0.0171832
-0.0215524
-0.0262231
-0.0299581
-0.031094
-0.0291728
-0.0254148
-0.0208946
-0.0165577
-0.0145708
-0.0180303
-0.0285691
-0.0441252
-0.0596983
-0.0704874
-0.0732874
-0.0677208
-0.0566062
-0.0425962
-0.0268541
-0.0108889
0.00323134
0.0136787
0.0193296
0.0208414
0.0197714
0.0155528
0.00576885
-0.0119028
-0.0372185
-0.064611
-0.0867974
-0.0999262
-0.103972
-0.100581
-0.0906017
-0.0756448
-0.0600218
-0.0477016
-0.0398224
-0.0344361
-0.0277498
-0.0182973
-0.00858169
-0.00135357
0.00307982
0.0064179
0.0116586
0.0219264
0.0382337
0.0586452
0.0805745
0.101442
0.118348
0.129371
0.132741
0.127212
0.114138
0.0960806
0.0761777
0.0589487
0.0478581
0.0439382
0.0464566
0.0524083
0.0563968
0.0537351
0.0447208
0.0330763
0.0226379
0.0173494
0.0188997
0.0251258
0.0333811
0.0423362
0.0508635
0.057059
0.0587821
0.0558596
0.0506086
0.0463382
0.0460585
0.0505329
0.0563495
0.0578336
0.0524421
0.0431514
0.0345511
0.028378
0.0232835
0.0172805
0.0101695
0.00394319
6.11014E-4
-9.8379E-4
-0.00520823
-0.0153615
-0.0305114
-0.0472175
-0.0627603
-0.0764654
-0.0889792
-0.101521
-0.114946
-0.127575
-0.136265
-0.139242
-0.137424
-0.13512
-0.137452
-0.145485
-0.155209
-0.160354
-0.155639
-0.140191
-0.116663
-0.0874147
-0.0553068
-0.0233636
0.00727554
0.0340225
0.0527216
0.0617314
0.0620632
0.057014
0.0509968
0.0473401
0.0489379
0.0582015
0.0738722
0.091038
0.10579
0.116375
0.121034
0.117953
0.105993
0.0850665
0.0570237
0.0247547
-0.0102412
-0.0471094
-0.0828738
-0.11212
-0.128773
-0.128854
-0.11194
-0.0801636
-0.0413084
-0.00790735
0.0125645
0.0187872
0.0120961
-0.0018694
-0.0128438
-0.010407
0.00923868
0.0405578
0.0720462
0.0947417
0.107911
0.114983
0.117583
0.113258
0.0967558
0.0658577
0.024662
-0.0191374
-0.0551899
-0.0725471
-0.0658611
-0.0391276
-0.00413096
0.0269762
0.0466767
0.0506895
0.0388284
0.0162573
-0.00842642
-0.0256445
-0.0282057
-0.0146442
0.0101076
0.0386294
0.0666202
0.0926307
0.11488
0.129177
0.128029
0.106917
0.0699135
0.0270585
-0.00979135
-0.0317544
-0.0376624
-0.0352043
-0.036392
-0.0492488
-0.073308
-0.101834
-0.127749
-0.145511
-0.150109
-0.140374
-0.118246
-0.0856773
-0.0446907
0.00226952
0.0479983
0.0824097
0.099259
0.0963366
0.0768437
0.0480848
0.0160671
-0.0143338
-0.0393029
-0.0588686
-0.0747159
-0.0862903
-0.0914449
-0.0884089
-0.0776872
-0.0614873
-0.0389427
-0.00814323
0.0263512
0.0573315
0.0817935
0.0988766
0.108912
0.113154
0.111077
0.10155
0.0844648
0.0620768
0.0404447
0.0250608
0.0169079
0.0141051
0.0136511
0.0126321
0.00986206
0.00624982
0.00435832
0.00668612
0.0131381
0.0210014
0.0252623
0.0206296
0.00650863
-0.0135522
-0.035127
-0.0547454
-0.0728426
-0.0913703
-0.108928
-0.123316
-0.134868
-0.143322
-0.145394
-0.136427
-0.114659
-0.0863113
-0.0614569
-0.0448907
-0.0360665
-0.0330129
-0.0319721
-0.0281068
-0.0200054
-0.00994062
6.8567E-4
0.0118053
0.0232447
0.0344831
0.0417487
0.0387138
0.0223885
-0.00276476
-0.0271081
-0.0437124
-0.0498205
-0.0437245
-0.0242519
0.0078141
0.0455628
0.0795431
0.105963
0.124475
0.133151
0.1311
0.122196
0.112621
0.105964
0.102811
0.103542
0.108614
0.117662
0.129761
0.143171
0.156629
0.169352
0.178388
0.181259
0.179649
0.177653
0.17792
0.17963
0.180096
0.176872
0.167594
0.150001
0.124325
0.0928304
0.0543074
0.00627393
-0.0469173
-0.0967421
-0.1363
-0.162363
-0.177647
-0.187721
-0.195655
-0.202502
-0.209884
-0.219748
-0.233026
-0.250466
-0.272291
-0.294801
-0.312517
-0.321116
-0.314701
-0.28884
-0.244863
-0.188616
-0.12872
-0.0733554
-0.0285873
0.0034697
0.0272504
0.0493934
0.071282
0.0898644
0.102352
0.10589
0.0992521
0.0859455
0.072764
0.068155
0.078645
0.102061
0.127789
0.14609
0.153456
0.150852
0.140757
0.12479
0.105373
0.0864804
0.069235
0.0518973
0.0341229
0.0169555
0.00116328
-0.0115682
-0.018452
-0.019656
-0.0204711
-0.0269828
-0.0405653
-0.0575583
-0.0727813
-0.0818459
-0.0835159
-0.0809701
-0.0780058
-0.0748545
-0.0692274
-0.0602004
-0.048537
-0.0335411
-0.0139093
0.00809181
0.0282523
0.0437883
0.052843
0.0558967
0.0565262
0.0579238
0.0593398
0.057
0.0496294
0.040335
0.0318002
0.0240788
0.0171502
0.0107226
0.00299634
-0.00748412
-0.0208007
-0.0367331
-0.0544139
-0.0712157
-0.0840127
-0.0913289
-0.0928245
-0.0881237
-0.0776943
-0.0636448
-0.0491553
-0.0366751
-0.0265971
-0.0184199
-0.0125365
-0.0109343
-0.0152972
-0.0247848
-0.036972
-0.0488147
-0.0562879
-0.055615
-0.0468825
-0.0348453
-0.0243007
-0.0171811
-0.0143018
-0.0164362
-0.0244765
-0.0378551
-0.0538506
-0.0717161
-0.0912576
-0.109151
-0.122942
-0.130688
-0.128495
-0.115413
-0.0955757
-0.0761471
-0.0635817
-0.0593433
-0.0593048
-0.0574444
-0.050011
-0.0359933
-0.0176308
0.00162395
0.0214813
0.0428379
0.0655363
0.0906779
0.117538
0.139594
0.149174
0.143369
0.126773
0.107158
0.0879334
0.0693674
0.052282
0.0371058
0.0235073
0.0117772
0.00247877
-0.00478257
-0.00937088
-0.00813643
0.00195246
0.0205557
0.0440756
0.0680047
0.0871486
0.0964702
0.092563
0.0758779
0.0532942
0.0330079
0.0184883
0.0114084
0.0140619
0.0270822
0.04751
0.06889
0.0840545
0.0875907
0.0789618
0.062706
0.0426719
0.0211142
0.00150861
-0.0140431
-0.0266252
-0.0366737
-0.0413255
-0.0377024
-0.0277005
-0.016723
-0.0102996
-0.0121601
-0.0209935
-0.0312977
-0.036323
-0.0300063
-0.00965092
0.0259984
0.0722089
0.113204
0.134694
0.132162
0.107038
0.063597
0.00949212
-0.0427586
-0.0828148
-0.10966
-0.125461
-0.129906
-0.12336
-0.108987
-0.091977
-0.0765303
-0.0628825
-0.0491167
-0.0338391
-0.0148888
0.0101779
0.040445
0.0730553
0.104178
0.126882
0.135331
0.129766
0.115296
0.0967883
0.0751753
0.0503171
0.0234343
-0.00660559
-0.0430489
-0.082869
-0.116056
-0.13373
-0.133091
-0.119474
-0.101353
-0.0836689
-0.0694245
-0.0618527
-0.0632043
-0.0728329
-0.0871362
-0.102115
-0.113543
-0.116684
-0.108684
-0.0901715
-0.0650238
-0.0348743
9.66658E-4
0.0362321
0.0621782
0.0779233
0.0865563
0.0889502
0.0849118
0.0755544
0.0638003
0.0525518
0.044319
0.043431
0.0537462
0.0746906
0.100162
0.121611
0.130793
0.120397
0.0906764
0.0504928
0.00800428
-0.0310076
-0.061311
-0.0821964
-0.0948644
-0.0959653
-0.081542
-0.0531021
-0.0183037
0.0139287
0.0407348
0.0628274
0.0784321
0.0858133
0.0875048
0.0888808
0.0934682
0.100977
0.108639
0.11282
0.10991
0.0978823
0.0780158
0.0506601
0.0144648
-0.0258437
-0.0641756
-0.100778
-0.134335
-0.159064
-0.170367
-0.166006
-0.146776
-0.114593
-0.0699267
-0.0159183
0.0378124
0.0789462
0.0995507
0.100343
0.0893306
0.0752919
0.0640724
0.0593889
0.0620824
0.0692191
0.0763385
0.0804376
0.0809243
0.078425
0.072526
0.0618561
0.0460424
0.0260543
0.00457637
-0.0137789
-0.0257383
-0.0322357
-0.0362965
-0.0391759
-0.0391543
-0.0338617
-0.023485
-0.0108948
0.00117212
0.01189
0.0213282
0.0280084
0.0275067
0.0162605
-0.00466388
-0.0333382
-0.0675169
-0.101322
-0.129318
-0.149489
-0.160026
-0.159568
-0.15058
-0.138526
-0.126864
-0.115072
-0.102576
-0.0908464
-0.0813626
-0.0755614
-0.0744751
-0.0766289
-0.0789175
-0.0788755
-0.0759293
-0.0712152
-0.0662132
-0.0613349
-0.0534913
-0.0379558
-0.01554
0.00886028
0.0321076
0.0515632
0.0650669
0.0705182
0.0655817
0.0524685
0.0379475
0.0304464
0.0353138
0.0497404
0.0676033
0.0849176
0.0987873
0.108311
0.114555
0.116647
0.112196
0.101015
0.0860119
0.0712763
0.0598113
0.0538766
0.0553231
0.0632848
0.0739326
0.0834994
0.0889504
0.087032
0.0773595
0.0632162
0.0462259
0.0262131
0.00594728
-0.0119716
-0.0294891
-0.0476477
-0.0627419
-0.0700084
-0.0673941
-0.0571
-0.0431923
-0.0287663
-0.0165238
-0.00868841
-0.00649949
-0.010161
-0.0185119
-0.0295962
-0.0411304
-0.0508877
-0.0574697
-0.0606165
-0.0605125
-0.0572674
-0.0515669
-0.0450419
-0.0403151
-0.0396248
-0.0415696
-0.0419944
-0.0395448
-0.0369956
-0.0368253
-0.0381157
-0.0380386
-0.0347432
-0.0278324
-0.015562
0.00555861
0.0345579
0.0648183
0.0904988
0.107838
0.113328
0.106469
0.092475
0.0779639
0.0661869
0.0595859
0.0613784
0.073093
0.0938304
0.119659
0.145674
0.169273
0.187606
0.195131
0.186135
0.159251
0.119042
0.0709472
0.0193115
-0.0278362
-0.063262
-0.0890117
-0.110757
-0.129486
-0.144831
-0.159125
-0.174033
-0.188352
-0.197743
-0.19545
-0.174691
-0.128579
-0.0595491
0.0124534
0.0670401
0.0972678
0.104189
0.0928549
0.0694499
0.0385385
0.00330063
-0.0356942
-0.0765282
-0.112661
-0.139678
-0.157781
-0.167185
-0.166668
-0.155329
-0.135677
-0.112495
-0.0865642
-0.055868
-0.019492
0.0234056
0.0689095
0.107183
0.133329
0.149774
0.157701
0.156278
0.147581
0.136231
0.12581
0.117086
0.109674
0.104425
0.102933
0.104814
0.106043
0.100873
0.0849449
0.0574209
0.0213225
-0.018843
-0.0567334
-0.0844269
-0.0975768
-0.0965738
-0.0845927
-0.0654849
-0.0415711
-0.0161314
0.00556915
0.0198134
0.0255051
0.024298
0.0211687
0.0218163
0.0278684
0.0365427
0.0440348
0.0464168
0.0415998
0.0310087
0.0166143
-5.65277E-4
-0.0200916
-0.0429741
-0.0689293
-0.0942284
-0.116734
-0.136751
-0.152272
-0.160093
-0.159507
-0.15296
-0.143714
-0.13241
-0.118022
-0.099015
-0.0711293
-0.0331026
0.00842885
0.0487294
0.0874602
0.120352
0.142284
0.15272
0.153251
0.146081
0.133123
0.114801
0.0936233
0.0749244
0.061082
0.051311
0.044612
0.0385235
0.0299663
0.0187599
0.00744574
-0.00147228
-0.00645651
-0.0066935
-0.00277882
0.00212459
0.00320058
-0.00317674
-0.0178446
-0.0378232
-0.0586153
-0.0780341
-0.0941815
-0.102926
-0.101194
-0.0920503
-0.082329
-0.0758217
-0.0736157
-0.0769061
-0.0853092
-0.0961568
-0.106056
-0.110231
-0.102961
-0.0830749
-0.0549619
-0.0233161
0.00644874
0.0259308
0.0282419
0.0138075
-0.00880348
-0.0299087
-0.0456816
-0.0543412
-0.0526139
-0.0366929
-0.00498497
0.0366363
0.0804402
0.12331
0.161488
0.189009
0.20071
0.195901
0.179628
0.154324
0.119554
0.0822885
0.0524899
0.0330119
0.0225287
0.0207899
0.0266038
0.0356953
0.0433257
0.0473678
0.0480789
0.0460051
0.0414396
0.0348399
0.027399
0.0207638
0.0145639
0.00710294
-0.00117426
-0.00915586
-0.0180636
-0.0287985
-0.0403482
-0.0531904
-0.0677359
-0.0810388
-0.0896423
-0.0913883
-0.0857046
-0.0740919
-0.0586903
-0.0435075
-0.0337098
-0.0301806
-0.0299349
-0.030794
-0.0326559
-0.0358136
-0.0394407
-0.0424147
-0.0439113
-0.0433861
-0.040593
-0.0341174
-0.022976
-0.00974864
0.00358153
0.0180307
0.0320448
0.0415119
0.0451111
0.0451414
0.0449279
0.0465886
0.0501015
0.0533488
0.0528313
0.0465185
0.0364641
0.0253063
0.0131635
0.00108842
-0.00798797
-0.0127439
-0.0137801
-0.0117764
-0.00736056
-0.00137551
0.00529257
0.0119853
0.0177039
0.0207352
0.0202913
0.0169886
0.0120905
0.00717581
0.00263764
-0.00265613
-0.00921953
-0.0160818
-0.0222474
-0.0275651
-0.0318276
-0.0340612
-0.0335654
-0.0308945
-0.0272457
-0.0237067
-0.0211554
-0.0200419
-0.020021
-0.0203046
-0.020461
-0.0204652
-0.0198952
-0.01797
-0.0145423
-0.0102933
-0.00646838
-0.00477149
-0.00723284
-0.0148278
-0.0255043
-0.0363154
-0.0461589
-0.0531855
-0.0537639
-0.0464423
-0.0340481
-0.020675
-0.00711841
0.00767676
0.0221066
0.0340154
0.0444209
0.0554691
0.067271
0.0783905
0.0876754
0.0949281
0.0994152
0.0988124
0.0911591
0.0762712
0.0554031
0.0302288
0.00361422
-0.0199275
-0.0378524
-0.0500942
-0.0559472
-0.0547622
-0.0484574
-0.0403535
-0.0327673
-0.0269856
-0.0237683
-0.0237956
-0.0270823
-0.0322859
-0.0383455
-0.0444534
-0.048322
-0.0478363
-0.043578
-0.0380388
-0.0338428
-0.0330664
-0.0358881
-0.0400955
-0.0433834
-0.0446054
-0.0435332
-0.0408321
-0.0369922
-0.0320184
-0.0263715
-0.0204396
-0.0139671
-0.00721734
-0.00134391
0.00311451
0.00659407
0.00944232
0.0120087
0.0149092
0.0185891
0.0234793
0.0296398
0.0359739
0.0414581
0.0464821
0.0512952
0.0550828
0.0578872
0.0606453
0.0634585
0.0658741
0.067539
0.0678383
0.0656921
0.0603659
0.0530912
0.0459995
0.039176
0.0318943
0.0254077
0.0214037
0.0191142
0.0162671
0.0116523
0.00542119
-0.00152917
-0.00834216
-0.0146127
-0.0188904
-0.0187374
-0.013423
-0.0045463
0.00511497
0.0132045
0.0194731
0.0238054
0.0242121
0.0194905
0.0108092
3.32259E-4
-0.0096713
-0.0183199
-0.0264324
-0.0330857
-0.034969
-0.0306731
-0.022177
-0.0121123
-0.00204016
0.0070204
0.013953
0.0171303
0.0155587
0.0102065
0.00211569
-0.0080571
-0.0185818
-0.0281611
-0.0370081
-0.0449873
-0.0513963
-0.0563772
-0.0603347
-0.0630317
-0.0641274
-0.0636837
-0.0620725
-0.0597206
-0.0566165
-0.0525155
-0.0471493
-0.0396538
-0.0298984
-0.0195138
-0.00923925
0.00202021
0.0140439
0.0248379
0.0328391
0.0364858
0.0342623
0.0267054
0.0164229
0.00593194
-0.00427504
-0.0149396
-0.0253747
-0.0337454
-0.0394757
-0.042703
-0.0427581
-0.038876
-0.0315841
-0.0232638
-0.0162863
-0.0111306
-0.007558
-0.00588869
-0.00627418
-0.00732609
-0.00694761
-0.00439656
-4.55633E-4
0.00366221
0.00702214
0.00936319
0.0109456
0.0116648
0.0110016
0.00856039
0.00451563
-2.98626E-4
-0.004651
-0.00739352
-0.0081026
-0.00700667
-0.00497525
-0.00305975
-0.00118973
0.00135686
0.00422245
0.00596923
0.00549328
0.00322284
5.11285E-4
-0.00203277
-0.00414813
-0.00507468
-0.00439717
-0.00269849
-0.00104235
-4.07233E-4
-0.00149863
-0.00444274
-0.00879732
-0.0142085
-0.0202668
-0.0258872
-0.0302337
-0.0337481
-0.0376218
-0.0430765
-0.0505664
-0.05911
-0.067604
-0.0759659
-0.0837925
-0.0891749
-0.0891934
-0.081933
-0.0684978
-0.0510499
-0.0310377
-0.011173
0.00553099
0.0181483
0.0271132
0.0335817
0.0393832
0.0459466
0.0538708
0.0637389
0.0751436
0.0857354
0.0937029
0.0985851
0.0995153
0.0962025
0.0900229
0.08279
0.0757509
0.0691246
0.0625625
0.0560616
0.0496315
0.0428104
0.0355185
0.0280036
0.019291
0.00855976
-0.00250379
-0.0120989
-0.0199421
-0.0249124
-0.0254939
-0.0221024
-0.0170297
-0.0124712
-0.00885191
-0.00587572
-0.00413803
-0.00406267
-0.00513392
-0.00697958
-0.0095103
-0.0120726
-0.0127164
-0.00937543
-0.00138411
0.00995068
0.0218918
0.0331923
0.0442333
0.0537503
0.0581672
0.0550834
0.0465863
0.0366887
0.026642
0.0162813
0.00688513
-0.00101424
-0.00881869
-0.0169404
-0.0239168
-0.0289215
-0.0327814
-0.0362173
-0.0379191
-0.0350756
-0.0269135
-0.0156608
-0.00333628
0.00877758
0.0192999
0.0279718
0.0344184
0.0369161
0.0348711
0.0301861
0.0252401
0.0208645
0.0174333
0.0162771
0.0183844
0.0231729
0.0288064
0.033044
0.0341314
0.031619
0.0266043
0.0204733
0.0136653
0.00686293
0.00200373
1.3042E-4
-6.89893E-5
-6.62314E-4
-0.00283706
-0.00666286
-0.011258
-0.015677
-0.0199182
-0.0239313
-0.02723
-0.0299632
-0.0315352
-0.0303438
-0.0258927
-0.0188727
-0.0110207
-0.00432553
6.5441E-4
0.00366437
0.00379764
0.00116438
-0.00286372
-0.00693979
-0.0103903
-0.0130717
-0.0144829
-0.0136009
-0.009875
-0.00383813
0.00310292
0.00963561
0.0154825
0.0205283
0.0234319
0.0228242
0.0194286
0.0153127
0.0116585
0.00848507
0.00593927
0.00456726
0.00433717
0.00448316
0.00444109
0.00421929
0.00352479
0.00168512
-0.00136226
-0.00528034
-0.00953868
-0.0134577
-0.0162942
-0.0172259
-0.0160776
-0.013363
-0.00995129
-0.00684131
-0.00447603
-0.00278726
-0.00199693
-0.00230622
-0.00294851
-0.00281259
-0.00184228
-8.10466E-4
-7.27954E-5
8.36401E-4
0.00250139
0.00486457
0.00701687
0.00764529
0.0063933
0.00473559
0.00454341
0.00586906
0.00750857
0.00807703
0.00586155
5.37844E-4
-0.00619587
-0.0132218
-0.020955
-0.0288898
-0.0348803
-0.0370858
-0.0347955
-0.0284592
-0.0191967
-0.00796275
0.00384046
0.0138946
0.0204215
0.0228502
0.0214887
0.0176052
0.0131086
0.01025
0.0109167
0.0151368
0.0208694
0.0259611
0.0292516
0.0300563
0.0279886
0.0233895
0.0176935
0.0122489
0.00749264
0.00405224
0.00291261
0.00439063
0.00786817
0.0121084
0.0154858
0.0167891
0.0157622
0.0129077
0.00910377
0.00485669
6.38275E-4
-0.00288322
-0.00538683
-0.0066341
-0.00656975
-0.00572192
-0.00482191
-0.00432961
-0.00434046
-0.00495695
-0.00624984
-0.00752706
-0.00801621
-0.00773578
-0.006625
-0.00449648
-0.00166487
0.0013207
0.00427207
0.00749508
0.0109189
0.0140921
0.0168378
0.0186718
0.0186879
0.0166109
0.0131846
0.0098918
0.00834751
0.0091861
0.0113931
0.0136137
0.0156229
0.0175534
0.018881
0.0186693
0.0164241
0.0127502
0.00876874
0.00499888
0.00166456
-8.5979E-4
-0.00244417
-0.00302229
-0.00269182
-0.00213853
-0.00194175
-0.00198122
-0.00199354
-0.00223674
-0.00256889
-0.00194324
3.04275E-4
0.00403843
0.00844047
0.0127328
0.0169087
0.0206653
0.0232718
0.0246522
0.0250105
0.0240513
0.0214652
0.0177412
0.014232
0.0127039
0.0140065
0.0170045
0.0195103
0.0200384
0.0185331
0.0158494
0.0127276
0.00951965
0.00701511
0.00638913
0.00836714
0.0124443
0.0168485
0.0202968
0.0225223
0.0229838
0.0207446
0.0151809
0.00696315
-0.00219437
-0.0114866
-0.020402
-0.0273249
-0.0315564
-0.0341016
-0.035376
-0.0349706
-0.0331532
-0.0309667
-0.029631
-0.0295419
-0.0297784
-0.029336
-0.0283256
-0.0273057
-0.0263001
-0.0247841
-0.0221511
-0.0187358
-0.015625
-0.0131682
-0.0112239
-0.0105245
-0.0115609
-0.013287
-0.0148848
-0.0165277
-0.0181314
-0.0195257
-0.0205882
-0.0206159
-0.0189244
-0.0156643
-0.0116046
-0.00753732
-0.00379462
-5.03603E-4
0.00163219
0.00183555
4.93143E-4
-0.00122536
-0.0023257
-0.00213295
-7.65991E-4
0.00101979
0.00264583
0.00355736
0.00322783
0.00161226
-9.27091E-4
-0.00364048
-0.00553585
-0.00592983
-0.00455371
-0.00185177
9.16037E-4
0.00253637
0.00241697
5.64756E-4
-0.00227771
-0.00501999
-0.00710093
-0.00800505
-0.00707207
-0.00453695
-0.0015245
0.00105715
0.00307073
0.00458458
0.00531556
0.00529233
0.00511971
0.00513941
0.00516
0.0044775
0.00251018
-8.53928E-4
-0.00603136
-0.0129493
-0.019867
-0.0251937
-0.0291412
-0.0318994
-0.0319828
-0.0282537
-0.0221855
-0.0161764
-0.0109068
-0.00599516
-0.00169224
0.00171005
0.00470634
0.00768953
0.0105411
0.0133107
0.0157739
0.0170059
0.01632
0.0139782
0.0108125
0.00682954
0.00157691
-0.00394289
-0.00844064
-0.0120981
-0.0150506
-0.0166998
-0.0168262
-0.0156529
-0.0136884
-0.0120653
-0.0120382
-0.0135488
-0.0156525
-0.0180962
-0.0211188
-0.0244134
-0.0274855
-0.0302851
-0.0326588
-0.0342605
-0.0346569
-0.0335721
-0.0314638
-0.0291199
-0.0269134
-0.0249576
-0.0231689
-0.0209156
-0.0178692
-0.0144587
-0.0113002
-0.00843944
-0.0052338
-0.00107089
0.00437292
0.0104468
0.0160018
0.0207812
0.0245713
0.0264597
0.0259794
0.0237428
0.0209918
0.0185184
0.0159674
0.0131489
0.0103843
0.00710579
0.00297732
-0.00116254
-0.00471348
-0.00743904
-0.00927901
-0.0105667
-0.0114083
-0.0115196
-0.0109381
-0.0104341
-0.0107002
-0.0113768
-0.0113349
-0.00993943
-0.00783766
-0.00584976
-0.00419186
-0.00348708
-0.00426672
-0.00596203
-0.00783742
-0.00956913
-0.010918
-0.0116058
-0.011874
-0.012192
-0.0121182
-0.0110973
-0.00911844
-0.00627233
-0.00318371
-0.00118533
-0.00158567
-0.00440777
-0.00827946
-0.0120354
-0.015528
-0.018644
-0.0206096
-0.0207004
-0.0189258
-0.0158988
-0.0121514
-0.00784447
-0.00321248
0.001287
0.00530132
0.00832935
0.00951279
0.00870528
0.00675996
0.00455334
0.00264541
9.94829E-4
-4.16796E-4
-0.00106923
-7.60533E-4
3.20904E-4
0.00180864
0.00331948
0.00474143
0.00617455
0.00791939
0.00979787
0.0109296
0.0111101
0.0114061
0.0127964
0.0148759
0.0168492
0.0186921
0.0204536
0.0217607
0.0223074
0.0220453
0.0207989
0.0182543
0.014525
0.0104501
0.00700634
0.00475516
0.00410316
0.00553537
0.00917493
0.0141925
0.0188816
0.0212636
0.0203681
0.0172758
0.0136616
0.010169
0.00697435
0.00462048
0.00412332
0.00588106
0.00881244
0.0116404
0.0142134
0.0162297
0.0164899
0.0148449
0.0126977
0.0114054
0.0112
0.0114073
0.011433
0.0113859
0.0116483
0.0119714
0.0114583
0.00959787
0.00683416
0.00416497
0.00259165
0.00254286
0.00373925
0.00594875
0.00898945
0.0119893
0.0140196
0.0147008
0.0140078
0.0121801
0.00932227
0.00554053
0.00120161
-0.00344539
-0.00798969
-0.0116175
-0.0137028
-0.0143015
-0.0142011
-0.0145322
-0.0163031
-0.0195524
-0.0230794
-0.0253309
-0.0249368
-0.0213939
-0.0154127
-0.00759937
0.00169935
0.0109873
0.0189828
0.025626
0.0300713
0.0315602
0.031136
0.0300523
0.0288204
0.0273299
0.0249623
0.0218877
0.0190308
0.0166148
0.0143856
0.0121853
0.00966285
0.00650864
0.00288247
-7.72687E-4
-0.00392115
-0.00609637
-0.00706435
-0.00652783
-0.00446367
-0.00177925
5.96374E-4
0.0025737
0.00425738
0.00537658
0.00539359
0.0040475
0.00180818
-3.90522E-4
-0.00133217
-3.55859E-4
0.00163929
0.00346285
0.00483707
0.00579583
0.00625377
0.00633921
0.00635524
0.00651605
0.00716149
0.00814959
0.00828152
0.00689956
0.00471947
0.00258785
9.79604E-4
-2.0127E-4
-0.00114788
-0.0012904
-2.58233E-4
0.0013435
0.00294653
0.00470677
0.00654707
0.00816028
0.00942383
0.00948605
0.00761377
0.00437925
9.61419E-4
-0.00168231
-0.00314263
-0.00333323
-0.00296809
-0.00392878
-0.00701299
-0.0108367
-0.0147271
-0.0194853
-0.0247457
-0.0292803
-0.0330612
-0.0371233
-0.0420678
-0.0467599
-0.0493992
-0.049637
-0.04854
-0.0466288
-0.0430571
-0.0380647
-0.0336535
-0.030679
-0.0283224
-0.0261718
-0.0247838
-0.0244132
-0.0247483
-0.0258195
-0.0274884
-0.0289477
-0.0298354
-0.030413
-0.0308263
-0.0308495
-0.0301255
-0.0287921
-0.0271955
-0.0253698
-0.0231965
-0.0205976
-0.017562
-0.0142021
-0.0111584
-0.00898694
-0.00732189
-0.00593727
-0.00522943
-0.00530828
-0.00617387
-0.00805696
-0.0108213
-0.0139012
-0.0169616
-0.0197461
-0.0214342
-0.0213622
-0.0199158
-0.0174558
-0.0138014
-0.00981034
-0.00684823
-0.00484503
-0.00337299
-0.00283323
-0.00337366
-0.00440241
-0.00508657
-0.00449313
-0.00213345
0.0012319
0.00459089
0.00792428
0.0110518
0.0131063
0.0141438
0.0149466
0.0155774
0.0157529
0.0161675
0.0180602
0.021295
0.0246567
0.0275314
0.029809
0.0313269
0.032168
0.0321748
0.0309519
0.0291485
0.0280383
0.0280636
0.0287572
0.0297299
0.0309547
0.0320174
0.0318357
0.0296725
0.0260765
0.021901
0.0176518
0.0141799
0.0123117
0.012187
0.0135332
0.015907
0.0187866
0.0219109
0.0247559
0.02633
0.0265083
0.0261123
0.0254613
0.0243848
0.023429
0.0234342
0.0244568
0.0257802
0.0269766
0.0281775
0.0288192
0.0279458
0.0255858
0.0228435
0.0205511
0.0182615
0.0154214
0.0126329
0.0106569
0.00899906
0.00686562
0.00467876
0.00294139
0.00145053
4.6993E-4
2.9622E-4
5.11216E-4
5.55159E-4
-1.41196E-4
-0.00178304
-0.00369609
-0.00529589
-0.00682361
-0.00814705
-0.00869691
-0.0085799
-0.00809995
-0.00741541
-0.00659596
-0.00552308
-0.00443595
-0.00390678
-0.00388223
-0.00350494
-0.00198014
9.55039E-4
0.00477149
0.0083387
0.0109497
0.0122682
0.0118147
0.00950619
0.00599533
0.00235003
-2.47888E-4
-0.00109936
-4.28539E-4
8.66553E-4
0.00204445
0.00350219
0.00563512
0.00758751
0.00867524
0.00908818
0.009182
0.00917818
0.00930401
0.00980833
0.0105747
0.0114459
0.0126957
0.0148298
0.0178694
0.0207881
0.022428
0.022254
0.0204434
0.0181628
0.0165377
0.0155928
0.0145965
0.0130137
0.0105725
0.00687843
0.00234251
-0.00198968
-0.0058421
-0.0095334
-0.0128425
-0.0149602
-0.0153913
-0.0141348
-0.0116101
-0.0088347
-0.00674961
-0.00532379
-0.00400489
-0.00303268
-0.00324225
-0.00456104
-0.00597303
-0.00716128
-0.00825463
-0.00757556
-0.00389049
4.54018E-4
0.00295016
0.00397688
0.00462296
0.0047833
0.00429334
0.00377778
0.00370069
0.00355523
0.00276637
0.00150333
-4.64316E-4
-0.00331085
-0.00602136
-0.00809059
-0.010214
-0.0126164
-0.014676
-0.0156225
-0.0148285
-0.0122914
-0.00880665
-0.0054968
-0.00294122
-0.00113799
-3.80771E-4
-6.18631E-4
-0.00121386
-0.00231773
-0.00426034
-0.00639154
-0.00837703
-0.0104443
-0.0123383
-0.0139955
-0.0155456
-0.0165717
-0.0167946
-0.0167549
-0.0171675
-0.0177303
-0.0175772
-0.0168667
-0.0164804
-0.0161063
-0.0143114
-0.0109369
-0.00698264
-0.00255849
0.00234858
0.00673682
0.00960422
0.010737
0.0104002
0.00897623
0.00691541
0.00469763
0.00254926
1.71345E-4
-0.00219921
-0.00363042
-0.0043081
-0.00523069
-0.00673021
-0.00881605
-0.0114495
-0.0140843
-0.0160819
-0.0172187
-0.0175468
-0.0169591
-0.0150699
-0.0117735
-0.00784237
-0.00455684
-0.00232368
-9.80582E-4
-9.28366E-4
-0.00215955
-0.00400538
-0.00614928
-0.00815587
-0.00945867
-0.0100383
-0.0099373
-0.00931998
-0.00902031
-0.00986003
-0.0118863
-0.0147711
-0.018002
-0.0206341
-0.0219267
-0.0220032
-0.0212667
-0.0195633
-0.0164938
-0.0124439
-0.00831069
-0.00454976
-0.00168388
-5.39684E-4
-0.00106913
-0.00205895
-0.00247693
-0.00231583
-0.00221641
-0.00280745
-0.00399325
-0.00496319
-0.00511434
-0.00420913
-0.00227288
-2.2526E-4
7.86512E-4
7.47542E-4
2.80835E-4
-1.34689E-4
1.00229E-4
0.0012761
0.00289858
0.00421692
0.00499709
0.00575076
0.00677849
0.00778703
0.00854772
0.00894989
0.0090306
0.00923969
0.0101155
0.0115891
0.0129088
0.0134791
0.0134287
0.0129915
0.0120874
0.0109439
0.00996028
0.00902564
0.00798078
0.00697504
0.00631043
0.00667569
0.0083703
0.0108169
0.0134059
0.0154907
0.0166656
0.0172163
0.0174849
0.0175492
0.0171292
0.0157696
0.013675
0.0116426
0.0100055
0.00862338
0.00751145
0.0067965
0.0066442
0.00700098
0.00728765
0.00684371
0.00569863
0.00455835
0.00370045
0.00281075
0.00198986
0.00163406
0.00168229
0.00195368
0.00237413
0.00257135
0.00207289
6.69137E-4
-0.00125048
-0.00315738
-0.00496636
-0.0063294
-0.00683405
-0.00647663
-0.00504571
-0.00261725
-1.58235E-4
0.00161466
0.0029799
0.0042533
0.00475674
0.003691
0.0016231
-8.04774E-5
-5.43389E-4
2.59151E-4
0.00193252
0.00426465
0.00690559
0.00899677
0.00989308
0.00950648
0.00782978
0.0051443
0.00209833
-0.00103438
-0.00399638
-0.00589367
-0.00623559
-0.00537516
-0.00396697
-0.00267631
-0.00161126
-6.2904E-4
2.42568E-4
0.0012798
0.00288546
0.00481753
0.00655472
0.00802731
0.00945965
0.0108986
0.0118857
0.0120935
0.0116124
0.0106323
0.00961171
0.00877139
0.00785449
0.00689018
0.00601262
0.00506013
0.00409497
0.00327971
0.00234521
0.00100727
-4.74103E-4
-0.0016652
-0.00267994
-0.00386901
-0.00544587
-0.00767562
-0.0100913
-0.0115703
-0.0118589
-0.0116023
-0.0109509
-0.00958699
-0.00781691
-0.00620138
-0.0048983
-0.00396013
-0.00372994
-0.0045038
-0.0060429
-0.0081252
-0.0105475
-0.0124918
-0.0130576
-0.0120494
-0.00992169
-0.00708602
-0.0039996
-0.00178389
-0.00103972
-8.56576E-4
-5.199E-4
-4.96244E-4
-9.83552E-4
-0.00157946
-0.0021554
-0.00264231
-0.00301001
-0.00336782
-0.00345201
-0.00296096
-0.00212522
-0.00132177
-6.24782E-4
8.81102E-5
8.53916E-4
0.00160048
0.00216844
0.00223782
0.0018726
0.00142037
8.75736E-4
1.47581E-4
-4.93598E-4
-5.32507E-4
-1.8946E-4
-3.05774E-4
-0.00101583
-0.00202474
-0.00331567
-0.00481299
-0.00651363
-0.00831783
-0.00954298
-0.00983091
-0.00966819
-0.00917525
-0.00773283
-0.00552319
-0.00372001
-0.00285092
-0.00272704
-0.00315516
-0.00350997
-0.00314992
-0.00228228
-0.00145118
-9.58341E-4
-8.65177E-4
-0.00134202
-0.0026562
-0.00453183
-0.00647646
-0.00823966
-0.00976061
-0.0111722
-0.012408
-0.013121
-0.0130445
-0.0123192
-0.0114128
-0.010852
-0.0107844
-0.0109152
-0.0112213
-0.0118198
-0.0123296
-0.0119491
-0.0103602
-0.00831564
-0.00695305
-0.00709531
-0.00870309
-0.0108018
-0.0127793
-0.0147883
-0.0166525
-0.0174496
-0.0166776
-0.0149696
-0.0130587
-0.0115638
-0.0111669
-0.0118423
-0.0131627
-0.0151016
-0.0172583
-0.0190396
-0.0203716
-0.0206581
-0.019093
-0.0158863
-0.0120313
-0.00844999
-0.00548258
-0.00317145
-0.00181795
-0.00183096
-0.00309847
-0.00474137
-0.00558526
-0.00530102
-0.00476084
-0.00455641
-0.00399251
-0.00244767
-4.71052E-4
0.00115573
0.00203632
0.0019494
0.00116668
2.74555E-4
-4.87872E-4
-0.00111668
-0.00134815
-8.31569E-4
2.08231E-4
0.00143032
0.00271532
0.0037666
0.0044481
0.00507645
0.00601132
0.00698686
0.00751256
0.00785104
0.00832557
0.00842665
0.00785378
0.00722662
0.00706747
0.00710696
0.00682625
0.00603751
0.00453595
0.00235747
2.47968E-4
-0.00136127
-0.00250754
-0.00308422
-0.00307731
-0.00251155
-0.00128048
6.00438E-4
0.00272474
0.00442101
0.00541884
0.00593133
0.00599974
0.00565155
0.00525129
0.00518764
0.00572278
0.00688624
0.00835446
0.00981667
0.0111323
0.0119369
0.01187
0.0110712
0.00972838
0.00796587
0.00618659
0.00473784
0.00394836
0.00409426
0.00487101
0.00572444
0.00648176
0.00724127
0.00792005
0.00801186
0.00711377
0.00551644
0.00379713
0.0025256
0.0023398
0.00369635
0.00605046
0.00812877
0.00966503
0.0112353
0.0127882
0.0135896
0.0131361
0.0115671
0.00939732
0.00743968
0.00642086
0.00642654
0.00721181
0.00851398
0.0100184
0.011392
0.0122383
0.0122798
0.0116573
0.0107942
0.0100067
0.0094424
0.00923343
0.00914438
0.0086611
0.00807959
0.00832538
0.00977715
0.0118639
0.0135625
0.0144847
0.0147693
0.0143128
0.0130879
0.0116602
0.0107974
0.010691
0.0108945
0.0110057
0.0108694
0.0101979
0.00905877
0.0080078
0.00728777
0.00670663
0.00606649
0.00520687
0.00398009
0.00261584
0.00156652
0.00124012
0.00204695
0.00378816
0.00544282
0.00637411
0.00671577
0.00677361
0.00695728
0.00751245
0.00813122
0.00837893
0.00831828
0.00807183
0.00753011
0.00680497
0.00610583
0.0054261
0.00453018
0.00325262
0.001958
0.00123791
0.00100488
8.47959E-4
9.19138E-4
0.00130845
0.00142001
7.02852E-4
-5.02727E-4
-0.00151412
-0.00216217
-0.00231794
-0.00183438
-0.00114737
-8.06729E-4
-8.24268E-4
-9.1595E-4
-0.00108189
-0.0015528
-0.00247916
-0.00378979
-0.00524826
-0.00687465
-0.00863732
-0.00987367
-0.00979403
-0.00847976
-0.00657388
-0.00412674
-8.97865E-4
0.00268332
0.00572141
0.00758226
0.00807414
0.00753385
0.00648296
0.00518687
0.0039638
0.00311514
0.00290384
0.0034235
0.00429829
0.00513818
0.00589082
0.00662938
0.00697479
0.00639843
0.00502288
0.00361776
0.00292651
0.0029173
0.0030952
0.0035309
0.00461711
0.00581806
0.00631018
0.0062101
0.00587137
0.00533862
0.00466594
0.00396284
0.00327305
0.00241314
0.001176
-3.11788E-4
-0.00180893
-0.00323534
-0.00441444
-0.00504055
-0.0051071
-0.00478765
-0.00418065
-0.00340632
-0.00280718
-0.00298972
-0.00394642
-0.00498783
-0.00591064
-0.00685262
-0.00771872
-0.00843044
-0.00889253
-0.00921129
-0.00970208
-0.0102262
-0.0104493
-0.0103715
-0.0102475
-0.0104114
-0.0111481
-0.012452
-0.0139705
-0.015258
-0.0161241
-0.0165736
-0.0163028
-0.0149504
-0.0126178
-0.00995171
-0.00795148
-0.00716601
-0.00722248
-0.00758376
-0.00811525
-0.00878883
-0.0095432
-0.0101026
-0.00986852
-0.00867058
-0.00721483
-0.00600019
-0.00497303
-0.00449358
-0.00506321
-0.0062988
-0.0072073
-0.0073638
-0.00716857
-0.00708483
-0.0071489
-0.00719717
-0.00719674
-0.00717239
-0.00675114
-0.0054405
-0.00354056
-0.00180708
-4.38648E-4
6.47567E-4
8.91622E-4
-1.08962E-4
-0.00140886
-0.00187262
-0.00162364
-0.0014098
-0.00145373
-0.00119774
-1.4898E-4
0.00142314
0.00315589
0.00491371
0.00654385
0.00783783
0.00871608
0.00902446
0.00843924
0.00704283
0.00521603
0.00334809
0.00155159
-1.87768E-4
-0.00142704
-0.00198329
-0.00219657
-0.00211001
-0.00175822
-0.00131141
-9.3587E-4
-9.42269E-4
-0.00125311
-0.00166105
-0.0024188
-0.00351001
-0.00430403
-0.00446316
-0.00428913
-0.00417919
-0.00458088
-0.00590111
-0.00780216
-0.00974573
-0.011903
-0.0143679
-0.0166408
-0.0181602
-0.0183839
-0.016939
-0.0143967
-0.0118464
-0.00971077
-0.00791157
-0.00636423
-0.00515263
-0.00452683
-0.00445308
-0.00457453
-0.00462787
-0.0046018
-0.00460339
-0.00444556
-0.00373109
-0.00260296
-0.00178555
-0.00164878
-0.00181129
-0.00186971
-0.00180311
-0.00177538
-0.00186305
-0.00178252
-0.00111237
1.78891E-4
0.00171016
0.00317157
0.00454137
0.00573695
0.00660181
0.00743192
0.00847943
0.00926576
0.00943871
0.00965999
0.0108164
0.0127372
0.0147553
0.0165251
0.0176491
0.0179503
0.017649
0.0168285
0.0153464
0.0132883
0.0110354
0.00884622
0.00709044
0.00638924
0.00698636
0.00879678
0.0116698
0.0148434
0.0174697
0.0193779
0.0201117
0.0187517
0.0152633
0.0105624
0.00550548
6.54667E-4
-0.00341789
-0.00579406
-0.00570311
-0.00368981
-0.00115011
0.00111584
0.00260983
0.00266252
0.00116356
-9.65683E-4
-0.00237172
-0.00259475
-0.00230844
-0.00216983
-0.00185983
-9.84058E-4
-1.05578E-4
-6.75789E-6
-0.00125872
-0.00402402
-0.00766459
-0.0111907
-0.0143582
-0.0176419
-0.0206962
-0.0219958
-0.0204767
-0.0169223
-0.0131296
-0.00987064
-0.00705257
-0.00518134
-0.00468876
-0.00494596
-0.00476509
-0.00360643
-0.00197254
-2.82684E-4
0.0014103
0.00281176
0.00354695
0.00329389
0.00171359
-9.93098E-4
-0.00371483
-0.00538637
-0.00586797
-0.00538392
-0.0041679
-0.00263224
-0.00109769
9.04306E-5
1.94896E-4
-9.30567E-4
-0.00211109
-0.00244069
-0.00217461
-0.00146171
-2.2827E-4
7.95268E-4
5.30135E-4
-0.00113047
-0.00322712
-0.00515617
-0.00685824
-0.00786865
-0.00747813
-0.00551654
-0.00304646
-0.00146435
-0.00111154
-0.00154326
-0.00234242
-0.00335533
-0.00396672
-0.00339133
-0.00156167
0.00123876
0.00448014
0.00785233
0.0113141
0.0138839
0.0142393
0.0122301
0.00884579
0.00538274
0.00267065
0.00112033
0.00118161
0.00304238
0.0060054
0.00861449
0.00976369
0.00948506
0.00836806
0.00674592
0.00499137
0.00393718
0.00432661
0.00602612
0.00811397
0.0100451
0.0117369
0.0128313
0.0130093
0.0122245
0.0108319
0.0093484
0.00800316
0.00687265
0.00584686
0.00491219
0.00420431
0.00362754
0.00298615
0.00225877
0.00147166
5.27348E-4
-4.40648E-4
-0.00123462
-0.00179939
-0.00177258
-6.6556E-4
0.00156614
0.00418717
0.00626012
0.00725942
0.0068802
0.00547454
0.00384474
0.00204132
-1.9898E-4
-0.00196525
-0.00187069
7.06229E-5
0.0025773
0.0045028
0.00553259
0.00576717
0.00500826
0.00299054
6.92377E-5
-0.00291943
-0.00503336
-0.00577597
-0.00555172
-0.00484868
-0.00380022
-0.00283642
-0.00241164
-0.00260811
-0.00369431
-0.00595944
-0.00881103
-0.0109359
-0.011426
-0.0102008
-0.00758527
-0.00419651
-9.34171E-4
0.00147592
0.0023907
0.00128626
-0.00150821
-0.00508514
-0.00859025
-0.0111143
-0.0118821
-0.0107589
-0.00815604
-0.00482206
-0.001554
0.00126053
0.00353137
0.00520356
0.00606125
0.00592397
0.00513194
0.00425516
0.00353862
0.00290339
0.00221343
0.00159084
0.00127178
0.00131813
0.0019157
0.00292309
0.00369454
0.00430734
0.00515722
0.00556549
0.00473417
0.00305764
0.0012123
-5.68062E-4
-0.00202327
-0.00299499
-0.00354199
-0.00360239
-0.00297096
-0.00167149
-2.39172E-4
6.32158E-4
7.9043E-4
6.73636E-4
6.30716E-4
6.7537E-4
7.31708E-4
7.45556E-4
7.21191E-4
7.1126E-4
7.42585E-4
6.60645E-4
8.46413E-5
-9.69717E-4
-0.00213296
-0.00352428
-0.00529377
-0.00696771
-0.00777245
-0.00728157
-0.00585374
-0.00425002
-0.00271039
-8.82102E-4
0.00116731
0.00294325
0.00437188
0.0055812
0.00637689
0.00659013
0.0064747
0.00638215
0.00636865
0.0064837
0.00706838
0.00846923
0.0104533
0.0120204
0.0125297
0.0121363
0.0107514
0.0085598
0.00650037
0.00499718
0.00400639
0.00362214
0.00369355
0.00370916
0.00311599
0.00182814
2.85509E-4
-0.00129659
-0.00314551
-0.00519132
-0.00683936
-0.00775617
-0.00831358
-0.00880673
-0.00908039
-0.00896526
-0.00845336
-0.00755837
-0.00623502
-0.00495278
-0.00443807
-0.00445807
-0.00404911
-0.00294726
-0.00161393
-1.2154E-4
0.00146203
0.00248331
0.00247274
0.00171018
6.29479E-4
-6.51462E-4
-0.00205891
-0.00349245
-0.00475536
-0.0054775
-0.00521244
-0.00378981
-0.00165314
6.14619E-4
0.0027774
0.0045136
0.00520542
0.00475517
0.00381671
0.00281056
0.00180657
0.00108788
6.99676E-4
4.61177E-4
5.38939E-4
9.01526E-4
0.0011327
0.00108781
9.70384E-4
0.0011502
0.00196525
0.00316126
0.0039747
0.0041028
0.00393802
0.0038715
0.00392827
0.00399392
0.00400924
0.00382009
0.00309219
0.00178656
2.76142E-4
-0.00135381
-0.00310382
-0.00438254
-0.00473965
-0.00437587
-0.00349586
-0.0023859
-0.00165317
-0.00133439
-7.05957E-4
4.19897E-4
0.00129766
0.00145965
0.00108145
4.24318E-4
-2.94666E-4
-9.85454E-4
-0.001697
-0.00261054
-0.00368116
-0.00460606
-0.00548143
-0.00667184
-0.00816019
-0.00948042
-0.0101627
-0.0102003
-0.0102428
-0.0107739
-0.0112265
-0.0111332
-0.0108561
-0.0105846
-0.00992691
-0.00846413
-0.00650678
-0.00453235
-0.00254805
-8.30949E-4
4.9023E-5
-5.47448E-5
-7.46644E-4
-0.00157561
-0.00251881
-0.00356365
-0.00427336
-0.00440239
-0.00444813
-0.00492508
-0.00536024
-0.00524411
-0.0049244
-0.00463331
-0.00433221
-0.00412687
-0.0040886
-0.00451901
-0.00565533
-0.00681789
-0.00724813
-0.0073005
-0.00770994
-0.00832529
-0.008571
-0.00844969
-0.00812077
-0.0075532
-0.00682483
-0.00610331
-0.00581003
-0.00625224
-0.00670958
-0.00639347
-0.00569665
-0.00539494
-0.00575874
-0.0065142
-0.0073308
-0.00829589
-0.00939002
-0.00998713
-0.00921035
-0.00718898
-0.00552246
-0.00515244
-0.00520269
-0.00476042
-0.00410193
-0.00383497
-0.00397873
-0.0041266
-0.0038374
-0.00290796
-0.00173149
-7.63821E-4
-9.8837E-5
1.33306E-5
-4.9466E-4
-0.00105902
-0.00119414
-9.92223E-4
-6.15885E-4
-2.63804E-4
-3.65457E-4
-0.00100194
-0.00180606
-0.00254538
-0.00320851
-0.00362787
-0.00370707
-0.00362156
-0.00355609
-0.00381548
-0.00468554
-0.00588548
-0.00685391
-0.00724549
-0.00695253
-0.00616235
-0.00503512
-0.00386083
-0.00318778
-0.00333682
-0.00428877
-0.00549066
-0.00648618
-0.00735387
-0.00764029
-0.00686066
-0.00555726
-0.00432184
-0.00341499
-0.00298794
-0.00261897
-0.00169532
-2.4284E-4
0.0013856
0.00317917
0.0051693
0.00697805
0.00809962
0.00840789
0.00827487
0.00816308
0.00820221
0.00827484
0.00829427
0.00827091
0.00824418
0.00825657
0.008311
0.00826512
0.0079338
0.00762559
0.0077504
0.00775627
0.00696035
0.00575718
0.00479148
0.00423066
0.00426542
0.00493288
0.00575178
0.00615361
0.00615535
0.00633388
0.00701075
0.00777284
0.00782209
0.00723882
0.00709631
0.00768757
0.00823775
0.00832303
0.00808863
0.00754392
0.00639395
0.00448691
0.00226436
4.76147E-4
-4.18149E-4
-6.82899E-4
-9.50685E-4
-0.00116595
-0.00100242
-6.39531E-4
-1.01614E-6
0.00163977
0.00455346
0.00793449
0.0109266
0.0131204
0.0142733
0.0144313
0.0138227
0.0126029
0.0113052
0.0104704
0.00966112
0.00856902
0.00784175
0.00769999
0.00739706
0.00650027
0.0053343
0.003985
0.00228689
6.01836E-4
-4.12887E-4
-6.45032E-4
-3.35722E-4
5.66117E-4
0.00178204
0.00252285
0.00249477
0.00185952
5.0231E-4
-0.00157119
-0.00376449
-0.00537515
-0.00609729
-0.0061781
-0.00594055
-0.00526475
-0.00417804
-0.00327527
-0.00312909
-0.00389544
-0.00528469
-0.00671623
-0.00746583
-0.0069968
-0.00556462
-0.00391264
-0.00245608
-0.00100385
0.00101717
0.00350376
0.00527813
0.0055767
0.00468565
0.00339115
0.00237314
0.00183587
0.00172315
0.00163104
0.00142793
0.00160731
0.00233544
0.00308763
0.00319264
0.00272188
0.00233557
0.00230846
0.00241644
0.00260905
0.00297265
0.0030944
0.00292628
0.00314788
0.0036079
0.00315948
0.00133466
-9.87784E-4
-0.00302093
-0.00495412
-0.0069004
-0.00802659
-0.00722102
-0.00475376
-0.00221588
-5.48474E-4
6.00311E-4
0.00165621
0.00239342
0.0027714
0.00302187
0.00297326
0.00262366
0.00219551
0.00146904
4.13504E-4
-1.76058E-4
6.16476E-4
0.00265735
0.00485328
0.00651706
0.00763322
0.00821054
0.00813987
0.00736612
0.00625003
0.00530472
0.00443791
0.00309633
0.00127325
-2.85781E-4
-9.85519E-4
-8.16289E-4
7.04431E-5
0.0018271
0.00408871
0.00564278
0.00595822
0.0056574
0.0050934
0.00406655
0.00304263
0.00270171
0.00312129
0.00416311
0.00561138
0.00713251
0.00809362
0.00775057
0.00605404
0.00401911
0.00292141
0.00288932
0.00289622
0.00263536
0.00318206
0.00480922
0.00620942
0.00652556
0.00625851
0.00613821
0.00622511
0.00630818
0.0060773
0.00520645
0.00405873
0.00317471
0.0025413
0.00193858
0.00125613
5.15242E-4
-4.38442E-4
-0.00173696
-0.00297302
-0.00355199
-0.00326348
-0.00248698
-0.00193072
-0.00183559
-0.00163623
-7.48792E-4
4.98205E-4
0.00122044
0.00127443
0.00134445
0.00159894
0.00159437
0.00150668
0.0016427
0.00152677
6.40956E-4
-8.8836E-4
-0.00259537
-0.00395824
-0.00434866
-0.00373607
-0.00279318
-0.00206664
-0.0017485
-0.00176784
-0.00218113
-0.00313949
-0.00420403
-0.00465813
-0.00420311
-0.00309287
-0.00199138
-0.00115745
-2.27784E-4
7.62744E-4
0.00131138
0.00136245
0.0011446
3.82412E-4
-0.00123447
-0.00308516
-0.00432454
-0.00498953
-0.00548605
-0.00588589
-0.00626918
-0.00689485
-0.00797444
-0.00939819
-0.0106026
-0.0110348
-0.0106433
-0.00978824
-0.00866537
-0.00726476
-0.0058006
-0.00470875
-0.00427472
-0.00442269
-0.00488997
-0.00518729
-0.00492441
-0.0045946
-0.00482042
-0.0051633
-0.00491054
-0.00398746
-0.00277179
-0.00186101
-0.00158554
-0.00168295
-0.00175836
-0.00184951
-0.00217471
-0.00240832
-0.0021743
-0.00179295
-0.00162208
-0.00171785
-0.0021541
-0.0028842
-0.00370214
-0.00444333
-0.00524159
-0.00632482
-0.00713018
-0.00673195
-0.00523783
-0.00352479
-0.00218418
-0.00114678
-1.86973E-4
3.38021E-4
1.64403E-5
-8.80813E-4
-0.00170524
-0.00206901
-0.00185104
-9.1979E-4
4.20363E-4
0.00163829
0.00267779
0.00350121
0.00387223
0.00384596
0.00373628
0.00371332
0.00373233
0.0037358
0.00371668
0.0036988
0.00370377
0.00371447
0.00372503
0.00377898
0.00355029
0.00254616
0.00124609
6.13598E-4
6.74895E-4
9.61453E-4
0.00155382
0.0026971
0.00423856
0.00572062
0.00645745
0.00595672
0.00465875
0.00366469
0.00348344
0.00353413
0.00325002
0.0030284
0.00342208
0.00427099
0.00513696
0.00589907
0.00648617
0.00673625
0.00643345
0.005231
0.00336143
0.0014115
-6.027E-4
-0.00235919
-0.00294644
-0.00246681
-0.00182301
-0.00111463
-1.08328E-4
9.37519E-4
0.00161268
0.00160245
0.00113482
6.74212E-4
1.7215E-4
-5.74497E-4
-0.00145078
-0.00206786
-0.00221542
-0.00211148
-0.00204466
-0.00206315
-0.00209121
-0.00208098
-0.00202789
-0.00198329
-0.00216217
-0.0029121
-0.00408867
-0.00492893
-0.00490538
-0.0043867
-0.00390951
-0.0032416
-0.00201467
-4.49636E-4
7.1834E-4
0.00122881
0.00163652
0.00212447
0.00236125
0.00211381
0.00144998
8.39013E-4
6.62901E-4
7.51804E-4
8.04805E-4
9.68527E-4
0.00165913
0.00241104
0.00214888
0.00113548
5.34559E-4
6.00332E-4
8.0261E-4
8.28366E-4
0.00112889
0.00219436
0.00339421
0.00387953
0.00378284
0.00340542
0.00256331
0.00142582
6.72613E-4
5.76507E-4
0.00100712
0.00192025
0.00296509
0.003595
0.00416696
0.00524235
0.00630736
0.00689942
0.00732804
0.00771724
0.00789128
0.00784639
0.0077882
0.00806721
0.00871621
0.00900468
0.0082513
0.00673956
0.00512448
0.00345947
0.00154673
-3.39784E-4
-0.00189742
-0.00321633
-0.00426829
-0.00483657
-0.00513614
-0.00538126
-0.00526045
-0.00458392
-0.00349445
-0.00242119
-0.0018552
-0.00151512
-7.26432E-4
1.33213E-4
-9.679E-6
-0.00118402
-0.00266967
-0.00426871
-0.00592732
-0.00720111
-0.00770592
-0.00763692
-0.00751051
-0.00747964
-0.00718971
-0.0066162
-0.00647714
-0.00705152
-0.00761332
-0.00736846
-0.00622857
-0.00466765
-0.00321545
-0.00217897
-0.00147402
-8.26638E-4
-8.94331E-5
5.5949E-4
5.84953E-4
-6.94243E-5
-6.10338E-4
-3.63564E-4
4.20424E-4
9.45486E-4
9.92749E-4
0.00121685
0.00214298
0.00330503
0.00389593
0.00388336
0.00361558
0.0028905
0.0016767
7.57986E-4
6.34749E-4
0.00119299
0.00225434
0.00329034
0.00343408
0.00241778
8.29061E-4
-7.21155E-4
-0.00214822
-0.00353952
-0.00460613
-0.00500455
-0.00494775
-0.00479618
-0.00438228
-0.00325505
-0.00123979
0.00149801
0.00439785
0.00622668
0.00588143
0.00385862
0.00183859
8.02506E-4
2.29778E-4
-7.33293E-4
-0.00162436
-0.00125329
9.81572E-5
0.00119766
0.00211422
0.00359278
0.00536971
0.00656826
0.00678503
0.00613533
0.00487301
0.00342819
0.00251825
0.00263775
0.00344595
0.004418
0.00545816
0.00635829
0.00679587
0.00672214
0.00612331
0.00499161
0.00355116
0.00206486
6.12381E-4
-7.03714E-4
-0.0018134
-0.00298721
-0.00409683
-0.00428481
-0.00308471
-0.00102093
7.2858E-4
0.0013849
9.98875E-4
-2.81639E-4
-0.00210582
-0.00399267
-0.00593176
-0.00793433
-0.00927885
-0.00911463
-0.00769198
-0.00583112
-0.00384741
-0.00170265
2.5491E-4
0.00136098
0.00157401
0.00116241
1.49285E-4
-0.00129266
-0.0028698
-0.00409199
-0.00451808
-0.00438286
-0.00408137
-0.00344726
-0.00236523
-0.00141617
-0.00109847
-0.00120372
-0.00131856
-0.00134213
-0.00104962
-4.19951E-5
0.0012217
0.00184908
0.00178864
0.00158728
0.0015745
0.00151541
0.00103643
3.69024E-4
3.23542E-5
2.41181E-4
8.80824E-4
0.00164137
0.00248404
0.00367933
0.00527372
0.00677801
0.00722309
0.0062053
0.00429409
0.00198988
-4.52564E-4
-0.00294773
-0.00545749
-0.00761435
-0.00903395
-0.00945104
-0.00874839
-0.00708326
-0.00470756
-0.00209579
7.24968E-5
0.00141524
0.00195635
0.00181617
0.00101016
-3.21214E-4
-0.0016472
-0.00254975
-0.00314369
-0.003382
-0.00300284
-0.00220175
-0.00157053
-0.00161051
-0.00226855
-0.00310791
-0.00385121
-0.00433562
-0.00428862
-0.0034942
-0.00212168
-9.41483E-4
-5.72073E-4
-7.39082E-4
-8.9058E-4
-8.68643E-4
-8.0759E-4
-8.10068E-4
-8.70275E-4
-9.15483E-4
-5.47549E-4
5.91737E-4
0.0020537
0.00306446
0.00320777
0.00256863
0.00144805
7.62489E-5
-0.00137827
-0.00282005
-0.00401635
-0.00455303
-0.00405473
-0.00266903
-0.00101199
4.86873E-4
0.00160128
0.00211163
0.00187463
9.13498E-4
-4.99964E-4
-0.00202479
-0.00346334
-0.00459177
-0.00510142
-0.00483506
-0.00412908
-0.00384999
-0.0043761
-0.00500545
-0.00515613
-0.00525995
-0.00580229
-0.00640235
-0.0065832
-0.00645262
-0.00609082
-0.00523732
-0.00388691
-0.00232986
-5.79803E-4
0.00118068
0.00227965
0.00270504
0.00307051
0.00324372
0.00282317
0.00224601
0.0020083
0.00171615
8.16065E-4
-3.25742E-4
-9.46131E-4
-9.04537E-4
-3.45895E-4
6.5021E-4
0.00171307
0.00260387
0.00356574
0.00457025
0.00501335
0.00433636
0.00294795
0.00192651
0.00153826
0.00149478
0.00174858
0.00207599
0.00219326
0.00214635
0.00209951
0.00211947
0.00211851
0.00176095
7.55037E-4
-7.3229E-4
-0.00226138
-0.00335602
-0.0037323
-0.00361943
-0.00346764
-0.0034439
-0.00346032
-0.00348613
-0.00350211
-0.0032091
-0.00218935
-3.99845E-4
0.00143466
0.00234741
0.0023511
0.0020733
0.00136975
-1.69088E-4
-0.00209924
-0.00382845
-0.00523728
-0.00618995
-0.00657314
-0.00636294
-0.00542852
-0.00417222
-0.0034491
-0.00340295
-0.00364306
-0.00408863
-0.0046798
-0.00498931
-0.00458361
-0.00343742
-0.00189205
-5.48563E-4
1.92483E-6
1.1567E-4
7.15936E-4
0.00171418
0.00219626
0.00162584
3.52873E-4
-8.09617E-4
-0.00153463
-0.00211665
-0.00283616
-0.00353688
-0.00388414
-0.00387668
-0.00377411
-0.00374514
-0.00376795
-0.00379038
-0.00372681
-0.003243
-0.00223916
-0.00107837
1.36157E-4
0.00130079
0.00193308
0.00194102
0.00173662
0.00176011
0.00238322
0.00353507
0.00454458
0.00476302
0.00401011
0.00273681
0.00179907
0.00158293
0.0017269
0.00180121
0.00173885
0.00166933
0.00167664
0.00174307
0.00183747
0.0016138
5.96752E-4
-6.87998E-4
-0.0014067
-0.00175816
-0.00231305
-0.00302048
-0.00309773
-0.0022054
-0.0010633
-9.31141E-5
8.92728E-4
0.00170518
0.00199976
0.00190394
0.00177022
0.00192363
0.00252306
0.00305522
0.00281774
0.00212188
0.00160623
9.93961E-4
1.2637E-4
-2.60454E-4
2.2066E-4
0.00127504
0.00261876
0.0039488
0.00476624
0.00491978
0.00468515
0.00400017
0.00267514
0.00100434
-3.69916E-4
-8.07368E-4
-9.38931E-5
0.00134218
0.00289052
0.00431574
0.00550735
0.00617563
0.0062708
0.00595027
0.00534798
0.00480827
0.00462453
0.00468573
0.00474837
0.00473145
0.00469056
0.00468134
0.0046873
0.00468133
0.00467225
0.00464725
0.00459537
0.00474005
0.00528751
0.00590762
0.00617534
0.00631932
0.00657788
0.00638922
0.00570802
0.00563796
0.00637456
0.00659308
0.0055027
0.00374722
0.00233595
0.00155485
8.47796E-4
3.98465E-5
-1.9122E-4
4.25001E-4
0.00133645
0.00190709
0.00200068
0.00190398
0.00186793
0.00191002
0.00192184
0.00192859
0.00223268
0.00314193
0.00432046
0.00499644
0.005013
0.00486584
0.00510989
0.00584381
0.00645921
0.00631594
0.00556589
0.00498266
0.00493219
0.00511663
0.00523473
0.00523005
0.005194
0.00522965
0.00523116
0.00470603
0.00346762
0.00226961
0.00113318
2.16584E-4
-3.0944E-4
-4.01934E-4
-3.05464E-4
2.35466E-5
8.76104E-4
0.00202348
0.00319434
0.00444379
0.00535387
0.00560423
0.00571457
0.00596888
0.00594074
0.00533092
0.00423025
0.00310151
0.00252242
0.00249943
0.00264034
0.00299914
0.00394523
0.00498955
0.00488034
0.00357488
0.00243177
0.00190183
0.00123089
2.62019E-4
-3.55302E-4
-3.82716E-4
-2.19062E-4
-1.8216E-4
-2.051E-4
1.27815E-4
0.00107116
0.00225998
0.0034516
0.00463445
0.00542373
0.00553592
0.00506031
0.0042981
0.00349464
0.00247894
0.00121343
4.34228E-5
-0.00108787
-0.00230011
-0.00309931
-0.00321497
-0.00303138
-0.00293644
-0.00297134
-0.00301172
-0.00300934
-0.00294979
-0.00254149
-0.00153948
-4.52169E-4
1.20312E-4
3.6161E-4
4.65221E-4
2.81083E-4
-7.47125E-5
-5.16212E-4
-0.0010623
-0.00144138
-0.00147038
-0.00145607
-0.0018155
-0.00253094
-0.00341022
-0.0043854
-0.00528859
-0.00611585
-0.0070775
-0.00785117
-0.00769929
-0.00661718
-0.00544923
-0.00458103
-0.00369192
-0.00281734
-0.00245192
-0.00293476
-0.00402034
-0.0050528
-0.00575112
-0.00621312
-0.00645563
-0.00639003
-0.00592001
-0.00527793
-0.00490964
-0.00488847
-0.00496237
-0.00495397
-0.00488898
-0.004853
-0.00483429
-0.00478785
-0.00473151
-0.00470179
-0.00469799
-0.00471174
-0.00463964
-0.00422504
-0.00367095
-0.0037422
-0.00465315
-0.00575804
-0.00654901
-0.00701077
-0.00706067
-0.00644774
-0.00537157
-0.00429405
-0.00318291
-0.00215957
-0.00170219
-0.00173974
-0.0019483
-0.00248758
-0.00343392
-0.00423068
-0.00443137
-0.00424649
-0.00408566
-0.00407504
-0.00412089
-0.00399081
-0.00363781
-0.00352222
-0.00382477
-0.00410837
-0.00412428
-0.00403758
-0.00388583
-0.00333378
-0.00232078
-0.00146865
-0.00123795
-0.0013673
-0.00145433
-0.00140894
-0.00134618
-0.00133771
-0.00134936
-0.00138291
-0.00129065
-7.19599E-4
2.76205E-4
0.00108836
0.00118289
6.36319E-4
-8.94847E-5
-7.42901E-4
-0.00107242
-8.08897E-4
-2.5629E-4
3.18409E-5
-1.1994E-5
6.75034E-5
3.93216E-4
3.18497E-4
-4.22768E-4
-0.00130757
-0.00193994
-0.00240339
-0.00288798
-0.0031433
-0.00297888
-0.00286805
-0.0030981
-0.00333755
-0.00332457
-0.00319389
-0.00312871
-0.00313153
-0.0031356
-0.0029712
-0.00251566
-0.00188575
-0.00125557
-8.24669E-4
-7.08187E-4
-7.55603E-4
-7.69431E-4
-8.57028E-4
-0.00136756
-0.00223149
-0.00286501
-0.00296639
-0.00280211
-0.00269945
-0.00268289
-0.00267657
-0.00279007
-0.00301566
-0.00302752
-0.00262723
-0.00184782
-6.90779E-4
8.3618E-4
0.00236874
0.00339946
0.00392861
0.0043078
0.00457289
0.00444501
0.00391369
0.00326774
0.002737
0.0024524
0.00236724
0.00220667
0.00195685
0.00197765
0.00241908
0.00301741
0.00334243
0.00315433
0.00260758
0.00200342
0.00149544
0.00121638
0.00117259
0.00103548
6.62258E-4
4.85846E-4
7.90188E-4
0.00118753
0.00132323
0.00142424
0.00176183
0.00209896
0.00203223
0.0015687
9.91321E-4
3.46894E-4
-3.21389E-4
-7.19381E-4
-7.44819E-4
-6.23019E-4
-5.63378E-4
-5.75907E-4
-5.9724E-4
-5.59995E-4
-3.51669E-4
-1.10458E-4
-1.53005E-4
-3.98343E-4
-5.3333E-4
-4.96029E-4
-4.24097E-4
-3.87099E-4
-3.8874E-4
-3.77281E-4
-1.36452E-4
4.66888E-4
0.00108802
0.00120939
0.00101354
0.00101274
0.00104897
7.78999E-4
2.90377E-4
-1.49681E-4
-3.32388E-4
-3.24141E-4
-4.36374E-4
-7.91988E-4
-0.00124157
-0.00162071
-0.0017904
-0.00174433
-0.0016093
-0.00137559
-0.00101356
-5.71287E-4
1.17889E-5
7.22952E-4
0.00133828
0.00175723
0.00205307
0.00225805
0.002434
0.0025212
0.00241736
0.00234377
0.00238898
0.002284
0.00190848
0.00145524
0.00119337
0.00119591
0.0012296
9.02185E-4
2.54031E-4
-2.73195E-4
-6.79989E-4
-0.00114452
-0.0014723
-0.00146375
-0.00116099
-8.64934E-4
-8.6303E-4
-9.77003E-4
-8.46526E-4
-4.56494E-4
-7.94858E-5
7.19487E-5
3.78492E-5
3.28654E-5
2.78881E-4
7.65276E-4
0.00128328
0.00178444
0.00229079
0.00277228
0.00317954
0.00332432
0.00309821
0.00267829
0.00229536
0.00193903
0.0014871
0.00106589
8.79541E-4
8.91347E-4
8.91251E-4
7.04425E-4
4.58042E-4
4.68074E-4
7.22E-4
9.11761E-4
9.16908E-4
8.57996E-4
8.34996E-4
8.36882E-4
8.62853E-4
0.00102733
0.00138066
0.00171415
0.00181361
0.00173705
0.00165909
0.00158746
0.00141168
0.00113068
8.33658E-4
6.26573E-4
5.18872E-4
3.27263E-4
-2.85865E-5
-3.36455E-4
-4.17825E-4
-3.56834E-4
-3.04863E-4
-2.92756E-4
-2.8835E-4
-2.76071E-4
-2.58161E-4
-2.40232E-4
-2.28375E-4
-2.26379E-4
-2.22897E-4
-2.09916E-4
-1.96132E-4
-1.87825E-4
-1.82844E-4
-1.77287E-4
-1.70299E-4
-1.60855E-4
-1.4651E-4
