2.1164459999999998E-6
2.2221099999999997E-6
2.281166E-6
8.746491999999999E-7
-1.8306089999999997E-6
-6.112108999999999E-6
-1.1439059999999998E-5
-1.653821E-5
-1.693861E-5
-6.968416999999999E-6
1.8824049999999998E-5
6.056058E-5
1.1697159999999999E-4
1.7783579999999997E-4
2.1993759999999998E-4
2.073543E-4
1.1978509999999999E-4
-2.66866E-5
-1.758701E-4
-2.60317E-4
-2.5686579999999995E-4
-2.030627E-4
-1.662047E-4
-1.74376E-4
-1.6562819999999998E-4
-5.191102E-5
1.8542679999999998E-4
4.507654E-4
6.123527999999999E-4
5.822968E-4
3.819976E-4
1.2339E-4
-6.0791479999999994E-5
-1.0089879999999998E-4
-3.91009E-5
4.810093E-5
2.0104909999999997E-4
5.185757E-4
0.001016803
0.00152519
0.001629221
0.0010259349999999997
-1.3174429999999998E-4
-0.0013127129999999999
-0.002113894
-0.0025452059999999995
-0.0027654509999999995
-0.00279195
-0.0024459239999999995
-0.0014920569999999998
-1.34499E-4
9.662382999999999E-4
0.001490876
0.001669275
0.001613987
0.001276068
9.116276999999999E-4
0.001015642
0.0016486089999999999
0.001924415
7.226433999999998E-4
-0.002096961
-0.005178019999999999
-0.006655257999999999
-0.0058513789999999994
-0.003738011
-0.0016739299999999997
-3.130387E-4
2.693345E-4
-1.410481E-5
-0.0013558899999999998
-0.0033222879999999996
-0.004529640999999999
-0.003650746
-5.227859999999999E-4
0.0038007999999999996
0.007487493999999999
0.009201654999999998
0.008882067
0.007198173
0.0051103979999999995
0.003822281
0.003935543
0.005042003
0.006298207999999999
0.006764760999999999
0.005963422
0.004039163
0.0017020519999999997
-2.281582E-4
-0.0013310019999999997
-0.0018926069999999997
-0.0024813669999999995
-0.003066961
-0.0034623309999999995
-0.0035567349999999997
-0.0026108069999999997
1.957082E-5
0.003570353
0.0064592749999999996
0.007639002999999999
0.006315543999999999
0.0021877629999999997
-0.003583744
-0.009823995999999998
-0.01580821
-0.02036998
-0.022439089999999995
-0.02224377
-0.02114173
-0.02016415
-0.0193886
-0.017632939999999996
-0.01389307
-0.008632556999999999
-0.0028793829999999997
0.002550234
0.007310816999999999
0.011164229999999999
0.01375718
0.015249209999999997
0.01653894
0.01857013
0.02123275
0.024068099999999995
0.02696589
0.02897576
0.02841167
0.02450954
0.01811353
0.011195369999999998
0.005397852
0.001043879
-0.002814115
-0.007626025999999999
-0.013658979999999998
-0.018892449999999998
-0.01991855
-0.014772569999999999
-0.004878669999999999
0.005904326
0.013629059999999998
0.01613604
0.012932189999999998
0.004822725
-0.0065850349999999995
-0.01885948
-0.029145949999999997
-0.03512203
-0.03709195
-0.037674389999999995
-0.03829138
-0.03793384999999999
-0.03402755
-0.02379262
-0.006560465
0.013546559999999997
0.02998443
0.03836929
0.03800934999999999
0.030958529999999998
0.02123356
0.01311484
0.009142502
0.008856277999999999
0.009468579
0.008493842
0.005558733999999999
0.002068077
-5.533424E-4
-0.0018577769999999997
-0.0025154049999999996
-0.004219015999999999
-0.0076680329999999994
-0.011937959999999997
-0.01526033
-0.015861879999999995
-0.01349028
-0.009014536999999998
-0.0025885479999999995
0.005485880999999999
0.013437209999999998
0.018625179999999998
0.019316269999999996
0.015877739999999998
0.0104857
0.0060513039999999995
0.0048662079999999995
0.0077957899999999995
0.014413119999999998
0.023014229999999997
0.029923469999999997
0.031083819999999998
0.02442647
0.01115429
-0.0050435
-0.019292539999999997
-0.02699236
-0.026632329999999996
-0.020850899999999995
-0.01437862
-0.012095919999999998
-0.015788479999999997
-0.023078319999999996
-0.029119409999999995
-0.02833162
-0.01933293
-0.006976529
0.0016898379999999997
0.0027093719999999994
-0.0026672339999999997
-0.009444660999999998
-0.011749549999999997
-0.007800579999999999
-0.001420337
0.0029514279999999994
0.004584758999999999
0.004703404999999999
0.00378189
0.0030780669999999994
0.004457938999999999
0.007016538999999999
0.009471410999999999
0.012567569999999998
0.01652825
0.020181059999999997
0.02363554
0.02861367
0.03453421
0.03877298
0.03974131
0.03672825999999999
0.029205789999999995
0.0184129
0.007192830999999999
-0.003158765
-0.0121846
-0.019311379999999996
-0.02404699
-0.02563291
-0.024070109999999995
-0.02092587
-0.01866939
-0.01882703
-0.020357179999999996
-0.020498219999999998
-0.0177709
-0.013463639999999999
-0.01027223
-0.009692439999999998
-0.011072429999999998
-0.01278599
-0.01393905
-0.015293379999999999
-0.01786075
-0.02099416
-0.021867369999999997
-0.017564219999999995
-0.007829079
0.004421341
0.014227109999999998
0.01790783
0.015053009999999999
0.008623586999999999
0.0018890509999999999
-0.003186354
-0.004569407
-4.719386E-4
0.009681575999999999
0.02391422
0.03739889999999999
0.044357049999999995
0.04165238
0.031678689999999995
0.020176749999999997
0.01248017
0.010822469999999999
0.012320599999999998
0.011165539999999998
0.0036157969999999996
-0.01006926
-0.027676159999999998
-0.04477364999999999
-0.05416280999999999
-0.05158656
-0.03956838
-0.024479219999999996
-0.013214939999999998
-0.01021554
-0.015088759999999998
-0.022384759999999997
-0.02472652
-0.01583222
0.006232444
0.035137699999999994
0.059021569999999995
0.06940981999999998
0.06691117
0.05781955
0.047482479999999994
0.0373546
0.02596863
0.01080604
-0.008956192
-0.029066929999999998
-0.04060785
-0.03704808999999999
-0.02273933
-0.011673389999999999
-0.017050449999999998
-0.04067935
-0.06986447
-0.08649169
-0.08010464
-0.05366956999999999
-0.01980943
0.007996889
0.02258383
0.02513957
0.02337075
0.02623494
0.03801047
0.05572057999999999
0.07083507
0.07273958
0.05655555999999999
0.026437819999999997
-0.007173533999999999
-0.030028639999999995
-0.03163151
-0.01389976
0.010094469999999998
0.02610515
0.027916769999999997
0.019322059999999995
0.009843138
0.005704589
0.005948433999999999
0.005230315999999999
-6.135095999999999E-4
-0.011591619999999999
-0.023860299999999997
-0.03175456
-0.03253415
-0.02827103
-0.02234697
-0.01662951
-0.01156069
-0.007735354
-0.005431224
-0.004468227
-0.005294046
-0.009197213
-0.017457709999999998
-0.030118169999999996
-0.04607983
-0.06288650999999999
-0.07621911
-0.08181148999999999
-0.07762766
-0.06566608999999998
-0.04984711
-0.03497457
-0.025908259999999995
-0.02478574
-0.030434519999999996
-0.03992578
-0.049468599999999995
-0.05663052999999999
-0.060390879999999994
-0.05940187999999999
-0.052845069999999994
-0.04154605
-0.025793889999999996
-0.005642701
0.017353809999999997
0.0398404
0.05865137
0.07298038
0.08377716999999998
0.09176298999999999
0.09865514
0.10697809999999999
0.11717139999999998
0.1282106
0.1384804
0.14645699999999998
0.15206199999999997
0.15627969999999997
0.1600882
0.16378539999999997
0.16608699999999998
0.1651376
0.15980649999999996
0.1493455
0.13327659999999997
0.11191179999999999
0.08430572
0.05029837
0.01311332
-0.025531139999999997
-0.06593430999999998
-0.10645429999999999
-0.1449473
-0.18105659999999998
-0.21517889999999998
-0.24595369999999997
-0.2717918999999999
-0.29215449999999993
-0.30486559999999996
-0.3071382999999999
-0.2995418
-0.2852561
-0.26758419999999994
-0.2494434
-0.23102959999999997
-0.2096536
-0.1817558
-0.1448359
-0.09935418999999998
-0.049434389999999995
-0.001278781
0.03967121
0.07050753
0.09166656
0.1045977
0.10963439999999999
0.10984909999999999
0.11010969999999999
0.11246289999999999
0.12027029999999998
0.13724479999999997
0.1636378
0.19862589999999997
0.2390403
0.2783551
0.3112268999999999
0.33182839999999997
0.33683789999999997
0.32971249999999996
0.31453539999999997
0.2945245
0.2751495
0.2632579
0.26219079999999995
0.27064049999999995
0.283268
0.2909287
0.2822723
0.24723049999999996
0.18499179999999998
0.1067712
0.029102289999999996
-0.03183243
-0.06103719999999999
-0.05439802
-0.016795109999999995
0.04387052
0.1135815
0.16827089999999997
0.18745989999999998
0.17038849999999997
0.12558479999999997
0.057259019999999994
-0.03297459
-0.1340227
-0.22592589999999999
-0.29410549999999996
-0.33862509999999996
-0.3675168999999999
-0.38822939999999995
-0.40609759999999995
-0.42384029999999995
-0.44097639999999994
-0.4575148
-0.47280459999999996
-0.48386409999999996
-0.48494069999999995
-0.46995799999999993
-0.4367802
-0.3878408
-0.3262862
-0.2552391
-0.1795292
-0.10537579999999999
-0.03850193999999999
0.01917947
0.06905334999999999
0.10930659999999999
0.1370821
0.1502911
0.1443144
0.1162734
0.07456238
0.030617309999999995
-0.011626329999999999
-0.047539859999999996
-0.07238288
-0.08542843
-0.08774450999999998
-0.08263494
-0.07554753999999998
-0.07268828999999999
-0.07846579
-0.09361069999999999
-0.11675249999999998
-0.1459835
-0.17861649999999998
-0.21129149999999997
-0.2408432
-0.265041
-0.2830854
-0.29423169999999993
-0.2973808
-0.2945028
-0.2887586999999999
-0.2813292
-0.2714063
-0.2575257
-0.23766719999999997
-0.20924269999999998
-0.16968709999999998
-0.1194149
-0.060906959999999996
0.004293828999999999
0.07848252
0.1662938
0.2680937
0.3803894
0.49271289999999995
0.5885284
0.653134
0.6784224
0.6656172
0.6228448999999999
0.561279
0.493603
0.43303449999999993
0.39165479999999997
0.3759868
0.3810994999999999
0.3935559
0.39776819999999996
0.3813211
0.3369384
0.2619207
0.1605962
0.04846578
-0.056210539999999996
-0.1420542
-0.20151499999999997
-0.22882309999999997
-0.2245773
-0.19623199999999996
-0.15009739999999996
-0.08931262
-0.02284346
0.033720929999999996
0.07044138
0.09064794
0.10045119999999999
0.09646868
0.0704119
0.026068889999999997
-0.01787858
-0.05000339
-0.07402422999999998
-0.09119327999999999
-0.09390807
-0.07138312
-0.014975089999999998
0.07224887
0.1731399
0.27404219999999996
0.3697294
0.45121769999999994
0.5051676999999999
0.5296631
0.5259593999999999
0.4927524
0.43897709999999995
0.38213129999999995
0.3341403
0.3015635
0.28878109999999996
0.2961884
0.3207977
0.3530382
0.3697832999999999
0.3497031
0.2943652
0.2110551
0.10279389999999998
-0.01869567
-0.1379349
-0.24514279999999997
-0.3334884
-0.3947772
-0.42113849999999997
-0.40992339999999994
-0.3707867
-0.3127154999999999
-0.2420679
-0.17780859999999998
-0.13736449999999997
-0.11752659999999998
-0.1144522
-0.13669379999999998
-0.18310729999999997
-0.2436095
-0.3192564
-0.4128793
-0.5150513
-0.6066738999999999
-0.6690089999999999
-0.6935918
-0.6845756999999999
-0.6527247
-0.6054536
-0.5397431
-0.45027049999999996
-0.33843229999999996
-0.2030768
-0.03249053
0.1639421
0.33738479999999993
0.4578052
0.5232404
0.5307687
0.492858
0.4385651
0.38207089999999994
0.3221763
0.2541631
0.16587619999999997
0.05824645999999999
-0.04301427
-0.12146279999999998
-0.17596139999999996
-0.20978949999999996
-0.22713269999999997
-0.23338419999999999
-0.2279817
-0.20452249999999997
-0.16647199999999998
-0.13321669999999997
-0.12402059999999998
-0.14417419999999997
-0.18573739999999997
-0.2368056
-0.28291199999999994
-0.3126137
-0.3276127
-0.33492089999999997
-0.3370159999999999
-0.33647
-0.3348049
-0.32806029999999997
-0.31131139999999996
-0.2886729
-0.2667178
-0.2460811
-0.22687019999999997
-0.2120319
-0.19904549999999996
-0.17882479999999998
-0.1439526
-0.09650296
-0.0446947
0.0028138319999999996
0.040882249999999995
0.0717334
0.100542
0.1305594
0.15995989999999996
0.1855294
0.20388819999999996
0.2113352
0.2088528
0.19953809999999997
0.1843161
0.16455279999999997
0.14128979999999997
0.1141864
0.08552815999999999
0.060518489999999994
0.04312210999999999
0.03552146999999999
0.03766375
0.04667125
0.058796629999999996
0.07114041
0.07998852999999999
0.08263193999999999
0.07936967999999998
0.0718315
0.06167047999999999
0.05112614
0.042829929999999995
0.03860655
0.03865449
0.042381539999999995
0.04841021999999999
0.05576928999999999
0.06457538999999998
0.07352914
0.08025183999999999
0.08413782999999998
0.08700131
0.08955769
0.09089758999999999
0.09013441
0.08711493
0.08240569
0.07715414999999999
0.07255528
0.07039357999999998
0.07108058
0.07239546
0.07160787
0.06754088999999999
0.05927573999999999
0.04617092
0.028722419999999995
0.009240774
-0.009207623999999998
-0.024134419999999997
-0.03431558
-0.03922968999999999
-0.03834128999999999
-0.03163733
-0.020514889999999997
-0.006648111999999999
0.008295862
0.022574849999999997
0.03529208999999999
0.04697737999999999
0.05826552
0.07034760999999999
0.08265021
0.09310234
0.1002401
0.10278469999999999
0.09874965999999999
0.08677709999999998
0.06824397
0.045635669999999996
0.02157859
-5.929054E-4
-0.0189371
-0.03248551
-0.04035024999999999
-0.04254449
-0.04041925
-0.03653611999999999
-0.03339689999999999
-0.03306547
-0.03740032
-0.04722752999999999
-0.06232929999999999
-0.08209477999999999
-0.1062603
-0.13399299999999997
-0.1625851
-0.1873669
-0.20518049999999996
-0.2150345
-0.21627829999999998
-0.2087801
-0.191183
-0.16276379999999996
-0.1260846
-0.08534511
-0.0448681
-0.007786569
0.024553689999999996
0.05189896
0.07356677
0.08847369999999999
0.09633193999999999
0.09861849999999998
0.09692955
0.09278554999999998
0.08746820999999999
0.08169392999999998
0.07649286999999999
0.07225161999999999
0.06913352
0.06686394
0.06446014
0.06197848
0.05985854
0.05830410999999999
0.05740566999999999
0.05650752
0.055106709999999996
0.05308638
0.05033225
0.046976069999999995
0.04377026
0.04143599
0.04071919999999999
0.04210070999999999
0.04560912
0.05101256999999999
0.057876729999999994
0.06544502
0.073151
0.08011398
0.08495339999999998
0.08614058999999999
0.08241948999999998
0.07447279999999999
0.06508253
0.05648036
0.04916554
0.04396798
0.04244981999999999
0.04436402
0.04781864999999999
0.05019949
0.04922292999999999
0.04414280999999999
0.0352312
0.023317149999999995
0.010113229999999999
-0.0024288319999999997
-0.013304519999999999
-0.021733219999999998
-0.027025149999999998
-0.029163509999999997
-0.02882286
-0.025946059999999996
-0.019728
-0.009781633
0.0035390529999999995
0.01886779
0.034515699999999996
0.04880193
0.059862149999999996
0.06625843999999999
0.06740622
0.06353633
0.05662402
0.04984065
0.04558291999999999
0.045217839999999995
0.04940226
0.056939819999999995
0.06488043
0.07113253999999998
0.07584530999999999
0.07896080999999999
0.07851860999999999
0.0736797
0.06528137999999999
0.05358759
0.03923784
0.0238321
0.00859179
-0.0060825539999999996
-0.019881249999999996
-0.03266848
-0.04403784
-0.053399049999999997
-0.06074825999999999
-0.06595548999999999
-0.06722472
-0.0642998
-0.05923628999999999
-0.05221598999999999
-0.042921219999999996
-0.03303391
-0.024357689999999998
-0.017728149999999998
-0.013244809999999997
-0.01042397
-0.008392918
-0.006267971999999999
-0.004134685
-0.002877059
-0.003113896
-0.005534354
-0.01130832
-0.0207834
-0.03296093
-0.04618853999999999
-0.058551059999999995
-0.06827007
-0.07492630999999998
-0.07877834
-0.08008189999999998
-0.07904767
-0.07624564
-0.07317395
-0.07143202
-0.07158154
-0.07377971
-0.07754766
-0.08216564999999999
-0.0866605
-0.09004219999999999
-0.09077711
-0.08796314999999999
-0.08181121
-0.07273404999999998
-0.06150604
-0.04910272999999999
-0.03640383
-0.024302139999999996
-0.01354324
-0.00479966
0.002270175
0.008307255
0.01324431
0.01640611
0.01738602
0.01667991
0.01476336
0.01163799
0.007758446999999999
0.00413937
0.001156711
-0.0014558769999999997
-0.004092210999999999
-0.007174747999999999
-0.011397029999999999
-0.0177028
-0.026448839999999998
-0.03735927
-0.04953226
-0.061742479999999995
-0.07230689999999998
-0.07890918999999999
-0.07966411999999999
-0.07462522999999999
-0.06517049999999999
-0.05312603999999999
-0.04119175
-0.0319232
-0.026514349999999996
-0.024551329999999996
-0.02437841
-0.024009829999999996
-0.021495
-0.015400889999999999
-0.005769745
0.006040469999999999
0.01815316
0.028983859999999997
0.03729676999999999
0.04287513999999999
0.04684527
0.04997350999999999
0.05274427999999999
0.05536918999999999
0.05801525999999999
0.06040597
0.06149220999999999
0.060159599999999994
0.05635579999999999
0.05083527999999999
0.04527542999999999
0.041746319999999996
0.04165918999999999
0.045304989999999996
0.051890549999999994
0.05984365
0.067715
0.07438118
0.07882749
0.08026123999999998
0.07875040999999999
0.07516503999999999
0.07021447999999998
0.06505587999999998
0.06086314999999999
0.05793899999999999
0.05587685
0.05352885999999999
0.05066117
0.04796704999999999
0.04573411
0.04376445999999999
0.042454189999999996
0.041935389999999996
0.04114602999999999
0.03817374
0.03180604
0.022776469999999997
0.01204256
1.9832849999999998E-4
-0.01192071
-0.023195879999999995
-0.03250774
-0.03882283999999999
-0.04157978
-0.03988074999999999
-0.03422311
-0.02601395
-0.0165946
-0.007691562999999999
-5.957924E-4
0.003691559
0.0037413659999999994
-0.001007283
-0.00969575
-0.02080193
-0.03227016
-0.04144762999999999
-0.04549543
-0.04311139
-0.03495316999999999
-0.022359639999999997
-0.007267684
0.007720445
0.019643049999999995
0.025987759999999995
0.02641892
0.022854989999999995
0.01734369
0.011917009999999999
0.008511146
0.008113536
0.010589199999999998
0.014908989999999999
0.01864938
0.01974534
0.017448059999999998
0.012020499999999998
0.005388166999999999
3.2904519999999994E-4
-9.150919999999999E-4
0.002247429
0.008526635
0.015600869999999998
0.021187209999999998
0.023238319999999996
0.02021506
0.01319208
0.005243722
-8.737083999999999E-4
-0.003336276
-0.001879621
0.002415993
0.00668878
0.007062846
0.0018028259999999998
-0.008293150999999999
-0.02138431
-0.035079589999999994
-0.04670931999999999
-0.05399441
-0.05606372999999999
-0.05311458
-0.0461996
-0.03757913999999999
-0.029304649999999998
-0.02287303
-0.01975618
-0.0206031
-0.024189549999999997
-0.028989539999999998
-0.03379312
-0.03706705999999999
-0.03742544
-0.03407134
-0.027628439999999997
-0.01933807
-0.01082382
-0.003975157
-0.001030544
-0.003067989
-0.009219785
-0.01742358
-0.025268239999999997
-0.03053038
-0.03193474
-0.029280499999999998
-0.023142309999999996
-0.01514803
-0.007167946999999999
-7.692730999999999E-4
0.002859736
0.0027169569999999994
-0.001973822
-0.01067213
-0.022029799999999995
-0.03468304999999999
-0.04627873999999999
-0.05426598999999999
-0.05658297999999999
-0.05216728
-0.04135413
-0.02630779
-0.010895539999999999
8.675641999999999E-4
0.005963033999999999
0.0028529179999999994
-0.007752294999999999
-0.022868559999999996
-0.037959849999999996
-0.048428969999999995
-0.05045781
-0.043172369999999995
-0.028192169999999996
-0.008428773
0.012428169999999999
0.030955359999999998
0.044343969999999996
0.051326939999999995
0.052398009999999995
0.04877582999999999
0.04258027
0.03654153
0.03245425
0.030517899999999997
0.0296487
0.027835149999999996
0.02382772
0.017445139999999998
0.009455016
0.001545428
-0.004211221
-0.006453987999999999
-0.004899386
-6.694942E-4
0.0043297679999999995
0.007644556999999999
0.007508207999999999
0.003956968
-0.0023778099999999997
-0.009863733
-0.015839439999999996
-0.018070729999999997
-0.01565627
-0.008977285999999998
6.129213999999999E-4
0.01124914
0.02108771
0.028760119999999997
0.03364194
0.035945269999999994
0.03621799
0.03610816
0.03679294999999999
0.03835512
0.04045640999999999
0.042323759999999995
0.04245900999999999
0.03922726
0.03213107999999999
0.02214819
0.010442679999999998
-0.0018397569999999998
-0.013787789999999998
-0.02522054
-0.03592861
-0.04558051
-0.05383095
-0.06057823999999999
-0.06585309999999998
-0.06929260999999999
-0.07071778
-0.07074264
-0.06964889
-0.06758997
-0.06497356999999998
-0.06156791999999999
-0.05698238
-0.05099333
-0.04361341999999999
-0.03480468
-0.0246253
-0.01349938
-0.002462563
0.007841965
0.01763667
0.026561999999999995
0.03366084999999999
0.03800907
0.03963443
0.03921420999999999
0.03794498
0.03753707
0.0394606
0.04426998
0.0515509
0.06036946
0.0687012
0.07363598
0.07318581
0.06723402
0.05668463
0.04314069999999999
0.029563149999999996
0.01905697
0.012541779999999999
0.009481738999999998
0.008780021999999998
0.007821003
0.002658548
-0.009642196999999998
-0.029217089999999998
-0.053655539999999995
-0.07897000999999998
-0.100919
-0.11445309999999999
-0.1138151
-0.09702725999999999
-0.0662821
-0.025775909999999996
0.01802125
0.05686159
0.08427936
0.09716603999999998
0.09510808999999999
0.08016602999999999
0.05651215999999999
0.02901029
0.002652989
-0.0170433
-0.02608998
-0.02338333
-0.01059778
0.008575616
0.029543569999999998
0.04832531999999999
0.06146675
0.06682230999999998
0.06346909
0.051840269999999994
0.03604252
0.02088718
0.009155697
0.002354057
5.955267999999999E-4
0.0034824069999999994
0.008973981999999998
0.012885519999999998
0.011457379999999998
0.004101834
-0.007239501999999999
-0.01954968
-0.02908384
-0.032572489999999996
-0.028717539999999996
-0.01785887
-0.0013792239999999999
0.01770703
0.03516053
0.04736237
0.0527197
0.05099126999999999
0.04302282
0.03099101
0.01765823
0.005198794999999999
-0.005326672
-0.013296459999999998
-0.01869025
-0.02202881
-0.02417666
-0.026150169999999997
-0.028560439999999996
-0.031112589999999996
-0.033329899999999996
-0.03502314
-0.036383399999999996
-0.03765401
-0.03880132
-0.03925323
-0.03872896
-0.037442369999999996
-0.03545067
-0.033132739999999994
-0.031147599999999998
-0.029939039999999997
-0.029682479999999997
-0.03024922
-0.03032683
-0.028821669999999997
-0.024884729999999997
-0.0183475
-0.009998832
-0.001017322
0.007507498999999999
0.014679499999999998
0.01959846
0.021073589999999996
0.01901694
0.01480131
0.008954094999999999
0.0023100469999999995
-0.0037036839999999996
-0.008055885
-0.009992759999999998
-0.009467214
-0.006865492
-0.0027880859999999995
0.001667442
0.005724147999999999
0.009018532999999999
0.011439049999999997
0.01284545
0.012894149999999998
0.01150015
0.008573871
0.004559807
8.39106E-4
-0.001138159
-2.0497549999999996E-4
0.003911359
0.010995659999999999
0.020438489999999997
0.03065248
0.03992977
0.04703916999999999
0.05177331999999999
0.053664329999999996
0.05170602999999999
0.045459639999999996
0.03491787
0.02056602
0.0038998839999999997
-0.013125479999999998
-0.029185969999999995
-0.043030299999999994
-0.05321875
-0.05820175999999999
-0.05769168999999999
-0.05247888999999999
-0.043209849999999994
-0.03173869
-0.020652299999999995
-0.011487819999999998
-0.005173899
-0.0020879229999999998
-0.0017904619999999998
-0.002512662
-0.00196061
0.001310783
0.007587118999999999
0.016426109999999997
0.026463579999999997
0.03588972
0.04299705
0.04699106
0.04777317999999999
0.045432879999999995
0.04058145999999999
0.03409626999999999
0.026537139999999997
0.01821641
0.009466786
4.7133769999999997E-4
-0.008967956999999999
-0.018823949999999996
-0.02848688
-0.037077809999999996
-0.04342106999999999
-0.04672396999999999
-0.04708944
-0.0453136
-0.042717899999999996
-0.04094389999999999
-0.04119649
-0.04356569
-0.047601779999999996
-0.05240879
-0.05660856
-0.05844277999999999
-0.056312289999999994
-0.049617379999999996
-0.03857121
-0.02340539
-0.005278809999999999
0.013884459999999998
0.03186946
0.04697986
0.05780414999999999
0.06295802
0.06168313999999999
0.0542551
0.04254038999999999
0.029441309999999995
0.018335589999999995
0.011330109999999997
0.009090466
0.011192639999999998
0.01583623
0.02041484
0.022254209999999996
0.019667309999999997
0.012758449999999998
0.002379709
-0.010052639999999998
-0.022222729999999996
-0.03166821
-0.037225909999999994
-0.038575729999999996
-0.03573021999999999
-0.029663049999999996
-0.02172215
-0.01368493
-0.007234241999999999
-0.0032459809999999998
-0.0018076899999999998
-0.002464985
-0.0037917789999999995
-0.0035888869999999994
-6.476848999999999E-4
0.004948136999999999
0.0123573
0.019807059999999998
0.025950339999999995
0.02971496
0.02994489
0.02651501
0.02041986
0.0134204
0.007497012999999999
0.004400344
0.004689387
0.007147861999999999
0.009356099999999997
0.009062363
0.004999278
-0.0029127429999999998
-0.01303043
-0.02220183
-0.027603629999999997
-0.027350589999999998
-0.02133056
-0.011440919999999999
-7.407495E-4
0.007709068999999999
0.01162788
0.01077383
0.006717526
0.0021945109999999997
5.469267E-5
0.002531026
0.01000516
0.02072502
0.03175658
0.03965997
0.04188113
0.038164369999999996
0.029870419999999998
0.019593689999999997
0.01058159
0.005405014
0.0049628
0.009109524999999999
0.01663082
0.025329939999999995
0.032757419999999995
0.03610508
0.03360372
0.02583871
0.014599439999999998
0.002046724
-0.008908968
-0.015540389999999998
-0.01639158
-0.012084279999999998
-0.004356513
0.004782242
0.012937089999999998
0.01845105
0.020586569999999995
0.01956408
0.01646685
0.01244596
0.007953015
0.003285865
-0.001079626
-0.005270665
-0.009038871
-0.011941549999999999
-0.01370502
-0.014141609999999999
-0.01345064
-0.01256312
-0.01284006
-0.015151939999999997
-0.0205841
-0.02926612
-0.03966961
-0.05010742
-0.05935251999999999
-0.06656365
-0.07079567
-0.07157075
-0.06966272
-0.06506548
-0.05747752999999999
-0.04751488
-0.03593555999999999
-0.023802099999999996
-0.01239817
-0.0025754999999999997
0.00504412
0.01002952
0.012424649999999999
0.012782629999999998
0.011498039999999998
0.009200785999999999
0.0065679729999999995
0.004056083
0.0019915729999999995
9.688964999999999E-4
0.0013479589999999997
0.002738551
0.004612806
0.006770393
0.008958518999999998
0.01073911
0.01184655
0.012486939999999998
0.01306743
0.01400731
0.015330599999999998
0.01698321
0.018710279999999996
0.020117029999999998
0.02050105
0.01961478
0.01805743
0.016569229999999997
0.01584955
0.016481469999999998
0.01879275
0.02233587
0.025874669999999995
0.02803131
0.02787022
0.024716589999999997
0.018772229999999997
0.011896569999999999
0.005980207999999999
0.0022287739999999998
0.0015521039999999997
0.0038533739999999997
0.007591141
0.010367939999999999
0.010039119999999999
0.005512908
-0.0022775679999999998
-0.010846329999999998
-0.017761279999999997
-0.021073169999999995
-0.01987355
-0.015148349999999998
-0.008694432999999998
-0.002684093
0.001039474
0.002244227
0.001575954
-1.1551559999999998E-4
-0.001799384
-0.002438388
-0.0019801049999999994
-0.001086501
-7.124846999999999E-4
-0.0017594809999999998
-0.00421277
-0.007710312
-0.011802669999999998
-0.01492339
-0.015404229999999998
-0.01323615
-0.008767219
-0.0028199859999999996
0.00326412
0.008066891
0.01023896
0.009470217999999999
0.006452732
0.0022251259999999996
-0.0022661949999999995
-0.006211421999999999
-0.00901371
-0.010744529999999999
-0.011692529999999998
-0.01226295
-0.01259282
-0.01284989
-0.012700599999999998
-0.011416069999999999
-0.009308633999999998
-0.007338021999999999
-0.006565217999999999
-0.007367434
-0.009401988
-0.01182507
-0.013181549999999998
-0.012325919999999999
-0.008829608
-0.002606933
0.004791163
0.010786959999999998
0.013442399999999998
0.01234661
0.008333202
0.002839276
-0.0013100889999999997
-0.001469268
0.0030929139999999996
0.011502249999999999
0.021720769999999997
0.03057582
0.03439779
0.03176972
0.02356014
0.011574949999999999
-0.0012789059999999998
-0.011527839999999998
-0.016627949999999996
-0.01603467
-0.01094757
-0.0037719039999999995
0.002292796
0.005090713999999999
0.0037152739999999997
-0.001383094
-0.008169480999999998
-0.014246049999999998
-0.017875439999999996
-0.018098789999999997
-0.01515875
-0.01024719
-0.004995423
-7.459043E-4
0.0017915109999999998
0.002659387
0.002488364
0.0023591739999999995
0.002881197
0.003961896
0.005934032999999999
0.008274131999999998
0.010237909999999998
0.01149098
0.01152309
0.01001464
0.007197817
0.003505242
-8.356581E-4
-0.005412136
-0.009717568
-0.01355345
-0.01648582
-0.018323259999999997
-0.018596289999999998
-0.017103809999999997
-0.01442032
-0.010901639999999999
-0.007087097999999999
-0.004031658
-0.0024651389999999994
-0.002286129
-0.0031367869999999994
-0.004375346999999999
-0.005094849999999999
-0.004238140999999999
-0.0011408099999999997
0.003790965
0.009659813
0.015793209999999995
0.020945579999999995
0.024328879999999997
0.0259975
0.02570595
0.023170659999999996
0.018464099999999997
0.01210663
0.004767176999999999
-0.00252293
-0.008284256999999998
-0.0114772
-0.0122139
-0.010918019999999999
-0.007924741
-0.0036496139999999994
9.769837E-4
0.005303488999999999
0.008880675
0.011473609999999999
0.012467199999999998
0.011241119999999999
0.008255683
0.004457428999999999
6.949568999999999E-4
-0.002705144
-0.00540737
-0.007433219
-0.009320692
-0.01099372
-0.01173618
-0.010662489999999998
-0.007337449
-0.002467282
0.002754857
0.0072377529999999995
0.01047488
0.012109539999999998
0.012055249999999998
0.011187849999999997
0.010556729999999999
0.010616609999999999
0.01160633
0.013844469999999998
0.0169565
0.019937859999999998
0.02212192
0.023432079999999997
0.023697749999999997
0.02302263
0.02172574
0.02013432
0.018736699999999995
0.01774784
0.017027919999999995
0.01630303
0.01552664
0.014441439999999998
0.0127031
0.01028578
0.006904248
0.002337747
-0.002826323
-0.007702714999999999
-0.01184776
-0.01481727
-0.01612664
-0.01609871
-0.015452929999999998
-0.015267369999999999
-0.016542839999999996
-0.01929732
-0.022879739999999996
-0.02622613
-0.027930659999999996
-0.026794669999999996
-0.02249897
-0.01583621
-0.007935919
-4.7729139999999994E-4
0.004824253
0.007556655999999999
0.008368433
0.007953322
0.007057717999999999
0.006279806
0.005600495
0.004781283999999999
0.003456806
9.514554999999999E-4
-0.0029945539999999995
-0.007536970999999999
-0.01210934
-0.016106889999999995
-0.0183744
-0.01846091
-0.016569619999999997
-0.013635399999999999
-0.01090352
-0.009547950999999999
-0.010245969999999998
-0.012515939999999998
-0.015127609999999998
-0.016904789999999996
-0.016791939999999998
-0.0146667
-0.01114686
-0.006875487
-0.003007633
-8.102310999999999E-4
-5.950632E-4
-0.002096966
-0.004893722999999999
-0.008337014999999998
-0.011731689999999998
-0.013767679999999997
-0.0134409
-0.010723579999999998
-0.006224846
-5.800445999999999E-4
0.00576448
0.012026389999999998
0.017324229999999996
0.02148439
0.02449831
0.02629639
0.026837989999999996
0.026449939999999998
0.02582958
0.025947589999999996
0.02690002
0.02773422
0.028149579999999997
0.028079009999999998
0.02640244
0.02224966
0.01643512
0.01020676
0.003819644
-0.002399914
-0.007295203999999999
-0.009580284
-0.009114764
-0.007116416999999999
-0.004548475
-0.002596356
-0.0027666429999999996
-0.005397900999999999
-0.009464836999999999
-0.01362673
-0.01673073
-0.01763794
-0.015777779999999998
-0.01169855
-0.006906127
-0.002904741
-5.446228E-4
1.427795E-4
1.2630979999999996E-4
5.512445999999999E-4
0.0019591109999999995
0.00441937
0.007713891999999999
0.01121084
0.013764339999999998
0.01418844
0.012444799999999999
0.009460071
0.006269602
0.0033039799999999998
9.894479E-4
-1.954476E-4
-4.09619E-4
1.9862179999999998E-4
0.0012393969999999997
0.0021732369999999997
0.0028251409999999998
0.002978249
0.0025937289999999995
0.0014136389999999997
-0.001013327
-0.004615294999999999
-0.008581194
-0.01243289
-0.015283489999999999
-0.01644581
-0.01619615
-0.01466873
-0.011990499999999998
-0.009068494
-0.006830431999999999
-0.006079249
-0.007253318999999999
-0.009966502999999998
-0.013587149999999997
-0.01701689
-0.018588749999999998
-0.01710912
-0.012603809999999998
-0.00589208
0.001948024
0.008982348999999999
0.013065799999999999
0.012674039999999998
0.007495039999999999
-0.0011152869999999997
-0.010688429999999999
-0.01841845
-0.0220971
-0.02074444
-0.015411879999999998
-0.00832285
-0.002053205
0.001052301
3.505725E-4
-0.0031457659999999995
-0.0076621779999999995
-0.01071684
-0.010617109999999999
-0.007603158
-0.0028222759999999994
0.002116378
0.005296214
0.0054497009999999995
0.0025905899999999994
-0.0017850949999999998
-0.00575599
-0.007239344
-0.00492461
0.001146867
0.009322606999999998
0.016646719999999997
0.02011008
0.018648229999999995
0.012735289999999998
0.003740902
-0.005451914999999999
-0.01162562
-0.012593279999999998
-0.008167165
-4.1118479999999993E-4
0.007732987999999999
0.01377861
0.01596439
0.014315859999999998
0.010186619999999999
0.005777851
0.00322446
0.0031809779999999997
0.005096061
0.0075985869999999995
0.008898975999999998
0.007392033
0.002272275
-0.005524698
-0.01358985
-0.01931915
-0.020928319999999997
-0.01829537
-0.012431249999999998
-0.005357090999999999
4.521819E-4
0.0032425189999999997
0.0028240719999999995
8.926905999999999E-5
-0.0033821679999999996
-0.005483541999999999
-0.004973039
-0.002574737
6.380837999999998E-4
0.003233247
0.004052311
0.0032657769999999997
0.001619707
-5.9483139999999996E-5
-8.175224999999998E-4
-4.061565E-5
0.0019440179999999998
0.0043062989999999995
0.006423103999999999
0.008089178
0.009448077999999999
0.010683629999999998
0.012154279999999998
0.013890769999999998
0.015148719999999997
0.014987719999999998
0.012526079999999998
0.007381667999999999
2.040505E-4
-0.007328784999999999
-0.013169519999999999
-0.01579867
-0.01463045
-0.010220069999999998
-0.004590272
-5.677146999999999E-4
7.992583E-5
-0.0028810169999999996
-0.008488198999999998
-0.01453167
-0.01850145
-0.01902168
-0.01592296
-0.01030544
-0.004253197999999999
-1.294491E-4
6.769669E-4
-0.0014958549999999997
-0.004489593
-0.006225578
-0.005391116
-0.001338239
0.005117230999999999
0.01138896
0.014862149999999998
0.01461059
0.011218219999999997
0.005913720999999999
7.637815E-4
-0.00202168
-0.0012376659999999997
0.0034044679999999995
0.011331189999999998
0.01999158
0.026235859999999996
0.028627679999999996
0.026958619999999996
0.0219022
0.015544579999999999
0.01036945
0.007556489999999999
0.00716854
0.008588295999999999
0.010322659999999999
0.010717049999999999
0.008971899
0.005442949999999999
0.00131548
-0.001746712
-0.0023544309999999997
-1.403257E-4
0.003979892
0.008412757
0.01158233
0.01222145
0.009956639
0.005485830999999999
5.707565E-4
-0.0027255609999999996
-0.00343602
-0.001965053
7.375067E-4
0.0029570949999999994
0.002961048
4.8392049999999994E-4
-0.0036910209999999996
-0.008118013999999998
-0.01143011
-0.012626189999999999
-0.01116942
-0.007652872999999999
-0.003664324
-0.001033485
-0.0010693239999999998
-0.003943303
-0.008444846
-0.01228463
-0.01389377
-0.01219536
-0.0069602349999999995
4.960454999999999E-4
0.007876745999999999
0.012892999999999998
0.014180079999999998
0.01170847
0.006339382999999999
-5.479399999999999E-5
-0.004829246
-0.006494471
-0.0050852
-0.001421391
0.0028810809999999997
0.006143205999999999
0.007304613999999999
0.006384878
0.004056572999999999
0.0011150099999999998
-0.001482701
-0.00262167
-0.001702358
3.295021E-4
0.002019662
0.002590408
0.0015392829999999998
-0.0012574699999999997
-0.004823185
-0.007515718
-0.008190921
-0.006759407999999999
-0.004199284
-0.0027194469999999994
-0.0037786969999999997
-0.006970542999999999
-0.01146804
-0.01658753
-0.020836809999999997
-0.02267396
-0.02170469
-0.01878116
-0.015454079999999999
-0.012828449999999998
-0.011082679999999998
-0.010107129999999999
-0.009222273
-0.007238336999999999
-0.0032560969999999995
0.002539428
0.008802248
0.013782809999999998
0.016005279999999997
0.014656929999999999
0.01020197
0.003909663999999999
-0.002694032
-0.007672098999999999
-0.01011308
-0.01019851
-0.009073257
-0.007771272
-0.006561035
-0.005842839
-0.005375953
-0.0042277389999999995
-0.002288647
-1.322517E-4
0.001600505
0.002357427
0.001730168
-1.167368E-4
-0.0023639599999999996
-0.0039089879999999995
-0.004175264
-0.002633013
0.001026006
0.006073977999999999
0.011189359999999999
0.015263709999999998
0.0173293
0.01710894
0.01502182
0.01220691
0.009680011
0.008303893999999997
0.008223456
0.008527326
0.008453897999999998
0.007463099999999999
0.004913639
0.001516131
-0.0012387429999999998
-0.002809945
-0.0028492249999999995
-0.001287285
0.001372214
0.003758184
0.004778499999999999
0.003964265
0.0017028259999999997
-9.435407999999999E-4
-0.0026145389999999995
-0.001824421
0.0016624829999999998
0.006531288999999999
0.011138559999999999
0.014427219999999998
0.015246089999999999
0.012805129999999998
0.007834731
0.0018600779999999998
-0.003589557
-0.007235591999999999
-0.008485005999999998
-0.007342870999999999
-0.005033947
-0.0032501689999999994
-0.002702755
-0.003628773
-0.005744233999999999
-0.007473846999999999
-0.007335715999999999
-0.004548466
2.4332629999999997E-4
0.005523398
0.009940282
0.01191157
0.01104106
0.008088494999999998
0.004124468
2.617372E-4
-0.002672543
-0.004056946
-0.004048849
-0.003339888
-0.002607985
-0.002440591
-0.002921645
-0.0037973089999999996
-0.004603418999999999
-0.004691478999999999
-0.0043166459999999995
-0.004090718
-0.004340017
-0.005039878999999999
-0.006117751999999999
-0.007400599999999999
-0.008361349999999998
-0.008463883999999998
-0.007450399999999999
-0.00575169
-0.0038934339999999994
-0.001969947
-2.3739139999999996E-4
8.497785999999999E-4
0.0015369999999999997
0.002475381
0.0037371879999999994
0.005327448999999999
0.007165320999999999
0.0086878
0.008992105999999998
0.007775986999999999
0.005580391
0.002975112
4.867714E-4
-0.0012561739999999999
-0.002099381
-0.002296099
-0.002337155
-0.002486186
-0.00275115
-0.003102698
-0.0029738659999999995
-0.001811385
-4.680217E-5
0.001365311
0.001718334
9.041922999999999E-4
-0.001029281
-0.003883837
-0.006864401
-0.008796099999999998
-0.008840583
-0.00703128
-0.004032385
-5.871910999999999E-4
0.002352585
0.00437692
0.005479614
0.005930812
0.005528154
0.004253841999999999
0.002599807
9.299367999999999E-4
-3.1136109999999994E-4
-7.750848999999999E-4
-3.9214219999999996E-4
5.754388999999999E-4
0.001551295
0.0018556809999999999
6.91922E-4
-0.00229218
-0.006380244
-0.01049854
-0.01359994
-0.014787199999999999
-0.013400669999999998
-0.009568363999999998
-0.004661408999999999
-6.286601E-4
7.508168E-4
-0.0011563419999999999
-0.005734871999999999
-0.01138591
-0.01548891
-0.01616803
-0.01333249
-0.007742343999999999
-7.057631E-4
0.005488082
0.00886259
0.008747938999999998
0.005505786999999999
7.818698999999999E-4
-0.002772762
-0.0033583969999999995
-6.571461999999999E-4
0.004463577
0.010525159999999999
0.0155882
0.017776999999999998
0.016723599999999998
0.01343865
0.008940636999999998
0.004353695999999999
0.001193013
1.0066349999999999E-4
8.464631E-4
0.002292691
0.0032006749999999996
0.0030462499999999995
0.0020728049999999996
8.093382999999999E-4
-4.738872E-4
-0.0014803379999999999
-0.002471193
-0.004388356
-0.006995491
-0.009469198
-0.010980779999999999
-0.01070627
-0.008493416999999998
-0.0050630549999999995
-0.0015005819999999999
9.676841E-4
0.001732168
9.567033E-4
-0.00106821
-0.0031236519999999998
-0.003853627
-0.0028796909999999998
-3.691373E-4
0.0035099539999999996
0.007747638999999999
0.010708159999999998
0.01183522
0.011290629999999998
0.009364555
0.007150854
0.005968098999999999
0.006454224999999999
0.008738991999999998
0.012063279999999997
0.015126049999999999
0.017379399999999996
0.01806987
0.016708419999999998
0.01374728
0.009710883999999998
0.005689784
0.0027661529999999995
0.0012427919999999997
0.001009178
0.0016538229999999998
0.0022151439999999996
0.001872271
1.9232789999999999E-4
-0.002610824
-0.005726216
-0.008068147
-0.009126498
-0.009000976
-0.008050736
-0.006827461
-0.005845225
-0.005108205
-0.004325696
-0.0032215189999999995
-0.0015824289999999998
3.857803E-4
0.0020686659999999994
0.0024945639999999995
8.324704E-4
-0.0027256929999999995
-0.006919227
-0.01003685
-0.011284529999999997
-0.010299179999999998
-0.006815358
-0.0021421479999999995
0.0019086019999999997
0.004034610999999999
0.003462484
4.3714529999999994E-4
-0.004035692999999999
-0.008891480999999998
-0.0130878
-0.015904499999999995
-0.016689259999999997
-0.01538872
-0.01301373
-0.01042826
-0.0077882889999999995
-0.005237558
-0.0027923219999999994
-2.150335E-4
0.0027799199999999995
0.006061227999999999
0.008858061999999998
0.010945
0.01203162
0.01153822
0.009547432999999998
0.007097632
0.005234094
0.004692534
0.0054896599999999995
0.006816175999999999
0.008038566
0.009009283
0.009847631
0.010554469999999998
0.01145274
0.012525559999999998
0.013090959999999999
0.01235778
0.01016506
0.006901377
0.0028249399999999997
-0.0014259499999999998
-0.0048708449999999995
-0.006908677999999999
-0.007644773999999999
-0.007680242
-0.0076227429999999995
-0.008222636999999998
-0.009817094999999998
-0.012050839999999998
-0.014174929999999999
-0.01530143
-0.01477767
-0.012711239999999999
-0.01019904
-0.008215141999999998
-0.00670899
-0.005347088999999999
-0.003965454
-0.0019413829999999999
0.001386563
0.005647383999999999
0.010002729999999998
0.013946579999999998
0.01675682
0.01728695
0.015205629999999998
0.011350069999999999
0.007257172
0.004133171
0.002628002
0.0032219359999999995
0.005800731
0.009023115999999998
0.01086459
0.010058479999999998
0.006371009
4.1862279999999995E-4
-0.0066340109999999996
-0.01325443
-0.01797982
-0.01957748
-0.01750117
-0.01289397
-0.007789485999999999
-0.003501793
-6.833418E-4
-3.243701E-4
-0.0019326379999999998
-0.003864016
-0.004751312
-0.0037157679999999995
-6.253872E-4
0.0035833689999999994
0.007536429
0.010428279999999998
0.01167326
0.011379199999999999
0.010443889999999999
0.009528416
0.008781317
0.007818726
0.006805225999999999
0.006155357
0.005909483
0.006246739
0.007473325
0.009111486999999998
0.009985231999999998
0.009461981999999999
0.007608071999999999
0.004640360999999999
0.001231553
-0.0015896579999999999
-0.0027902399999999994
-0.002231677
-7.884853999999999E-4
5.566567999999999E-4
0.0010813919999999998
2.2765889999999998E-4
-0.002054366
-0.005265049999999999
-0.008766384
-0.01136919
-0.01231715
-0.01124926
-0.008243151
-0.004145104999999999
-5.21752E-5
0.0033534559999999995
0.005952222
0.007532339
0.007645961999999999
0.006075060999999999
0.003076612
-6.097370999999999E-4
-0.004287675999999999
-0.007322799999999999
-0.00931477
-0.01004222
-0.009247184999999998
-0.007112820999999999
-0.004141654
-0.00125183
6.308658999999999E-4
0.001072706
1.0198999999999999E-4
-0.0018137599999999998
-0.0037051459999999994
-0.005012234
-0.005759815
-0.005795001999999999
-0.00586622
-0.00664594
-0.007829378
-0.008865671999999998
-0.009129497
-0.008038736
-0.005475105
-0.001975384
0.0014863149999999998
0.003787326
0.0036732679999999995
9.457266E-4
-0.0037333509999999998
-0.009015684
-0.01296645
-0.01395212
-0.011534629999999999
-0.006783362999999999
-0.0018266349999999998
0.0015955739999999998
0.002785136
0.0017748299999999998
-6.036731E-4
-0.0026803249999999995
-0.003081362
-0.002240804
-0.0012546449999999998
-7.422820999999999E-4
-0.0011783709999999999
-0.002867623
-0.005310777
-0.007403162999999999
-0.008323428
-0.007745807
-0.005916299
-0.003984502
-0.0031084699999999995
-0.004063905
-0.006441214
-0.008836853999999998
-0.010058839999999998
-0.009356922
-0.0064936379999999995
-0.0024701859999999996
0.001157507
0.003121591
0.0029622329999999994
0.001235387
-9.077391999999999E-4
-0.002396394
-0.0024307379999999996
-0.001044389
8.424587999999999E-4
0.002174027
0.002541128
0.0018855389999999999
7.439947E-4
6.682498E-5
1.6871779999999998E-4
0.0010617849999999998
0.0025869239999999996
0.0038259499999999994
0.004236092999999999
0.004059968999999999
0.003530937
0.0029220829999999994
0.002642389
0.0030904559999999997
0.004324077
0.005904658
0.007079352999999999
0.007308200999999999
0.006833455999999999
0.0061012
0.005330253
0.004655704
0.004657501
0.005387140999999999
0.006010471999999999
0.006002577999999999
0.0053683839999999995
0.004097903
0.0023758639999999997
0.0010545159999999997
4.665238999999999E-4
3.293487E-4
2.650483E-4
3.0211089999999995E-4
2.3055279999999997E-4
-5.049772999999999E-4
-0.0012258629999999998
-0.0014225639999999999
-0.0012740089999999998
-0.001029495
-8.262397E-4
-7.235159999999999E-4
-8.577751E-4
-0.001166692
-0.001479512
-0.001599503
-0.0012522309999999997
-5.879076999999998E-4
2.0602199999999996E-4
9.248820999999998E-4
0.001281165
0.001487881
0.0015663309999999998
0.001487335
0.001156347
8.605665E-4
0.0014501499999999999
0.002918439
0.004630319999999999
0.006032424999999999
0.006629371999999999
0.006334907999999999
0.005376877999999999
0.00396956
0.0027667919999999997
0.0020511019999999995
0.001267862
-5.090496999999999E-5
-0.001736389
-0.003295048
-0.004412609
-0.004826349
-0.004629771999999999
-0.0038509979999999996
-0.0023937109999999998
-8.770632999999999E-4
-1.8422419999999996E-4
-6.120667E-4
-0.002080643
-0.004434723999999999
-0.007239424
-0.009479918
-0.01009858
-0.008814104
-0.005919921
-0.0022051099999999997
9.465194999999999E-4
0.0023532779999999994
0.0018025709999999998
-2.677749E-4
-0.002728727
-0.004665833
-0.005348395
-0.004305708999999999
-0.0020627699999999994
6.63754E-4
0.0030047189999999994
0.004436509999999999
0.005327102
0.006021397999999999
0.0070175409999999995
0.008253998
0.008899700999999998
0.008600406
0.007254002
0.004937544999999999
0.002158855
1.0864529999999998E-4
1.1695989999999999E-5
0.0019922359999999997
0.005179035999999999
0.008569364999999999
0.01126224
0.01260212
0.012299179999999998
0.01046513
0.00813595
0.006734108999999999
0.006628952
0.007627560999999999
0.009266261
0.01009186
0.008935562
0.00642604
0.0032098849999999996
5.661808E-5
-0.001593426
-6.665034E-4
0.002036663
0.005250046999999999
0.008059521
0.009496754
0.008907941
0.006579933999999999
0.0035660919999999994
8.502397999999999E-4
-0.001245942
-0.0026411929999999996
-0.0034575049999999996
-0.004129146
-0.004995612
-0.005950528
-0.006934721999999999
-0.007815481
-0.008300262
-0.007999961
-0.006723864999999999
-0.004937961999999999
-0.0032410959999999997
-0.0022031249999999994
-0.001970235
-0.002499425
-0.0032537559999999996
-0.0036259799999999996
-0.0036014789999999994
-0.0033777949999999994
-0.0031909009999999995
-0.003131655
-0.002862661
-0.0021828649999999995
-0.0015724279999999998
-0.00123949
-0.0015203119999999998
-0.00282593
-0.004752928
-0.006926346999999999
-0.00903371
-0.01042023
-0.01008515
-0.007902191
-0.0050521939999999994
-0.0023287779999999997
7.326425E-5
0.001998262
0.0033885899999999995
0.004235868
0.004538072
0.004256998
0.0033707279999999995
0.0018594329999999997
-2.8974629999999995E-4
-0.002724374
-0.005023315999999999
-0.006867347
-0.0076976069999999995
-0.006996949999999999
-0.004737078999999999
-0.0013471819999999997
0.002390558
0.005719824
0.007912484999999999
0.008400807
0.007356074
0.005619834
0.004061207
0.0030069359999999996
0.00246793
0.002778707
0.003728897
0.004184319
0.0035962579999999997
0.0024145899999999994
0.001040968
5.0002309999999995E-5
-3.4184569999999993E-4
-4.3709099999999997E-4
-5.359742E-4
-0.001307008
-0.0030670899999999997
-0.005339957999999999
-0.007609832999999999
-0.009183399
-0.009345429
-0.007711928999999999
-0.00445437
-6.355311999999999E-4
0.0026022559999999994
0.004399297
0.004749343999999999
0.004311458
0.0036686169999999995
0.0036031309999999994
0.0041565659999999996
0.00482838
0.005140067
0.004667702
0.0030794309999999997
4.2966539999999995E-4
-0.002725959
-0.005317416999999999
-0.006387593999999999
-0.005946377
-0.004500138
-0.0026292229999999995
-0.001049684
-2.5721759999999995E-4
-2.088344E-4
-3.9630019999999994E-4
-4.736721999999999E-4
-4.5902669999999993E-4
-5.396283999999999E-4
-9.201109E-4
-0.0014483839999999998
-0.0018769389999999998
-0.001997003
-0.0014463969999999999
-5.7942949999999994E-5
0.002029262
0.004267198
0.006012953
0.006803975999999999
0.006478299999999999
0.005504997999999999
0.004345080999999999
0.0036052389999999997
0.0035692369999999994
0.003998288
0.004686208999999999
0.005236744999999999
0.005213987
0.004509501
0.0030441529999999995
0.0014285589999999998
1.3818639999999997E-4
-7.231561E-4
-0.001319579
-0.002015767
-0.003031789
-0.004370893
-0.005517291
-0.005769536
-0.0052324649999999995
-0.003983152
-0.00218709
-6.232068E-4
3.379977E-4
3.1934959999999996E-4
-0.001267948
-0.0039040079999999996
-0.006333438999999999
-0.007948134
-0.008296605
-0.007172717
-0.0053077129999999995
-0.0036366649999999994
-0.002994502
-0.003986833
-0.006207264999999999
-0.008092004
-0.008258454
-0.006909885999999999
-0.004440882999999999
-9.842067E-4
0.002557466
0.004780855
0.004991762
0.0036406789999999995
0.0017503249999999998
3.6161439999999993E-4
6.70179E-5
0.001061452
0.002824566
0.004620145
0.005993764999999999
0.006270697999999999
0.005462907
0.004197837
0.00290121
0.002230837
0.002516626
0.0034810989999999997
0.004400802
0.004810629999999999
0.004601133
0.003491087
0.00162949
2.1087669999999996E-5
-4.8331519999999996E-4
6.339107E-4
0.0033117399999999996
0.006593180999999999
0.009318545
0.010904439999999998
0.01112978
0.010160829999999997
0.008554041
0.007079821
0.006023928
0.005245303999999999
0.004533575999999999
0.0037394669999999994
0.0030987009999999997
0.0027224879999999995
0.002668719
0.0032045299999999997
0.004014386
0.0043779019999999995
0.004062143999999999
0.0030955699999999997
0.001231172
-0.001189011
-0.003241567
-0.004227063
-0.003917446
-0.002499789
-4.893619999999999E-4
0.00134189
0.0024672379999999996
0.00280002
0.0022822289999999998
0.0013456669999999998
5.756195E-4
2.0609199999999998E-4
2.1357529999999997E-4
-9.146969999999999E-7
-7.627522999999999E-4
-0.0019472099999999998
-0.0034696859999999996
-0.00487204
-0.005689540999999999
-0.006064062999999999
-0.006247063
-0.00648275
-0.0071784729999999995
-0.008242344
-0.009078164
-0.009465762
-0.00955864
-0.009051095
-0.008047548
-0.006826949999999999
-0.005783550999999999
-0.00483476
-0.0036321059999999995
-0.0025269529999999998
-0.0017282099999999998
-0.0012064
-0.001062807
-0.0012277879999999998
-0.0014621979999999998
-0.0016486769999999999
-0.00162006
-9.843873E-4
1.887437E-4
0.0014760389999999997
0.0024990929999999995
0.003131379
0.0034728919999999996
0.0033602199999999997
0.002886353
0.0028486809999999996
0.0033148749999999997
0.0037960919999999996
0.004453467
0.005381471
0.0061678029999999995
0.006332341
0.006060062
0.005682318999999999
0.005223816
0.00500064
0.004823486
0.004101767
0.0027351299999999997
7.904071999999999E-4
-0.001554202
-0.003967489
-0.005587907
-0.005939959999999999
-0.005184011999999999
-0.003865596
-0.0028810859999999997
-0.002880904
-0.0038704879999999996
-0.005231038
-0.006139954
-0.006158631
-0.005161239999999999
-0.0036610869999999995
-0.002056371
-7.101764999999999E-4
-6.048219E-4
-0.0019375629999999998
-0.004127124
-0.006247096999999999
-0.0072020899999999995
-0.006533734
-0.004729288
-0.0023179719999999997
-2.8008449999999995E-4
1.783624E-4
-7.648203E-4
-0.0023833119999999994
-0.003710911
-0.004263950999999999
-0.003962383
-0.002985824
-0.0019237499999999997
-0.0016423019999999998
-0.0025597049999999994
-0.004337499
-0.006299036
-0.007733384999999999
-0.008373617999999998
-0.008310556
-0.007651101999999999
-0.006460099999999999
-0.005028092
-0.003904406
-0.003294571
-0.0028815979999999995
-0.0020607689999999996
-9.367527999999998E-4
2.1954029999999997E-4
0.00125529
0.001934617
0.002028707
0.0018817939999999998
0.002064466
0.0025560669999999995
0.003309003
0.004316995999999999
0.005425568
0.0061280679999999995
0.006163992
0.005483025
0.004215152999999999
0.0027230019999999995
0.0015910489999999998
8.64766E-4
5.338351E-4
4.951181E-4
-4.739272999999999E-5
-0.001199145
-0.0024305889999999995
-0.0036033739999999995
-0.004314768
-0.0041577689999999995
-0.0030365659999999997
-0.001041631
0.001339679
0.003450192
0.004604485
0.004764357
0.004170461999999999
0.003307111
0.002681402
0.0024147699999999997
0.0026450169999999995
0.003369382
0.004330389
0.005174773999999999
0.005319407
0.004756144
0.004085394
0.00369567
0.0035279949999999995
0.0034370249999999994
0.003335559
0.003195315
0.002896468
0.002260427
0.0014235789999999997
0.0012716979999999997
0.0018920439999999998
0.0024670039999999996
0.002686306
0.002988606
0.003156036
0.002533016
0.0013999549999999998
1.721447E-4
-8.115538E-4
-0.001218382
-0.001438434
-0.00190154
-0.0024795519999999995
-0.0032607979999999996
-0.003969903
-0.004279956
-0.0038964649999999996
-0.0027889009999999994
-0.00128838
2.882704E-4
0.001778762
0.0030398119999999994
0.0037808419999999995
0.003873589
0.0036512699999999994
0.0035290089999999996
0.0036639559999999995
0.004019734
0.004481137999999999
0.004761167
0.004763966999999999
0.004513222
0.0038785599999999996
0.003023726
0.0021583379999999997
0.0015822509999999998
0.0013553409999999997
0.001302044
0.0014673789999999998
0.0015734899999999999
0.001344359
6.969639999999999E-4
-3.596106E-4
-0.0017692359999999998
-0.0034367439999999994
-0.0050235969999999994
-0.006145075999999999
-0.006826606999999999
-0.007210514999999999
-0.007158962
-0.006794379
-0.006304131
-0.005675437999999999
-0.004914273
-0.004138177
-0.003297412
-0.002761836
-0.002746028
-0.0028545929999999995
-0.0029326219999999997
-0.003049325
-0.0030524679999999996
-0.002708935
-0.0019208199999999997
-8.705431E-4
2.352129E-4
0.001151915
0.0018120229999999998
0.002129038
0.0017132079999999997
9.263427999999999E-4
6.714608999999999E-4
0.0012031779999999998
0.0023077459999999994
0.003516442
0.004603191999999999
0.005260171
0.005268596999999999
0.004094579
0.001746408
-7.899236999999999E-4
-0.002970383
-0.004333644999999999
-0.004222972
-0.0026280439999999995
-2.483234E-5
0.0027096689999999996
0.004977285
0.006425217999999999
0.007211557999999999
0.0073614629999999995
0.006905986
0.006491439999999999
0.006175123
0.005860017999999999
0.005788153999999999
0.006049087999999999
0.006538527
0.00670709
0.006237079
0.005343015
0.004102061
0.002806135
0.0017061089999999997
8.190946999999999E-4
1.776299E-4
4.385814E-5
5.851734E-4
0.0013627439999999997
0.001831433
0.0019779819999999997
0.001678889
7.805861999999998E-4
-5.584537E-4
-0.0023436259999999997
-0.004642664
-0.007046296999999999
-0.008770817999999998
-0.009131221
-0.007967371999999999
-0.005595545
-0.0028629789999999994
-3.141646E-4
0.0012949699999999999
0.00130145
2.637281E-4
-8.679724999999999E-4
-0.0014073439999999998
-0.001094667
-1.6436179999999997E-4
7.777050999999999E-4
9.352108999999999E-4
-2.0579549999999997E-4
-0.002443188
-0.0053048489999999995
-0.008009961
-0.009601
-0.009565604999999998
-0.008037333
-0.005694674999999999
-0.003437291
-0.0019375769999999998
-0.001965533
-0.003288435
-0.004771232
-0.0062265079999999995
-0.007633876999999999
-0.008465246
-0.008588476
-0.00808998
-0.0072348379999999995
-0.006436837999999999
-0.005597036
-0.004565472999999999
-0.003510221
-0.0025868179999999994
-0.0019102389999999998
-0.002047387
-0.003110259
-0.004701946999999999
-0.006295605
-0.006887517999999999
-0.005797455
-0.0033251929999999997
-3.27849E-4
0.0021397409999999997
0.003417564
0.0035208989999999996
0.0026960109999999995
0.0013476729999999998
4.360372E-4
5.531866E-4
0.001305684
0.0020754139999999994
0.002520139
0.00241122
0.001913081
0.0013403989999999997
8.862372999999999E-4
5.268502E-4
3.760678E-4
8.138429E-4
0.0016308389999999998
0.002572112
0.003460039
0.00398226
0.004084902
0.004027716999999999
0.004140276
0.004387827
0.0049122079999999995
0.00613278
0.007539775
0.008489971
0.008974331
0.008921162
0.008178081999999998
0.006807238999999999
0.005018879999999999
0.0034086129999999996
0.002296384
0.001753501
0.0020025129999999996
0.0025401609999999995
0.003049337
0.0034306619999999997
0.0033526639999999996
0.002401182
5.500403999999999E-4
-0.0016101699999999997
-0.0035089539999999995
-0.004328154
-0.0035468459999999998
-0.001635278
0.001057589
0.004314356
0.006819862999999999
0.007273044999999999
0.005589025
0.0024977129999999995
-0.001191692
-0.004613579
-0.006623764999999999
-0.006545282999999999
-0.004698821
-0.0017733329999999998
0.0014369659999999998
0.0036148109999999995
0.004000173
0.00293599
8.867697999999999E-4
-0.0014613739999999999
-0.0032529329999999995
-0.0039285019999999995
-0.003154207
-0.0014794199999999997
1.3340579999999996E-4
0.001276651
0.001673359
9.167238E-4
-8.059431999999999E-4
-0.002681347
-0.0038281289999999996
-0.0038569879999999996
-0.003204623
-0.002388068
-0.001722513
-0.0014052149999999998
-0.001488558
-0.0015449229999999997
-0.0010735979999999998
-1.0504149999999998E-4
0.0012537249999999998
0.0027269809999999994
0.0036445729999999995
0.0037251189999999994
0.0031447479999999997
0.002157954
0.0012925559999999998
6.575278E-4
2.0342209999999998E-4
-1.430209E-4
-4.0568839999999994E-4
-7.175037E-4
-0.00108717
-0.001012951
-5.219186E-4
2.1186519999999996E-5
4.8563959999999994E-4
9.058515E-4
0.001197212
0.0014881229999999998
0.0019769269999999994
0.002487082
0.0026659389999999995
0.002285387
0.0014344559999999998
2.1254429999999997E-4
-0.001495712
-0.0033404619999999998
-0.004864151
-0.005554669
-0.005228164
-0.004136281
-0.002670261
-0.0011876459999999999
8.126904E-5
7.772647999999999E-4
8.483405999999999E-4
4.4158559999999997E-4
-1.107398E-4
-3.36899E-4
-3.4416479999999994E-4
-3.1434629999999996E-4
-2.9613929999999994E-4
-6.232684E-4
-0.001430761
-0.002318208
-0.0029168499999999995
-0.002779897
-0.0015656879999999998
2.924723E-4
0.001927868
0.00267046
0.002049895
3.248049E-4
-0.00183494
-0.0038534849999999994
-0.005218015
-0.005429570999999999
-0.004501285999999999
-0.002969557
-0.001435596
-6.087123999999999E-5
9.923714E-4
0.001325906
9.625710999999999E-4
-6.518876E-5
-0.0015927999999999997
-0.002889881
-0.0035691569999999995
-0.003723529
-0.003435115
-0.0029486019999999994
-0.002568096
-0.0027031359999999996
-0.0034967739999999994
-0.004690374
-0.005609797
-0.005755135999999999
-0.005117461999999999
-0.0038429099999999997
-0.002014204
1.1671949999999999E-4
0.001809228
0.0026029899999999995
0.002694125
0.002412733
0.0021688589999999995
0.002017312
0.002054367
0.002616966
0.0031302829999999998
0.003278295
0.003146297
0.00297087
0.0030158339999999994
0.0029983409999999994
0.002718686
0.0024200929999999995
0.002313829
0.00205625
0.001321653
9.754702999999998E-5
-9.352059E-4
-0.0011776329999999998
-9.894812999999998E-4
-7.785009E-4
-7.390191999999999E-4
-0.00107976
-0.0018508789999999997
-0.0029353889999999996
-0.004229173
-0.005414782
-0.006204577
-0.006245072
-0.005574356
-0.004679031
-0.0036813049999999997
-0.002493905
-0.001467677
-7.674012999999999E-4
3.091379E-5
7.841566E-4
0.0010932709999999998
8.380066999999999E-4
-8.253594999999998E-5
-0.001351743
-0.0023773749999999997
-0.002743105
-0.002438954
-0.001529999
-7.588765E-5
0.0015783769999999997
0.003245336
0.004660462999999999
0.005172901999999999
0.004896233999999999
0.0046634089999999994
0.004812096
0.005134143
0.005417408999999999
0.005311364
0.004735063999999999
0.004021141
0.0033718449999999996
0.00279867
0.002291041
0.001918727
0.0016046049999999998
0.001603716
0.0017174719999999998
0.002040427
0.002765982
0.0035244959999999994
0.004229697
0.004801211999999999
0.004817514
0.004315759
0.0038193809999999997
0.0035600169999999995
0.0033930829999999994
0.00319161
0.002913222
0.002908066
0.0032734839999999997
0.0035320639999999997
0.0037898189999999994
0.004338115
0.005039884
0.005388818
0.005530247
0.0057155619999999996
0.005723590999999999
0.005447895999999999
0.004863084
0.003936489
0.0031477259999999996
0.0030378359999999995
0.003769477
0.004904248999999999
0.005704274999999999
0.005443143999999999
0.004140445999999999
0.002487146
9.397965E-4
-3.064871E-4
-0.001047158
-9.909278E-4
-4.5683939999999993E-4
-1.840109E-4
-2.3986729999999997E-4
-4.6695659999999997E-4
-0.001004356
-0.001483864
-0.001540936
-0.0012795879999999997
-8.061132999999999E-4
-3.26042E-4
-1.437463E-4
-4.488823E-4
-9.772976999999998E-4
-0.0013715339999999998
-0.0016639349999999998
-0.0021435939999999995
-0.002977913
-0.004143974999999999
-0.005453620999999999
-0.006545006999999999
-0.007179196
-0.007175928
-0.006155576999999999
-0.004308364
-0.0021458289999999997
-1.624935E-4
0.001093411
0.001585549
0.0016336739999999999
0.001575191
0.001670051
0.001895084
0.0019211969999999997
0.0017635399999999999
0.001788733
0.002013329
0.0023079539999999996
0.002720754
0.0032883189999999996
0.004399975
0.00600305
0.007339656
0.008240353
0.008421228
0.007622315999999999
0.005904069999999999
0.003997754
0.002294325
6.769673999999999E-4
-6.340604999999999E-4
-0.001358335
-0.001404218
-0.001230614
-0.001072864
-8.867973E-4
-0.0011148469999999998
-0.001581457
-0.001980303
-0.002311625
-0.002389375
-0.0023814209999999995
-0.002256478
-0.002111256
-0.002334963
-0.002922969
-0.0037624479999999994
-0.004370469
-0.004659577
-0.005029999999999999
-0.005204821
-0.005075850999999999
-0.004871943
-0.004866674999999999
-0.005024674999999999
-0.005173324
-0.00558811
-0.006124215999999999
-0.006569838999999999
-0.006900846
-0.007192241
-0.007321549
-0.006701652
-0.005440076
-0.0041609609999999995
-0.0032762329999999995
-0.002863133
-0.00259026
-0.0019953189999999997
-0.001036927
-1.6747639999999998E-4
5.06931E-4
0.0011960989999999997
0.0018544459999999998
0.002706447
0.003712004
0.004480312999999999
0.004747276
0.004389879
0.003441864
0.0021192029999999996
8.321008999999999E-4
-3.055283E-4
-0.0012301839999999998
-0.001579052
-0.0013797089999999998
-8.472311999999999E-4
-1.8396469999999997E-4
4.2834359999999996E-4
7.131938E-4
4.436210999999999E-4
-1.6647589999999998E-4
-5.156948E-4
-4.140603999999999E-4
5.572264E-5
7.81672E-4
0.001479503
0.0019654739999999996
0.0019412539999999997
0.001157381
1.52384E-4
-5.084967999999999E-4
-6.179717999999999E-4
-3.596770999999999E-5
0.0011382699999999998
0.002460076
0.003405351
0.0035333229999999997
0.003055967
0.0024867759999999996
0.002043263
0.001958011
0.002245838
0.002780278
0.0032174059999999995
0.003106379
0.0023430839999999996
0.0013119549999999998
6.247319E-4
3.907114999999999E-4
2.9186419999999993E-4
3.917641E-4
8.244760999999999E-4
0.0012939759999999999
0.0016809529999999998
0.0019191099999999997
0.0019272889999999998
0.001454636
4.790307999999999E-4
-4.707297E-4
-0.001556406
-0.002878737
-0.004040926999999999
-0.004906721
-0.005530497999999999
-0.005722433
-0.005357115
-0.004539493999999999
-0.0034501169999999995
-0.0023723979999999995
-0.0014851329999999998
-0.001093195
-0.001448063
-0.002185779
-0.0029506429999999998
-0.0036351369999999997
-0.004118356999999999
-0.0046147359999999995
-0.005149626
-0.005689771
-0.006095434999999999
-0.005988896999999999
-0.005409860999999999
-0.004644044
-0.004035642
-0.0036975019999999996
-0.0036171909999999996
-0.003825084
-0.004137477
-0.004359453
-0.00442151
-0.004239919
-0.0034977599999999995
-0.002395163
-0.0013923859999999998
-4.5153029999999995E-4
2.765380999999999E-4
4.380708E-4
4.433432E-4
7.026439999999999E-4
0.0011497639999999997
0.001724725
0.002499546
0.002855818
0.002307296
0.0012017979999999998
1.367447E-4
-5.132941E-4
-5.749855E-4
1.615216E-4
0.001652972
0.003313843
0.004481859999999999
0.004988066
0.005383105
0.005962498999999999
0.006600167999999999
0.0074125599999999995
0.008429837999999999
0.009297435
0.009578659
0.009324222999999998
0.008662393
0.007664492999999999
0.006609670999999999
0.00602614
0.005844862
0.005833563
0.005698402
0.0051904149999999994
0.004220011
0.003069381
0.001966645
9.92745E-4
1.917347E-4
-3.312368E-4
-7.580132999999999E-4
-0.0011033199999999999
-0.0013684399999999998
-0.0015638069999999997
-0.0018355649999999997
-0.0017051399999999997
-8.962850999999998E-4
-4.6574899999999995E-4
-7.990920999999999E-4
-0.0014240709999999998
-0.002102954
-0.002775666
-0.0031735639999999994
-0.003131556
-0.002707177
-0.0018188729999999997
-9.203664999999999E-4
-5.084008E-4
-5.173715E-4
-5.713793999999999E-4
-5.106614E-4
-4.061650999999999E-4
-3.3405489999999995E-4
-4.6518469999999996E-4
-9.914482E-4
-0.002117845
-0.0033686289999999997
-0.004410899
-0.004968210999999999
-0.005264661
-0.005466358999999999
-0.005528815
-0.005647054
-0.005774816999999999
-0.006009553999999999
-0.006677005
-0.0076206419999999995
-0.008291049
-0.008425319999999998
-0.008054392999999998
-0.0072519229999999995
-0.006234608
-0.005213199
-0.004535423
-0.004068399
-0.0035498369999999997
-0.0030240059999999997
-0.002523702
-0.0018968159999999997
-0.001183869
-2.2150369999999998E-4
8.157949999999999E-4
0.001770437
0.0024911999999999994
0.002964756
0.003252935
0.0029029469999999995
0.001951871
8.517759999999999E-4
-1.417204E-4
-9.059579999999999E-4
-0.001526494
-0.001987716
-0.0020520749999999996
-0.001820262
-0.001589694
-0.0014184779999999997
-0.0010930689999999997
-5.938395E-4
-1.1185199999999999E-4
3.604405E-4
6.213047999999999E-4
3.5629479999999995E-4
-3.063145E-4
-0.0011018719999999998
-0.0019102949999999998
-0.0025083839999999994
-0.0024550929999999998
-0.0016548609999999999
-6.151786999999999E-4
4.166242E-5
3.3535809999999994E-4
5.355270999999999E-4
7.312196E-4
9.917822E-4
0.0014268579999999998
0.002180739
0.0032816799999999995
0.00414384
0.004238275
0.0033454909999999995
0.0014494719999999998
-8.698915E-4
-0.002777615
-0.0037557349999999996
-0.003734874
-0.002816616
-0.001375689
-1.03981E-5
8.772379999999999E-4
9.440585999999999E-4
4.009968E-4
-8.552340999999999E-5
-9.19167E-5
4.1732339999999996E-4
0.001244373
0.00229429
0.0032794
0.0037904029999999995
0.0035635339999999997
0.0026455019999999997
0.001711681
0.001200773
9.487388E-4
8.524643999999999E-4
7.522459999999999E-4
5.046981E-4
1.147463E-4
-4.621292E-4
-9.657809E-4
-9.90463E-4
-6.455513999999999E-4
-2.0379649999999997E-4
3.051476E-4
8.071351E-4
0.001088199
0.0013029679999999998
0.0015963499999999999
0.001990495
0.0025634069999999998
0.003406446
0.004277831999999999
0.004864738999999999
0.005096128
0.004998727999999999
0.004554727999999999
0.003926914
0.0034655849999999998
0.0033325489999999998
0.0035289319999999994
0.00376642
0.0036624359999999994
0.0032037109999999997
0.002497682
0.0017273309999999997
0.00109798
0.0010748199999999998
0.0016954719999999997
0.0025561349999999997
0.0031672659999999997
0.0033647799999999995
0.0031254409999999996
0.0024635189999999995
0.0015647129999999997
7.585355E-4
3.154572E-4
2.729605E-4
4.347771999999999E-4
5.519501999999999E-4
3.266596E-4
-2.3705409999999998E-4
-6.372919999999999E-4
-8.190939999999999E-4
-7.076021E-4
-1.021099E-4
4.4921999999999996E-4
6.625986E-4
7.207852999999999E-4
5.302795E-4
2.694404999999999E-4
4.2163289999999996E-5
-1.359354E-4
-4.7534459999999994E-5
3.028578E-4
5.205369999999998E-4
6.020749E-4
7.593878999999999E-4
8.413203E-4
7.192019999999998E-4
5.270234E-4
3.2340269999999995E-4
5.516229999999999E-5
-2.3720789999999998E-4
-5.113581999999999E-4
-7.292828E-4
-8.164895E-4
-8.035197999999999E-4
-7.122246999999999E-4
-5.650834E-4
-5.21895E-4
-6.060151E-4
-7.34614E-4
-8.639701999999999E-4
-8.003422999999999E-4
-4.588705E-4
1.0499629999999999E-4
7.890383E-4
0.00131922
0.0014749149999999998
0.0012434969999999999
8.125768999999998E-4
3.6750169999999997E-4
1.0582289999999999E-4
