2.75196E-4
2.72775E-4
2.61896E-4
2.23647E-4
1.50546E-4
4.90429E-5
-1.07285E-4
-2.92961E-4
-4.87252E-4
-6.79616E-4
-8.61572E-4
-9.78122E-4
-0.00107777
-0.00115557
-0.00119621
-0.0012087
-0.00117218
-0.00110193
-0.00100341
-8.73424E-4
-7.12263E-4
-5.5371E-4
-3.7996E-4
-8.59572E-5
1.86557E-4
3.0277E-4
3.21487E-4
2.87347E-4
1.63126E-4
1.09913E-5
-1.15165E-4
-2.52494E-4
-4.07075E-4
-5.23155E-4
-6.03054E-4
-5.69437E-4
-5.79354E-4
-6.66724E-4
-5.99704E-4
-4.07728E-4
1.97798E-5
3.85469E-4
4.18181E-4
3.87975E-4
4.27666E-4
7.31037E-4
0.00104892
0.00111248
0.00120289
0.0014635
0.00201486
0.00266523
0.00325667
0.00366663
0.00357276
0.00327402
0.00303087
0.00316732
0.00349243
0.0038227
0.00392421
0.00363193
0.00305275
0.00235518
0.00131922
1.03201E-5
-0.00139393
-0.00228526
-0.00272696
-0.00274398
-0.00286709
-0.00338193
-0.00442113
-0.00511589
-0.00440826
-0.00342443
-0.00256215
-0.00206023
-0.00193542
-0.0019716
-0.00182272
-0.00113763
-4.73176E-5
0.001232
0.00256285
0.00381133
0.00449321
0.0048749
0.00474336
0.00394852
0.00289527
0.00222551
0.00177214
0.00131568
7.10293E-4
-2.21059E-4
-0.00228676
-0.00462549
-0.00614
-0.00668267
-0.00650282
-0.00531423
-0.00401045
-0.00295202
-0.00202386
-0.00138505
-0.0010809
-7.0155E-4
5.50458E-4
0.00238815
0.00517204
0.00756652
0.00883987
0.00920467
0.00893137
0.00827347
0.00764302
0.00717983
0.0067093
0.0062268
0.0057258
0.00510849
0.00415094
0.0028478
0.00136927
-1.06946E-4
-0.001375
-0.00207467
-0.00236602
-0.00252903
-0.00286167
-0.00318788
-0.0032478
-0.00300227
-0.00238178
-0.00153441
-6.64213E-4
2.21513E-4
0.00103652
0.00158873
0.00194295
0.0021291
0.00178474
0.00113467
3.54022E-4
-1.00586E-4
4.67784E-6
4.91872E-4
0.00102495
0.00140871
0.00179085
0.00211418
0.00202536
0.00149689
2.34631E-4
-0.00129065
-0.00296055
-0.00382626
-0.00383637
-0.00327416
-0.00265971
-0.00199454
-8.86272E-4
6.2979E-4
0.00187845
0.00292447
0.00393777
0.00491973
0.00581462
0.00636806
0.00663937
0.0066191
0.00627785
0.00534931
0.00404091
0.00231912
1.10972E-4
-0.00272798
-0.00694323
-0.0120219
-0.0169644
-0.0196855
-0.0206617
-0.0201086
-0.0182408
-0.0159223
-0.0145335
-0.0133538
-0.0118926
-0.010383
-0.00857814
-0.0058645
-0.00291343
-4.07124E-4
0.00161986
0.00248487
0.00264565
0.00250704
0.00174369
8.28246E-4
2.11951E-4
-4.99114E-4
-0.00147194
-0.00265438
-0.00381895
-0.00486141
-0.00620059
-0.00787108
-0.00902322
-0.00974469
-0.010198
-0.0108196
-0.0116544
-0.0120808
-0.0121569
-0.0113315
-0.00984898
-0.00780501
-0.00521711
-0.00241453
1.42501E-4
0.00249166
0.00454369
0.00603819
0.00686538
0.00730788
0.00758578
0.00784706
0.00816694
0.00853105
0.00854728
0.00823217
0.00767048
0.00712203
0.0068058
0.00628625
0.00555258
0.00480465
0.00431558
0.00442537
0.00456241
0.00447244
0.00404951
0.00345909
0.00265204
0.00199814
0.00184064
0.00261059
0.00357852
0.00393111
0.0042221
0.00459255
0.00496088
0.00534669
0.00572486
0.00593232
0.00571201
0.00522837
0.00447032
0.00333822
0.00234138
0.00187145
0.00131648
1.25269E-4
-0.00299519
-0.00674544
-0.0100951
-0.0137204
-0.0173964
-0.0198161
-0.0215477
-0.0222336
-0.0212493
-0.0193511
-0.0173675
-0.01567
-0.0144187
-0.0130268
-0.0111771
-0.00871343
-0.00600905
-0.00292106
4.9252E-4
0.0041744
0.00840368
0.0127616
0.0163195
0.0190826
0.0195625
0.0189538
0.0170209
0.0140098
0.0111981
0.0106594
0.0110634
0.0123797
0.0137707
0.0146694
0.0152964
0.0157477
0.0160108
0.0160136
0.0156942
0.0147734
0.0135785
0.0122066
0.0108369
0.0098236
0.0103039
0.011522
0.0136036
0.0153297
0.0160152
0.0160756
0.0156129
0.0141821
0.0127197
0.0116373
0.0107009
0.00966387
0.00760362
0.00522281
0.00245851
-0.00105125
-0.00499633
-0.0092677
-0.0130588
-0.0160433
-0.018409
-0.020354
-0.021409
-0.0212508
-0.0202252
-0.0180792
-0.0155282
-0.0131179
-0.010672
-0.00811373
-0.005052
-0.00199649
-7.83919E-4
-3.05931E-4
-5.18448E-4
-0.00152718
-0.00308632
-0.00450807
-0.00567428
-0.00688459
-0.00878084
-0.0111325
-0.0131339
-0.0146917
-0.0152011
-0.0140149
-0.011892
-0.0101967
-0.00923918
-0.00950594
-0.0100194
-0.0103123
-0.00980113
-0.00862692
-0.00669733
-0.00453851
-0.00226197
3.37387E-4
0.00332682
0.00754447
0.0112333
0.0129093
0.013635
0.0133065
0.0116034
0.00969908
0.00826823
0.00714539
0.00635873
0.00562657
0.00482282
0.0038961
0.00238222
1.45967E-4
-0.00182647
-0.00318519
-0.0036244
-0.00347589
-0.00296506
-0.00162077
-2.34885E-4
3.03329E-4
1.22557E-4
-8.13152E-4
-0.00207052
-0.00282914
-0.00228372
-0.00101333
4.46165E-4
0.00184884
0.00287989
0.00312537
0.00370788
0.0048762
0.00540539
0.00542217
0.00435582
0.00178082
-0.00246084
-0.00723136
-0.0113051
-0.0134933
-0.0128299
-0.0103516
-0.00723731
-0.00433153
-0.00234234
-6.07558E-4
0.00110556
0.00287835
0.00469834
0.00658392
0.00830117
0.0096256
0.0110697
0.0129113
0.0160408
0.0189946
0.0200322
0.0202045
0.0196366
0.0181902
0.0164663
0.0142134
0.011784
0.00952741
0.00796331
0.00679297
0.00582738
0.00498235
0.0041215
0.0029586
0.00168351
4.35628E-4
-0.00101417
-0.00260715
-0.00415568
-0.00528564
-0.00543083
-0.0051437
-0.00486908
-0.00495893
-0.0048231
-0.00386929
-0.00246105
-9.89182E-4
1.18285E-5
5.78656E-4
5.83423E-4
1.66505E-4
-5.11757E-4
-6.74995E-4
-5.07256E-4
-3.72149E-4
-5.62236E-4
-0.00116098
-0.00163059
-0.00197341
-0.00231844
-0.00253896
-0.00268741
-0.00309312
-0.00375538
-0.00472439
-0.0056446
-0.00635503
-0.006697
-0.00629995
-0.00436544
-0.0027526
-0.00211996
-0.00278703
-0.00417557
-0.0057254
-0.00583836
-0.00451535
-0.00199133
5.21035E-4
0.00242806
0.00327977
0.0032291
0.00260506
0.00205867
0.00228788
0.00287033
0.00347461
0.00380267
0.00413832
0.00485327
0.00603355
0.00736584
0.00816689
0.00838036
0.00749321
0.0050161
0.00175014
-7.86933E-4
-0.00220714
-0.00254749
-0.00239392
-0.00209136
-0.00197906
-0.00220686
-0.00273898
-0.00333316
-0.00374746
-0.00339855
-0.00307051
-0.00319393
-0.00355821
-0.00415165
-0.0058305
-0.00823387
-0.0109227
-0.0127903
-0.013631
-0.0131392
-0.012343
-0.0117351
-0.0112364
-0.0108962
-0.0107203
-0.0104106
-0.00975397
-0.00818168
-0.0056608
-0.00182794
0.00179666
0.00457008
0.00670181
0.00870727
0.0111545
0.0134409
0.0152651
0.0163122
0.0166851
0.0162997
0.0157867
0.0152465
0.014776
0.0144089
0.0139251
0.0131609
0.0116287
0.00894
0.00576693
0.00358262
0.00223838
0.00152393
0.00119046
7.64545E-4
1.30032E-4
1.4432E-4
7.58723E-4
0.00157238
0.0022848
0.00259012
0.00287076
0.00324877
0.00371457
0.00437486
0.00540108
0.00627232
0.0065025
0.00503719
0.00241962
-0.00142057
-0.00551434
-0.00943216
-0.0134203
-0.0177009
-0.0218486
-0.0235838
-0.0247474
-0.0259184
-0.026175
-0.0256333
-0.0237955
-0.0220297
-0.0209039
-0.0203881
-0.0202971
-0.0200437
-0.0190275
-0.0170683
-0.014727
-0.0121988
-0.00936375
-0.00654442
-0.00389726
-0.0015946
3.76208E-4
0.00191342
0.00293943
0.00301729
0.00244666
0.00152743
-1.18177E-4
-0.00189348
-0.00321188
-0.00426628
-0.00532282
-0.00668918
-0.00790322
-0.00854665
-0.00798329
-0.0064257
-0.00355823
-3.85585E-4
0.00255941
0.00459583
0.00572001
0.00604705
0.00639159
0.00709643
0.0084497
0.0102646
0.0118605
0.0131356
0.0137925
0.0138123
0.0135109
0.0131985
0.013107
0.0133976
0.0133202
0.0125546
0.0102317
0.00767502
0.00540639
0.00314428
0.00136236
9.43554E-4
0.00169424
0.00289529
0.00388315
0.00479128
0.00580456
0.00668902
0.00730189
0.00735705
0.00700936
0.00602661
0.00425471
0.00203102
-3.48242E-4
-0.00240715
-0.00358405
-0.0040029
-0.00395462
-0.003318
-0.00246881
-0.00148679
-1.97558E-4
0.00125594
0.00275743
0.00487316
0.00771434
0.00982738
0.0111865
0.0122076
0.0135725
0.0158577
0.0181793
0.0203835
0.023156
0.026027
0.0282689
0.0301233
0.0316935
0.0331579
0.0345375
0.0355505
0.0360611
0.0356702
0.0348092
0.0336078
0.0323025
0.0311239
0.0299844
0.0282949
0.0259602
0.0223084
0.0181607
0.0140103
0.00927034
0.00425067
-5.8351E-4
-0.00415102
-0.00669245
-0.00876132
-0.0107582
-0.0126587
-0.0141527
-0.0154839
-0.0172488
-0.0188832
-0.0201119
-0.0213165
-0.0226371
-0.0240757
-0.0251815
-0.0260164
-0.0268727
-0.0281774
-0.0304706
-0.0326317
-0.0341505
-0.0343757
-0.0340284
-0.033443
-0.0330232
-0.0327742
-0.0326156
-0.0327913
-0.0334605
-0.0347871
-0.0361214
-0.0371027
-0.0381465
-0.0397298
-0.0433802
-0.0468778
-0.04935
-0.052086
-0.0546389
-0.0556121
-0.0537087
-0.0500904
-0.0464799
-0.0435793
-0.0422537
-0.0426889
-0.0439881
-0.0449802
-0.0449868
-0.04284
-0.039894
-0.036804
-0.0326243
-0.0282154
-0.0245054
-0.0214707
-0.0193271
-0.0182388
-0.0178749
-0.0199694
-0.0227001
-0.02494
-0.0261393
-0.0265542
-0.0261732
-0.0256121
-0.0252998
-0.0255775
-0.0256723
-0.025214
-0.0246053
-0.0236592
-0.0213149
-0.0181759
-0.0137688
-0.00901112
-0.00440458
8.00363E-4
0.00612138
0.0109785
0.015443
0.0192409
0.0224642
0.0251555
0.0273931
0.029468
0.0319016
0.0355412
0.0421867
0.0500962
0.0581148
0.0669331
0.0759683
0.0830901
0.089743
0.0993926
0.109359
0.116604
0.122618
0.124036
0.124032
0.122739
0.120507
0.118259
0.115551
0.112573
0.109563
0.106909
0.104578
0.102436
0.100108
0.0964133
0.0920427
0.0864034
0.0786065
0.0682258
0.0542719
0.0404635
0.0277185
0.0164886
0.00957965
0.00482406
0.00122317
-0.00261229
-0.00771087
-0.014371
-0.0201576
-0.0240128
-0.0291066
-0.0350354
-0.0409152
-0.0523447
-0.0665124
-0.0759015
-0.0816557
-0.0867198
-0.0897342
-0.0916907
-0.0930871
-0.090954
-0.0877776
-0.0841646
-0.0798519
-0.0750937
-0.0692848
-0.0641175
-0.0645558
-0.069736
-0.0764798
-0.0741256
-0.0686816
-0.0618045
-0.0520486
-0.0442425
-0.0461644
-0.0652447
-0.088561
-0.101115
-0.0982186
-0.0845714
-0.0653416
-0.0376147
-0.013531
-0.0135942
-0.029758
-0.0389064
-0.0267912
0.002604
0.0352627
0.0474542
0.0538704
0.0644533
0.0673453
0.0563249
0.0457803
0.0627464
0.0875007
0.0919506
0.0758387
0.0649335
0.0721314
0.0795
0.0791571
0.0767185
0.0750651
0.0731493
0.0707294
0.0681269
0.0643136
0.0571142
0.0452086
0.0330094
0.0261326
0.0231584
0.0230044
0.0219627
0.014701
0.00577774
0.00166346
7.94078E-4
0.00251235
0.00554624
0.00854378
0.0114377
0.0136365
0.0136014
0.0104916
0.00632584
0.00694754
0.0121028
0.0138638
0.00890968
-3.14761E-4
-0.00712385
-0.0124631
-0.0181016
-0.0229186
-0.0264091
-0.0271681
-0.0269134
-0.0252271
-0.0222482
-0.0192803
-0.0199251
-0.0261324
-0.031641
-0.0335031
-0.0329847
-0.0309282
-0.0275887
-0.0250749
-0.0261391
-0.0341323
-0.047853
-0.0587431
-0.0608207
-0.0575269
-0.052911
-0.0502639
-0.0501229
-0.0551233
-0.0597336
-0.0608733
-0.0580852
-0.05358
-0.0462348
-0.0388058
-0.0332375
-0.0256357
-0.0152555
-0.00526038
0.0037226
0.0119404
0.0187441
0.0205805
0.020942
0.0185601
0.0162263
0.0164766
0.0188625
0.0214329
0.0222765
0.0233914
0.0255975
0.0275472
0.0292773
0.0321632
0.0367319
0.0442306
0.0511997
0.0551799
0.0555628
0.0549716
0.0537523
0.0520946
0.0507805
0.0507779
0.0507502
0.0495078
0.0458473
0.0405177
0.0353473
0.0316687
0.0299579
0.0297995
0.030255
0.031915
0.0321282
0.029971
0.0290277
0.0295962
0.0314062
0.0327456
0.0324549
0.0316089
0.0303626
0.0274743
0.0232662
0.0174541
0.0112275
0.00540269
1.12427E-4
-0.00544893
-0.0111958
-0.0175479
-0.0262893
-0.0317894
-0.0347062
-0.0384244
-0.0418094
-0.0430455
-0.0428751
-0.0418565
-0.0415262
-0.0425521
-0.0447497
-0.047534
-0.0496681
-0.0519983
-0.0553447
-0.060073
-0.0636661
-0.0648027
-0.065494
-0.065485
-0.0614439
-0.0567889
-0.053356
-0.0512444
-0.0504845
-0.0518289
-0.0528002
-0.0462779
-0.0309896
-0.0195494
-0.0162103
-0.0166605
-0.0224564
-0.0319517
-0.0326933
-0.0228675
-0.0127279
2.9743E-5
0.00875561
0.00813762
0.00684152
0.00322314
0.00183341
0.00839234
0.0173258
0.0276816
0.0388726
0.0463673
0.0478364
0.0470195
0.0446483
0.0421831
0.0459102
0.0520118
0.053429
0.0519606
0.0490204
0.0453799
0.042065
0.039166
0.0368053
0.0362317
0.0356726
0.0338895
0.0310405
0.0275804
0.0240632
0.0205036
0.0166914
0.0121583
0.00822001
0.00620965
0.0034701
-0.00122097
-0.00760653
-0.0136813
-0.019102
-0.0244064
-0.0290126
-0.0320527
-0.0346639
-0.0375203
-0.0408749
-0.0429677
-0.0433232
-0.0443563
-0.0464541
-0.049461
-0.0515905
-0.052603
-0.0523119
-0.0522183
-0.0541697
-0.0572059
-0.0602175
-0.0614309
-0.0600029
-0.0556599
-0.0501195
-0.0445906
-0.0408861
-0.0380574
-0.0350063
-0.0311568
-0.0260722
-0.020015
-0.0134695
-0.00714042
-9.81854E-4
0.00513737
0.0121887
0.0214925
0.0290798
0.0334705
0.0362474
0.0368367
0.035964
0.0350414
0.0345387
0.0348656
0.0362966
0.0377879
0.0390622
0.0401907
0.0410707
0.0413772
0.0416497
0.0420736
0.0426306
0.0427393
0.040209
0.0377343
0.0365037
0.0357864
0.0344899
0.0296886
0.024613
0.0207822
0.0178566
0.0151121
0.0120817
0.00900117
0.00596491
0.00327202
0.00135304
4.06414E-4
-1.13497E-5
-3.00432E-4
-0.00111902
-0.00170547
-0.00163377
-8.76299E-4
-1.04433E-5
-9.22308E-4
-0.00255316
-0.00507668
-0.00846749
-0.0126065
-0.0191913
-0.0256348
-0.0308132
-0.0344848
-0.0371965
-0.038732
-0.0385577
-0.0379263
-0.0372996
-0.0370654
-0.0373672
-0.0372841
-0.0368514
-0.0359628
-0.0346598
-0.0329422
-0.0308395
-0.0285762
-0.0263936
-0.023983
-0.0207866
-0.0173744
-0.0138844
-0.00955921
-0.00489216
3.89925E-5
0.00437377
0.00714266
0.0100149
0.0136622
0.0181195
0.0229004
0.0284329
0.0335751
0.0372608
0.0407234
0.0439196
0.0460353
0.0474921
0.0490685
0.0505174
0.0509103
0.0501152
0.0481306
0.0457267
0.0434448
0.0422181
0.0419461
0.0423248
0.0421591
0.0410592
0.038156
0.0349425
0.0319486
0.0294225
0.0275152
0.0260832
0.023849
0.0204813
0.0176082
0.0152132
0.0131358
0.0108594
0.00802396
0.00411625
8.66404E-4
2.57596E-4
1.87941E-4
-8.95382E-5
-9.45311E-4
-0.00170517
-0.00144798
-0.00119524
-0.00134753
-0.0021345
-0.00310582
-0.00411984
-0.00573627
-0.00839693
-0.0126093
-0.0166227
-0.0190127
-0.022161
-0.0261747
-0.0293963
-0.0323341
-0.0352469
-0.0368889
-0.0379313
-0.0390743
-0.0401016
-0.0409091
-0.041518
-0.0420387
-0.0424539
-0.042785
-0.0430015
-0.0427703
-0.0420852
-0.0408047
-0.0396862
-0.0389154
-0.0384188
-0.0380189
-0.0375523
-0.0368761
-0.0357988
-0.0340114
-0.0320928
-0.0306628
-0.0294245
-0.0282438
-0.0269297
-0.0254345
-0.0235607
-0.0211184
-0.0180184
-0.0147937
-0.0115252
-0.00769747
-0.00321377
0.00238002
0.00825436
0.0140335
0.0192598
0.0236418
0.0261906
0.0278753
0.0288694
0.0293163
0.0290406
0.0286032
0.0283279
0.0281761
0.0280814
0.0280334
0.0282008
0.0286977
0.0295554
0.0306314
0.0325909
0.0350913
0.0379165
0.0408298
0.0436361
0.0461838
0.0483713
0.0492787
0.0498678
0.0505256
0.0508996
0.0507374
0.0486365
0.0457304
0.041824
0.0377163
0.0338841
0.0298229
0.0257094
0.0217301
0.0181014
0.0143527
0.00999317
0.00580626
0.00218754
-2.79364E-4
-0.00276491
-0.00571443
-0.00859308
-0.0110712
-0.0128149
-0.014371
-0.0159445
-0.0178158
-0.0198937
-0.0221343
-0.0246781
-0.027062
-0.0276319
-0.0273483
-0.0268031
-0.0265102
-0.0265321
-0.0263732
-0.0254381
-0.023433
-0.0206211
-0.0173012
-0.013565
-0.0102493
-0.00844821
-0.00784707
-0.00840007
-0.00928946
-0.00984789
-0.00923171
-0.00836178
-0.00790944
-0.00893382
-0.0114056
-0.0151906
-0.0175329
-0.0167096
-0.0111257
-0.0044795
-6.38812E-5
0.00281726
0.00268296
0.00228227
0.00344721
0.00872174
0.0161703
0.0243783
0.0296448
0.0305334
0.0304872
0.0299537
0.0305951
0.0321576
0.0343951
0.0359221
0.0357067
0.0331653
0.0283056
0.0200723
0.0145638
0.0124449
0.0113331
0.0101576
0.00800449
0.00517926
0.00204451
-0.00134381
-0.00560309
-0.0113896
-0.0191744
-0.0254064
-0.0283012
-0.0300028
-0.0319346
-0.0344492
-0.036823
-0.0385061
-0.0379553
-0.0363118
-0.0344924
-0.0328781
-0.0319593
-0.0324698
-0.0343154
-0.0378642
-0.0406695
-0.0421166
-0.0423009
-0.042099
-0.0415099
-0.0393927
-0.0364462
-0.034171
-0.0309897
-0.0247966
-0.0181934
-0.0123282
-0.00758297
-0.00402541
-0.00228233
-0.00150417
-9.53778E-4
0.00120244
0.00462761
0.00799368
0.0110422
0.0127156
0.013241
0.0128177
0.0118078
0.0112578
0.0144124
0.0194584
0.0248294
0.0271678
0.0264931
0.0232361
0.0198763
0.0194251
0.0223117
0.0267437
0.0299642
0.0323925
0.0333499
0.0335735
0.0330028
0.0319961
0.0311864
0.0314258
0.0314897
0.0303268
0.0279012
0.0248459
0.0221407
0.0190345
0.0150671
0.0108902
0.00703429
0.00396941
0.00248968
0.001969
9.7742E-4
-7.35461E-4
-0.00331276
-0.00465979
-0.00460753
-0.00355145
-0.00333235
-0.00543545
-0.00778239
-0.00954465
-0.0102559
-0.0115846
-0.0139511
-0.0154685
-0.0164211
-0.0171871
-0.0181696
-0.0194338
-0.0202974
-0.0205631
-0.0199515
-0.0192794
-0.0187785
-0.0177745
-0.0157252
-0.0136794
-0.0119202
-0.00997573
-0.00695555
-0.0027831
5.43477E-4
0.00312475
0.00482308
0.00698677
0.0106611
0.0132353
0.014512
0.0154789
0.0162194
0.0162383
0.0165178
0.0175917
0.0191391
0.0206879
0.0219302
0.0233941
0.0254997
0.0275728
0.0295356
0.0320631
0.0344129
0.0356302
0.0362138
0.0362634
0.0359739
0.035479
0.0344305
0.0333149
0.0322988
0.0312187
0.030003
0.0282712
0.0263105
0.0242005
0.0216132
0.0188786
0.0168774
0.0148593
0.0123319
0.009352
0.00649102
0.00422451
0.00209958
1.73579E-5
-0.00175417
-0.00340192
-0.00496622
-0.00621607
-0.0072581
-0.00831898
-0.00946897
-0.0107132
-0.012167
-0.0136801
-0.0148504
-0.0163161
-0.0182816
-0.0197097
-0.0211711
-0.0235887
-0.0259268
-0.0277465
-0.028832
-0.0296677
-0.0308746
-0.0335621
-0.0369662
-0.0385355
-0.0395537
-0.040603
-0.0404988
-0.0398557
-0.0392574
-0.0385335
-0.0376782
-0.0371191
-0.0367245
-0.0363374
-0.0359954
-0.0356729
-0.0352344
-0.0347236
-0.0340946
-0.0332127
-0.0320209
-0.0307346
-0.0293485
-0.0272226
-0.025118
-0.0233551
-0.0214267
-0.0194137
-0.0177349
-0.0160457
-0.0140863
-0.0124126
-0.0109078
-0.00867838
-0.0062353
-0.004017
-0.00123498
0.00230925
0.00553957
0.00843636
0.0112222
0.0139686
0.0167406
0.0196062
0.0225734
0.0251727
0.0275101
0.0301232
0.0328471
0.0355708
0.0375765
0.0385087
0.0389178
0.0390181
0.0386592
0.0380489
0.0372257
0.0362852
0.035287
0.0341035
0.0327786
0.0312881
0.0298161
0.0284051
0.0269316
0.0253909
0.0236736
0.0217076
0.0194817
0.0165551
0.0134698
0.0104307
0.00738711
0.0042632
4.91539E-4
-0.00271864
-0.00498198
-0.00765067
-0.0107699
-0.0140729
-0.0170641
-0.0197061
-0.0219609
-0.0239557
-0.0255799
-0.0262743
-0.0266826
-0.0273008
-0.0282105
-0.0293697
-0.0300123
-0.030371
-0.0308089
-0.0311049
-0.0313633
-0.0322089
-0.0336176
-0.035562
-0.0365125
-0.0365939
-0.0370786
-0.0380316
-0.0390911
-0.0392401
-0.0388545
-0.0376418
-0.0361849
-0.0347516
-0.0329813
-0.0309936
-0.0289595
-0.0270709
-0.025464
-0.0239303
-0.0223979
-0.020933
-0.0191044
-0.0162691
-0.0132367
-0.0104232
-0.0079494
-0.00562517
-0.00327128
-7.15613E-4
0.00202652
0.00405796
0.00554708
0.00726901
0.00904982
0.010652
0.012112
0.0134742
0.0149014
0.0164799
0.0187275
0.0207824
0.0223041
0.0239699
0.0257618
0.0274083
0.0288576
0.0299762
0.0309826
0.0318084
0.0318211
0.031525
0.0312214
0.0309997
0.0307823
0.0298525
0.0285648
0.0269059
0.0250028
0.022938
0.0207084
0.0185613
0.016688
0.0151913
0.0140113
0.0123385
0.0106756
0.0098228
0.00913944
0.00847656
0.00812072
0.00794144
0.00789885
0.00818307
0.00878601
0.00901333
0.00909107
0.00938232
0.00937064
0.00870673
0.00706191
0.00549833
0.00489643
0.00406503
0.00250883
1.75592E-4
-0.00207265
-0.00344991
-0.00455038
-0.00560165
-0.00636692
-0.00702815
-0.007554
-0.00747961
-0.00691437
-0.00593304
-0.00496144
-0.00399918
-0.00232562
-1.79881E-4
0.0018976
0.00372297
0.00437178
0.00456499
0.00498537
0.00536458
0.00564112
0.00593397
0.00624198
0.00653196
0.00676732
0.00669031
0.00634638
0.00577569
0.00526305
0.00510311
0.00507936
0.00490748
0.0038652
0.00234439
6.29958E-4
-8.72819E-4
-0.00208422
-0.00298133
-0.00374636
-0.00453514
-0.00529085
-0.00600814
-0.00670149
-0.00737373
-0.00796548
-0.00850097
-0.00898832
-0.00944474
-0.00989356
-0.0103858
-0.010892
-0.0113222
-0.0113741
-0.0111599
-0.0110036
-0.0106752
-0.0098407
-0.00914829
-0.00874051
-0.00845763
-0.00813347
-0.00760984
-0.00704936
-0.00650403
-0.00604143
-0.00567556
-0.0054281
-0.00508407
-0.00459011
-0.00423548
-0.00391214
-0.00322494
-0.00212146
-6.84871E-4
2.84636E-4
8.95703E-4
0.0018928
0.00317264
0.00488313
0.00671672
0.00858329
0.0110006
0.0132435
0.0144485
0.0155565
0.0168122
0.0177338
0.0184994
0.0192706
0.0200289
0.020723
0.0211762
0.0213578
0.0209987
0.020287
0.019286
0.0183284
0.0174693
0.0164457
0.0152605
0.013783
0.0119457
0.00998944
0.00840512
0.00688022
0.00519998
0.0035533
0.0019045
-1.40964E-5
-0.00161125
-0.00264631
-0.00367983
-0.00471367
-0.00534062
-0.00598434
-0.00674713
-0.00699375
-0.00697335
-0.00683507
-0.00668736
-0.00659193
-0.00647884
-0.00638616
-0.00646483
-0.00657712
-0.00668163
-0.00695661
-0.00735442
-0.00776622
-0.00813256
-0.00847222
-0.00892203
-0.00939805
-0.009557
-0.00955278
-0.00948631
-0.0094858
-0.0095017
-0.009219
-0.0088289
-0.00844018
-0.00809483
-0.00777705
-0.00737029
-0.00689431
-0.00630851
-0.0057732
-0.00534745
-0.00510266
-0.0048481
-0.00442046
-0.00424483
-0.00426698
-0.00401511
-0.00369957
-0.00354247
-0.00314133
-0.00240295
-0.00188969
-0.00153194
-0.0011415
-8.62416E-4
-8.23012E-4
-0.00113955
-0.00158067
-0.00205393
-0.00271256
-0.00351696
-0.00393362
-0.00406996
-0.00409562
-0.00428497
-0.00478849
-0.00557228
-0.00657986
-0.00791872
-0.00900655
-0.00946084
-0.00944895
-0.00932203
-0.00897778
-0.00806244
-0.00688804
-0.00613264
-0.00542721
-0.00449445
-0.00351866
-0.00260709
-0.00203425
-0.00156341
-0.00100914
-6.58459E-4
-6.39775E-4
-8.24278E-4
-0.00105854
-0.00131713
-0.00147887
-0.00145875
-0.00130716
-0.00110737
-8.52619E-4
-6.98438E-4
-6.26232E-4
-2.02173E-4
5.12752E-4
0.00199087
0.00370171
0.00539687
0.00725809
0.00909724
0.0103895
0.0116296
0.0130686
0.0141384
0.0148986
0.015668
0.0161974
0.0160823
0.0161092
0.016416
0.016061
0.0156183
0.0158526
0.0161358
0.0162557
0.0163435
0.0164556
0.0167111
0.0169568
0.0171905
0.0177675
0.0185408
0.0190072
0.0192876
0.0194975
0.0196976
0.019872
0.0198617
0.0198325
0.0197976
0.0194683
0.0188332
0.0177217
0.0166632
0.0157818
0.0145031
0.0129699
0.0116584
0.0104152
0.00913745
0.008083
0.00719311
0.00625119
0.00545783
0.00497624
0.0048001
0.0046759
0.00441893
0.00417803
0.00393134
0.00334789
0.00267015
0.00219788
0.00183227
0.00148009
9.38522E-4
1.96521E-4
-0.00126345
-0.00325138
-0.00543137
-0.00657773
-0.00738859
-0.00876561
-0.0101138
-0.0111557
-0.0115962
-0.0119139
-0.0124886
-0.0129234
-0.0132259
-0.0138388
-0.0145193
-0.0150426
-0.0158018
-0.0167631
-0.0175767
-0.0183359
-0.0191202
-0.0197733
-0.0203028
-0.0207703
-0.0211132
-0.0212917
-0.0214762
-0.021621
-0.0213788
-0.0212626
-0.0214902
-0.0217108
-0.0218755
-0.0220334
-0.0224069
-0.0230164
-0.0233848
-0.0235845
-0.0236611
-0.0236039
-0.0233932
-0.0230229
-0.0226178
-0.0221871
-0.0216672
-0.0210524
-0.0205046
-0.019929
-0.0188836
-0.0176154
-0.0162063
-0.0145971
-0.0128851
-0.0107803
-0.00864077
-0.00662141
-0.00451546
-0.00239508
-5.28555E-4
0.0015087
0.00410088
0.00619087
0.00771926
0.00918516
0.0107924
0.0125967
0.0140403
0.015135
0.0160958
0.0169812
0.0177522
0.0181874
0.0184488
0.0190216
0.0197898
0.0206567
0.0214379
0.0221251
0.0228742
0.0235441
0.0239213
0.024116
0.0242223
0.0241458
0.0238959
0.0233935
0.0228112
0.0222069
0.0214096
0.0205933
0.0198779
0.0188977
0.0176283
0.0160658
0.0145674
0.0132068
0.0116444
0.0100187
0.0087752
0.0074059
0.00563969
0.00372967
0.00192902
3.20984E-4
-0.00153372
-0.00372293
-0.00573038
-0.00744566
-0.00881185
-0.00994553
-0.0109952
-0.0121083
-0.0131632
-0.014043
-0.0146626
-0.0151553
-0.0154138
-0.015415
-0.0150979
-0.014276
-0.0132051
-0.0118971
-0.0102945
-0.00846192
-0.00703826
-0.00582521
-0.00445758
-0.0031623
-0.00204894
-0.00106995
-1.68257E-4
5.13374E-4
0.0013096
0.00230538
0.00297263
0.00343735
0.0037707
0.0039385
0.00391835
0.00375419
0.00354229
0.00326557
0.0029434
0.00259904
0.00230523
0.0020763
0.00191527
0.00167364
0.00133944
9.25275E-4
5.24768E-4
2.3971E-4
4.08405E-5
-1.57414E-4
-5.37224E-4
-0.00110556
-0.00204985
-0.00309991
-0.00403811
-0.0046709
-0.00539372
-0.00635006
-0.00724706
-0.00804746
-0.00870337
-0.0093498
-0.0100955
-0.0111631
-0.0122315
-0.0129819
-0.0137687
-0.0146695
-0.0154127
-0.0158551
-0.0157936
-0.0157409
-0.0157991
-0.0156459
-0.0154363
-0.0152762
-0.0147159
-0.0138937
-0.0134355
-0.0130332
-0.0124814
-0.0121505
-0.0119303
-0.0112607
-0.010284
-0.00881786
-0.00703565
-0.00531781
-0.00426396
-0.00329653
-0.00216644
-0.00131165
-6.6859E-4
-6.05587E-5
6.35139E-4
0.00158276
0.00266115
0.00376948
0.0049587
0.00610607
0.00706048
0.00784786
0.00857069
0.00935069
0.0101242
0.0107915
0.0113228
0.0117655
0.0121779
0.0126151
0.0131342
0.0135566
0.0137872
0.0137927
0.0136333
0.0132305
0.0128244
0.01239
0.011351
0.0103761
0.0101918
0.00978536
0.0089877
0.00824609
0.00762197
0.00716272
0.00685754
0.00663849
0.00642462
0.00620727
0.0060049
0.00588268
0.00577378
0.00541428
0.005217
0.00554716
0.0057775
0.0057497
0.00548354
0.0052323
0.00503121
0.00454835
0.00388869
0.0033513
0.00289778
0.00246643
0.00206039
0.00167432
0.00129283
8.62561E-4
3.8105E-4
-3.60454E-6
-3.98441E-4
-0.00117209
-0.00200396
-0.00273889
-0.0034019
-0.00409201
-0.0049221
-0.00578315
-0.00665688
-0.00756275
-0.00829726
-0.00860505
-0.00890535
-0.00931891
-0.00963154
-0.0099576
-0.0104475
-0.010821
-0.0109421
-0.0108925
-0.0107744
-0.0104655
-0.0100369
-0.00957438
-0.00925277
-0.00896109
-0.00841274
-0.00786831
-0.0074016
-0.00680032
-0.00605057
-0.0050826
-0.00412129
-0.00327115
-0.00252554
-0.00193844
-0.00174695
-0.001659
-0.0015981
-0.00155573
-0.00143928
-0.0010889
-6.90064E-4
-2.79552E-4
2.209E-4
7.84903E-4
0.00150528
0.0022609
0.00296682
0.00383872
0.00488893
0.00561679
0.00612851
0.0064086
0.00656183
0.00663556
0.0066356
0.00660681
0.0065022
0.00655293
0.00683233
0.00705612
0.00712668
0.00679958
0.00646902
0.00625786
0.00586369
0.00529188
0.00452556
0.003955
0.00371113
0.00349188
0.00328026
0.00321044
0.00311018
0.00283496
0.00253402
0.00223858
0.00186203
0.00136911
7.18395E-4
5.76259E-4
7.68788E-4
3.56784E-4
-2.44041E-4
-8.48541E-4
-0.00146349
-0.00201748
-0.00240758
-0.00282053
-0.00339317
-0.00398552
-0.00451822
-0.00483776
-0.00509331
-0.00526284
-0.00515893
-0.0048735
-0.00452578
-0.00410526
-0.00357809
-0.0032391
-0.00307004
-0.00285067
-0.00256953
-0.00220733
-0.00180726
-0.0013691
-9.36259E-4
-4.28611E-4
5.91588E-4
0.00158498
0.00236163
0.00345333
0.00473037
0.00568316
0.00657527
0.00757823
0.00839859
0.00908848
0.00996444
0.0108638
0.0115899
0.0122979
0.0130058
0.0135645
0.0140234
0.014311
0.0144876
0.014555
0.0143473
0.0139816
0.013742
0.0134891
0.013029
0.0123261
0.0114758
0.0105234
0.00953274
0.00850362
0.00735385
0.00607268
0.00447626
0.00269537
8.3375E-4
-7.06998E-4
-0.00194131
-0.00305357
-0.00408865
-0.0050698
-0.0062699
-0.00770189
-0.00863225
-0.00928602
-0.00999612
-0.0108384
-0.011796
-0.0125414
-0.0130976
-0.0135063
-0.0139243
-0.0143956
-0.014812
-0.0152028
-0.0156083
-0.0159294
-0.0160943
-0.016096
-0.0160275
-0.0157664
-0.0151822
-0.0142401
-0.0131709
-0.0120463
-0.0107577
-0.00936565
-0.00778803
-0.00633268
-0.00504211
-0.00372435
-0.00236871
-9.57089E-4
4.9997E-4
0.00200194
0.00347941
0.00487834
0.00606191
0.00729911
0.00875619
0.00984902
0.0106053
0.0113765
0.0120078
0.0122053
0.0122072
0.0120812
0.0119187
0.0117257
0.0112873
0.0110503
0.0111154
0.01066
0.00982477
0.00927129
0.00866781
0.00777656
0.0067205
0.00570548
0.00527088
0.00473335
0.00356905
0.00235318
0.00123074
6.34991E-5
-0.00123435
-0.00277604
-0.00417212
-0.0053541
-0.00640714
-0.00734654
-0.00813917
-0.00893002
-0.00976047
-0.0105959
-0.0114156
-0.012215
-0.0130797
-0.0140375
-0.015002
-0.0157535
-0.0160272
-0.0163053
-0.0166797
-0.016736
-0.0166146
-0.0162703
-0.0156981
-0.0149389
-0.0142514
-0.0136406
-0.0130124
-0.0122885
-0.011442
-0.0106197
-0.00981878
-0.00891559
-0.00788486
-0.00657271
-0.00520349
-0.00385544
-0.00236821
-7.65355E-4
0.00122675
0.00314972
0.00478429
0.00634752
0.00775749
0.00853475
0.00924335
0.0101543
0.0109287
0.011576
0.0121886
0.0127724
0.0132948
0.013705
0.0139773
0.014213
0.0144195
0.0145102
0.014504
0.014332
0.0141364
0.0139911
0.0139099
0.0137703
0.0134402
0.0130218
0.0125474
0.0118819
0.0111687
0.0105328
0.0098003
0.00894727
0.00824992
0.00766262
0.00715305
0.00666706
0.0061781
0.00568727
0.00523159
0.00497081
0.00479505
0.00461826
0.00424291
0.00371579
0.00321826
0.00267667
0.00195624
0.00123998
5.70759E-4
-1.84578E-4
-8.99745E-4
-0.00143945
-0.00182874
-0.00217257
-0.00267591
-0.00321234
-0.00364206
-0.00400957
-0.00432845
-0.00467327
-0.0049223
-0.00487441
-0.00478663
-0.00471073
-0.00444479
-0.00412849
-0.00395016
-0.00383496
-0.00377368
-0.00386693
-0.00405469
-0.00419848
-0.00442354
-0.00490972
-0.00543892
-0.0058933
-0.00619436
-0.00627799
-0.00588907
-0.00540525
-0.00502347
-0.00475731
-0.00448867
-0.00409299
-0.0036951
-0.0033007
-0.00280711
-0.00228426
-0.00180888
-0.00138461
-0.00102705
-7.21365E-4
-4.78056E-4
-4.06963E-4
-3.74424E-4
-3.43637E-4
-3.28474E-4
-3.46094E-4
-5.83293E-4
-7.69388E-4
-6.04128E-4
-4.92564E-4
-5.64137E-4
-8.50756E-4
-0.00109882
-0.00103183
-9.09682E-4
-7.59282E-4
-3.44548E-4
1.04048E-4
2.22482E-4
3.94466E-4
7.97415E-4
0.00135996
0.0020112
0.00262594
0.00322742
0.0038239
0.0042737
0.00454746
0.00447237
0.00429326
0.00421784
0.00411203
0.00390509
0.00349352
0.0031469
0.00314467
0.00307476
0.00283286
0.00272926
0.00267918
0.0024777
0.00229322
0.00218242
0.00194563
0.00162466
0.00138067
0.00104999
5.47046E-4
3.08041E-5
-4.47504E-4
-8.34845E-4
-0.00122031
-0.00164289
-0.00198924
-0.00226895
-0.00254073
-0.0027477
-0.0028107
-0.00297457
-0.0033172
-0.00363272
-0.00395884
-0.00442249
-0.0048089
-0.005069
-0.00551534
-0.00599724
-0.00615219
-0.00625256
-0.00641941
-0.00661833
-0.00677245
-0.00653566
-0.00618806
-0.00582091
-0.00520069
-0.00439506
-0.00350841
-0.00252213
-0.00128339
-1.50414E-4
8.26726E-4
0.00191324
0.00299469
0.00390841
0.00467051
0.00531663
0.00614018
0.00706416
0.00767464
0.0082337
0.00886094
0.00924278
0.0094095
0.00947293
0.00944427
0.00929506
0.00935592
0.00969435
0.00977228
0.00968375
0.00962119
0.00957084
0.00949316
0.0093259
0.00907656
0.00853535
0.0079975
0.00757336
0.00691751
0.00619556
0.00606702
0.00601558
0.00575451
0.00551309
0.00530679
0.00512126
0.00488871
0.00452462
0.00413729
0.00377888
0.00343803
0.00308342
0.00266362
0.00220815
0.0017343
0.0013852
0.00103161
3.10961E-4
-4.39673E-4
-0.0010684
-0.00166354
-0.00227862
-0.0030368
-0.00373649
-0.00427295
-0.00460933
-0.0047916
-0.00486008
-0.00487064
-0.00477212
-0.00469502
-0.00464597
-0.00444134
-0.00425838
-0.00425285
-0.00430181
-0.0043867
-0.0046701
-0.00508809
-0.00563186
-0.00626591
-0.00697519
-0.00767411
-0.00826608
-0.00866457
-0.00902287
-0.00934539
-0.0094445
-0.00942286
-0.00920254
-0.00899905
-0.00890397
-0.0087577
-0.00856587
-0.00840631
-0.00834964
-0.00841597
-0.00852434
-0.00866417
-0.00892069
-0.00916005
-0.00933271
-0.00960224
-0.0100305
-0.0108486
-0.0117879
-0.0127999
-0.0135558
-0.014031
-0.0144071
-0.0147194
-0.0148361
-0.0147683
-0.0145519
-0.0138724
-0.0131227
-0.0126868
-0.012212
-0.0115749
-0.0107021
-0.00979827
-0.00903767
-0.00822966
-0.0073501
-0.00663923
-0.00597802
-0.00507066
-0.00409363
-0.00310359
-0.00193986
-7.26758E-4
1.36455E-4
9.90044E-4
0.00209794
0.00332814
0.00455459
0.00555457
0.00637994
0.00703024
0.00760143
0.00812535
0.00856178
0.00903048
0.00979121
0.010255
0.0101633
0.00989736
0.00968403
0.00965956
0.00965575
0.00961197
0.00945627
0.00922132
0.00905729
0.00890995
0.00874621
0.00866386
0.00861579
0.00839929
0.00822942
0.00827381
0.00823759
0.00808849
0.00793472
0.00774979
0.00746296
0.00715256
0.00682325
0.00629782
0.00568987
0.005087
0.00443392
0.00372466
0.00307897
0.00251228
0.00202414
0.0015539
0.00108674
6.41048E-4
2.84609E-4
1.31674E-4
4.29802E-5
-4.4695E-5
-2.26088E-4
-4.51744E-4
-6.60624E-4
-7.6406E-4
-7.23726E-4
-6.94888E-4
-6.53644E-4
-3.82131E-4
-9.339E-5
1.00432E-4
2.16728E-4
2.95892E-4
4.68461E-4
6.73347E-4
9.08292E-4
0.00114096
0.00141438
0.00199611
0.00263045
0.00321173
0.00369831
0.00413387
0.0047621
0.00544943
0.00617862
0.00699356
0.00777026
0.00811572
0.00837413
0.00886875
0.00914429
0.00919517
0.00932896
0.00952171
0.00968842
0.00969746
0.0095637
0.00924472
0.00888481
0.00856654
0.00800259
0.0072187
0.0063144
0.00538922
0.00445797
0.0032987
0.00200378
8.90953E-4
-3.01682E-4
-0.00188335
-0.00316756
-0.00408325
-0.00491665
-0.00582528
-0.00685708
-0.00783589
-0.00863593
-0.00885739
-0.00909986
-0.00962667
-0.0102324
-0.01086
-0.0113669
-0.0117675
-0.0120431
-0.0120995
-0.0119642
-0.0115985
-0.0114184
-0.0114963
-0.0111659
-0.0104999
-0.00982162
-0.00905255
-0.00812273
-0.00729333
-0.00662554
-0.00617894
-0.00560507
-0.00462105
-0.00369041
-0.00292429
-0.00228011
-0.00133639
3.25988E-4
0.0016589
0.00252768
0.00333671
0.00425419
0.00538113
0.00612449
0.00650066
0.00678665
0.00720698
0.00795915
0.00839365
0.00852074
0.00885376
0.00920003
0.00926676
0.00903864
0.00851272
0.00798599
0.00755996
0.00721726
0.00695234
0.0067661
0.00654455
0.00623188
0.0057787
0.00519697
0.0045288
0.00408536
0.00370686
0.00311022
0.00228814
0.00140094
7.44485E-4
1.57548E-4
-5.20176E-4
-0.00122147
-0.00185311
-0.00217391
-0.00262897
-0.0035436
-0.00414779
-0.00441599
-0.00477611
-0.00517579
-0.00550842
-0.00578956
-0.00604351
-0.00622345
-0.00622472
-0.0060326
-0.00588526
-0.00582773
-0.00593171
-0.00583678
-0.00543896
-0.00521597
-0.00511626
-0.00498477
-0.00477815
-0.00444915
-0.00390714
-0.00329891
-0.00267969
-0.00200526
-0.00126067
-4.24729E-4
3.87601E-4
9.91817E-4
0.00158675
0.00227408
0.00305612
0.00375887
0.00420279
0.00465662
0.00520122
0.00574773
0.00625637
0.0066888
0.0069848
0.00708657
0.00700551
0.00696516
0.00710766
0.00693709
0.00635079
0.00603673
0.00584798
0.00542665
0.00484987
0.0041631
0.0035203
0.00279844
0.0017612
7.9137E-4
-8.76476E-5
-0.00133162
-0.00262352
-0.00362604
-0.00471211
-0.00589098
-0.00676471
-0.00739379
-0.00787772
-0.00846389
-0.00907278
-0.00925602
-0.0094303
-0.00975196
-0.00982556
-0.0097847
-0.009826
-0.00982009
-0.00967749
-0.009332
-0.00895083
-0.00869197
-0.0083849
-0.00797665
-0.00758775
-0.00715357
-0.00652989
-0.00593831
-0.00540334
-0.00458996
-0.00373452
-0.00307981
-0.00216803
-8.87065E-4
1.54457E-4
0.00104836
0.00211457
0.00321099
0.00421947
0.00496692
0.00560231
0.00618576
0.00668358
0.00708353
0.00739472
0.00763248
0.00760441
0.0076461
0.00786715
0.00790745
0.00781689
0.0075807
0.00727238
0.00692539
0.00659425
0.00623372
0.00558
0.00484395
0.0041479
0.00357516
0.00300923
0.00230979
0.00170718
0.0011852
2.10997E-4
-7.87884E-4
-0.00130781
-0.0019261
-0.002725
-0.00332891
-0.0038605
-0.00445322
-0.00481908
-0.00499176
-0.00521928
-0.00551323
-0.0058848
-0.00625436
-0.00659739
-0.00693761
-0.0072011
-0.007264
-0.0072412
-0.00718828
-0.00701994
-0.00685977
-0.00675072
-0.00656311
-0.00632547
-0.00616465
-0.00604743
-0.00591396
-0.0056121
-0.00517328
-0.00464433
-0.00394958
-0.00304347
-0.00209493
-0.0011846
-3.88311E-4
3.41129E-4
0.00104356
0.00180265
0.00261863
0.00346427
0.00423443
0.00484614
0.00555476
0.00631093
0.00673869
0.00710667
0.00755433
0.00797582
0.00829049
0.0081695
0.0080364
0.00809552
0.00808906
0.00795874
0.00755956
0.00711498
0.00666216
0.00607395
0.00543952
0.00493698
0.00439066
0.0036971
0.00292137
0.00210909
0.00131802
5.8258E-4
-9.66543E-5
-7.70476E-4
-0.00147066
-0.00229254
-0.00292033
-0.00328044
-0.00385658
-0.00456023
-0.0052386
-0.0058539
-0.00638424
-0.00685072
-0.00729467
-0.0077368
-0.00811195
-0.00838939
-0.00858151
-0.00875116
-0.00888966
-0.00882932
-0.00850443
-0.00807323
-0.00768221
-0.00748056
-0.00726971
-0.00697755
-0.00672267
-0.00645406
-0.00594181
-0.00526858
-0.0045142
-0.00388903
-0.00334366
-0.00276619
-0.0021314
-0.00141059
-6.35173E-4
2.13886E-4
0.00129716
0.00224167
0.002919
0.0037018
0.0045707
0.00533399
0.00597927
0.00645473
0.00697705
0.00754517
0.00790623
0.0081886
0.00841781
0.00852723
0.00861009
0.00894075
0.00927097
0.0092689
0.00894551
0.00853071
0.00846992
0.00844737
0.00809602
0.00765975
0.00724654
0.0067957
0.00631263
0.00580302
0.00529538
0.0047923
0.00426202
0.00372744
0.00322884
0.00286264
0.00260071
0.0023966
0.00219605
0.00195448
0.0017152
0.00149738
0.00130273
0.00130706
0.00175597
0.00200324
0.00198597
0.00210654
0.00232201
0.00253498
0.00249809
0.00230483
0.00227856
0.00226265
0.00204228
0.00169836
0.00133997
0.00109439
9.267E-4
8.09244E-4
5.78913E-4
2.64378E-4
4.83129E-5
-7.35314E-5
-9.66865E-5
-1.72347E-4
-3.19379E-4
-4.93275E-4
-5.73924E-4
-3.95127E-4
-1.68449E-4
2.98967E-5
1.4386E-4
2.53388E-4
5.33982E-4
6.66486E-4
5.32968E-4
4.35722E-4
3.64637E-4
9.35024E-5
-1.74384E-4
-3.4817E-4
-5.06527E-4
-7.60524E-4
-0.00148748
-0.00207627
-0.00233036
-0.00295231
-0.00380998
-0.00428171
-0.0046386
-0.00510536
-0.00579019
-0.00659704
-0.00723557
-0.00772318
-0.00809667
-0.00842411
-0.00872191
-0.00892955
-0.008906
-0.00864843
-0.0086461
-0.00886686
-0.00901611
-0.00895254
-0.00847688
-0.00809821
-0.00783788
-0.00719018
-0.00646638
-0.00582384
-0.00504958
-0.00433342
-0.00453333
-0.0048117
-0.00427994
-0.00395897
-0.00398383
-0.00371304
-0.00324085
-0.00270206
-0.00224821
-0.00192045
-0.00158404
-0.0012939
-0.00115677
-9.83407E-4
-6.76535E-4
-2.56334E-4
2.30507E-4
9.44326E-4
0.00165435
0.00223491
0.00276417
0.00323686
0.0035926
0.0039775
0.00444646
0.00485215
0.0052155
0.00565325
0.00609579
0.00650015
0.00690051
0.00729676
0.00767533
0.00801414
0.00827967
0.00835781
0.00827909
0.00807325
0.00801017
0.00813893
0.00808251
0.00786427
0.00765151
0.00743646
0.00713384
0.00665183
0.00604181
0.00531572
0.00460562
0.00397601
0.00341289
0.0029268
0.00263494
0.00241449
0.0021631
0.0018977
0.00166834
0.00164779
0.00170209
0.00169574
0.00155788
0.00138264
0.00148321
0.00172164
0.00197332
0.00200133
0.00176814
0.00171096
0.00188135
0.00257382
0.00275881
0.00210848
0.00186886
0.00194831
0.00204627
0.00204087
0.00191349
0.00179792
0.00171664
0.00172913
0.00177515
0.00181591
0.00180225
0.00172636
0.00156541
0.00141267
0.00131887
0.00125935
0.00119153
9.79711E-4
6.9307E-4
3.04329E-4
-7.50349E-5
-4.08082E-4
-7.74176E-4
-0.00103899
-0.00104253
-0.00121841
-0.00159743
-0.0019376
-0.00219288
-0.00232965
-0.0025761
-0.00297914
-0.00326058
-0.00339539
-0.00339069
-0.00343461
-0.00356219
-0.0035708
-0.00352756
-0.00351944
-0.00345768
-0.00331674
-0.00323159
-0.00316262
-0.00296481
-0.00273594
-0.0025267
-0.0023338
-0.00216756
-0.00204314
-0.00178703
-0.00133337
-8.30894E-4
-3.68099E-4
-1.40983E-4
5.94455E-5
3.31562E-4
5.61407E-4
7.45659E-4
8.67955E-4
9.67599E-4
0.00106992
0.0011639
0.0012194
0.00110463
9.0214E-4
6.82562E-4
6.12381E-4
7.08308E-4
5.6864E-4
3.68661E-4
3.76954E-4
3.66752E-4
2.57643E-4
8.34085E-5
-1.57989E-5
3.53974E-4
7.48874E-4
9.52167E-4
0.00100926
0.0010498
0.00121074
0.00125657
0.00116722
0.00138819
0.00170526
0.00168243
0.00149603
0.00122933
9.68086E-4
7.14936E-4
3.75639E-4
3.56528E-5
-2.89395E-4
-7.04742E-4
-0.00117883
-0.00176512
-0.0022813
-0.00264073
-0.00297834
-0.00328297
-0.00332232
-0.00310087
-0.00270004
-0.00252124
-0.00249264
-0.00253398
-0.00248893
-0.00228544
-0.00206971
-0.0018864
-0.00179308
-0.001788
-0.00186449
-0.00189282
-0.00188949
-0.00190776
-0.00190353
-0.00183193
-0.00159917
-0.00135281
-0.00133394
-0.00136472
-0.00135005
-0.00123468
-0.00105529
-7.34022E-4
-4.74363E-4
-3.55645E-4
-1.99568E-4
3.85573E-5
5.30732E-4
9.96006E-4
0.00132963
0.00170685
0.00214867
0.00270714
0.00314101
0.00336638
0.00359579
0.00382873
0.00392329
0.00401331
0.0041236
0.00398367
0.00365889
0.00335403
0.00313556
0.00304732
0.00290028
0.00264606
0.00224616
0.00189933
0.00175167
0.00166785
0.00161519
0.00167208
0.0018425
0.00217185
0.00214976
0.00186609
0.00192437
0.00218258
0.00261633
0.00286408
0.00292225
0.00310942
0.0033351
0.00352146
0.00363159
0.00372543
0.00399521
0.00424641
0.00432424
0.00430475
0.00421611
0.00397734
0.00375584
0.00362914
0.003311
0.00287125
0.00264241
0.00246512
0.00222157
0.0019158
0.00158412
0.00131043
9.6206E-4
5.06308E-4
2.2792E-4
4.54163E-5
-4.37047E-4
-9.06764E-4
-0.00119903
-0.00149001
-0.00177833
-0.00191938
-0.00208016
-0.00238146
-0.00288405
-0.00337006
-0.00364048
-0.00384125
-0.00400294
-0.00414283
-0.004316
-0.00458011
-0.00488257
-0.00520942
-0.00565626
-0.00619855
-0.00678881
-0.00701424
-0.00696306
-0.00702426
-0.0070604
-0.00697064
-0.00696712
-0.0070209
-0.00687953
-0.0066576
-0.00643218
-0.00618575
-0.00596205
-0.00589108
-0.00570865
-0.00531283
-0.00496529
-0.00467682
-0.00440262
-0.00423881
-0.00421659
-0.00414326
-0.00394826
-0.00358245
-0.00320148
-0.00282946
-0.00235762
-0.00190514
-0.00159713
-0.00125624
-8.54246E-4
-6.13967E-4
-4.82677E-4
-3.9896E-4
-2.95437E-4
-1.74686E-4
-1.02918E-4
-4.52954E-5
5.44759E-6
-7.88824E-5
-2.5047E-4
-3.22073E-4
-3.9512E-4
-5.41934E-4
-3.21134E-4
1.30546E-4
1.74745E-4
1.09932E-4
6.97304E-5
-1.92303E-4
-5.40324E-4
-5.253E-4
-4.74097E-4
-5.70048E-4
-7.12477E-4
-8.46267E-4
-8.3665E-4
-9.7021E-4
-0.00134922
-0.00166673
-0.00192458
-0.00224183
-0.00248563
-0.00257403
-0.00253436
-0.00255112
-0.0027637
-0.00282674
-0.0026594
-0.0026139
-0.00261259
-0.00247584
-0.00235661
-0.00229457
-0.00213035
-0.00189233
-0.00161774
-0.00133027
-0.00105163
-8.63909E-4
-7.16324E-4
-5.48876E-4
-3.63395E-4
-1.70158E-4
3.12766E-5
1.9663E-4
2.77107E-4
4.03338E-4
6.39703E-4
0.00117889
0.00170977
0.00191025
0.00218119
0.00256366
0.00274446
0.00282385
0.00291263
0.00302098
0.00311554
0.00308399
0.00304727
0.00311643
0.00311629
0.00301308
0.00280012
0.00257112
0.00241068
0.0022896
0.00216555
0.00195349
0.00169272
0.00137608
0.0012433
0.00118
5.98425E-4
-4.89963E-5
-5.34109E-4
-0.00110057
-0.00166531
-0.0018846
-0.00223357
-0.00290838
-0.00347426
-0.00393224
-0.00438314
-0.00471197
-0.00494684
-0.00562227
-0.00635069
-0.00661867
-0.00670391
-0.00667282
-0.00651782
-0.00643789
-0.00659971
-0.00670939
-0.00663908
-0.00637214
-0.00600958
-0.00557418
-0.0051694
-0.00482281
-0.00438015
-0.00379165
-0.00299602
-0.00237314
-0.0019299
-0.00140538
-7.26448E-4
2.10664E-4
0.00100573
0.00154001
0.00210216
0.00280687
0.00370466
0.00440166
0.00490787
0.00551322
0.0061882
0.00690488
0.0075743
0.00817117
0.00875852
0.00928515
0.00965073
0.0100311
0.0104255
0.0104785
0.0104389
0.0105731
0.0106379
0.0105729
0.0105927
0.0106584
0.0106449
0.0104316
0.0100065
0.00968505
0.00945896
0.00928204
0.0090421
0.00868484
0.00822379
0.00773289
0.00741166
0.0070815
0.00664106
0.00613866
0.0055957
0.00500658
0.00439614
0.00377687
0.00320371
0.00266357
0.00208216
0.00160066
0.00125417
7.35378E-4
1.3069E-4
-1.24207E-4
-3.45659E-4
-7.07754E-4
-8.92274E-4
-9.44381E-4
-0.00112856
-0.00141798
-0.001845
-0.00228841
-0.00265333
-0.00279296
-0.00298394
-0.00339506
-0.00360312
-0.0036356
-0.00380441
-0.00399635
-0.00409731
-0.0041608
-0.00417797
-0.00397917
-0.00373866
-0.00362707
-0.0034183
-0.00315628
-0.00321491
-0.00329558
-0.00298864
-0.00251702
-0.00228709
-0.00187772
-0.00128856
-0.00110772
-9.70754E-4
-6.21656E-4
-3.87186E-4
-2.46415E-4
1.2094E-4
5.0052E-4
6.15887E-4
6.1407E-4
5.82634E-4
4.53962E-4
3.07591E-4
2.23811E-4
5.87884E-5
-2.17552E-4
-3.87713E-4
-5.08583E-4
-6.97834E-4
-9.51074E-4
-0.00124777
-0.00145099
-0.00164957
-0.00196929
-0.00225448
-0.0024275
-0.00242425
-0.00240617
-0.00263718
-0.00296867
-0.00330258
-0.00345471
-0.00352153
-0.0035937
-0.0036463
-0.00368458
-0.00372625
-0.00379446
-0.00396045
-0.00409911
-0.0041731
-0.00438435
-0.00463712
-0.00453282
-0.00443073
-0.00455185
-0.00458134
-0.00446281
-0.00413834
-0.00385174
-0.0037224
-0.00355347
-0.0033175
-0.00301024
-0.00267331
-0.00233429
-0.00201135
-0.00169655
-0.0012852
-8.55049E-4
-5.17926E-4
-1.36688E-4
3.25622E-4
6.91904E-4
9.63439E-4
0.00117534
0.00142668
0.00177146
0.00198844
0.00208427
0.00217888
0.00229243
0.00242537
0.00248018
0.00246676
0.00243174
0.00248534
0.00275801
0.00286399
0.00271558
0.0027663
0.00293163
0.00302317
0.00295553
0.00272967
0.00268922
0.00274745
0.00245462
0.00200917
0.00146124
0.00109728
9.20889E-4
6.73137E-4
4.18454E-4
2.23627E-4
2.17142E-5
-2.46148E-4
-7.4261E-4
-0.00133528
-0.00188354
-0.00223199
-0.00242477
-0.00257807
-0.00272194
-0.00289212
-0.00317694
-0.00360145
-0.00396505
-0.00424836
-0.00446399
-0.00455798
-0.00448349
-0.00427964
-0.00407503
-0.00399041
-0.00405305
-0.00421312
-0.00407416
-0.0037714
-0.00338099
-0.00296055
-0.00255856
-0.0022
-0.00190363
-0.00172454
-0.00150449
-0.00112496
-8.08327E-4
-5.75876E-4
-3.42269E-4
2.89008E-5
6.9828E-4
0.00108126
0.00104969
0.00139584
0.0018789
0.00188995
0.00179085
0.0017865
0.00194864
0.0021745
0.00243899
0.00272994
0.0029998
0.00314828
0.00319404
0.00319549
0.00312332
0.00289552
0.00276103
0.00275314
0.00275481
0.00270696
0.00253279
0.00220657
0.00180103
0.00188859
0.0020467
0.00173896
0.00138024
0.00113232
0.00107612
0.00104662
7.91661E-4
7.77359E-4
0.00117148
0.00171838
0.00211881
0.00146522
7.56304E-4
4.77851E-4
3.95285E-4
4.26549E-4
3.63107E-4
2.85552E-4
2.3809E-4
1.91742E-4
1.24216E-4
-2.88011E-5
-1.40926E-4
-5.92813E-5
-4.28432E-5
-9.56303E-5
5.42053E-5
1.78797E-4
4.46137E-6
-8.3155E-5
5.87227E-5
3.20013E-4
5.78331E-4
7.46723E-4
8.77104E-4
9.94566E-4
0.00117791
0.00142933
0.0017314
0.00198869
0.0021237
0.00224503
0.00236733
0.00240186
0.00244867
0.00262974
0.00285705
0.00305011
0.00293642
0.00277585
0.00285752
0.00300535
0.00312914
0.00305557
0.002875
0.00257899
0.00229434
0.00210501
0.0020406
0.00204844
0.00198608
0.00174701
0.00115952
7.30396E-4
5.43101E-4
4.14281E-4
2.88878E-4
1.99934E-4
1.0682E-4
-4.6607E-5
-3.7839E-4
-7.34948E-4
-9.39965E-4
-0.00103547
-0.00103449
-7.30734E-4
-4.25705E-4
-4.58528E-4
-5.24206E-4
-5.7251E-4
-8.99059E-4
-0.00124569
-0.00106901
-7.25599E-4
-3.91597E-4
-1.39015E-4
3.5397E-5
2.49463E-4
4.22575E-4
4.55325E-4
4.43612E-4
4.44233E-4
4.78594E-4
4.70136E-4
3.24279E-4
2.15872E-4
1.64143E-4
4.61399E-5
2.13723E-6
2.34725E-4
5.80393E-4
9.16278E-4
8.74334E-4
6.68835E-4
5.01197E-4
4.49294E-4
5.37144E-4
5.21623E-4
3.91961E-4
1.93301E-4
2.7287E-5
-6.01687E-5
1.53532E-5
2.07472E-4
4.01507E-4
3.9503E-4
-8.38848E-5
-6.91834E-4
-0.0011822
-0.00121106
-0.00107698
-0.00104869
-0.00102623
-0.00100118
-9.82242E-4
-9.87379E-4
-0.00109323
-0.00118709
-0.00119792
-0.00109139
-9.77329E-4
-0.00103425
-0.00110078
-0.00110539
-0.00101757
-8.94586E-4
-9.37685E-4
-0.00100704
-0.00104187
-0.00118651
-0.00137968
-0.00138754
-0.0012773
-0.00111293
-0.00109112
-0.00128606
-0.00150216
-0.0015897
-0.00144013
-0.00136126
-0.00142082
-0.00136002
-0.00125845
-0.00128893
-0.00121235
-9.17822E-4
-4.77679E-4
-2.69659E-5
7.98837E-5
1.17213E-4
2.52178E-4
6.72354E-4
0.00125545
0.001524
0.00158444
0.00151192
0.00144368
0.00142159
0.00133655
0.0012752
0.00147721
0.00153089
0.00127163
0.00104164
8.53938E-4
5.54573E-4
2.49226E-4
-3.98093E-6
-3.3295E-4
-6.97747E-4
-9.0453E-4
-0.00107135
-0.00125043
-0.00140369
-0.00150709
-0.00140423
-0.00127952
-0.00133367
-0.00144472
-0.00159537
-0.00184608
-0.00206353
-0.00210756
-0.00206493
-0.00198854
-0.00206476
-0.00220215
-0.00226107
-0.00233487
-0.00245066
-0.00253078
-0.00259274
-0.00274302
-0.00278528
-0.00250899
-0.00223604
-0.00206074
-0.00192772
-0.00181091
-0.00168487
-0.00139677
-9.29006E-4
-6.70035E-4
-5.50324E-4
-5.07093E-4
-4.60634E-4
-3.49439E-4
-6.28861E-5
3.14042E-4
4.82446E-4
6.74196E-4
0.00105168
0.00122896
0.00126011
0.00157046
0.00181575
0.00170476
0.00178813
0.00216356
0.00225629
0.00216624
0.00209543
0.00210052
0.00219699
0.00231145
0.00243475
0.00262502
0.00276407
0.00280013
0.00285548
0.00290785
0.00279081
0.00272257
0.00285199
0.00280167
0.00258394
0.00245395
0.00234918
0.00217727
0.00205993
0.00198964
0.00167479
0.00124686
8.00661E-4
3.45526E-4
-7.77736E-5
-3.33851E-4
-5.65308E-4
-0.00105965
-0.00152225
-0.00182894
-0.0020731
-0.00229491
-0.00257466
-0.00285335
-0.00306816
-0.00309721
-0.00303552
-0.00319044
-0.00344196
-0.00374248
-0.00380612
-0.00370286
-0.0038696
-0.00410975
-0.00419631
-0.00424074
-0.00424248
-0.00401083
-0.00376564
-0.00392277
-0.00406631
-0.00401054
-0.00391118
-0.0037828
-0.00343082
-0.00300944
-0.00261413
-0.00225763
-0.00193446
-0.00158885
-0.00127362
-0.00103451
-7.87839E-4
-4.84315E-4
-2.7415E-6
4.4191E-4
6.00374E-4
7.57525E-4
9.73984E-4
0.00106424
0.00108109
0.00103934
0.00108312
0.00127068
0.00145288
0.00162614
0.00188795
0.00209386
0.00213275
0.00228875
0.00258816
0.00295722
0.00334542
0.00370945
0.00390542
0.00387028
0.0037505
0.00367405
0.00379406
0.00387391
0.0038149
0.00371694
0.00356822
0.00325901
0.00299312
0.00285961
0.00277533
0.00270761
0.0025981
0.00246435
0.00229791
0.00213317
0.00200328
0.00199431
0.00196262
0.00174301
0.00150982
0.00132908
0.00122157
0.00111093
9.17569E-4
7.44093E-4
6.35456E-4
6.58044E-4
6.64651E-4
3.43958E-4
1.03312E-4
9.93516E-5
1.16111E-5
-1.07974E-4
6.42974E-5
2.64529E-4
3.74837E-4
7.30186E-4
0.00119177
0.0011514
0.00105154
0.00137406
0.00154484
0.0015183
0.00174135
0.00204065
0.00218461
0.00225384
0.00226446
0.00222132
0.00215769
0.00204637
0.00192977
0.00183434
0.00177067
0.00171182
0.00155505
0.00138135
0.00124997
0.00129697
0.00143345
0.00133414
0.0012507
0.00135259
0.00130322
0.00112184
0.00106652
0.00106122
0.00103081
0.00119615
0.00158683
0.00176759
0.0017907
0.00169414
0.00162891
0.00165881
0.00166285
0.00165986
0.0017189
0.0016863
0.00149824
0.00131584
0.00116748
0.00106421
0.0010144
0.00103771
0.00118104
0.00134835
0.00123773
0.00112337
0.00116034
0.00107359
9.04049E-4
9.40896E-4
0.00101831
9.5533E-4
9.61328E-4
0.00101295
7.79297E-4
4.48766E-4
2.10306E-4
-6.72774E-5
-4.13167E-4
-6.97963E-4
-9.81464E-4
-0.00139079
-0.00192943
-0.00257663
-0.00307295
-0.00352227
-0.00421094
-0.00483713
-0.00522433
-0.00529431
-0.00532583
-0.00567578
-0.00598789
-0.00609937
-0.00601286
-0.00590507
-0.00597891
-0.00600199
-0.00589405
-0.00577676
-0.00566385
-0.00552926
-0.00529861
-0.00494331
-0.00454369
-0.00415591
-0.00389433
-0.00362968
-0.00327482
-0.00287816
-0.0025393
-0.00261925
-0.00273078
-0.0024527
-0.00219253
-0.00204754
-0.00177333
-0.00141906
-0.00105624
-7.34813E-4
-4.68457E-4
-2.24622E-4
2.60945E-5
3.42111E-4
5.92884E-4
7.62051E-4
0.00112896
0.00164528
0.00210662
0.00254345
0.00297173
0.00320952
0.0033074
0.00345989
0.00359707
0.00364287
0.00377497
0.00396722
0.0039763
0.00392968
0.00396663
0.00403581
0.00410677
0.00409215
0.00405622
0.0040709
0.00403448
0.00393173
0.00391836
0.00394231
0.00389188
0.00381008
0.00370746
0.00356332
0.00339757
0.0031766
0.00289578
0.00256561
0.00225868
0.00198134
0.0017038
0.00115873
3.14741E-4
-1.91146E-4
-5.08868E-4
-9.10787E-4
-0.00124788
-0.00149424
-0.00192873
-0.00239772
-0.00254817
-0.00282568
-0.00336948
-0.0037017
-0.00389255
-0.00408792
-0.0043572
-0.00469553
-0.00485338
-0.00499486
-0.00549157
-0.00567581
-0.00532438
-0.00519658
-0.00530588
-0.00534884
-0.00513593
-0.00470118
-0.00459571
-0.00471273
-0.00453078
-0.00429902
-0.0041707
-0.0039807
-0.0037623
-0.00372053
-0.00365502
-0.00342931
-0.00335948
-0.0034242
-0.00338275
-0.00322484
-0.00289694
-0.00258836
-0.00237552
-0.00230244
-0.00218756
-0.00191523
-0.00170167
-0.00155107
-0.00132451
-0.0011058
-0.00101462
-9.9839E-4
-0.00100313
-0.00101095
-9.50111E-4
-7.15237E-4
-4.82633E-4
-3.15022E-4
-2.07549E-4
-1.7073E-4
-2.41783E-4
-2.1875E-4
-5.77251E-5
-4.90861E-5
-5.27524E-5
1.50235E-4
2.87519E-4
2.85356E-4
3.85018E-4
5.53085E-4
7.40767E-4
8.75152E-4
9.38647E-4
0.00104093
0.00117689
0.00134334
0.00131421
0.00109752
0.00136048
0.00182253
0.00206715
0.00219125
0.00222482
0.00217266
0.00211492
0.00227783
0.0024836
0.00263765
0.00274939
0.00283759
0.0029811
0.00314277
0.00331728
0.00362053
0.00396869
0.00405706
0.00416378
0.00447488
0.00465823
0.00470457
0.00477336
0.00491767
0.00517267
0.00530707
0.00532608
0.00539233
0.00551725
0.00572059
0.00594662
0.00614006
0.00611202
0.00604612
0.00613115
0.00611929
0.00593011
0.00571706
0.00547722
0.00512679
0.00492277
0.00492023
0.00473386
0.00441686
0.00399263
0.00349728
0.00300125
0.00278595
0.00264872
0.00222605
0.00175946
0.00137316
0.00114641
8.51286E-4
2.38542E-4
-2.42708E-4
-4.54273E-4
-6.58936E-4
-9.32486E-4
-0.00129068
-0.00179822
-0.002426
-0.00268514
-0.00281401
-0.00314425
-0.00351632
-0.00386482
-0.00412998
-0.00435055
-0.00456017
-0.00480295
-0.00507984
-0.00525844
-0.00544615
-0.00577949
-0.00597295
-0.00595233
-0.00603921
-0.00609234
-0.00585145
-0.00574942
-0.00591977
-0.00600105
-0.00592211
-0.00568444
-0.0055196
-0.00548523
-0.0054241
-0.00530727
-0.00512434
-0.00494308
-0.00474881
-0.00439435
-0.00399122
-0.00365838
-0.00335801
-0.00306822
-0.00267173
-0.00231951
-0.00243432
-0.00247002
-0.00219459
-0.00190274
-0.0016654
-0.00149437
-0.00135119
-0.00123439
-0.0011377
-0.00100427
-6.55772E-4
-3.43631E-4
-1.43451E-4
2.22218E-4
6.4864E-4
9.38819E-4
0.00107424
0.00109266
0.00132522
0.00171247
0.0019257
0.00201538
0.00205938
0.00217246
0.0023378
0.00246194
0.0025829
0.00271958
0.00278229
0.00276679
0.00266418
0.00261028
0.00267696
0.00251633
0.00222244
0.00229397
0.00237575
0.00223462
0.0022265
0.00233432
0.00228829
0.00220839
0.00217624
0.00209857
0.00199003
0.00194624
0.00182136
0.00150068
0.00154194
0.00186045
0.00187103
0.00187508
0.00207484
0.00185522
0.0013561
0.00132961
0.00135877
0.0011511
0.00100987
9.71765E-4
9.97488E-4
7.61739E-4
-2.95864E-5
-2.87676E-4
-5.36708E-5
-2.273E-4
-5.7876E-4
-9.4165E-4
-0.00114953
-0.00119888
-0.0011216
-0.00103376
-9.74143E-4
-0.00101348
-0.00109388
-9.55155E-4
-7.62881E-4
-5.8245E-4
-3.83261E-4
-1.88331E-4
-1.97236E-5
9.16942E-5
1.0929E-4
3.02628E-4
6.02243E-4
5.86056E-4
5.15221E-4
5.53245E-4
6.99777E-4
8.78573E-4
8.40091E-4
6.86653E-4
5.05114E-4
3.59194E-4
2.53607E-4
1.74693E-4
8.79391E-5
-2.54287E-5
-2.34404E-6
1.30885E-4
2.47183E-4
3.89153E-4
6.3024E-4
8.78708E-4
0.00105421
9.73755E-4
9.55189E-4
0.00119929
0.001281
0.00120692
0.00127451
0.00130793
0.00106773
8.20596E-4
6.3206E-4
3.41624E-4
2.60407E-6
-3.57558E-4
-6.46947E-4
-8.67945E-4
-0.00107492
-0.00128957
-0.00150074
-0.00159844
-0.00160387
-0.00157448
-0.00158025
-0.00168905
-0.00190551
-0.00216196
-0.0023267
-0.00244651
-0.00250758
-0.00244347
-0.00232748
-0.00232621
-0.00232821
-0.00225104
-0.00218754
-0.00210415
-0.00177808
-0.00153832
-0.00165735
-0.00181163
-0.00187317
-0.00175687
-0.00161024
-0.00145154
-0.0011914
-9.46025E-4
-0.0010705
-0.00108869
-6.26708E-4
-2.05096E-4
5.83225E-5
2.2599E-4
4.14269E-4
7.37881E-4
0.00106752
0.00136137
0.00164707
0.00192509
0.0021965
0.00246587
0.00276761
0.00326141
0.00373504
0.00393867
0.00404079
0.00407787
0.00404819
0.0040523
0.0041495
0.00398805
0.00352648
0.00344777
0.00352808
0.00339277
0.00320194
0.00299606
0.00269514
0.00240134
0.00222847
0.00202693
0.00179257
0.00179091
0.00183339
0.00168606
0.00145598
0.0011812
9.44018E-4
7.87628E-4
7.29149E-4
4.73063E-4
-6.1283E-5
-5.14287E-4
-8.11988E-4
-9.79874E-4
-0.00130091
-0.00184658
-0.00234606
-0.00265182
-0.00264252
-0.00263958
-0.0027743
-0.00311534
-0.00338371
-0.00328842
-0.00336415
-0.00371519
-0.00375554
-0.00360831
-0.00348612
-0.00341458
-0.00335612
-0.0030887
-0.00284355
-0.00288905
-0.00295421
-0.00291207
-0.00263136
-0.00229533
-0.00212435
-0.00186098
-0.0014597
-0.00130318
-0.00122815
-8.98282E-4
-6.75041E-4
-6.7471E-4
-5.17166E-4
-2.24076E-4
1.17125E-5
2.34777E-4
4.74085E-4
5.56333E-4
5.72463E-4
9.08639E-4
0.00128379
0.00153315
0.00170542
0.00183157
0.00197707
0.00201525
0.00181188
0.0018062
0.00198603
0.00196212
0.00186102
0.00182012
0.00175086
0.00164506
0.00158408
0.00150334
0.00130161
9.95671E-4
6.20716E-4
4.02847E-4
2.96581E-4
2.2441E-4
1.14426E-4
-6.15757E-5
-2.5757E-4
-3.51088E-4
-2.12414E-4
-2.62592E-4
-5.8821E-4
-6.83156E-4
-6.22129E-4
-5.72046E-4
-4.97043E-4
-3.82847E-4
-2.6999E-4
-2.25338E-4
-4.49011E-4
-4.83722E-4
-1.79751E-4
-3.80775E-5
-1.46074E-5
3.81744E-5
2.7447E-5
-6.36844E-5
-1.75418E-5
1.11678E-4
2.83202E-4
3.74822E-4
3.51307E-4
3.57941E-4
4.54232E-4
7.99112E-4
9.59834E-4
8.0E-4
7.82521E-4
9.10941E-4
