8.568098999999999E-4
5.508521999999999E-4
3.216521E-4
1.5767249999999998E-4
1.1180749999999999E-6
-1.829966E-4
-3.482316E-4
-4.0728269999999994E-4
-3.416606E-4
-2.5349869999999997E-4
-2.827835E-4
-4.3305799999999995E-4
-5.303945E-4
-4.1429419999999996E-4
-1.0281479999999998E-4
2.3673899999999997E-4
4.328546E-4
4.544466E-4
4.2609749999999996E-4
5.00305E-4
6.752030999999999E-4
7.248848999999998E-4
4.1203039999999994E-4
-1.6635499999999998E-4
-5.480246E-4
-3.7723489999999993E-4
1.365689E-4
4.4170989999999996E-4
3.3749169999999995E-4
1.615996E-4
2.712368E-4
6.663679E-4
0.0011160709999999997
0.001368496
0.001235365
7.555713999999999E-4
3.146663E-4
3.346216999999999E-4
8.244465999999999E-4
0.0013781959999999997
0.001589835
0.001240282
2.598301E-4
-8.764582999999999E-4
-0.001231654
-5.382033E-4
4.241476E-4
8.739382999999999E-4
9.290806999999999E-4
0.0012566389999999997
0.00212981
0.002976712
0.002816411
0.0012300069999999998
-0.001078177
-0.0026795679999999994
-0.0025913749999999995
-0.001215278
-6.016205E-5
-1.864838E-4
-6.934957999999999E-4
4.2340819999999997E-4
0.0033805479999999997
0.005748518
0.005429989
0.003078276
5.816396999999999E-4
-0.001251012
-0.002590894
-0.003278887
-0.0027282249999999995
-0.001019064
5.803788999999999E-4
6.777131E-4
-5.242179E-4
-0.001368874
-7.280869999999999E-4
9.887994E-4
0.002399436
0.0022681149999999994
6.800336999999999E-4
-5.527263E-4
5.819971999999999E-4
0.0035333769999999994
0.005460507
0.004969722
0.003309664
0.0019746079999999997
0.0011570039999999999
2.272453E-4
-0.001659483
-0.005107637999999999
-0.009200476
-0.011586729999999998
-0.01048275
-0.005676066999999999
0.0012470869999999998
0.007261738999999999
0.009958286999999998
0.009623713999999998
0.008394077
0.007389193999999999
0.00586779
0.002943011
-9.376462E-4
-0.004289791
-0.005877789999999999
-0.005553528
-0.004110192
-0.002719564
-0.0023770089999999994
-0.0032867769999999994
-0.004409552
-0.003936351
-9.329204E-4
0.0033488209999999997
0.00624361
0.006200513
0.004068284999999999
0.0016664039999999998
4.9419969999999996E-5
-7.891155999999999E-4
-0.0015776769999999998
-0.0032063829999999997
-0.005582075
-0.0071520889999999995
-0.006453339
-0.003688624
-5.1927529999999996E-5
0.003679146
0.006874863999999999
0.008205759999999998
0.006673835
0.0031594599999999994
-8.959910999999999E-5
-0.0015343349999999997
-0.001565292
-0.0016391279999999997
-0.0026182009999999997
-0.003957076
-0.0043325759999999994
-0.003091703
-7.814941999999999E-4
0.0017268309999999999
0.0038958139999999996
0.005105686
0.004645442
0.00249234
-3.913586E-4
-0.002126348
-9.703965999999999E-4
0.0023765399999999995
0.00469456
0.003696091
2.9434259999999994E-4
-0.0032433999999999996
-0.005914446
-0.007672413999999999
-0.007841933
-0.005243141999999999
5.165070999999999E-4
0.007829042
0.013550679999999999
0.01536432
0.013071639999999999
0.008072581
0.0026019739999999995
-0.0015385759999999998
-0.003964535
-0.004886633
-0.004361593
-0.002474289
7.048792999999999E-4
0.004700695
0.007980541999999998
0.008969087999999998
0.007452534999999999
0.0037555979999999997
-0.00220738
-0.008985259
-0.01244914
-0.009956365999999998
-0.004194055
-4.2246409999999997E-5
9.130441999999999E-4
0.001344297
0.004471991999999999
0.009338319
0.01113128
0.006964500999999999
-0.001013621
-0.007775831999999999
-0.009845036999999997
-0.008153913
-0.005796312999999999
-0.003976695999999999
-0.001325777
0.0029916959999999994
0.006706999
0.006809881
0.003111776
-0.0018077699999999998
-0.0046539319999999995
-0.004052473
-0.001999102
-0.0014949769999999998
-0.002737222
-0.002836872
4.638402E-5
0.003658752
0.004443947
0.001752014
-0.0025655989999999996
-0.006961080999999999
-0.01066597
-0.012598679999999998
-0.01193455
-0.009319261
-0.006465095999999999
-0.0045752169999999995
-0.003121119
-8.177986E-4
0.0020369349999999997
0.0035565559999999998
0.0027006619999999995
2.0568059999999998E-4
-0.002616381
-0.004556099
-0.00472954
-0.003226367
-0.001146507
2.1907219999999997E-4
4.567892999999999E-4
7.283964E-4
0.002267011
0.003504147
0.0013277839999999998
-0.00392141
-0.007959754
-0.007851193
-0.004878587999999999
-0.0016594199999999998
0.001155181
0.004495229999999999
0.008333579999999998
0.010825919999999998
0.010376709999999999
0.007892589999999998
0.0067328299999999995
0.008506166
0.00926767
0.00421567
-0.004708743999999999
-0.009885412
-0.006886687999999999
4.5276599999999995E-4
0.0051077499999999994
0.004622685999999999
0.0017308929999999998
-5.530573E-4
-0.0016859159999999998
-0.002408773
-0.003122552
-0.00361022
-0.0031437749999999997
-0.0011341789999999997
0.0016148369999999998
0.003342498
0.0034205709999999994
0.003136211
0.0043997839999999995
0.007774920999999999
0.01150129
0.012771409999999999
0.010455079999999999
0.005719947999999999
2.614971E-4
-0.0047873759999999994
-0.009114564
-0.012971449999999999
-0.015793589999999996
-0.01587405
-0.01278862
-0.008586477999999998
-0.005387993
-0.0034477549999999994
-0.001911365
-1.1119229999999998E-4
0.002069445
0.004432563
0.00686198
0.009275588
0.01056827
0.008701614
0.004163264
0.0015394319999999999
0.004317032
0.009454811999999998
0.01040852
0.004612368
-0.005156198
-0.013906799999999999
-0.017017069999999995
-0.01344188
-0.006996791
-0.002665933
-0.001320591
7.098717E-5
0.003128933
0.006167756999999999
0.007368736999999999
0.006840698
0.005454557999999999
0.0036427639999999997
0.001456129
-0.0014252149999999999
-0.005663201999999999
-0.01054736
-0.01269738
-0.009471609999999998
-0.002864767
0.002916736
0.006116072
0.007433726999999999
0.007568112
0.0063458659999999995
0.0028473149999999996
-0.003792371
-0.01241832
-0.01867466
-0.018720889999999997
-0.014136249999999998
-0.009500453999999998
-0.006824051999999999
-0.004383144
6.70904E-4
0.008727919
0.01614649
0.01870575
0.01716384
0.01577866
0.015138579999999999
0.011947729999999998
0.005328489999999999
-0.0014520489999999997
-0.004371527
-0.0025967929999999996
2.581247E-4
8.394548999999999E-5
-0.003279754
-0.006510217999999999
-0.006730490999999999
-0.004122869999999999
-5.765098E-4
0.002161629
0.0021779459999999996
-0.002042943
-0.009788715999999998
-0.016722639999999997
-0.016467509999999998
-0.006390701999999999
0.008660758999999999
0.01894128
0.017565159999999996
0.007403797999999999
-8.974477999999998E-4
-0.0011980859999999997
-2.083376E-5
-0.005793498999999999
-0.015194429999999998
-0.018295789999999996
-0.012319519999999999
-0.002654978
0.004328323999999999
0.004456056
-8.120403E-4
-0.0037564899999999995
4.016512E-4
0.006582563999999999
0.006372836999999999
-0.001973922
-0.012309049999999998
-0.017180749999999998
-0.015490929999999998
-0.013184769999999998
-0.01547009
-0.0197313
-0.018277499999999995
-0.008937473999999999
2.2791629999999998E-4
-9.138046999999999E-5
-0.008095997999999998
-0.01265071
-0.007880555
0.0016531509999999998
0.010413489999999997
0.01611169
0.015183079999999998
0.006970728999999999
-8.279861999999999E-4
-0.0011169579999999997
0.0034294049999999995
0.0044228259999999995
-0.0024911729999999997
-0.014547859999999998
-0.02508085
-0.027878439999999997
-0.02178268
-0.012814
-0.011201099999999999
-0.0195531
-0.026255149999999998
-0.020776319999999997
-0.008070217
1.454592E-4
-1.6481599999999998E-4
-0.004372785
-0.005714852999999999
-3.172357E-4
0.008947813
0.0126361
0.0030608909999999996
-0.015949649999999996
-0.030040379999999995
-0.027776179999999998
-0.01214507
0.0026602609999999997
0.006479465
0.0048683139999999995
0.009111557
0.016478429999999995
0.013120309999999998
-0.005333359
-0.02623068
-0.03354977
-0.02385709
-0.006815373999999999
0.0027879679999999996
-0.005395422
-0.02443889
-0.03188135
-0.018426079999999997
-0.003941271
-0.008065231
-0.01771181
-0.004988844
0.025599
0.037048349999999994
0.008877731999999998
-0.03612872
-0.05367685
-0.027190699999999998
0.009750471999999998
0.01339057
-0.01822486
-0.04573673999999999
-0.037316739999999994
-0.005394293999999999
0.01690139
0.0213855
0.023393569999999995
0.029273049999999995
0.03131829
0.027275129999999998
0.021533539999999997
0.01420656
0.007229120999999999
0.009312300999999999
0.02381477
0.04002741
0.04497845
0.040449809999999996
0.03586282
0.031839389999999995
0.02415335
0.01707916
0.02220758
0.03881032999999999
0.04675577
0.02990338
-0.002302498
-0.022820649999999998
-0.01605125
0.004986984
0.015206009999999999
0.00616662
-0.008563485
-0.01253609
-0.003945700999999999
0.003349125
-0.006999998
-0.035817039999999994
-0.06198121
-0.0604535
-0.029585209999999997
0.007013825
0.027084079999999996
0.028203779999999998
0.017561029999999995
9.693681999999999E-4
-0.01058014
-0.0034539999999999996
0.02234156
0.04863432
0.0548094
0.0392815
0.02161641
0.021242929999999997
0.03727032
0.0489188
0.03602742999999999
0.0034675889999999997
-0.019354909999999996
-0.014053709999999999
0.002320547
0.002481252
-0.01892377
-0.04474228999999999
-0.0517471
-0.03474602
-0.01643648
-0.019509
-0.03710491
-0.045400739999999995
-0.03712835
-0.02726717
-0.026849509999999997
-0.026782189999999997
-0.01733054
-0.009167532
-0.01950548
-0.04999267999999999
-0.08362218999999999
-0.09529890999999999
-0.07377588999999998
-0.033209419999999996
0.0046314519999999994
0.03163684
0.05099195
0.06263145999999999
0.061783489999999996
0.050522899999999996
0.04106611
0.04057485
0.03950464
0.025809229999999996
0.004245472
-0.009992203999999998
-0.012383389999999998
-0.0119911
-0.01591527
-0.01949402
-0.012994019999999998
0.004377523
0.02142208
0.02791022
0.027293269999999998
0.031608489999999996
0.045432549999999995
0.059860569999999995
0.06305126999999999
0.05418650999999999
0.04632151
0.05211536
0.06648165
0.07412197
0.0708885
0.06729162
0.07459764999999999
0.09190428999999999
0.10588409999999998
0.10375279999999999
0.08526913
0.0597575
0.03966855
0.03640293
0.047412209999999996
0.05267296
0.03580127
3.058696E-4
-0.036249979999999994
-0.057028119999999995
-0.057939859999999996
-0.04919595999999999
-0.04602831999999999
-0.05581418
-0.07487567999999999
-0.09646986
-0.11278539999999998
-0.11551609999999998
-0.1061265
-0.09263442
-0.07320336999999999
-0.03901157999999999
0.005349129999999999
0.03624921999999999
0.03688410999999999
0.020635669999999995
0.01298543
0.01981577
0.027904719999999997
0.02747464
0.022410529999999998
0.02146256
0.027308239999999998
0.03671293
0.04504761
0.04569921
0.033457579999999994
0.01550639
0.005214991
0.0010833999999999998
-0.0101377
-0.03369673
-0.06107803999999999
-0.07805634
-0.07757855
-0.06642179
-0.059312369999999996
-0.06543203999999998
-0.0777763
-0.07933268
-0.06163937
-0.02958262
0.008146068
0.04114510999999999
0.05895419999999999
0.05993752
0.05008217999999999
0.03402739
0.01543287
0.0021217019999999996
0.0014151329999999998
0.009883848
0.014801329999999998
0.006113507999999999
-0.01738247
-0.04862062999999999
-0.07403221999999998
-0.08243686
-0.07541905999999998
-0.06476417
-0.06093752999999999
-0.06474004
-0.06866943999999998
-0.06593101999999999
-0.05688481
-0.04749087
-0.043440849999999996
-0.045570929999999996
-0.049426649999999996
-0.04826069
-0.03797565
-0.019373139999999997
0.004609005
0.03391344999999999
0.07273621999999999
0.11693339999999999
0.14556289999999997
0.14201239999999998
0.11877279999999998
0.10674279999999998
0.11959669999999999
0.1419913
0.15388119999999997
0.15178769999999997
0.14174909999999996
0.12301679999999998
0.09076185999999999
0.04855828
0.007122914
-0.024995329999999996
-0.04602513
-0.06340195
-0.09004178999999998
-0.1251275
-0.1436635
-0.12327069999999998
-0.07128461999999999
-0.011411809999999998
0.04120469999999999
0.08283757
0.10956449999999998
0.11420699999999999
0.09653655
0.06642816999999998
0.03468598
0.006555206
-0.0162791
-0.03299883
-0.04456959
-0.05345975
-0.06256718
-0.07482557999999999
-0.09121965
-0.10991429999999999
-0.1277233
-0.13865499999999997
-0.136201
-0.1252262
-0.12087949999999999
-0.13014769999999998
-0.1466289
-0.16276849999999998
-0.1759445
-0.1819127
-0.17337679999999997
-0.14807729999999997
-0.11026689999999999
-0.06529972
-0.015172199999999999
0.04187040999999999
0.1061935
0.17355459999999998
0.23920399999999997
0.30044579999999993
0.34818319999999997
0.36701599999999995
0.3535536
0.32201799999999997
0.2922873999999999
0.2780152
0.2780344
0.2739604
0.2434233
0.18232159999999997
0.10626069999999999
0.03171473
-0.03206403
-0.07867931
-0.10714019999999999
-0.12569689999999997
-0.1449865
-0.16943719999999998
-0.1971939
-0.22559669999999998
-0.2538662
-0.2769551
-0.282251
-0.2641547
-0.2336657
-0.20291379999999998
-0.1692302
-0.1249458
-0.07846369999999998
-0.04939912999999999
-0.04149734
-0.03753663
-0.021957319999999995
0.006246987
0.04155861
0.08059709
0.11687119999999998
0.1334257
0.11647289999999999
0.07131014
0.01906986
-0.01244142
-0.005835122
0.03109205
0.07721402
0.11519809999999998
0.1324326
0.1223897
0.08821324999999999
0.03807845
-0.020408669999999997
-0.07445375
-0.1009642
-0.08598681
-0.04289856
0.0033079569999999994
0.04058997999999999
0.07147766
0.0962041
0.10560129999999998
0.09439638999999998
0.07026153999999998
0.047583919999999995
0.036489259999999996
0.03330919999999999
0.02300009
-0.005040319999999999
-0.04663363999999999
-0.08505557999999999
-0.10302129999999998
-0.09940852999999998
-0.08964356999999999
-0.08743115
-0.09367372999999998
-0.1026071
-0.11093439999999999
-0.11931089999999998
-0.1263458
-0.12401969999999998
-0.10531189999999999
-0.07312363
-0.03681884
-0.004466535
0.020645009999999995
0.040509899999999995
0.06126031999999999
0.08773804
0.11589669999999999
0.1352441
0.1414921
0.14080989999999996
0.14051249999999998
0.1397692
0.1320223
0.11477979999999999
0.09198963999999998
0.06857096
0.04649738
0.026449859999999995
0.01161226
0.005570303
0.00733298
0.01087642
0.008859974
-0.0017176129999999998
-0.018078
-0.03453907
-0.04500957
-0.04804486
-0.04942666999999999
-0.05535045
-0.06649834
-0.07837167999999999
-0.0815106
-0.06795907
-0.04124350999999999
-0.013834189999999998
0.0024190689999999994
0.0031640839999999997
-0.007431072
-0.02336207
-0.04369574999999999
-0.06729474
-0.08233986
-0.07507992
-0.045947699999999994
-0.009148813
0.01532878
0.01389855
-0.010260079999999998
-0.04218686
-0.06592005
-0.07296621
-0.06428413
-0.04430657999999999
-0.01736586
0.01114635
0.032006429999999995
0.035285729999999994
0.02130637
0.0038560449999999994
-0.002055181
0.006672537
0.023846259999999998
0.04352391
0.05906688
0.06128718
0.046885779999999995
0.021608889999999995
-0.006901246999999999
-0.02959061
-0.03518494999999999
-0.02211227
-0.002773637
0.009846252
0.011931299999999999
0.007130142999999999
3.493344999999999E-4
-0.0063187009999999995
-0.01263722
-0.017064219999999998
-0.017228
-0.012602269999999999
-0.00198621
0.01624965
0.03743716
0.05353800999999999
0.062313429999999996
0.06656559
0.06798720999999999
0.06630373
0.06212789999999999
0.057448849999999996
0.05352161
0.04964294999999999
0.044036219999999994
0.03522867
0.024305069999999998
0.015428949999999999
0.011317449999999998
0.01061891
0.009557662
0.004026736
-0.007517668
-0.022093709999999996
-0.03355115
-0.03794656
-0.0380138
-0.03953978
-0.044043479999999996
-0.047843439999999994
-0.04766083
-0.04404057
-0.038287989999999994
-0.02944471
-0.01663386
-0.00153678
0.011277999999999998
0.01595509
0.01114187
0.00289264
-0.001420533
7.521098999999999E-6
0.0037147709999999995
0.005174365999999999
0.0019949129999999996
-0.006168385
-0.01780064
-0.028678839999999997
-0.03524308999999999
-0.037363099999999996
-0.03657732
-0.03438272999999999
-0.0315702
-0.02779547
-0.02212992
-0.014496899999999998
-0.005930691
0.002157653
0.008365435
0.01210698
0.014073579999999999
0.015251929999999999
0.01611118
0.016787749999999997
0.01689556
0.015120779999999999
0.01041448
0.004231030999999999
4.285445E-4
0.0012485249999999997
0.0042592409999999995
0.005127329999999999
0.002867905
8.692031999999999E-4
0.0023082349999999996
0.005957116999999999
0.008090889
0.007175652
0.00497138
0.0038821389999999997
0.004014198
0.003972796
0.004002859
0.004824348
0.004808333
0.001849721
-0.0038091009999999996
-0.009169620999999998
-0.010149079999999998
-0.005211497999999999
0.002671612
0.007715267999999999
0.007019418999999999
0.0060073769999999995
0.01347
0.030344339999999997
0.04787054999999999
0.057408459999999994
0.05855969
0.056280899999999995
0.05374214
0.05034585999999999
0.04478397
0.037668309999999997
0.031015439999999995
0.02590676
0.02070444
0.012658019999999999
0.0012382909999999999
-0.011688819999999999
-0.02399278
-0.03446939999999999
-0.04247917
-0.04657861
-0.04520183
-0.03922205
-0.0320431
-0.02698461
-0.02473515
-0.02235751
-0.01538568
-0.0026951359999999995
0.012165649999999998
0.025022299999999997
0.03419685
0.04006506
0.04361896
0.0461058
0.04914406999999999
0.05381958
0.058340029999999994
0.058076739999999995
0.05053381999999999
0.03818932
0.025055069999999995
0.01286192
0.001132736
-0.01071773
-0.02195805
-0.030419529999999997
-0.03398788
-0.03286792
-0.029917299999999997
-0.02830636
-0.028777379999999998
-0.029247739999999998
-0.027257479999999997
-0.022387419999999998
-0.015586309999999999
-0.007451082
5.219691E-4
0.004860654
0.003713898
3.828882E-4
2.3292949999999997E-4
0.004070249
0.007114005
0.004837068999999999
-0.0034151249999999998
-0.016311159999999998
-0.03172265
-0.04696473999999999
-0.060125609999999996
-0.07069392999999999
-0.07934288
-0.08621459
-0.08982940999999998
-0.08928314999999999
-0.08570875999999998
-0.08023376999999998
-0.07234897
-0.06124613
-0.04708856
-0.030605499999999997
-0.01271798
0.004999530999999999
0.02016357
0.0312982
0.03883546999999999
0.04385072999999999
0.04739791
0.050151619999999994
0.05180099999999999
0.05177088
0.05013052
0.04734463
0.04392009999999999
0.04000058
0.03481154
0.027329599999999996
0.017592499999999997
0.006693270999999999
-0.004481815999999999
-0.0154898
-0.025151789999999997
-0.0319175
-0.035365469999999996
-0.036288579999999994
-0.036047329999999995
-0.03597669
-0.03645696
-0.03661902
-0.035337169999999994
-0.03137775
-0.023390149999999995
-0.01220678
-3.9123639999999997E-4
0.01115445
0.021822769999999995
0.02934601
0.03301186999999999
0.03568456
0.04029667
0.04601694
0.04959204999999999
0.04966326
0.04817477
0.047413
0.047048549999999995
0.045224249999999994
0.04131019
0.0359971
0.029237449999999998
0.02004661
0.008299555999999998
-0.004224218
-0.014302769999999998
-0.020042279999999996
-0.02274375
-0.025936349999999997
-0.03286377
-0.04281109
-0.05095043999999999
-0.05369162
-0.05266410999999999
-0.05177285999999999
-0.0522965
-0.052461869999999994
-0.05041183
-0.04638843
-0.04241087
-0.04032329
-0.04031878
-0.04127073
-0.04135007999999999
-0.03893976
-0.033778289999999996
-0.026461429999999998
-0.017665249999999997
-0.009005252
-0.0029035839999999994
2.7956619999999997E-5
0.0023814349999999995
0.007209665999999999
0.013565299999999999
0.017462789999999995
0.017287559999999997
0.01523088
0.01423493
0.014902079999999998
0.015391459999999997
0.014045329999999998
0.01087998
0.006358413
0.001113896
-0.0025834189999999996
-0.002225169
0.002309754
0.009347209999999998
0.01713444
0.024275679999999997
0.02962388
0.03284288999999999
0.03435767
0.03447789999999999
0.03331071
0.030356059999999997
0.02452909
0.01586348
0.006420669999999999
-0.001271869
-0.006461732999999999
-0.010228579999999998
-0.01359591
-0.016074079999999998
-0.01634282
-0.01426781
-0.011443479999999999
-0.009767264
-0.00984935
-0.01101035
-0.01238938
-0.01329794
-0.01303185
-0.01133849
-0.009218214
-0.008406629
-0.009587135999999998
-0.011973269999999998
-0.014616889999999999
-0.017158709999999997
-0.019361779999999995
-0.02061228
-0.020463169999999996
-0.019467569999999997
-0.018712119999999995
-0.01873057
-0.01930983
-0.02002536
-0.0207883
-0.02189662
-0.023618109999999998
-0.02559267
-0.026477809999999997
-0.024942169999999996
-0.02116401
-0.016408549999999997
-0.01164399
-0.007078163999999999
-0.00275702
4.8549269999999993E-4
0.0016301359999999997
8.586705E-4
-6.596059E-4
-0.0017400969999999997
-0.001860817
-0.001300097
-5.861865999999999E-4
-8.027480999999999E-5
2.2050219999999998E-4
4.8001549999999993E-4
3.7591009999999995E-4
-8.631708999999999E-4
-0.0036086879999999997
-0.007335794999999999
-0.010532859999999998
-0.011254959999999998
-0.008823016
-0.004412596
5.090447E-4
0.005370124999999999
0.01024773
0.015225189999999998
0.020176049999999997
0.02506963
0.03021793
0.03595651999999999
0.04223522999999999
0.04877496
0.05510509999999999
0.06040721999999999
0.0641597
0.06672178999999999
0.06849810999999999
0.06912213
0.06813070999999998
0.06587970999999998
0.06323132
0.060679949999999996
0.05809440999999999
0.05511133
0.05169040999999999
0.04809308999999999
0.0439421
0.03806104
0.03021627
0.02192649
0.01525443
0.011461769999999998
0.01022847
0.01014176
0.01015507
0.01017556
0.010117029999999999
0.009193623999999997
0.006645093
0.0026189699999999995
-0.0017647869999999999
-0.005151744
-0.0070181819999999995
-0.007885367
-0.008459088
-0.009011473999999998
-0.009750993999999999
-0.011204919999999998
-0.013656289999999998
-0.016843149999999998
-0.020535849999999998
-0.024728
-0.029167819999999997
-0.0333664
-0.03700079
-0.039496939999999994
-0.04012798
-0.0390347
-0.036916689999999995
-0.03402993
-0.030258049999999998
-0.025663709999999996
-0.02016453
-0.01297419
-0.00313376
0.008715080999999998
0.0196257
0.027236429999999996
0.03214913
0.03639609
0.041281729999999996
0.04632715
0.04897863999999999
0.046774909999999996
0.04017550999999999
0.031729459999999994
0.02322084
0.014916489999999998
0.006596718999999999
-0.001637503
-0.009440892
-0.01670482
-0.02371569
-0.03055691
-0.03562799999999999
-0.036320679999999994
-0.03237459
-0.026636909999999996
-0.02208104
-0.019515049999999996
-0.01748394
-0.01356564
-0.006651693
0.001755102
0.008904396999999998
0.013541199999999998
0.0165159
0.019172379999999996
0.02210478
0.025169569999999995
0.028154469999999997
0.031019649999999996
0.0338556
0.03644519
0.03789942
0.03748018
0.03549456
0.03289698
0.03031351
0.02794917
0.02603038
0.024745409999999995
0.023703
0.021626709999999997
0.017480739999999998
0.01196603
0.007039860999999999
0.003921605
0.0021604749999999994
5.435506E-4
-0.001867402
-0.005284929
-0.009241529
-0.01323
-0.01719256
-0.021173869999999997
-0.024758279999999997
-0.027309459999999997
-0.028847709999999995
-0.03016913
-0.03211169
-0.03486296
-0.03797235999999999
-0.04059759999999999
-0.04155676999999999
-0.04037680999999999
-0.03804901
-0.03598863
-0.03469085
-0.03380154
-0.03299424
-0.0321956
-0.030860229999999995
-0.027611509999999995
-0.021940669999999995
-0.01546209
-0.01008493
-0.006011676999999999
-0.0023001909999999996
0.001414772
0.004096147999999999
0.004345421999999999
0.00216328
-0.0011482349999999998
-0.0042190959999999994
-0.006164847999999999
-0.006850341
-0.006863976999999999
-0.007102155999999999
-0.008092068
-0.009617237999999998
-0.011249879999999999
-0.012962729999999999
-0.01513654
-0.018049849999999996
-0.02119491
-0.023193329999999998
-0.023021139999999995
-0.021078939999999997
-0.018444679999999998
-0.015807009999999996
-0.013167089999999998
-0.009835010999999998
-0.005296307999999999
-3.588687E-4
0.0035622169999999995
0.006087098
0.007845343999999999
0.009235917
0.010108049999999999
0.01023728
0.009369393
0.007375101999999999
0.004362811999999999
2.34093E-4
-0.004992414999999999
-0.01036986
-0.01470078
-0.017684599999999998
-0.01955044
-0.02040413
-0.020450599999999996
-0.01984467
-0.01802718
-0.014232669999999998
-0.008485360999999999
-0.0013262209999999998
0.00667748
0.01456575
0.0210577
0.025696019999999997
0.029219289999999995
0.03233302
0.03490503
0.03662996
0.0375641
0.03776464
0.0372031
0.03613858999999999
0.0352059
0.03499567
0.03541256999999999
0.03551182
0.034247879999999994
0.03146702999999999
0.027576649999999998
0.02259025
0.01644822
0.009680893
0.0030496009999999994
-0.003174059
-0.008988423
-0.01343284
-0.014968629999999998
-0.01362889
-0.011394019999999998
-0.01034765
-0.011030419999999999
-0.012655799999999998
-0.0139862
-0.013539089999999998
-0.01040204
-0.005164781999999999
3.992682999999999E-4
0.004577506
0.006955644
0.008404071
0.009798857999999999
0.010665539999999998
0.00969702
0.006629598999999999
0.002565022
-0.001106386
-0.003592437
-0.005023725
-0.006029099
-0.006943524999999999
-0.007530071
-0.007392217999999999
-0.006482875
-0.005346136
-0.004914615
-0.005736851
-0.007577798999999999
-0.009706109
-0.01083302
-0.009564501
-0.005579894999999999
1.323189E-5
0.005239733
0.008635723999999997
0.010345359999999998
0.011370789999999999
0.01228532
0.01315031
0.013963209999999998
0.014765019999999998
0.015273519999999999
0.014922709999999999
0.013329399999999998
0.010062859999999998
0.005023769
-5.262978999999999E-4
-0.004828354
-0.0074893139999999995
-0.009224408
-0.009989184999999998
-0.008819436
-0.005506008999999999
-0.0013572969999999997
0.001729017
0.0029789089999999996
0.003424069
0.004526852
0.006639808999999999
0.009187122
0.011675839999999998
0.01408667
0.016459879999999996
0.0182262
0.018436689999999995
0.016878649999999995
0.014302179999999998
0.011492489999999998
0.008893591
0.006887095
0.0056221019999999995
0.004666652
0.0032266299999999994
9.016475999999999E-4
-0.001843717
-0.003853292
-0.004067173
-0.00286485
-0.0022172789999999995
-0.0036519169999999998
-0.006805091
-0.01041734
-0.013799629999999998
-0.01697674
-0.019776529999999997
-0.02163752
-0.022453049999999995
-0.02271348
-0.0228898
-0.0231205
-0.023339749999999996
-0.023462799999999995
-0.02342654
-0.02320962
-0.022901429999999997
-0.022669719999999997
-0.02258745
-0.02262128
-0.022796089999999998
-0.02323816
-0.023743579999999997
-0.0233036
-0.02114409
-0.01827546
-0.01661783
-0.016830649999999996
-0.01810975
-0.019407459999999998
-0.01996899
-0.019400359999999995
-0.01781139
-0.01562615
-0.013239559999999997
-0.01090254
-0.008752793999999998
-0.006805914
-0.004920001999999999
-0.003099455
-0.001763135
-0.0012930219999999998
-0.001510391
-0.0019528419999999998
-0.0022972839999999997
-0.0020288879999999995
-4.7434349999999996E-4
0.002325118
0.005497646999999999
0.008234220999999998
0.010444639999999998
0.012423289999999998
0.014186899999999999
0.015505459999999999
0.016388669999999998
0.017116759999999998
0.017878039999999998
0.01863989
0.019337909999999996
0.020232039999999996
0.02190124
0.024369049999999996
0.02636587
0.026387559999999997
0.02429724
0.02123396
0.018843889999999995
0.018555569999999997
0.02037468
0.02250239
0.02292332
0.02126186
0.01852051
0.015583799999999998
0.012600289999999998
0.009485019
0.00685043
0.00593481
0.0070095619999999996
0.008646224999999999
0.009166998999999999
0.008253865999999999
0.006717744999999999
0.005247797
0.003963848999999999
0.0029429499999999997
0.002670815
0.0033020599999999995
0.0037473329999999994
0.0025302109999999997
-6.194110999999999E-4
-0.004758979
-0.008537633999999999
-0.010703469999999998
-0.01094783
-0.01002851
-0.008984985
-0.008710785
-0.009602045
-0.01135329
-0.01342141
-0.015545509999999998
-0.0177483
-0.01975777
-0.0205529
-0.01927708
-0.016371159999999996
-0.013183619999999998
-0.010771019999999997
-0.009227028
-0.008109994999999998
-0.007360188
-0.007374725999999999
-0.008246233999999998
-0.009570159
-0.01101628
-0.012659059999999998
-0.014564629999999999
-0.01598547
-0.01570814
-0.013510639999999999
-0.0102999
-0.006946051
-0.0036121309999999998
-5.498221999999999E-5
0.0033003299999999998
0.005102645
0.0045877
0.00249268
1.627086E-4
-0.001583891
-0.002749772
-0.0036658349999999997
-0.004483632
-0.0051913029999999995
-0.0058291689999999995
-0.006532633
-0.0074551819999999994
-0.008675354999999997
-0.01015068
-0.01161071
-0.012269979999999998
-0.01120563
-0.008388711
-0.004655693
-7.63694E-4
0.0027650969999999998
0.005152174
0.005722074
0.004900246
0.004425486999999999
0.006113198999999999
0.010072229999999998
0.014701079999999998
0.018469179999999998
0.02085683
0.02193582
0.02205832
0.021831449999999995
0.021847589999999997
0.022294079999999997
0.022521289999999996
0.021259369999999996
0.01793578
0.01336071
0.009013080999999997
0.005914502999999999
0.004005209
0.002597963
0.0012123199999999998
-1.2150879999999999E-4
-9.863124E-4
-0.0010060499999999999
-2.6429009999999996E-4
8.077117999999999E-4
0.0019043709999999998
0.0030599179999999996
0.004389190999999999
0.005882795
0.007439450999999999
0.00901064
0.01069123
0.01256594
0.01461468
0.0167181
0.01842828
0.01907533
0.01846401
0.01707428
0.01547567
0.01383556
0.01197815
0.009768562
0.007338045
0.004850592
0.002191099
-9.081529E-4
-0.004479822
-0.008257951999999999
-0.011915229999999999
-0.015312229999999998
-0.018567729999999998
-0.02163545
-0.02368244
-0.023615059999999997
-0.02146904
-0.018200089999999995
-0.014390119999999998
-0.010050639999999998
-0.005142104999999999
9.921653E-5
0.004917127999999999
0.008352351
0.010225179999999999
0.011241369999999999
0.012070919999999999
0.01271132
0.012786509999999997
0.012219139999999998
0.011316649999999998
0.010363309999999999
0.00925329
0.0076477459999999995
0.005469537
0.0032070229999999994
0.0018012589999999997
0.0018272499999999999
0.0029462659999999995
0.004146669999999999
0.004184601
0.002466795
-5.056817E-4
-0.0039059369999999995
-0.007278054999999999
-0.01016728
-0.01179593
-0.011858139999999998
-0.01091641
-0.009684698999999998
-0.008732188999999998
-0.008603638
-0.009150596
-0.008995621999999998
-0.006875182
-0.003398254
-2.986044E-4
0.001612844
0.0028189359999999998
0.004015179999999999
0.005193809
0.0057462039999999995
0.005303872999999999
0.004183443
0.002922661
0.0016402709999999998
2.9517209999999997E-5
-0.0020472069999999997
-0.0038807079999999996
-0.004224043999999999
-0.002622547
-3.728297E-5
0.0018691519999999998
0.002056829
8.817581999999999E-4
-3.016195999999999E-4
-2.571551999999999E-4
0.001166901
0.0032954559999999996
0.005529536999999999
0.007702358
0.009885987999999998
0.01210797
0.014336019999999998
0.016553879999999997
0.01881035
0.020816889999999998
0.02141583
0.019567599999999997
0.01591685
0.012344679999999999
0.009934879999999998
0.008072116
0.005652946999999999
0.0024287219999999995
-0.0010794039999999997
-0.004173342
-0.006410000999999999
-0.007892889
-0.009011783
-0.010050929999999998
-0.011089219999999999
-0.01210514
-0.013086679999999998
-0.013854489999999999
-0.01403952
-0.013513809999999998
-0.012566399999999998
-0.01153449
-0.010530109999999999
-0.009526958999999998
-0.008495001999999998
-0.007458939
-0.006460384
-0.005482441
-0.004473198
-0.0034026789999999996
-0.002272959
-0.001104032
-1.6353039999999998E-4
-4.148797999999999E-5
-0.0010220759999999998
-0.002733961
-0.004640556
-0.006494231999999999
-0.008295871999999998
-0.010093489999999998
-0.01190379
-0.01371888
-0.015557029999999998
-0.01721137
-0.01783821
-0.01663123
-0.014124609999999998
-0.012074509999999998
-0.01178
-0.012863559999999998
-0.013772329999999998
-0.013306649999999998
-0.01156374
-0.009344077999999999
-0.007238204999999999
-0.005435241
-0.003855847
-0.0023667329999999998
-9.026733E-4
4.70904E-4
0.001485651
0.00192987
0.0019471639999999997
0.0018131199999999999
0.0016433869999999998
0.00136993
8.811978999999999E-4
1.9437E-4
-6.550549999999999E-4
-0.0017973329999999997
-0.0033411009999999995
-0.0052584
-0.007660347999999999
-0.01054735
-0.013091999999999998
-0.014123399999999998
-0.013472
-0.011956459999999999
-0.01033013
-0.008816664999999998
-0.007324061
-0.005802135
-0.004222449999999999
-0.0024427159999999997
-4.7201689999999994E-4
0.0011915359999999998
0.0018957229999999998
0.0016197899999999999
0.0011369919999999999
0.0013286419999999999
0.002396666
0.003934355999999999
0.005512956999999999
0.006749029
0.0071892909999999996
0.006694482999999999
0.005606541
0.004327800999999999
0.003129973
0.0022308849999999997
0.0017105629999999998
0.00145438
0.0013048419999999999
0.0011822
0.001057474
0.0010482359999999997
0.0015745979999999998
0.003024631
0.005276593
0.007880401
0.01034308
0.01217499
0.01321756
0.013909709999999999
0.014905599999999998
0.0164257
0.01815253
0.019647059999999997
0.020772209999999996
0.021690039999999997
0.022397839999999995
0.022553189999999997
0.02194718
0.02080808
0.01970515
0.01939278
0.02015705
0.02108563
0.020803179999999998
0.0189751
0.0163307
0.013596089999999998
0.010981199999999998
0.00838519
0.005723869999999999
0.0030812619999999995
6.615467E-4
-0.0013934289999999998
-0.0031310629999999995
-0.0047196949999999994
-0.006291842999999999
-0.008003166999999999
-0.010094219999999998
-0.012659549999999999
-0.015533729999999999
-0.018232009999999996
-0.020012299999999997
-0.020517949999999997
-0.020137029999999997
-0.019464269999999995
-0.018808539999999995
-0.018389849999999996
-0.01850749
-0.019263399999999996
-0.02038909
-0.02114502
-0.02059197
-0.0184532
-0.01543026
-0.012649459999999998
-0.01083264
-0.009869395
-0.009241582
-0.008638000999999998
-0.008054347
-0.007341708999999999
-0.005834926
-0.0029384049999999994
9.778948E-4
0.0048110489999999995
0.007820345
0.010123339999999998
0.0119836
0.01306759
0.01296388
0.01190535
0.01063561
0.009894246999999998
0.009916517
0.01043333
0.011039139999999998
0.011110539999999999
0.009890334999999998
0.007245912999999999
0.0038838489999999995
6.86489E-4
-0.001975145
-0.004299577999999999
-0.006528424
-0.008368147
-0.009163197
-0.00876426
-0.007689017999999999
-0.006485767
-0.005332361
-0.004131635
-0.002806782
-0.0014076549999999998
8.457366999999998E-6
0.0015176969999999997
0.0032981069999999998
0.005380695
0.007381032
0.008638838999999999
0.008877614
0.008457369999999999
0.007851861
0.007173335999999999
0.006257993999999999
0.005033494999999999
0.0036305939999999996
0.00220819
8.085595999999999E-4
-6.419505999999998E-4
-0.002215272
-0.0038981659999999994
-0.005636496
-0.007390081999999999
-0.009148812
-0.01092301
-0.01273236
-0.014304069999999999
-0.014761749999999999
-0.013689829999999998
-0.012477639999999998
-0.013165839999999998
-0.015616519999999998
-0.016568659999999995
-0.01292117
-0.006136639
-0.0010206209999999998
-1.313897E-4
-0.0016497729999999998
-0.002191296
-3.4330489999999993E-4
0.0022834609999999997
0.0030446829999999994
0.001297524
-8.147376999999999E-4
-8.189296999999998E-4
0.0016408069999999998
0.004874090999999999
0.006479487999999999
0.005142343999999999
0.002240396
7.819745999999999E-4
0.002252188
0.005385479
0.007869187
0.008572175999999999
0.008040289
0.007239862999999999
0.006541853
0.005706561
0.004267987
0.002045077
-6.932289999999999E-4
-0.003599725
-0.006229686
-0.007789543
-0.007751137999999999
-0.006571244
-0.005445331999999999
-0.005338231
-0.006269448
-0.007673245999999999
-0.009117433999999999
-0.010241579999999998
-0.01051422
-0.009686779
-0.008112342
-0.006385598999999999
-0.004917919999999999
-0.00377271
-0.002795399
-0.0018496389999999997
-9.114221E-4
9.229022E-6
0.001090908
0.0026738049999999996
0.004877876
0.007431465999999999
0.009630364
0.010600269999999998
0.01014313
0.009229492999999998
0.009229086999999999
0.010228479999999998
0.010888399999999998
0.010319179999999999
0.008877489999999998
0.007270178999999999
0.006022987999999999
0.0056063729999999996
0.00622806
0.007571391999999999
0.008894688
0.009349947999999999
0.008625599999999999
0.007398532
0.006909368999999999
0.007833277
0.009579696
0.010945209999999999
0.011332649999999998
0.01105026
0.010615979999999999
0.010230929999999997
0.009995411
0.010167839999999997
0.010918899999999999
0.012118579999999999
0.013471849999999999
0.014695619999999998
0.01563608
0.016340749999999998
0.016833259999999996
0.016899329999999997
0.01636688
0.015378489999999998
0.01422776
0.013107419999999998
0.012047429999999998
0.010993279999999998
0.009856334
0.008507363999999998
0.006870420999999999
0.00511647
0.00378258
0.0034405169999999997
0.004098152
0.005058732999999999
0.005357805999999999
0.004515157999999999
0.0028356769999999996
9.528117E-4
-6.479249999999999E-4
-0.001840385
-0.0027792299999999997
-0.0036257499999999996
-0.004416028
-0.00510871
-0.005688778
-0.0062188949999999995
-0.006761532
-0.007323266999999999
-0.007877715999999998
-0.008336209
-0.008556621999999998
-0.008494534
-0.008264245999999998
-0.008000845
-0.007744785999999999
-0.007567017999999999
-0.007761758999999999
-0.008607807999999998
-0.01003079
-0.011722389999999997
-0.01333764
-0.01451897
-0.015060259999999999
-0.01509481
-0.014927339999999999
-0.014630819999999998
-0.013966709999999999
-0.01277174
-0.01119268
-0.00951526
-0.007964803
-0.006652464
-0.005541542
-0.0045156
-0.003484538
-0.00237879
-0.0011590799999999998
1.551265E-4
0.0015203589999999998
0.0028983239999999994
0.004003586
0.004266991
0.0034393789999999994
0.001886592
1.315387E-4
-0.001513798
-0.0029077099999999995
-0.004038072999999999
-0.005005878
-0.005914777999999999
-0.006767741999999999
-0.007535021
-0.008223229
-0.008862147999999999
-0.009494959999999998
-0.01012054
-0.01054811
-0.01043721
-0.009682937999999999
-0.008530471
-0.007270511999999999
-0.00603566
-0.004881502
-0.003869759
-0.002991691
-0.00218965
-0.0014171889999999997
-6.493668E-4
1.1075819999999999E-4
8.655419999999999E-4
0.001615259
0.002364851
0.003132447
0.003918389
0.004708291
0.005498253
0.006284111
0.007019458999999999
0.007606192
0.007997894999999998
0.008261729
0.00849497
0.008821004
0.009372607
0.01016348
0.01109259
0.01206577
0.01303741
0.0139551
0.0147115
0.015065209999999999
0.01467066
0.013432249999999998
0.01169508
0.01001132
0.008780668
0.008017744999999998
0.0074810729999999995
0.006966942
0.006450508999999999
0.006147317
0.006412992999999999
0.007352638
0.008407411
0.008509007
0.007041361999999999
0.004413074
0.00149916
-0.001123101
-0.0034085079999999998
-0.005441118
-0.006968186
-0.007674378999999999
-0.007690523999999999
-0.0072843809999999995
-0.006342529999999999
-0.004671328999999999
-0.0028163129999999995
-0.0021084399999999996
-0.0033305499999999994
-0.005964817
-0.008837462999999999
-0.010770929999999998
-0.011218649999999998
-0.01056427
-0.009535976
-0.008796396999999997
-0.008853568999999999
-0.009761360999999998
-0.011158869999999998
-0.012553749999999999
-0.013429709999999997
-0.013543529999999998
-0.013122749999999999
-0.012510459999999998
-0.011738169999999997
-0.010555999999999998
-0.008829949
-0.006741654999999999
-0.004829937999999999
-0.0038870209999999996
-0.004262011999999999
-0.00520332
-0.0053178769999999995
-0.0038832469999999994
-0.0013484789999999999
0.001502059
0.004344048
0.007062850999999999
0.00904605
0.009523915
0.008550199999999999
0.006878418999999999
0.005109496999999999
0.003396277
0.0016465049999999997
-1.3711289999999998E-4
-0.0014937279999999997
-0.0017962609999999997
-9.856651E-4
4.185696E-4
0.001926361
0.0033616499999999994
0.0047152769999999995
0.005993690999999999
0.007198178999999999
0.00834423
0.009348859999999999
0.010027609999999998
0.010328819999999999
0.01039599
0.01040287
0.010439539999999999
0.010462159999999998
0.01021289
0.009336168999999998
0.007794537999999999
0.006227287999999999
0.00557903
0.005983561
0.006459967999999999
0.006064485
0.004802407
0.0032233549999999994
0.001696747
2.3281319999999997E-4
-0.001274012
-0.002829029
-0.004395781999999999
-0.005944261999999999
-0.007471379999999999
-0.008921638999999999
-0.010083429999999999
-0.01065049
-0.01041855
-0.009533350999999999
-0.008422605
-0.007545928999999999
-0.007145950999999999
-0.007109126
-0.007128946999999999
-0.0069228399999999995
-0.006396092999999999
-0.005649659
-0.004864645
-0.004353297
-0.004445364999999999
-0.005168195999999999
-0.006248938999999999
-0.007374222999999999
-0.008198174999999999
-0.008266218999999998
-0.007436923
-0.006051869999999999
-0.004496978
-0.0030776209999999996
-0.0021605409999999998
-0.001995492
-0.0024476409999999995
-0.0031618009999999997
-0.003900199
-0.004627052
-0.005306747
-0.005755776
-0.005825036999999999
-0.005595917
-0.005261199999999999
-0.004921461
-0.00464658
-0.004563090999999999
-0.00475896
-0.005176322999999999
-0.005674468999999999
-0.006180898999999999
-0.006684778999999999
-0.007025265
-0.006802713
-0.005785228999999999
-0.004194269999999999
-0.00240471
-7.577568E-4
3.637313E-4
7.529561E-4
5.739064E-4
1.9988699999999997E-4
1.541205E-4
9.620999999999999E-4
0.002706418
0.004998062
0.007336505999999999
0.009159386
0.010045539999999999
0.010115069999999999
0.00981812
0.009471252
0.009144658
0.008811881999999998
0.008515021999999999
0.00833179
0.008251939999999998
0.008213828999999999
0.008162565999999998
0.008097042999999998
0.008060005
0.007989413
0.007543774999999999
0.006300278
0.0042729
0.001824866
-5.628348E-4
-0.002092435
-0.0020376
-5.169613E-4
0.0016545839999999997
0.0036650179999999995
0.005060253
0.0058514629999999995
0.006349446
0.0067955739999999995
0.007245538999999999
0.007649560999999999
0.007822629
0.007511634
0.006688769
0.005589574999999999
0.004432181999999999
0.003282891
0.0021143069999999997
9.224763999999999E-4
-9.087248E-5
-5.482501E-4
-3.286854E-4
2.95936E-4
0.001023816
0.0017497259999999998
0.0024600169999999997
0.002978236
0.0030166999999999998
0.0025267749999999998
0.0017462539999999998
9.097506999999999E-4
9.466938E-5
-7.367150999999999E-4
-0.001595149
-0.002357277
-0.0028803019999999995
-0.00316804
-0.003355085
-0.0035239139999999995
-0.0036819389999999995
-0.0038318889999999998
-0.003953853
-0.004100324999999999
-0.004391643999999999
-0.004893925999999999
-0.005575244
-0.006320411
-0.007063254
-0.007815804
-0.008569981
-0.009171569999999999
-0.009282084
-0.008734140999999999
-0.007764070999999999
-0.006680979
-0.005619475999999999
-0.004580834
-0.0035144439999999994
-0.0024407869999999994
-0.001534385
-0.001021713
-9.32724E-4
-0.001089085
-0.001304114
-0.001510341
-0.0016895629999999998
-0.0017483499999999999
-0.001627287
-0.0013854099999999997
-0.0011066459999999998
-8.249402999999999E-4
-5.393959E-4
-2.228386E-4
2.0482019999999997E-4
7.990954999999999E-4
0.001506705
0.002310175
0.0034049779999999995
0.005039340999999999
0.0071505679999999995
0.009366746999999998
0.01141352
0.013220269999999998
0.014664489999999999
0.015612339999999999
0.01615679
0.01652655
0.01676272
0.016710399999999997
0.016304809999999996
0.01566297
0.014965929999999999
0.0142481
0.013339179999999999
0.01210333
0.010599099999999998
0.009010605999999999
0.007587867
0.006586364
0.006050201999999999
0.005772322999999999
0.005571519999999999
0.005306792999999999
0.004760783999999999
0.0037923489999999995
0.0024597559999999996
9.687047E-4
-5.229181E-4
-0.001974855
-0.0033319129999999997
-0.004556269
-0.005691169999999999
-0.006781561999999999
-0.007865273999999998
-0.009038746
-0.010442999999999997
-0.012167869999999999
-0.01403831
-0.015464299999999999
-0.015827349999999997
-0.015119739999999998
-0.01388736
-0.012705529999999998
-0.01207347
-0.01225334
-0.013040969999999999
-0.01407814
-0.015159309999999999
-0.01617237
-0.01682858
-0.016742309999999996
-0.01591434
-0.014709809999999999
-0.01344052
-0.01219165
-0.010900629999999998
-0.009516064999999999
-0.008106417
-0.0069228219999999995
-0.0062861919999999995
-0.006258147999999999
-0.006570192999999999
-0.006940419999999999
-0.007297386
-0.00760519
-0.007601307
-0.006978023999999999
-0.005776717999999999
-0.004303395999999999
-0.0028527549999999994
-0.0016210169999999998
-6.626421E-4
1.0964009999999998E-4
8.257132999999999E-4
0.001535257
0.002169935
0.002515535
0.0024264929999999996
0.0020281649999999997
0.001540613
0.0010618669999999998
5.332706E-4
-2.3390149999999996E-4
-0.001395543
-0.0028620289999999994
-0.004445699
-0.005755612
-0.006067006
-0.005031088
-0.0030420049999999995
-7.99221E-4
0.001064843
0.002272694
0.002979223
0.0035000709999999996
0.004010646
0.004509986
0.004993891999999999
0.005469367
0.005936836
0.006404564999999999
0.006705988
0.006608357999999999
0.0061182269999999995
0.005419657999999999
0.004669144
0.003939622
0.003262189
0.0026549689999999996
0.002129253
0.0016575419999999997
0.0012145239999999998
7.746487999999999E-4
3.142688E-4
-1.5613419999999998E-4
-5.565935E-4
-6.615782999999999E-4
-2.9385549999999994E-4
4.488812999999999E-4
0.0013367489999999997
0.002057124
0.0021587939999999995
0.001423088
1.085614E-4
-0.0013952799999999998
-0.002907768
-0.004415098999999999
-0.005834783
-0.006823857
-0.007105993999999999
-0.006852738999999999
-0.006406361999999999
-0.005969229999999999
-0.0055600319999999995
-0.005090197
-0.004424117
-0.003454521
-0.0022306699999999997
-8.968341999999999E-4
4.4759309999999996E-4
0.001759384
0.002958952
0.003961854
0.004805515999999999
0.005588855
0.006370359999999999
0.007150718999999999
0.007795022999999999
0.008079585999999998
0.007964667
0.007639512999999999
0.007264723999999999
0.006897615999999999
0.006526506999999999
0.006099572
0.005531888999999999
0.004736469
0.003761621
0.002716018
0.001652324
5.787371E-4
-5.133109E-4
-0.0015241179999999999
-0.002173449
-0.002259275
-0.0019203409999999999
-0.0014353219999999997
-9.506697999999999E-4
-4.7917719999999997E-4
1.4603939999999999E-5
5.742039E-4
0.0012307299999999998
0.001979126
0.002782917
0.0035962869999999997
0.004410085999999999
0.005230261
0.006055281
0.006893270999999999
0.007673353
0.008139456
0.008051876999999999
0.007498248999999999
0.006741674999999999
0.005954401999999999
0.005175411
0.004377387999999999
0.0035592639999999995
0.0027279229999999997
0.0018865859999999998
0.001028854
1.4662709999999998E-4
-7.363965999999999E-4
-0.001616253
-0.0025006649999999996
-0.0033772729999999996
-0.004257642999999999
-0.005069775
-0.005566437
-0.0055665029999999996
-0.005162370999999999
-0.004593712999999999
-0.004021602
-0.0034600399999999997
-0.002875265
-0.002214709
-0.001364778
-2.531558E-4
0.001043369
0.0024004579999999994
0.0037674559999999998
0.0050528909999999995
0.005980373
0.006322601
0.006191839999999999
0.005871448
0.005531424
0.005201509
0.004862445
0.004504758999999999
0.004188868999999999
0.004032737
0.004078313
0.004254231
0.004468211999999999
0.004679349
0.004890169
0.005105395999999999
0.005273788999999999
0.005311055999999999
0.005211657999999999
0.005045873
0.004875243
0.004708667999999999
0.004521997
0.004269146
0.003922131999999999
0.003514112
0.003090584
0.0026713319999999994
0.0022545489999999994
0.0018243229999999999
0.0014080249999999998
0.001204311
0.0014693449999999997
0.002228187
0.003259132
0.004179916999999999
0.004547864999999999
0.004178400999999999
0.0033025559999999995
0.002267123
0.001235303
1.940362E-4
-7.999895E-4
-0.001434671
-0.0014120009999999998
-8.120793999999999E-4
3.660615999999999E-5
9.071264999999999E-4
0.0016761959999999998
0.0021487739999999996
0.002176893
0.0018536719999999998
0.001391328
9.102186E-4
4.2588979999999994E-4
-6.594063E-5
-5.669315E-4
-0.0010680389999999998
-0.0015511499999999998
-0.0020306189999999996
-0.0025333349999999994
-0.0030620439999999994
-0.0036077639999999994
-0.004167884
-0.004737974999999999
-0.005313364999999999
-0.0058897789999999995
-0.006460127999999999
-0.007026476999999999
-0.007590615999999999
-0.008147228
-0.008698833
-0.009246329
-0.009786313999999999
-0.010335299999999999
-0.010897419999999998
-0.0114707
-0.01193109
-0.011940299999999997
-0.011269209999999998
-0.010073869999999999
-0.008687819999999999
-0.007351658999999999
-0.006282690999999999
-0.005641271
-0.005363981999999999
-0.00525054
-0.0051743
-0.005101335999999999
-0.004939454
-0.004487251
-0.0036346759999999994
-0.002508326
-0.001341498
-4.0771509999999993E-4
8.874937999999999E-5
1.997133E-4
1.431691E-4
6.387560999999998E-5
-1.821928E-5
-1.03981E-4
-1.851533E-4
-2.698744E-4
-3.4941529999999994E-4
-4.3652469999999995E-4
-6.159549E-4
-9.48809E-4
-0.001399931
-0.001899059
-0.0023639229999999995
-0.0026536459999999995
-0.002662398
-0.002444444
-0.0021594729999999994
-0.002012552
-0.0021746569999999995
-0.002627347
-0.0032213119999999996
-0.003838822
-0.004471585
-0.005104879999999999
-0.005424769999999999
-0.004944646
-0.0035549189999999997
-0.0016491309999999999
3.3957599999999996E-4
0.002048203
0.0030561379999999995
0.0032092409999999994
0.0027832189999999995
0.002165481
0.001535326
9.058482E-4
2.666993E-4
-3.735238E-4
-0.001009707
-0.001632264
-0.00204581
-0.0019679899999999998
-0.001365513
-4.606015E-4
5.030082999999999E-4
0.0014330099999999998
0.0023621749999999998
0.003271312
0.003952379999999999
0.004156977
0.003895022
0.0033963249999999995
0.002862981
0.0023525899999999995
0.001837834
0.001308428
7.75749E-4
2.4226089999999998E-4
-2.131684E-4
-3.46206E-4
4.009096E-5
8.497381E-4
0.001826192
0.002819253
0.003809678
0.004814173
0.005845100999999999
0.0068197909999999995
0.007490663999999999
0.007641972999999999
0.0073511159999999996
0.006881244999999999
0.006399048
0.0059297049999999995
0.005454588
0.004963591999999999
0.004470716
0.003988135999999999
0.0035071709999999995
0.003019224
0.002523939
0.0020214099999999995
0.001521972
0.001040018
5.625469E-4
8.223039999999999E-5
-3.9879049999999995E-4
-8.902580999999999E-4
-0.001383053
-0.0018639249999999998
-0.0023381469999999996
-0.0028258149999999998
-0.0032370509999999995
-0.0032890229999999994
-0.0027699169999999998
-0.0017858109999999998
-6.155338999999999E-4
5.664596999999999E-4
0.0017566059999999997
0.0029226899999999995
0.0037513919999999997
0.0038512389999999994
0.0032313739999999995
0.002254165
0.0012324959999999998
2.450028E-4
-7.515384999999999E-4
-0.0017765459999999997
-0.002800186
-0.0037225869999999994
-0.004445945999999999
-0.004988544
-0.005447165999999999
-0.005892186
-0.006341857
-0.006783675999999999
-0.007262276999999999
-0.007920945
-0.008843094999999999
-0.009968968
-0.011182169999999998
-0.012307709999999998
-0.01298711
-0.01289829
-0.01215008
-0.011120729999999999
-0.010063079999999999
-0.00902383
-0.007961956
-0.006826731999999999
-0.005575009999999999
-0.004224216
-0.002833136
-0.001424278
-6.144164E-6
0.0014179859999999998
0.002854506
0.0042187249999999996
0.005240223
0.005670047
0.005587170999999999
0.005285584
0.004967007
0.0046633659999999995
0.004346477
0.0040130999999999995
0.0036764039999999994
0.003349072
0.003030179
0.0026934129999999995
0.002308204
0.0018627889999999997
0.0013815409999999998
8.929775E-4
4.059713E-4
-7.648281999999998E-5
-5.695546E-4
-0.0010173519999999998
-0.0011488
-6.824774999999999E-4
3.279067E-4
0.0015902439999999998
0.0028786509999999994
0.004145253
0.005410089
0.006649631
0.007841779
0.009005394
0.010155429999999998
0.01116203
0.0117272
0.011715279999999998
0.01132107
0.01081508
0.010320439999999998
0.009829661
0.009319392999999999
0.008797265
0.008279626999999998
0.007780013999999999
0.007308209999999999
0.0068568579999999995
0.0064188909999999995
0.005991191
0.005564702
0.005133981
0.004705211
0.004279675
0.00384745
0.0034251589999999997
0.0030591079999999996
0.0027920499999999995
0.0026162169999999997
0.002472234
0.0023240289999999996
0.002177858
0.002030029
0.001876733
0.0017258579999999998
0.0015751859999999997
0.0014229969999999998
0.001272639
0.0011275239999999998
9.607924999999999E-4
7.154938999999999E-4
3.671562E-4
-5.2088329999999996E-5
-4.924578E-4
-9.363419999999998E-4
-0.001382281
-0.0018256089999999997
-0.0022719529999999997
-0.002714883
-0.0031203269999999996
-0.0034449639999999996
-0.0036867419999999994
-0.0038929909999999997
-0.004097523
-0.004294337999999999
-0.00443588
-0.004463334
-0.004381386
-0.004249882
-0.004110872
-0.003975271
-0.0038440709999999997
-0.003712139
-0.0035857789999999994
-0.0034596349999999995
-0.003326162
-0.0031937979999999994
-0.0030371239999999996
-0.00280021
-0.002442749
-0.001985146
-0.001490992
-0.00101855
-5.956211E-4
-2.1707279999999999E-4
1.439395E-4
4.765738999999999E-4
6.856697999999999E-4
6.964852999999999E-4
5.425096E-4
3.1562729999999996E-4
8.389746E-5
-1.423051E-4
-3.6587E-4
-5.442261999999999E-4
-6.3913E-4
-6.709488E-4
-6.739986E-4
-6.698677999999999E-4
-6.813343E-4
-8.567778E-4
-0.0014814489999999997
-0.0026420579999999996
-0.004122649999999999
-0.005688828
-0.007254816
-0.008672792
-0.009529651
-0.009528401999999998
-0.008853193999999998
-0.007950981999999999
-0.007225593999999999
-0.006890343999999999
-0.006900295
-0.007069917
-0.007275638
-0.007425079999999999
-0.007347677999999999
-0.006950141999999999
-0.006319055999999999
-0.005600327
-0.004944905
-0.004516729
-0.004412683
-0.004542488
-0.004680696
-0.0046171369999999995
-0.004289146
-0.0038030479999999994
-0.0032933059999999998
-0.002869187
-0.002604145
-0.002484106
-0.0024310489999999994
-0.0023827039999999994
-0.0023288419999999994
-0.0022721019999999994
-0.002205918
-0.002112797
-0.001984301
-0.0018315789999999998
-0.0016784849999999997
-0.0015302769999999998
-0.001295109
-8.472291999999999E-4
-1.787083E-4
6.053936E-4
0.001373491
0.0020477499999999997
0.002636533
0.0031828399999999997
0.0037382579999999995
0.004270985
0.004487781
0.003998172
0.002758668
0.001224062
1.412243E-4
3.938709E-6
6.599205E-4
0.0015982819999999997
0.0023528979999999995
0.002697076
0.0027070349999999996
0.002585307
0.0024462599999999996
0.0023123349999999996
0.002176366
0.002030232
0.0018933899999999998
0.001765414
0.001645022
0.0016201569999999999
0.0018074679999999998
0.002222659
0.002762644
0.003325095
0.0038774239999999995
0.004425602
0.004915297999999999
0.0051894129999999995
0.005155126
0.004906809
0.004595137
0.00428169
0.003973348
0.0036753959999999996
0.003406513
0.0031866119999999997
0.0029972839999999994
0.002824065
0.0026573919999999997
0.002479414
0.002310137
0.002120697
0.0018772169999999998
0.0016085219999999998
0.0013158949999999999
0.001022424
7.370352999999999E-4
4.4015719999999995E-4
1.5965539999999998E-4
-1.143382E-4
-3.9869529999999996E-4
-6.617037999999999E-4
-8.927010999999999E-4
-0.0011014739999999999
-0.001286894
-0.001465597
-0.0016523189999999997
-0.001835164
-0.002041263
-0.0023235829999999997
-0.002699169
-0.0031390989999999994
-0.0035893099999999996
-0.004042772
-0.004469851999999999
-0.004698592999999999
-0.004595174
-0.004209411
-0.0037038969999999994
-0.003197059
-0.0026176769999999997
-0.001800768
-7.001342E-4
5.644788999999999E-4
0.0018389279999999999
0.0030655039999999997
0.004270784999999999
0.005386211
0.006123955999999999
0.006253562
0.005888169999999999
0.005324711999999999
0.004770757
0.004389877
0.004373214
0.004741927
0.005360899
0.006027744
0.006465483999999999
0.006425751999999999
0.005883305999999999
0.005072945999999999
0.004204932
0.0033667409999999995
0.00258271
0.0018228479999999997
0.0011303109999999997
7.129275999999999E-4
7.829242999999999E-4
0.0012823859999999997
0.001970228
0.0026807959999999996
0.0033738759999999996
0.003986224
0.004399906999999999
0.004584749
0.004618560999999999
0.004608709
0.004609543999999999
0.004636613
0.004698190999999999
0.004793515
0.004919928
0.005055499999999999
0.005192230999999999
0.005409398999999999
0.005794267
0.006353001999999999
0.007015117999999999
0.007644610999999999
0.008096102
0.008315139
0.008377158
0.008388136
0.008394322
0.008398819
0.008337485999999998
0.008048423
0.007460540999999999
0.0066937459999999996
0.0058782439999999995
0.005064192999999999
0.004252551999999999
0.0034508229999999996
0.0027186769999999996
0.0021009999999999996
0.0015582279999999998
0.001035195
5.117357E-4
-1.742905E-5
-5.431283E-4
-0.0010614739999999998
-0.0015844369999999997
-0.002110661
-0.0026284779999999996
-0.0030946369999999995
-0.003407662
-0.0035476589999999994
-0.0035762809999999997
-0.003565255
-0.0035726569999999995
-0.003582432
-0.0035854299999999997
-0.0035891599999999997
-0.0036034349999999995
-0.0036670619999999996
-0.0037794789999999997
-0.003936828
-0.004141650999999999
-0.004336117
-0.004518189999999999
-0.004711524999999999
-0.004898367999999999
-0.005082554
-0.005274196
-0.005451281
-0.005509878
-0.005355753999999999
-0.005014901
-0.004582125
-0.00413196
-0.0036877019999999997
-0.0032454109999999997
-0.002803035
-0.002347027
-0.0018970889999999998
-0.0015796309999999997
-0.001558253
-0.0018649329999999998
-0.002366009
-0.002919208
-0.0034611359999999996
-0.003993838
-0.004546795
-0.005109963
-0.005620782
-0.0059562239999999995
-0.006012134999999999
-0.005848385
-0.005603353
-0.005348608
-0.005095052
-0.004840748
-0.004567694
-0.004236127999999999
-0.0037936879999999995
-0.0032257099999999997
-0.0025936839999999997
-0.001962592
-0.0013352749999999997
-7.100253E-4
-2.1935219999999998E-4
-6.516057999999999E-5
-2.9186E-4
-7.349066999999999E-4
-0.001219552
-0.0016940189999999997
-0.002167052
-0.002655951
-0.0031527959999999994
-0.003606569
-0.003918998
-0.004007609
-0.003935623
-0.0038137579999999996
-0.0036805169999999995
-0.003554114
-0.003417713
-0.00327513
-0.0031452509999999995
-0.0030037909999999996
-0.0027804859999999995
-0.002361317
-0.0017332959999999998
-0.0010043729999999998
-2.5644819999999995E-4
5.144317999999999E-4
0.0012416309999999998
0.001467312
5.365070999999999E-4
-0.0013847339999999999
-0.0029916599999999997
-0.0031782709999999994
-0.0020857889999999994
-5.026551E-4
9.989355E-4
0.002081847
0.002532164
0.0024245159999999994
0.0020268399999999994
0.0015615149999999999
0.00110335
6.309706999999999E-4
1.6848819999999996E-4
-2.19377E-4
-4.7000359999999997E-4
-5.955945999999998E-4
-6.750505999999999E-4
-7.474225E-4
-8.244977999999999E-4
-9.095351999999999E-4
-9.705342999999999E-4
-9.445381999999999E-4
-7.790267999999999E-4
-4.808258999999999E-4
-1.143605E-4
2.596121E-4
6.241567E-4
9.941073E-4
0.0013984869999999997
0.001884657
0.002483995
0.00316612
0.00387743
0.004594788999999999
0.005291692999999999
0.005927676
0.006484821
0.006974650999999999
0.007437906999999999
0.007905046999999998
0.008366588
0.008824398
0.009235526
0.009505494999999997
0.009617933999999998
0.009640039999999999
0.009630026
0.009557053
0.009351386999999997
0.009012202
0.008614575999999999
0.008218557999999999
0.007829413
0.007430007999999999
0.007015041
0.00660586
0.006198275999999999
0.005781794999999999
0.005372625
0.004956278
0.004513896
0.004049057
0.003566
0.0030775939999999995
0.002588525
0.00210067
0.001615136
0.0011239969999999998
6.373893E-4
1.658778E-4
-2.959778E-4
-7.588409999999999E-4
-0.0012208059999999998
-0.001671262
-0.002119155
-0.002567581
-0.0029831239999999998
-0.003337765
-0.003635859
-0.0039036709999999996
-0.00417289
-0.0044513619999999995
-0.00472285
-0.004993876999999999
-0.005292832
-0.005621972999999999
-0.005981289999999999
-0.006357567
-0.006733499
-0.007063676999999999
-0.007236102999999999
-0.007209175
-0.00705892
-0.006868738999999999
-0.006674373999999999
-0.006486389
-0.006298799
-0.006095784999999999
-0.005829863999999999
-0.005422023
-0.004869708999999999
-0.004235148
-0.003576483
-0.0029236649999999998
-0.002326824
-0.0019512189999999997
-0.00191626
-0.0021398389999999997
-0.002464932
-0.0027566229999999997
-0.002846663
-0.002600617
-0.0020769579999999994
-0.001429458
-7.881814999999998E-4
-2.981311E-4
-4.629624E-5
7.1737629999999994E-6
-2.7169659999999996E-5
-7.661317E-5
-1.2329219999999998E-4
-1.694184E-4
-2.3296789999999998E-4
-3.070768E-4
-3.89952E-4
-4.892482E-4
-5.898588E-4
-6.926804999999999E-4
-8.023304999999999E-4
-9.066653E-4
-0.001005525
-0.0011136089999999998
-0.0012718539999999998
-0.001527178
-0.0018635999999999998
-0.002237102
-0.002608284
-0.0028795539999999994
-0.002936871
-0.002770326
-0.002479857
-0.00216483
-0.0018549519999999998
-0.0015529009999999998
-0.001270212
-0.001017665
-7.938291E-4
-5.812281E-4
-3.734147999999999E-4
-1.653436E-4
4.181364E-5
2.4232279999999998E-4
4.4762539999999997E-4
6.440324999999998E-4
8.107533E-4
9.437776999999999E-4
0.001048313
0.001140634
0.0012326029999999999
0.0013267739999999997
0.001421336
0.0015581499999999997
0.001811946
0.0021941149999999995
0.0026537559999999997
0.003133638
0.0035495799999999997
0.0037620559999999997
0.003695966
0.00343394
0.003104312
0.002774818
0.002450093
0.002114259
0.001766861
0.001429219
0.0011587549999999998
0.001029524
0.001048219
0.0011467669999999997
0.001263385
0.001374073
0.001485007
0.0016047829999999998
0.0017248619999999997
0.001845029
0.001964097
0.0020684659999999997
0.002144088
0.0021809839999999995
0.0021904239999999994
0.0021927929999999997
0.0021965639999999994
0.00220072
0.002201051
0.0021961439999999997
0.002187298
0.002183607
0.002186608
0.002190827
0.0022039209999999997
0.0022229089999999995
0.0022397549999999995
0.002257193
0.0022745099999999996
0.0022887079999999995
0.0022980259999999995
0.0023052439999999997
0.002315791
0.0023078559999999996
0.002185811
0.0018411189999999998
0.001296266
6.639798999999999E-4
1.8443749999999998E-5
-6.231803E-4
-0.001277713
-0.001959337
-0.0026561179999999994
-0.003354952
-0.004038283
-0.004625747999999999
-0.005030146999999999
-0.005266913999999999
-0.005424777
-0.005573253999999999
-0.005728186
-0.005880608999999999
-0.0060265729999999995
-0.006171454999999999
-0.006321163999999999
-0.0064746989999999996
-0.006626872999999999
-0.006777237
-0.006930303999999999
-0.00708951
-0.007200618999999999
-0.007122109999999999
-0.006762359
-0.006190654999999999
-0.005549153999999999
-0.004911818
-0.004278213
-0.003657953
-0.0031092549999999996
-0.0026890719999999994
-0.002378463
-0.002106401
-0.0018330659999999997
-0.0015574249999999999
-0.001282297
-0.001011403
-7.543596E-4
-5.47987E-4
-4.3135949999999993E-4
-3.929557E-4
-3.8696819999999997E-4
-3.804456E-4
-3.701968E-4
-3.6194079999999994E-4
-3.3881549999999997E-4
-2.499377E-4
-6.171972E-5
2.026816E-4
4.927116E-4
7.816659E-4
0.001070955
0.0013633329999999998
0.0016577759999999997
0.0019406669999999999
0.00219307
0.0024133579999999996
0.002617087
0.0028166049999999994
0.003015441
0.0032140219999999995
0.0034138599999999995
0.0036143099999999995
0.003816737
0.004003352
0.004112896999999999
0.00411587
0.004047359
0.003952577
0.0038537819999999996
0.0037501299999999995
0.003639714
0.003528622
0.00343917
0.00339376
0.003386839
0.0033969189999999995
0.0034101419999999997
0.0034231509999999997
0.003436211
0.0034537939999999996
0.0034710209999999995
0.0034189509999999995
0.0031785939999999994
0.002704824
0.002099848
0.001630964
0.0016023389999999997
0.0020676009999999996
0.0028076719999999998
0.0036052469999999994
0.004400584999999999
0.005170627999999999
0.005749468
0.005935879999999999
0.005747453
0.005384257
0.004998450999999999
0.004631028999999999
0.0042863929999999995
0.003980634
0.003730289
0.0035174449999999997
0.0033150229999999994
0.0031091669999999995
0.0028951359999999995
0.002678956
0.0024661679999999995
0.002256271
0.0020455699999999996
0.0018278379999999998
0.0015878929999999997
0.001321612
0.001035762
7.44347E-4
4.533547E-4
9.729652999999998E-5
-4.3746299999999997E-4
-0.0011905539999999997
-0.0020801219999999994
-0.003008106
-0.0038736129999999997
-0.004521057999999999
-0.004855171999999999
-0.0049458079999999995
-0.004946399
-0.004949207999999999
-0.004947775
-0.004852188
-0.004548082999999999
-0.004029718999999999
-0.003405676
-0.0027620129999999994
-0.0021216779999999997
-0.001481926
-8.523199999999999E-4
-2.756823E-4
2.2301829999999998E-4
6.735424999999999E-4
0.0011126649999999999
0.001552284
0.001994707
0.002432746
0.00286872
0.0033107639999999995
0.0037574909999999995
0.004214836999999999
0.004684219999999999
0.00516534
0.005640295
0.005977142
0.005963839
0.005553671
0.004920623999999999
0.004236725999999999
0.003560472
0.0028754979999999998
0.002201598
0.001722555
0.00166313
0.00201726
0.0025762149999999998
0.0031660729999999997
0.0037468499999999995
0.004322444999999999
0.004776398999999999
0.004918412
0.004718556
0.004334201999999999
0.003914718
0.003507729
0.0031070509999999996
0.002689164
0.0022020269999999996
0.001558937
7.224281999999999E-4
-2.3940129999999997E-4
-0.0012342739999999998
-0.002222333
-0.0032130419999999997
-0.004220851
-0.005168469999999999
-0.005836388
-0.006055823
-0.0059132099999999995
-0.0056324109999999995
-0.005346406
-0.0050696529999999995
-0.004783116
-0.004479667
-0.004210567
-0.004063092999999999
-0.004075507
-0.004203005
-0.004364303999999999
-0.00451726
-0.0046697349999999995
-0.004831792999999999
-0.004996824999999999
-0.005166128999999999
-0.005307362
-0.0053330339999999995
-0.005187485
-0.004904984
-0.004566856
-0.004229492999999999
-0.0038978169999999996
-0.003557764
-0.0032151759999999997
-0.002899279
-0.0026439339999999997
-0.0024531419999999997
-0.0022914919999999996
-0.002130635
-0.0019697059999999995
-0.0018069649999999998
-0.0016404759999999999
-0.0014787349999999997
-0.0013060859999999997
-0.0010264289999999997
-5.248357E-4
1.903005E-4
0.001009899
0.0018486009999999998
0.002685955
0.0034397069999999997
0.003898576
0.003943829
0.003689948
0.0033378219999999994
0.0029900629999999994
0.002651638
0.002300413
0.0019424919999999999
0.001651856
0.001489111
0.0014375719999999998
0.001437111
0.0014374709999999998
0.001434906
0.0014336639999999999
0.001439848
0.0014507789999999997
0.0014491699999999998
0.001452552
0.001451323
0.001414148
0.001347469
0.0012615079999999997
0.0011617499999999998
0.001066157
9.745649999999999E-4
8.784743E-4
7.814875999999999E-4
6.582074E-4
4.6013589999999995E-4
1.7008899999999998E-4
-1.7949969999999998E-4
-5.435616E-4
-9.029087999999998E-4
-0.001265932
-0.001629977
-0.001986213
-0.002317706
-0.002617266
-0.002902142
-0.0031874249999999994
-0.0034749439999999998
-0.0037320939999999996
-0.003936084999999999
-0.004076938999999999
-0.004173752
-0.004270596999999999
-0.004416497999999999
-0.004705924999999999
-0.005192023
-0.005805381
-0.006451523
-0.007106354999999999
-0.007735298999999999
-0.008174572
-0.008251882999999998
-0.008002762
-0.007599795
-0.007169261
-0.006755021999999999
-0.0063403719999999995
-0.005892959999999999
-0.0054161719999999995
-0.004899138
-0.004343006
-0.003778308
-0.0032035079999999994
-0.0026667239999999997
-0.002248565
-0.001976174
-0.001798829
-0.001644502
-0.0014908719999999999
-0.0013329609999999997
-0.0011767739999999998
-0.001018404
-8.595753999999999E-4
-7.026670999999998E-4
-5.613695999999999E-4
-4.7135979999999997E-4
-4.1484639999999994E-4
-3.7951869999999993E-4
-3.5314769999999997E-4
-3.1561329999999996E-4
-2.7815559999999997E-4
-2.3972969999999996E-4
-2.0625259999999996E-4
-1.6658819999999997E-4
-6.972911999999999E-5
9.850071999999999E-5
3.051404999999999E-4
5.434469E-4
7.890263999999999E-4
0.001021266
0.001266514
0.0014892559999999998
0.001535136
0.001255724
7.102993E-4
6.367143E-5
-4.809055E-4
-7.055543999999999E-4
-5.93275E-4
-2.9048689999999994E-4
5.479367E-5
3.9546209999999994E-4
7.465033E-4
0.001098152
0.0014567199999999999
0.001820708
0.0021616909999999994
0.002472513
0.002746849
0.002984565
0.003207719
0.0034310399999999994
0.0036532939999999996
0.0038738549999999994
0.004095389
0.004316563999999999
0.004535942999999999
0.004729232999999999
0.004864957
0.004925087999999999
0.004943963
0.004958088999999999
0.004974171999999999
0.005011193
0.005072079999999999
0.00517754
0.005321992999999999
0.005476373
0.005634438999999999
0.005788887
0.005944194
0.006054944999999999
0.006032960999999999
0.005856372999999999
0.00559483
0.005316381999999999
0.005041837999999999
0.004766588999999999
0.00447341
0.00414828
0.0037748629999999994
0.0033760949999999995
0.002977767
0.002574043
0.002170903
0.0017652909999999998
0.0013619139999999999
9.649807999999999E-4
5.717409999999999E-4
1.853116E-4
-2.060504E-4
-5.974048E-4
-9.883211E-4
-0.001367265
-0.0017857829999999998
-0.001855455
-0.00174367
-0.0015471539999999998
-0.001334487
-0.001130097
-9.231288999999999E-4
-7.129347999999999E-4
-5.007631E-4
-2.799775E-4
-4.448724999999999E-5
2.4400559999999998E-4
5.862003999999999E-4
9.473378999999999E-4
0.0013099069999999997
0.0016730099999999997
0.002001629
0.0021268959999999996
0.001887179
0.0013365799999999998
6.551942E-4
-3.603202999999999E-5
-7.185453E-4
-0.0014001749999999998
-0.0020544559999999996
-0.002639465
-0.0031396889999999998
-0.0035954099999999994
-0.004046447
-0.004501952
-0.004954615
-0.005397763999999999
-0.005845774
-0.006283469999999999
-0.006638065999999999
-0.006835848999999999
-0.006884581
-0.006862913
-0.006840349999999999
-0.006826565
-0.006800809999999999
-0.006773572999999999
-0.006756904999999999
-0.0067022359999999994
-0.006515675
-0.006117184999999999
-0.005540075
-0.004898136
-0.004246986
-0.0036133229999999994
-0.003068377
-0.0027122959999999995
-0.0025621639999999996
-0.002529854
-0.0025265179999999997
-0.002506038
-0.002483363
-0.002497818
-0.002557814
-0.0026508599999999997
-0.002759613
-0.0028684539999999994
-0.00297422
-0.0030827489999999996
-0.0031949989999999996
-0.003274815
-0.0032459119999999997
-0.003079614
-0.002819049
-0.002533229
-0.002257832
-0.001980252
-0.001695651
-0.001410437
-0.001133168
-8.576253E-4
-5.822245999999999E-4
-3.1539419999999994E-4
-5.770445E-5
1.932299E-4
4.4856189999999997E-4
6.963509E-4
8.850036999999999E-4
9.640767E-4
9.346849E-4
8.494894999999999E-4
7.635972999999999E-4
6.822281999999999E-4
5.971006E-4
5.106355999999999E-4
4.075403E-4
2.6953179999999994E-4
8.741724E-5
-1.232067E-4
-3.3275869999999997E-4
-5.401884E-4
-7.439732999999999E-4
-9.403631999999999E-4
-0.001142885
-0.0013428619999999998
-0.0015378719999999998
-0.0016705969999999998
-0.001612534
-0.001316798
-8.534772E-4
-3.5131179999999993E-4
1.341436E-4
6.186001999999999E-4
0.001103038
0.00159342
0.0020138039999999997
0.0022259089999999994
0.002193771
0.00199959
0.0017576069999999998
0.001524325
0.001326942
0.001236339
0.001295644
0.001467193
0.00167536
0.0018777289999999999
0.002076501
0.00227568
0.002473626
0.002652489
0.002801524
0.0029262619999999994
0.003042619
0.003159901
0.003272207
0.0033821499999999996
0.0034976099999999995
0.003641442
0.003824688
0.004027850999999999
0.004233287
0.004433483999999999
0.0046291909999999995
0.004824462
0.005016344999999999
0.005201267
0.005382991999999999
0.005563796999999999
0.005711574
0.0057506549999999995
0.005640117
0.0054280069999999995
0.005186349
0.004947688
0.004713578999999999
0.004466769999999999
0.004176787
0.003836372
0.0034707149999999997
0.0030995009999999997
0.0027307639999999997
0.002372464
0.002015764
0.0016611
0.0013157279999999997
9.767229999999999E-4
7.086855999999999E-4
6.115346999999999E-4
6.944844E-4
8.804595999999999E-4
0.001087899
0.001284607
0.001477428
0.0016695819999999998
0.001846083
0.001983981
0.002087267
0.0021760129999999996
0.002260668
0.00234581
0.0024273809999999997
0.0025086569999999996
0.002574909
0.0025613139999999994
0.0024075169999999996
0.0021279789999999995
0.0017944629999999998
0.001461626
0.0011391819999999999
8.180466999999999E-4
5.000348999999999E-4
1.9128209999999998E-4
-1.1283739999999999E-4
-4.116239E-4
-6.992525999999999E-4
-9.718805999999999E-4
-0.0012156399999999998
-0.001421051
-0.0016037529999999999
-0.0017780149999999998
-0.0019417689999999999
-0.0020984419999999994
-0.0022520229999999997
-0.0024040309999999996
-0.002559071
-0.002706808
-0.002823418
-0.0028964149999999994
-0.002934153
-0.0029552439999999997
-0.0029722699999999995
-0.0029897079999999998
-0.003004861
-0.0030147659999999995
-0.003023674
-0.0030432219999999995
-0.00309291
-0.003181742
-0.003292921
-0.003406243
-0.003516564
-0.003620377
-0.003719252
-0.003819442
-0.0038967449999999996
-0.003870843
-0.0036720699999999995
-0.0033318449999999995
-0.002938373
-0.002549809
-0.002175707
-0.0018057029999999999
-0.001441979
-0.001107246
-8.427178999999999E-4
-6.673493999999999E-4
-5.454514E-4
-4.3863429999999997E-4
-3.3480099999999997E-4
-2.3157669999999996E-4
-1.32935E-4
-3.998849E-5
4.033587999999999E-5
8.648953E-5
8.309576E-5
4.529045999999999E-5
-2.3923949999999995E-7
-4.430398E-5
-8.515092999999998E-5
-1.24619E-4
-1.614854E-4
-1.7156439999999997E-4
-1.286591E-4
-3.8708549999999994E-5
7.160746E-5
1.8196769999999997E-4
2.86696E-4
3.883261E-4
4.8760159999999993E-4
5.832767E-4
6.741102E-4
7.574180999999999E-4
8.338389E-4
9.051127999999999E-4
9.711886999999999E-4
0.001032823
0.0010899849999999997
0.001148048
0.001227023
0.0013465
0.001500666
0.0016652159999999997
0.001822222
0.0019688949999999996
0.002107548
0.002222281
0.0022731009999999996
0.0022404839999999996
0.002153019
0.002049835
0.001949525
0.001853306
0.0017562979999999999
0.0016598269999999998
0.00156676
0.0014753019999999997
0.0013838329999999997
0.001291113
0.001198339
0.001108091
0.0010210329999999997
9.369098E-4
8.535705999999999E-4
7.677031E-4
6.795584E-4
5.921029999999999E-4
5.068828E-4
4.252711999999999E-4
3.483753E-4
2.7408539999999995E-4
2.0211199999999998E-4
1.376906E-4
8.171989999999999E-5
3.116133E-5
-1.4125639999999998E-5
-5.637980999999999E-5
-9.762864999999999E-5
-1.357431E-4
-1.6232089999999999E-4
-1.63928E-4
-1.3844059999999997E-4
-9.909608E-5
-5.862417E-5
-2.168799E-5
8.326409E-6
1.3709569999999998E-5
-3.304121999999999E-5
-1.306454E-4
-2.48309E-4
-3.627121E-4
-4.6686119999999996E-4
-5.626935E-4
-6.484351999999999E-4
-7.130354999999998E-4
-7.498358E-4
-7.658995999999999E-4
-7.738798E-4
-7.796797999999999E-4
-7.835630999999999E-4
-7.847307999999999E-4
