4.44621E-4
3.97053E-4
2.34589E-4
-7.02467E-5
-3.99935E-4
-6.4467E-4
-7.68254E-4
-8.05879E-4
-8.16993E-4
-8.33473E-4
-8.17913E-4
-7.34E-4
-6.16582E-4
-5.11508E-4
-4.35564E-4
-3.78881E-4
-3.24675E-4
-2.56879E-4
-1.53035E-4
-6.91082E-6
2.06381E-4
5.08468E-4
8.43319E-4
0.00115192
0.00140928
0.00155351
0.00155281
0.00143466
0.00125425
0.00103972
6.76288E-4
6.77574E-5
-5.76937E-4
-9.86076E-4
-0.00107733
-9.20545E-4
-6.70843E-4
-4.48406E-4
-2.90358E-4
-1.65908E-4
-3.42334E-5
1.36432E-4
3.36359E-4
4.91734E-4
5.34694E-4
3.87244E-4
-1.4533E-5
-6.03084E-4
-0.0012438
-0.00183733
-0.00236355
-0.00284802
-0.00330847
-0.00373479
-0.00395135
-0.00371011
-0.00300147
-0.00199795
-9.60688E-4
-1.18802E-4
4.8316E-4
9.62264E-4
0.00143909
0.00196589
0.00251658
0.003048
0.00351133
0.00390174
0.00425156
0.00459419
0.00485741
0.00498068
0.00488802
0.00455086
0.00392166
0.00291384
0.00167085
2.05157E-4
-0.00169351
-0.00374119
-0.00544024
-0.00647364
-0.00664131
-0.00602941
-0.00487289
-0.00345856
-0.00188905
-1.40948E-4
0.00145694
0.00259415
0.00310781
0.00289079
0.00215138
0.00128418
6.3757E-4
4.14403E-4
5.48557E-4
8.64139E-4
0.0012348
0.0014549
0.00138494
0.00100558
3.79105E-4
-3.60819E-4
-0.0010796
-0.0017255
-0.00230688
-0.00287947
-0.0035729
-0.00445076
-0.00505829
-0.00494607
-0.00396138
-0.00221382
-7.73366E-5
0.00197088
0.00361397
0.00429697
0.00383954
0.00237041
2.61677E-4
-0.00172777
-0.00315283
-0.00376628
-0.00357719
-0.00283527
-0.00177674
-6.62511E-4
1.62415E-4
6.06709E-4
5.90262E-4
1.808E-4
-2.71971E-4
-5.05289E-4
-3.81937E-4
2.22523E-4
0.00142472
0.00344093
0.00626244
0.00896261
0.010722
0.0111346
0.0102813
0.00854976
0.00629482
0.00385909
0.00132107
-0.00121333
-0.00319205
-0.00416451
-0.00379246
-0.00217151
-1.63508E-4
0.00147455
0.00235794
0.00261111
0.00233837
0.00155249
7.3963E-6
-0.00251676
-0.00583648
-0.00875606
-0.0104014
-0.00981942
-0.00703541
-0.00250029
0.002871
0.00787104
0.0115834
0.01368
0.0143751
0.0140306
0.0118809
0.00728749
6.46689E-4
-0.00696033
-0.0142856
-0.0196574
-0.0216471
-0.0196698
-0.0144831
-0.00732859
6.54336E-4
0.00720345
0.011138
0.0121458
0.0102397
0.00574773
-7.87628E-4
-0.00862171
-0.016106
-0.0215819
-0.0241023
-0.0231317
-0.0186866
-0.0119837
-0.00489441
0.00146846
0.0067129
0.0102004
0.0108723
0.00890221
0.0051946
9.7383E-4
-0.0026076
-0.00492723
-0.00613729
-0.00670978
-0.00683815
-0.00611647
-0.00402867
-1.4343E-4
0.00510874
0.0106971
0.0157965
0.0202052
0.0240352
0.0266814
0.0258634
0.0207646
0.0117902
4.04559E-4
-0.011148
-0.0211415
-0.027209
-0.0276612
-0.0236186
-0.0170621
-0.00949787
-0.00211552
0.00396126
0.00829433
0.0109247
0.0122873
0.0126458
0.0114189
0.00853124
0.00462243
4.47034E-4
-0.00222448
-0.00224577
7.08332E-4
0.00610952
0.0127579
0.0192447
0.0244061
0.0276466
0.0291275
0.0290788
0.027777
0.025225
0.0212599
0.0157543
0.00884934
0.00142043
-0.00569027
-0.0117493
-0.0165688
-0.0203351
-0.0227645
-0.0236841
-0.0233482
-0.0222169
-0.0209092
-0.0197215
-0.0187087
-0.0177055
-0.016176
-0.013418
-0.00949681
-0.00491313
-2.70073E-4
0.00339076
0.00555329
0.00662779
0.00719327
0.00771152
0.0081859
0.0079208
0.00598556
0.00227361
-0.00285698
-0.00855865
-0.0134982
-0.0170505
-0.0193128
-0.0206804
-0.0215587
-0.0221282
-0.0220936
-0.0211713
-0.0193544
-0.0165962
-0.0127517
-0.00776852
-0.00234863
0.00262322
0.00654794
0.00911687
0.0105326
0.0120022
0.0142967
0.0174873
0.0213817
0.0252231
0.0277107
0.0282086
0.0259689
0.0207066
0.0133981
0.00506722
-0.00353846
-0.0117141
-0.0182972
-0.0216459
-0.021466
-0.0185069
-0.0140335
-0.00883449
-0.00334262
0.00193834
0.00667667
0.0104173
0.0127712
0.0138478
0.0139629
0.0136481
0.0132081
0.0128405
0.0127416
0.0129903
0.0130239
0.0123012
0.0102575
0.00694653
0.00279949
-0.00164248
-0.00600645
-0.0102261
-0.0144077
-0.0178612
-0.0200543
-0.0203481
-0.0187737
-0.0153256
-0.0102319
-0.00363285
0.00444789
0.0127237
0.0195583
0.0241603
0.0263248
0.0266219
0.0255897
0.0236827
0.0213614
0.0188387
0.0156332
0.0112901
0.00555265
-0.00138598
-0.00869851
-0.0155967
-0.021749
-0.0272111
-0.0317713
-0.0344822
-0.0350892
-0.0340344
-0.0319985
-0.0291116
-0.0253822
-0.0206396
-0.0148599
-0.00829476
-0.00136118
0.00521657
0.0113309
0.0170721
0.021597
0.0242337
0.024968
0.0241158
0.0220685
0.0189511
0.0146245
0.00895712
0.00246527
-0.00404362
-0.0100126
-0.0153384
-0.0202386
-0.0245444
-0.0280176
-0.0307329
-0.0325239
-0.0325808
-0.0305059
-0.0263266
-0.0198961
-0.0117546
-0.00216349
0.00803394
0.0172661
0.0248139
0.030371
0.0338842
0.0353549
0.0350331
0.0335005
0.031186
0.0275867
0.0223816
0.0154509
0.00718277
-4.08026E-5
-0.00450014
-0.00572069
-0.0044092
-0.00210888
-5.65918E-5
3.12022E-4
-0.00179154
-0.00583394
-0.0109714
-0.0161759
-0.019937
-0.0214878
-0.0207645
-0.017743
-0.0132051
-0.00804551
-0.00292934
0.00136544
0.0036162
0.00326189
6.87951E-4
-0.0032223
-0.00730117
-0.0106955
-0.013176
-0.0147413
-0.0157374
-0.015984
-0.015313
-0.0136875
-0.0112733
-0.00818862
-0.0045247
-5.27059E-4
0.00363803
0.00759981
0.0104667
0.0117562
0.0114767
0.0101234
0.00852032
0.00716311
0.00625544
0.00576579
0.00577832
0.00632025
0.00716921
0.00805215
0.00881284
0.0094478
0.0100167
0.0107093
0.0116306
0.0129569
0.0146914
0.0165483
0.0181236
0.0188053
0.0180583
0.0158026
0.012172
0.00790539
0.00426715
0.00183472
7.9498E-4
8.29224E-4
0.0017372
0.00343078
0.00587653
0.00917326
0.0137915
0.0199143
0.0267606
0.0333971
0.0392539
0.044344
0.0488741
0.0529014
0.055934
0.0574462
0.0573355
0.0560612
0.0536456
0.0501577
0.0457069
0.040582
0.0349354
0.0289363
0.0226382
0.0159731
0.00828804
-7.29365E-4
-0.0118869
-0.0254869
-0.0402399
-0.0544685
-0.0671022
-0.0767436
-0.0821498
-0.0820568
-0.075955
-0.0634741
-0.0462069
-0.0278337
-0.0124606
-0.00255568
0.00175324
0.00127776
-0.00241479
-0.0074676
-0.0124594
-0.0168173
-0.0198033
-0.0214283
-0.0217744
-0.0212068
-0.020027
-0.0185555
-0.0171332
-0.0159993
-0.0151301
-0.0145088
-0.013733
-0.0123908
-0.0104698
-0.00838464
-0.00644763
-0.00481841
-0.00339677
-0.00222459
-0.00112351
4.16766E-5
0.00129058
0.00248312
0.00357225
0.00444194
0.00427947
0.0018917
-0.00259262
-0.00950283
-0.0194735
-0.0330296
-0.0490864
-0.0653887
-0.080249
-0.0931748
-0.102823
-0.107587
-0.10644
-0.0997048
-0.0877554
-0.0714947
-0.05139
-0.0278635
-0.00366963
0.01849
0.0361753
0.0486684
0.0572667
0.0627106
0.0657892
0.0671041
0.0670499
0.0657656
0.0633056
0.0600115
0.0562502
0.0523936
0.0485754
0.0451053
0.042261
0.0397861
0.0369651
0.0328866
0.027451
0.0207053
0.012628
0.00309655
-0.00731972
-0.0169551
-0.0248116
-0.0311414
-0.0367057
-0.0420622
-0.0472913
-0.0520822
-0.0559456
-0.0584353
-0.0581406
-0.0533108
-0.0432282
-0.0294332
-0.0146472
-0.00128244
0.00855505
0.0133479
0.0129174
0.0085261
0.00113422
-0.00875075
-0.0192761
-0.028461
-0.035769
-0.0408906
-0.0441638
-0.0456272
-0.0439518
-0.0363726
-0.0213737
0.00195563
0.032585
0.0636195
0.088816
0.105072
0.113371
0.115703
0.11422
0.111036
0.106789
0.101259
0.093626
0.0831952
0.0680494
0.0500379
0.0338376
0.0221565
0.0159417
0.0143047
0.015147
0.016836
0.0183019
0.018719
0.0180276
0.0162799
0.0137322
0.0102472
0.00575465
4.40858E-4
-0.00533071
-0.0110004
-0.0162433
-0.0209866
-0.0253104
-0.0287642
-0.0304329
-0.030118
-0.0280929
-0.0249167
-0.0211169
-0.017038
-0.0128676
-0.00868602
-0.00505673
-0.00251654
-0.00136818
-0.0018865
-0.00386279
-0.00665813
-0.00975924
-0.0125548
-0.0147189
-0.0161973
-0.0171223
-0.0180856
-0.0196645
-0.0220753
-0.0250752
-0.028139
-0.030865
-0.0331573
-0.0351118
-0.0367218
-0.037954
-0.0388821
-0.0390604
-0.0382171
-0.035827
-0.0316408
-0.0253194
-0.017008
-0.007737
9.20162E-4
0.00758971
0.0114065
0.0125785
0.0125223
0.0124739
0.0138141
0.0168756
0.0213394
0.0263372
0.0305
0.0321727
0.0300046
0.0242498
0.0157807
0.00562607
-0.00384001
-0.0111352
-0.0162822
-0.0200353
-0.0228264
-0.0249949
-0.0265082
-0.0271987
-0.0268771
-0.0249752
-0.0199011
-0.0112663
0.00158611
0.017666
0.0332465
0.0450865
0.0519107
0.0543033
0.0536343
0.0516748
0.0493656
0.0469551
0.0451746
0.0445773
0.0451101
0.0462968
0.0474634
0.0482811
0.0487321
0.0489882
0.0489703
0.0480281
0.0458135
0.0422119
0.036734
0.0295348
0.0207467
0.010901
0.00116391
-0.00775258
-0.0149555
-0.019538
-0.0219535
-0.0235954
-0.0259823
-0.0303294
-0.0372472
-0.0463807
-0.056876
-0.0672528
-0.0761825
-0.0818344
-0.0834779
-0.0808781
-0.0738234
-0.0638251
-0.0530578
-0.0433056
-0.0363803
-0.0338743
-0.035339
-0.0397483
-0.0457266
-0.0504195
-0.0512248
-0.0474206
-0.0400842
-0.0310395
-0.0223825
-0.0155129
-0.0112253
-0.00918861
-0.00855861
-0.00861299
-0.00888192
-0.00924549
-0.00965633
-0.0101207
-0.0105965
-0.0110288
-0.0111952
-0.0108001
-0.00984685
-0.00840744
-0.00647573
-0.00386419
-5.87258E-4
0.0034202
0.00796199
0.0122451
0.0150945
0.0153932
0.0131861
0.00962591
0.00637573
0.00438173
0.00362011
0.00345779
0.00342102
0.00334778
0.0025515
7.25872E-4
-0.00126756
-0.00277214
-0.00283368
-6.69842E-4
0.00417747
0.0115911
0.0205168
0.0298834
0.0389419
0.0473311
0.0550356
0.0621836
0.0688487
0.0748264
0.0792496
0.0818636
0.0837007
0.0854007
0.0865127
0.0865951
0.0855765
0.0835293
0.0804127
0.0760442
0.0700439
0.0619228
0.0517494
0.0401389
0.0278154
0.0151546
0.00257899
-0.0094942
-0.0207528
-0.0305092
-0.0375229
-0.0416159
-0.04277
-0.0410262
-0.0374366
-0.0331732
-0.0289183
-0.0255984
-0.0242202
-0.0249043
-0.02695
-0.029651
-0.0322153
-0.033442
-0.0318265
-0.0274535
-0.0219618
-0.0168609
-0.0127097
-0.00928036
-0.00657329
-0.00550623
-0.00651464
-0.00984173
-0.0149739
-0.0204697
-0.0255618
-0.0292615
-0.030841
-0.0302519
-0.0278631
-0.0245711
-0.0212597
-0.0183441
-0.0157678
-0.0133522
-0.0110331
-0.00881892
-0.00634802
-0.00342572
-2.96436E-4
0.00269552
0.00536603
0.00770821
0.00969609
0.0110698
0.0117418
0.0114426
0.010151
0.00793861
0.00502169
0.00175031
-0.00170659
-0.00469731
-0.00595019
-0.00483592
-0.00176212
0.00271944
0.00791245
0.0136489
0.0199054
0.026049
0.0314265
0.0358089
0.0387877
0.0402834
0.0400505
0.0373264
0.0323091
0.0256309
0.0182199
0.00996227
1.66363E-4
-0.0105798
-0.020548
-0.0276662
-0.0310994
-0.0314205
-0.0292912
-0.025776
-0.0222997
-0.0196829
-0.0185616
-0.0196026
-0.0224993
-0.0263084
-0.0301856
-0.0336314
-0.0366207
-0.0393208
-0.0418541
-0.043618
-0.0439197
-0.0429375
-0.0413938
-0.0399164
-0.0387003
-0.0376409
-0.036575
-0.0353634
-0.0333811
-0.0302667
-0.0260628
-0.0211914
-0.0160211
-0.0109696
-0.00669174
-0.00373968
-0.00243373
-0.00295922
-0.00485252
-0.0071393
-0.00913306
-0.0105681
-0.0106514
-0.00886674
-0.00525536
-3.83823E-4
0.00488328
0.0101469
0.0147702
0.0183133
0.02066
0.0219855
0.0227034
0.0232694
0.02387
0.0244966
0.0250085
0.025017
0.0241828
0.0222272
0.0190987
0.0150154
0.00986407
0.00434615
-1.96032E-4
-0.00241198
-0.00215518
2.13238E-5
0.00320579
0.00651142
0.00958078
0.0120589
0.0135997
0.0141326
0.013899
0.0135345
0.0137341
0.0146517
0.0158762
0.0169851
0.0177787
0.0183244
0.0185205
0.0182146
0.0175165
0.016795
0.0164088
0.0167032
0.0177378
0.0193854
0.0213129
0.0231672
0.0247579
0.0261077
0.0272859
0.028201
0.0285174
0.0281531
0.0272267
0.0258971
0.0241799
0.0221872
0.0200977
0.0180861
0.0161844
0.0143326
0.0113981
0.00662456
6.15042E-5
-0.00789395
-0.0163843
-0.0243178
-0.0302135
-0.0332658
-0.033551
-0.0314445
-0.0276545
-0.0230777
-0.0186122
-0.0152437
-0.0141065
-0.0151251
-0.0174985
-0.0204146
-0.0230745
-0.0249835
-0.0261167
-0.026759
-0.0272713
-0.0278032
-0.0283491
-0.0287636
-0.0286471
-0.0262854
-0.020543
-0.0114087
8.50098E-4
0.0144356
0.0258958
0.0335428
0.0374676
0.0386666
0.0383323
0.0370962
0.0351203
0.0322621
0.0286499
0.0244423
0.0200585
0.0163257
0.0137011
0.012352
0.0120867
0.0124683
0.0131629
0.0137785
0.0141844
0.0140866
0.0132644
0.0117515
0.00973608
0.00735523
0.00455335
0.00139645
-0.00234762
-0.00688952
-0.011463
-0.0152058
-0.0174233
-0.0181165
-0.0175772
-0.0161272
-0.0140453
-0.0114228
-0.008579
-0.00619583
-0.00510657
-0.00599175
-0.00859205
-0.0121871
-0.0161861
-0.0191247
-0.0201843
-0.0190867
-0.0161759
-0.0120792
-0.00727877
-0.00272953
9.24713E-4
0.00352169
0.00509894
0.00587337
0.00570837
0.0045696
0.00248769
-4.12393E-4
-0.00404941
-0.00816668
-0.0120586
-0.015299
-0.0174411
-0.0181599
-0.0172357
-0.0145944
-0.0108622
-0.00702663
-0.00380893
-0.00180523
-0.00114537
-0.00203596
-0.00423191
-0.00688851
-0.0093307
-0.0111744
-0.0123674
-0.0127679
-0.0121591
-0.0103647
-0.00739279
-0.00373459
-3.9624E-5
0.00330326
0.00625569
0.00894514
0.0113013
0.013119
0.0144239
0.0154181
0.0163052
0.0171571
0.0178806
0.0181233
0.0178612
0.0175505
0.0175286
0.0177678
0.0180682
0.0182528
0.0182629
0.0178275
0.0167648
0.015082
0.0127887
0.00981853
0.00620832
0.00244348
-7.36062E-4
-0.00284467
-0.00327495
-0.00190139
6.99381E-4
0.00375114
0.00642468
0.00827229
0.00905579
0.0087445
0.00704491
0.00364698
-0.0013681
-0.00719874
-0.0128305
-0.0177246
-0.021685
-0.0240964
-0.0248482
-0.0240589
-0.0220542
-0.0190899
-0.0153794
-0.0112228
-0.00669374
-0.00210546
0.00216287
0.0055153
0.00734406
0.00774931
0.00706119
0.00566341
0.00377082
0.0015559
-7.39808E-4
-0.00300404
-0.0054935
-0.00838167
-0.011442
-0.0143733
-0.0169865
-0.0192771
-0.0212898
-0.0227378
-0.0231532
-0.0221397
-0.0195027
-0.0151902
-0.0097145
-0.00405414
0.00113491
0.00541594
0.00881394
0.0111612
0.0122265
0.0122218
0.0116054
0.0108965
0.0104136
0.010236
0.010235
0.0102098
0.0096197
0.00814841
0.00538193
0.0013942
-0.00306869
-0.00735419
-0.0108936
-0.0133673
-0.0149985
-0.0159731
-0.0161322
-0.0148274
-0.0116759
-0.00725322
-0.00240602
0.00232682
0.00602724
0.00819179
0.00840367
0.00679633
0.00445945
0.00226201
5.72383E-4
-7.65038E-4
-0.00142057
-6.18473E-4
0.00190815
0.00594077
0.0108631
0.0156299
0.0195705
0.0219894
0.0228676
0.0223491
0.0207267
0.0181152
0.0146251
0.0106901
0.00679768
0.00332844
5.4494E-4
-0.00147989
-0.00233339
-0.00186396
-2.02525E-4
0.00222314
0.00477346
0.00705308
0.00875017
0.00957972
0.00921303
0.00751178
0.00493791
0.00220368
-2.32917E-4
-0.00230857
-0.00414243
-0.00578191
-0.00722364
-0.00851371
-0.00967812
-0.0107448
-0.0117075
-0.0125662
-0.0133042
-0.0140119
-0.0147572
-0.0155333
-0.0162581
-0.0168896
-0.0173952
-0.0177155
-0.0175515
-0.0167765
-0.0151789
-0.0127365
-0.00946589
-0.00559567
-0.00166481
0.00178555
0.00448627
0.00656892
0.00834069
0.0100466
0.0117443
0.0133651
0.0148295
0.0161788
0.017493
0.01861
0.0193429
0.0195444
0.0190985
0.0179161
0.0158043
0.0127848
0.0091188
0.00519689
0.00142981
-0.00201745
-0.00514709
-0.00803726
-0.010151
-0.011013
-0.0104627
-0.00864546
-0.00589758
-0.00243632
0.00131017
0.00490234
0.00786475
0.00941512
0.00928593
0.00744715
0.00436047
9.52377E-4
-0.00214825
-0.00478133
-0.00710846
-0.009045
-0.0103944
-0.0112283
-0.0117892
-0.0122893
-0.0127943
-0.0132589
-0.0132761
-0.012578
-0.0114309
-0.010238
-0.0090608
-0.00777348
-0.00617394
-0.00410667
-0.00149452
0.00172646
0.00565867
0.0100785
0.014385
0.0182507
0.0215925
0.0238407
0.0247136
0.0240426
0.0219864
0.0190507
0.0156869
0.0123259
0.0091633
0.00623074
0.00344751
7.37683E-4
-0.00180238
-0.00402084
-0.00594247
-0.00764809
-0.00923468
-0.0107252
-0.0120875
-0.0132652
-0.0142909
-0.0152568
-0.0161298
-0.016653
-0.0165173
-0.0155772
-0.014094
-0.0124573
-0.0110135
-0.0101581
-0.00998412
-0.0101291
-0.010227
-0.00971949
-0.00834125
-0.00579369
-0.00218901
0.00198295
0.00653798
0.0109275
0.0142425
0.0160137
0.0158496
0.0138339
0.0107309
0.00743337
0.00486289
0.0032941
0.00285664
0.00348566
0.00519092
0.0078765
0.0110127
0.0140266
0.0165103
0.0182372
0.0192141
0.0193072
0.018567
0.01703
0.0147873
0.0121161
0.00928034
0.00649522
0.0037376
8.13676E-4
-0.00250916
-0.00581367
-0.00823705
-0.00937186
-0.00944217
-0.00903982
-0.00881137
-0.00897305
-0.00966968
-0.0108074
-0.0124124
-0.0145703
-0.0169844
-0.0190403
-0.0199841
-0.0194396
-0.0176312
-0.0148216
-0.0112894
-0.00677796
-0.00103516
0.00482403
0.00964858
0.0127145
0.0140314
0.0138806
0.0123752
0.00971704
0.00627538
0.00285186
6.77831E-5
-0.00194832
-0.00321034
-0.00386375
-0.00407802
-0.00399861
-0.00381902
-0.003633
-0.00347202
-0.00329641
-0.00294156
-0.00214211
-9.19194E-4
4.60041E-4
0.00173729
0.00281889
0.0037243
0.00420102
0.00407056
0.00336089
0.00218815
5.30176E-4
-0.00168769
-0.00415617
-0.00646708
-0.00813223
-0.00895464
-0.00904572
-0.00860187
-0.00769402
-0.00628743
-0.00444142
-0.00231222
-3.52594E-5
0.00193351
0.00324614
0.00343258
0.00242
2.60192E-4
-0.00271847
-0.00598348
-0.0089999
-0.0113414
-0.0128384
-0.0135362
-0.0132814
-0.0120437
-0.00994814
-0.00731898
-0.00410884
-2.9652E-4
0.00373887
0.00760888
0.0111136
0.0142583
0.0170253
0.018918
0.0195829
0.0191795
0.0181925
0.0171462
0.0162753
0.0155545
0.0148499
0.014102
0.0133231
0.0123511
0.010917
0.0088483
0.00597394
0.00214277
-0.00257238
-0.00756912
-0.0119498
-0.015399
-0.0175069
-0.018239
-0.017919
-0.016928
-0.0155406
-0.01382
-0.0120168
-0.0103288
-0.0089031
-0.00795591
-0.00776815
-0.00863017
-0.0103696
-0.0123821
-0.014195
-0.0156481
-0.0168466
-0.0178612
-0.0185939
-0.0187037
-0.0179184
-0.0160573
-0.0131185
-0.00934973
-0.00510035
-7.78499E-4
0.003312
0.00706943
0.0105404
0.0138039
0.0169831
0.0201969
0.0233251
0.0261733
0.0284942
0.0300048
0.0306796
0.0306933
0.0302868
0.0292305
0.0273624
0.0248287
0.0218093
0.0184971
0.0150486
0.0112652
0.00684799
0.00193771
-0.00299084
-0.00756243
-0.01164
-0.01516
-0.0178052
-0.0195155
-0.0204642
-0.0209137
-0.0208482
-0.0202206
-0.0189602
-0.0170863
-0.0145767
-0.0112947
-0.00712444
-0.00202345
0.00382886
0.0096403
0.0146543
0.0183863
0.0206566
0.0216906
0.0217934
0.021253
0.0201696
0.0184305
0.0156598
0.0120006
0.00827127
0.00516631
0.00313687
0.00213406
0.0021438
0.0030061
0.00418394
0.00527842
0.00613724
0.00684634
0.00748477
0.00793614
0.00807835
0.00800144
0.0078301
0.00766941
0.00752931
0.00743254
0.00737487
0.00713151
0.00641821
0.0051131
0.00289029
-4.77408E-4
-0.00503031
-0.0103286
-0.0156297
-0.0204558
-0.024705
-0.0283921
-0.0311516
-0.0328406
-0.0334213
-0.0329663
-0.0317312
-0.0298707
-0.0275311
-0.0247906
-0.0217172
-0.0182738
-0.0145858
-0.0109063
-0.00744749
-0.00426606
-0.00133906
0.00126422
0.00339846
0.00511955
0.00660152
0.0079976
0.00914826
0.00988375
0.0101619
0.010111
0.00994367
0.00980689
0.00972371
0.00965048
0.00945038
0.0089944
0.00829714
0.00751149
0.00663462
0.0054521
0.00383486
0.00214857
7.88754E-4
-1.92993E-4
-9.62927E-4
-0.00169756
-0.002472
-0.00326555
-0.00402938
-0.00456629
-0.00467231
-0.00439622
-0.0039701
-0.00358522
-0.00330688
-0.00308651
-0.00280888
-0.00242996
-0.00215757
-0.00217438
-0.00244291
-0.00279107
-0.00308596
-0.00327415
-0.00324411
-0.00264446
-0.00141047
1.2312E-4
0.0015944
0.00283851
0.00388236
0.00478593
0.00555734
0.00620231
0.0067084
0.00721195
0.00798232
0.00908768
0.0102975
0.0113755
0.0120276
0.0121355
0.011539
0.010235
0.00842341
0.00627106
0.00382918
0.00108978
-0.00181346
-0.00466149
-0.00730454
-0.00969559
-0.0117881
-0.01347
-0.0147955
-0.0155755
-0.01563
-0.0149825
-0.0138095
-0.0124454
-0.0111378
-0.00997286
-0.0089016
-0.0078464
-0.00679393
-0.00576249
-0.00485238
-0.00420105
-0.00402288
-0.00434157
-0.00488291
-0.0053885
-0.00573787
-0.00595552
-0.00588823
-0.00507013
-0.00340256
-0.00133501
6.67138E-4
0.00237227
0.00382416
0.00507033
0.00611896
0.00702465
0.0079755
0.0091268
0.0106925
0.0127465
0.015183
0.0177536
0.0201833
0.0223429
0.0242428
0.0259417
0.0272417
0.02795
0.0280349
0.0275822
0.0266874
0.0248295
0.0216178
0.0172588
0.0123748
0.00756505
0.00324215
-2.74716E-5
-0.0021631
-0.00345762
-0.00425235
-0.00487874
-0.00549372
-0.0058446
-0.0060716
-0.00673787
-0.00780126
-0.00888265
-0.00962415
-0.00986874
-0.00973422
-0.0094966
-0.00932626
-0.00926235
-0.00923968
-0.00942672
-0.00993057
-0.0108333
-0.0121427
-0.0138446
-0.0159241
-0.0181884
-0.0202769
-0.0217031
-0.0222561
-0.0220731
-0.0213684
-0.0203482
-0.0188572
-0.0167267
-0.0138038
-0.0102393
-0.00652397
-0.00304672
4.56085E-5
0.00261633
0.00441452
0.00549867
0.00622229
0.00689629
0.00763484
0.00838066
0.00896199
0.00929167
0.00962262
0.010178
0.0109194
0.0116857
0.0123466
0.0128673
0.0133086
0.0137809
0.0142496
0.0144847
0.0143752
0.0139197
0.0132069
0.0122006
0.0109008
0.00947566
0.00808558
0.00681064
0.0056288
0.00430996
0.00238959
-9.09863E-5
-0.00240984
-0.00402932
-0.00490627
-0.00536373
-0.0057142
-0.00604589
-0.00622172
-0.00606233
-0.005481
-0.00451702
-0.00336362
-0.00223747
-0.00124531
-3.83927E-4
3.51601E-4
7.33603E-4
6.2522E-4
1.01562E-4
-7.3826E-4
-0.00174289
-0.00276909
-0.00352915
-0.00374589
-0.00348687
-0.00304802
-0.0026751
-0.00243956
-0.00228944
-0.00223869
-0.0023152
-0.00246564
-0.00262907
-0.00276414
-0.00287306
-0.00295675
-0.00299705
-0.00297469
-0.00287777
-0.00273842
-0.00274432
-0.00297952
-0.00340515
-0.00394742
-0.00472326
-0.00583033
-0.00714834
-0.00846212
-0.00963487
-0.0106355
-0.0114901
-0.0121391
-0.0125526
-0.0126843
-0.0125493
-0.0120769
-0.011238
-0.00998309
-0.00820843
-0.00589155
-0.00316302
-3.13932E-4
0.00228532
0.00452177
0.0062316
0.00737593
0.00794196
0.00797902
0.00729503
0.0058431
0.00402898
0.00225206
7.18009E-4
-5.92715E-4
-0.00159131
-0.00184602
-0.00113446
5.13041E-4
0.00279147
0.00514262
0.00721921
0.00886514
0.0100349
0.0107035
0.0109337
0.0108868
0.0107619
0.010651
0.0105641
0.010455
0.0102804
0.010016
0.00969915
0.00936829
0.00905539
0.00874867
0.00831283
0.00748095
0.00616871
0.0044872
0.00267127
9.42533E-4
-6.07033E-4
-0.00200263
-0.00329402
-0.00429961
-0.00484719
-0.00506098
-0.00517657
-0.00527235
-0.00511199
-0.0044924
-0.00339133
-0.00200613
-6.13784E-4
6.20193E-4
0.00168343
0.00263391
0.00339539
0.00375734
0.00370748
0.00344219
0.00316684
0.00296924
0.0028132
0.00231143
0.00122125
-2.84524E-4
-0.00189968
-0.00317483
-0.00389643
-0.00393719
-0.00333729
-0.00241862
-0.00151238
-7.68828E-4
-1.63094E-4
3.6288E-4
5.69795E-4
3.00802E-4
-2.64866E-4
-8.79337E-4
-0.00138642
-0.00178187
-0.00216801
-0.00268437
-0.00333687
-0.00406075
-0.00475861
-0.00521749
-0.0053657
-0.00524625
-0.00494894
-0.00442793
-0.00364616
-0.0027373
-0.0018396
-0.00103566
-3.23972E-4
2.55153E-4
5.97154E-4
6.91618E-4
6.59315E-4
6.15018E-4
6.12914E-4
6.3948E-4
6.69657E-4
6.85005E-4
6.18508E-4
4.18471E-4
1.27188E-4
-1.78756E-4
-4.46996E-4
-6.70679E-4
-8.68235E-4
-8.12989E-4
-3.5044E-4
3.58671E-4
0.00109161
0.00170315
0.00218992
0.00258685
0.00291576
0.00318807
0.00343233
0.00365544
0.00385845
0.00403104
0.00417415
0.00429142
0.00444576
0.00456856
0.00440625
0.00381606
0.00281116
0.00144546
-2.48528E-4
-0.00223208
-0.00440065
-0.00662268
-0.00866359
-0.010009
-0.0104783
-0.0104345
-0.0103057
-0.0103208
-0.0104497
-0.0105084
-0.0103337
-0.00988028
-0.00901581
-0.00789978
-0.00705096
-0.00671744
-0.00671875
-0.00676176
-0.00691939
-0.00734256
-0.00795581
-0.0086075
-0.00917487
-0.00962731
-0.00993456
-0.00988386
-0.00938475
-0.00863426
-0.00785686
-0.00717952
-0.00658754
-0.00596853
-0.00520123
-0.00424331
-0.00309227
-0.00173158
-1.46668E-4
0.00155906
0.00323351
0.0047785
0.00617982
0.00745412
0.00835908
0.00875836
0.00889883
0.00906859
0.00915428
0.00887655
0.00824781
0.00745654
0.00670825
0.00607597
0.00553043
0.00492564
0.00419591
0.00363669
0.00351062
0.00379951
0.00444122
0.00539538
0.00660401
0.00789095
0.00911816
0.0102102
0.0111869
0.0120217
0.0126453
0.013063
0.0133877
0.0136767
0.0139581
0.0141946
0.0143146
0.014177
0.0138285
0.0135094
0.0133926
0.0131974
0.0126756
0.0117618
0.0105851
0.0092453
0.00783685
0.00607567
0.0036948
8.76859E-4
-0.00197247
-0.00457341
-0.00685387
-0.00891904
-0.010515
-0.0114466
-0.0116016
-0.0110089
-0.00969955
-0.00783958
-0.00579723
-0.00381065
-0.00208078
-8.70174E-4
-3.81212E-4
-7.11703E-4
-0.00165129
-0.00276352
-0.00374781
-0.00453163
-0.00520278
-0.00589796
-0.0066241
-0.00729275
-0.00785552
-0.00831285
-0.00869641
-0.0090315
-0.00923844
-0.00924499
-0.00909458
-0.00889046
-0.00852715
-0.00789821
-0.00706123
-0.0061114
-0.00507786
-0.00393066
-0.00255747
-6.94998E-4
0.0016077
0.00387472
0.00572584
0.00676777
0.00695632
0.00672668
0.00649209
0.00643683
0.00649857
0.00660418
0.00675648
0.0069705
0.00720428
0.00742624
0.00760941
0.00775123
0.00769538
0.00731368
0.00653209
0.00539785
0.00411645
0.00288521
0.00178941
8.11902E-4
-7.38084E-5
-9.76808E-4
-0.00194673
-0.00281635
-0.00346289
-0.00370611
-0.00348657
-0.00289836
-0.00209179
-0.0012491
-4.78418E-4
2.01169E-4
8.23129E-4
0.00140272
0.0018804
0.00220575
0.00219595
0.00177576
0.00113737
4.91925E-4
-4.13097E-5
-4.752E-4
-8.40543E-4
-0.00114913
-0.00140414
-0.00168509
-0.00220725
-0.00305866
-0.0040623
-0.00502933
-0.00585
-0.00659815
-0.00701297
-0.00688158
-0.0062147
-0.00508962
-0.0037338
-0.00239112
-0.00118595
-1.16344E-4
8.71452E-4
0.00179275
0.00262886
0.00311951
0.00311741
0.00280524
0.00243199
0.00215106
0.00196142
0.00169569
0.00110092
2.04577E-4
-5.83673E-4
-9.74363E-4
-0.00103779
-9.90637E-4
-0.0010047
-0.00111709
-0.00131882
-0.00158407
-0.00186752
-0.00212783
-0.00235257
-0.0025496
-0.00273969
-0.00303816
-0.00350587
-0.00400331
-0.00439181
-0.00464359
-0.0048155
-0.00496758
-0.00512629
-0.00520104
-0.00508327
-0.00476477
-0.00450927
-0.00453555
-0.00478217
-0.00508373
-0.0053064
-0.00542334
-0.00540322
-0.00521715
-0.00490346
-0.00456298
-0.00411036
-0.00335674
-0.00230888
-0.00115091
-5.72118E-5
8.9949E-4
0.00173558
0.00234947
0.00266382
0.00277134
0.00281383
0.00288414
0.00298804
0.00300453
0.00256834
0.00150455
2.20798E-4
-7.79712E-4
-0.0012152
-0.00116176
-9.35746E-4
-7.81943E-4
-7.67094E-4
-8.12889E-4
-7.42027E-4
-4.04454E-4
1.65065E-4
8.4793E-4
0.00156355
0.00239421
0.00339055
0.00446484
0.0055031
0.00643647
0.00725756
0.0079194
0.00836824
0.00863984
0.00882238
0.00898414
0.00914366
0.00928102
0.00928977
0.00911469
0.00888205
0.00871895
0.00864306
0.00859962
0.00853164
0.00841658
0.00828985
0.00815817
0.0080011
0.0078156
0.00760886
0.00739103
0.00716872
0.00696445
0.00679847
0.00657548
0.00619111
0.00562912
0.00486762
0.00395331
0.00300459
0.00211029
0.00129751
5.50863E-4
-4.68306E-5
-4.17479E-4
-6.17574E-4
-7.58957E-4
-9.20693E-4
-0.001117
-0.00132381
-0.00151423
-0.00168829
-0.00194324
-0.00234133
-0.0028247
-0.00330917
-0.00373824
-0.00411509
-0.00454917
-0.00516914
-0.00588567
-0.00651794
-0.00698658
-0.00732976
-0.00762188
-0.00791732
-0.00828012
-0.00881681
-0.00952045
-0.010269
-0.010947
-0.0115131
-0.0119847
-0.0123806
-0.0126994
-0.0130061
-0.0133846
-0.0138341
-0.0142804
-0.0146597
-0.0149446
-0.0151382
-0.0153851
-0.0158421
-0.0161645
-0.0159539
-0.0149828
-0.0133131
-0.0113406
-0.00943981
-0.00777473
-0.0062955
-0.00486773
-0.0033334
-0.00166919
1.15954E-5
0.00158757
0.00300651
0.00427965
0.00533006
0.00604304
0.0064819
0.00682738
0.00720226
0.00761784
0.00802371
0.00837316
0.00866228
0.00889093
0.00904579
0.00913728
0.00919018
0.00922688
0.00924825
0.00918275
0.00888756
0.00833569
0.00762437
0.00688594
0.00620468
0.00559822
0.00503575
0.00447752
0.00367957
0.00247615
0.00101268
-4.54446E-4
-0.00175659
-0.00286954
-0.00381967
-0.00452375
-0.00497608
-0.00529663
-0.00556147
-0.00562324
-0.00534497
-0.00465707
-0.00363768
-0.00252297
-0.00148825
-5.90748E-4
2.22184E-4
0.00117281
0.00243278
0.00390334
0.00536727
0.00661376
0.00747093
0.00795805
0.0081464
0.00806902
0.00771858
0.00709434
0.00632462
0.00553923
0.00482304
0.00417389
0.0035688
0.00295293
0.00231507
0.00167586
0.001076
5.27298E-4
3.57561E-5
-3.70893E-4
-6.5357E-4
-0.00106234
-0.00192062
-0.00309937
-0.00405364
-0.00448251
-0.00450993
-0.00442483
-0.00441993
-0.00451798
-0.00447809
-0.00408283
-0.00328531
-0.00220104
-0.00105065
4.59939E-6
9.20757E-4
0.00174161
0.00253186
0.00341616
0.00443797
0.0055017
0.00649771
0.00736918
0.00812417
0.00874599
0.00920715
0.00963457
0.0101797
0.0108329
0.0114935
0.0120658
0.0125222
0.0128833
0.0132257
0.0135924
0.0137274
0.0134312
0.012831
0.0121411
0.0115209
0.0109809
0.0103917
0.00949181
0.00823073
0.00675979
0.00525035
0.00371306
0.00212788
5.34925E-4
-0.00100248
-0.00244664
-0.00378518
-0.00502657
-0.00611012
-0.00700621
-0.00776044
-0.00844056
-0.00908247
-0.00969138
-0.0102246
-0.0106163
-0.0107163
-0.0105032
-0.0102173
-0.0101144
-0.0102335
-0.010451
-0.0106279
-0.0107093
-0.0107125
-0.0106839
-0.0106458
-0.0105875
-0.0104871
-0.0103513
-0.0101901
-0.0100205
-0.00984588
-0.00970012
-0.00959884
-0.00952761
-0.00938303
-0.00895382
-0.00808411
-0.00688906
-0.00561974
-0.00446765
-0.00346917
-0.00256951
-0.00160769
-5.61898E-4
4.63111E-4
0.00138507
0.00218937
0.00290203
0.00355377
0.00412473
0.00460932
0.0051146
0.00566645
0.00595693
0.00580971
0.00529701
0.00459656
0.00368692
0.0025397
0.0012789
4.94836E-5
-0.00107164
-0.00208123
-0.003055
-0.00396683
-0.00475601
-0.00528552
-0.00544056
-0.0050979
-0.00431155
-0.00335537
-0.00245772
-0.00170313
-0.00104998
-4.22921E-4
1.31066E-4
5.44599E-4
8.4062E-4
0.00107796
0.00130328
0.00151621
0.00144293
8.48915E-4
-1.78008E-4
-0.00137227
-0.00247986
-0.00341108
-0.0042015
-0.00492421
-0.00549309
-0.00567491
-0.00542987
-0.00495877
-0.00447704
-0.00408743
-0.00377239
-0.00343089
-0.00297806
-0.00227683
-0.00130383
-2.70757E-4
5.99632E-4
0.00114699
0.00131931
0.00112781
6.30772E-4
-2.49468E-5
-6.78395E-4
-0.00124922
-0.00173938
-0.0021844
-0.00258604
-0.00291603
-0.00316917
-0.0033623
-0.00352049
-0.0036532
-0.00373044
-0.00361345
-0.00319625
-0.00246734
-0.00154563
-6.05189E-4
2.45865E-4
9.98532E-4
0.00169832
0.00252866
0.00362315
0.0051271
0.00705803
0.00912187
0.01094
0.0122834
0.0131102
0.0136127
0.013848
0.0137951
0.013568
0.0132753
0.0129916
0.0127164
0.0124305
0.0121051
0.0117647
0.0113905
0.0110969
0.0110693
0.0113059
0.0116428
0.0119249
0.0120909
0.0121703
0.0122507
0.0122967
0.011966
0.0110371
0.00968668
0.00824828
0.00695267
0.00583206
0.00472339
0.0033394
0.00161732
-2.40927E-4
-0.00200427
-0.00356417
-0.00494074
-0.00624458
-0.00757694
-0.00904084
-0.0104912
-0.0116508
-0.0124213
-0.0128641
-0.0130276
-0.0128808
-0.0123528
-0.0114993
-0.0105244
-0.00958894
-0.00875624
-0.00799867
-0.00730458
-0.00666121
-0.00605183
-0.00546703
-0.00490867
-0.00438233
-0.00393602
-0.00373882
-0.00386088
-0.00418004
-0.00453542
-0.00481878
-0.00502056
-0.00517692
-0.00532537
-0.0054109
-0.00527152
-0.00485781
-0.00429915
-0.00374033
-0.00325966
-0.00284303
-0.00237852
-0.00178917
-0.0011312
-4.86712E-4
8.59911E-5
5.89801E-4
0.00104489
0.0014714
0.00172163
0.00165432
0.00132824
9.19418E-4
5.60718E-4
2.91552E-4
8.11755E-5
-4.07625E-6
1.01932E-4
4.29411E-4
9.27939E-4
0.00147147
0.00196907
0.00239352
0.00276847
0.00313648
0.00359061
0.00416159
0.00477597
0.00535055
0.00584231
0.00624976
0.00643532
0.00628957
0.00600346
0.00580852
0.00576012
0.00578634
0.00579315
0.00573398
0.00557425
0.00523218
0.00470738
0.00409686
0.00345279
0.00265892
0.0016485
5.44367E-4
-4.97198E-4
-0.00126103
-0.00162676
-0.00185054
-0.0022719
-0.00294941
-0.00373992
-0.00446663
-0.00505644
-0.0055203
-0.00603087
-0.00670475
-0.00748236
-0.0082407
-0.00889585
-0.00943624
-0.00992011
-0.0104244
-0.0108893
-0.0110893
-0.010851
-0.0101173
-0.0090413
-0.0078911
-0.00684349
-0.00592873
-0.00508442
-0.00417324
-0.00315607
-0.00212087
-0.00115056
-2.82496E-4
5.03896E-4
0.00130155
0.00236572
0.00374364
0.00515912
0.00635998
0.00717062
0.00758982
0.00779622
0.00797217
0.00819644
0.00844707
0.00868264
0.00889261
0.00901891
0.00897989
0.00879044
0.00853244
0.00828164
0.00806071
0.00785689
0.00763012
0.00736626
0.00693712
0.00623856
0.0053531
0.0044396
0.00360821
0.00287544
0.00215105
0.00138181
6.13131E-4
3.22135E-5
-2.42634E-4
-1.32576E-4
3.27974E-4
9.59033E-4
0.00162866
0.0020066
0.00187177
0.00135574
7.49614E-4
2.48509E-4
-1.17072E-4
-5.10962E-4
-0.00107011
-0.00172173
-0.00215988
-0.00221954
-0.00202268
-0.0017732
-0.00160236
-0.00152096
-0.00146156
-0.00127221
-8.86184E-4
-3.93974E-4
8.82698E-5
4.89938E-4
8.16661E-4
0.00109843
0.00136418
0.00153664
0.00154673
0.00119746
3.67732E-4
-7.63872E-4
-0.00192728
-0.00294797
-0.00380531
-0.00449352
-0.00502382
-0.00545452
-0.00584131
-0.00620857
-0.00654962
-0.00684935
-0.00706562
-0.007156
-0.00704104
-0.00669429
-0.0062115
-0.00571293
-0.00526767
-0.00487627
-0.00451309
-0.00414625
-0.00376405
-0.00337839
-0.003008
-0.00266286
-0.00234288
-0.0020466
-0.00177755
-0.00150388
-0.00118016
-8.06782E-4
-4.22031E-4
-6.18346E-5
2.60795E-4
5.64539E-4
8.53838E-4
0.0011099
0.00142211
0.00191841
0.0024175
0.0026522
0.0025966
0.00239625
0.00220876
0.00209962
0.00208047
0.00221054
0.00249788
0.00284879
0.00317754
0.00344373
0.00365908
0.00379537
0.00380459
0.00363099
0.00325612
0.00274982
0.00222414
0.00174654
0.00132702
9.06086E-4
4.86373E-4
1.11794E-4
-2.06262E-4
-4.80534E-4
-7.30783E-4
-9.68669E-4
-0.00119302
-0.00139348
-0.00152595
-0.00154646
-0.00147233
-0.00136228
-0.00126299
-0.00118898
-0.0011333
-0.00114854
-0.00125932
-0.00152022
-0.00200624
-0.00243712
-0.00248587
-0.00216038
-0.00167989
-0.00125103
-9.47896E-4
-7.8794E-4
-8.92135E-4
-0.00128584
-0.00181219
-0.00231615
-0.0027229
-0.00304894
-0.00328663
-0.00340882
-0.00344677
-0.0034633
-0.00337485
-0.00304095
-0.0024717
-0.00180932
-0.00118391
-6.47986E-4
-1.80018E-4
2.63082E-4
6.70739E-4
0.00101133
0.00129431
0.00153897
0.00176826
0.00198763
0.00220424
0.00241684
0.00263109
0.00283998
0.0030383
0.00321609
0.0033758
0.00352029
0.00373453
0.00407468
0.00449764
0.00491677
0.00527891
0.00557276
0.0058187
0.00601501
0.0061134
0.00591609
0.00536163
0.00461525
0.00387414
0.00323698
0.00268951
0.00204477
0.00119687
2.36502E-4
-7.00049E-4
-0.00152852
-0.00224543
-0.00288778
-0.00345735
-0.00394079
-0.00433189
-0.00464242
-0.00490085
-0.00513034
-0.00533867
-0.00551932
-0.00557571
-0.00540583
-0.00504288
-0.00460998
-0.00420636
-0.00386391
-0.00356512
-0.0033834
-0.00336068
-0.00337929
-0.00332249
-0.00317603
-0.00298725
-0.00280943
-0.00266069
-0.00253847
-0.00245625
-0.00240154
-0.00223884
-0.00189618
-0.00136435
-6.66355E-4
2.37957E-4
0.00132985
0.00247536
0.00355498
0.00451974
0.00538734
0.0062377
0.00706276
0.00776725
0.00822849
0.00846101
0.00879214
0.00940282
0.0100565
0.0104891
0.0104402
0.00988351
0.00909126
0.00832487
0.00770089
0.00718177
0.00671675
0.00624499
0.00573478
0.00520299
0.00468507
0.00420259
0.00375557
0.00331435
0.00285578
0.00242751
0.00208654
0.00182785
0.00160938
0.00139247
0.00115718
7.89206E-4
6.36687E-5
-0.00103571
-0.00228486
-0.00346204
-0.00447205
-0.00533269
-0.00591908
-0.00604683
-0.00588394
-0.00576092
-0.00582264
-0.00601391
-0.00620816
-0.00632425
-0.00633866
-0.00621164
-0.00595186
-0.00563802
-0.00533773
-0.00507627
-0.00484084
-0.00461941
-0.00441564
-0.00418644
-0.00386581
-0.00345796
-0.00302174
-0.0026123
-0.00225018
-0.0019393
-0.00169354
-0.00150186
-0.00133217
-0.00116407
-9.9464E-4
-8.31987E-4
-6.97103E-4
-6.18403E-4
-6.11191E-4
-6.75267E-4
-7.86862E-4
-9.05435E-4
-0.00100845
-0.0010905
-0.00115643
-0.00111447
-9.10578E-4
-6.08875E-4
-2.99836E-4
-3.71087E-5
1.77304E-4
3.74262E-4
5.95728E-4
8.26077E-4
9.24296E-4
8.19233E-4
5.85085E-4
3.34158E-4
1.3251E-4
-2.20845E-5
-2.76373E-4
-7.29773E-4
-0.00131254
-0.00190167
-0.00241377
-0.00283822
-0.00320397
-0.00349953
-0.00371721
-0.00390142
-0.00409176
-0.00430755
-0.00454292
-0.00455194
-0.00412069
-0.00335135
-0.002491
-0.00172672
-0.00110232
-6.1776E-4
-4.27955E-4
-5.92334E-4
-9.4522E-4
-0.00130427
-0.00157215
-0.00176128
-0.00192321
-0.00209903
-0.00225032
-0.00230634
-0.00221464
-0.00189083
-0.00134305
-6.88672E-4
5.18185E-6
8.41278E-4
0.00187897
0.00290589
0.00367095
0.00412539
0.00440714
0.00466207
0.00496074
0.005296
0.00566945
0.00604836
0.00636639
0.00659191
0.00675003
0.00687708
0.00699787
0.00710991
0.00718427
0.00718298
0.00711062
0.00699821
0.00687903
0.00676343
0.00664681
0.00647653
0.0062337
0.00598185
0.00577929
0.00562406
0.0054862
0.00533533
0.00516199
0.00493994
0.00465647
0.00433434
0.00400887
0.00369986
0.00340944
0.003128
0.00284879
0.00256909
0.00228911
0.00200957
0.001736
0.0014707
0.00121555
9.64606E-4
6.48346E-4
1.34951E-4
-5.83963E-4
-0.00138391
-0.00213946
-0.00279714
-0.00338124
-0.00407446
-0.00506867
-0.00616544
-0.00702671
-0.0075562
-0.00786929
-0.00813105
-0.00842406
-0.00868136
-0.00881879
-0.00884427
-0.0088059
-0.00875512
-0.00870908
-0.00866557
-0.0086252
-0.00859986
-0.00854142
-0.00838418
-0.00812424
-0.00781594
-0.00750971
-0.00722816
-0.0069621
-0.00667811
-0.00634752
-0.0059821
-0.00560806
-0.0052491
-0.00491101
-0.00462911
-0.00446426
-0.00433684
-0.00404823
-0.00346042
-0.00250376
-0.00129167
-4.16412E-5
0.00109216
0.00208218
0.00297582
0.00386372
0.00480355
0.00577619
0.00670887
0.00755368
0.00829471
0.00894927
0.0094199
0.00963908
0.00940874
0.00867325
0.00768476
0.00670465
0.00586702
0.00515014
0.00448419
0.00374395
0.00288196
0.00196915
0.0010996
3.23615E-4
-3.53108E-4
-7.83926E-4
-8.51115E-4
-7.46064E-4
-7.0805E-4
-8.10312E-4
-9.90627E-4
-0.00115806
-0.00126446
-0.00132098
-0.00130818
-0.00121586
-0.00108281
-9.48936E-4
-8.34915E-4
-7.37014E-4
-6.5569E-4
-5.9722E-4
-5.88341E-4
-6.41675E-4
-7.34027E-4
-8.29795E-4
-9.08348E-4
-9.66277E-4
-9.97408E-4
-9.10181E-4
-6.59158E-4
-3.15985E-4
2.92319E-5
3.23691E-4
5.7171E-4
8.34446E-4
0.00120069
0.001581
0.00177929
0.0017453
0.00157935
0.00140716
0.00129156
0.00122562
0.0011566
0.00103976
8.75473E-4
6.96469E-4
5.32338E-4
3.96403E-4
3.12817E-4
3.88865E-4
7.00433E-4
0.00123332
0.00188845
0.00253438
0.00310251
0.00358885
0.00402733
0.00444218
0.00487895
0.00523708
0.00532942
0.00514298
0.00481554
0.00449328
0.00423643
0.00401685
0.00365829
0.00303837
0.0022352
0.00140621
6.63659E-4
2.6511E-5
-5.45835E-4
-0.00110861
-0.00166833
-0.00217791
-0.00260561
-0.00296099
-0.00327265
-0.00356262
-0.00383079
-0.00394489
-0.00377061
-0.00336016
-0.00287091
-0.00243035
-0.00207329
-0.00177155
-0.00151329
-0.00132584
-0.00130083
-0.00146707
-0.00173084
-0.00199349
-0.00220057
-0.00235618
-0.00241497
-0.00233116
-0.00213575
-0.0019065
-0.00169794
-0.00152531
-0.00137009
-0.00118895
-9.5231E-4
-7.14429E-4
-5.30566E-4
-4.06878E-4
-3.13714E-4
-2.24618E-4
-1.28001E-4
-6.30193E-5
-4.24769E-5
-4.25341E-5
-3.93751E-5
-2.56914E-5
-4.19153E-6
1.7145E-5
5.93311E-5
1.49907E-4
2.96096E-4
4.73392E-4
6.52443E-4
8.10486E-4
9.48024E-4
0.00107003
0.00119294
0.00117663
9.24279E-4
5.19904E-4
9.56486E-5
-2.64341E-4
-5.47974E-4
-7.06147E-4
-6.14995E-4
-3.51939E-4
-1.58292E-4
-1.49847E-4
-2.74466E-4
-4.20121E-4
-5.13952E-4
-5.50581E-4
-5.69161E-4
-6.43177E-4
-8.01616E-4
-0.00100684
-0.00120561
-0.00136989
-0.00151536
-0.00171833
-0.0020093
-0.00233843
-0.00264262
-0.00289408
-0.00309713
-0.00327413
-0.00343964
-0.00363336
-0.00380826
-0.00389872
-0.00390583
-0.00387106
-0.00382987
-0.00378132
-0.00342657
-0.00258908
-0.00148642
-4.03526E-4
5.03685E-4
0.00125097
0.00192114
0.00258452
0.0032602
0.00384949
0.00426142
0.00452951
0.00472792
0.00492074
0.00511931
0.00529607
0.00541408
0.00546472
0.00545968
0.00543222
0.00539935
0.00536908
0.00533025
0.00524329
0.00492703
0.00431032
0.00353199
0.00276312
0.0020962
0.00152547
0.00101326
5.37222E-4
1.67531E-4
-2.84751E-5
-8.76558E-5
-9.38377E-5
-1.12609E-4
-1.59566E-4
-2.19415E-4
-2.62666E-4
-2.7693E-4
-2.71178E-4
-2.62775E-4
-2.61712E-4
-2.71259E-4
-3.1975E-4
-4.64603E-4
-6.56385E-4
-7.69823E-4
-7.60838E-4
-6.75545E-4
-5.84603E-4
-5.25867E-4
-4.97285E-4
-3.86334E-4
-9.43898E-5
3.38066E-4
8.01619E-4
0.00121141
0.00154595
0.00181427
0.00199091
0.00204693
0.00197678
0.00181722
0.00163054
0.00145764
0.00130681
0.00115909
8.71741E-4
3.32234E-4
-3.84756E-4
-0.00112897
-0.00179074
-0.00235163
-0.00285018
-0.00334398
-0.00384383
-0.00429018
-0.00463668
-0.00489634
-0.00510727
-0.00530043
-0.00547585
-0.00547554
-0.00516168
-0.00461201
-0.00399677
-0.00344617
-0.00298639
-0.00258114
-0.002162
-0.00170558
-0.00133458
-0.00115165
-0.00113858
-0.00125241
-0.00149512
-0.00195379
-0.00243008
-0.00256376
-0.00227757
-0.00177334
-0.00128274
-9.1575E-4
-6.50296E-4
-4.27104E-4
-1.91788E-4
7.31824E-5
3.49859E-4
6.09221E-4
8.37998E-4
0.00104981
0.00130408
0.00161824
0.00194247
0.00222658
0.0024584
0.00265188
0.0028281
0.00299688
0.00317185
0.00338417
0.00360037
0.00364593
0.00344216
0.0030862
0.00271513
0.00240709
0.00216436
0.00197016
0.00180566
0.00156471
0.00118477
7.2379E-4
2.68076E-4
-1.28709E-4
-4.65129E-4
-7.47831E-4
-9.71683E-4
-0.00114273
-0.00128363
-0.00141158
-0.0015335
-0.00164542
-0.00173301
-0.00178463
-0.00180378
-0.00179994
-0.00178796
-0.00177407
-0.00176104
-0.00174502
-0.0017319
-0.00162422
-0.00135499
-9.84813E-4
-6.05479E-4
-2.76302E-4
1.64104E-6
2.9347E-4
6.71782E-4
0.00110108
0.00148265
0.00176628
0.00197107
0.00214266
0.00231313
0.00249222
0.00258397
0.00248572
0.00222719
0.0019113
0.00162549
0.00139251
0.0011583
8.24882E-4
3.82253E-4
-8.1965E-5
-4.88723E-4
-8.18763E-4
-0.00109741
-0.00135636
-0.00160459
-0.00171411
-0.00157913
-0.00126516
-9.03195E-4
-5.90591E-4
-3.43964E-4
-1.21064E-4
1.65501E-4
5.13426E-4
7.47076E-4
7.54268E-4
6.02355E-4
4.12013E-4
2.68158E-4
1.8432E-4
2.17344E-4
4.76186E-4
9.53216E-4
0.00151153
0.00203061
0.00246056
0.00280993
0.00287794
0.0024976
0.00189182
0.00136694
0.00103263
8.29751E-4
6.4699E-4
4.18141E-4
8.9594E-5
-3.4241E-4
-8.12966E-4
-0.00125403
-0.00163518
-0.00196599
-0.00226483
-0.00248123
-0.00253892
-0.00253121
-0.00260691
-0.00279915
-0.00304563
-0.0032712
-0.00343866
-0.00352702
-0.00338274
-0.00294001
-0.00233706
-0.0017353
-0.00122378
-7.96083E-4
-4.46547E-4
-2.10192E-4
-8.10289E-5
8.5072E-6
1.06465E-4
2.25296E-4
3.47255E-4
4.56883E-4
5.42468E-4
5.43166E-4
3.97129E-4
2.13976E-4
2.06752E-4
4.45678E-4
8.17667E-4
0.00118376
0.00146784
0.00168446
0.00195012
0.00234212
0.00272967
0.00298292
0.00309443
0.00313629
0.00317399
0.00323322
0.00324536
0.00309866
0.00277501
0.00237032
0.00197744
0.00164528
0.00136043
0.00112512
9.522E-4
9.47917E-4
9.98333E-4
9.13452E-4
6.78698E-4
3.77469E-4
1.01814E-4
-1.15966E-4
-3.29143E-4
-6.02172E-4
-9.33809E-4
-0.00128075
-0.00160127
-0.00187834
-0.00211987
-0.00233942
-0.00254538
-0.00259758
-0.00240365
-0.00205348
-0.00167836
-0.0013634
-0.00111467
-9.32971E-4
-8.26263E-4
-8.01968E-4
-8.44752E-4
-9.17882E-4
-9.88601E-4
-0.00104409
-0.00108753
-0.00111465
-0.00102691
-7.75976E-4
-5.80826E-4
-6.22293E-4
-8.56576E-4
-0.00114484
-0.00137764
-0.00152821
-0.00157923
-0.00149777
-0.00130755
-0.00107962
-8.69628E-4
-6.933E-4
-5.34823E-4
-3.24159E-4
-1.12639E-5
3.59471E-4
7.16252E-4
0.00109038
0.00161728
0.00218027
0.00236855
0.00202743
0.00137636
7.09034E-4
1.87346E-4
-1.92261E-4
-4.65105E-4
-6.37078E-4
-7.3273E-4
-7.94349E-4
-8.50465E-4
-9.06111E-4
-9.36831E-4
-8.68527E-4
-6.73236E-4
-3.97685E-4
-1.05924E-4
1.55454E-4
3.79069E-4
5.77972E-4
7.68803E-4
9.53184E-4
0.00116664
0.00143091
0.0017179
0.00199151
0.00222973
0.00243229
0.00257211
0.00262611
0.0025703
0.00241635
0.0022221
0.00203509
0.00187369
0.00172973
0.00160062
0.00151643
0.00149282
0.00150364
0.00151826
0.00151729
0.00150556
0.00154441
0.0017001
0.00180798
0.00166909
0.00129625
8.32042E-4
4.09757E-4
7.16618E-5
-2.47792E-4
-6.58985E-4
-0.00118325
-0.00175344
-0.00229011
-0.00275651
-0.00315412
-0.00343714
-0.00348559
-0.00329922
-0.00301113
-0.00274426
-0.00254251
-0.00238384
-0.00222872
-0.00205829
-0.00186255
-0.00163982
-0.0014058
-0.00118094
-9.75227E-4
-7.88685E-4
-6.29978E-4
-5.48573E-4
-5.02226E-4
-3.27612E-4
3.8609E-5
5.10688E-4
9.7322E-4
0.00136156
0.00167389
0.001853
0.00185362
0.00173124
0.00157538
0.00144539
0.00134839
0.00126327
0.00115163
0.00100223
8.5102E-4
7.30907E-4
6.44402E-4
5.75129E-4
5.06867E-4
4.34597E-4
4.00961E-4
4.8898E-4
6.82126E-4
7.49569E-4
5.44657E-4
1.51913E-4
-2.72869E-4
-6.22747E-4
-8.84967E-4
-0.00106547
-0.00118101
-0.00127792
-0.00139619
-0.00153598
-0.00167629
-0.00179677
-0.00189193
-0.00194705
-0.00190821
-0.00175985
-0.00155639
-0.00135432
-0.00118403
-0.00103677
-8.54139E-4
-5.75177E-4
-3.24423E-4
-2.57008E-4
-3.72124E-4
-5.64824E-4
-7.35746E-4
-8.48424E-4
-9.36351E-4
-0.00101
-0.00105801
-0.00108489
-0.00109959
-0.00110973
-0.00111851
-0.0011453
-0.00122529
-0.00131102
-0.00130464
-0.00118446
-0.00100369
-8.261E-4
-6.8222E-4
-5.68472E-4
-4.85994E-4
-4.35044E-4
-4.00927E-4
-3.69241E-4
-3.32984E-4
-2.93542E-4
-2.5194E-4
-1.98823E-4
-1.00225E-4
1.2267E-4
4.50539E-4
6.66819E-4
6.38768E-4
4.37702E-4
2.01287E-4
2.38671E-5
-7.98624E-5
-6.83472E-5
6.68664E-5
2.60404E-4
4.47568E-4
5.98486E-4
7.21807E-4
8.38602E-4
9.97386E-4
0.00121626
0.00143957
0.00161232
0.00172905
0.00181363
0.00189253
0.00198098
0.00216711
0.00254264
0.00297381
0.00314902
0.00295212
0.00253655
0.00210716
0.00177859
0.00154631
0.00139048
0.00125459
0.00108339
8.77159E-4
6.64399E-4
4.73066E-4
3.12676E-4
2.11093E-4
1.97931E-4
3.21585E-4
5.79385E-4
8.89396E-4
0.00118094
0.00142133
0.0016179
0.00168933
0.00159056
0.00138739
0.00117012
9.89145E-4
8.46014E-4
7.28571E-4
8.2263E-4
0.00122584
0.00148071
0.00116138
5.55078E-4
1.33445E-4
4.15728E-5
1.59779E-4
2.92997E-4
3.34963E-4
3.05672E-4
2.92332E-4
3.43482E-4
4.47521E-4
5.6339E-4
6.59176E-4
7.23128E-4
7.06618E-4
5.47844E-4
1.93309E-4
-3.43432E-4
-9.56908E-4
-0.00154372
-0.00205575
-0.00250473
-0.00293876
-0.0033348
-0.00364192
-0.00386911
-0.00404568
-0.00420446
-0.00434989
-0.00441826
-0.00427656
-0.00389868
-0.00338144
-0.00285222
-0.00238153
-0.00197628
-0.0016027
-0.00122992
-7.45843E-4
-1.22026E-4
5.45294E-4
0.00116366
0.00169552
0.00215621
0.00256223
0.00287226
0.00302741
0.00299212
0.00280716
0.00257039
0.0023529
0.00217494
0.00201885
0.0018687
0.00171991
0.00157461
0.00143589
0.00130581
0.00118366
0.00106683
9.4855E-4
7.98381E-4
5.14441E-4
6.85883E-5
-3.38153E-4
-5.10129E-4
-4.54676E-4
-3.05258E-4
-1.83962E-4
-1.33996E-4
-1.69233E-4
-3.22453E-4
-5.83546E-4
-8.96518E-4
-0.00120702
-0.00148443
-0.00172916
-0.00195319
-0.00216387
-0.00230416
-0.00230971
-0.00219813
-0.00203958
-0.00189331
-0.00177782
-0.00167176
-0.00151796
-0.00123121
-7.43397E-4
-1.47548E-4
2.39812E-4
2.52848E-4
1.94669E-5
-2.55206E-4
-4.40429E-4
-5.27541E-4
-5.029E-4
-3.80014E-4
-2.19792E-4
-7.35124E-5
4.30377E-5
1.40735E-4
2.40325E-4
4.04817E-4
6.61599E-4
8.94992E-4
0.00100586
9.67118E-4
7.95038E-4
4.94339E-4
8.33046E-5
-3.73939E-4
-8.14631E-4
-0.00120941
-0.00156171
-0.00188735
-0.0021479
-0.00231146
-0.00240421
-0.00246686
-0.00252783
-0.00258898
-0.00261378
-0.00255627
-0.0023904
-0.00211784
-0.00178703
-0.00145562
-0.001156
-8.87123E-4
-6.28776E-4
-3.80566E-4
-1.6676E-4
5.89723E-6
1.49088E-4
2.80823E-4
4.09265E-4
5.26379E-4
6.09885E-4
6.71751E-4
7.47436E-4
8.522E-4
9.72978E-4
0.00109074
0.00119386
0.00129277
0.00139171
0.00147397
0.00152811
0.00156161
0.00158637
0.00161174
0.00164194
0.00168143
0.00171475
0.00171134
0.00166223
0.0015895
0.0015165
0.00145658
0.00140578
0.00134273
0.00122986
0.0010351
7.55254E-4
5.45613E-4
5.97997E-4
9.1327E-4
0.00133635
0.0017224
0.00201449
0.00224146
0.00234511
0.00228477
0.00212591
0.00195106
0.00180723
0.00169676
0.00164901
0.00174127
0.00191623
0.00201239
0.00196332
0.00181897
0.00166251
0.00154384
0.0014706
0.00153576
0.00181019
0.00218873
0.00243777
0.00243927
0.00227667
0.00208448
0.00194897
0.00186774
0.0017879
0.00165218
0.0014375
0.0011652
8.86095E-4
6.32434E-4
4.1231E-4
2.07742E-4
-6.81721E-5
-5.32856E-4
-0.00115854
-0.00179297
-0.00220593
-0.00224316
-0.00198306
-0.00163268
-0.00134491
-0.00115472
-0.00101109
-8.44118E-4
-6.24801E-4
-3.7768E-4
-1.39908E-4
6.39408E-5
2.35445E-4
4.0072E-4
5.99816E-4
7.98727E-4
9.20655E-4
9.43657E-4
9.08332E-4
8.63338E-4
8.35747E-4
8.25202E-4
8.66752E-4
9.36553E-4
9.73923E-4
9.64651E-4
9.24993E-4
8.80519E-4
8.24824E-4
7.20649E-4
5.42151E-4
2.91812E-4
-1.34038E-7
-2.89965E-4
-5.54409E-4
-7.9048E-4
-0.00100839
-0.00119702
-0.00135127
-0.00148196
-0.00160214
-0.00171708
-0.00182775
-0.00194366
-0.0021145
-0.00236491
-0.00267059
-0.00298542
-0.00327271
-0.00352043
-0.00373755
-0.00393918
-0.00420333
-0.00458836
-0.00505493
-0.00551677
-0.00586973
-0.00586852
-0.00543063
-0.00476126
-0.00409136
-0.00354262
-0.00309974
-0.00274478
-0.00246459
-0.00225265
-0.00209126
-0.00195496
-0.0018244
-0.00169505
-0.00156798
-0.00144763
-0.00134534
-0.0012687
-0.00120575
-0.00114568
-0.00107953
-0.00100655
-8.71979E-4
-6.26195E-4
-1.82058E-4
4.29976E-4
9.0545E-4
0.00101217
8.0953E-4
5.07379E-4
2.7008E-4
1.39342E-4
8.37576E-5
1.28629E-4
2.85598E-4
4.97562E-4
7.07983E-4
8.87477E-4
0.00104329
0.00121079
0.00144012
0.00167828
0.00181452
0.00181819
0.00174599
0.00166741
0.00161929
0.0015998
0.00161808
0.00167973
0.00176626
0.00185236
0.00192439
0.00198132
0.00202243
0.002037
0.00201157
0.00194087
0.00184098
0.00173465
0.00163727
0.00155012
0.00146792
0.00136779
0.00123322
0.00107323
9.11158E-4
7.62878E-4
6.32961E-4
5.22842E-4
4.54657E-4
4.28228E-4
4.09506E-4
3.72235E-4
3.17216E-4
2.57388E-4
2.05828E-4
1.66379E-4
1.58653E-4
1.54951E-4
1.1486E-4
4.03598E-5
-4.62972E-5
-1.23221E-4
-1.87306E-4
-2.54629E-4
-3.16625E-4
-3.25104E-4
-2.63849E-4
-1.62701E-4
-5.99773E-5
2.4158E-5
8.95907E-5
1.29098E-4
1.31422E-4
1.05065E-4
6.90874E-5
3.85734E-5
1.67918E-5
-2.71312E-6
-7.42614E-5
-1.97802E-4
-2.18662E-4
-4.32132E-5
2.62222E-4
5.86458E-4
8.54659E-4
0.00105639
0.0011345
0.00112038
0.00111503
0.00115758
0.00123644
0.00131417
0.00136978
0.00140447
0.0014337
0.00146341
0.00149475
0.00152243
0.00154426
0.00155781
0.00156762
0.00161777
0.00180466
0.00211344
0.00235379
0.00234442
0.00202141
0.00147911
8.98598E-4
3.92897E-4
-1.7679E-5
-3.719E-4
-5.8292E-4
-5.82366E-4
-4.38396E-4
-2.60494E-4
-1.19069E-4
-2.29564E-5
5.20494E-5
1.0595E-4
1.25358E-4
9.47098E-5
1.68501E-5
-8.15165E-5
-1.7657E-4
-2.58147E-4
-3.2952E-4
-4.08346E-4
-5.29987E-4
-7.0326E-4
-8.97891E-4
-0.0010824
-0.00124037
-0.00137144
-0.00140991
-0.00132442
-0.00118639
-0.00107088
-0.00100273
-9.63528E-4
-9.25845E-4
-8.74976E-4
-8.19776E-4
-7.7915E-4
-7.6038E-4
-7.5553E-4
-7.53241E-4
-7.4641E-4
-7.31882E-4
-6.64321E-4
-5.0646E-4
-2.90667E-4
-7.19108E-5
1.14678E-4
2.68177E-4
4.02507E-4
5.2904E-4
5.88325E-4
5.23501E-4
3.60402E-4
1.66844E-4
-5.06433E-6
-1.41837E-4
-2.55853E-4
-3.42424E-4
-3.91997E-4
-4.29108E-4
-4.84593E-4
-5.62218E-4
-6.4785E-4
-7.24998E-4
-7.8779E-4
-8.34417E-4
-9.33456E-4
-0.00113334
-0.00139504
-0.00165832
-0.00188223
-0.00206252
-0.00217396
-0.00218076
-0.00202574
-0.00169947
-0.00128162
-8.65019E-4
-4.99618E-4
-1.8421E-4
8.79071E-5
3.00429E-4
4.50111E-4
5.62153E-4
6.60624E-4
7.58463E-4
8.51526E-4
9.01931E-4
8.41279E-4
6.69722E-4
4.54814E-4
2.60282E-4
1.07034E-4
-1.63809E-5
-1.32308E-4
-2.39534E-4
-2.60426E-4
-1.4434E-4
-8.89771E-5
-2.61522E-4
-6.13554E-4
-0.0010089
-0.00134295
-0.00159291
-0.00177339
-0.0018346
-0.0017542
-0.0015957
-0.00142834
-0.00128973
-0.00117608
-0.00107856
-9.92961E-4
-9.15155E-4
-8.38355E-4
-7.61695E-4
-6.85928E-4
-6.13728E-4
-5.43214E-4
-4.42017E-4
-2.49832E-4
3.67464E-5
3.61359E-4
6.67217E-4
9.3054E-4
0.00115682
0.0013359
0.00144512
0.00149407
0.00151539
0.00153575
0.00156295
0.00159155
0.00161483
0.00165319
0.00174936
0.00189386
0.00203957
0.0021576
0.00224412
0.00231292
0.00238408
0.00247601
0.00254808
0.00253375
0.00242656
0.00227321
0.00212314
0.00199747
0.0018888
0.00174551
0.00152943
0.00126132
9.8559E-4
7.35451E-4
5.16437E-4
3.12004E-4
9.66027E-5
-1.35885E-4
-3.72489E-4
-5.95907E-4
-7.97755E-4
-9.78353E-4
-0.00114375
-0.00129881
-0.00145628
-0.00158175
-0.00164028
-0.0016474
-0.00163425
-0.00162722
-0.00165212
-0.00177856
-0.00191977
-0.00175507
-0.00120404
-6.33019E-4
-3.53746E-4
-3.63522E-4
-4.89448E-4
-5.72832E-4
-5.64068E-4
-5.29252E-4
-5.51673E-4
-6.47929E-4
-7.82247E-4
-9.09852E-4
-0.00100778
-0.00107599
-0.00108197
-9.9588E-4
-7.94827E-4
-4.95953E-4
-1.67737E-4
1.37952E-4
4.01547E-4
6.3245E-4
7.93669E-4
8.43067E-4
8.00156E-4
7.22462E-4
6.54445E-4
6.0879E-4
5.80323E-4
6.4662E-4
9.06428E-4
0.00121904
0.00136925
0.00131763
0.00115848
0.00100634
9.11385E-4
8.64571E-4
8.37203E-4
8.11114E-4
7.76098E-4
7.35691E-4
6.95088E-4
6.58513E-4
5.94042E-4
4.41585E-4
2.01869E-4
-4.87097E-5
-2.52868E-4
-4.0197E-4
-5.22863E-4
-6.39434E-4
-7.60026E-4
-8.26111E-4
-7.91437E-4
-6.79722E-4
-5.46521E-4
-4.31483E-4
-3.43376E-4
-2.49293E-4
-6.32633E-5
2.15505E-4
3.97164E-4
3.61126E-4
1.66054E-4
-6.43016E-5
-2.4558E-4
-3.6468E-4
-4.5913E-4
-6.03379E-4
-8.32708E-4
-0.00110639
-0.00137264
-0.00159688
-0.00177493
-0.00179136
-0.00158441
-0.00120209
-7.37744E-4
-2.89924E-4
1.01382E-4
4.42755E-4
7.58839E-4
0.00102035
0.0012061
0.00134143
0.00145525
0.00156686
0.00167498
0.00176861
0.00173439
0.00148379
0.00104149
5.00777E-4
-3.37659E-5
-5.07541E-4
-9.21153E-4
-0.00129926
-0.00163528
-0.00181891
-0.00179757
-0.00165113
-0.00148308
-0.001354
-0.00126447
-0.00119581
-0.00113993
-0.00110432
-0.00109636
-0.00111028
-0.00113143
-0.00114795
-0.00115637
-0.0011586
-0.00116411
-0.00115581
-0.00111623
-0.00105221
-9.8089E-4
-9.12578E-4
-8.19336E-4
-5.83074E-4
-2.11324E-4
1.00142E-4
2.29574E-4
2.15029E-4
1.58934E-4
1.36905E-4
1.67466E-4
3.19894E-4
5.96627E-4
9.04801E-4
0.00117589
0.00138913
0.00156671
0.00173241
0.00188031
0.00198724
0.00203275
0.0020176
0.00197341
0.0019263
0.00188923
0.00185762
0.00182854
0.00181001
0.00180885
0.00181593
0.00182201
0.00181981
0.00181236
0.00183307
0.00191077
0.00200323
0.00206145
0.00207431
0.00206095
0.00204237
0.00202964
0.00201467
0.00200892
0.0020232
0.00204871
0.00207081
0.00208088
0.00207538
0.0020121
0.00183898
0.00159535
0.00136269
0.00118206
0.00104341
9.17685E-4
7.82333E-4
6.1609E-4
3.55615E-4
-1.48955E-5
-4.3357E-4
-8.3398E-4
-0.00118427
-0.00148619
-0.00167203
-0.00159122
-0.00128583
-0.00101959
-9.55351E-4
-0.00105854
-0.00120558
-0.00130624
-0.00134764
-0.00146858
-0.00178954
-0.00226834
-0.00278394
-0.0032405
-0.00361306
-0.00391996
-0.00416652
-0.00432233
-0.00426675
-0.00396239
-0.00352737
-0.00309055
-0.00272076
-0.00241321
-0.00220183
-0.00213291
-0.00218052
-0.00226829
-0.00233882
-0.0023747
-0.0023931
-0.00244744
-0.00256285
-0.00261377
-0.0025026
-0.00226853
-0.00200168
-0.00176923
-0.00158077
-0.00136625
-9.88537E-4
-5.00607E-4
-1.75514E-4
-1.49431E-4
-3.25203E-4
-5.36354E-4
-6.77169E-4
-7.37625E-4
-7.20305E-4
-6.70478E-4
-6.47286E-4
-6.6088E-4
-6.91583E-4
-7.13496E-4
-7.10238E-4
-5.82921E-4
-2.2642E-4
1.59179E-4
2.97711E-4
1.61299E-4
-1.06234E-4
-3.46436E-4
-4.97289E-4
-5.78168E-4
-6.44411E-4
-7.46787E-4
-9.01506E-4
-0.00107436
-0.00123271
-0.00135602
-0.00144207
-0.00133733
-9.6546E-4
-4.7226E-4
-2.23268E-5
3.20001E-4
5.84733E-4
8.28842E-4
0.00108496
0.00131618
0.00145545
0.00149355
0.0014763
0.00145507
0.00145355
0.00146391
0.00138979
0.00115649
8.61922E-4
6.33673E-4
5.04639E-4
4.37284E-4
3.78276E-4
3.04808E-4
2.82241E-4
4.18872E-4
7.18373E-4
0.00108946
0.0014391
0.00172928
0.00197037
0.0021911
0.00240711
0.00260872
0.00277609
0.00290859
0.00301442
0.00310774
0.00319358
0.00328311
0.00324677
0.00299257
0.00259779
0.00218244
0.00182585
0.00153777
0.00136402
0.00141841
0.00170464
0.00208954
0.00244933
0.00273083
0.00295404
0.00315519
0.00335266
0.00342274
0.00327552
0.00297716
0.00264299
0.00235242
0.00211586
0.00189714
0.00163256
0.00133333
0.00110137
9.89633E-4
9.6243E-4
9.55021E-4
9.26388E-4
8.73411E-4
8.42141E-4
7.69993E-4
5.78275E-4
2.99995E-4
3.57791E-7
-2.65262E-4
-4.84839E-4
-5.85102E-4
-5.32176E-4
-3.70672E-4
-1.72776E-4
5.70255E-6
1.48498E-4
2.68881E-4
3.85172E-4
5.35058E-4
7.36172E-4
9.6475E-4
0.00118322
0.00137094
0.0015261
0.00166097
0.00178356
0.00189207
0.00187179
0.00165511
0.00131628
9.61881E-4
6.57283E-4
4.04684E-4
1.67218E-4
-3.78922E-5
-1.78349E-4
-2.69674E-4
-3.39938E-4
-4.12995E-4
-4.93941E-4
-6.03014E-4
-7.62146E-4
-9.67657E-4
-0.00119148
-0.00140617
-0.00159836
-0.00177046
-0.00192799
-0.00204461
-0.00209882
-0.00210943
-0.00210507
-0.0021066
-0.0021157
-0.00212676
-0.00213177
-0.0021296
-0.0021166
-0.00209159
-0.00205669
-0.00201967
-0.00198354
-0.00195051
-0.00192071
-0.00194383
-0.00202788
-0.00212647
-0.00220559
-0.00225615
-0.00228908
-0.00230825
-0.0022873
-0.00222599
-0.00217517
-0.00216919
-0.00226196
-0.00248645
-0.00289834
-0.0034977
-0.00396948
-0.00402571
-0.00371446
-0.00326941
-0.00288726
-0.00262579
-0.00247519
-0.00243209
-0.00246427
-0.00251415
-0.0025457
-0.00255341
-0.00254892
-0.00251759
-0.00242887
-0.00226777
-0.00204215
-0.00178547
-0.00153201
-0.00129963
-0.00108644
-8.79479E-4
-5.38081E-4
5.48777E-5
8.08816E-4
0.00154282
0.00204939
0.00224972
0.00225365
0.00221953
0.00223974
0.00231557
0.0024373
0.00253796
0.00255405
0.0025001
0.00242089
0.00235559
0.00231068
0.00225598
0.00213674
0.00195627
0.0017682
0.00161352
0.00149507
0.00139559
0.00129544
0.00117595
9.99085E-4
7.62191E-4
5.04628E-4
2.64374E-4
5.59567E-5
-1.24405E-4
-2.50934E-4
-2.58591E-4
-1.79451E-4
-1.53936E-4
-2.5647E-4
-4.45971E-4
-6.44831E-4
-8.01749E-4
-9.09779E-4
-9.34489E-4
-8.62102E-4
-7.36792E-4
-6.08101E-4
-5.02312E-4
-4.15363E-4
-3.20309E-4
-1.55928E-4
9.53115E-5
3.83511E-4
6.53697E-4
8.81129E-4
0.00107328
0.00124795
0.00141506
0.00152574
0.00153131
0.00145167
0.00134095
0.00124294
0.00116875
0.00110733
0.00102245
8.959E-4
7.5004E-4
6.14835E-4
5.02627E-4
4.09365E-4
3.24018E-4
2.38816E-4
1.36227E-4
3.50387E-5
-5.59145E-5
-1.22786E-4
-1.73098E-4
-2.18258E-4
-2.60594E-4
-2.4374E-4
-1.11063E-4
2.04202E-4
7.25082E-4
0.00120643
0.00139752
0.00130435
0.00109221
9.14356E-4
8.23958E-4
8.14829E-4
8.27701E-4
7.71239E-4
6.19256E-4
4.16679E-4
2.22175E-4
6.47549E-5
-5.73835E-5
-1.58893E-4
-2.17283E-4
-1.95063E-4
-9.93681E-5
2.51269E-5
1.40453E-4
2.31845E-4
3.02214E-4
2.83877E-4
1.07633E-4
-1.92625E-4
-5.26156E-4
-8.23238E-4
-0.00106513
-0.00125811
-0.00137857
-0.00139765
-0.00130328
-0.00112623
-9.25763E-4
-7.43076E-4
-5.8754E-4
-4.45507E-4
-2.55203E-4
-2.19027E-5
1.91751E-4
3.59657E-4
4.86026E-4
5.9463E-4
6.96934E-4
7.48253E-4
7.27875E-4
7.27312E-4
8.11717E-4
9.64334E-4
0.00112892
0.0012664
0.00136609
0.00142823
0.00139759
0.00125355
0.00104754
8.4101E-4
6.65488E-4
5.19312E-4
3.92814E-4
2.80956E-4
1.94528E-4
1.419E-4
1.1038E-4
8.63458E-5
5.9195E-5
2.66688E-5
-5.89795E-5
-2.2515E-4
-4.39269E-4
-6.5242E-4
-8.35977E-4
-9.87932E-4
-0.0011211
-0.00123281
-0.00130769
-0.00129509
-0.00116786
-9.66974E-4
-7.54866E-4
-5.70784E-4
-4.18687E-4
-2.7808E-4
-1.16535E-4
7.53434E-5
2.76781E-4
4.64856E-4
6.27477E-4
7.64868E-4
8.32565E-4
7.35778E-4
4.17693E-4
-8.64166E-5
-6.69461E-4
-0.00122182
-0.00169874
-0.00210835
-0.00247541
-0.00268866
-0.00265038
-0.00242463
-0.00214153
-0.00189552
-0.00170678
-0.00157589
-0.00157163
-0.00172591
-0.00199483
-0.00227793
-0.00235764
-0.0021409
-0.00163561
-9.39673E-4
-2.2161E-4
4.18084E-4
9.6195E-4
0.00144129
0.0017383
0.00166225
0.00123551
6.635E-4
1.19194E-4
-5.31593E-4
-0.0013864
-0.00222632
-0.00277842
-0.00272835
-0.00205384
-9.7592E-4
4.15999E-4
0.00204718
0.00360294
0.00486607
0.00560931
0.00579745
0.00544302
0.00465542
0.00372651
0.00286119
0.0021302
0.00148824
9.67968E-4
7.06215E-4
7.31856E-4
9.04589E-4
0.00108514
0.00120073
0.00125838
0.00116531
8.4684E-4
3.55865E-4
-1.68913E-4
-6.01065E-4
-8.42941E-4
-7.77391E-4
-3.54505E-4
3.0131E-4
9.87822E-4
0.0015797
0.00205931
0.00246875
0.00275177
0.00283781
0.00266967
0.00225573
0.00172113
0.00119316
7.3695E-4
3.46602E-4
2.95302E-5
-1.46492E-4
-1.64863E-4
-1.00768E-4
-3.03946E-5
6.89369E-6
1.75408E-5
8.35735E-6
-2.68127E-5
-6.96364E-5
-7.77485E-5
-4.48791E-5
8.56141E-6
5.49752E-5
8.47222E-5
1.03346E-4
1.89229E-4
3.58052E-4
4.02587E-4
1.47614E-4
-3.44212E-4
-8.9874E-4
-0.00137744
-0.00174836
-0.00203176
-0.00235673
-0.00276914
-0.00305926
-0.00307746
-0.0028923
-0.00264776
-0.00245041
-0.00232063
-0.00228686
-0.00234276
-0.00243271
-0.00250558
-0.00254516
-0.00256012
-0.00256696
-0.00254455
-0.00246509
-0.00225848
-0.00190788
-0.00149159
-0.00109128
-7.47332E-4
-4.54224E-4
-2.17803E-4
-3.70128E-5
1.12047E-4
2.63677E-4
4.16812E-4
4.87666E-4
4.33723E-4
3.01811E-4
1.60797E-4
5.16681E-5
-2.20424E-5
-5.15238E-5
1.89348E-5
2.00936E-4
4.34218E-4
6.56644E-4
8.38355E-4
9.82277E-4
0.00105163
0.00101677
9.31012E-4
8.61316E-4
8.29659E-4
8.21295E-4
8.12257E-4
7.89616E-4
7.51025E-4
6.93584E-4
6.2139E-4
5.46595E-4
4.77877E-4
4.17715E-4
3.64135E-4
3.29293E-4
3.30659E-4
3.85508E-4
4.91387E-4
6.1906E-4
7.38677E-4
8.36408E-4
9.14311E-4
9.70235E-4
9.64884E-4
8.81638E-4
7.55844E-4
