0.00126514
0.00123494
0.00120288
0.00115622
0.00108827
0.00100132
9.14502E-4
8.67639E-4
8.65717E-4
8.78543E-4
8.84183E-4
8.62428E-4
8.14247E-4
7.64755E-4
7.16416E-4
6.52636E-4
5.74323E-4
4.94299E-4
3.98689E-4
2.55061E-4
6.60599E-5
-1.45879E-4
-2.91383E-4
-2.44901E-4
-6.51441E-5
1.0916E-4
2.96449E-4
5.70167E-4
9.17645E-4
0.00129181
0.00155561
0.00155674
0.00141896
0.00132817
0.00114166
6.53092E-4
-2.99477E-5
-6.96381E-4
-0.00103788
-8.08725E-4
-3.1942E-4
7.52931E-5
4.16724E-4
7.78261E-4
0.00118115
0.00156882
0.00147003
5.63287E-4
-6.60395E-4
-0.0016942
-0.0023646
-0.00265157
-0.00285231
-0.00311345
-0.00311921
-0.00271588
-0.00224813
-0.00182941
-8.72689E-4
4.2383E-4
7.36831E-4
6.17429E-5
-4.89148E-4
-7.96911E-4
-0.00132565
-0.00206597
-0.00278453
-0.00323043
-0.00315742
-0.00279497
-0.00253294
-0.00217456
-0.00134569
-2.23835E-4
8.65698E-4
0.00146355
0.00101008
-8.19468E-5
-0.00103151
-0.00156776
-0.00161157
-0.00141749
-0.00130107
-0.0011566
-8.1478E-4
-3.75181E-4
2.43811E-5
2.89752E-4
3.34634E-4
2.58871E-4
2.19071E-4
3.02049E-4
5.51938E-4
8.28246E-4
0.00107927
0.00208699
0.0038754
0.00435139
0.00286338
0.0011922
1.52924E-4
-6.55001E-4
-0.00144018
-0.00219483
-0.00297887
-0.00389026
-0.00455822
-0.00452475
-0.00416227
-0.00396083
-0.0038478
-0.00369319
-0.00351956
-0.00336437
-0.00335783
-0.00361212
-0.00395233
-0.0042471
-0.00483317
-0.00599203
-0.00701656
-0.0069839
-0.00628016
-0.00575177
-0.00533374
-0.00465337
-0.00380409
-0.00300246
-0.002366
-0.00200234
-0.00178869
-0.00150476
-0.00143256
-0.00212563
-0.00300804
-0.0025872
-8.06393E-4
0.00114343
0.0024395
0.00214131
2.85145E-4
-0.00116491
-0.00125986
-0.00108872
-0.00133529
-0.00178688
-0.00234481
-0.00302024
-0.00365016
-0.00374048
-0.00308701
-0.00223085
-0.00157291
-0.00111207
-8.2427E-4
-5.47911E-4
-2.97146E-4
-7.17084E-4
-0.00210112
-0.00375056
-0.00512166
-0.00615135
-0.00690018
-0.00765684
-0.0083225
-0.00813411
-0.00701167
-0.00579542
-0.00484968
-0.00400674
-0.00320137
-0.00238208
-0.00165749
-0.00145868
-0.00182119
-0.00222274
-0.0025087
-0.00295678
-0.00359487
-0.00422753
-0.00484073
-0.00540889
-0.00507599
-0.00310959
-4.99864E-4
0.00177181
0.00436769
0.00766761
0.00984071
0.00926477
0.00729722
0.00580199
0.00429142
0.0015398
-0.00204922
-0.00548914
-0.00823652
-0.00989684
-0.0108848
-0.0110648
-0.00853374
-0.00170076
0.00890442
0.0210148
0.0330092
0.0449104
0.0558987
0.0644321
0.0708547
0.0757879
0.0784333
0.0783952
0.0758923
0.0703458
0.0599672
0.0436786
0.0237696
0.00464617
-0.00995557
-0.0193692
-0.0253896
-0.0278147
-0.0247057
-0.0171053
-0.00864823
-8.94845E-4
0.00693919
0.0151342
0.0226894
0.0280742
0.0297903
0.0276432
0.0237711
0.0200484
0.0184988
0.0217936
0.0279132
0.0320173
0.0319881
0.0268633
0.0152427
-0.00166769
-0.0177214
-0.0263086
-0.0265438
-0.0223572
-0.018533
-0.0186621
-0.02489
-0.0381374
-0.055953
-0.0728376
-0.0856544
-0.0947858
-0.100398
-0.101731
-0.0977426
-0.0880502
-0.0732547
-0.0544016
-0.0345792
-0.0168771
-0.00101939
0.0131393
0.0226581
0.0254197
0.023362
0.019421
0.0141652
0.00834887
0.00407092
0.00274664
0.00641697
0.0172196
0.0325191
0.0453964
0.0519533
0.0529068
0.0498268
0.0447614
0.0396935
0.0347791
0.029433
0.0220472
0.00914286
-0.00915473
-0.027823
-0.0429728
-0.0523228
-0.0529801
-0.0423064
-0.0224618
-0.00168626
0.0137375
0.023137
0.0267376
0.0236693
0.0146274
0.00326581
-0.00597922
-0.0104727
-0.0102625
-0.00687897
-0.00193817
0.00311314
0.00647478
0.00613633
0.0017016
-0.00526327
-0.0129393
-0.0205143
-0.027486
-0.0332472
-0.0383046
-0.0435588
-0.0491256
-0.0548155
-0.0607657
-0.066704
-0.0688147
-0.0620491
-0.0471322
-0.0291119
-0.0089475
0.0122839
0.0274715
0.0353402
0.0406354
0.0439473
0.0444423
0.0431556
0.0404603
0.0355983
0.0287841
0.0209239
0.0128855
0.0057776
2.71765E-4
-0.00253516
-6.82392E-4
0.00389806
0.00541885
0.00247008
-0.00102638
-0.00337526
-0.00651475
-0.011237
-0.0163948
-0.0211501
-0.0226111
-0.016629
-0.00667552
-0.00150343
-0.00260469
-0.00407827
-5.6085E-4
0.00988585
0.0248301
0.0401444
0.0540271
0.0655675
0.0733989
0.0762692
0.0738918
0.0670077
0.0561851
0.0427719
0.0288534
0.0155995
0.00447542
-0.00367778
-0.0106601
-0.0181571
-0.0264326
-0.0344718
-0.0388098
-0.0363677
-0.0285181
-0.0197033
-0.0130333
-0.00967999
-0.0105849
-0.0158829
-0.0238038
-0.0320471
-0.0400564
-0.0474413
-0.0516176
-0.0499301
-0.0421075
-0.0291242
-0.0125938
0.00346367
0.0143635
0.0189556
0.0197819
0.0202172
0.0223019
0.026003
0.0298082
0.0316627
0.0297906
0.0249759
0.0199931
0.0155125
0.0101087
0.00350178
-0.00322172
-0.00963404
-0.0156422
-0.0203697
-0.0232382
-0.0246681
-0.0251802
-0.0242996
-0.0215034
-0.0179054
-0.0146538
-0.0120473
-0.0103684
-0.00921862
-0.00796947
-0.00654673
-0.00419377
4.51477E-4
0.00696018
0.0134564
0.0184172
0.020018
0.0174116
0.0127888
0.00855142
0.00452335
1.6159E-5
-0.0037995
-0.00467875
-0.00189255
0.00257452
0.00629011
0.00835079
0.00821153
0.00562456
0.00193929
-0.0014943
-0.00450814
-0.00710476
-0.0093334
-0.0107646
-0.00976537
-0.00565357
-2.58876E-4
0.00394284
0.00443096
4.84984E-4
-0.00506061
-0.00942175
-0.0110826
-0.00910044
-0.0048777
-6.52172E-4
0.00315877
0.00634385
0.00831957
0.00968761
0.0113309
0.0138874
0.0176367
0.0218766
0.025816
0.0283161
0.0286735
0.0282256
0.0283009
0.0296647
0.0329086
0.0366045
0.0379391
0.0349714
0.0278322
0.0187708
0.00985057
0.00130044
-0.00709387
-0.0153281
-0.0236207
-0.0310242
-0.0348384
-0.0332793
-0.0276536
-0.0209606
-0.0146783
-0.00825591
-0.00198506
0.00209351
0.00269452
8.89744E-4
-0.00134225
-0.00329996
-0.00369618
1.10823E-4
0.0073379
0.0146463
0.021077
0.0266639
0.0308591
0.0336861
0.0350812
0.0344975
0.0318385
0.0276613
0.0226347
0.017288
0.0119621
0.00721615
0.00356041
-3.86061E-5
-0.00517921
-0.0119082
-0.0194716
-0.026782
-0.0315222
-0.0311312
-0.0240501
-0.0111263
0.00255051
0.011816
0.0168509
0.0196436
0.0204024
0.0198876
0.0194508
0.0189711
0.0176976
0.0159542
0.0143961
0.0124642
0.00933403
0.00560637
0.0021319
-0.00152912
-0.00592118
-0.0106087
-0.0151287
-0.0195584
-0.0240384
-0.0284607
-0.0329703
-0.0384695
-0.0456244
-0.0539436
-0.0625639
-0.0711369
-0.0785507
-0.0826524
-0.0829843
-0.080587
-0.0752052
-0.0659837
-0.0541983
-0.0425503
-0.0325766
-0.025024
-0.0199103
-0.0156081
-0.0109134
-0.00582823
-3.2505E-4
0.00474654
0.00768865
0.00757419
0.00424392
-0.00133248
-0.00739853
-0.0130056
-0.0164808
-0.0153366
-0.0100256
-0.00383936
9.66488E-4
0.0047036
0.00858814
0.0127275
0.0163771
0.0189108
0.0198901
0.0197701
0.0196769
0.0196607
0.018969
0.0177037
0.0165102
0.015484
0.0144591
0.0134265
0.0123679
0.0116508
0.011406
0.0101366
0.00692309
0.00314472
-1.797E-4
-0.00285054
-0.00364773
-0.0019483
6.72617E-4
0.00298833
0.00474122
0.00510921
0.0042331
0.00336655
0.0027631
0.00194946
8.94087E-4
-1.90822E-4
-6.23532E-4
5.09891E-4
0.00238972
0.0032462
0.00306768
0.00288208
0.00323674
0.00480132
0.00764638
0.0106853
0.0133359
0.0156462
0.017675
0.0196458
0.0215391
0.0237799
0.027634
0.0329174
0.0381279
0.0431209
0.0480707
0.0515299
0.0519806
0.049442
0.0453789
0.0412733
0.0376195
0.0350083
0.0335889
0.0324328
0.0308866
0.028206
0.0234286
0.0167222
0.00889622
5.31809E-4
-0.00736767
-0.0134001
-0.0165313
-0.0170401
-0.0167108
-0.0167378
-0.0177237
-0.0204648
-0.0242478
-0.0277654
-0.0302533
-0.0309429
-0.0298984
-0.0281088
-0.0264373
-0.024744
-0.0223626
-0.0194136
-0.0164614
-0.0137787
-0.011567
-0.00976031
-0.00792438
-0.00616385
-0.00519545
-0.00499466
-0.00489581
-0.00428837
-0.00238836
6.75669E-4
0.00383888
0.00652319
0.00841395
0.00962594
0.0108381
0.0120117
0.0131989
0.015471
0.0188534
0.0222437
0.0250927
0.0271011
0.0276778
0.0267979
0.0255514
0.0245476
0.023116
0.0209024
0.0186355
0.016385
0.0125581
0.00666343
4.32383E-4
-0.00524972
-0.0109065
-0.0165905
-0.0213539
-0.024029
-0.0250154
-0.0259921
-0.0271586
-0.0272753
-0.026322
-0.025401
-0.0247898
-0.0241489
-0.0234271
-0.02267
-0.0221307
-0.0223921
-0.0233933
-0.0244133
-0.0252516
-0.026025
-0.0261343
-0.0246081
-0.0212704
-0.0169524
-0.0126001
-0.00843904
-0.00435947
-3.68857E-4
0.00361661
0.00750969
0.0107858
0.0126342
0.0126921
0.0119329
0.0114462
0.0109144
0.0097158
0.00809162
0.00654369
0.00623399
0.00832276
0.0116131
0.0144659
0.0172026
0.0204873
0.0240789
0.0275659
0.0302027
0.0309544
0.0299863
0.0277874
0.0241991
0.0197165
0.0152578
0.0114426
0.0085649
0.00614335
0.0035682
7.77258E-4
-0.00253969
-0.00701358
-0.0123816
-0.0178173
-0.0229643
-0.0267553
-0.027703
-0.0263156
-0.024104
-0.0216176
-0.0188908
-0.0163118
-0.0147126
-0.0146791
-0.0159963
-0.0177255
-0.0192761
-0.0210241
-0.0233037
-0.0257977
-0.0282113
-0.0301937
-0.0306874
-0.0281578
-0.0222816
-0.0150657
-0.00820441
-0.00192314
0.00329134
0.00684627
0.00894563
0.0106248
0.0125299
0.014131
0.0149728
0.0155183
0.0162495
0.0172243
0.0183968
0.0196301
0.0208355
0.0221218
0.0232591
0.0233738
0.021771
0.0187598
0.0153713
0.0122385
0.00976093
0.00821232
0.00705843
0.00566799
0.00366404
9.74139E-4
-0.00189734
-0.00460305
-0.00721365
-0.00980221
-0.0124129
-0.0149448
-0.0170297
-0.0179264
-0.0171527
-0.0155635
-0.0141875
-0.0131156
-0.0122694
-0.0115983
-0.0109443
-0.00992167
-0.00817571
-0.0060477
-0.00404182
-0.00224373
-6.16688E-4
9.15187E-4
0.00244227
0.00420279
0.00644081
0.00892282
0.0113415
0.013472
0.0151074
0.0165396
0.0180997
0.018994
0.0182924
0.0168258
0.0156739
0.014129
0.0113338
0.00801991
0.00500771
0.0021026
-9.78319E-4
-0.00380045
-0.00524447
-0.00475083
-0.0028699
-2.01583E-4
0.00291869
0.006214
0.00902485
0.0103256
0.0104254
0.0106362
0.0109543
0.0104208
0.00915229
0.00800761
0.0068644
0.00503261
0.00269886
4.74401E-4
-0.0017619
-0.00444195
-0.00744082
-0.010385
-0.0127156
-0.013936
-0.0146019
-0.0154652
-0.0164053
-0.0171502
-0.0178347
-0.0185847
-0.0189555
-0.0185243
-0.0177919
-0.0172175
-0.0161795
-0.0141865
-0.01189
-0.00982353
-0.00763539
-0.00506632
-0.00238122
1.98281E-4
0.00271825
0.00523561
0.00775088
0.0102503
0.012575
0.0146014
0.016495
0.0184777
0.0208584
0.0238219
0.0270239
0.0300972
0.0326258
0.0342516
0.0355429
0.0369822
0.0375997
0.03665
0.0352438
0.034187
0.0322279
0.0284872
0.0241431
0.0202882
0.0170288
0.0142807
0.0121441
0.0109147
0.0102519
0.00946709
0.00783707
0.00490698
0.00147611
-0.00170616
-0.00527624
-0.00977068
-0.0146156
-0.0191662
-0.022975
-0.025933
-0.0287666
-0.0316431
-0.0333763
-0.0335994
-0.0336156
-0.0339387
-0.0337075
-0.0327315
-0.0316886
-0.0308858
-0.030276
-0.029805
-0.029402
-0.0288779
-0.0278026
-0.0261578
-0.0244171
-0.0229125
-0.0219356
-0.0214759
-0.0211037
-0.0205187
-0.0195486
-0.0182505
-0.0169257
-0.0157402
-0.0147748
-0.0140073
-0.0132935
-0.0124238
-0.0109587
-0.00829813
-0.0042946
2.51459E-4
0.00460515
0.00852888
0.011776
0.0146793
0.0177328
0.0202327
0.0213052
0.0216686
0.0223267
0.022973
0.0230756
0.022914
0.0228829
0.023079
0.0235341
0.0241177
0.0246553
0.0248636
0.0240942
0.0219222
0.0188974
0.0158541
0.0132158
0.0113456
0.0100937
0.00886067
0.0072476
0.00499346
0.00231073
-3.26519E-4
-0.00282962
-0.00530336
-0.007775
-0.0102433
-0.0126461
-0.0149096
-0.0171232
-0.0193662
-0.0214226
-0.0230914
-0.0246165
-0.0262234
-0.0277231
-0.0285304
-0.0279704
-0.0263893
-0.0248899
-0.0233215
-0.0205264
-0.0166848
-0.0128914
-0.00959062
-0.00696634
-0.00485683
-0.00268677
-6.02337E-4
6.78162E-4
0.00130114
0.00198067
0.00286358
0.0038141
0.00480145
0.00580482
0.00676813
0.00761288
0.00837314
0.00915617
0.00984319
0.0102091
0.0103808
0.0106083
0.0108433
0.0109292
0.0109188
0.0109519
0.0109775
0.0109009
0.0107847
0.0106934
0.0105697
0.010368
0.0101402
0.00993072
0.00959711
0.00899683
0.00828166
0.00762882
0.00707857
0.00662416
0.00622006
0.00578514
0.00510274
0.00408445
0.00300035
0.00198624
8.38E-4
-5.30918E-4
-0.00195842
-0.00331355
-0.00454036
-0.00563938
-0.00676343
-0.00781113
-0.00822751
-0.0079521
-0.00768545
-0.00739499
-0.00610945
-0.00385093
-0.00158835
3.90659E-4
0.00229585
0.00418333
0.00609387
0.00787827
0.00911928
0.00987068
0.0106716
0.011462
0.0116223
0.0111948
0.010814
0.0104234
0.00939113
0.00780156
0.00626456
0.00488058
0.00344756
0.00196154
4.80381E-4
-8.68868E-4
-0.00192678
-0.00282373
-0.00378108
-0.00466183
-0.00521491
-0.00559223
-0.00605447
-0.00619844
-0.00550161
-0.004409
-0.00350559
-0.00218461
1.84367E-5
0.00166194
0.00178105
0.00157121
0.00180697
0.00199209
0.00188448
0.00166555
0.00287529
0.00396445
0.00613411
0.00843788
0.0103258
0.0115614
0.0121842
0.0128109
0.0132875
0.0123027
0.00975373
0.00707064
0.00487424
0.00288287
9.61107E-4
-9.56313E-4
-0.00261787
-0.00346428
-0.003673
-0.00392254
-0.00431163
-0.00460598
-0.00480837
-0.00502183
-0.00525536
-0.0054909
-0.0057236
-0.00596884
-0.00605096
-0.0056874
-0.00502977
-0.00441605
-0.0040181
-0.00397596
-0.00417784
-0.00435859
-0.00428113
-0.00376186
-0.00301119
-0.00235283
-0.00178985
-0.00123548
-6.91889E-4
-1.56645E-4
3.53524E-5
-5.64309E-4
-0.00158652
-0.00242745
-0.00302676
-0.00347555
-0.00384861
-0.00419551
-0.0043147
-0.00404967
-0.00364028
-0.00332562
-0.00318257
-0.00324487
-0.0033844
-0.0034553
-0.00342453
-0.00329957
-0.00314586
-0.00299835
-0.00274645
-0.00232954
-0.00187525
-0.00150219
-0.00125361
-0.00112172
-0.00100901
-8.87656E-4
-9.0922E-4
-0.00111631
-0.0013428
-0.00143447
-0.00124338
-7.95132E-4
-3.55292E-4
-1.5587E-6
4.35825E-4
9.76756E-4
0.00146049
0.00178411
0.00189577
0.00184207
0.00177804
0.00170748
0.00148728
0.0011475
8.56825E-4
6.92046E-4
6.65726E-4
7.23507E-4
7.71315E-4
7.91424E-4
8.06701E-4
8.19575E-4
8.26344E-4
8.18501E-4
7.85417E-4
7.4267E-4
7.1147E-4
7.01482E-4
7.14858E-4
7.30565E-4
7.28211E-4
7.11249E-4
6.87133E-4
6.55642E-4
6.16433E-4
5.71009E-4
5.21607E-4
4.71463E-4
4.2261E-4
3.75425E-4
