2.77838E-4
3.5349E-4
4.2892E-4
4.64582E-4
4.60082E-4
4.50666E-4
4.58248E-4
4.6625E-4
4.5424E-4
4.31797E-4
4.07208E-4
3.597E-4
2.65384E-4
1.24769E-4
-3.69036E-5
-1.84037E-4
-2.92778E-4
-3.57366E-4
-3.65617E-4
-2.9602E-4
-1.50279E-4
3.50533E-5
2.11177E-4
3.41804E-4
4.23943E-4
4.94883E-4
5.68425E-4
6.08434E-4
6.12573E-4
6.0975E-4
5.90301E-4
5.42322E-4
4.81358E-4
4.046E-4
3.29287E-4
3.20781E-4
3.84037E-4
4.42894E-4
4.52413E-4
4.54296E-4
5.11188E-4
6.2123E-4
7.23163E-4
7.5177E-4
6.6324E-4
4.15173E-4
-2.58826E-5
-6.30648E-4
-0.0012902
-0.00187228
-0.00228551
-0.00249486
-0.00250678
-0.00231853
-0.00191513
-0.00135906
-7.81449E-4
-2.57988E-4
1.90816E-4
5.33016E-4
7.52384E-4
8.40744E-4
7.69729E-4
5.7512E-4
3.68445E-4
1.81635E-4
-2.60846E-5
-2.24831E-4
-3.66291E-4
-4.82545E-4
-6.29796E-4
-8.18955E-4
-0.00103328
-0.00126463
-0.00151979
-0.00179328
-0.00195899
-0.00181564
-0.00137274
-8.3461E-4
-3.15819E-4
1.53796E-4
5.17636E-4
7.99033E-4
0.00103087
0.00105188
7.58253E-4
3.37286E-4
-3.58653E-5
-3.77403E-4
-6.90304E-4
-8.57412E-4
-7.94089E-4
-6.01346E-4
-4.50177E-4
-4.01088E-4
-4.77367E-4
-7.42401E-4
-0.00114678
-0.00146966
-0.00150646
-0.00138131
-0.00147429
-0.00184999
-0.00220677
-0.00234289
-0.00221328
-0.00180266
-0.00124257
-7.61973E-4
-4.53554E-4
-2.45775E-4
-3.51133E-5
2.2155E-4
4.83408E-4
6.52354E-4
7.32261E-4
8.58299E-4
0.0010438
0.00116516
0.00121254
0.00127326
0.00135508
0.00140252
0.00133198
0.00101247
4.39347E-4
-1.87857E-4
-7.30625E-4
-0.00121954
-0.00167122
-0.00191792
-0.00175025
-0.00125763
-7.51992E-4
-4.18433E-4
-1.99454E-4
-1.17465E-5
-9.79625E-5
-7.46929E-4
-0.00168876
-0.00241356
-0.00279092
-0.00297118
-0.00301119
-0.00280348
-0.00232757
-0.00176445
-0.0012752
-9.19347E-4
-7.79683E-4
-8.62847E-4
-9.89431E-4
-9.94208E-4
-8.62711E-4
-6.55851E-4
-5.00916E-4
-5.67768E-4
-9.11315E-4
-0.00147163
-0.00219545
-0.00291251
-0.00331672
-0.00329364
-0.0029986
-0.00264415
-0.0023632
-0.00217903
-0.00205209
-0.00190151
-0.00160917
-0.00105512
-1.84844E-4
9.46634E-4
0.0021578
0.00303577
0.00318011
0.00267808
0.00201702
0.00158667
0.00132323
9.54036E-4
5.22947E-4
2.9945E-4
3.29056E-4
3.90538E-4
2.6072E-4
-1.4607E-4
-7.66883E-4
-0.00140325
-0.00184183
-0.0019967
-0.00185102
-0.00139505
-7.57128E-4
-2.16614E-4
-2.08955E-5
-2.22466E-4
-6.76117E-4
-0.00109167
-0.00114856
-7.322E-4
-6.82362E-7
7.94766E-4
0.00148381
0.00199644
0.00234719
0.00259323
0.0027807
0.00294867
0.00315452
0.00343819
0.00376862
0.00412289
0.00448174
0.00468522
0.00451936
0.00391197
0.002881
0.00149539
7.64889E-5
-9.36438E-4
-0.00145361
-0.00165348
-0.00164383
-0.001602
-0.00182196
-0.00233573
-0.00291653
-0.0034539
-0.00401892
-0.00462129
-0.00497977
-0.00474498
-0.00393425
-0.00285719
-0.00176018
-6.84379E-4
4.33663E-4
0.00157159
0.00247385
0.00288716
0.00292857
0.00288492
0.00286509
0.00279918
0.00259305
0.0022542
0.00189496
0.00165997
0.00164375
0.00181232
0.0020211
0.00211495
0.00201801
0.001736
0.0012929
6.85278E-4
-1.3194E-4
-0.00110438
-0.00200675
-0.00272464
-0.00338208
-0.0040545
-0.00459224
-0.00479649
-0.00460083
-0.00405129
-0.00317809
-0.00198828
-6.49258E-4
5.35367E-4
0.00139145
0.00203158
0.00268112
0.00325706
0.0034203
0.00308182
0.00246516
0.00180046
0.00111405
2.92605E-4
-6.39953E-4
-0.00152181
-0.00225623
-0.00283557
-0.00321275
-0.00321659
-0.00271824
-0.00180195
-7.26643E-4
2.31198E-4
9.26023E-4
0.00138125
0.00176077
0.00213715
0.0023308
0.00203107
0.00106353
-2.93942E-4
-0.00133323
-0.0014243
-5.56557E-4
8.10084E-4
0.00231218
0.00374156
0.00482251
0.00546647
0.0059158
0.00621247
0.00611793
0.00565878
0.00509423
0.00449803
0.00376637
0.00283928
0.00175247
6.33662E-4
-3.19158E-4
-0.00103478
-0.00161229
-0.00207589
-0.00235304
-0.0024463
-0.00238413
-0.0021863
-0.00197823
-0.00190536
-0.00197283
-0.00207533
-0.00206944
-0.00174441
-9.28542E-4
2.96382E-4
0.0016744
0.00298092
0.00400068
0.00460318
0.00506127
0.00572968
0.00639885
0.00666263
0.00654622
0.00624959
0.00582043
0.00528818
0.00466949
0.00386992
0.00278579
0.00143262
-1.16814E-4
-0.0018784
-0.00385655
-0.00575768
-0.00707115
-0.00757007
-0.00746212
-0.00699596
-0.00621112
-0.00518157
-0.00430902
-0.0039375
-0.00384679
-0.00359899
-0.00303056
-0.00220355
-0.00115573
1.15345E-4
0.00147171
0.0026711
0.00356905
0.00417428
0.00452036
0.0045918
0.00442541
0.00422197
0.00417472
0.00416981
0.00391489
0.00326253
0.00228507
0.00118984
2.0268E-4
-5.53289E-4
-0.00117568
-0.0019658
-0.00309975
-0.00434806
-0.00536229
-0.0060658
-0.00649725
-0.00662252
-0.00646404
-0.0060107
-0.00521282
-0.00428642
-0.00356043
-0.00302829
-0.00234212
-0.00121355
2.35097E-4
0.00160185
0.00261624
0.00335153
0.00403879
0.00470597
0.00511229
0.00500415
0.0043678
0.00339742
0.00231767
0.00134475
6.90298E-4
4.15109E-4
3.13485E-4
1.25633E-5
-6.97134E-4
-0.00163592
-0.00248099
-0.00307189
-0.00341542
-0.00354415
-0.00343636
-0.00300245
-0.002231
-0.00134621
-6.03823E-4
-5.86018E-5
4.02169E-4
8.60193E-4
0.00118808
0.0012046
9.45788E-4
6.01015E-4
2.84141E-4
-5.4693E-5
-4.04899E-4
-5.68611E-4
-4.83423E-4
-2.5928E-4
1.32032E-4
7.46589E-4
0.00140786
0.001772
0.00163267
0.00118613
8.42553E-4
8.44949E-4
0.00110335
0.0013303
0.00130818
0.00106103
8.9215E-4
0.00113555
0.00177736
0.00245626
0.00289424
0.00310471
0.00312713
0.00293173
0.00260913
0.0022852
0.00201499
0.00188376
0.00198622
0.00234702
0.00286772
0.00332993
0.00354767
0.00344823
0.00296672
0.00190695
7.51928E-5
-0.00236684
-0.00481037
-0.00655225
-0.00733323
-0.00750164
-0.00768607
-0.00826346
-0.00917692
-0.0102128
-0.0111479
-0.0117859
-0.0121525
-0.0123713
-0.0122489
-0.0112897
-0.00918232
-0.00617841
-0.00293192
-1.72895E-4
0.00167054
0.00269833
0.00321576
0.0034563
0.00353956
0.00354509
0.0036182
0.00379956
0.00398341
0.0041898
0.00454163
0.00498334
0.00535857
0.0055762
0.0055087
0.00508516
0.00447571
0.00387479
0.00337523
0.00320027
0.00344531
0.00373313
0.00372124
0.00352594
0.00336402
0.0032497
0.00312683
0.00289472
0.00242261
0.00178296
0.00107553
2.50194E-4
-3.94334E-4
-4.16027E-4
-1.28373E-4
-1.62279E-4
-5.59499E-4
-0.00108264
-0.00168757
-0.00240407
-0.00326833
-0.0043624
-0.00556793
-0.00664467
-0.007539
-0.008109
-0.00808203
-0.00739913
-0.00608309
-0.00410164
-0.00183407
2.19738E-5
0.00128014
0.0021697
0.00275728
0.00310954
0.00344543
0.0037564
0.00384711
0.00377955
0.00380411
0.00405227
0.00451397
0.00503073
0.00526985
0.00506025
0.00457123
0.0039539
0.00334785
0.00310358
0.0033928
0.0040215
0.00479465
0.00554422
0.00601012
0.00600345
0.00548303
0.00449986
0.00323692
0.00200703
9.81771E-4
1.99593E-4
-1.99379E-4
-1.98863E-4
-4.94754E-5
-1.08039E-5
-8.90996E-5
-1.1478E-4
-1.07203E-4
-2.87754E-4
-7.85123E-4
-0.0015519
-0.00242558
-0.0031306
-0.00337801
-0.00312744
-0.00261144
-0.00211205
-0.00182262
-0.00177829
-0.00183437
-0.00176034
-0.00142047
-8.6109E-4
-1.92205E-4
5.60314E-4
0.00140801
0.00228071
0.00300518
0.00344989
0.00370595
0.00385121
0.00377862
0.00349186
0.00322397
0.00314883
0.00318797
0.00320038
0.00312574
0.00304365
0.00314686
0.00346747
0.00379461
0.00388027
0.00355379
0.00282307
0.00198635
0.00137578
0.00104867
9.76041E-4
0.00134842
0.00234004
0.00376381
0.0051637
0.00596654
0.00570864
0.00457881
0.0032845
0.00214126
0.00119578
6.66955E-4
4.55817E-4
1.79284E-4
-2.55505E-4
-7.12734E-4
-0.00116634
-0.00158375
-0.0018124
-0.00178968
-0.00148338
-8.53831E-4
-7.76047E-5
5.75997E-4
0.00103584
0.00131601
0.00132109
9.79647E-4
4.17408E-4
-1.19935E-4
-4.30463E-4
-4.77541E-4
-3.81593E-4
-2.9429E-4
-3.70548E-4
-8.30819E-4
-0.00187398
-0.00340026
-0.00501327
-0.00632216
-0.00711162
-0.00742418
-0.00751652
-0.00765628
-0.00805705
-0.00888766
-0.0101086
-0.0113712
-0.0122245
-0.0123961
-0.0118977
-0.0108598
-0.00928141
-0.00698606
-0.00393575
-5.30933E-4
0.00256532
0.00472797
0.00573344
0.00598841
0.00606459
0.00620327
0.00641904
0.00669149
0.00692354
0.00689925
0.00640411
0.00541789
0.00413431
0.00282419
0.00175536
0.00114212
0.00111396
0.00168796
0.00276666
0.00420189
0.00593453
0.00802298
0.0100778
0.0112331
0.0110991
0.00999698
0.00844157
0.00674503
0.0049893
0.0031963
0.00131189
-7.71948E-4
-0.00285888
-0.00433729
-0.00469993
-0.00397041
-0.00258317
-0.00101259
3.62307E-4
0.00110997
9.82E-4
1.76063E-4
-0.00104998
-0.0026897
-0.0048086
-0.00730578
-0.00994335
-0.012508
-0.0147325
-0.0162448
-0.01684
-0.0165115
-0.0152
-0.0129334
-0.0100639
-0.00697955
-0.00384371
-8.10131E-4
0.00176724
0.00354501
0.00442656
0.00459154
0.00458471
0.00486256
0.00525957
0.00544635
0.00544809
0.0053984
0.00534426
0.00537685
0.00551864
0.00563669
0.00560972
0.00545257
0.00515362
0.00428266
0.00243128
9.86862E-5
-0.00197708
-0.00379381
-0.00559013
-0.00734062
-0.00895434
-0.0103474
-0.0113837
-0.0119227
-0.0119318
-0.011543
-0.0109381
-0.0102521
-0.00960944
-0.00903888
-0.00838111
-0.00748534
-0.00642271
-0.00546265
-0.00479279
-0.00431959
-0.00370576
-0.0027182
-0.00161259
-8.36075E-4
-5.71396E-4
-7.5794E-4
-0.00124095
-0.00182966
-0.00238681
-0.00288802
-0.00337059
-0.00383832
-0.0042725
-0.00468161
-0.00502855
-0.00505938
-0.00437223
-0.0028078
-6.29911E-4
0.00168664
0.00376814
0.0055086
0.00705705
0.00850459
0.00973116
0.0107573
0.0118665
0.0133255
0.0150894
0.0168256
0.018364
0.0198047
0.0209734
0.0212989
0.0203891
0.0182973
0.015487
0.0126763
0.010222
0.00788473
0.00547663
0.00314261
0.00102058
-8.20962E-4
-0.00233657
-0.00360677
-0.00470642
-0.00551187
-0.0058329
-0.00559721
-0.00484665
-0.00366644
-0.00220627
-7.10999E-4
5.88454E-4
0.00162435
0.00242931
0.00294482
0.00310312
0.00303923
0.00303048
0.00328043
0.00378676
0.00430246
0.00457775
0.0046534
0.00470987
0.00477799
0.00476294
0.00456113
0.00401829
0.00303019
0.0016976
2.79513E-4
-8.40928E-4
-0.00128682
-0.00103531
-4.39613E-4
1.67457E-4
5.54618E-4
4.85426E-4
-9.74234E-5
-0.0010739
-0.0025083
-0.00450244
-0.00658824
-0.00813897
-0.00910422
-0.0095879
-0.00958482
-0.00940976
-0.00948169
-0.00989977
-0.010569
-0.0111643
-0.0112099
-0.0106283
-0.00982651
-0.00919117
-0.00881295
-0.00868784
-0.00892936
-0.00970377
-0.0109608
-0.0121359
-0.0124051
-0.011383
-0.00924719
-0.00636614
-0.00323939
-4.00643E-4
0.00197191
0.00375158
0.00451352
0.00405097
0.00262238
6.14333E-4
-0.00164552
-0.003838
-0.00569839
-0.00701823
-0.00761655
-0.00744523
-0.00664675
-0.00559566
-0.00484166
-0.00473562
-0.00499364
-0.00498646
-0.00445284
-0.00343204
-0.00190833
-1.25888E-4
0.00144542
0.00274584
0.00392044
0.00479953
0.00518557
0.00518025
0.00496615
0.00472899
0.00479415
0.00537297
0.00630361
0.00724932
0.00796704
0.00829136
0.00815403
0.00774794
0.00748817
0.00768557
0.00824991
0.00874889
0.0088083
0.00837793
0.0075963
0.00667872
0.00595106
0.00570903
0.00597854
0.00655427
0.00721519
0.00781712
0.00826175
0.00848822
0.00850608
0.00837914
0.00816561
0.00782667
0.00721306
0.00615263
0.00435441
0.00152467
-0.00205598
-0.00563699
-0.00885242
-0.0119555
-0.0150519
-0.0175143
-0.0186664
-0.018592
-0.0176018
-0.015739
-0.0132641
-0.0105472
-0.00766234
-0.00477066
-0.00231764
-6.65578E-4
-3.85649E-5
-6.15583E-4
-0.0023124
-0.0047959
-0.00778223
-0.0111135
-0.0144674
-0.017207
-0.0187405
-0.0189153
-0.0178231
-0.0154753
-0.0120653
-0.00808981
-0.0039843
-3.73726E-6
0.00367023
0.00701668
0.0101439
0.0130608
0.0157011
0.0180365
0.0200001
0.0214194
0.0220806
0.0216443
0.0198009
0.0168214
0.0132257
0.00916551
0.00478025
3.15703E-4
-0.00410456
-0.00798566
-0.0106857
-0.0124293
-0.0139626
-0.0155488
-0.0169008
-0.0176699
-0.0177492
-0.0171986
-0.0158647
-0.0133695
-0.00956566
-0.00477333
4.03975E-4
0.00543256
0.00991448
0.013545
0.0161884
0.0178212
0.0185129
0.0184434
0.0178643
0.0169661
0.015816
0.0145277
0.0133452
0.0124279
0.0115867
0.0104588
0.00875819
0.00629178
0.00320768
1.24307E-4
-0.00242309
-0.00430701
-0.00550115
-0.00578743
-0.00495037
-0.00314923
-7.62742E-4
0.00179678
0.00402896
0.00553875
0.00638314
0.00687548
0.00714342
0.00714779
0.00682617
0.00617954
0.00528779
0.00423702
0.00313304
0.00197967
6.17741E-4
-0.00101117
-0.00287119
-0.00502531
-0.00741805
-0.00975354
-0.0118337
-0.0135768
-0.0148178
-0.0154642
-0.0153522
-0.0140949
-0.0115348
-0.00796894
-0.00380598
7.23881E-4
0.00546526
0.0102358
0.0148458
0.0189524
0.0221574
0.0244998
0.0262488
0.0273396
0.0276916
0.0275698
0.0271441
0.0261416
0.0242286
0.0212081
0.0168505
0.0109772
0.0038262
-0.00389189
-0.0115791
-0.0188365
-0.0253835
-0.031079
-0.0352543
-0.0369091
-0.0358635
-0.0326404
-0.0276499
-0.0212739
-0.0142551
-0.00782622
-0.00303733
2.71326E-5
0.00180332
0.00265595
0.00308276
0.00389622
0.00575079
0.00883347
0.0130711
0.018077
0.0230995
0.0272817
0.0299721
0.0309194
0.0300255
0.0273181
0.0233358
0.0189662
0.0147643
0.0106428
0.00633243
0.00182068
-0.0029061
-0.00785288
-0.0125748
-0.0164922
-0.019453
-0.0215718
-0.0227447
-0.0226174
-0.0210826
-0.0184364
-0.0150434
-0.0113255
-0.00787153
-0.00503809
-0.00285395
-0.00144422
-9.27206E-4
-0.00105111
-0.00139811
-0.00163195
-0.00127296
1.81042E-4
0.00278279
0.00630865
0.0104827
0.0145983
0.0178427
0.0200598
0.0213534
0.0214181
0.0196947
0.0160103
0.0108928
0.00489244
-0.00183629
-0.00887506
-0.0153
-0.0204221
-0.0242521
-0.0268714
-0.0281061
-0.0281468
-0.0273832
-0.0258359
-0.0233624
-0.0199726
-0.0158708
-0.0116078
-0.00802678
-0.00552411
-0.00379639
-0.00243296
-0.00130749
-4.07287E-4
5.4477E-4
0.002092
0.00468762
0.00840526
0.0130371
0.0181108
0.0228071
0.0263975
0.0286626
0.0297793
0.030035
0.029754
0.029172
0.0282556
0.0267649
0.0245122
0.0215846
0.0182695
0.0148815
0.0116819
0.00893438
0.00698013
0.00619507
0.00674593
0.00830313
0.0104047
0.0127991
0.0150301
0.0163725
0.0161896
0.0140226
0.00972783
0.00344127
-0.00433669
-0.0123919
-0.019505
-0.0252179
-0.0293955
-0.0317305
-0.0319219
-0.0300519
-0.0265236
-0.0219707
-0.0169453
-0.0116736
-0.00657083
-0.00210698
0.00200818
0.00639868
0.0109748
0.0151997
0.0186346
0.0210344
0.0226031
0.0239095
0.0254326
0.0273809
0.0297159
0.0320075
0.0336261
0.0342218
0.0335798
0.0314022
0.0276893
0.0229022
0.0176651
0.0124356
0.00752703
0.00328275
-4.72227E-4
-0.00461499
-0.00969399
-0.0153364
-0.0206972
-0.0252256
-0.0287897
-0.031248
-0.0323006
-0.031782
-0.0299899
-0.0274529
-0.0245085
-0.0214324
-0.0186196
-0.0162247
-0.0140403
-0.0117924
-0.00932496
-0.00664543
-0.00411239
-0.0022235
-0.00105543
-3.55831E-4
2.757E-6
-4.15929E-5
-3.45536E-4
-5.7001E-4
-6.78347E-4
-9.1954E-4
-0.00170894
-0.00351251
-0.00649964
-0.0102152
-0.0135394
-0.0153586
-0.0153096
-0.0140868
-0.0126695
-0.0113706
-0.0100777
-0.00876284
-0.00755039
-0.0066389
-0.00616039
-0.00602374
-0.00593397
-0.00559405
-0.0049401
-0.0038446
-0.00210153
7.12779E-5
0.0024001
0.0049209
0.00759795
0.0102974
0.0131357
0.0164324
0.0201904
0.023878
0.0268085
0.028619
0.0292795
0.0288298
0.0271964
0.0241247
0.0196334
0.0141492
0.0082138
0.00230389
-0.00348181
-0.00915773
-0.0142622
-0.0180409
-0.0201774
-0.0208311
-0.0199722
-0.0175553
-0.013982
-0.00988845
-0.00580527
-0.00196496
0.00159928
0.00473192
0.00712835
0.0086393
0.00929535
0.00923592
0.00853729
0.00712267
0.00516436
0.00323468
0.00165887
3.65597E-4
-6.62535E-4
-0.00147156
-0.00211343
-0.00261143
-0.00308848
-0.003708
-0.00459778
-0.00594807
-0.00806994
-0.0110884
-0.0145351
-0.0176588
-0.0200347
-0.0215518
-0.0222582
-0.0221753
-0.0211057
-0.0188415
-0.0155611
-0.0116602
-0.00739206
-0.00307619
8.01006E-4
0.00388401
0.00595828
0.00680295
0.00636423
0.00494397
0.00284436
1.57145E-4
-0.0026178
-0.00460882
-0.00510696
-0.00383575
-0.00135395
0.00145125
0.00396663
0.00563925
0.00619613
0.00574998
0.00462265
0.00331551
0.00219034
0.00155402
0.00135317
0.00126162
0.00139953
0.00195823
0.00293948
0.00425042
0.00586407
0.00796052
0.0104807
0.0128191
0.0144657
0.0153043
0.0155447
0.0154205
0.0146459
0.0129295
0.0102205
0.00652325
0.00200639
-0.00287033
-0.00750983
-0.0116523
-0.015304
-0.0184827
-0.0212399
-0.0235663
-0.0252553
-0.0258822
-0.0250284
-0.0229512
-0.0203386
-0.017473
-0.0144488
-0.0116498
-0.00969993
-0.00898912
-0.00945285
-0.0108637
-0.0129206
-0.0151724
-0.0170307
-0.0179246
-0.0179313
-0.0176492
-0.0173824
-0.0169625
-0.016103
-0.0147502
-0.0130035
-0.0110975
-0.00947053
-0.00838695
-0.00782779
-0.00784408
-0.00861186
-0.00991157
-0.0110301
-0.0116993
-0.0120291
-0.0121576
-0.0122927
-0.0123708
-0.0121848
-0.011627
-0.0105563
-0.00877323
-0.0063954
-0.00370764
-0.00100348
0.00147956
0.00377583
0.005564
0.00636222
0.00624692
0.00564327
0.00520642
0.00542673
0.00663704
0.009105
0.0127285
0.0171309
0.0217584
0.0261966
0.029866
0.031893
0.0316215
0.0275978
0.0173794
0.00499446
4.80571E-4
0.00487113
0.0102454
0.0122061
0.012436
0.0135638
0.0157036
0.0174452
0.0174209
0.0153181
0.0117753
0.00757159
0.00341178
-1.87864E-4
-0.00269793
-0.00431651
-0.00546246
-0.00567798
-0.00467026
-0.00271794
-3.43719E-4
0.00198495
0.00410566
0.0061293
0.00809435
0.00957543
0.0100402
0.00916495
0.00674357
0.00262092
-0.00350979
-0.0113832
-0.0196555
-0.0270257
-0.0330198
-0.0377171
-0.0409977
-0.0424411
-0.0419674
-0.0399169
-0.0367505
-0.0328537
-0.0285474
-0.0244825
-0.0210758
-0.017975
-0.0147413
-0.0112084
-0.0073799
-0.00339006
4.60156E-4
0.00382239
0.00638078
0.00815037
0.00936121
0.0100913
0.0103885
0.0101332
0.00913553
0.00760935
0.00582806
0.00387584
0.00205229
5.95552E-4
-6.22326E-4
-0.00170053
-0.00228715
-0.00186115
-1.86159E-4
0.0027247
0.00627564
0.00944218
0.011812
0.0134417
0.0140338
0.0132207
0.01102
0.00809082
0.00561593
0.0041892
0.00349586
0.00307859
0.00265075
0.00215667
0.00198342
0.0022848
0.00268166
0.00281747
0.00223984
3.32102E-4
-0.00304352
-0.00719218
-0.0109967
-0.0138416
-0.0158434
-0.0170897
-0.0177762
-0.0182741
-0.018727
-0.0191699
-0.0197527
-0.0206735
-0.0219767
-0.0233623
-0.0242385
-0.0242054
-0.0230531
-0.0205668
-0.0166678
-0.0116611
-0.00631139
-0.00134043
0.00274695
0.00538242
0.00606893
0.00480107
0.00214746
-0.00124264
-0.00485983
-0.00832385
-0.0112582
-0.0130693
-0.013291
-0.0118256
-0.0088947
-0.00499433
-7.28907E-4
0.00314267
0.00612558
0.00849748
0.0108276
0.0134044
0.0160671
0.0183723
0.0199941
0.0209113
0.0210978
0.0203553
0.0186776
0.0164769
0.014516
0.0132964
0.0125854
0.0121268
0.0119842
0.0122471
0.012938
0.0139265
0.0151242
0.016658
0.0186588
0.0209675
0.0233215
0.0254666
0.0269596
0.0273114
0.0264991
0.0248692
0.0224395
0.0191203
0.0152322
0.0112224
0.00742236
0.00417436
0.00186254
6.91918E-4
7.02773E-4
0.00173498
0.00315544
0.00406496
0.00371519
0.00198833
-6.54398E-4
-0.00367485
-0.00662073
-0.00915116
-0.0111385
-0.0126796
-0.0140834
-0.0155697
-0.0171253
-0.0187009
-0.0202263
-0.021575
-0.0224199
-0.0224503
-0.0216689
-0.0203337
-0.0189338
-0.0179663
-0.0178863
-0.0188006
-0.0201276
-0.0211277
-0.0212386
-0.0204066
-0.0188183
-0.016421
-0.0131109
-0.00891653
-0.00406455
9.45591E-4
0.00554592
0.00942104
0.0121958
0.013729
0.014196
0.0138776
0.0135149
0.0138198
0.0150242
0.0172758
0.0205577
0.0243641
0.0279575
0.0306848
0.0322444
0.0327063
0.0319912
0.0297033
0.0258908
0.0209979
0.0156302
0.0105867
0.00636371
0.00317021
8.86318E-4
-7.23851E-4
-0.00186712
-0.00268354
-0.00323586
-0.0036252
-0.00387164
-0.00427021
-0.00498344
-0.00563174
-0.00568003
-0.00484961
-0.00312542
-5.57451E-4
0.00248862
0.00549152
0.00814539
0.0103185
0.0117822
0.0124742
0.0124022
0.011364
0.0095843
0.00798056
0.00726595
0.00742239
0.00825146
0.00938562
0.0105854
0.0118651
0.0131868
0.0145596
0.0157708
0.0165525
0.0169312
0.0169411
0.0163678
0.014876
0.0124114
0.00922336
0.00544361
9.74149E-4
-0.00430412
-0.0101167
-0.0157159
-0.0202265
-0.0229362
-0.0237963
-0.0229779
-0.0203819
-0.016495
-0.0121298
-0.00778725
-0.00375511
-2.62384E-4
0.00248998
0.00450839
0.00602275
0.00734478
0.00860777
0.00993024
0.0114199
0.012825
0.0136869
0.0137744
0.0129848
0.0113192
0.008991
0.00620337
0.0032381
5.20279E-4
-0.00139628
-0.00205732
-0.00151778
-1.5876E-4
0.00147664
0.00282766
0.00357176
0.00358343
0.00270228
9.42132E-4
-0.00111891
-0.00289441
-0.00419611
-0.00498027
-0.00511568
-0.00443449
-0.00300341
-0.00121724
2.63641E-4
8.84143E-4
8.15197E-4
2.78055E-4
-0.00121864
-0.00402693
-0.00781323
-0.0118151
-0.015715
-0.019834
-0.0240666
-0.0278696
-0.0309789
-0.0333407
-0.0344488
-0.033625
-0.0312051
-0.028026
-0.0241754
-0.0192918
-0.0134144
-0.0069422
2.92714E-6
0.00703562
0.0127401
0.0159357
0.0168684
0.0164898
0.0153506
0.0133893
0.010771
0.00826122
0.00638829
0.0050914
0.00410107
0.00330958
0.00273572
0.00219409
0.00128692
-3.19284E-4
-0.00253297
-0.00507179
-0.00759181
-0.00957087
-0.0106174
-0.0105974
-0.00953174
-0.00755963
-0.00499191
-0.00213025
7.39234E-4
0.00353071
0.0064398
0.00950299
0.0127413
0.0161563
0.0195924
0.0228341
0.0257523
0.0284099
0.0304378
0.0310812
0.0302482
0.0285186
0.0264342
0.0242034
0.021749
0.0190572
0.0163658
0.0140041
0.0121964
0.0110357
0.0104075
0.0100831
0.00979836
0.00922062
0.00832006
0.00725927
0.00617811
0.00509599
0.00374768
0.0020084
7.23524E-5
-0.00171335
-0.00316273
-0.00442724
-0.00558717
-0.0064842
-0.00707346
-0.00779103
-0.00903926
-0.0107522
-0.0124662
-0.0134211
-0.0130317
-0.0111051
-0.00801095
-0.00423451
-4.37876E-5
0.00419868
0.00805373
0.0111364
0.0132736
0.0142538
0.0136724
0.0112302
0.00696479
0.00164482
-0.00320748
-0.00690667
-0.00985352
-0.0121335
-0.0133697
-0.0131273
-0.0115374
-0.00906599
-0.00612761
-0.00339215
-0.00165269
-0.00138688
-0.00243062
-0.00421725
-0.00619127
-0.00801553
-0.00949839
-0.0104592
-0.0109511
-0.0110419
-0.0106539
-0.00977792
-0.00831153
-0.00626681
-0.00392428
-0.00164402
3.26472E-4
0.00174351
0.00245193
0.00252501
0.00214776
0.00155208
7.87821E-4
1.06795E-4
-1.99846E-4
-4.87986E-5
7.79633E-4
0.00243341
0.0047889
0.00737512
0.00953686
0.0107526
0.0106013
0.00864821
0.00488032
7.31257E-5
-0.0050481
-0.0100545
-0.0142803
-0.0172798
-0.0190254
-0.0196873
-0.0194013
-0.0183568
-0.0172072
-0.0167116
-0.0171007
-0.0182808
-0.0201127
-0.0221589
-0.0239985
-0.0253742
-0.0259932
-0.0259037
-0.0256436
-0.0254294
-0.0249058
-0.0237414
-0.0217654
-0.0189252
-0.0152902
-0.0109801
-0.00634634
-0.00194903
0.00185235
0.00492169
0.00726987
0.00888566
0.00987974
0.0107042
0.0117947
0.0134165
0.0156838
0.0186622
0.0223843
0.026638
0.0307813
0.0341594
0.036505
0.0377797
0.0381283
0.0374581
0.0352869
0.0314089
0.0263652
0.0209746
0.0155028
0.0102185
0.00599206
0.00327298
0.00191064
0.00166598
0.00214817
0.00295228
0.00367316
0.00395315
0.00356851
0.00255926
9.82477E-4
-0.00134762
-0.0042639
-0.00710488
-0.00928854
-0.0104454
-0.0102471
-0.00875009
-0.00630247
-0.00322706
1.84118E-4
0.00380037
0.00745856
0.0106918
0.0129254
0.0138052
0.013218
0.0111839
0.00772639
0.003032
-0.00238755
-0.00766837
-0.0118971
-0.0147112
-0.0161803
-0.0165004
-0.0160126
-0.0150924
-0.0141817
-0.0137798
-0.0142045
-0.0154048
-0.0167925
-0.0174093
-0.0164837
-0.0137467
-0.00959518
-0.00476416
-9.72476E-6
0.00380772
0.00616773
0.00674511
0.00519373
0.00130938
-0.00491655
-0.0127015
-0.0206215
-0.0275623
-0.0330704
-0.0368847
-0.0384266
-0.0371696
-0.0330528
-0.026598
-0.0188342
-0.0107627
-0.0033898
0.00229061
0.00599207
0.00804073
0.00871918
0.00829504
0.007257
0.00620193
0.00578234
0.00641558
0.00814292
0.0108356
0.0141712
0.0176939
0.0209388
0.0235169
0.0251663
0.0258358
0.0256206
0.0244933
0.0223768
0.0192304
0.0152906
0.0113363
0.00778503
0.004607
0.00205887
4.08452E-4
-2.93068E-4
-2.4564E-4
4.35216E-4
0.00173378
0.00357123
0.00578417
0.00766482
0.00850403
0.008366
0.00755383
0.0060191
0.00347604
6.33025E-5
-0.00339181
-0.00586882
-0.00686564
-0.00682323
-0.00638544
-0.00578812
-0.00505779
-0.0041517
-0.00303776
-0.00194331
-0.00126939
-0.00132057
-0.00224266
-0.00410727
-0.00681958
-0.00992719
-0.0130443
-0.0159736
-0.0185283
-0.0204623
-0.021505
-0.0216757
-0.021084
-0.0197041
-0.0175176
-0.0147839
-0.0119642
-0.0091687
-0.00639236
-0.00405518
-0.00249613
-0.00159422
-0.00128714
-0.00172827
-0.0029917
-0.00469915
-0.00612187
-0.00675601
-0.00648826
-0.00524526
-0.00298056
3.78147E-6
0.00323915
0.00643178
0.00951442
0.0123013
0.0144392
0.0156764
0.0159882
0.0156505
0.0150193
0.0143288
0.013736
0.0132033
0.0125948
0.0118549
0.0109649
0.00979507
0.00815019
0.00611015
0.00386494
0.00158671
-5.95492E-4
-0.00262666
-0.00461657
-0.00679603
-0.00912554
-0.0113683
-0.0131562
-0.0141491
-0.0144805
-0.0143975
-0.0139102
-0.0130469
-0.0121337
-0.0116286
-0.0117771
-0.0127588
-0.0146336
-0.0169805
-0.019012
-0.0203376
-0.0210098
-0.0210969
-0.0204512
-0.0186987
-0.0159069
-0.0127149
-0.00949473
-0.0063315
-0.00360045
-0.0015573
1.82251E-5
0.00145196
0.00271383
0.00366187
0.00433454
0.00461174
0.00439298
0.00376404
0.002875
0.00212523
0.00191982
0.00223889
0.00284591
0.00356864
0.00448266
0.00590179
0.00785518
0.00995376
0.0118567
0.0135573
0.0151162
0.0162901
0.0167161
0.0164414
0.0158741
0.0151554
0.014239
0.0131919
0.0120426
0.0109293
0.0099514
0.00882957
0.00729699
0.00530856
0.00282765
-1.07079E-4
-0.00330613
-0.00650362
-0.00925724
-0.011004
-0.0112357
-0.009872
-0.00763673
-0.00524169
-0.00289321
-6.70358E-4
0.00146855
0.00337814
0.00489059
0.00608037
0.00689271
0.00723749
0.00689021
0.00568271
0.00384361
0.00160369
-9.59443E-4
-0.00359148
-0.00581543
-0.00731854
-0.0079334
-0.00761422
-0.00664
-0.00533218
-0.00388373
-0.00263003
-0.00190037
-0.00169886
-0.00199591
-0.00293132
-0.00423688
-0.00556575
-0.00716543
-0.0089497
-0.0101718
-0.0105203
-0.0103251
-0.00985402
-0.00917592
-0.00827897
-0.00715714
-0.00583561
-0.00433794
-0.00305186
-0.00241164
-0.00255537
-0.00344407
-0.00460179
-0.00559569
-0.00636361
-0.00701703
-0.00764585
-0.00805868
-0.00794504
-0.00715712
-0.00570262
-0.00377374
-0.00147796
0.00111916
0.00362415
0.00593062
0.00804128
0.00979586
0.0112189
0.0122726
0.0130106
0.0136671
0.0143935
0.0152186
0.0160303
0.0169929
0.0183092
0.0195367
0.0203599
0.0210317
0.0216682
0.0221851
0.0226362
0.0230772
0.0235844
0.0243206
0.0254175
0.0269103
0.0286116
0.0303256
0.0317879
0.0326376
0.0327741
0.0323025
0.0313172
0.0300116
0.0285121
0.0267373
0.0249636
0.0234505
0.0221451
0.0210174
0.0198879
0.0186875
0.0172824
0.0153161
0.0126845
0.00936835
0.00529594
8.11939E-4
-0.00336874
-0.00690566
-0.0098751
-0.0122986
-0.0142977
-0.0159136
-0.0168233
-0.0169457
-0.016504
-0.0158054
-0.0150311
-0.0140915
-0.0127855
-0.0111296
-0.00949782
-0.00804954
-0.00662662
-0.00524882
-0.00418797
-0.00350845
-0.00320956
-0.00335752
-0.0037626
-0.00415294
-0.00428029
-0.00401773
-0.00346429
-0.00261018
-0.00127529
5.55531E-4
0.00277741
0.00536671
0.00807079
0.0106288
0.0129322
0.0146818
0.0155934
0.0155056
0.0144934
0.0127199
0.0101373
0.00683349
0.00340653
6.734E-4
-9.96114E-4
-0.001987
-0.00272935
-0.00323673
-0.00344231
-0.00350346
-0.00382382
-0.00456913
-0.00572065
-0.00711761
-0.00851111
-0.00987208
-0.0111178
-0.0121087
-0.012805
-0.0131344
-0.0128798
-0.0119759
-0.0105799
-0.00876144
-0.00657895
-0.0040056
-0.00110789
0.00162531
0.00376727
0.00538709
0.00666262
0.0075334
0.00784688
0.00742267
0.00618597
0.00434969
0.00215077
-2.46222E-4
-0.00264962
-0.00492004
-0.00669248
-0.0077285
-0.00829656
-0.00845732
-0.00821803
-0.00781957
-0.00746626
-0.00734919
-0.00748588
-0.00772869
-0.00803605
-0.00838647
-0.00870014
-0.00889606
-0.00899322
-0.00923822
-0.00967533
-0.0101193
-0.0105134
-0.0107938
-0.0107637
-0.0103078
-0.00939569
-0.00792299
-0.00588994
-0.00343635
-6.5357E-4
0.00224559
0.00481952
0.00675497
0.00796969
0.00861274
0.00892702
0.0089688
0.0086623
0.00794384
0.00701522
0.00609302
0.00506904
0.00388091
0.00274023
0.00179782
9.74512E-4
3.70683E-4
1.74525E-4
4.2753E-4
0.00118881
0.00237498
0.0038174
0.00541513
0.00697606
0.00829759
0.00935239
0.0101313
0.0106534
0.0109821
0.0109345
0.0103465
0.00909561
0.00705217
0.004248
7.61272E-4
-0.00307045
-0.00662896
-0.00962209
-0.0121535
-0.0143847
-0.0163068
-0.0177335
-0.0187655
-0.0194913
-0.0198743
-0.020057
-0.0201703
-0.0200505
-0.019451
-0.0183947
-0.0168973
-0.0150254
-0.012965
-0.010815
-0.00862887
-0.00650259
-0.00459664
-0.00304531
-0.00195949
-0.00123677
-8.01845E-4
-8.22524E-4
-0.00110048
-0.00126147
-9.91869E-4
-1.44505E-4
0.00106028
0.00251776
0.00416598
0.00578639
0.00719057
0.0083211
0.00928782
0.0100764
0.0106371
0.0109474
0.0108785
0.0104484
0.00975972
0.00870952
0.0070566
0.00491089
0.00261247
4.52174E-4
-0.00120623
-0.00228485
-0.0030368
-0.00366353
-0.00427802
-0.00484101
-0.00522167
-0.00550049
-0.00571097
-0.00572001
-0.00550515
-0.00505337
-0.00444151
-0.00394045
-0.0036717
-0.00356975
-0.00360837
-0.00362717
-0.00341314
-0.00296709
-0.00259503
-0.00260331
-0.00283067
-0.00305656
-0.00332776
-0.00374515
-0.00416617
-0.00431237
-0.00425195
-0.0041425
-0.00397892
-0.00385046
-0.00397864
-0.00458434
-0.00580266
-0.00748053
-0.00936466
-0.0113131
-0.0132139
-0.0150352
-0.0166614
-0.0180032
-0.0188679
-0.0189287
-0.018154
-0.0166902
-0.0146612
-0.012191
-0.0094738
-0.00666199
-0.00371637
-5.43084E-4
0.00278935
0.00592997
0.00845763
0.0103729
0.0117853
0.0126609
0.0132572
0.0138166
0.0144536
0.0151765
0.0157894
0.0161371
0.0160406
0.015114
0.0130404
0.0102519
0.00723199
0.00388071
2.17557E-4
-0.00357626
-0.00713501
-0.00959468
-0.0102223
-0.00910312
-0.00684504
-0.00419546
-0.00143334
0.00176624
0.00537331
0.00888612
0.0118013
0.0139764
0.015674
0.0170087
0.0179249
0.0184051
0.0185216
0.0183711
0.0180222
0.0174718
0.0165132
0.0150925
0.0134086
0.0116501
0.00990794
0.00818746
0.00645402
0.00473142
0.0030931
0.00158404
1.47047E-4
-0.00143122
-0.00314131
-0.00492649
-0.00682271
-0.00855591
-0.00995104
-0.0110754
-0.0119316
-0.0123688
-0.0121796
-0.0115688
-0.010802
-0.00995221
-0.00911966
-0.00837973
-0.00782944
-0.0074878
-0.00746696
-0.00768194
-0.00791559
-0.00804395
-0.00785278
-0.00739785
-0.00680411
-0.006133
-0.00547831
-0.0048502
-0.00425522
-0.00354424
-0.00256671
-0.00131253
3.02331E-4
0.00222449
0.00413627
0.00579495
0.00714665
0.00821284
0.00903662
0.00959953
0.00995765
0.0102368
0.0104862
0.0105973
0.0104446
0.00998383
0.00894321
0.00717857
0.00495023
0.00261988
4.32008E-4
-0.00159522
-0.00346993
-0.0051661
-0.0063952
-0.00677347
-0.00634617
-0.00535984
-0.00394277
-0.00223436
-5.06613E-4
0.00102367
0.00239305
0.00373897
0.00492107
0.00573305
0.00625845
0.00666036
0.00708011
0.00770101
0.00865258
0.00987167
0.0110931
0.0120699
0.0127
0.0129921
0.0130595
0.0129011
0.0123255
0.011408
0.0104045
0.0093387
0.00800915
0.00623545
0.00422771
0.00240424
9.46654E-4
-3.18558E-4
-0.00153994
-0.00245432
-0.00274278
-0.00235679
-0.00134197
3.21256E-4
0.00239991
0.00449681
0.00648779
0.00809159
0.00894329
0.00901839
0.0084023
0.00714856
0.00530413
0.00314284
0.00112872
-5.53309E-4
-0.00205261
-0.00338093
-0.00431899
-0.00470897
-0.00448752
-0.00368556
-0.00238314
-8.08393E-4
5.8654E-4
0.0015317
0.00210229
0.00233949
0.00202394
0.00104696
-3.47037E-4
-0.00174762
-0.00281263
-0.00341756
-0.00359581
-0.00330117
-0.00236055
-7.33005E-4
0.00138583
0.00363433
0.00581418
0.00785705
0.0095526
0.0107624
0.0115447
0.0119418
0.0118653
0.0113259
0.0105009
0.00956819
0.00870528
0.00788664
0.00690825
0.00580222
0.00471654
0.00366433
0.00256329
0.00140415
4.41134E-4
-9.52819E-7
2.9439E-5
1.22024E-4
2.80167E-5
-1.28519E-4
-2.63296E-4
-4.92821E-4
-8.51641E-4
-0.0012995
-0.00194216
-0.00302686
-0.00457089
-0.00616537
-0.00730006
-0.00782582
-0.00820677
-0.00873779
-0.00929416
-0.00982352
-0.0102365
-0.0104468
-0.0103574
-0.0101062
-0.00987609
-0.00931363
-0.00810516
-0.00632982
-0.00421657
-0.0021018
-1.07154E-4
0.00173214
0.003285
0.00459699
0.00571318
0.00659559
0.00728733
0.00789102
0.00845041
0.00886612
0.00905671
0.00909813
0.00901657
0.00866775
0.00801388
0.00716206
0.00634752
0.00571072
0.00507093
0.00427392
0.00325018
0.00211609
9.57118E-4
-2.95127E-4
-0.00148263
-0.00261564
-0.0037805
-0.00496651
-0.00616908
-0.00731179
-0.0084573
-0.00960165
-0.0106596
-0.0115107
-0.0120704
-0.0123592
-0.0124621
-0.012573
-0.0127306
-0.0129029
-0.0130994
-0.0133904
-0.0139007
-0.0145317
-0.0150608
-0.0152852
-0.0151631
-0.0148575
-0.0143815
-0.0136741
-0.0126737
-0.0115404
-0.0104916
-0.00942669
-0.00839283
-0.0074319
-0.00651675
-0.00573898
-0.00493951
-0.00401656
-0.0032633
-0.00291246
-0.00278452
-0.00253599
-0.00218152
-0.00189671
-0.00170915
-0.00171845
-0.00205538
-0.00268665
-0.0035725
-0.00462919
-0.00561034
-0.00617987
-0.00616828
-0.00579457
-0.00556553
-0.00586492
-0.00657032
-0.00729486
-0.00784186
-0.00834516
-0.0088746
-0.00942895
-0.00993152
-0.0100829
-0.00977198
-0.00900992
-0.00777326
-0.00619007
-0.004651
-0.00358322
-0.00301296
-0.00270939
-0.00258939
-0.00257503
-0.00261743
-0.002805
-0.00304874
-0.00325434
-0.00346122
-0.00364387
-0.00360194
-0.00326553
-0.00281284
-0.00235691
-0.00196526
-0.00164117
-0.00126142
-7.61918E-4
-2.82256E-4
1.74381E-4
5.95308E-4
9.22964E-4
0.00126882
0.00153291
0.00163441
0.00172093
0.00180514
0.001744
0.00149925
0.00108327
6.66935E-4
3.52807E-4
-1.71144E-4
-0.00114137
-0.00227376
-0.00324916
-0.00426148
-0.00529189
-0.00604791
-0.0065185
-0.00673875
-0.00667912
-0.00633406
-0.00579676
-0.00516909
-0.00458675
-0.00416307
-0.00400431
-0.00403508
-0.00406759
-0.00430263
-0.00468864
-0.0049434
-0.00513682
-0.00523076
-0.0050517
-0.00480865
-0.00465396
-0.00445668
-0.00421826
-0.00408507
-0.00415482
-0.00430478
-0.00457111
-0.00490303
-0.00510377
-0.00530119
-0.00545639
-0.00542266
-0.00532394
-0.00523126
-0.00502291
-0.00465392
-0.0042827
-0.00403946
-0.00391007
-0.00393322
-0.00432255
-0.0050347
-0.00554855
-0.00547466
-0.0048303
-0.00383933
-0.00284094
-0.00211718
-0.00180682
-0.00198402
-0.00255435
-0.00304712
-0.0033018
-0.0036647
-0.00404448
-0.00437688
-0.00473799
-0.00504236
-0.00528248
-0.00532421
-0.00510465
-0.00465364
-0.00419966
-0.00383987
-0.00348007
-0.0031846
-0.00282245
-0.00224831
-0.00160781
-9.96352E-4
-3.36343E-4
4.10409E-4
0.00112792
0.00163
0.00208866
0.00252788
0.00270764
0.00269516
0.00266464
0.00262965
0.0025055
0.00229185
0.00198433
0.00163704
0.00128635
9.6401E-4
7.17728E-4
4.2712E-4
8.04228E-5
-2.97922E-4
-6.12755E-4
-6.78378E-4
-6.90141E-4
-7.86652E-4
-7.04762E-4
-2.6603E-4
4.33454E-4
0.00136504
0.00260932
0.00408911
0.00579456
0.00773874
0.00954932
0.0109928
0.0122428
0.0134177
0.0143827
0.0150341
0.0155035
0.0158825
0.0162358
0.0165801
0.0168867
0.0171533
0.0173693
0.0174569
0.0173908
0.0171868
0.0168281
0.0162433
0.0153207
0.0140765
0.0126069
0.0110317
0.0093641
0.00776259
0.00641173
0.00524911
0.00435459
0.00379831
0.00357249
0.00371014
0.00415748
0.00476989
0.00540752
0.00595234
0.00624426
0.00605258
0.00518539
0.00376665
0.00237075
0.0016441
0.0016148
0.00177592
0.00168714
0.00127376
7.54134E-4
3.94354E-4
2.6748E-4
2.02535E-4
-9.91092E-5
-6.88999E-4
-0.00131356
-0.00188917
-0.00248075
-0.00311157
-0.00371393
-0.00418736
-0.00449738
-0.00473429
-0.004966
-0.00510983
-0.00510666
-0.00498338
-0.0047261
-0.00423918
-0.00337543
-0.00213849
-9.71724E-4
-3.35465E-4
-1.73949E-4
5.02242E-6
4.54599E-4
0.00106286
0.00164958
0.00211803
0.0025098
0.00279346
0.00297073
0.00297938
0.00271233
0.00223684
0.00168598
0.00102062
2.64036E-4
-3.84915E-4
-8.564E-4
-0.00131229
-0.00174032
-0.00197218
-0.00226142
-0.0027763
-0.00337504
-0.00399263
-0.00460166
-0.00514689
-0.00564485
-0.00617408
-0.00681448
-0.00756718
-0.00824967
-0.00859317
-0.00842047
-0.00777948
-0.00679956
-0.00548649
-0.00402984
-0.00271643
-0.00144076
-1.85118E-4
7.22101E-4
0.00115076
0.00130684
0.00144535
0.00160664
0.00175096
0.00195606
0.00227986
0.002759
0.00327084
0.00363656
0.00394018
0.00423217
0.00446513
0.0047138
0.00498851
0.00516036
0.00520567
0.00533962
0.00558359
0.00572821
0.00578122
0.00574461
0.00560621
0.00542112
0.00512897
0.004595
0.00390239
0.00325019
0.00252173
0.00161752
6.47373E-4
-1.3136E-4
-4.18534E-4
-3.50968E-4
-4.12663E-4
-9.70459E-4
-0.00195312
-0.00309979
-0.00422267
-0.00527892
-0.00628411
-0.00705442
-0.00759756
-0.00793005
-0.00810789
-0.00832069
-0.00854271
-0.0086222
-0.00849826
-0.00826931
-0.00788165
-0.00727326
-0.0064063
-0.00520907
-0.00370912
-0.00207047
-5.88421E-4
5.45612E-4
0.00136983
0.00199612
0.00258228
0.00324469
0.00390941
0.00440134
0.00471915
0.00487066
0.00470053
0.00429721
0.0037985
0.00318772
0.00239626
0.00141137
2.81406E-4
-9.52683E-4
-0.00219602
-0.00342758
-0.00466714
-0.00591305
-0.00701642
-0.00776004
-0.00820464
-0.00831931
-0.00794003
-0.00726846
-0.00651749
-0.00571169
-0.00508202
-0.00471583
-0.00455825
-0.00473012
-0.00515091
-0.00561218
-0.00595975
-0.00613234
-0.00616795
-0.00609909
-0.00582672
-0.00525611
-0.00465533
-0.00425717
-0.00403337
-0.00379043
-0.0033912
-0.0030006
-0.00267572
-0.00224281
-0.00167658
-0.00102442
-3.09792E-4
4.36815E-4
0.00140363
0.00263685
0.0040017
0.005382
0.00670819
0.0080938
0.00950192
0.0107142
0.0117819
0.0127944
0.013513
0.0137989
0.0138978
0.013887
0.0135812
0.0130554
0.012488
0.012026
0.0116515
0.0111438
0.0105221
0.010136
0.0102824
0.0107483
0.0111527
0.0113413
0.0112028
0.0109069
0.0106071
0.010153
0.0095569
0.00894113
0.00833085
0.00772008
0.00707689
0.00634389
0.00559142
0.00494746
0.00447626
0.00415335
0.00390276
0.00370243
0.00356131
0.00364624
0.00423809
0.0052049
0.00598621
0.00624953
0.00615472
0.00607383
0.00626755
0.00678141
0.00738802
0.00787005
0.00830816
0.00885121
0.00942654
0.0097796
0.00984422
0.0097668
0.00970707
0.00974928
0.00982628
0.00992205
0.0100577
0.0101615
0.0101208
0.00988075
0.00950443
0.00889559
0.00800276
0.00689589
0.00561447
0.0042692
0.00280304
0.00126384
-1.69986E-4
-0.00154555
-0.00277685
-0.0037623
-0.00476421
-0.00593502
-0.0069868
-0.00782103
-0.00862127
-0.00934312
-0.00973658
-0.0088596
-0.00864471
-0.00818536
-0.00763315
-0.00715214
-0.006723
-0.00640977
-0.00612737
-0.00580619
-0.00541108
-0.00488582
-0.00417213
-0.00320487
-0.00220159
-0.00132693
-4.62477E-4
3.94186E-4
0.00117562
0.00189173
0.00260427
0.00316027
0.00338503
0.00336103
0.00322398
0.003163
0.00310432
0.00293795
0.00277754
0.0027515
0.00291357
0.00313347
0.00332857
0.00338436
0.00312496
0.00252052
0.0018501
0.00160029
0.00181437
0.00211991
0.0022736
0.00213889
0.00181809
0.00160161
0.00131433
8.2829E-4
2.7864E-4
-3.95455E-4
-0.00116096
-0.00192187
-0.00253347
-0.00292019
-0.00317349
-0.00345187
-0.00374034
-0.00379966
-0.00369469
-0.00364723
-0.00377288
-0.00398312
-0.00404371
-0.00410681
-0.00453694
-0.00524467
-0.00595618
-0.00651063
-0.00669563
-0.00658164
-0.00633876
-0.00596069
-0.00542821
-0.00467977
-0.00383007
-0.00295288
-0.00197293
-9.86998E-4
6.44092E-5
0.00121618
0.00223507
0.00303701
0.00360181
0.0039536
0.00418569
0.00427332
0.00426878
0.00416457
0.00389313
0.00364409
0.00340088
0.00300721
0.00267251
0.00247183
0.00227522
0.00212547
0.0019451
0.00163886
0.00135481
0.00113624
8.05742E-4
2.59217E-4
-3.72697E-4
-9.95732E-4
-0.00169336
-0.00253918
-0.00352326
-0.00455705
-0.005544
-0.00646476
-0.00735392
-0.00818524
-0.00898803
-0.0097811
-0.0104273
-0.0108352
-0.0110654
-0.0111689
-0.0111933
-0.0112013
-0.0110412
-0.0105104
-0.00966014
-0.00864232
-0.00756046
-0.00646111
-0.00530211
-0.00417491
-0.00321297
-0.00237406
-0.00158503
-8.49459E-4
-1.56198E-4
4.72446E-4
0.00101135
0.00155688
0.00209059
0.00247456
0.00265553
0.00286335
0.00332936
0.00386234
0.00417223
0.00423707
0.00415489
0.00385742
0.00341408
0.00302181
0.00266272
0.00240576
0.00236605
0.00247973
0.0026962
0.00296949
0.00327395
0.00360759
0.00393605
0.00416035
0.00412674
0.00388241
0.00352032
0.00305586
0.00251729
0.00199933
0.00156777
0.00110923
5.72267E-4
1.76268E-6
-5.2124E-4
-8.92853E-4
-0.00116084
-0.00144668
-0.00173189
-0.00197038
-0.00218029
-0.00236958
-0.00255906
-0.00270625
-0.00279012
-0.00288464
-0.00296315
-0.00297218
-0.00290428
-0.00277916
-0.0025879
-0.00227143
-0.00185156
-0.00136716
-8.40756E-4
-3.59167E-4
-1.68752E-5
2.04641E-4
3.79628E-4
5.24705E-4
5.69732E-4
4.64527E-4
3.34721E-4
2.68079E-4
1.77165E-4
-1.25136E-6
-2.18009E-4
-3.62859E-4
-4.28874E-4
-4.94504E-4
-5.84926E-4
-6.62535E-4
-7.1896E-4
-7.66132E-4
-7.20207E-4
-5.06734E-4
-1.71885E-4
1.36138E-4
2.85085E-4
3.04689E-4
2.83843E-4
2.39575E-4
1.91383E-4
1.37475E-4
3.76033E-5
-1.12991E-4
-2.98642E-4
-5.12212E-4
-7.68511E-4
-0.00106339
-0.00137418
-0.00171494
-0.00206708
-0.0023359
-0.00248937
-0.00261524
-0.0027258
-0.00275771
-0.00273263
-0.00268724
-0.00261896
-0.00251124
-0.00234772
-0.00212544
-0.00190856
-0.00176147
-0.00165919
-0.00156664
-0.00145879
-0.00132033
-0.00112829
-8.66799E-4
-5.74873E-4
-2.94459E-4
-4.61249E-5
1.63096E-4
3.47743E-4
5.3575E-4
6.94815E-4
7.74238E-4
8.1201E-4
8.39914E-4
8.49185E-4
8.05447E-4
7.10596E-4
6.1671E-4
5.29942E-4
4.31492E-4
2.8733E-4
9.62314E-5
-7.70611E-5
-1.82441E-4
-2.356E-4
-2.73908E-4
-3.18711E-4
-3.86086E-4
-4.65985E-4
-5.30557E-4
-5.84957E-4
-6.48868E-4
-7.05577E-4
-7.42035E-4
-7.76949E-4
-8.0425E-4
-8.07217E-4
-8.00891E-4
-7.93712E-4
-7.79176E-4
-7.66484E-4
-7.52945E-4
-7.27766E-4
-7.00849E-4
-6.78988E-4
-6.58913E-4
