2.15
-0.26
-2.52
-4.13
-4.46
-3.63
-2.21
-0.82
0.24
1.04
1.72
2.15
1.9
0.96
0.04
0.05
1.0
1.98
2.23
1.93
1.56
1.01
-0.27
-2.09
-3.33
-3.05
-1.52
0.2
1.31
1.7
1.58
1.16
0.66
0.27
0.13
0.32
0.81
1.18
0.56
-1.56
-4.49
-6.57
-6.52
-4.53
-1.87
0.14
0.94
0.69
-0.08999999
-0.8499999
-1.36
-1.8
-2.45
-3.16
-3.3
-2.36
-0.67
0.77
1.1
0.33
-0.76
-1.36
-1.36
-1.17
-1.24
-1.66
-2.23
-2.74
-2.95
-2.66
-1.88
-0.9099999
-0.17
0.21
0.4
0.67
1.0
1.12
0.74
-0.2
-1.41
-2.21
-2.05
-1.1
-0.36
-0.79
-2.22
-3.44
-3.42
-2.42
-1.54
-1.35
-1.37
-1.14
-1.03
-1.71
-2.93
-3.64
-3.39
-2.78
-2.35
-1.64
-0.03
1.9
2.67
1.79
0.46
-0.03
0.08999999
-0.33
-1.49
-2.3
-1.92
-0.96
-0.62
-1.04
-1.18
-0.25
1.25
2.25
2.49
2.71
3.5
4.23
3.74
1.74
-0.64
-2.03
-2.23
-2.36
-3.33
-4.69
-5.11
-3.86
-1.5
0.79
2.26
2.8
2.59
1.96
1.44
1.4
1.66
1.57
0.68
-0.87
-2.61
-4.15
-5.02
-4.69
-3.01
-0.61
1.5
2.65
2.77
1.98
0.42
-1.47
-2.94
-3.34
-2.54
-0.8599999
1.03
2.14
1.7
0.04
-1.2
-0.39
2.27
4.97
6.1
5.62
4.45
3.01
1.14
-0.94
-2.35
-2.62
-2.32
-2.27
-2.43
-1.99
-0.46
1.77
3.91
5.43
6.15
6.05
5.31
4.05
1.97
-1.24
-4.95
-7.45
-7.54
-5.91
-4.36
-3.63
-2.76
-0.76
1.84
3.72
4.35
4.27
3.92
3.12
1.66
-0.18
-2.05
-3.93
-5.69
-6.74
-6.48
-5.1
-3.36
-1.63
0.38
2.73
4.58
4.87
3.57
1.79
0.55
-0.25
-1.32
-2.73
-3.66
-3.37
-2.04
-0.49
0.62
1.03
0.71
-0.08
-0.7
-0.53
0.34
1.16
1.34
1.02
0.75
0.79
1.17
1.83
2.59
2.92
2.46
1.73
1.79
2.86
3.6
2.25
-1.31
-5.26
-7.66
-8.469999
-9.299999
-11.1
-12.64
-11.69
-7.53
-2.01
2.16
3.73
3.59
3.36
3.86
4.76
5.27
4.99
4.15
3.38
3.15
3.37
3.45
2.92
1.82
0.64
-0.19
-0.58
-0.9
-1.8
-3.68
-6.15
-7.91
-7.63
-5.06
-1.35
1.8
3.33
3.5
3.43
3.95
4.77
4.92
4.08
3.23
3.55
4.92
5.82
4.99
2.73
0.52
-0.48
-0.29
0.12
-0.18
-1.36
-2.64
-3.1
-2.59
-1.9
-1.56
-1.16
0.02
1.81
3.25
3.74
3.58
3.26
2.99
2.95
3.32
3.7
3.18
1.7
0.77
1.87
4.27
5.52
4.28
1.84
0.22
-0.27
-0.75
-1.6
-1.82
-0.65
0.96
1.44
0.61
-0.28
-0.32
-0.28
-1.49
-3.99
-6.37
-7.51
-7.98
-9.17
-11.22
-12.3
-10.28
-5.11
0.9
5.04
6.49
6.52
6.51
6.34
4.97
2.48
0.75
1.74
5.26
9.019999
10.69
9.559999
6.29
1.93
-2.15
-4.24
-3.4
-0.73
1.14
0.18
-3.54
-8.58
-13.35
-16.3
-15.92
-11.67
-5.15
0.71
4.0
5.02
5.14
5.19
5.27
5.43
5.62
5.21
3.25
-0.4
-4.68
-8.3
-10.63
-11.61
-11.28
-9.92
-8.19
-6.69
-5.31
-3.66
-1.88
-0.79
-0.87
-1.79
-2.96
-4.1
-4.89
-4.4
-1.82
2.38
6.47
9.21
11.17
13.81
17.41
20.31
20.37
17.01
11.64
6.25
1.89
-1.52
-4.2
-5.67
-5.23
-2.92
0.02
2.16
3.05
3.26
3.57
4.16
4.77
4.95
4.19
2.3
0.01
-1.17
-0.49
0.65
-0.11
-3.38
-7.15
-9.149999
-9.41
-9.63
-10.45
-10.63
-9.439999
-8.31
-9.099999
-11.17
-11.51
-8.03
-1.94
3.24
4.66
2.04
-2.58
-6.33
-7.4
-6.25
-4.86
-4.37
-3.72
-1.37
2.21
4.78
5.16
4.7
5.27
6.78
7.81
7.88
7.91
8.32
8.28
7.21
6.03
6.05
7.22
8.32
8.599999
8.1
6.57
2.99
-3.1
-10.36
-16.16
-18.41
-16.62
-11.8
-5.88
-1.17
0.17
-2.82
-9.07
-15.54
-18.7
-16.61
-10.11
-1.91
5.63
11.79
16.86
20.63
21.72
18.63
11.46
2.35
-5.82
-11.41
-14.79
-16.88
-17.29
-14.32
-7.09
2.76
11.84
17.36
18.74
17.31
14.99
12.95
10.84
7.37
2.07
-3.3
-5.81
-4.06
0.43
4.76
7.07
7.39
6.5
4.93
2.77
-0.06
-3.73
-8.14
-12.43
-15.04
-14.38
-9.75
-1.69
8.04
17.02
23.35
26.62
27.6
26.59
22.51
13.87
0.67
-14.73
-28.31
-35.74
-34.22
-24.37
-11.04
-0.77
3.23
3.85
6.96
15.17
25.0
30.44
28.66
21.58
12.71
3.75
-5.32
-14.03
-20.47
-22.51
-19.53
-13.02
-6.02
-1.5
-0.53
-1.28
-0.35
4.38
11.96
19.01
21.82
18.15
8.27
-5.02
-17.43
-25.52
-28.21
-26.29
-20.94
-13.56
-6.46
-2.09
-0.55
1.21
6.55
15.39
24.12
29.22
30.17
28.49
25.11
19.86
13.24
7.66
5.97
8.92
13.97
16.42
12.15
0.39
-15.04
-27.54
-32.0
-28.0
-19.13
-9.149999
0.43
9.34
16.72
21.62
24.78
28.22
32.15
33.62
29.5
20.36
10.02
1.11
-7.37
-17.14
-26.64
-31.8
-30.6
-25.33
-19.62
-14.75
-9.849999
-4.9
-1.39
-0.08
0.08999999
0.05
-1.26
-5.29
-10.94
-14.7
-14.18
-10.63
-7.3
-6.02
-5.94
-5.13
-2.64
1.19
5.93
11.64
18.32
24.81
28.78
28.01
21.85
11.48
-0.71
-11.86
-19.08
-20.39
-15.89
-7.95
0.24
6.3
9.219999
8.979999
6.31
2.66
-0.35
-1.94
-2.64
-3.86
-6.99
-12.26
-18.16
-21.98
-21.6
-16.87
-9.34
-1.17
5.21
7.31
4.23
-1.42
-4.68
-2.73
2.31
5.85
5.62
3.18
1.22
0.9799999
2.36
5.16
9.059999
13.06
15.61
15.33
11.46
4.25
-4.74
-13.31
-19.97
-24.13
-25.02
-21.79
-15.54
-10.0
-8.679999
-11.5
-15.34
-17.58
-17.77
-16.28
-13.36
-9.939999
-7.84
-8.06
-9.74
-11.38
-12.3
-12.28
-10.74
-7.27
-2.4
2.5
5.88
6.67
5.7
6.77
13.77
24.86
31.63
27.18
14.76
5.35
6.03
13.21
18.08
16.08
9.299999
1.88
-3.53
-5.67
-4.09
0.32
5.44
9.179999
9.649999
4.73
-6.69
-22.09
-35.57
-41.93
-40.43
-34.11
-26.42
-19.03
-12.02
-5.01
1.83
7.4
10.33
10.24
8.11
5.07
1.57
-1.57
-2.26
1.23
7.58
12.72
13.39
9.929999
5.39
2.48
1.9
2.68
2.96
0.76
-4.62
-11.45
-16.59
-18.39
-18.37
-19.41
-22.18
-24.07
-21.59
-13.9
-3.76
4.16
6.14
1.54
-6.47
-12.5
-12.56
-6.9
0.8
7.38
12.5
17.02
20.28
20.5
17.56
13.85
11.79
11.77
13.04
15.53
19.51
24.0
26.71
25.73
20.76
13.09
5.42
0.97
1.08
3.24
2.98
-1.49
-7.57
-11.99
-14.61
-17.43
-20.62
-22.01
-20.53
-18.25
-17.91
-19.56
-20.46
-17.8
-10.88
-1.36
7.63
13.06
14.23
13.78
15.68
21.49
28.68
32.71
30.65
23.08
13.2
4.62
-0.59
-2.59
-3.19
-4.06
-5.23
-5.08
-2.01
3.65
9.38
12.33
11.63
9.03
7.31
8.07
10.8
13.89
16.02
16.66
15.35
11.19
3.38
-7.3
-17.65
-23.39
-21.97
-14.64
-5.54
1.5
5.49
7.98
10.59
13.02
13.36
10.23
4.58
-0.48
-2.01
0.16
3.1
3.39
0.29
-3.66
-5.3
-3.7
-0.69
1.02
-0.38
-5.37
-13.18
-21.98
-29.32
-33.15
-32.36
-26.56
-16.09
-2.81
9.45
16.48
16.66
12.12
6.96
3.98
2.97
1.72
-1.52
-6.25
-9.979999
-10.24
-6.66
-0.96
5.02
10.95
17.38
23.99
28.92
30.21
27.52
22.37
16.94
12.78
10.35
9.2
8.37
6.89
4.23
0.73
-2.58
-4.93
-6.66
-8.82
-11.49
-12.75
-10.04
-2.88
6.08
12.64
13.74
8.87
0.08
-8.76
-13.58
-12.52
-7.47
-2.79
-1.83
-4.59
-8.53
-11.09
-11.17
-8.939999
-5.13
-0.96
2.01
2.62
1.18
-0.47
-0.02
3.41
8.1
10.32
6.89
-1.98
-12.18
-18.73
-19.73
-17.68
-16.74
-18.83
-22.51
-25.23
-25.95
-25.01
-22.38
-17.09
-8.969999
-0.14
6.32
9.32
10.86
13.98
19.98
27.65
34.44
37.77
35.81
28.38
17.66
7.64
1.82
0.96
2.79
3.84
1.81
-3.05
-8.21
-10.5
-8.22
-2.05
5.56
11.64
13.51
9.51
0.45
-9.71
-16.04
-16.68
-14.52
-13.98
-15.92
-16.62
-12.11
-3.0
5.23
6.46
-1.52
-15.87
-30.3
-38.12
-35.37
-23.12
-7.37
4.61
9.03
7.68
5.6
6.77
11.78
18.45
23.84
25.66
23.0
16.74
9.179999
2.87
-0.57
-0.6
2.26
6.24
8.469999
6.69
1.41
-4.28
-7.29
-6.94
-4.66
-2.35
-1.48
-3.24
-7.97
-14.34
-19.66
-21.79
-20.33
-16.22
-10.69
-5.23
-1.73
-1.51
-3.92
-6.4
-6.16
-2.16
4.38
10.81
14.76
15.56
14.4
12.96
11.75
9.929999
6.78
2.62
-1.76
-6.09
-10.29
-13.59
-14.72
-13.51
-11.82
-12.15
-15.3
-19.4
-21.39
-19.5
-14.33
-8.08
-2.71
1.02
3.23
4.12
3.76
2.62
1.8
2.46
4.93
8.57
12.32
15.16
16.29
15.41
13.21
10.94
8.99
6.21
1.22
-5.24
-10.15
-10.75
-7.17
-1.95
2.5
5.45
6.87
6.18
2.79
-2.36
-6.75
-8.11
-6.33
-3.39
-1.68
-2.34
-4.92
-8.02
-10.2
-10.53
-8.929999
-6.21
-3.74
-2.78
-3.68
-5.74
-7.65
-8.15
-6.52
-2.84
2.05
6.82
10.36
12.42
13.69
15.14
17.16
19.34
20.96
21.82
22.59
24.25
27.07
30.16
31.95
31.39
28.68
25.1
22.01
19.84
17.56
13.54
7.0
-1.08
-8.59
-13.81
-16.32
-16.67
-15.52
-13.29
-10.34
-7.2
-4.66
-3.4
-3.49
-4.13
-4.04
-2.24
1.42
6.35
11.42
14.89
14.97
11.11
5.0
-0.39
-3.07
-3.54
-3.78
-5.2
-7.73
-10.49
-12.53
-13.09
-11.52
-7.76
-2.65
2.38
6.06
7.6
6.61
3.2
-1.61
-5.98
-8.34
-8.54
-7.78
-7.42
-7.83
-8.51
-9.01
-9.51
-10.25
-10.81
-10.07
-7.11
-2.19
3.17
7.17
8.859999
8.54
7.13
5.26
3.11
1.01
-0.15
0.47
2.78
5.78
8.41
10.18
10.77
9.42
5.35
-1.1
-8.11
-13.7
-17.12
-18.97
-19.96
-20.06
-18.77
-15.91
-11.91
-7.57
-3.8
-1.49
-0.9299999
-1.23
-0.8
1.35
4.61
7.54
9.399999
10.37
10.47
9.0
5.61
1.38
-1.98
-3.78
-4.73
-5.5
-5.84
-5.33
-4.39
-3.77
-3.56
-3.26
-2.86
-2.93
-3.65
-4.33
-4.33
-3.99
-4.43
-6.5
-10.06
-14.15
-17.44
-18.72
-17.4
-13.66
-8.23
-1.93
4.21
9.09
12.03
13.46
14.45
15.36
15.07
11.9
5.48
-2.3
-8.25
-9.78
-6.46
0.0
7.03
12.65
16.16
17.83
18.15
17.34
15.33
12.28
8.7
5.24
2.17
-0.84
-4.15
-7.62
-10.56
-12.12
-11.94
-10.41
-8.57
-7.5
-7.5
-7.84
-7.57
-6.5
-5.21
-3.89
-1.97
1.09
4.71
7.61
9.189999
9.92
10.33
9.96
7.89
3.96
-0.76
-4.65
-6.53
-5.99
-3.41
0.15
3.3
5.22
6.21
7.31
9.09
11.16
12.61
12.83
11.78
9.67
6.77
3.42
0.14
-2.22
-2.7
-0.7
3.22
7.18
9.03
7.82
4.34
0.27
-2.99
-4.59
-4.11
-1.8
1.0
2.47
1.61
-0.88
-3.17
-3.62
-1.64
2.24
6.7
10.19
11.74
11.4
9.969999
8.17
6.19
3.99
1.87
0.35
-0.24
-0.18
-0.16
-0.9099999
-2.68
-5.07
-7.26
-8.679999
-9.42
-9.929999
-10.19
-9.479999
-7.08
-3.22
0.88
4.07
6.14
7.54
8.57
9.019999
8.63
7.52
6.08
4.48
2.61
0.4
-1.98
-4.34
-6.63
-8.87
-10.8
-12.02
-12.41
-12.45
-12.87
-13.87
-14.8
-14.82
-13.68
-11.82
-9.76
-7.69
-5.75
-4.19
-3.13
-2.38
-1.75
-1.58
-2.35
-3.92
-5.37
-5.97
-5.96
-6.33
-7.59
-9.17
-9.889999
-8.979999
-6.71
-4.18
-2.51
-2.08
-2.51
-3.09
-3.34
-3.14
-2.53
-1.67
-0.75
0.11
0.89
1.54
1.91
1.88
1.49
0.75
-0.53
-2.43
-4.54
-6.07
-6.47
-5.8
-4.65
-3.76
-3.61
-4.13
-4.75
-4.85
-4.42
-3.95
-3.85
-4.09
-4.51
-4.98
-5.21
-4.81
-3.96
-3.5
-4.0
-4.77
-4.57
-3.19
-1.83
-1.64
-2.53
-3.61
-4.32
-4.66
-4.66
-4.19
-3.35
-2.43
-1.51
-0.36
1.05
2.33
3.02
3.09
2.86
2.49
1.93
1.21
0.52
0.03
-0.28
-0.32
0.38
2.28
5.34
8.849999
11.94
14.16
15.53
16.32
16.84
17.3
17.6
17.29
15.93
13.53
10.54
7.5
5.02
3.81
4.25
5.66
6.5
5.76
3.93
2.32
1.65
1.52
1.21
0.49
-0.5
-1.6
-2.71
-3.67
-4.33
-4.57
-4.17
-2.97
-1.25
0.29
1.22
1.86
2.7
3.51
3.56
2.57
1.14
-0.01
-0.79
-1.56
-2.48
-3.49
-4.59
-5.88
-7.15
-7.66
-6.67
-4.22
-1.27
0.9799999
2.01
2.23
2.47
3.13
4.01
4.73
5.22
5.61
5.95
6.2
6.29
6.17
5.56
4.26
2.54
1.12
0.36
-0.26
-1.61
-3.78
-5.88
-7.06
-7.4
-7.54
-7.58
-6.86
-4.87
-2.04
0.62
2.52
3.82
4.82
5.44
5.33
4.31
2.6
0.47
-1.95
-4.48
-6.54
-7.42
-6.8
-5.25
-3.93
-3.67
-4.36
-5.16
-5.28
-4.63
-3.68
-2.89
-2.29
-1.59
-0.57
0.89
2.84
5.3
8.1
10.82
12.97
14.24
14.56
14.02
12.92
11.75
11.08
11.15
11.61
11.77
11.16
9.939999
8.58
7.35
6.15
4.98
4.29
4.54
5.55
6.56
7.05
7.38
8.15
9.33
10.26
10.52
10.41
10.47
10.73
10.7
9.899999
8.19
5.71
2.8
-0.05
-2.47
-4.51
-6.42
-8.05
-8.769999
-8.33
-7.24
-6.32
-5.72
-4.9
-3.46
-1.6
0.25
1.89
3.17
3.8
3.69
3.3
3.27
3.63
3.79
3.37
2.74
2.55
2.8
2.82
2.09
0.78
-0.58
-1.68
-2.45
-2.84
-2.83
-2.73
-3.1
-4.13
-5.38
-6.04
-5.7
-4.49
-2.74
-0.63
1.7
3.85
5.37
6.02
5.99
5.61
5.09
4.54
4.08
3.73
3.31
2.51
1.18
-0.63
-2.81
-5.27
-7.76
-9.92
-11.53
-12.6
-13.11
-12.71
-11.12
-8.59
-5.84
-3.42
-1.39
0.38
1.9
3.13
4.24
5.39
6.28
6.33
5.47
4.46
4.24
5.11
6.49
7.52
7.72
7.01
5.64
3.99
2.4
1.03
-0.14
-1.14
-1.94
-2.57
-3.13
-3.58
-3.59
-2.86
-1.4
0.37
1.91
2.82
2.97
2.59
2.05
1.57
1.09
0.59
0.41
0.95
2.09
3.13
3.51
3.3
2.84
2.08
0.69
-1.31
-3.38
-5.0
-6.06
-6.6
-6.57
-6.01
-5.29
-4.76
-4.27
-3.19
-1.24
1.15
3.28
4.8
5.8
6.38
6.32
5.49
4.12
2.74
1.74
1.01
0.16
-1.0
-2.31
-3.43
-4.24
-4.82
-5.34
-5.84
-6.3
-6.81
-7.58
-8.83
-10.62
-12.62
-14.21
-14.86
-14.52
-13.67
-12.88
-12.38
-12.12
-11.98
-11.9
-11.83
-11.62
-11.3
-11.02
-10.95
-11.06
-11.18
-11.34
-11.7
-12.16
-12.16
-11.17
-9.429999
-7.96
-7.69
-8.54
-9.519999
-9.79
-9.349999
-8.74
-8.18
-7.46
-6.4
-5.34
-4.75
-4.71
-4.86
-4.83
-4.5
-3.89
-2.84
-1.21
0.9099999
3.23
5.52
7.61
9.269999
10.1
9.95
9.2
8.58
8.399999
0.0
0.0
0.0
0.0
0.0
0.0
0.0
0.0
0.0
0.0
0.0
0.0
0.0
0.0
0.0
