2.28135E-4
2.82372E-4
2.59655E-4
1.68612E-4
8.34157E-5
5.28831E-5
4.66924E-5
1.35699E-5
-5.17594E-5
-1.09245E-4
-1.39753E-4
-1.64627E-4
-1.5655E-4
-6.4052E-5
5.87601E-5
1.53116E-4
2.69262E-4
3.79586E-4
3.55782E-4
2.22128E-4
1.31522E-4
1.47548E-4
2.26405E-4
3.29538E-4
4.67763E-4
6.2259E-4
7.02871E-4
6.44489E-4
4.8142E-4
2.90772E-4
9.87838E-5
-1.22808E-4
-3.51349E-4
-5.24942E-4
-6.6775E-4
-8.28106E-4
-9.62905E-4
-0.00102728
-0.00104824
-0.00104591
-9.62122E-4
-6.91637E-4
-1.74403E-4
5.40996E-4
0.00130494
0.00184174
0.00188456
0.00164768
0.00165816
0.00195063
0.00212039
0.0019692
0.00157858
0.00105688
4.89121E-4
-6.3669E-5
-5.77867E-4
-9.99117E-4
-0.00123188
-0.00122067
-0.00106308
-9.97724E-4
-0.00112868
-0.00131837
-0.0014146
-0.00135655
-0.00112293
-7.75441E-4
-4.36013E-4
-1.32293E-4
2.03043E-4
6.16297E-4
0.001178
0.00181627
0.00197474
0.00158925
0.00162117
0.00222866
0.00247523
0.00209645
0.00165662
0.00150486
0.00146047
0.0012295
7.66121E-4
2.62975E-4
-9.00551E-5
-3.13289E-4
-5.45882E-4
-8.39205E-4
-0.00114446
-0.00134877
-0.00124496
-7.8599E-4
-2.98163E-4
-1.02704E-4
-1.7308E-4
-2.62715E-4
-2.76601E-4
-4.28992E-4
-8.25387E-4
-0.0012384
-0.00153647
-0.00177885
-0.00187184
-0.00163376
-0.00111839
-6.22146E-4
-3.19987E-4
-5.8538E-5
3.34963E-4
7.80422E-4
0.00108902
0.00118729
0.00116273
0.00118776
0.00137548
0.00163866
0.00178964
0.00174978
0.00157193
0.00135194
0.00117206
0.00109632
0.00116067
0.00128262
0.00129001
0.00117892
0.00111882
0.0011538
0.00108246
6.64835E-4
-5.31197E-5
-8.12291E-4
-0.00155081
-0.00253389
-0.00396172
-0.00547682
-0.00646101
-0.00675005
-0.00668309
-0.00654172
-0.00601181
-0.00459938
-0.00251498
-4.20641E-4
0.00131197
0.00254371
0.00326356
0.00382605
0.00433852
0.00421479
0.00336701
0.00263266
0.00245906
0.00242182
0.00204861
0.0013654
7.56944E-4
6.55362E-4
0.00107635
0.00146664
0.001394
0.00101097
7.13519E-4
5.8961E-4
3.70253E-4
1.2824E-4
4.38531E-4
0.00153415
0.00291117
0.00386449
0.00431068
0.00471147
0.00506619
0.00494024
0.00431454
0.00350508
0.00272011
0.00212336
0.00184182
0.00180426
0.0018191
0.00163285
8.83252E-4
-4.29297E-4
-0.00164638
-0.00222382
-0.0022842
-0.00223766
-0.00233596
-0.00261826
-0.0029734
-0.00321813
-0.00327862
-0.00312435
-0.00257672
-0.00158621
-4.6788E-4
4.45716E-4
0.00100758
0.00114742
0.00111006
0.0013856
0.00188608
0.00200601
0.00158998
0.00108446
9.01494E-4
9.70298E-4
9.57759E-4
7.73155E-4
5.11907E-4
1.75875E-4
-1.15165E-4
-1.59706E-4
-1.28824E-4
-3.36031E-4
-7.30289E-4
-0.00103369
-0.0011783
-0.00141837
-0.00195049
-0.00263514
-0.00315956
-0.0033083
-0.00309179
-0.00260211
-0.00185751
-9.61051E-4
-1.32427E-4
5.54925E-4
0.00112932
0.00152886
0.00169348
0.00164359
0.00145256
0.00119953
9.25988E-4
6.60802E-4
4.37105E-4
2.99173E-4
2.24894E-4
5.79639E-5
-3.87255E-4
-0.00109076
-0.00161795
-0.001524
-9.48472E-4
-3.07202E-4
2.81792E-4
9.47298E-4
0.0016974
0.0022973
0.00278339
0.00364773
0.0046204
0.00459923
0.00353438
0.00236069
0.00132341
1.43743E-4
-0.00105554
-0.00207159
-0.00284852
-0.00305287
-0.00241031
-0.00122571
3.93575E-5
0.00116055
0.00200531
0.00255611
0.00294383
0.00308517
0.00279319
0.00240647
0.00243681
0.00279773
0.00301614
0.00281524
0.002265
0.00163406
0.00117633
8.47046E-4
3.73248E-4
-2.29912E-4
-7.44523E-4
-0.00123459
-0.00178395
-0.00217046
-0.00208958
-0.0015633
-0.00105425
-9.03493E-4
-9.24143E-4
-7.74552E-4
-4.60369E-4
-3.33158E-4
-6.40374E-4
-0.00119561
-0.00158826
-0.00161296
-0.00139452
-0.00115606
-9.55845E-4
-6.67552E-4
-3.13489E-4
-3.55545E-4
-0.00108076
-0.00194173
-0.00236702
-0.00250378
-0.00259855
-0.00252507
-0.00214571
-0.00160343
-0.00113748
-8.26618E-4
-5.89226E-4
-3.77983E-4
-1.37186E-4
3.13224E-4
9.44116E-4
0.00137163
0.00122547
5.19413E-4
-3.80622E-4
-0.00112316
-0.00161954
-0.00209522
-0.00277552
-0.00353329
-0.00412535
-0.00453564
-0.00486653
-0.00514661
-0.00529728
-0.00504433
-0.00405792
-0.00250059
-0.00101779
-3.4522E-5
4.80098E-4
6.76147E-4
6.31291E-4
3.97533E-4
-4.53159E-5
-8.0188E-4
-0.001947
-0.00341206
-0.00493163
-0.00624154
-0.00720189
-0.00769961
-0.00770372
-0.00741086
-0.00705571
-0.00663257
-0.00596255
-0.00499815
-0.00400839
-0.00328778
-0.00285855
-0.00249994
-0.00198581
-0.001354
-8.15009E-4
-3.83488E-4
2.89315E-5
2.68192E-4
2.37444E-4
1.40404E-4
7.06736E-5
-2.36643E-4
-0.00110892
-0.00240912
-0.00349806
-0.00391459
-0.00375055
-0.00337645
-0.00293077
-0.00218436
-0.0011723
-4.58888E-4
-3.54911E-4
-5.16514E-4
-5.97126E-4
-6.98423E-4
-0.00115384
-0.00195183
-0.00260422
-0.0028917
-0.00307798
-0.00336465
-0.003564
-0.00327164
-0.00237424
-0.00120246
-2.0599E-4
5.27247E-4
0.00133883
0.00226557
0.00279992
0.00276218
0.00256311
0.00254375
0.00265916
0.00270996
0.00269456
0.00280099
0.0031641
0.00372858
0.00423845
0.0044309
0.00422819
0.00374371
0.00316278
0.0025851
0.00194571
9.41477E-4
-6.63262E-4
-0.00252952
-0.00431948
-0.00628469
-0.00831657
-0.0093859
-0.00850568
-0.00591491
-0.00299383
-5.94361E-4
0.00172191
0.00437864
0.00694867
0.00874986
0.00966128
0.0103507
0.0112991
0.0121024
0.0123587
0.0123199
0.0124223
0.0125517
0.0119808
0.0102941
0.00794784
0.00567304
0.00370533
0.00178654
-2.65208E-5
-0.0011151
-0.00116936
-6.48064E-4
-3.67788E-4
-5.56294E-4
-5.35365E-4
-1.29922E-4
-1.5865E-4
-9.30702E-4
-0.00177887
-0.00208732
-0.00204682
-0.00221932
-0.00243574
-0.0021199
-0.00147509
-0.0010379
-8.2709E-4
-8.57457E-4
-0.0014039
-0.00242782
-0.00348589
-0.00420384
-0.00491058
-0.00610368
-0.00698067
-0.00619217
-0.00366444
-3.87587E-4
0.00278369
0.00532194
0.00681913
0.00738942
0.00753236
0.0074644
0.00666081
0.00383619
-0.00128072
-0.00663955
-0.00996417
-0.0109274
-0.0107604
-0.0106112
-0.0106267
-0.0104478
-0.00990402
-0.00897447
-0.0074406
-0.00494592
-0.00158102
0.00191636
0.00486727
0.00705409
0.00839871
0.00890909
0.00893135
0.0089168
0.00899576
0.00886586
0.00806749
0.00632571
0.00395828
0.00187276
5.16957E-4
-4.31522E-4
-0.00119869
-0.0020263
-0.0037131
-0.00622253
-0.00813733
-0.0089559
-0.00947755
-0.00985537
-0.0097719
-0.00944513
-0.00848216
-0.00573181
-0.00109333
0.00393057
0.00731882
0.00839625
0.00817854
0.00760681
0.00657622
0.0044659
0.00107524
-0.002737
-0.00486465
-0.00339353
8.48829E-4
0.0056173
0.0105167
0.0159172
0.0210196
0.0247481
0.0266656
0.0269052
0.0255409
0.0223346
0.0177324
0.0133204
0.010475
0.00908535
0.00826425
0.00771399
0.00769311
0.00819176
0.00869005
0.00838093
0.00644742
0.00252768
-0.00383015
-0.0133962
-0.0241608
-0.0316617
-0.0339361
-0.0319329
-0.0271813
-0.0207908
-0.0128524
-0.0038739
0.0038202
0.00821008
0.00932989
0.00815736
0.00499237
-9.65711E-4
-0.0090498
-0.0154816
-0.0171632
-0.0143093
-0.00908775
-0.00359209
0.00133294
0.00542541
0.00797687
0.0080212
0.0056954
0.00228601
-0.00112446
-0.00409988
-0.00649229
-0.00817178
-0.00912494
-0.00936544
-0.00847289
-0.00608073
-0.00289612
-4.11631E-4
2.58374E-4
-8.59778E-4
-0.00320386
-0.00688381
-0.012012
-0.0172002
-0.0203351
-0.0204006
-0.0177123
-0.01326
-0.0071656
0.00160414
0.0121662
0.0214686
0.0273701
0.0299443
0.0305147
0.0293796
0.0250095
0.0166314
0.00650414
-0.00235897
-0.00936396
-0.0153316
-0.020017
-0.0226364
-0.0234573
-0.0232231
-0.0217946
-0.01776
-0.009953
2.81348E-4
0.00968187
0.0157529
0.0183984
0.0189811
0.0183831
0.0169829
0.0154577
0.0146169
0.0148274
0.0158647
0.0171626
0.0182611
0.0190117
0.0194201
0.0192005
0.017644
0.0143135
0.00946334
0.00398045
-5.99609E-4
-0.00304549
-0.0037689
-0.00419461
-0.00505713
-0.00571959
-0.00517412
-0.00343449
-0.00154932
-5.90033E-4
-8.14637E-4
-0.00189625
-0.00361888
-0.00592765
-0.0086014
-0.0108352
-0.0110154
-0.0089916
-0.00731016
-0.0072922
-0.0073973
-0.00628426
-0.00447647
-0.00313449
-0.00253658
-0.00217934
-0.00167064
-0.00100198
-2.6247E-4
5.1182E-4
0.00142318
0.00271541
0.00463014
0.00708763
0.00949828
0.0110858
0.0114567
0.0112479
0.0112954
0.0108138
0.0079547
0.00161876
-0.00705427
-0.0146922
-0.0191518
-0.0216429
-0.023888
-0.0253216
-0.0247545
-0.0222864
-0.0178238
-0.0105186
-4.5933E-4
0.0104114
0.0193447
0.0250523
0.0276726
0.0271072
0.0234935
0.0177343
0.0111134
0.00521075
0.00109005
-0.0016002
-0.00384755
-0.00556581
-0.00530675
-0.00238247
0.00183224
0.00559515
0.00823304
0.00961293
0.00921924
0.00637345
0.00130577
-0.00450825
-0.00910028
-0.0105523
-0.00797884
-0.00308023
0.00136592
0.00436998
0.00639716
0.00762982
0.00799345
0.00778393
0.00740786
0.00703303
0.00665847
0.00644349
0.00654096
0.00665473
0.00630522
0.0053831
0.00436371
0.00355957
0.00215297
-7.68186E-4
-0.00456656
-0.00745158
-0.00844571
-0.0084872
-0.00894041
-0.00980156
-0.00982898
-0.00820557
-0.00579216
-0.00382236
-0.00236938
-0.00118321
-8.42566E-4
-0.00234313
-0.00625271
-0.0122095
-0.0187279
-0.0237403
-0.0258865
-0.0247294
-0.0201392
-0.0129448
-0.00522576
8.00556E-4
0.00424779
0.00580643
0.00651412
0.00673883
0.00617172
0.00474554
0.00317768
0.00222629
0.00185174
0.00141842
9.64663E-4
0.00158394
0.00356247
0.00557116
0.00641513
0.00626396
0.00603579
0.00597598
0.00549481
0.0045188
0.00368742
0.00338102
0.00374216
0.0048277
0.00599384
0.00646292
0.00647292
0.00682524
0.00769662
0.00836266
0.00802446
0.00673212
0.00487526
0.00231953
-0.00113129
-0.00535961
-0.00976861
-0.0122688
-0.0104036
-0.00497695
0.00106176
0.00684607
0.0124477
0.0164858
0.017825
0.0169848
0.0150158
0.0124299
0.00930879
0.00583316
0.00253564
-7.70083E-5
-0.00202491
-0.00361474
-0.00488818
-0.005927
-0.00699921
-0.00774855
-0.00758044
-0.00674673
-0.00592905
-0.00533968
-0.00469184
-0.00384678
-0.00327857
-0.00355985
-0.00476555
-0.00660089
-0.00832292
-0.00907236
-0.00894739
-0.00834437
-0.00660877
-0.00337048
2.64612E-4
0.00326034
0.00542916
0.00671761
0.00694478
0.00602468
0.0040472
0.00122528
-0.00190262
-0.00470895
-0.00684847
-0.00819075
-0.00847144
-0.00734094
-0.00525073
-0.00336609
-0.00257152
-0.00320149
-0.00504769
-0.00728342
-0.00896961
-0.00978764
-0.00985271
-0.00927995
-0.00820628
-0.00686472
-0.00538621
-0.00381534
-0.0023703
-0.00122728
-4.48808E-4
-3.35346E-5
2.07816E-4
4.69554E-4
6.06517E-4
2.36176E-4
-7.73216E-4
-0.00178828
-0.00245518
-0.00402107
-0.00699875
-0.00981512
-0.0114256
-0.0125312
-0.0139191
-0.0149639
-0.0150457
-0.0150141
-0.0159287
-0.0173996
-0.0177783
-0.0167116
-0.0155485
-0.014152
-0.0106474
-0.00441169
0.00250551
0.00726952
0.00915606
0.00932963
0.00903619
0.00876198
0.00841645
0.00799816
0.00773097
0.00791385
0.00880983
0.0104643
0.0124338
0.0141832
0.0157029
0.0166588
0.0161545
0.0141833
0.0110505
0.00651925
0.00161313
-0.00173875
-0.00281645
-0.00234784
-0.00224582
-0.00362143
-0.00509057
-0.0052855
-0.00485792
-0.00479113
-0.00486898
-0.00426874
-0.00273797
-4.61002E-4
0.00173317
0.00221992
8.98044E-4
-6.26192E-4
-0.00182878
-0.00346482
-0.0057702
-0.00824638
-0.0101048
-0.0107549
-0.01071
-0.0111096
-0.0122504
-0.0135924
-0.0147806
-0.0156914
-0.0161606
-0.0159096
-0.0145142
-0.0120936
-0.00972712
-0.00774705
-0.00482934
-0.0010889
0.00133911
0.00183849
0.00171707
0.00188169
0.00177051
2.7268E-4
-0.00264023
-0.00569878
-0.00765978
-0.00825248
-0.0081225
-0.00796515
-0.0076866
-0.00704679
-0.00634807
-0.00576157
-0.00490563
-0.00354313
-0.00210057
-0.00129779
-0.00153783
-0.00251946
-0.00326254
-0.00305636
-0.00231259
-0.00175304
-0.00145227
-0.00112281
-5.16916E-4
4.44264E-4
0.00175653
0.00313717
0.00401344
0.00446437
0.00522758
0.00652609
0.00788505
0.00891167
0.00958386
0.0101984
0.010987
0.0116597
0.0119905
0.0124293
0.0134371
0.0146451
0.0154821
0.0160495
0.0165547
0.0166774
0.0157232
0.0130786
0.00847287
0.00230583
-0.00405415
-0.00962633
-0.0146461
-0.0190446
-0.0221281
-0.0233683
-0.0220353
-0.0177922
-0.0116525
-0.00501596
0.00126346
0.0067429
0.0110498
0.0136826
0.0145982
0.0149359
0.0157541
0.0167015
0.0169766
0.0167093
0.0167802
0.0172049
0.0169078
0.0153787
0.012651
0.00853654
0.00389406
8.86522E-5
-0.00315503
-0.00651841
-0.00980439
-0.0130371
-0.0159978
-0.0173253
-0.0157944
-0.0116092
-0.00599659
2.45828E-4
0.00683516
0.0126838
0.0165075
0.0183066
0.018969
0.0190669
0.0185653
0.0173442
0.0153803
0.0123412
0.00798693
0.00333143
-3.32022E-4
-0.00313093
-0.00551973
-0.00684374
-0.00614543
-0.00355784
-3.61507E-4
0.00236031
0.00441665
0.00581147
0.00661748
0.00708019
0.00721251
0.00694788
0.00630966
0.00568253
0.00567002
0.00619271
0.00682153
0.00760163
0.00904643
0.0112975
0.0135042
0.0149759
0.0159948
0.0168652
0.0170253
0.01514
0.0102277
0.00280228
-0.0055895
-0.0132431
-0.0185784
-0.0213602
-0.0228992
-0.0240564
-0.024521
-0.0240446
-0.023158
-0.0224134
-0.0214899
-0.0195266
-0.0161395
-0.0117981
-0.00731333
-0.00337518
-6.50271E-4
4.85126E-4
5.89582E-4
9.25371E-4
0.00233454
0.004209
0.00499938
0.00434832
0.00361254
0.00370489
0.004099
0.00411921
0.0037147
0.00322472
0.00300688
0.00326751
0.003987
0.00469757
0.00489184
0.00462129
0.00426351
0.00412554
0.00424901
0.00437019
0.00430555
0.00420794
0.00445728
0.00544055
0.00718539
0.00923008
0.0111403
0.0127845
0.0135633
0.0125826
0.0097872
0.00532727
-9.9226E-4
-0.00859072
-0.0165097
-0.0239398
-0.0294984
-0.0322103
-0.0326033
-0.0319281
-0.0308005
-0.028822
-0.0253264
-0.0199663
-0.0131035
-0.00591414
6.13781E-4
0.00654326
0.0120979
0.0167255
0.0194804
0.0201153
0.0197016
0.019299
0.018816
0.0172879
0.0139069
0.0090809
0.00403481
-2.34079E-4
-0.00351375
-0.00642432
-0.00994726
-0.0142656
-0.0180936
-0.0198358
-0.0191373
-0.0167793
-0.013636
-0.0102449
-0.00686404
-0.00358341
-5.59761E-4
0.00191752
0.00350072
0.00409073
0.004216
0.00455549
0.00523559
0.00573193
0.00542042
0.00427081
0.00284885
0.00168703
3.33064E-4
-0.00175356
-0.00363553
-0.00415175
-0.00343016
-0.00233644
-0.00122471
3.69897E-4
0.00316848
0.00720122
0.0110572
0.0132221
0.0139401
0.0143143
0.0147046
0.0146838
0.0135509
0.0109018
0.0064055
5.67962E-5
-0.00698246
-0.0139029
-0.0206659
-0.0266335
-0.0319524
-0.0376089
-0.0430933
-0.046662
-0.0472533
-0.0452663
-0.0414387
-0.0355707
-0.0277021
-0.0196607
-0.0132144
-0.00792718
-0.00257453
0.0029986
0.00823817
0.0128226
0.0169099
0.0207987
0.0244803
0.027537
0.0293879
0.0294412
0.0266715
0.0197744
0.00907634
-0.0028307
-0.0140436
-0.0246863
-0.0343991
-0.041753
-0.0458753
-0.0460584
-0.0414078
-0.0326331
-0.0222146
-0.0125914
-0.0052387
-1.76637E-4
0.00342156
0.00578612
0.00654824
0.00567597
0.00368211
0.00121048
-0.00125618
-0.00341547
-0.00509051
-0.00659143
-0.00848877
-0.0106403
-0.0121743
-0.0124818
-0.0119991
-0.0113505
-0.00988073
-0.00711765
-0.00444661
-0.00303447
-0.00224048
-0.00141439
-0.00149947
-0.00349606
-0.00659742
-0.00961953
-0.0120444
-0.0126583
-0.0104779
-0.00611709
-2.15456E-4
0.00719628
0.0154999
0.0235112
0.0304513
0.0359656
0.0401396
0.0435084
0.0457031
0.0458478
0.0443949
0.0424351
0.0402553
0.0377118
0.03527
0.0336067
0.032587
0.0314412
0.029495
0.0263754
0.0214451
0.0138688
0.00403865
-0.005757
-0.0130126
-0.0174493
-0.0210606
-0.0254564
-0.02929
-0.0298976
-0.0271924
-0.0235572
-0.0209382
-0.0196549
-0.0190555
-0.0182415
-0.0171526
-0.0167857
-0.0174497
-0.018388
-0.0194649
-0.0204144
-0.0193719
-0.0153364
-0.00995508
-0.00546316
-0.0027483
-0.00176473
-0.00213713
-0.0033028
-0.00530652
-0.00895007
-0.0146112
-0.0210717
-0.0267625
-0.0316463
-0.0370906
-0.0438765
-0.0502546
-0.0537694
-0.0538628
-0.0507721
-0.0434961
-0.0309875
-0.0143136
0.00325156
0.0181721
0.0296463
0.0391338
0.0474573
0.0544843
0.0601582
0.0641823
0.0661829
0.0665161
0.0656176
0.0633626
0.0587964
0.0499951
0.036943
0.0243048
0.0165128
0.0125529
0.00935295
0.00616114
0.00381547
0.00256761
0.00196372
0.00127508
-4.1278E-4
-0.00342107
-0.00715351
-0.0106825
-0.0132803
-0.0146638
-0.0145416
-0.0126502
-0.00909628
-0.0035383
0.0044931
0.0143959
0.024436
0.0325174
0.0365977
0.035414
0.0288809
0.0176231
0.00329772
-0.0122003
-0.0273049
-0.040138
-0.0492503
-0.0547977
-0.0574881
-0.0565978
-0.0509265
-0.0397163
-0.0231506
-0.00363215
0.0158541
0.0331333
0.0463242
0.0549082
0.0599746
0.0625624
0.0629208
0.060563
0.0548128
0.045664
0.0331951
0.0179563
0.0022255
-0.0130005
-0.0272296
-0.0375231
-0.0422479
-0.0422956
-0.0387944
-0.0320484
-0.021428
-0.0077074
0.0060572
0.017795
0.0278363
0.036561
0.0432762
0.0473018
0.0489414
0.0491177
0.0480631
0.044956
0.0385432
0.0286267
0.0172769
0.00657268
-0.0032792
-0.0123968
-0.0204342
-0.0269286
-0.0306194
-0.0298111
-0.0248932
-0.0182767
-0.0114938
-0.00433511
0.00394906
0.0134068
0.0231413
0.0319436
0.0387947
0.0439895
0.048983
0.0545955
0.0605399
0.0657339
0.0689667
0.0700338
0.0694873
0.0669679
0.0614614
0.0524627
0.0405457
0.0278042
0.0163082
0.00673229
-0.00140319
-0.00881286
-0.0157424
-0.0222134
-0.0282922
-0.0345741
-0.0418078
-0.0503857
-0.060217
-0.0704696
-0.0797937
-0.0866771
-0.0905074
-0.0913125
-0.088983
-0.0837486
-0.0758308
-0.0662119
-0.0572307
-0.0495655
-0.0410403
-0.0300383
-0.0172159
-0.00415049
0.00847297
0.0224424
0.0392749
0.0573295
0.074287
0.0897855
0.104569
0.117847
0.128136
0.135146
0.138807
0.139357
0.13772
0.134445
0.129634
0.123232
0.114746
0.103174
0.0871968
0.0663459
0.0419992
0.0171852
-0.0049568
-0.0229227
-0.037249
-0.0494891
-0.0600487
-0.0668389
-0.0672561
-0.060601
-0.0476548
-0.0302072
-0.0116148
0.00289635
0.00902523
0.00647505
-0.00306199
-0.0171496
-0.0331849
-0.0508671
-0.0712838
-0.093519
-0.112111
-0.121216
-0.120994
-0.115535
-0.107938
-0.0988337
-0.0876403
-0.0746876
-0.0611803
-0.0481998
-0.037397
-0.0295579
-0.0228057
-0.0146585
-0.00383168
0.0102024
0.026711
0.042532
0.0549904
0.0650974
0.0749552
0.0841098
0.0906022
0.0932128
0.0919827
0.087936
0.0805571
0.0670899
0.0461424
0.019183
-0.0110448
-0.0416688
-0.0704435
-0.097784
-0.126488
-0.156723
-0.18266
-0.195422
-0.188723
-0.160938
-0.116845
-0.065016
-0.0112497
0.039434
0.080852
0.110097
0.128138
0.137643
0.142425
0.145121
0.144731
0.13847
0.126375
0.112039
0.0987828
0.0867037
0.0742304
0.0611702
0.0477812
0.032755
0.0145785
-0.00574732
-0.0259329
-0.0454857
-0.06594
-0.090101
-0.118446
-0.147117
-0.17173
-0.188493
-0.194574
-0.190363
-0.176276
-0.151854
-0.121144
-0.0898926
-0.0604629
-0.0335472
-0.00897317
0.0140522
0.0349675
0.0518542
0.0629063
0.0677094
0.0674
0.0638508
0.0592228
0.0548664
0.0508801
0.0467547
0.0424128
0.0384972
0.0357382
0.0342941
0.0334275
0.0320744
0.0291623
0.0228332
0.010889
-0.00678295
-0.0281715
-0.0505559
-0.0711462
-0.0876999
-0.0978469
-0.0988987
-0.0868229
-0.0587469
-0.0206565
0.0155519
0.0438204
0.0667221
0.0870247
0.102718
0.11178
0.115858
0.118115
0.120032
0.121274
0.121434
0.120108
0.116315
0.109041
0.0970545
0.0801361
0.0604971
0.0386503
0.0130124
-0.0158323
-0.0469146
-0.078867
-0.106385
-0.124695
-0.134147
-0.136597
-0.132655
-0.121595
-0.102849
-0.0784707
-0.0525902
-0.0285715
-0.00750235
0.00972293
0.0216677
0.0286756
0.033076
0.0364626
0.0380716
0.0367697
0.0327345
0.0262472
0.0169949
0.00437266
-0.0118051
-0.0305083
-0.0495406
-0.0659972
-0.0783673
-0.0872159
-0.0922124
-0.0921495
-0.0878527
-0.0810795
-0.072431
-0.0609499
-0.0453648
-0.0261587
-0.00498176
0.0152808
0.0313303
0.0432029
0.0531685
0.0614163
0.066647
0.0688774
0.0689548
0.0670636
0.0626251
0.0552864
0.0462383
0.0369073
0.0275663
0.0183221
0.00976644
0.00286847
-0.00204662
-0.00559208
-0.00832827
-0.0106319
-0.0127857
-0.01475
-0.0165306
-0.0189214
-0.0224844
-0.0261942
-0.0288648
-0.0303162
-0.0306186
-0.0301509
-0.0295913
-0.0290344
-0.0277568
-0.0253918
-0.0228079
-0.0208718
-0.019888
-0.0198284
-0.0204658
-0.0215191
-0.0222177
-0.0215183
-0.018831
-0.0147477
-0.0105747
-0.00704798
-0.00443674
-0.00346972
-0.00446073
-0.00651419
-0.0089536
-0.0118049
-0.0151366
-0.0193395
-0.024359
-0.0286978
-0.0309717
-0.0304674
-0.0269741
-0.0211233
-0.0134457
-0.00409578
0.00562979
0.013446
0.0190165
0.0238622
0.0286912
0.0329318
0.0357186
0.0370567
0.0377375
0.0384928
0.0394778
0.0401428
0.0398617
0.0382789
0.0349013
0.0297501
0.0238845
0.0177571
0.0111357
0.00453492
-8.65742E-4
-0.00452375
-0.00692704
-0.00880437
-0.0107647
-0.0130015
-0.0154404
-0.0179527
-0.020512
-0.0229459
-0.0240904
-0.0227128
-0.0187011
-0.0128727
-0.00630299
3.45871E-4
0.00683446
0.0124228
0.0161121
0.0179568
0.0184977
0.0178664
0.0159144
0.0124993
0.00765596
0.00192653
-0.00393949
-0.00964329
-0.0156518
-0.0226383
-0.0301614
-0.0369463
-0.0420138
-0.0451041
-0.0461505
-0.0449716
-0.0417401
-0.0369349
-0.0312106
-0.0253227
-0.0197589
-0.0150648
-0.0120094
-0.0106701
-0.0101907
-0.00996731
-0.0101343
-0.0106099
-0.0111886
-0.011765
-0.0118405
-0.0109796
-0.00940083
-0.00767942
-0.00598013
-0.00410808
-0.00207257
-1.31041E-4
0.00162661
0.00324799
0.00476764
0.00656018
0.00925932
0.0130265
0.0170259
0.0205712
0.023752
0.0266286
0.0292347
0.0317093
0.0342999
0.0370283
0.039814
0.0428106
0.0458014
0.0481319
0.0492506
0.0490983
0.0477087
0.0446752
0.0399112
0.0346246
0.0301055
0.0263511
0.022852
0.019723
0.0176204
0.0169062
0.0172441
0.0176699
0.0174408
0.0167394
0.0158026
0.0143224
0.0122698
0.0101228
0.00828035
0.00669223
0.00508175
0.0035902
0.00271035
0.00267332
0.00335337
0.0047707
0.00731904
0.010959
0.0146161
0.0169937
0.0174719
0.0161359
0.0127207
0.00626173
-0.00293472
-0.0121964
-0.0190628
-0.0239399
-0.0287351
-0.0339424
-0.0383628
-0.0410067
-0.0417782
-0.0407369
-0.0377923
-0.033236
-0.0279934
-0.0229076
-0.0184819
-0.0155206
-0.0146572
-0.0154455
-0.0167501
-0.0179631
-0.0195056
-0.0213869
-0.0225859
-0.0222703
-0.0205316
-0.0179106
-0.0151051
-0.0125897
-0.0102989
-0.00810435
-0.00595924
-0.00417208
-0.0031799
-0.00297333
-0.00301191
-0.0027507
-0.00214544
-0.0014431
-7.98613E-4
1.80778E-5
0.00128233
0.00294185
0.00459694
0.00573043
0.00624607
0.00666483
0.00767308
0.00950052
0.0119858
0.0153449
0.0197778
0.0246784
0.0291949
0.0329113
0.0356636
0.0373665
0.0384295
0.0389302
0.0384858
0.0372039
0.034763
0.0299383
0.0229279
0.015991
0.0102089
0.00517882
9.68231E-4
-0.00236371
-0.00489502
-0.0066102
-0.00758909
-0.00815676
-0.00877051
-0.00972442
-0.0112511
-0.0132304
-0.0156494
-0.0188335
-0.0224925
-0.0257643
-0.0278805
-0.0281597
-0.0263889
-0.0228235
-0.0173178
-0.00960562
-6.11186E-5
0.00966069
0.0171649
0.0215803
0.023841
0.0240282
0.0212027
0.0152294
0.00628746
-0.00389274
-0.0117377
-0.0158056
-0.0179314
-0.0199833
-0.0218913
-0.0228121
-0.0224035
-0.0211265
-0.0193524
-0.0168184
-0.0136712
-0.010773
-0.00876576
-0.00768477
-0.00704657
-0.00621785
-0.00510253
-0.00382452
-0.00240543
-6.10535E-4
0.00169848
0.00393481
0.00538234
0.00567967
0.00483545
0.00310154
8.86336E-4
-0.00170336
-0.00449212
-0.00660967
-0.00756317
-0.00782313
-0.00791829
-0.00796966
-0.00831673
-0.00922185
-0.0105366
-0.0120968
-0.0137232
-0.0151131
-0.0156115
-0.0146612
-0.0123741
-0.00935465
-0.0060787
-0.00279155
1.62016E-5
0.00217074
0.00382124
0.00493749
0.00567813
0.00610761
0.00594517
0.00504591
0.00350382
0.00145545
-0.00102332
-0.00375571
-0.00641443
-0.00869779
-0.0105566
-0.012498
-0.0148754
-0.0174747
-0.0199357
-0.0215439
-0.0215528
-0.0195523
-0.0156845
-0.0109519
-0.00619714
-0.00150687
0.00284527
0.00616015
0.0082279
0.00940879
0.0100638
0.0104189
0.0107268
0.0112958
0.0121093
0.012846
0.0131256
0.0127805
0.0119866
0.0110151
0.0101542
0.00991731
0.0111595
0.0139882
0.0172647
0.0194706
0.0195359
0.017561
0.0143135
0.0103649
0.00571428
4.72414E-4
-0.0043687
-0.00784454
-0.00988557
-0.0109195
-0.0111762
-0.0107642
-0.00951301
-0.00722315
-0.00468492
-0.00266065
-5.90499E-4
0.0019214
0.00441304
0.00622285
0.00694193
0.00693406
0.006836
0.00704201
0.00727904
0.0069893
0.00589361
0.00399678
0.00167325
-5.74249E-4
-0.00223205
-0.00330748
-0.00432186
-0.00581401
-0.00805766
-0.0107974
-0.0135542
-0.0160073
-0.0180051
-0.0198516
-0.0216512
-0.0225465
-0.0220873
-0.0208026
-0.0191965
-0.0172121
-0.0147739
-0.0120434
-0.00921983
-0.00666068
-0.00443818
-0.00235433
-4.30285E-4
0.00116462
0.00210054
0.0021834
0.00174655
0.00108478
2.35168E-4
-4.55541E-4
-2.90831E-4
0.00133967
0.00447905
0.00835911
0.0122815
0.0163877
0.0209742
0.0258419
0.0304609
0.0347075
0.0391015
0.0438947
0.0484603
0.052077
0.0547119
0.0565305
0.0575038
0.0574383
0.0562351
0.0542469
0.0521644
0.050417
0.0488079
0.0470538
0.0453483
0.0439421
0.0427024
0.041678
0.0408298
0.0397742
0.0380243
0.0349877
0.030497
0.0244659
0.0166128
0.00705352
-0.00343788
-0.0137414
-0.0232554
-0.0320922
-0.0404028
-0.0479264
-0.0541561
-0.0587662
-0.0618598
-0.0639095
-0.0653175
-0.0663726
-0.0671722
-0.0668471
-0.0643301
-0.0595084
-0.0509481
-0.0360794
-0.0168068
0.0023436
0.0200734
0.0358322
0.0485614
0.0581762
0.0643581
0.0668404
0.0661134
0.0622355
0.0540902
0.0416571
0.0267606
0.0107849
-0.00535771
-0.0201176
-0.0309234
-0.0357937
-0.0342354
-0.026546
-0.0151386
-0.00393364
0.00467772
0.0105433
0.0142415
0.0159232
0.0154176
0.0131681
0.0103624
0.0080984
0.00681648
0.00632708
0.00620863
0.00603827
0.0053523
0.0037444
0.00115818
-0.00239052
-0.00695795
-0.0121597
-0.0172668
-0.0215542
-0.0244457
-0.0252526
-0.0232279
-0.0182103
-0.0105315
-0.00100241
0.00851433
0.0163481
0.023108
0.0298795
0.0359466
0.040037
0.042021
0.0425012
0.0415023
0.038589
0.0328419
0.0230733
0.00989196
-0.003739
-0.0153705
-0.0245817
-0.0316997
-0.0372784
-0.0419734
-0.0456316
-0.0472037
-0.0462899
-0.0438466
-0.0411754
-0.0383141
-0.0344825
-0.0297675
-0.0245577
-0.0188104
-0.0127501
-0.00728647
-0.00332425
-8.16801E-4
8.70405E-4
0.0020667
0.00270052
0.00262252
0.00186415
6.24285E-4
-5.72284E-4
-0.00118301
-0.00124742
-7.04734E-4
0.00110653
0.00426342
0.00800129
0.0117443
0.0151943
0.0183495
0.0215437
0.0248219
0.0277195
0.0295988
0.0303143
0.0300998
0.028984
0.0269681
0.0242043
0.0206618
0.0161289
0.0104973
0.00411433
-0.00232701
-0.00854784
-0.0143517
-0.0191404
-0.0223852
-0.0240461
-0.0247545
-0.025444
-0.0265641
-0.0281726
-0.0304114
-0.0334525
-0.0370868
-0.0407538
-0.0438686
-0.0460542
-0.0472494
-0.0474284
-0.0467068
-0.0454825
-0.0436878
-0.0413055
-0.0390822
-0.03707
-0.0343824
-0.0307287
-0.0266185
-0.0222808
-0.0172819
-0.011255
-0.00496823
2.05381E-4
0.00409861
0.00772398
0.0115198
0.0148076
0.0168396
0.0173352
0.0164522
0.0148671
0.0131298
0.0111498
0.00868483
0.00594958
0.00353257
0.00191691
0.0014363
0.00222464
0.00412531
0.00681913
0.0100587
0.0137959
0.0177205
0.0211012
0.0234394
0.0247924
0.0254013
0.0254536
0.0251921
0.024788
0.0243151
0.0235339
0.0223791
0.0214828
0.021274
0.0214473
0.0213171
0.0205082
0.0192513
0.0179305
0.0163804
0.0143934
0.0120612
0.009374
0.0064456
0.00336069
3.20205E-4
-0.00216461
-0.00374514
-0.0044997
-0.00480537
-0.0051517
-0.00578185
-0.00647236
-0.00716261
-0.00827666
-0.0100893
-0.0125435
-0.0154112
-0.0184091
-0.0214128
-0.0244884
-0.0276412
-0.0305346
-0.0323714
-0.0322514
-0.0301527
-0.0267242
-0.0224721
-0.0177147
-0.0131052
-0.00974113
-0.00789432
-0.00691416
-0.00634954
-0.00600778
-0.00601047
-0.00623298
-0.00612266
-0.0054766
-0.0041049
-0.00205199
4.03524E-4
0.00311393
0.00603651
0.00917739
0.0122798
0.0150428
0.0174458
0.0197444
0.0217018
0.0228602
0.0233573
0.0235585
0.0237223
0.0236474
0.0230341
0.0219796
0.020931
0.0201601
0.0195112
0.0186981
0.0173724
0.0154961
0.0135099
0.0120647
0.0112614
0.0107145
0.0103976
0.0103238
0.0104187
0.0109747
0.012172
0.0138133
0.0158423
0.0182145
0.0206884
0.023321
0.0264162
0.0299113
0.033152
0.0354801
0.0365945
0.0364252
0.0352391
0.0329794
0.0283479
0.0200467
0.0092919
-9.00849E-4
-0.00852667
-0.0138824
-0.0187111
-0.0238661
-0.0285871
-0.0319216
-0.0333391
-0.0325442
-0.0299099
-0.0261895
-0.0218107
-0.0169281
-0.0116242
-0.00613439
-8.2788E-4
0.00389439
0.0077353
0.0106193
0.0123969
0.0130545
0.0127702
0.0117763
0.0103299
0.00835069
0.00562325
0.00250916
-9.18814E-5
-0.0017163
-0.0022718
-0.00168305
3.45212E-6
0.00254109
0.00545379
0.00852868
0.0115227
0.0139023
0.0157625
0.0176891
0.0192081
0.0191803
0.0174745
0.0148874
0.0119516
0.00824393
0.0031743
-0.00267134
-0.00733897
-0.00969547
-0.01074
-0.0113522
-0.010978
-0.00900202
-0.00593079
-0.00295416
-6.41499E-4
0.00129914
0.00323123
0.00506425
0.00655339
0.00785589
0.00928953
0.0107878
0.0118539
0.0118075
0.0101457
0.00731562
0.00464313
0.00271576
9.4647E-4
-0.00108092
-0.00334318
-0.00531367
-0.00539741
-0.00269817
0.00153728
0.00576981
0.00967531
0.0137663
0.0182887
0.0226107
0.0259079
0.0278092
0.028378
0.0277315
0.0261052
0.0238448
0.0205543
0.0155697
0.00938876
0.00364841
-4.84943E-4
-0.00374135
-0.00734622
-0.0112532
-0.0149099
-0.0178198
-0.0197807
-0.0212556
-0.0227379
-0.0241856
-0.0253436
-0.0261215
-0.0265408
-0.0267791
-0.0270181
-0.0273682
-0.0278783
-0.0284266
-0.0288406
-0.0293098
-0.030299
-0.0317233
-0.0330687
-0.0342536
-0.0352919
-0.0357571
-0.0354642
-0.0343487
-0.0322118
-0.0293158
-0.026285
-0.0236589
-0.0215065
-0.0195475
-0.017925
-0.0169979
-0.0165327
-0.0159085
-0.0147736
-0.0132183
-0.0114419
-0.00971216
-0.00822145
-0.00678821
-0.00529782
-0.00392305
-0.00273781
-0.00161994
-4.54715E-4
8.61901E-4
0.00247634
0.0044021
0.00660775
0.00895776
0.0113951
0.0138622
0.0158676
0.0170921
0.0174859
0.0171046
0.0161133
0.014444
0.0119684
0.00909066
0.00679729
0.00561276
0.00538251
0.00601652
0.00748527
0.00927295
0.0103934
0.0106115
0.0106105
0.0108761
0.0111338
0.0107232
0.00940098
0.00745826
0.00513106
0.00228964
-7.78854E-4
-0.00324355
-0.00443248
-0.00417135
-0.00300995
-0.00155731
-1.94677E-7
0.00147784
0.00253231
0.00283405
0.00236464
0.00129627
-2.61831E-4
-0.00211057
-0.00401047
-0.00551996
-0.00604134
-0.00539234
-0.0039185
-0.00201464
2.68779E-4
0.00274624
0.00526652
0.00759993
0.00895523
0.00906044
0.00829747
0.00705691
0.00555035
0.00361352
0.00101924
-0.00226584
-0.00596134
-0.00916955
-0.0108397
-0.0107603
-0.00948007
-0.00776165
-0.0061624
-0.00465807
-0.00292236
-8.69444E-4
0.00121661
0.00272617
0.0033055
0.00327309
0.00309871
0.00315296
0.00341128
0.00351439
0.00323784
0.00255481
0.00179538
0.00131069
0.00118181
0.00127692
0.00131138
8.42462E-4
-6.83442E-4
-0.00292201
-0.00473287
-0.0056955
-0.00595221
-0.00550192
-0.00462312
-0.0037732
-0.00318455
-0.00270493
-0.00212225
-0.0013918
-6.97969E-4
-3.3959E-4
-2.34616E-4
-2.05932E-4
1.05334E-5
5.1463E-4
0.00131857
0.00247515
0.00376509
0.0052976
0.00717411
0.00917503
0.0109194
0.0120332
0.0126875
0.0131282
0.0134793
0.0136002
0.0130172
0.0117622
0.0102671
0.0089849
0.00812696
0.00765405
0.00745695
0.00704476
0.00614527
0.00511298
0.00421479
0.00350287
0.00319443
0.00342143
0.00407892
0.00493954
0.00543786
0.00497956
0.00364949
0.0018853
-1.22322E-4
-0.00262945
-0.006061
-0.00992555
-0.0132502
-0.0158236
-0.0177389
-0.0190072
-0.0199964
-0.0210013
-0.0222642
-0.0236398
-0.0242487
-0.0235157
-0.0213251
-0.0178081
-0.013234
-0.00794519
-0.00230743
0.00328635
0.00806849
0.0111788
0.0127812
0.0135324
0.0134718
0.0123062
0.0100229
0.00722102
0.00477073
0.00295933
0.00126195
-5.64479E-4
-0.00210149
-0.00276332
-0.00236972
-0.00122779
2.90202E-4
0.00165873
0.0026018
0.00348999
0.00459762
0.00568871
0.00660681
0.00730897
0.00775996
0.00803398
0.00810985
0.00801192
0.00765783
0.00693086
0.00564517
0.00343035
2.31509E-4
-0.00356047
-0.00720956
-0.0103185
-0.0128778
-0.0148039
-0.0166571
-0.0191105
-0.0211831
-0.021192
-0.0190416
-0.0158456
-0.0125816
-0.00940566
-0.00583533
-0.00172873
0.00226944
0.00504471
0.00622403
0.00611597
0.00497396
0.00333346
0.00177738
3.41597E-4
-0.0011438
-0.00267882
-0.00427541
-0.0059977
-0.00768219
-0.00872395
-0.00855512
-0.0070244
-0.00442709
-0.00148134
9.01254E-4
0.00252381
0.00393254
0.00549674
0.00714735
0.00846196
0.00933594
0.0103631
0.012187
0.0144552
0.0160911
0.0164841
0.0154233
0.0127163
0.00795659
0.00141688
-0.00481795
-0.00892092
-0.011436
-0.0138201
-0.0161128
-0.0175957
-0.0181817
-0.0180264
-0.0169748
-0.0151496
-0.0131939
-0.011335
-0.00956569
-0.00760842
-0.0052288
-0.00276564
-8.65407E-4
-6.95761E-5
2.54327E-5
-2.48432E-4
-8.86007E-4
-0.0016982
-0.00293624
-0.00472345
-0.0065491
-0.00749453
-0.00747246
-0.00736803
-0.00741304
-0.00689258
-0.00534358
-0.00347723
-0.00215794
-0.00140481
-6.41441E-4
4.8792E-4
0.00147639
0.00195982
0.00235474
0.00305144
0.00364635
0.00349428
0.00266808
0.00145686
-9.43953E-5
-0.00178975
-0.00314672
-0.00442308
-0.00609831
-0.00788485
-0.00980148
-0.0117595
-0.0132881
-0.0144683
-0.0154776
-0.0164024
-0.0170901
-0.0171566
-0.0167727
-0.0164184
-0.0166581
-0.0174615
-0.0178614
-0.0177385
-0.0175379
-0.0170609
-0.0159137
-0.013826
-0.0111898
-0.00861274
-0.00622399
-0.00403995
-0.00193792
4.22499E-5
0.00148771
0.00222938
0.00238362
0.00228778
0.0022567
0.00247249
0.00280836
0.00312185
0.00345365
0.00368188
0.0039293
0.00448381
0.00523704
0.00564164
0.00528201
0.00427353
0.003219
0.00259502
0.00225324
0.00193827
0.00178237
0.00169613
0.00152691
0.00136251
0.00127
0.00151796
0.00250373
0.00407278
0.00534681
0.00581589
0.00577103
0.00582889
0.00643764
0.00781988
0.00980672
0.0117848
0.0132451
0.014283
0.0154336
0.0168531
0.0184079
0.0201351
0.0222031
0.0243119
0.0259587
0.0271219
0.02793
0.0286201
0.0293873
0.0299441
0.0298826
0.0294027
0.0289734
0.0285001
0.0271864
0.0245694
0.0212851
0.0180734
0.0149259
0.0117841
0.00879035
0.00591211
0.00326028
8.87132E-4
-0.00129474
-0.00289085
-0.00356739
-0.00377863
-0.00384602
-0.00377395
-0.00355294
-0.0032833
-0.00305496
-0.00259648
-0.00195312
-0.00155591
-0.00154779
-0.00158238
-0.00157588
-0.00160937
-0.00157256
-0.00170279
-0.00207073
-0.00247731
-0.00301607
-0.00377504
-0.004567
-0.00520168
-0.00592663
-0.00678436
-0.00750191
-0.00815587
-0.008787
-0.00918111
-0.00905282
-0.00834652
-0.00729324
-0.00593387
-0.00428563
-0.00268941
-0.00116998
5.8493E-4
0.00250754
0.00429346
0.00581933
0.00674971
0.00692218
0.00649438
0.00569762
0.00485034
0.00369084
0.00219352
6.19332E-4
-8.90953E-4
-0.00209748
-0.0029276
-0.00335114
-0.00344284
-0.00316434
-0.00282745
-0.00291624
-0.00345297
-0.00403115
-0.00416997
-0.00384023
-0.00312896
-0.00222043
-0.0013734
-5.54927E-4
3.71728E-4
0.00111831
0.00130225
9.1175E-4
1.32671E-4
-6.96944E-4
-0.00124761
-0.00146514
-0.00166857
-0.00199393
-0.0023347
-0.00267939
-0.0029857
-0.00309354
-0.00277224
-0.0021939
-0.0015621
-9.30828E-4
-4.32854E-4
4.27626E-5
7.74654E-4
0.00136852
0.00143624
0.00118155
8.1522E-4
6.27792E-4
3.86322E-4
4.32144E-5
-2.23611E-4
-4.62545E-4
-5.03443E-4
-6.37032E-4
-0.00110674
-0.00161124
-0.00192994
-0.00214802
-0.00258155
-0.00338579
-0.00432164
-0.00498551
-0.00527694
-0.00550852
-0.00561362
-0.00517162
-0.00427109
-0.00331527
-0.00256876
-0.00204872
-0.00179247
-0.00185615
-0.00210171
-0.00267698
-0.00400712
-0.00638451
-0.00960439
-0.0126066
-0.0144938
-0.0152255
-0.0152497
-0.0151758
-0.015166
-0.0148177
-0.0139247
-0.0129487
-0.0120161
-0.0108488
-0.00945065
-0.00788724
-0.00643471
-0.00570985
-0.00604647
-0.00685563
-0.00729177
-0.00720801
-0.00706431
-0.00721734
-0.00726849
-0.00641954
-0.00473192
-0.00316766
-0.00218531
-0.00128486
1.0462E-4
0.00180204
0.0033541
0.00457308
0.0052968
0.0054105
0.00505001
0.00459132
0.00370699
0.00168112
-0.0012348
-0.00425289
-0.00687582
-0.0088797
-0.0103403
-0.0112481
-0.0112319
-0.0105202
-0.00979408
-0.0094493
-0.00916023
-0.00863226
-0.00813803
-0.00750238
-0.00689985
-0.00648478
-0.00592129
-0.00533081
-0.00478813
-0.00425681
-0.00352218
-0.00220883
-4.23344E-4
0.00134181
0.0026503
0.0033378
0.00364608
0.00412581
0.00494414
0.00564643
0.00599003
0.00607229
0.00611666
0.00625361
0.0063392
0.00660848
0.00723062
0.00799444
0.00889685
0.00985176
0.0107096
0.0115194
0.0121418
0.0125891
0.013111
0.0133019
0.0128808
0.0120496
0.0108485
0.00935067
0.00747313
0.00532851
0.00333997
0.00170158
5.25868E-4
-1.50398E-4
-4.5132E-4
-4.51482E-4
-3.4605E-4
-3.92926E-4
-4.5621E-4
-6.8253E-4
-0.001156
-0.00152807
-0.00184469
-0.00208106
-0.00210843
-0.00210089
-0.00206409
-0.00188612
-0.00183433
-0.00215139
-0.00287816
-0.00346542
-0.00307249
-0.00200252
-6.63925E-4
7.76317E-4
0.00172841
0.00208697
0.00236394
0.00319834
0.0046939
0.00630328
0.00778308
0.00912046
0.0100189
0.0104986
0.0108571
0.0111689
0.0110979
0.0102953
0.00896295
0.00740878
0.00594459
0.00495403
0.00421156
0.00342555
0.00291099
0.00290658
0.00317477
0.00338703
0.00329914
0.00288295
0.00255472
0.00249799
0.00245712
0.00208751
0.00114167
-1.92457E-4
-0.00139885
-0.00222571
-0.00286981
-0.0035898
-0.00425673
-0.0043702
-0.00377685
-0.00308773
-0.00298963
-0.00322594
-0.00305426
-0.00243326
-0.00210022
-0.00232982
-0.00269909
-0.00294725
-0.00308327
-0.00344283
-0.0043512
-0.00550416
-0.0066953
-0.00817411
-0.0101742
-0.0129081
-0.0157475
-0.0179572
-0.0196857
-0.0211925
-0.0222145
-0.0222998
-0.0216906
-0.0209564
-0.0204827
-0.0203826
-0.0199822
-0.0183749
-0.0154227
-0.0118919
-0.0090113
-0.00706726
-0.00523747
-0.00289247
-1.00584E-4
0.00276641
0.0053342
0.00727273
0.00863631
0.00947758
0.00969687
0.00928519
0.00834041
0.00758691
0.00750817
0.00757442
0.00714328
0.00611955
0.00484073
0.00396463
0.00389167
0.00430746
0.00466687
0.00417044
0.00285804
0.00187339
0.00178928
0.0021578
0.0020764
0.00124834
2.31644E-4
-7.61262E-4
-0.00193482
-0.00302047
-0.00368839
-0.00416389
-0.00488942
-0.00566548
-0.00584362
-0.00536709
-0.00484035
-0.0049498
-0.00586223
-0.0072039
-0.00849809
-0.00932078
-0.00948635
-0.00915998
-0.0088613
-0.00923416
-0.0102076
-0.0108212
-0.010362
-0.00899339
-0.00746764
-0.00640287
-0.00561585
-0.00435597
-0.00226361
1.18148E-4
0.00201472
0.00309621
0.00371954
0.00458179
0.00578566
0.00686126
0.00737756
0.0072628
0.00674546
0.00578902
0.00466471
0.00398007
0.00373527
0.00359798
0.00335992
0.00269496
0.0013899
-2.82173E-4
-0.00195763
-0.00316863
-0.00368621
-0.00380728
-0.0039908
-0.00441268
-0.00468173
-0.00449097
-0.00390607
-0.00311568
-0.00249249
-0.00214574
-0.00182837
-0.00132843
-7.40983E-4
-1.75471E-4
5.12572E-4
0.00117314
0.0016024
0.00192591
0.00209934
0.00222365
0.00247232
0.00272839
0.00307605
0.00331577
0.00332659
0.00326225
0.00314318
0.00282687
0.00206202
0.00110352
2.61821E-4
-5.1907E-4
-0.0012815
-0.00190735
-0.00244281
-0.00296921
-0.00330578
-0.00334298
-0.00318419
-0.00302031
-0.00294838
-0.00292356
-0.00275453
-0.00261429
-0.0030373
-0.00398936
-0.00495187
-0.00560509
-0.00596107
-0.00641116
-0.00763181
-0.0096106
-0.0115651
-0.012667
-0.0128121
-0.0127368
-0.0128661
-0.0130592
-0.0129711
-0.0125112
-0.0119616
-0.0114644
-0.0108282
-0.00974004
-0.00830325
-0.00669226
-0.00479659
-0.00294586
-0.00153803
-4.04325E-4
8.20199E-4
0.00227722
0.00381629
0.00504567
0.00582474
0.00646056
0.00700392
0.00745865
0.00794645
0.00843341
0.00886111
0.00927565
0.00993513
0.010982
0.0119319
0.0122513
0.012213
0.0119541
0.01124
0.010274
0.00935148
0.0083186
0.00718226
0.00635543
0.00559683
0.00444643
0.00335931
0.00305929
0.00338094
0.00374523
0.00383747
0.00374954
0.00367268
0.00354971
0.00335443
0.00313701
0.00291374
0.00243337
0.00119619
-0.00112335
-0.00397405
-0.00622233
-0.00728863
-0.00752519
-0.00775541
-0.00845837
-0.00954825
-0.010976
-0.0126565
-0.0136706
-0.0130462
-0.011181
-0.00920876
-0.00780908
-0.00669527
-0.00510839
-0.00269076
4.19299E-4
0.00335447
0.0052158
0.00620647
0.00698805
0.00767897
0.00827653
0.0088236
0.00907999
0.0089275
0.00825475
0.00677194
0.00464042
0.00221861
-4.05056E-4
-0.00305417
-0.00512513
-0.00619599
-0.00658958
-0.0065033
-0.00616961
-0.00584981
-0.005125
-0.00359105
-0.00127252
0.00128647
0.00343394
0.00495203
0.00594699
0.00680303
0.00788881
0.00899624
0.00941448
0.00874193
0.00711607
0.0050005
0.00305342
0.00177812
9.79506E-4
-1.48664E-4
-0.00184845
-0.00367108
-0.00520036
-0.00614132
-0.00656825
-0.00652002
-0.00580976
-0.00458536
-0.00323964
-0.00237434
-0.00245766
-0.00337622
-0.00457104
-0.00544334
-0.0058757
-0.00598466
-0.00601836
-0.00623847
-0.0065075
-0.00664799
-0.00658476
-0.00649731
-0.00662976
-0.00683865
-0.00683424
-0.00687951
-0.00768714
-0.00912652
-0.010179
-0.0102259
-0.00953726
-0.00864472
-0.00786679
-0.00712106
-0.00594792
-0.00403642
-0.0017733
8.35077E-5
0.00128059
0.00203044
0.00270213
0.0034745
0.00417724
0.00467594
0.00499439
0.00512413
0.00519114
0.00525432
0.00515253
0.00519482
0.00546196
0.0057905
0.00613327
0.00621593
0.00621374
0.00628766
0.00623257
0.00598572
0.00555324
0.00509055
0.00490385
0.00502933
0.00508449
0.00477901
0.00421506
0.00361174
0.00303626
0.00251163
0.0021963
0.00211174
0.00213386
0.00224426
0.00252428
0.00275925
0.00262528
0.00229112
0.00204732
0.00198173
0.00182303
0.00161874
0.00164606
0.00164561
0.00155475
0.00162333
0.00201494
0.00284633
0.00419346
0.00572997
0.00697212
0.00807662
0.00926152
0.010686
0.0123293
0.0137214
0.0147569
0.0152374
0.0150729
0.0144253
0.0135816
0.0130631
0.0127407
0.0122965
0.0117836
0.0114257
0.0113876
0.0116101
0.0119725
0.0124347
0.0130424
0.0138521
0.0147137
0.0154671
0.0161169
0.0163627
0.0161547
0.0157313
0.0150518
0.0138633
0.0120102
0.00960069
0.00701981
0.00491873
0.00333862
0.0019624
6.57732E-4
-5.84216E-4
-0.00174488
-0.00270896
-0.00310993
-0.00327381
-0.003478
-0.00356201
-0.004012
-0.00462779
-0.00512079
-0.00579774
-0.0066748
-0.00782784
-0.00868653
-0.00874476
-0.00837531
-0.00833389
-0.00893057
-0.00980129
-0.0102453
-0.00976861
-0.00879448
-0.00771063
-0.0067155
-0.0060513
-0.00584427
-0.00566824
-0.00464712
-0.00305567
-0.00168748
-7.04833E-4
-1.6668E-4
9.44924E-5
5.92546E-4
0.00154163
0.00270838
0.00352427
0.00367505
0.00377858
0.00422506
0.00479461
0.00530556
0.00546263
0.00508413
0.0042914
0.00383871
0.00425359
0.0047079
0.00474054
0.00474065
0.00468937
0.00450402
0.0042062
0.00377694
0.00357951
0.00328169
0.00243542
0.00160109
5.80512E-4
-8.94681E-4
-0.00203179
-0.0021285
-0.00141542
-6.30244E-4
-4.90835E-5
5.24046E-4
0.00115604
0.00145785
0.00146747
0.00149464
0.00159736
0.00208995
0.00286649
0.00343198
0.00380312
0.00447062
0.00554623
0.00620024
0.00619413
0.0063896
0.00708317
0.00775365
0.00816434
0.00832722
0.00836161
0.0083308
0.00830241
0.00820468
0.00763912
0.00696858
0.00617834
0.00532566
0.00483307
0.00457251
0.0047819
0.00530379
0.0054782
0.00538156
0.0053687
0.00560536
0.00634807
0.0073297
0.00786414
0.00753547
0.00613325
0.00422053
0.00279415
0.00188279
0.0013204
5.12747E-4
-7.43992E-4
-0.00212372
-0.00346343
-0.00383477
-0.00372246
-0.00416144
-0.00470744
-0.00508417
-0.00559127
-0.00595106
-0.00601759
-0.00618053
-0.00654066
-0.0070348
-0.00779101
-0.00844245
-0.00875229
-0.0090875
-0.00919306
-0.00901257
-0.00889209
-0.00868055
-0.0081428
-0.00736066
-0.00654895
-0.00610038
-0.00594676
-0.00604239
-0.00625068
-0.00615452
-0.00597626
-0.00606365
-0.00611694
-0.00569159
-0.00478639
-0.00323814
-0.00149169
2.00285E-4
0.00186222
0.00289502
0.00333164
0.00394028
0.00515104
0.00653497
0.007693
0.00829867
0.00836689
0.00837645
0.00835434
0.00813044
0.00775364
0.0074569
0.00725548
0.00716316
0.00729201
0.00754636
0.00780245
0.00782855
0.00742562
0.00674144
0.00616318
0.00577206
0.00525997
0.00476968
0.00439361
0.00429293
0.00437708
0.00389091
0.00313051
0.00258081
0.00246756
0.00275378
0.00279378
0.00288494
0.00331415
0.00345434
0.00347908
0.00369325
0.00390682
0.00404958
0.00371206
0.00255517
0.00115722
4.91394E-5
-5.42953E-4
-6.6369E-4
-9.29311E-4
-0.00103344
-8.96297E-4
-7.23638E-4
-7.11718E-4
-0.00145017
-0.00226094
-0.00260088
-0.00223122
-0.00154779
-0.00137182
-0.00130657
-0.00160715
-0.0023134
-0.00238831
-0.00202804
-0.00188319
-0.00197591
-0.00206291
-0.00191502
-0.00147947
-6.80662E-4
1.90868E-4
0.00110944
0.00212915
0.00277709
0.00315362
0.00334167
0.00303346
0.0029483
0.00312879
0.00331347
0.00385966
0.00441118
0.00467053
0.00457301
0.00434277
0.00450706
0.00537784
0.00649875
0.00708903
0.00709453
0.00651931
0.00550359
0.00517007
0.0057145
0.00646525
0.00688662
0.00650474
0.00555438
0.00493008
0.00546899
0.00680639
0.00805759
0.00861932
0.00850694
0.00819023
0.00809259
0.00856781
0.00927914
0.00972157
0.00975813
0.00992236
0.0103817
0.010785
0.0111179
0.0111281
0.0111953
0.0116392
0.0119674
0.0119564
0.0118571
0.011835
0.0118278
0.0117157
0.0113106
0.0109866
0.0110628
0.011215
0.0112927
0.0112214
0.0108783
0.0101439
0.00896415
0.00759915
0.00649308
0.00580594
0.00491802
0.00343039
0.00189162
6.90538E-4
-2.97256E-4
-0.00145731
-0.00260881
-0.0033626
-0.00402552
-0.00461874
-0.00520159
-0.00601806
-0.00670231
-0.00720743
-0.00788157
-0.00859763
-0.00912749
-0.00942356
-0.00973097
-0.0102301
-0.0107791
-0.0114774
-0.0122572
-0.0127788
-0.0132257
-0.0139277
-0.0148097
-0.0156525
-0.0161131
-0.016227
-0.0164564
-0.0167228
-0.0168007
-0.0165437
-0.0159512
-0.0151633
-0.0141955
-0.0131247
-0.0117955
-0.0101267
-0.0084141
-0.00686011
-0.00533491
-0.00389276
-0.00275143
-0.00180376
-0.00100782
-9.43029E-5
0.00110705
0.00181017
0.0021123
0.00291657
0.00385298
0.00444472
0.00485186
0.00532796
0.0062106
0.00702493
0.00754138
0.00794596
0.00826309
0.00902037
0.0101804
0.0111921
0.0119197
0.0126301
0.0135377
0.0144481
0.0150126
0.0152988
0.0155386
0.0158421
0.0160804
0.0160465
0.0159139
0.01556
0.0147109
0.0136945
0.0129679
0.0126383
0.0123437
0.0116271
0.0105392
0.00944904
0.00888433
0.00888115
0.00864054
0.00792263
0.00723781
0.00680785
0.00653092
0.00623295
0.00589112
0.00564495
0.0055235
0.00546535
0.00522608
0.00476648
0.00424248
0.00345798
0.00280318
0.00261323
0.00261339
0.00273558
0.0025498
0.00190242
0.00128738
0.00100048
9.65609E-4
0.00103935
7.91048E-4
3.32428E-4
2.08559E-4
1.05821E-4
1.09185E-4
5.56167E-4
0.0013164
0.00194622
0.00198511
0.00150825
7.88727E-4
2.88046E-4
1.69641E-4
2.78722E-5
-9.1995E-5
-1.76537E-4
-5.14602E-4
-9.43068E-4
-0.0015595
-0.00212526
-0.00208243
-0.00170845
-0.00122629
-6.64659E-4
-2.83709E-4
1.1806E-5
1.70742E-4
3.56838E-4
0.00120752
0.00255245
0.00360762
0.00352663
0.00249311
0.00148627
0.00124154
0.00160677
0.00176718
0.00152674
0.00126468
0.00136697
0.00157776
0.00147737
0.0011269
7.54351E-4
3.64023E-4
1.71003E-4
1.16534E-4
-1.95003E-4
-6.82384E-4
-0.00129838
-0.00164261
-0.0014473
-0.00100947
-5.86499E-4
-8.18724E-4
-0.00169596
-0.00222178
-0.00202301
-0.0016158
-0.00153645
-0.001661
-0.00182225
-0.00180573
-0.00146976
-0.00117267
-0.0011203
-0.00137564
-0.0016959
-0.00193167
-0.00244884
-0.00331619
-0.00404582
-0.00426723
-0.00420251
-0.00390041
-0.0034751
-0.00355974
-0.00420292
-0.00484406
-0.004988
-0.00480644
-0.00453188
-0.00402797
-0.00354587
-0.00322232
-0.00301794
-0.00300987
-0.00256031
-0.00117582
3.64967E-4
0.00122419
0.00163774
0.00229904
0.00297902
0.00317037
0.00304549
0.00278581
0.00217535
9.18527E-4
-6.94093E-4
-0.00239676
-0.00413037
-0.00537836
-0.00611296
-0.00670521
-0.00749216
-0.0086287
-0.00955489
-0.00993743
-0.0102281
-0.0106581
-0.0109493
-0.0109998
-0.0114228
-0.0124238
-0.0133546
-0.0137973
-0.0136973
-0.0136679
-0.0139105
-0.0140688
-0.0140893
-0.013763
-0.013271
-0.0125324
-0.0113993
-0.0103116
-0.00922852
-0.00819284
-0.00722421
-0.00622515
-0.0052804
-0.00417055
-0.00298977
-0.00205723
-0.00134636
-4.20956E-4
7.59601E-4
0.00169912
0.00236519
0.00282824
0.00328639
0.00387617
0.00415399
0.00409369
0.00392835
0.0037508
0.00376938
0.00391578
0.00408092
0.00400715
0.00373436
0.00345842
0.00294891
0.0024238
0.00189075
0.00101158
-9.69207E-5
-0.0011445
-0.00181756
-0.00226499
-0.00305772
-0.00417976
-0.00512889
-0.00582237
-0.00652964
-0.00755072
-0.00865115
-0.00919002
-0.00914349
-0.00862541
-0.00794766
-0.00783282
-0.00863435
-0.00981646
-0.0102281
-0.00991695
-0.0098285
-0.0101787
-0.010709
-0.0110682
-0.0107152
-0.00923275
-0.00744213
-0.00654568
-0.00654002
-0.00653683
-0.00564505
-0.00404311
-0.00282467
-0.00234794
-0.00219487
-0.00217116
-0.00196635
-0.00156779
-0.00152767
-0.00172323
-0.00175295
-0.00208869
-0.00279187
-0.00304387
-0.00281029
-0.0027027
-0.00289253
-0.0030952
-0.00301511
-0.00261302
-0.00231791
-0.00216414
-0.00206478
-0.00260163
-0.0034381
-0.00380587
-0.003748
-0.00348465
-0.00327847
-0.00322606
-0.00328126
-0.00378024
-0.00435329
-0.00420191
-0.0038156
-0.00374642
-0.00384827
-0.004399
-0.00517791
-0.00536739
-0.00490206
-0.00414789
-0.00382075
-0.00422434
-0.00483238
-0.00528289
-0.00527956
-0.00457697
-0.00354195
-0.00276243
-0.00271417
-0.00297852
-0.00263089
-0.00169079
-7.74055E-4
-2.83811E-4
1.72611E-4
5.85894E-4
5.57155E-4
5.96567E-4
0.00110423
0.00176345
0.00217799
0.00210003
0.00201127
0.00240643
0.00314981
0.00399033
0.00453812
0.00480049
0.00499842
0.00549886
0.00642603
0.00738108
0.00791521
0.00780293
0.00759765
0.00771386
0.00785301
0.00760291
0.00683372
0.00574535
0.00452546
0.00337147
0.00246818
0.00184814
0.00157509
0.00140114
7.94753E-4
4.98015E-5
-5.06432E-4
-0.00100587
-0.00139971
-0.00190101
-0.00263273
-0.00331494
-0.00367177
-0.00375066
-0.00383003
-0.00385833
-0.00375107
-0.00380327
-0.00421698
-0.00469793
-0.00468707
-0.00418818
-0.00382749
-0.0038919
-0.00408222
-0.00421745
-0.00445719
-0.00495306
-0.0055099
-0.00579021
-0.00594725
-0.00614297
-0.00619172
-0.00622555
-0.00657776
-0.00703906
-0.00728218
-0.00716101
-0.00679903
-0.00690482
-0.00733859
-0.00737903
-0.0072746
-0.00720514
-0.00718767
-0.00736867
-0.00740452
-0.0070125
-0.00629589
-0.00589158
-0.00631029
-0.0070608
-0.00742996
-0.00712668
-0.00647244
-0.0061753
-0.00598565
-0.00525992
-0.0045614
-0.00432448
-0.0039602
-0.00335052
-0.00265724
-0.0018747
-0.00136467
-0.00108414
-8.27336E-4
-4.98704E-4
-4.89223E-5
2.56456E-4
5.71275E-4
8.72699E-4
0.00111975
0.00150277
0.00173428
0.00176199
0.0015924
0.00138088
0.00147914
0.00174378
0.00192537
0.00184348
0.00162659
0.00158051
0.00170443
0.0020074
0.00224813
0.00237282
0.0026165
0.00270834
0.00243927
0.00205608
0.00211326
0.0024983
0.00237053
0.0014772
4.11849E-4
9.93412E-5
5.48285E-4
8.00833E-4
3.69302E-4
-3.85799E-4
-8.7572E-4
-0.00120771
-0.00178617
-0.00267309
-0.00382302
-0.00469013
-0.00488668
-0.00495737
-0.00523244
-0.00555866
-0.00610313
-0.00674154
-0.0071032
-0.00719721
-0.00726259
-0.00762924
-0.00823663
-0.00880459
-0.00910803
-0.00924447
-0.00925192
-0.00887281
-0.00835432
-0.0078542
-0.00737995
-0.00685248
-0.00579524
-0.00407203
-0.00202616
-1.72093E-4
0.00126838
0.00249411
0.0035604
0.00452433
0.00570307
0.00693837
0.00793056
0.00860426
0.00855005
0.00803328
0.00777168
0.00772895
0.00799402
0.00869223
0.00910989
0.0089956
0.00900208
0.00915611
0.00893032
0.00827854
0.0077576
0.00761097
0.00731578
0.00678306
0.00625189
0.00550493
0.00465438
0.00411442
0.00398204
0.00387477
0.0034449
0.0029162
0.00234668
0.00170348
0.00132918
9.61318E-4
1.271E-4
-8.89666E-4
-0.00188993
-0.00252698
-0.00277231
-0.00321241
-0.00372198
-0.00422937
-0.00464476
-0.0048616
-0.00510061
-0.0050488
-0.00492789
-0.00504126
-0.00511002
-0.00516656
-0.00512054
-0.00477988
-0.00437627
-0.00425505
-0.00411388
-0.00389505
-0.00370558
-0.00328417
-0.00297838
-0.0029139
-0.00301206
-0.00325776
-0.00338831
-0.00336866
-0.00338213
-0.00349199
-0.00346484
-0.0032666
-0.00307476
-0.00315273
-0.00330156
-0.0030609
-0.00266231
-0.00262177
-0.00275585
-0.00276171
-0.00285531
-0.00294596
-0.00287544
-0.00265792
-0.00233244
-0.0020438
-0.00178714
-0.00155032
-0.00143674
-0.00147972
-0.00175697
-0.00210366
-0.00230397
-0.002343
-0.00214172
-0.00185418
-0.00174673
-0.00179361
-0.00215839
-0.00267782
-0.00279168
-0.0027278
-0.0029293
-0.00340445
-0.00371701
-0.00320802
-0.0021119
-0.00152568
-0.00159832
-0.00169193
-0.00148969
-0.00106454
-6.70685E-4
-1.41552E-4
5.38589E-4
0.00144508
0.00259813
0.0034857
0.00389691
0.00414945
0.00468512
0.00552897
0.00632823
0.00648204
0.00611149
0.00585585
0.00573537
0.00548297
0.00514151
0.00497636
0.00484274
0.00438517
0.00385217
0.00357081
0.00349465
0.0035359
0.00336141
0.00286022
0.00226792
0.00191065
0.001667
0.00108042
2.97418E-4
-4.64371E-4
-0.00105598
-0.00144187
-0.00162762
-0.00183172
-0.00260916
-0.00388036
-0.00535198
-0.00682168
-0.00802591
-0.00884305
-0.00936502
-0.00998219
-0.0106461
-0.0109362
-0.0109975
-0.0110538
-0.0112337
-0.0116373
-0.0118277
-0.0115824
-0.0113835
-0.0111863
-0.0107271
-0.0104063
-0.0102498
-0.00990302
-0.00933815
-0.00861309
-0.00798433
-0.00753538
-0.00706393
-0.00637632
-0.00529454
-0.00429492
-0.00369824
-0.00327892
-0.00275417
-0.00194535
-0.00118899
-5.52273E-4
3.53436E-4
0.00146248
0.00242922
0.00326384
0.00438797
0.00571197
0.00660156
0.00694114
0.0071501
0.00734683
0.00749037
0.00777706
0.00807864
0.00846439
0.00875216
0.00864416
0.00835518
0.00801888
0.00813266
0.00870983
0.00900109
0.00884788
0.00862181
0.00837238
0.00771139
0.00687762
0.00632906
0.00576969
0.00521207
0.00451936
0.00357576
0.00277263
0.00199866
0.00136532
0.00124061
0.00109509
1.2286E-4
-0.0012121
-0.00200015
-0.00188465
-0.00142512
-0.00133878
-0.00147932
-0.00171957
-0.00181993
-0.00159629
-0.00133796
-0.00152681
-0.00178583
-0.00167865
-0.00134701
-7.56185E-4
-5.76001E-4
-0.00123556
-0.0022266
-0.0025582
-0.00166502
-5.79269E-4
-5.54067E-4
-0.00167013
-0.00284625
-0.00255262
-0.00103653
1.63184E-4
4.40918E-4
2.44322E-4
4.12388E-4
6.97404E-4
3.89726E-4
-9.02716E-5
4.13396E-4
0.00221608
0.00385131
0.00395514
0.00309122
0.00276796
0.00355659
0.00477933
0.00557675
0.00596916
0.00646672
0.00725688
0.0077801
0.00721022
0.00591689
0.00509325
0.00544781
0.00646144
0.007148
0.00703449
0.00657003
0.00648435
0.00645609
0.00601534
0.00532287
0.00476705
0.00447552
0.00444375
0.00454881
0.00464246
0.0046099
0.00418375
0.00362994
0.00352634
0.00383581
0.00412829
0.00428963
0.00422652
0.00372419
0.00269856
0.00155711
0.00124956
0.00176696
0.00206459
0.00165803
6.26446E-4
-7.89661E-4
-0.00213667
-0.00287036
-0.00272538
-0.00230705
-0.00253062
-0.00338558
-0.00418657
-0.00440929
-0.00408972
-0.00386516
-0.00396504
-0.00399122
-0.0037553
-0.00348747
-0.00369663
-0.00435097
-0.0046847
-0.00430041
-0.00355458
-0.00308489
-0.00307806
-0.00299174
-0.00244798
-0.00202326
-0.00207985
-0.00193084
-0.00112161
-1.27235E-4
3.75301E-4
4.89818E-4
6.37748E-4
9.82123E-4
0.00148666
0.00187413
0.00215159
0.00243092
0.00261802
0.00273491
0.00256291
0.00196974
0.00158689
0.00184026
0.00227074
0.00240431
0.00233294
0.00204326
0.00149263
0.00107069
9.9212E-4
0.00120665
0.00181123
0.00245509
0.00259491
0.0023957
0.00209855
0.00153856
7.12661E-4
-9.55716E-5
-5.47392E-4
-6.50162E-4
-9.34916E-4
-0.00126862
-9.52027E-4
-3.2908E-4
-2.66063E-4
-5.84951E-4
-6.4659E-4
-8.62607E-4
-0.00163903
-0.00235774
-0.0025634
-0.00251008
-0.00272068
-0.00313174
-0.00323475
-0.00300169
-0.00267822
-0.00228059
-0.00202071
-0.00207821
-0.00218712
-0.00215066
-0.00190935
-0.00137643
-5.55897E-4
3.01969E-4
9.62902E-4
0.00135476
0.0017438
0.00244102
0.00318588
0.00362175
0.00365142
0.00331966
0.0028005
0.00230561
0.00203197
0.00192391
0.00158752
5.92625E-4
-5.70904E-4
-9.898E-4
-9.63465E-4
-0.00100012
-0.00105188
-0.00135315
-0.00196496
-0.00228797
-0.0022725
-0.00210399
-0.00147242
-5.47681E-4
3.49003E-5
-5.4857E-5
-4.18368E-4
-4.99742E-4
-2.29805E-4
6.88353E-5
3.20311E-4
7.7394E-4
0.00135638
0.00186174
0.00226179
0.00269833
0.00323502
0.00349468
0.00327454
0.00288293
0.00267478
0.00269451
0.00270398
0.00272163
0.00287253
0.00336441
0.00412457
0.00456052
0.00442504
0.00394242
0.00342094
0.00315399
0.00345587
0.00435163
0.00515423
0.00532015
0.00524202
0.00540975
0.0058522
0.0059997
0.00574656
0.00588665
0.00643524
0.00673002
0.00632079
0.00557878
0.00544692
0.00599833
0.00667469
0.00723652
0.00765401
0.00772851
0.00746288
0.00700639
0.00622355
0.00523558
0.00426807
0.00338164
0.00284552
0.00297852
0.00338025
0.00316858
0.00258567
0.0024367
0.00274733
0.00293072
0.00262267
0.00201834
0.00117899
2.74399E-4
-6.74473E-4
-0.00183003
-0.0025204
-0.00220122
-0.00158701
-0.00174622
-0.00279081
-0.00351356
-0.00318086
-0.00278389
-0.00340016
-0.00481178
-0.00563725
-0.00505704
-0.00386584
-0.00317238
-0.00311888
-0.00325791
-0.00322826
-0.00285314
-0.00237221
-0.00184701
-0.00101039
-1.26936E-4
5.05378E-4
8.25728E-4
9.00123E-4
0.00126083
0.00214767
0.00304831
0.00336513
0.00336147
0.00369281
0.00413551
0.00401944
0.0032813
0.00251515
0.00236465
0.00269913
0.0029071
0.00280141
0.00245772
0.00200689
0.00161388
0.00140522
0.00128298
0.00116056
0.00124042
0.00141754
0.00145249
0.00137505
0.00126572
0.00135166
0.0013813
0.00113162
0.00101154
0.00102737
0.00113818
0.0011822
8.78092E-4
4.92612E-4
1.42239E-4
-2.03608E-4
-3.60939E-4
-2.85221E-4
-1.88941E-4
-2.72294E-4
-3.50923E-4
-1.77988E-4
-4.37778E-6
-2.97059E-5
1.24647E-4
5.96854E-4
9.55185E-4
9.71751E-4
7.54545E-4
3.58553E-4
-1.70008E-4
-5.198E-4
4.67532E-5
6.62221E-4
8.07132E-4
2.36427E-6
-0.00102816
-0.00155589
-0.00179862
-0.00209985
-0.00239115
-0.00245219
-0.00234785
-0.00199478
-0.00146739
-0.00113541
-7.76513E-4
-3.50476E-4
-2.75623E-4
-3.71458E-4
-4.2934E-5
5.86086E-4
9.49228E-4
9.69502E-4
8.13494E-4
6.4043E-4
7.84948E-4
0.00131462
0.0018011
0.00184657
0.00145282
0.0012912
0.00186346
0.00234497
0.00193077
0.00117366
8.65561E-4
0.00101425
0.00114228
0.00102051
7.23906E-4
3.82763E-4
1.61835E-4
3.95233E-4
9.92118E-4
0.00121318
0.0011165
0.00130076
0.00159632
0.00167579
0.0015838
0.00151075
0.00157165
0.00166768
0.00181061
0.00214308
0.00254402
0.00266221
0.00247247
0.00222543
0.00218237
0.00251026
0.00289068
0.00278511
0.00219036
0.00155764
0.00140992
0.00191338
0.00238365
0.00249802
0.0028891
0.00352948
0.00377267
0.00347842
0.00297726
0.00269957
0.00262754
0.00237577
0.00188236
0.00157122
0.00157111
0.00150441
0.00121119
8.66459E-4
6.07879E-4
2.18048E-4
-4.88251E-4
-0.00123396
-0.0015075
-0.00132358
-0.00142833
-0.00210404
-0.00280348
-0.00307426
-0.00294998
-0.00277075
-0.00297376
-0.00369238
-0.00454948
-0.00496997
-0.00459578
-0.0039505
-0.0038074
-0.00417588
-0.00457389
-0.00429434
-0.00344689
-0.00294974
-0.00308167
-0.00330981
-0.0030501
-0.00239299
-0.00188003
-0.00183356
-0.00204596
-0.00203102
-0.00172576
-0.00140676
-0.00111858
-7.96078E-4
-5.96588E-4
-7.00706E-4
-0.00105572
-0.00151625
-0.00196421
-0.00227245
-0.00238937
-0.0023495
-0.00236591
-0.00258729
-0.00258434
-0.00215773
-0.00188479
-0.00210245
-0.00247729
-0.00246085
-0.00190981
-0.0012963
-9.04338E-4
-5.64874E-4
-2.6774E-4
-2.21754E-4
-5.0814E-4
-8.61704E-4
-0.00102051
-0.00100801
-8.99573E-4
-6.17948E-4
-1.19907E-4
1.996E-4
1.76015E-5
-3.49669E-4
-5.71891E-4
-6.39552E-4
-5.9708E-4
-4.98564E-4
-3.99276E-4
-4.97557E-4
-9.19722E-4
-0.00121909
-9.47309E-4
-3.46999E-4
7.62385E-5
6.97764E-5
-2.79492E-4
-5.20119E-4
-2.55271E-4
7.80605E-5
-2.33799E-5
-1.59126E-4
3.4549E-4
0.00136038
0.00182638
0.00131929
6.54861E-4
5.84373E-4
9.85013E-4
0.00131272
0.00130824
0.00121389
0.00136561
0.00160025
0.00169144
0.00171064
0.00157867
0.00128844
0.00101098
8.55216E-4
8.46712E-4
8.05349E-4
6.00714E-4
2.0542E-4
-3.2529E-4
-6.83035E-4
-6.17495E-4
-2.36173E-4
-1.9507E-5
-1.41048E-4
-2.50615E-4
-2.53326E-4
-3.39854E-4
-6.31889E-4
-9.17269E-4
-8.22728E-4
-4.1877E-4
5.26129E-6
2.51892E-4
1.33317E-4
-3.01811E-4
-6.22277E-4
-5.02766E-4
-1.74249E-4
-1.59974E-4
-5.96753E-4
-9.92502E-4
-9.08766E-4
-4.42852E-4
1.70376E-4
9.09884E-4
0.00148199
0.00141934
0.00103181
9.73377E-4
0.0013056
0.0016266
0.00161977
0.00145688
0.00142294
0.00156654
0.00177075
0.00175656
0.00157351
0.0015981
0.00167451
0.00136168
7.92605E-4
4.93336E-4
7.25993E-4
0.00105461
8.1711E-4
7.44627E-5
-5.68603E-4
-7.11055E-4
-5.9397E-4
-7.55102E-4
-0.00121262
-0.00147653
-0.00120188
-6.37398E-4
-2.60399E-4
-2.628E-4
-5.60575E-4
-9.43543E-4
-0.00114385
-0.00106061
-9.26067E-4
-9.71076E-4
-0.00108757
-0.00110708
-0.00112131
-0.00113001
-0.00102117
-8.37243E-4
-7.79904E-4
-0.00104653
-0.00132581
-0.00125319
-0.0010962
-0.00124654
-0.00162008
-0.00172374
-0.00140738
-0.00121072
-0.00150134
-0.00196493
-0.00212223
-0.00183235
-0.00141793
-0.00127987
-0.001511
-0.00187303
-0.0019838
-0.0016852
-0.00127134
-0.00123841
-0.00152439
-0.00162582
-0.00140759
-0.00115102
-0.00112925
-0.00128721
-0.00139002
-0.00129514
-0.00104758
-7.99784E-4
-6.613E-4
-6.75602E-4
-6.25606E-4
-2.68883E-4
1.71776E-4
4.67275E-4
7.45982E-4
0.00115333
0.00163117
0.00192782
0.00195106
0.00200368
0.0022916
0.00257668
0.0026175
0.00255696
0.00266669
0.00299721
0.00334975
0.00342205
0.00311712
0.00263644
0.00223558
0.00196999
0.00168006
0.00131215
0.0010117
8.39905E-4
6.17726E-4
2.3835E-4
-1.05623E-4
-2.54013E-4
-3.36511E-4
-5.85892E-4
-8.97475E-4
-0.00100044
-9.60735E-4
-0.00101278
-0.00120385
-0.00140771
-0.00151989
-0.00144221
-0.00116811
-9.52031E-4
-0.00100317
-0.00125436
-0.00155702
-0.0017115
-0.00158208
-0.00133422
-0.0012778
-0.00144363
-0.00152971
-0.001384
-0.00117821
-0.00111186
-0.00111547
-9.62483E-4
-6.77094E-4
-4.6834E-4
-3.95806E-4
-2.89074E-4
2.08841E-5
4.1275E-4
6.72039E-4
7.8856E-4
8.34384E-4
7.94375E-4
6.894E-4
6.06999E-4
5.66609E-4
5.40519E-4
5.14395E-4
