-8.931680999999999E-4
-8.828361999999999E-4
-5.255335999999999E-4
-1.9293859999999996E-4
-5.322441E-5
-1.9609469999999997E-5
-6.788709E-5
-1.9507019999999997E-4
-2.441293E-4
-7.172754E-5
1.95472E-4
3.4391529999999997E-4
3.0305599999999995E-4
1.062811E-4
-1.272106E-4
-2.507331E-4
-2.127619E-4
-2.497236E-5
3.145296E-4
6.195640999999999E-4
6.404583E-4
4.8334539999999996E-4
3.860273E-4
3.7779E-4
3.430604E-4
2.2088519999999997E-4
7.591225E-5
-6.209315E-5
-1.4348299999999997E-4
-1.571237E-4
-2.7020969999999996E-4
-4.8141669999999994E-4
-5.983582E-4
-6.010080999999999E-4
-4.7690229999999996E-4
-2.061924E-4
1.2248289999999997E-4
4.993759E-4
7.363672E-4
7.556041E-4
9.734091999999999E-4
0.00126771
0.0010268359999999997
4.0969449999999995E-4
1.488417E-5
1.860797E-4
7.262578999999999E-4
8.699017999999999E-4
2.871643E-4
-7.902407999999999E-4
-0.002023124
-0.0026750539999999996
-0.002476745
-0.0020315389999999997
-0.0017192489999999997
-0.0013837679999999998
-5.865865E-4
6.498895E-4
0.0015432649999999998
0.001637434
0.001176013
5.229009999999999E-4
6.870041E-5
-1.139245E-4
-2.735374999999999E-4
-4.2455109999999993E-4
-8.06713E-4
-0.001503163
-0.0017952569999999998
-0.001083445
1.1140899999999999E-4
6.577966999999999E-4
4.0335219999999996E-4
-1.727391E-5
-4.3123919999999994E-4
-8.818128999999999E-4
-0.001109822
-0.001074893
-8.977129999999999E-4
-5.974184E-4
-2.9690169999999994E-4
4.7219779999999994E-4
0.0019731079999999995
0.002871204
0.002182938
9.126651999999999E-4
2.9940509999999996E-4
7.790298E-5
-6.903136E-4
-0.002130701
-0.003479442
-0.0037939759999999997
-0.0028143499999999998
-0.001321424
-3.9556189999999993E-4
-2.2705149999999997E-5
6.103703E-4
0.0013275179999999998
0.001570797
0.0016363979999999998
0.0016575869999999999
0.0016350589999999997
0.001921582
0.0023728759999999995
0.002732298
0.0031631119999999996
0.0038468729999999994
0.004282085999999999
0.0036545909999999996
0.0023732909999999996
9.250304999999999E-4
-8.803514999999999E-4
-0.002138545
-0.002030215
-0.001519328
-0.001676874
-0.002009622
-0.0015355449999999997
-7.976294E-4
-8.131894999999999E-4
-0.0013646189999999999
-0.0018012599999999998
-0.001999743
-0.0026825179999999996
-0.004124843999999999
-0.005369732
-0.005897629999999999
-0.005665321
-0.004511611
-0.002735993
-0.0011738329999999998
-4.0150979999999993E-4
4.3677989999999997E-4
0.001990706
0.0035168089999999996
0.004624814999999999
0.005223486999999999
0.005368305999999999
0.0053385839999999995
0.005048839
0.004686543
0.004523461
0.004461842
0.004209988
0.0030296849999999994
9.481283999999999E-4
-5.834258E-4
-0.001021097
-9.006006E-4
-5.456531E-4
-4.5048509999999996E-4
-3.422445E-4
7.782459999999999E-4
0.00261836
0.0033959579999999997
0.002335595
1.250274E-4
-0.002327659
-0.0037109999999999995
-0.00433838
-0.00496735
-0.004437775
-0.0028386759999999996
-0.001308834
-1.8013689999999997E-4
2.1664809999999998E-4
1.4399099999999997E-4
4.5457429999999996E-4
0.0018115509999999998
0.003794399
0.0036651189999999997
-8.009886999999998E-5
-0.004427537
-0.006523184
-0.006810430999999999
-0.006089091
-0.004166107999999999
-0.001184885
0.001654074
0.0029011519999999997
0.0027213969999999995
0.002090282
0.0013060649999999997
0.001012278
0.001567125
0.0014897509999999999
-4.205552E-5
-6.996435E-4
0.00117939
0.0034953339999999997
0.004199278999999999
0.0035367459999999995
0.001498171
-0.001086805
-0.0017135039999999998
-3.798392999999999E-4
-4.4683939999999996E-4
-0.002803484
-0.0036181949999999994
-0.001959299
-6.218600999999999E-4
7.447618E-4
0.00265599
0.0034955559999999995
0.0033028949999999997
0.002387634
1.230144E-4
-0.0028476579999999994
-0.004780641
-0.005103978
-0.004080066999999999
-0.0017522479999999999
5.905157E-4
6.129373999999998E-4
-0.001849585
-0.004678286
-0.005956085999999999
-0.00435108
-7.538417999999999E-4
0.0016208679999999997
0.00114003
-6.861533999999999E-4
-0.001006903
0.001435014
0.005340698999999999
0.008525155999999999
0.009011923999999998
0.006665667999999999
0.003703188
0.001628579
2.49276E-4
-0.001512771
-0.004150788
-0.0058869149999999995
-0.00578425
-0.004948976999999999
-0.0036496359999999995
-0.001674968
1.133554E-5
3.8966369999999997E-4
3.603565999999999E-4
3.979308E-4
-0.001109961
-0.003959884
-0.005780021999999999
-0.005281528999999999
-0.003435816
-0.001977738
-4.977161E-4
0.00210708
0.004752948
0.006741479999999999
0.009514622999999998
0.012491769999999998
0.012692409999999998
0.010296989999999999
0.007605348999999999
0.004903851
0.002236548
0.0012514529999999998
0.002533354
0.0038587299999999995
0.0035826919999999997
0.0020625799999999996
-1.3960779999999998E-4
-0.002669677
-0.005661328
-0.008956055999999999
-0.0113714
-0.01205668
-0.010861429999999998
-0.008791019
-0.006922249999999999
-0.0052570379999999995
-0.004860117
-0.006522979
-0.008027098
-0.006361173999999999
-0.0020822169999999995
0.0018353169999999997
0.004099255999999999
0.0044271219999999995
0.0030284499999999994
0.0016057879999999997
0.00134348
0.0014530919999999998
0.0013176799999999997
0.0020083199999999996
0.004251426
0.006317927
0.006944561999999999
0.007799084999999999
0.009773112999999998
0.01109244
0.01148012
0.012329679999999999
0.012269949999999998
0.01010397
0.007562318
0.004667539
1.439608E-4
-0.003934367999999999
-0.005693182
-0.007196094999999999
-0.009688831
-0.011766239999999999
-0.012314829999999999
-0.011249379999999998
-0.008814537
-0.005598241999999999
-0.002746554
-4.870233999999999E-4
0.0020887749999999997
0.005066952999999999
0.007571628999999999
0.008222747
0.006705537
0.005098494
0.004767737999999999
0.004829036
0.004184879999999999
0.0027008119999999995
9.406930999999999E-4
-5.437123999999999E-4
-0.001159585
-6.091429E-4
9.212927999999999E-4
0.002780886
0.0038464529999999997
0.003934516
0.0031152709999999998
7.218593999999999E-4
-0.0022190369999999997
-0.0034899259999999995
-0.002702155
-0.0010311959999999998
5.203539E-4
0.001961012
0.0031286709999999995
0.0031632769999999995
0.0026244069999999996
0.0023237719999999996
0.0014035309999999997
-4.125634E-4
-0.0023839329999999995
-0.00461806
-0.006930920999999999
-0.007784034999999999
-0.006435422
-0.004742149
-0.005071364
-0.007037774999999999
-0.00850914
-0.008702728
-0.008329537999999997
-0.007461974999999999
-0.006349194999999999
-0.006077278999999999
-0.006648125999999999
-0.006940144
-0.006586366
-0.006737136999999999
-0.007723538
-0.007617596999999999
-0.0049506509999999995
-0.001131762
0.0018929519999999998
0.004051231999999999
0.006453972999999999
0.009429549
0.012177949999999998
0.01463376
0.01638649
0.01611859
0.014314539999999999
0.011541579999999997
0.007194018
0.0025276979999999997
-4.241712E-4
-0.0016374449999999997
-0.0027029489999999996
-0.004489701
-0.005784978999999999
-0.005564698
-0.004950872
-0.004721865999999999
-0.004049134999999999
-0.002911325
-0.0024101689999999998
-0.002788204
-0.003216156
-0.0035639259999999994
-0.004643334999999999
-0.0061521119999999995
-0.007499488999999999
-0.009181406
-0.01077828
-0.01053364
-0.007754280999999999
-0.004116591
-0.001262201
8.302298999999999E-4
0.003281442
0.0063530109999999996
0.008440539
0.009765930999999999
0.01107305
0.010205029999999999
0.007173052
0.0037821179999999997
-2.032697E-4
-0.0034424929999999996
-0.004229201
-0.0032402039999999996
-0.0013877429999999999
-6.381251E-4
-0.002338318
-0.0032322019999999996
-0.001101675
0.001901337
0.004330566
0.006392219
0.007863826999999999
0.008236037
0.008052114
0.007998948999999998
0.007328579
0.004931694
0.001195236
-0.002080803
-0.004046729999999999
-0.005952436999999999
-0.008229416999999998
-0.009799961
-0.010150539999999998
-0.009205344
-0.007461358999999999
-0.005091568
-0.0021616089999999997
-8.801128999999999E-5
8.799748999999999E-4
0.001827997
0.002545364
0.0021957519999999996
0.001411614
7.497984999999999E-4
-8.762953999999999E-4
-0.002436803
-0.002025294
-0.0010493429999999999
-0.001081627
-9.123527E-4
7.904159999999998E-4
0.002000386
5.83987E-4
-4.4699669999999993E-4
0.002145716
0.006035250999999999
0.008441064
0.009021015
0.007041117
0.0038537549999999995
0.003008933
0.004770564
0.0066952489999999995
0.007722795999999999
0.007607812999999999
0.006076984999999999
0.00443682
0.0037851179999999996
0.0035403279999999997
0.003490112
0.003516465
0.0028169989999999997
3.7158199999999997E-4
-0.004430531999999999
-0.009849057999999999
-0.013079539999999999
-0.013848849999999998
-0.01258184
-0.009165107999999998
-0.004982361
-0.0019380749999999998
-2.735185E-4
9.94842E-4
0.0019068909999999998
0.0023404469999999994
0.0029241919999999995
0.002884038
0.0010594189999999998
-0.001452818
-0.002870924
-0.003009934
-0.002889788
-0.0038402759999999997
-0.005607301999999999
-0.005878781
-0.0037715569999999996
-9.492340999999999E-4
3.090007999999999E-4
-3.456686E-4
-4.0227349999999993E-4
0.0011201429999999999
0.00209906
0.0018686569999999997
0.001876916
0.0020450969999999996
0.0010253349999999998
-4.771143E-4
-0.001635327
-0.003496724
-0.005698624
-0.0065478279999999995
-0.005675504
-0.004343261
-0.004493322999999999
-0.005813339999999999
-0.0061097519999999995
-0.005596997
-0.005628734999999999
-0.005486676
-0.003183121
0.0017945309999999998
0.007116208999999999
0.010668309999999999
0.01242863
0.01258574
0.01194159
0.01201299
0.01258083
0.012529399999999998
0.011799369999999998
0.01016995
0.007531015999999999
0.0049403269999999996
0.0029272779999999997
0.0010224259999999999
-5.381195999999999E-4
-0.001848125
-0.0037985179999999994
-0.005187708
-0.004461238
-0.002493379
-0.001012555
-6.168625999999999E-4
-7.311189999999999E-4
-8.103746E-4
-2.369243E-4
0.0014158439999999999
0.0027150519999999995
0.0019141599999999998
-2.3270559999999998E-4
-0.0024197989999999994
-0.004607616
-0.006288968999999999
-0.006727840999999999
-0.006540656
-0.006113541
-0.004870934
-0.0032604739999999998
-0.0019175959999999997
-7.119816999999999E-4
-2.6667869999999997E-5
1.527195E-5
-1.0678749999999999E-4
-2.19987E-4
-1.299683E-4
-2.2493369999999996E-4
-0.0013277369999999998
-0.0028213249999999995
-0.0038877109999999994
-0.0045539
-0.004916332
-0.0053233149999999995
-0.005034889999999999
-0.003186623
-8.72744E-4
7.145737999999999E-4
9.438498E-4
5.438560999999999E-5
-3.2050869999999997E-4
4.563704E-4
0.0015680059999999998
0.0025345529999999997
0.002908242
0.001861181
-1.1716969999999998E-4
-0.001459584
-0.002284062
-0.003563
-0.004299404
-0.0031985679999999997
-8.834890999999999E-4
0.00114811
0.0019725799999999994
0.001569525
6.294217999999999E-4
4.609073E-5
7.248431E-4
0.002360439
0.0034282789999999994
0.003613357
0.003782594
0.005425827999999999
0.008801532999999999
0.011924919999999999
0.013204849999999999
0.012328179999999998
0.009742427999999997
0.006124320999999999
0.0017179449999999998
-0.0030925399999999995
-0.007185231999999999
-0.009818692999999998
-0.01168979
-0.01348466
-0.014495279999999998
-0.013963219999999998
-0.012513629999999998
-0.010684259999999998
-0.007500066999999999
-0.0034096149999999995
-9.077047999999999E-4
-4.342794E-4
-0.0011428519999999998
-0.002903888
-0.004265477999999999
-0.003199687
1.3985869999999997E-4
0.004157045
0.007840894
0.01022961
0.01067222
0.01009658
0.009253875999999998
0.008203737999999999
0.0077456439999999994
0.008355785999999999
0.008790871
0.00812461
0.008057109
0.01033198
0.013753699999999999
0.01623796
0.01650269
0.013898829999999997
0.009411753
0.0048314429999999995
5.757121E-4
-0.003923522999999999
-0.007462557999999999
-0.008031981999999998
-0.006725869999999999
-0.006566277
-0.008283089
-0.009522779
-0.008429660999999998
-0.006094948999999999
-0.004514433
-0.004301527999999999
-0.005180501999999999
-0.007160771999999999
-0.009378507
-0.009892554999999999
-0.0079326
-0.004409994
-8.890126999999999E-4
0.0016147619999999998
0.0024929279999999997
0.0012569789999999999
-0.0012188169999999999
-0.002732
-0.0015788129999999999
0.001252072
0.0034718249999999996
0.004988164999999999
0.006673088999999999
0.007877333
0.007911879
0.008355505
0.01077609
0.01342827
0.01361184
0.010758169999999997
0.005700045
3.1412E-4
-0.0022032
-0.001037142
4.694607E-4
-1.6229859999999996E-5
-0.0011734349999999998
-9.990793999999999E-4
2.03602E-4
5.014948E-4
-9.381841E-4
-0.003055922
-0.004991444
-0.007251443999999999
-0.009713716999999998
-0.01183513
-0.01369914
-0.01405383
-0.012753179999999998
-0.012589289999999998
-0.012812949999999998
-0.01104579
-0.009218605
-0.008934346999999999
-0.008673348
-0.007533482999999999
-0.006575780999999999
-0.00635266
-0.006273951
-0.005990552999999999
-0.0050865929999999995
-0.00306888
-2.787735E-4
0.002465405
0.004184164999999999
0.00478522
0.005324716999999999
0.006474236999999999
0.007769773999999999
0.008052379
0.007808221999999999
0.009178188
0.012654909999999998
0.016669629999999998
0.01937768
0.019189399999999995
0.01604385
0.011265969999999998
0.006030649999999999
0.0014471479999999999
-0.002041903
-0.004333355999999999
-0.004535098999999999
-0.0021525729999999996
0.00174315
0.005354243
0.007375916999999999
0.008136076
0.00893983
0.009837956999999998
0.009817506
0.008594036999999999
0.006811685
0.004712083
0.002167387
-7.383925999999999E-5
-0.0021757959999999994
-0.004705142
-0.006075077999999999
-0.006272677999999999
-0.007284570999999999
-0.009178436
-0.0115149
-0.01435968
-0.01689512
-0.01838986
-0.01905893
-0.019092869999999998
-0.01803801
-0.015436489999999999
-0.012408849999999999
-0.010397579999999998
-0.009312609
-0.009339029999999998
-0.01065915
-0.012117749999999998
-0.01301434
-0.014075989999999998
-0.01622486
-0.01924984
-0.022561839999999996
-0.025863889999999997
-0.028427229999999998
-0.029903349999999995
-0.030620079999999997
-0.030594419999999997
-0.02969
-0.027662539999999996
-0.023094189999999997
-0.01484558
-0.0038777349999999998
0.008987212999999999
0.02347844
0.03799968
0.05052973999999999
0.05980641999999999
0.06561583
0.06862402
0.06975355
0.06948562999999999
0.0674154
0.06296755
0.05577773999999999
0.046478649999999996
0.03672518
0.026982089999999997
0.01717588
0.008684332
0.0026917659999999995
-0.0027741619999999997
-0.009572545999999998
-0.01588778
-0.01960627
-0.020274059999999997
-0.018756109999999996
-0.016707729999999997
-0.01568108
-0.01580579
-0.015511569999999999
-0.01390906
-0.01195825
-0.01070758
-0.010704799999999999
-0.01225293
-0.014893899999999998
-0.018078799999999996
-0.021528979999999996
-0.02486382
-0.027712719999999996
-0.029900749999999997
-0.03103316
-0.030806239999999995
-0.029307729999999997
-0.02609861
-0.02072006
-0.0141801
-0.008278701
-0.004422173
-0.0034869849999999997
-0.0051838909999999995
-0.009053376
-0.015258179999999998
-0.02265364
-0.028526559999999996
-0.03189723
-0.03483077
-0.03791357
-0.03898942999999999
-0.03769176999999999
-0.03523306999999999
-0.0309622
-0.02430625
-0.016416219999999995
-0.007870339
0.001061018
0.009546140999999998
0.017860719999999997
0.026585939999999995
0.03370596
0.03732471999999999
0.038473219999999995
0.038245499999999995
0.03733805
0.03650098999999999
0.03567910999999999
0.03467496
0.03331859999999999
0.03264768999999999
0.03442331
0.03827943999999999
0.04233697
0.04540941
0.04736766
0.0478207
0.04585664
0.04180067999999999
0.03621509
0.028831669999999997
0.021166249999999998
0.015668
0.01249896
0.010713839999999999
0.009732665999999997
0.009518073999999998
0.01084286
0.0139975
0.018390549999999995
0.02333229
0.027914689999999995
0.031049559999999997
0.03261543
0.03300158999999999
0.03211934999999999
0.030669849999999995
0.029149319999999996
0.02711346
0.02458595
0.021104119999999997
0.015592859999999998
0.0076814399999999994
-0.002055801
-0.01247443
-0.022516279999999996
-0.03191728
-0.04042036
-0.04643902999999999
-0.04868353
-0.047930129999999994
-0.045938299999999994
-0.04375212
-0.041156639999999994
-0.0369656
-0.02971838
-0.02117695
-0.015172819999999998
-0.011463219999999998
-0.007981798
-0.004974141999999999
-0.003521226
-0.0034123489999999994
-0.003948479
-0.00541438
-0.007577926
-0.009081314999999998
-0.009732586
-0.01093612
-0.013162889999999998
-0.01636986
-0.02091591
-0.025967139999999996
-0.031014129999999997
-0.036759099999999996
-0.04240072999999999
-0.04689263
-0.05034443999999999
-0.05138228999999999
-0.0491247
-0.045869759999999996
-0.04362637
-0.042487189999999994
-0.04224431
-0.04286378
-0.044430859999999996
-0.04618621999999999
-0.04685645
-0.0462504
-0.04462690999999999
-0.04161507
-0.036937859999999996
-0.03055321
-0.021529739999999995
-0.008686813999999998
0.008231614
0.027951699999999996
0.047631549999999995
0.06462989999999999
0.07789111999999998
0.08744971999999998
0.09360160999999999
0.09753997
0.1002546
0.1011933
0.09964402999999998
0.09486108999999998
0.08641699
0.0752246
0.0629636
0.05127304
0.04037464999999999
0.028868859999999996
0.01619643
0.0028480079999999995
-0.010513159999999999
-0.022575429999999997
-0.03284511999999999
-0.04162973
-0.04854876999999999
-0.05416425999999999
-0.058957779999999994
-0.06156228999999999
-0.06178804999999999
-0.060278689999999996
-0.05710968
-0.05280776
-0.0471619
-0.03976035
-0.030701999999999997
-0.01978799
-0.007925984
0.002565454
0.010309649999999998
0.015216549999999999
0.017184619999999998
0.01672673
0.014338269999999998
0.010839819999999998
0.008328433
0.007074616999999999
0.0053819359999999995
0.002689568
-4.994582E-4
-0.004131342999999999
-0.008354791
-0.01312728
-0.018235949999999997
-0.023533429999999998
-0.02906366
-0.03496457
-0.04034561999999999
-0.04360232
-0.04506817
-0.04532644999999999
-0.043342759999999994
-0.03823867999999999
-0.030126549999999995
-0.020043209999999995
-0.009426559
0.001506244
0.013381029999999999
0.025396579999999995
0.03605778
0.045422479999999994
0.05405079
0.06115183
0.06572816
0.06778912999999999
0.06831971
0.06851081
0.06878667999999999
0.06953967999999999
0.07159958
0.07504128
0.07851048
0.08017982999999998
0.07912753999999998
0.07617959999999999
0.07249763
0.06782396
0.06160867
0.054449739999999996
0.04756851
0.04112323999999999
0.03489127
0.02995486
0.026568919999999996
0.022590769999999996
0.017161879999999997
0.01150655
0.005678606
-8.642253E-4
-0.008231844
-0.01608955
-0.024374959999999998
-0.03406872
-0.044375239999999996
-0.05371299
-0.06291957
-0.07255607999999998
-0.08105645
-0.08752124999999998
-0.09335191999999999
-0.09880369
-0.10171109999999998
-0.10142289999999998
-0.10002969999999999
-0.09892579999999998
-0.09708796999999998
-0.09402407
-0.09077588999999998
-0.08725413999999998
-0.08133299
-0.07258396999999998
-0.06328619
-0.054635
-0.04639005999999999
-0.03739935
-0.02578129
-0.01134447
0.004314023
0.019378339999999997
0.03252251
0.043997879999999996
0.05484159999999999
0.06474164999999998
0.07234193999999998
0.07749175
0.0807092
0.08123126
0.07873616999999998
0.07447503999999999
0.07026933
0.06718175999999998
0.06425498
0.06041089999999999
0.05585033999999999
0.05013639999999999
0.04222093999999999
0.0330355
0.0247893
0.017780569999999996
0.01104649
0.0038919429999999997
-0.0029580279999999997
-0.008116475
-0.012680999999999998
-0.018144299999999995
-0.02452685
-0.030215359999999997
-0.03305965
-0.03400975
-0.03460395
-0.034641759999999994
-0.03415167
-0.03299826
-0.030449209999999997
-0.026173479999999995
-0.02055436
-0.01475704
-0.010107639999999998
-0.006950422
-0.005240645
-0.004807588999999999
-0.005149997
-0.006314506999999999
-0.008141728
-0.009917241
-0.012264309999999999
-0.015885959999999998
-0.01976164
-0.023808879999999998
-0.028169869999999996
-0.031004139999999996
-0.03083196
-0.02795901
-0.024128819999999995
-0.020619499999999995
-0.01792232
-0.01702013
-0.01799169
-0.01960817
-0.02090818
-0.022027629999999996
-0.02345318
-0.02401698
-0.02215377
-0.018521419999999997
-0.013569759999999998
-0.007264301999999999
-0.001142782
0.004324139999999999
0.009738820999999998
0.01472331
0.019041469999999998
0.02351324
0.029200089999999998
0.03499380999999999
0.03987929999999999
0.04520779999999999
0.05068966
0.05525034999999999
0.06018407
0.06595695
0.07105230999999998
0.07502385999999998
0.07863283
0.08160747999999998
0.08295451999999999
0.08284625999999999
0.08189667999999999
0.07934968
0.0737013
0.0653915
0.05568743999999999
0.0442361
0.030575529999999997
0.016169439999999997
0.0038154089999999996
-0.005907902
-0.014906229999999998
-0.02378507
-0.03229571
-0.040532479999999996
-0.04723635
-0.051869019999999995
-0.055409429999999996
-0.05785148999999999
-0.058947009999999994
-0.05979182999999999
-0.062107569999999994
-0.06575326
-0.06915771
-0.07130835999999999
-0.07161288
-0.06950794999999999
-0.06517866
-0.06026854999999999
-0.05581607999999999
-0.05190495999999999
-0.049342939999999995
-0.04751948
-0.04449220999999999
-0.040445989999999994
-0.03599055999999999
-0.02916705
-0.01873222
-0.006640381
0.003923521
0.01053555
0.013573899999999998
0.01456975
0.01494465
0.017230559999999995
0.022598139999999996
0.02979492
0.03719085
0.04363625
0.04763185999999999
0.04806215999999999
0.04616565999999999
0.04348065
0.04048734999999999
0.03752666
0.0347727
0.03194105
0.02806951
0.023642549999999995
0.020559139999999997
0.019904419999999996
0.0215731
0.024859219999999998
0.029098519999999996
0.03291835
0.03535395
0.03677136
0.03699238
0.03551375999999999
0.03271265
0.029476809999999996
0.025842859999999995
0.021350369999999997
0.01670555
0.011742319999999999
0.004402399
-0.005783626
-0.01764072
-0.030218069999999996
-0.04174561
-0.04989125999999999
-0.05404153
-0.05570884
-0.05613907
-0.05579618
-0.05504033
-0.054037129999999996
-0.05293916
-0.0514666
-0.050057729999999995
-0.04926563999999999
-0.04772446
-0.04538506
-0.04380115
-0.042486829999999996
-0.041556939999999994
-0.042552549999999995
-0.04399969
-0.04240698999999999
-0.037042439999999996
-0.02993664
-0.021458979999999996
-0.010937469999999998
-0.0011424549999999997
0.006225511999999999
0.013179459999999999
0.019762379999999996
0.025138599999999997
0.030238649999999995
0.03540283
0.040563669999999996
0.04570653999999999
0.05035578
0.054752459999999996
0.058955499999999994
0.06262305
0.0654105
0.06653106
0.066284
0.0654106
0.06342687
0.05917471
0.05177561
0.04122802999999999
0.028649739999999996
0.01592846
0.004602342999999999
-0.004707006
-0.01241968
-0.018330569999999997
-0.019975239999999995
-0.01660165
-0.01085558
-0.004490320999999999
0.0023244919999999996
0.00845318
0.012231019999999999
0.013127549999999998
0.01147337
0.007894317
0.0028269549999999995
-0.0036570739999999997
-0.010909129999999998
-0.01830216
-0.02592688
-0.03251701
-0.03607982
-0.0363997
-0.034737439999999994
-0.03263148
-0.03084086
-0.02900641
-0.02772216
-0.028693799999999995
-0.03074198
-0.03092064
-0.0298787
-0.029410599999999995
-0.027660509999999996
-0.02268701
-0.01527829
-0.006359759999999999
0.0032956079999999994
0.01242895
0.020413219999999996
0.026804919999999996
0.030274689999999996
0.030475369999999998
0.02876416
0.025759619999999997
0.022433689999999996
0.020416389999999996
0.01960774
0.019066719999999995
0.018740689999999997
0.01912788
0.020134159999999998
0.02109571
0.02104007
0.020344949999999997
0.0205378
0.021016469999999995
0.020476059999999997
0.01929161
0.01757577
0.015188369999999998
0.012584339999999998
0.009904048999999998
0.007767924999999999
0.006911712999999999
0.007852601
0.011172389999999999
0.015744019999999997
0.01968721
0.02244425
0.023566199999999995
0.022261899999999998
0.018566609999999997
0.01318338
0.005761761999999999
-0.005116323
-0.01806214
-0.02934139
-0.03735001999999999
-0.04255187
-0.04525679999999999
-0.04531267
-0.04368496999999999
-0.043255669999999996
-0.04592031
-0.05009399999999999
-0.05385531
-0.05728731
-0.06011831
-0.06068949999999999
-0.05839294999999999
-0.05376351
-0.04688642999999999
-0.03866959999999999
-0.030257359999999997
-0.02203249
-0.014041429999999999
-0.005755455
0.0022604889999999996
0.008032264
0.011122379999999998
0.01299682
0.01506241
0.01797098
0.02155655
0.0260943
0.032156599999999994
0.03884119999999999
0.04445309
0.048427979999999995
0.052408989999999996
0.05753523
0.0621864
0.06483952
0.06544378
0.06432456
0.06109951999999999
0.05452910999999999
0.044717719999999996
0.03290939
0.020541189999999997
0.00959005
7.050473999999999E-5
-0.008116466
-0.012978709999999997
-0.014317289999999998
-0.013771959999999998
-0.012662459999999999
-0.01154416
-0.009733614
-0.006823796
-0.004358757999999999
-0.004117755999999999
-0.0057051689999999995
-0.006983654999999999
-0.007456134999999999
-0.008823942999999999
-0.011437489999999998
-0.01438817
-0.017579869999999997
-0.02071879
-0.02286119
-0.02414606
-0.025198069999999996
-0.02609462
-0.026705689999999997
-0.026701189999999996
-0.026617479999999995
-0.026805849999999996
-0.026287589999999996
-0.02518394
-0.024289769999999995
-0.023750129999999998
-0.02444974
-0.026070929999999996
-0.026392739999999998
-0.02525109
-0.02363618
-0.02132693
-0.019127209999999995
-0.01807572
-0.016907259999999997
-0.014118869999999999
-0.009747428
-0.003815588
0.003933753
0.012512399999999998
0.01901288
0.021185549999999997
0.02057859
0.019274259999999998
0.01745775
0.01599152
0.01545422
0.01510931
0.014747309999999998
0.01492929
0.015612649999999999
0.015761659999999997
0.015209289999999999
0.014565039999999998
0.01321724
0.01051815
0.008429305
0.008870332999999998
0.010288809999999999
0.011110639999999998
0.01140107
0.0107856
0.009077872999999998
0.006621149999999999
0.003061444
-0.0011420219999999997
-0.0034281569999999994
-0.003823703
-0.0051940929999999995
-0.007998061
-0.011375359999999998
-0.015549789999999999
-0.019640509999999996
-0.021851519999999996
-0.02241259
-0.022469689999999997
-0.02285279
-0.022744109999999998
-0.021427299999999996
-0.020305019999999997
-0.018338499999999997
-0.01439645
-0.010560639999999998
-0.007912745
-0.005587203999999999
-0.003534087
-0.0026391079999999994
-0.0026753769999999996
-0.0017651999999999998
0.001400463
0.005268820999999999
0.008842852
0.01352505
0.01857171
0.021702049999999997
0.023857709999999997
0.026942929999999997
0.029855429999999995
0.031244099999999997
0.031898409999999995
0.03244465
0.03232607
0.03132441
0.029831169999999997
0.028396649999999996
0.027273279999999997
0.025760439999999996
0.02306815
0.01960514
0.016410309999999997
0.01386873
0.01146968
0.008737852999999999
0.006405676999999999
0.005438288999999999
0.005224738
0.004850629
0.004394373
0.003929167
0.0037534899999999995
0.004970255999999999
0.007972107999999999
0.011596829999999999
0.014396269999999997
0.0159929
0.01644335
0.014999059999999998
0.01166976
0.008195835
0.0054386519999999995
0.002643997
-6.802725E-4
-0.004849782
-0.010603279999999998
-0.01775204
-0.0250674
-0.03151752
-0.03665904
-0.04102597999999999
-0.04469976
-0.04719207
-0.04915877999999999
-0.050501769999999994
-0.05003456
-0.0476393
-0.044249739999999996
-0.04144454
-0.03976688
-0.038280299999999996
-0.036614869999999994
-0.03509047999999999
-0.0334149
-0.03077434
-0.026840439999999997
-0.02201206
-0.01700327
-0.012103259999999998
-0.0067990509999999995
-0.00137116
0.0031197079999999997
0.0074153479999999996
0.01206132
0.01636803
0.02083209
0.02586143
0.0304202
0.03315898
0.0336576
0.032979699999999994
0.03212735
0.030234829999999997
0.02654619
0.02230342
0.019171239999999996
0.018160549999999998
0.01886105
0.01917368
0.01850874
0.01860136
0.01922188
0.018011719999999995
0.015439269999999998
0.01401727
0.013668349999999998
0.013097719999999998
0.012409679999999998
0.01163445
0.01002788
0.008153921
0.007404069999999999
0.006973112
0.004994915999999999
0.001764455
-0.0013177419999999998
-0.004840245
-0.01041173
-0.016906429999999997
-0.021430729999999995
-0.024099189999999996
-0.02697959
-0.02913811
-0.02922828
-0.02941381
-0.030952599999999997
-0.03233147
-0.03252533999999999
-0.03134253
-0.028612639999999998
-0.024389119999999997
-0.0192489
-0.014030699999999998
-0.009511646999999998
-0.005865656999999999
-0.00236847
0.001695448
0.006626777999999999
0.01179038
0.01591067
0.01969432
0.02427643
0.028366639999999995
0.030861209999999997
0.03215142
0.03229892
0.03093644
0.028298899999999995
0.024704149999999998
0.02062556
0.01731572
0.015116839999999998
0.01315384
0.01102992
0.00835556
0.00444586
2.004075E-6
-0.003813586
-0.007219015
-0.01087535
-0.013916589999999998
-0.015211169999999998
-0.01617804
-0.01782529
-0.018650499999999997
-0.01803543
-0.01708881
-0.01644926
-0.015893389999999997
-0.01526388
-0.01459028
-0.01395447
-0.01398113
-0.01479512
-0.015524569999999998
-0.01640243
-0.01806746
-0.019969459999999998
-0.021322389999999997
-0.02151447
-0.01975911
-0.01614365
-0.01166015
-0.0069908439999999995
-0.0025976239999999998
0.0016202569999999997
0.006106550999999999
0.010218989999999999
0.01318284
0.01543648
0.017254859999999997
0.018705
0.02040012
0.022245639999999997
0.02350941
0.023961589999999998
0.02432306
0.02488671
0.02463888
0.023621269999999996
0.02265764
0.022325689999999995
0.022966799999999996
0.02390843
0.02450947
0.024774469999999996
0.025010809999999998
0.02494715
0.024029429999999997
0.022896859999999998
0.02281732
0.023962159999999996
0.024821869999999996
0.02428258
0.0228794
0.020878569999999996
0.01826282
0.015564029999999998
0.01260327
0.009148240999999998
0.0059188439999999995
0.003582568
0.0014361069999999998
-0.0018316699999999999
-0.005644340999999999
-0.008862388999999998
-0.01122137
-0.012160219999999998
-0.01189478
-0.011510979999999999
-0.011359049999999999
-0.01176608
-0.0133039
-0.015446029999999998
-0.01728219
-0.0188771
-0.020710879999999997
-0.023263139999999998
-0.02652963
-0.02959944
-0.03210587
-0.03418731
-0.03557246
-0.035842019999999995
-0.0348596
-0.03335812
-0.03204082999999999
-0.030890909999999997
-0.029713969999999996
-0.02767292
-0.024244659999999998
-0.02086177
-0.018482939999999996
-0.01651921
-0.015165209999999998
-0.014314889999999999
-0.012834869999999998
-0.011068589999999998
-0.009510764999999997
-0.006692279999999999
-0.001719254
0.00414121
0.01023272
0.01685359
0.02233175
0.02542199
0.026897239999999996
0.026552359999999997
0.024431119999999997
0.02192433
0.019413189999999997
0.0170397
0.01549912
0.014677159999999998
0.01468301
0.01583599
0.01740354
0.01825139
0.017892839999999997
0.01708374
0.016231319999999997
0.01461589
0.01264928
0.011222679999999999
0.009487702999999998
0.006726512
0.0037765869999999997
0.001280159
-8.885221E-4
-0.002386565
-0.002734598
-0.0027295079999999994
-0.0037190739999999997
-0.005305315999999999
-0.00649736
-0.00755529
-0.00816211
-0.008640604999999999
-0.01039323
-0.012437779999999999
-0.013434119999999999
-0.0143413
-0.015942259999999996
-0.01781317
-0.019589489999999998
-0.02135201
-0.022275519999999997
-0.02194667
-0.02200927
-0.02232544
-0.020631359999999998
-0.016739079999999996
-0.01202956
-0.006292046999999999
7.687959E-4
0.007291527
0.01193048
0.01529816
0.018577569999999998
0.022447459999999995
0.02604593
0.028060779999999997
0.029050689999999997
0.030145019999999998
0.030625909999999996
0.02960318
0.02857312
0.029387679999999996
0.03070528
0.030965859999999998
0.030634629999999996
0.02893157
0.025211249999999998
0.020151609999999997
0.013747449999999998
0.006339645999999999
-6.322932E-4
-0.006578475
-0.012000759999999997
-0.01659898
-0.019819609999999998
-0.02214178
-0.02415063
-0.025794509999999996
-0.026553639999999996
-0.02642236
-0.02578224
-0.02433797
-0.022155459999999995
-0.019993779999999996
-0.017944679999999998
-0.015265399999999998
-0.01255982
-0.01081813
-0.009244762999999998
-0.006765534
-0.0025252599999999997
0.0032744329999999998
0.008437958999999998
0.011596529999999999
0.013655529999999999
0.015847599999999996
0.0182714
0.019032769999999997
0.0170645
0.014912209999999999
0.013916729999999999
0.01229459
0.01042089
0.009431125
0.007411760999999999
0.0033505749999999997
-0.0016486969999999997
-0.007157251
-0.012315459999999999
-0.01579341
-0.01851054
-0.021854929999999998
-0.025067629999999997
-0.02692762
-0.02699235
-0.02590002
-0.025083069999999996
-0.02497139
-0.024205549999999996
-0.021906909999999998
-0.01921438
-0.01689192
-0.0137179
-0.009105351999999999
-0.004566189
-9.093210999999999E-4
0.002430274
0.005722169
0.008899670999999998
0.01183494
0.014357749999999999
0.01571155
0.015187019999999999
0.01336791
0.011106959999999999
0.009028915999999998
0.007186712999999999
0.005449454
0.004594282
0.004531558999999999
0.004980164999999999
0.006927136999999999
0.009405625
0.009964260999999999
0.008747086999999999
0.006949308
0.004140816
5.046272999999999E-4
-0.0023111959999999997
-0.004247238
-0.006904408999999999
-0.009729590999999998
-0.01102155
-0.012267249999999999
-0.014889169999999998
-0.016339179999999995
-0.014480239999999998
-0.01123248
-0.009736292
-0.009610981
-0.007910817
-0.004512390999999999
-0.001266516
0.001685543
0.005103054999999999
0.008953908999999998
0.012466609999999998
0.01496302
0.016403659999999997
0.01709346
0.01730883
0.01742346
0.01765282
0.01759529
0.01716319
0.017378259999999996
0.01866101
0.01990203
0.02034897
0.020605609999999996
0.02082801
0.02036801
0.0194449
0.018593759999999997
0.017094
0.01477481
0.01287731
0.011329369999999998
0.009197878999999999
0.006229103
0.0024457889999999994
-0.0015427659999999999
-0.004602586
-0.006116882
-0.006324303
-0.005901086
-0.005361290999999999
-0.005240472999999999
-0.005780559
-0.006826291999999999
-0.008593085
-0.01101846
-0.013845789999999998
-0.01587391
-0.015149569999999998
-0.012811029999999998
-0.011047079999999999
-0.009553045
-0.008171195999999999
-0.006519329999999999
-0.004378329
-0.0029203929999999994
-0.0013963019999999999
6.917593E-4
0.001938781
0.002364941
0.0021027989999999994
0.0011949959999999998
0.0013097019999999998
0.002334098
0.0021602859999999995
0.0010771269999999998
5.109321E-4
3.650534E-4
7.231999E-4
0.0019890579999999997
0.002977626
0.002840114
0.0024909819999999997
0.0023394579999999996
0.0017200369999999998
7.833100999999999E-4
8.335928E-4
0.0019513659999999997
0.003002471
0.003626379
0.0037617459999999994
0.0037481069999999997
0.004524292
0.005434036999999999
0.005413717999999999
0.005171532999999999
0.004907066
0.0032539209999999995
1.7298779999999996E-4
-0.002849703
-0.00600434
-0.010350239999999998
-0.015101989999999997
-0.01848864
-0.02004357
-0.02133862
-0.023092049999999996
-0.02387048
-0.02430022
-0.02566533
-0.026373919999999995
-0.025341109999999997
-0.023342779999999997
-0.02205767
-0.0223773
-0.02212032
-0.020432219999999997
-0.0204243
-0.022180409999999998
-0.02177391
-0.019409819999999998
-0.01807559
-0.01672167
-0.01317624
-0.008537422999999999
-0.004611186999999999
-0.0012370929999999999
0.002065971
0.004574432999999999
0.006251406999999999
0.008037317
0.010051849999999998
0.01212495
0.01430912
0.016681389999999997
0.019024019999999996
0.02034707
0.020502139999999995
0.020897929999999995
0.022105199999999995
0.02369728
0.02546013
0.02689176
0.027671019999999998
0.028067049999999996
0.02801137
0.02710494
0.025641359999999995
0.024585329999999996
0.02445655
0.024840529999999996
0.024732409999999996
0.02340934
0.021359209999999997
0.01988092
0.01927023
0.01861164
0.0174538
0.01603214
0.01470078
0.01332136
0.011364159999999998
0.009420829
0.007826354
0.005927013
0.004023058
0.002359843
4.2253039999999993E-4
-0.0015445999999999997
-0.0025688009999999995
-0.002824067
-0.0027532949999999994
-0.0018120999999999999
-7.509508999999999E-4
-5.447514E-4
-9.022245E-5
9.225764999999999E-4
7.598648999999999E-4
-7.586860999999999E-4
-0.001701045
-0.002122806
-0.003546287
-0.005430278999999999
-0.006970622999999999
-0.008031764
-0.007889256
-0.007042163999999999
-0.006852836
-0.007170955999999999
-0.007067623
-0.006745997999999999
-0.007808745999999999
-0.010272239999999998
-0.012062319999999998
-0.01291234
-0.014775519999999999
-0.01822494
-0.021488729999999998
-0.02419703
-0.02654193
-0.02726176
-0.027199209999999998
-0.028080339999999995
-0.029291799999999996
-0.029582099999999997
-0.028560399999999996
-0.026793779999999996
-0.024479689999999995
-0.02124843
-0.01830414
-0.016714519999999997
-0.015839249999999996
-0.014794919999999998
-0.013016289999999998
-0.011174109999999998
-0.010038549999999999
-0.009028125
-0.007678726999999999
-0.005968281
-0.004299188
-0.003344555
-0.002948529
-0.002785892
-0.002853288
-0.002722047
-0.0015644579999999997
8.044575E-4
0.003377073
0.005288266
0.006379892
0.006571389
0.005914180999999999
0.004684951
0.0034535089999999996
0.002573773
0.0017027549999999998
1.568067E-4
-0.002103356
-0.003992848
-0.004909563999999999
-0.005263563999999999
-0.005126176999999999
-0.004870993999999999
-0.005146274999999999
-0.005369314
-0.005563009999999999
-0.006812942999999999
-0.008677177999999999
-0.009955380999999998
-0.010496569999999998
-0.010716379999999998
-0.01056991
-0.010095099999999997
-0.009726681
-0.009209868999999999
-0.008696416999999998
-0.008853775
-0.008977053999999998
-0.008147614
-0.006313282999999999
-0.0038562549999999994
-0.0014807699999999997
5.044046E-4
0.0020741959999999995
0.0031111979999999995
0.004133936999999999
0.005639685
0.007658049
0.01066283
0.01460815
0.01843241
0.021545349999999998
0.023314799999999997
0.023220749999999995
0.022488209999999998
0.022146629999999997
0.021898299999999996
0.02152464
0.02077464
0.019401819999999997
0.01768202
0.0168345
0.018047389999999996
0.020115139999999997
0.021453719999999996
0.022239939999999996
0.022698669999999997
0.02283319
0.02294781
0.02293364
0.021915599999999997
0.01988476
0.0179138
0.015467099999999998
0.01157577
0.007520994999999999
0.004246411999999999
5.26654E-4
-0.0035077799999999994
-0.005583689
-0.005566988
-0.005158163
-0.004148358999999999
-0.002006248
-4.356754E-4
-3.069991E-4
-5.397733999999999E-4
-0.0011770059999999998
-0.002008224
-0.001571336
-6.665213999999999E-4
-6.080254999999998E-4
-4.05662E-4
-2.221499E-4
-9.278903999999999E-4
-0.0015082959999999997
-0.0014451409999999998
-9.860432999999997E-4
-9.644207999999999E-5
0.001026142
0.0023942819999999997
0.004087579
0.005820414
0.007463107
0.009011910999999997
0.010236669999999998
0.01119382
0.012322339999999998
0.013384879999999998
0.013952399999999998
0.014372859999999998
0.014849039999999999
0.014777399999999998
0.013718129999999999
0.012537499999999998
0.011913049999999998
0.01102907
0.009428359999999998
0.008180913
0.007035774999999999
0.004313112
0.0011623469999999998
-1.516384E-4
-5.350264999999999E-4
-0.0018142869999999997
-0.00326205
-0.004136240999999999
-0.005830362999999999
-0.008743201
-0.011091809999999999
-0.012168279999999998
-0.013310589999999999
-0.01499342
-0.01645858
-0.017341299999999997
-0.018115409999999995
-0.01924959
-0.019863039999999995
-0.01934018
-0.01889693
-0.01901649
-0.01870995
-0.01829709
-0.018785299999999998
-0.0196031
-0.01958852
-0.01899845
-0.018405079999999997
-0.01665032
-0.013550099999999999
-0.010863619999999997
-0.008478574999999999
-0.005518643999999999
-0.0024150529999999995
5.885768999999999E-4
0.003185772
0.004660611999999999
0.004929547
0.004701719
0.004408757999999999
0.0035753489999999994
0.001319788
-0.0018620289999999999
-0.004342071999999999
-0.005639943
-0.005502896
-0.00412247
-0.0025836139999999997
-0.0011904929999999997
-4.008112E-4
-3.153813E-4
-6.828586E-4
-0.0017944529999999999
-0.0030361719999999997
-0.0041394479999999996
-0.005314949
-0.0060972859999999995
-0.006878147999999999
-0.007294341
-0.006011681
-0.004351261
-0.004047097
-0.0037199119999999997
-0.0019818909999999995
4.304155E-4
0.0029167849999999994
0.005199064999999999
0.007062083999999999
0.009267397
0.011666859999999998
0.012193339999999999
0.010377879999999999
0.008509332999999997
0.008018729
0.0080025
0.007656444999999999
0.007247322999999999
0.007619697
0.00886351
0.009456212
0.009025717
0.008575137
0.008200381
0.007370266999999999
0.006010793999999999
0.004929674999999999
0.003999014
0.002417224
0.001287205
0.0012653479999999997
0.0013503849999999997
0.001193133
0.0010799399999999997
0.001063362
0.0010379029999999997
9.893828999999997E-4
9.476010999999999E-4
9.604515999999998E-4
8.377695999999999E-4
1.1227789999999999E-4
-9.8922E-4
-0.00130176
-2.1180619999999997E-4
9.809439E-4
0.001396595
0.002176832
0.0033424659999999997
0.003726976
0.0035927659999999994
0.004116639
0.005239923
0.005751889
0.005474191999999999
0.005133927
0.004272552
0.002631188
9.337868999999999E-4
-9.32768E-4
-0.002089758
-0.0016753839999999998
-0.001043852
-0.0013974299999999999
-0.002744685
-0.004471812999999999
-0.005981645
-0.006663902
-0.006636647999999999
-0.007364322
-0.008783986
-0.009276615
-0.009498014999999999
-0.01036187
-0.011093969999999998
-0.01158398
-0.01208277
-0.012866789999999998
-0.014031509999999999
-0.01518608
-0.0157238
-0.014734719999999998
-0.012609759999999998
-0.010927209999999998
-0.009547137
-0.007328548999999999
-0.004232621
-0.001264352
7.917278999999999E-4
0.0026221529999999995
0.00526863
0.008360568999999998
0.01065303
0.012667349999999999
0.01493246
0.01615656
0.01618388
0.01616643
0.01625151
0.015517189999999998
0.014373339999999998
0.01432128
0.01453798
0.01345911
0.012061149999999998
0.011345939999999999
0.011179649999999998
0.011501429999999998
0.01182157
0.011622749999999998
0.01085618
0.009606974999999999
0.008995344
0.009476761
0.008730201999999998
0.005513993
0.0017757279999999999
-4.6325129999999997E-4
-0.0016288569999999998
-0.0029919709999999995
-0.00415936
-0.004313388999999999
-0.004025493
-0.003703135
-0.002626065
-8.933619999999999E-4
5.655343999999999E-4
0.00132964
0.0014039949999999997
9.767083E-4
4.3917369999999997E-4
-3.8903719999999997E-4
-0.002065562
-0.004089573
-0.005477832
-0.006608808
-0.008190451
-0.009499458
-0.010296989999999999
-0.011597739999999999
-0.012836619999999998
-0.01245869
-0.011001289999999999
-0.009376144
-0.0075715059999999995
-0.0060218649999999995
-0.004723096
-0.0035200689999999994
-0.0029352149999999997
-0.003413061
-0.004487364999999999
-0.004976279
-0.004679712999999999
-0.0039246459999999995
-0.0030043979999999997
-0.002402359
-0.0019828
-0.0015012259999999998
-0.001019702
-5.086836E-4
-5.8275839999999995E-6
2.824958E-4
-3.089178E-4
-0.001926882
-0.003669327
-0.005074539
-0.005932478999999999
-0.006196748
-0.005944000999999999
-0.005928875
-0.006459315999999999
-0.0054948309999999995
-0.0033802849999999994
-0.0028835879999999994
-0.0036758149999999994
-0.0037260899999999996
-0.002759604
-0.0015504479999999998
-8.544134E-5
7.206755E-4
1.0472029999999998E-4
2.541627E-4
0.001297963
5.639657999999999E-4
-0.0013377819999999998
-0.0018236739999999997
-9.745051999999999E-4
-7.927101999999998E-5
4.290953E-4
6.825798E-5
-6.994079999999999E-4
-9.619589999999999E-4
-0.001241472
-0.002161318
-0.0037888739999999994
-0.00574439
-0.006749401999999999
-0.006264172999999999
-0.005090091999999999
-0.004474038999999999
-0.005175071
-0.006051151
-0.006555321999999999
-0.007613235
-0.009033673
-0.009955207999999998
-0.01066057
-0.011260599999999999
-0.01019942
-0.007668984
-0.0057845019999999995
-0.004907758
-0.0036503729999999997
-0.0019249829999999997
-4.0656419999999995E-4
9.769905E-4
0.0017425219999999998
0.0026057179999999995
0.004332502999999999
0.00562111
0.005992416999999999
0.005940626
0.005793608
0.006088538999999999
0.0066967699999999995
0.0070197409999999995
0.007055495999999999
0.0072189179999999995
0.007540515999999999
0.007813761
0.008176254999999999
0.008179091
0.007604154999999999
0.007368629999999999
0.007543036
0.007603849
0.007849146
0.008781387999999998
0.009699699999999999
0.009627379999999998
0.009092031999999998
0.008738391999999998
0.008523033999999999
0.008521971999999997
0.008476366
0.007895109999999999
0.007162562
0.00668808
0.005739821
0.004121239999999999
0.003051718
0.002919655
0.0030833929999999994
0.003237061
0.0030320899999999994
0.002497827
0.0022901949999999996
0.001947883
5.645063999999999E-4
-7.205476999999999E-4
-0.001211097
-0.0022342809999999994
-0.0034486479999999995
-0.0036328379999999998
-0.0033687819999999994
-0.0032810169999999994
-0.00345947
-0.004306566999999999
-0.005388753
-0.005736305
-0.005541851
-0.00470819
-0.0030015059999999997
-0.0019001919999999998
-0.001956645
-0.002145769
-0.0016338949999999998
-2.0923179999999996E-4
8.998820999999999E-4
0.0010218729999999997
9.501875999999999E-4
0.001386083
0.0026014909999999996
0.004156604
0.005318381999999999
0.005474835999999999
0.005131547
0.005732499
0.006931046999999999
0.00709722
0.006385988
0.006513023999999999
0.007152647
0.005817488
0.003789965
0.0038703259999999995
0.004432924
0.003963835999999999
0.003409152
0.0030378219999999995
0.0029503179999999995
0.003796334
0.004735348999999999
0.004691361
0.003864812
0.002248435
6.533746999999999E-4
1.778082E-4
2.9060359999999994E-4
-1.656827E-4
-0.0016867879999999998
-0.0031148909999999994
-0.003293422
-0.0032080649999999995
-0.0035073589999999994
-0.0034854779999999998
-0.003925191
-0.004685346999999999
-0.003960986
-0.002893668
-0.0028830849999999996
-0.0029917419999999995
-0.0028557949999999995
-0.0034389489999999997
-0.0051455749999999995
-0.007036880999999999
-0.008655432999999999
-0.009970986999999999
-0.01098232
-0.0118872
-0.012670209999999998
-0.013446919999999998
-0.01415849
-0.014997299999999998
-0.015420979999999999
-0.015265529999999998
-0.01582047
-0.016103459999999997
-0.01524745
-0.014745599999999998
-0.01464445
-0.01387533
-0.01219838
-0.009978276
-0.007756409
-0.006278305
-0.005812681999999999
-0.005602424999999999
-0.005195604
-0.004888737999999999
-0.0048553
-0.0046105849999999995
-0.003952769
-0.0034570539999999998
-0.0032281439999999996
-0.0029536359999999995
-0.002640944
-0.00242708
-0.002160779
-9.971443E-4
8.141917E-4
0.0017041379999999998
0.002431488
0.003971472
0.004819015999999999
0.004630419
0.004512568
0.005315135
0.006595681
0.006315509999999999
0.004839679999999999
0.004354643
0.004008314
0.0026120619999999996
0.0016850269999999997
0.0018798929999999999
0.002129785
0.002099235
0.002032324
0.002363127
0.0036009809999999996
0.0048079889999999995
0.005475936
0.006666779
0.007679223999999999
0.007777803
0.008349431999999999
0.009546101
0.009977864
0.009591332
0.009301178999999998
0.009138913999999998
0.008635619
0.007430554
0.005277528
0.003520214
0.0038871969999999994
0.004964234999999999
0.004931348
0.004054069
0.0031669099999999998
0.0036661009999999997
0.005231809
0.005878461999999999
0.005850285999999999
0.006673565
0.007531054999999999
0.007547800999999999
0.008667123
0.01096881
0.01246862
0.013205509999999998
0.01398938
0.01539694
0.01695983
0.016962339999999996
0.01517221
0.013694459999999999
0.013954419999999999
0.014539579999999998
0.014053549999999998
0.01247681
0.01075083
0.009963383999999999
0.008224963999999998
0.004600962999999999
0.002203226
0.002028485
0.001956147
0.001089782
-2.0952259999999998E-4
-0.0013426969999999997
-0.001759979
-0.002135584
-0.002987608
-0.0036606829999999996
-0.004071418
-0.004465885999999999
-0.004633742
-0.005218125
-0.006628597
-0.007249261999999999
-0.006100717
-0.004555025999999999
-0.003961486
-0.004007390999999999
-0.003965937
-0.003829896
-0.0037099589999999997
-0.003960772
-0.005129407999999999
-0.006335903
-0.006359936
-0.00620884
-0.0072485299999999996
-0.008412943
-0.008413
-0.007952652
-0.007753781999999999
-0.007588898999999999
-0.007326475
-0.007062336
-0.006786665999999999
-0.006731771999999999
-0.007353800999999999
-0.00862589
-0.01011493
-0.011013659999999998
-0.01083777
-0.01030081
-0.009747762
-0.008548483
-0.0069278479999999995
-0.005518059999999999
-0.004133543999999999
-0.002931816
-0.002088646
-0.0013605739999999998
-9.722371E-4
-9.974918E-4
-0.0012247659999999997
-0.001593142
-0.0019411429999999998
-0.0018913059999999997
-0.001268429
-2.0053699999999998E-4
9.443576E-4
0.0021677899999999997
0.0033817089999999997
0.004091489
0.0050272319999999995
0.006160335999999999
0.006311366999999999
0.005878396
0.0056626359999999995
0.005548373999999999
0.005294616
0.005160487
0.006033126
0.006935937
0.005828021
0.004237764
0.004075383999999999
0.004086511
0.003034666
0.001269327
-4.036171E-4
-0.0013061049999999997
-0.0021636369999999995
-0.0036793389999999994
-0.004499113
-0.004868812999999999
-0.005972365999999999
-0.006897423999999999
-0.007244244
-0.007378578999999999
-0.007156573999999999
-0.006828319999999999
-0.00634552
-0.005382468999999999
-0.004589941
-0.004158884
-0.0033323859999999997
-0.002481466
-0.002269823
-0.002663782
-0.0032719969999999996
-0.003405392
-0.0031590949999999994
-0.0029389749999999995
-0.001997319
-3.65043E-4
9.047609999999999E-4
0.002298665
0.004181169999999999
0.005935583999999999
0.007696613
0.009754504999999998
0.011314809999999998
0.011498359999999997
0.01088173
0.01034898
0.010001009999999998
0.010005679999999998
0.010277689999999999
0.0101233
0.009555879
0.009054124999999998
0.008629836999999998
0.008121732999999999
0.00765141
0.008021111
0.009030358999999998
0.008792114
0.007335548999999999
0.006624995
0.006626235
0.006084797999999999
0.0053341759999999995
0.004800010999999999
0.004082411
0.0035620759999999995
0.0036243579999999994
0.0037996299999999996
0.0038308529999999995
0.003501064
0.002460049
0.00117792
4.000834999999999E-4
-2.3302499999999999E-4
-0.001490228
-0.002752235
-0.0030999339999999995
-0.003136804
-0.0036183439999999995
-0.004229870999999999
-0.004675859
-0.005096225999999999
-0.005514485999999999
-0.005766493999999999
-0.006140868999999999
-0.007090292999999999
-0.007977284
-0.008212284
-0.008303265999999998
-0.008551719999999999
-0.008988339999999997
-0.009255232999999998
-0.008585700999999998
-0.007890889999999998
-0.008086378
-0.007943247999999998
-0.006850277999999999
-0.005877785
-0.005400988
-0.004421579999999999
-0.0031175829999999997
-0.002699978
-0.002832964
-0.0029751339999999995
-0.003436059
-0.003550978
-0.002929923
-0.002815801
-0.0032785719999999996
-0.003281349
-0.002922698
-0.0026015819999999994
-0.002428809
-0.002393634
-0.002301132
-0.002367414
-0.0029047899999999995
-0.003322823
-0.003362929
-0.0036591889999999998
-0.00404737
-0.004284908
-0.004560861999999999
-0.004735182
-0.004943272
-0.005063697999999999
-0.004945829999999999
-0.005218359
-0.005890482999999999
-0.006335872999999999
-0.006577207
-0.006844979999999999
-0.007152904999999999
-0.007522139999999999
-0.0077035029999999996
-0.007665772
-0.007593042
-0.007004655
-0.005935065999999999
-0.004869771
-0.0033430609999999996
-0.0013016229999999998
2.664475E-4
7.416244E-4
6.0414E-4
5.911269E-4
6.729787999999999E-4
5.467285E-4
7.734464E-5
-5.217898E-4
-6.694247999999999E-4
-4.568415999999999E-4
-4.4797859999999996E-4
-6.302595E-4
-4.916276E-4
4.1244109999999997E-4
0.0017222249999999998
0.0031319589999999997
0.004545965
0.0053163329999999995
0.005558811
0.005947088999999999
0.006515677
0.006991336999999999
0.0072940669999999996
0.007527218
0.00775172
0.008020517
0.008394073999999998
0.008712850999999999
0.008810940999999997
0.008747830999999998
0.008617935
0.008461210999999998
0.008325480999999997
0.008181139999999998
0.007818457
0.007316748999999999
0.006700205999999999
0.005759852
0.004836926
0.004245666999999999
0.0037030559999999997
0.0029842879999999994
0.0021739949999999997
0.001356197
6.075181999999999E-4
-1.817304E-4
-0.0010985189999999998
-0.0019698609999999994
-0.0027425009999999996
-0.0032977299999999996
-0.003828288
-0.004571
-0.005054067999999999
-0.005101298
-0.005093059999999999
-0.0050625819999999995
-0.00479487
-0.004405349
-0.003969714
-0.003274075
-0.0024397579999999998
-0.001925537
-0.0015708859999999999
-8.830271999999998E-4
-1.5899669999999997E-4
2.492482999999999E-4
5.860982999999998E-4
9.824955E-4
0.001324995
0.0015080119999999998
0.001546368
0.0016519269999999999
0.0018701489999999998
0.001945111
0.001915733
0.002121113
0.002498847
0.0026349309999999996
0.0024402959999999994
0.0024822599999999996
0.003038061
0.0035552819999999995
0.0037529289999999995
0.0038339699999999995
0.00391636
0.0038935309999999996
0.0036771089999999996
0.0034470239999999995
0.003252559
0.0030358079999999996
0.0028621919999999995
0.0026394079999999998
0.002312722
0.001905921
0.0013661659999999998
8.640363999999999E-4
4.7220169999999997E-4
1.096489E-5
-3.729018E-4
-5.193291E-4
-6.164847999999999E-4
-9.053133E-4
-0.001434541
-0.0018237189999999997
-0.0018311699999999998
-0.001766272
-0.0018248409999999998
-0.0019877659999999998
-0.002253164
-0.0025094389999999996
-0.00265276
-0.00279131
-0.002939092
-0.0028923759999999995
-0.002721521
-0.002692882
-0.002756616
-0.002621686
-0.002216953
-0.001884874
-0.001870892
-0.0019204679999999998
-0.0018324569999999998
-0.0016886069999999997
-0.0015339429999999999
-0.0013820969999999999
-0.0012402179999999997
-0.0010914269999999998
-8.977015999999999E-4
-6.599978E-4
-4.379934E-4
-2.4234879999999998E-4
-8.646477999999999E-5
3.654494999999999E-5
1.6277899999999997E-4
2.7059799999999993E-4
3.561962E-4
4.2592019999999995E-4
4.746901E-4
5.102091999999999E-4
5.615678999999999E-4
6.447703999999999E-4
7.031950999999999E-4
7.274393E-4
7.830047E-4
8.643122E-4
9.310197E-4
9.876205E-4
0.001030755
0.0010411229999999997
0.001009704
9.427309E-4
8.657936E-4
7.951676E-4
7.281479999999999E-4
6.62476E-4
6.002001999999999E-4
5.419726E-4
4.8644579999999996E-4
4.3325289999999995E-4
3.883476E-4
3.4499989999999995E-4
2.983497E-4
2.7115619999999995E-4
2.5858869999999994E-4
2.3437469999999997E-4
1.966131E-4
1.461937E-4
8.701324E-5
