0.1956359009115
0.2317018176165
0.271960763662
0.30548430635449997
0.37427422957749995
0.42772684639999997
0.473913618171
0.5107935848924999
0.537527199258
0.5560354859359999
0.567766985198
0.5724161218299999
0.571122036296
0.566790242858
0.559331501001
0.548207229507
0.5331917773595
0.506140231401
0.4608465512455
0.4060738612665
0.35409567427149996
0.305069583126
0.2502924801545
0.188472437286
0.1330110262775
0.08927918262095
0.04770673387445
0.0035249748452100002
-0.04771124493345
-0.10126631182849999
-0.1336388480105
-0.1323486851365
-0.113108332036
-0.09580005569854999
-0.0906708737424
-0.09790381748315
-0.09268167829165
-0.05826998653524999
-0.023673782659099998
-0.0253366374597
-0.056731038757399994
-0.0722525532715
-0.040866654339349995
0.008615568614275
0.0059374038805549995
-0.09337450830749999
-0.2548753238325
-0.386594814305
-0.43204402792950003
-0.4418669569685
-0.5147111454345
-0.670802710886
-0.8565651785109999
-0.9957368403849999
-1.037897590065
-1.036285376805
-1.07591503012
-1.16299612079
-1.2384700605199999
-1.228056378885
-1.10772191873
-0.9368927235255
-0.7706148926524999
-0.6153038384745
-0.466713771874
-0.332972444371
-0.28945062973749996
-0.3773848989575
-0.4524018487975
-0.3503915064335
-0.122112013534
0.0186719008266
-0.03942140910225
-0.16792338674299997
-0.17738464653
-0.06398850892979999
0.02629061856505
0.0049463673675149995
-0.11532071227599999
-0.2750328929075
-0.441476358099
-0.6122708377625
-0.7171610009655
-0.6956534484515
-0.5631924771725
-0.29185512225099997
0.1087668300145
0.51818534733
0.822882277756
0.9651160660924999
0.9906864156349999
1.00177479479
1.12485805894
1.42012256113
1.7349366200949998
1.95662476933
2.123854629785
2.2346177995399996
2.31476558866
2.464569032065
2.6710451058199998
2.882881494465
3.0502182474049997
2.9779648115349997
2.60909649777
2.124242973125
1.655263472835
1.22041209521
0.8389437071924999
0.5673704042719999
0.348602479274
0.0332995980331
-0.434264743822
-0.982227199345
-1.4094509646
-1.671073753965
-2.0546471394049997
-2.691565520945
-3.35612590684
-3.9119825194800004
-4.53393006913
-5.23882618714
-5.6078925952350005
-5.3080581941450005
-4.533370109414999
-3.723454576555
-2.969788026765
-2.196965166865
-1.6179834928599999
-1.317655817275
-1.147214278945
-1.0311761121549998
-0.84762994743
-0.6352497800425
-0.6761486100005
-1.0308593573599998
-1.447358570175
-1.753447652635
-2.0671310048550002
-2.389901198965
-2.50080754581
-2.348976087185
-1.9557882620849998
-1.2017892668599999
-0.2030460017845
0.4808907554465
0.6121308968670001
0.5671861373185
0.7034581689205001
1.1699431516499998
1.948356782715
2.738715894145
2.9968328061349996
2.441727382885
1.46328751177
0.755293080759
0.8767369672285
1.98536806048
3.65889249628
5.188434716114999
6.290741402715
7.20000712606
7.95286168523
8.336395844070001
8.42196474931
8.34848548219
7.7976420290299995
6.440953783425
4.698055144194999
3.25405437098
2.0689677904
0.7692157778969999
-0.462851520838
-1.14069187603
-0.8555597026865
0.19538239900899998
0.967613329515
0.7480474374064999
-0.06444137022015001
-0.6894530959224999
-0.9067379612409999
-0.9791891972415001
-1.2693992539549999
-2.045377893825
-3.148651516115
-4.00990780372
-4.271427623259999
-3.7784453664299997
-1.9843599368599998
1.04484756292
3.7176196198049998
4.47339558001
3.288486499795
1.21122326416
-0.742702126691
-2.08934797043
-2.986165132265
-3.70378341732
-4.143126240645
-4.509430115434999
-5.221953845814999
-5.9615135295799995
-6.28804947729
-6.394682086065
-6.315334519585
-6.020775115529999
-5.98061099979
-6.450399548705
-7.0446491960949995
-7.36608470514
-7.668734595444999
-8.07926351974
-7.875473487420001
-6.216101028234999
-3.0403655061499997
0.36221450173999997
1.9915786119249999
1.27198330623
-0.1931999290515
-0.713799771678
-0.26414407908
0.12880152176499998
-0.401873575005
-2.064145860595
-3.9997500756499997
-4.777102627185
-3.85599243197
-2.09162311323
-0.5894797908964999
0.426360583922
1.2292596548399999
2.052085642425
2.879017674365
3.4002421025299996
3.51953803845
3.5273235378849996
3.42890497915
3.00947848131
2.7889739947299996
3.2261485677399997
3.7425383174549998
3.959781112245
4.200216634285
4.3491443438449995
3.91141765644
2.9841430010349996
1.9432259434349999
0.945156297148
-0.13093927339849998
-1.218143817065
-1.5458104715199998
-0.8476762348179999
0.055251234885699996
0.3987220118945
0.4453865636535
0.878673682537
1.9015251256399999
3.6936845291499996
6.017918438384999
7.78820410907
8.143803044719998
7.22147388291
5.71287964814
4.07647926658
2.812485438105
2.436710300745
2.428468792085
1.59993337287
-0.43179278155649997
-3.016530443325
-5.43866806217
-7.1562459311
-7.508945040345
-6.53183298964
-5.470438666174999
-5.54202426918
-6.3962266334399995
-6.43105789291
-4.708279557485
-1.623195727335
2.13882251968
5.896312055725
8.875943017095
10.731162122099999
11.8292127226
12.8660894404
13.8447734971
14.266861519749998
14.235901925699999
14.02144029685
13.2715748046
11.838833046249999
10.3577052768
9.27400965057
8.44006194122
7.72085007554
7.0187115875099995
5.835840329164999
3.8956377759249996
1.67214758214
-0.10305935971449999
-0.8934912364875
-0.9511800319104999
-1.02430851516
-1.0814361740699998
-0.8513905035055
-0.7843672482799999
-0.843105747519
-0.2050857849845
1.60385603287
3.9830101240999998
5.37841600457
4.82819429302
2.8550757190550002
0.889929167008
0.07159098685585
0.27745582192299995
0.7711899546085
1.094454501945
0.9533681897249999
0.0781829679526
-1.49277610832
-3.16730082242
-4.54516260604
-6.010102538335
-7.77827585661
-9.522630783365
-10.96788484645
-11.77350114395
-11.52605975115
-10.384232265049999
-8.97293176626
-7.61145689479
-6.283129480985
-5.239135096615
-5.248356289609999
-6.690191754504999
-8.629215548415
-9.768141246779999
-9.523289790245
-8.08111501526
-6.366884155975
-5.368220030564999
-5.310309800985
-5.580753672025
-5.4071945996599995
-4.567822832195
-3.6372080317999997
-3.4747108606349997
-4.35418986527
-5.95448216153
-7.31883822677
-7.50657085038
-6.640009165124999
-4.930982694995
-2.3512227906999996
0.465319854643
3.0044005979399997
5.610254036555
8.561771293705
11.381794123
13.28872663545
13.920931941
14.05892131315
15.18980457785
17.828293567
20.72140241675
22.1045421394
21.631371276899998
20.14073105695
18.4589200019
17.171512796549997
16.22660284245
14.35786723175
10.37005184915
4.843927101615
-0.8405555281864999
-5.390428170154999
-7.69373664962
-7.85203951658
-6.97078648896
-5.99160425444
-5.39917864395
-4.9769533282
-3.9823020839699996
-2.39741407353
-0.8874717185845
0.5713310160075
2.338484933015
3.8929036819049996
4.751914246659999
5.27499899633
5.95965222741
6.991897264415
8.17826753548
9.08260933986
8.917342770734999
6.991132345714999
3.6971717738899996
0.266653208549
-2.50499694669
-4.77083127451
-6.86274858724
-8.254966325795
-8.313024635789999
-7.723239956145
-7.52283223741
-7.683201365524999
-7.4046101296649995
-6.33139879295
-5.3190906753950005
-5.411035864464999
-6.187647033259999
-6.33420937884
-5.49208096206
-4.498507468665
-4.4597555105249995
-5.5738252738
-6.80152370996
-7.189667974965
-6.7697070147
-5.945778759654999
-4.962315922409999
-4.40631417135
-5.09539608557
-7.060853704555
-9.475672620505
-11.4934918665
-12.5932095975
-12.368117560049999
-10.75376645035
-8.115482420185
-5.053503057435
-2.103031189175
0.2180446845605
1.3097369474
1.40381017952
1.28463584606
0.860955419583
-0.5919685225335
-3.114241942595
-5.92628608145
-8.138868338439998
-9.263238026209999
-9.208689516249999
-7.886769767555
-5.60868791455
-3.0395231149149997
-0.5628878826235
1.22178306488
1.6029753957
0.702168496379
-0.7429517059334999
-2.110866702525
-2.622991540155
-1.9477281764499998
-1.35600668343
-1.6517428854849998
-1.723802149685
-0.2795555237545
3.0905647668349996
7.533511679259999
11.34969695755
13.1119029293
12.219703718949999
9.41580792558
6.042421334075
2.6197082737349997
-0.5625253307729999
-3.015673342115
-4.713635949715
-5.766788764519999
-6.308803290685
-6.603950113075
-6.66189074327
-6.16899478496
-5.077441090085
-4.093367298545
-3.597754898185
-3.15518568701
-2.509571748915
-1.71154874051
-0.7436053191559999
0.402802853159
1.488058129005
2.615724812505
4.312897004114999
6.1732655810349994
7.15619297519
7.109499591880001
6.542060344924999
5.95535495338
5.70247086983
5.7509480827749995
5.956293449785
6.117995301634999
6.19257977821
6.558135405604999
7.22789919999
7.7842775264099995
7.6721100443750005
6.41889568558
3.9646040227149997
0.7026930540874999
-2.307250752765
-4.322301581465
-5.807861956715
-7.137884940305
-7.787078305650001
-7.17786959435
-5.172096837214999
-1.9962191187049998
1.80973292031
5.45265234507
8.292735657605
10.29122599645
11.226672533299999
10.45638959575
8.277427476955
5.74956436446
3.3835796235149997
1.106157758055
-1.056257600195
-3.0124528382549998
-4.631232631095
-5.4216093944949995
-5.02751837693
-4.0572386192800005
-3.8586186528399997
-5.040921125485
-6.903133352605
-8.41196981163
-8.892555482195
-8.302523674969999
-7.481302055324999
-7.22021078639
-7.399360629919999
-7.319378573184999
-6.261056673164999
-4.39385188053
-2.2630570845399998
0.38742955635299997
3.8449344534299996
7.564034877385
10.3039452215
11.308646320649999
11.0536243874
10.13310357185
9.11178020095
8.560714136835
8.519090791575
8.929610889885
9.18127012285
8.935472324589998
9.245307547349999
10.2700338258
10.94627098985
11.25280725555
11.6996864894
12.06195394705
12.122088324849999
12.090628591649999
12.00654637455
11.787612913299998
11.678543352
11.834890772949999
11.75047512975
10.78979608245
8.98613936248
6.540832552345
3.202376267475
-1.028275305085
-5.3533413811849995
-8.899737872654999
-11.368545338849998
-12.77683911875
-13.0741277135
-12.3254292126
-11.14920980495
-9.86442097515
-8.143733417505
-6.054903238195
-3.94701579594
-1.91664894127
0.1287025726665
1.9641150886
2.836951068525
2.398354531265
1.1296603754449999
-0.3319514740395
-1.5832552032149998
-2.25341714759
-1.6859445580249999
0.20664690559799997
2.3036409249
3.204965223075
2.2345491529899997
-0.1699575801525
-3.04352324745
-5.84006013066
-8.329132058414999
-10.4453571145
-12.83940554575
-15.986388950699999
-19.0329032264
-20.6885599459
-20.67029015695
-19.74495427625
-18.37308239445
-16.0196923341
-12.28556518035
-7.427700867754999
-1.6591498482299998
4.119027378935
8.713895971164998
12.17616219295
14.664177944499999
15.82968849035
15.81633183305
15.38060276025
15.19529630185
15.2965303498
15.402618689499999
15.178203310899999
14.5687788533
14.097902746900001
13.851226272799998
13.317862192599998
12.3825431422
10.877928446
8.444483759705001
5.057949392545
0.5273136713495
-5.5419369899949995
-12.8888604817
-20.25858737665
-26.139586348399998
-29.9220308667
-32.2578768302
-33.838542097150004
-34.5170740173
-34.07229340655
-32.854101536900004
-31.23140496805
-28.85384151545
-25.3513866613
-21.22907307395
-17.244797892
-13.844077224949999
-11.20469583065
-9.499589078524998
-8.832189667455
-8.930339523979999
-9.507771747285
-9.8831810966
-9.459686800339998
-9.081896396405
-9.9948396135
-12.30737516995
-15.1682985944
-17.92376130475
-20.367254865299998
-22.209375227899997
-23.429822627049997
-24.554949388199997
-25.89629316855
-27.29201482315
-28.8229799879
-30.669287790049996
-32.84699171565
-35.3467950605
-38.0746912777
-41.0494208754
-43.790771816399996
-45.39228602125
-46.0476350208
-46.5202567109
-46.6507439958
-45.9451555283
-44.317938093799995
-41.54125379285
-37.30461427979999
-31.8734757635
-25.6985812979
-19.0772488977
-12.6461458942
-6.91276446357
-1.881051782435
2.268481142655
5.66628237
9.106493435934999
12.8950582845
15.960607267850001
16.63491252185
14.703375124549998
11.4654056209
8.210853072099999
5.630740128405
3.9097299319750003
3.50243524085
4.57518272302
6.225968479464999
7.817457346019999
9.696397756709999
11.9036648094
13.435257599749999
13.670744686199999
12.793029897899999
11.341782990999999
10.493645059099999
11.369918269849999
14.149848571949999
18.4176340054
23.972120565399997
30.497073209399996
36.866923877
41.2472210059
42.8101264297
43.043279533450004
43.650311168449996
44.63382009695
45.643149934899995
46.863783660399996
47.7849419082
47.57836482595
46.1464272129
43.845375243599996
41.34539537905
39.2550196717
37.73119374815
36.392762542849994
34.47740611805
31.6140310311
28.1696413516
24.87516593065
22.10639559625
19.899271720650002
18.4933609567
17.970852838049996
17.910051608049997
18.005342826099998
18.5900349124
19.87246033955
21.6592221629
23.966668068
26.67843234595
29.4450746373
32.269556550349996
35.2812866385
38.38829813805
41.4648894093
44.20664242295
46.2361384471
47.337366402200004
47.63702820625
47.5553290051
47.0805694653
45.7839734289
43.31409997985
39.781479870300004
35.9335465433
32.0417382642
27.4275525328
22.01440921925
16.576180495
11.901350439999998
8.275805457045001
4.993709951055
1.29221246385
-2.5942345196949996
-5.922003517395
-8.323841370739999
-10.060622621699999
-11.57326896425
-13.080394162849998
-14.754565837549999
-16.5824763643
-18.351615637600002
-19.93271239715
-20.96472501655
-21.288726925899997
-21.42730469705
-21.6648315667
-21.8096169473
-21.52154660355
-20.3051591575
-18.12399348445
-15.43720674405
-12.7512535689
-10.564664818399999
-9.04960603995
-8.301322360345
-8.591767874724999
-9.953524197050001
-12.201267216949999
-15.66907517665
-21.06726334895
-27.9975542574
-35.6690611928
-44.28244782745
-53.64128696185
-62.63174909565
-70.5252687804
-77.1948302853
-82.62133025614999
-86.6828033869
-89.2938239494
-90.50545517020001
-90.48695002165
-89.658082157
-88.54576288074999
-87.0397458336
-84.68738547150001
-81.35036880285
-76.57658964935
-69.93924298969999
-62.079850446950005
-53.8948378976
-45.4160867608
-36.1454094099
-26.226267327749998
-17.2995778389
-10.716893446350001
-6.264996985134999
-3.35596900044
-1.6718249433549999
-1.041902625925
-1.035826425585
-1.336451242665
-2.242022800955
-3.8376128085400003
-5.1720075967
-5.1793017829700005
-3.894211889015
-1.9551567138250001
0.044730042946749995
1.864013708725
3.6567781825399996
5.72761119777
8.808398734555
13.7436669356
21.01958341665
30.742710178600003
42.04925787615
53.47231838235
64.4746245703
75.1079163254
84.73976278914999
92.64594285905
99.23045128849999
105.118069749
109.8828267845
113.012030733
114.9097155745
116.24047797949999
116.7453243215
115.765149654
113.236014619
109.28962252599999
104.2555748815
98.8270057075
93.2521997687
87.22378723415
80.60987846799999
73.57407781219999
65.80607344079999
56.39774995049999
45.69790046185
35.645358519750005
27.4792335783
21.1370376637
16.5712575567
13.4949702916
11.099284149799999
9.189357667105
8.085660397535001
7.856188710195
8.470728316435
9.8965965938
11.954963395550001
14.37840235685
16.78167884575
18.56003637005
19.2069712639
19.1935165401
19.005876099
18.061966423199998
15.93607102955
12.59523957405
8.3225312023
3.967424415255
-0.088171982416
-3.8031287044799997
-6.855531873504999
-9.048141907105
-10.5626446485
-12.1225492374
-14.45509035985
-17.408000161300002
-20.255488475249997
-22.5153819345
-23.808986942649998
-23.974052475449998
-23.29864887665
-21.4929994454
-17.908953263249998
-13.4529389897
-9.800711092759999
-7.435491270515
-6.24536309117
-5.94199045076
-6.414097291735
-8.240854556445
-11.43903553905
-15.3088082756
-19.2965648183
-23.2568235144
-27.734275124849997
-33.017960851750004
-39.032143937149996
-45.61383785805
-51.8788848571
-57.4102081098
-62.51864900119999
-66.95165687385
-70.38851504614999
-72.95397391274999
-74.95296144875
-76.8663075103
-78.82977536
-80.7811221903
-83.30581481284999
-86.79557005525
-90.78784746359999
-94.88352618955
-98.7477679755
-101.93532149149999
-104.1451520025
-105.20750639699999
-104.9744023265
-103.2148931835
-100.21150855449999
-96.68052615549999
-92.64813954865001
-87.70038061749999
-81.45675134205
-73.28790015189999
-63.233053647050006
-52.66897722765
-42.97273049335
-34.46511838559999
-26.666311326549998
-19.29786910275
-12.74634043725
-6.66581732593
-0.2796208360435
6.011057706045
11.3439796806
15.5142183665
18.847616381299996
21.654750330499997
24.32497363905
27.52757055615
31.292824017
34.9280314922
38.08136960635
40.4900495594
42.1779701574
43.86680277385
46.403881195349996
50.3724265107
55.380614019149995
60.6128638668
65.51034410339999
69.8554549721
74.0249287393
77.80918748785
80.61237916375
82.3907072681
82.77813858965
81.55352336425
79.4253332145
76.951409619
74.2246509732
71.56132173959999
69.33543774255
67.21722095585
64.68945885184999
61.9046350314
59.0164785399
55.82029517189999
52.1228546958
48.116063445449996
44.0612196101
39.7075965692
35.06892363275
30.46958516945
26.031065959499998
21.86842742735
17.83881610245
13.7140900792
9.397015442185001
4.658516692725001
-0.1306744938485
-4.11263834646
-7.387441627509999
-10.495420062749998
-13.4437207387
-16.0758648253
-18.1399881306
-19.273058278249998
-19.42386494195
-18.745215342
-17.3182693138
-14.8381675288
-10.723414868599999
-5.39735068439
0.1608601470805
5.64541578013
11.1497883973
16.392090061199998
20.5564251438
23.45779119285
25.31772043185
26.0688607886
25.9443751735
25.1622752227
23.391998378
20.4457080653
16.61429894355
12.0251692029
7.233245785569999
3.1644843525399997
-0.29087779151199994
-3.721610926355
-7.510112031695
-12.13485658315
-17.275747679400002
-21.74762911265
-25.03626957685
-27.58556708425
-29.9443311888
-32.468062759649996
-35.2790114957
-38.1093283655
-40.953904104399996
-44.567154490250005
-49.2863988631
-54.13848411685
-58.62379085395
-63.3735535216
-68.1485879263
-72.50959537465
-76.59400625974999
-79.8755369027
-81.94214129045
-83.41380564265
-84.838702081
-85.95180588925
-86.32010443665
-85.8546317944
-84.69002346035
-83.09126492415
-81.7865587882
-81.33612954704999
-81.44990630035
-81.4924965813
-81.00527278934999
-79.89732727900001
-77.6483682345
-73.5636631499
-68.2486942095
-62.55724797559999
-55.956489927099994
-47.5752365046
-37.41657680285
-25.97011762975
-13.959805501599998
-2.147402357765
9.19813167686
19.8619770307
28.865403555799997
35.16375393825
38.90893318655
41.10487748115
42.4033465877
43.24566917615
44.2662178217
45.110148700749995
44.9170263423
43.84552234335
42.75453253085
42.352567754
42.408406819099994
42.676677536499994
43.70613062025
45.6771201705
48.01320149359999
49.65829645105
49.96408741134999
49.2370125737
48.01393699235
46.56635777255
45.27576340595
45.126349286549996
46.228685393099994
47.04692284914999
46.6085165609
44.99405757805
42.02954650965
38.087135916550004
34.61728817365
32.5509387588
31.547316391149998
31.053835956500002
30.834804428749997
30.1082983768
27.8716368714
24.6580957329
22.01272247545
20.49757543715
19.493874616299998
18.28798028575
16.9109599127
15.8062015636
15.40755143445
16.101126755699998
17.9832778636
20.737200929900002
23.77629157155
26.3979915759
28.2468196871
29.5513787233
30.39262258025
30.67483835395
30.43787046335
29.6017260644
28.2299522491
26.55706524555
24.536571726099996
22.1005606395
19.4258949185
16.700597463549997
14.0480457383
11.8215046957
10.18082273075
8.474910852659999
6.2343119772849995
3.6779115132899998
0.6015464814554999
-3.233802658065
-7.335232003574999
-11.674189199399999
-16.59492100315
-21.49281311905
-25.555923960349997
-28.8757789915
-31.760081469550002
-33.86615762355
-34.7384493344
-34.749844661699996
-34.45438010385
-33.7223823279
-32.478477421950004
-31.0010369529
-29.77866745035
-29.845538996699997
-31.6585336088
-34.03948035565
-35.792772082549995
-36.6568458207
-36.360400597849996
-34.605883039700004
-31.4994697458
-27.6462800544
-23.8632863637
-20.52064067795
-17.733649587849996
-15.596623646449999
-13.439258712949998
-10.66772290325
-7.820392476364999
-5.733739373355
-4.941979872305
-4.842750303615
-4.088614995955
-2.3715804154349995
-0.523276175478
0.8136976635654999
1.40644620704
0.9541408556784999
-0.3410712662735
-2.02798383872
-3.8238776145499997
-5.879466192354999
-8.79002401445
-12.4666449726
-15.9387874716
-18.335758284549996
-19.851170102399998
-20.83500265035
-20.73844637445
-19.587018178
-17.8915268462
-15.47823776765
-12.528632807249998
-9.666724795139999
-7.151935908425
-4.761900358355
-2.10314004299
0.8390472654165
3.9978505275450003
7.22841699111
10.37740683665
13.62838976485
17.3573390074
21.9793700588
26.971229495
31.343730337149996
35.11736848375
38.7455053643
42.18025510685
45.19201461495
47.827326249500004
50.06344838915
52.1126165532
54.32306488315
56.4154411471
58.15926945675
59.593433179349994
60.278731688
59.73000058725
57.9481617022
54.96800902705
51.1615087963
47.27193643339999
43.51201779015
39.90475926745
36.36540198935
32.5189886931
28.50762754385
24.59055733435
20.96784353125
18.067075687849997
16.18037429435
15.4076593076
15.369707572100001
15.447837152650001
15.393008172499998
15.32478330845
15.48241540055
15.898207553899999
15.958567484649999
14.974862423149998
13.507875842999999
12.69001103965
12.665190408499999
12.82175357575
12.7865182823
12.8199393455
13.20470325825
13.7213470002
14.246257748099998
14.859751965449998
15.8482524788
18.144312863249997
21.7013907579
24.80861800375
26.3752793745
26.71191224905
26.29828736535
25.2467693191
23.82379498415
22.440302222099998
21.113707643349997
19.519058093499996
17.5850494204
15.3893600987
12.8782496864
10.1623568088
7.4746090167000006
4.83250529636
1.877184039675
-1.6818983342349998
-5.81217982471
-10.4828381308
-15.554925770650001
-20.528142765200002
-24.8667027917
-28.51870905835
-31.8433889613
-35.05395868485
-38.10618043085
-40.957679664649994
-43.52198134655
-45.7055202289
-47.54021695745
-49.098974168299996
-50.4795935819
-51.814317873499995
-53.0443463697
-53.9539131572
-54.62248152095
-54.859066952199996
-53.91528476285
-51.7762092316
-49.618118605999996
-48.526540394499996
-48.446743683449995
-48.855043556199995
-49.60283003865
-50.55692882379999
-51.281493159049994
-51.486422724099995
-51.38520828945
-51.30320508215
-51.66177543275
-52.923950127649995
-54.551422535049994
-55.3616381514
-55.02497585689999
-53.934692123199994
-52.20159228865
-50.0491208735
-48.06161692465
-46.29710639015
-44.66471104445
-43.08876277615
-40.9139125857
-38.10825944065
-35.9228965214
-35.06521671905
-35.01934121035
-35.163704904999996
-34.72417085199999
-33.13065887355
-30.734766792099997
-28.134258958399997
-25.7164686275
-23.5098546977
-21.22228687215
-18.61303150665
-15.26894424335
-10.75892474825
-5.386985055339999
0.17917641955150002
5.585906085935
10.85120532475
16.14634521885
21.57318842245
27.00116919745
31.731769671
35.14402295845
37.58285836025
39.8589916319
42.26227792745
44.019776707199995
44.4701961417
44.2860076414
44.21574299415
43.8107773824
42.682659593
41.652127777749996
41.0688184291
40.2254465291
39.23984878415
38.778004602399996
38.3971927696
37.2602097686
35.35506206645
32.841617671449995
29.55027057185
25.2730707544
20.185400347699996
15.01771748365
10.242761532149999
5.650336757099999
0.6342020375565
-5.425163324455
-12.1418683379
-18.36133402775
-23.59524119925
-27.7876919474
-30.933831980449998
-33.04532140525
-33.98260178565
-33.978669319
-33.3857200334
-32.12243718705
-30.354366838599997
-28.441795502399998
-25.86805001655
-21.8257586932
-16.502297193900002
-10.4758165694
-3.788882584025
3.39690391887
10.5834151332
17.49874109375
23.992283037799996
30.34580563315
36.99145852535
43.0162229861
47.13388822135
49.834453305
52.28541953285
54.230186100999994
54.916671214299996
54.80094293765
54.456660876099996
53.210931933249995
50.19011108055
45.4595890602
39.952605912799996
34.44300438985
28.6651321495
22.21160133745
15.187509821749998
8.160979392195
1.95114677464
-3.4871280408649996
-8.77346450526
-13.595645360499999
-17.2386785424
-19.788976328100002
-21.595204351699998
-22.585813294799998
-22.396535143149997
-20.81552664345
-18.1554041844
-14.90103796195
-11.3328393262
-7.700747423704999
-4.226447461705
-0.842258649092
2.6111676622499997
5.8561793212649995
8.432840324159999
10.096622833849999
10.76622089585
10.7654657838
10.637793007449998
10.772075465899999
11.3793228472
12.305158867049999
12.8648341892
12.471597330849999
11.400034492
10.17680200425
8.801754729179999
7.121292088505
5.5592359205949995
4.35498616525
3.0199608094949997
1.749138610625
1.054182513055
0.6663088135234999
0.770471813629
1.7215240648899999
2.6829268429599997
2.64093476766
1.4706758418800001
-0.4970064156575
-3.0165137720199997
-5.800876679919999
-8.767944341975
-12.40499056405
-16.790622510549998
-21.1421371217
-25.4172285094
-30.452139139099998
-36.176898563049996
-41.10462250825
-44.11432261984999
-45.73695054215
-46.76866896205
-47.631732615249994
-48.74327716615
-50.1847860696
-51.623500077799996
-52.603919911549994
-52.60425333765
-51.200705976349994
-48.71964313965
-45.906497714
-43.3021260602
-41.40323500075
-40.09232125535
-38.547430647599995
-36.095130715349995
-32.6606163324
-28.6134903306
-24.34950987735
-20.21159390985
-16.3720256553
-12.542509217
-8.014295444155
-2.66004988984
2.8850144408399996
7.870281846909999
12.037966881149998
15.770789750449998
19.087565493499998
21.867976321449998
24.45244047575
27.1472392492
29.735890843049997
31.85300928495
33.34856263655
34.00121480735
34.368973989
35.302174803
36.405354281449995
37.20390979095
37.8646132214
38.4745868514
38.5623955955
37.66266487795
36.1302875556
34.653759105
33.701248997149996
32.944871889299996
31.9328648359
30.740444842449996
29.3310429111
27.77252105985
26.461283695
25.76121637145
25.372333665699998
24.7327831793
23.98776217215
23.465822839199998
23.1880396713
23.0616319528
23.10845870655
23.721001678849998
25.162883235
27.22026937175
29.738067919349998
32.681122037550004
35.6999913669
38.352405799050004
40.383608180299994
41.728070475349995
42.83975231935
43.899468725
44.72380591735
45.8384199497
47.522731700499996
49.41348324045
51.139993006199994
52.1987385535
52.2921370881
51.46834906815
49.9825925599
48.012632707899996
45.17657894785
40.9395079422
35.5364948981
29.9829301632
24.9605328189
20.5470499864
16.494981433
11.9848246448
6.73095309523
1.78157998949
-2.480342047925
-7.002956223619999
-12.2565669163
-17.785928839
-23.15592289255
-28.552944073499997
-34.20085858805
-39.7247189801
-44.7949727764
-49.33091124745
-53.27030139235
-56.60466045885
-59.1910957498
-61.225465678999996
-63.10348818725
-64.63662062165001
-65.6933165791
-66.3393786811
-66.28621683145
-65.6399487898
-64.7951058923
-63.79378808739999
-62.7787409725
-61.71167938599999
-60.0972694364
-57.6624155345
-54.540007594449996
-50.97385854855
-47.3500169807
-44.117862820499994
-41.39440901575
-39.22635483375
-37.365954875549996
-35.01563429665
-32.03021545045
-29.2535115362
-27.4866081791
-26.43226581765
-24.97007468935
-23.0411752809
-21.83149558345
-21.42387236955
-20.75876575325
-19.653114999
-18.497921048949998
-17.472321978649997
-16.4780747684
-15.154412378
-13.5678337011
-12.27758256725
-11.7101011517
-11.7610957317
-11.8178762352
-11.24921802165
-9.96737118685
-8.39683226669
-6.9650829413199995
-5.65358079692
-4.08556414714
-2.239453458655
-0.4114826210075
1.3218040302249998
3.2098754127299998
5.19888958568
6.646450172844999
7.555224583025
8.477390954445
9.631890593675
11.104099214949999
13.00507909085
15.247673619499999
17.361006694500002
18.9572155017
20.16595376075
21.3622375743
23.0290150349
25.356515539249997
27.62944203635
29.431502233699998
31.000507393800003
32.2658986699
33.3989197843
34.5936443405
35.63929801005
36.6394880502
37.530245683
37.69622323425
37.2434011705
37.21426561335
37.68714227635
37.44825228235
36.23026635235
35.0714439418
34.3585397134
33.653961330849995
32.986128465849994
32.676218712549996
32.38827585525
31.840201800049996
31.507668105199997
31.527408891649998
31.303003319699997
30.6944026207
30.258614708
30.3253783812
30.792272987699995
31.0998095317
30.839913693399996
30.2993123055
29.6122584065
28.41283646495
26.62630019455
24.94140004475
23.76177772955
22.663952682
21.3587660202
19.68011270645
17.417061505899998
14.60676000875
11.1721083327
7.264604510274999
3.417587124385
-0.16210716069449999
-3.7309056692249998
-7.587631638614999
-11.4741139261
-14.93738140685
-17.97069593165
-20.64173319215
-22.953317503549997
-24.955394134299997
-26.721630639199997
-28.178575209749997
-29.1164145692
-29.807077315399997
-30.61036943685
-31.4170350459
-32.3821859256
-33.6792526812
-34.82212947885
-35.55474507375
-36.1516072127
-36.679067689600004
-36.97300241005
-36.78546003545
-35.945883309
-34.6528961198
-33.17590675665
-31.63836132975
-30.142994304499997
-28.820155672699997
-28.07352637495
-28.1188821312
-28.1689548861
-27.476742689199998
-26.475307204499998
-25.957751444099998
-25.8763562491
-25.551471741249998
-24.945813037249998
-24.6576642403
-24.6598413166
-24.3130977859
-23.555994985949997
-22.70010980055
-21.2412039
-18.6373029654
-15.5279084499
-12.592552551949998
-9.73663444166
-7.09159853297
-5.1955572860100006
-3.950392225535
-2.60188272603
-0.7826762876204999
1.349629418935
3.600742003775
5.712037256904999
7.5042231383699995
9.27975634747
11.255484471
13.1228863773
14.71133812435
15.90184582105
16.392472520549997
16.309469034950002
16.00940515825
15.7801747145
15.883948684799998
16.226642069049998
16.4332387646
16.2830597265
15.832640292
15.156001055299999
14.201166771399999
12.8377874485
11.0864570516
9.211144120745
7.39139174613
5.8109785100849995
4.45407059552
2.940528905825
1.3177391738
0.07261818441009998
-0.6487611862795
-1.353871775725
-2.3505069052499996
-3.16240730407
-3.41563265904
-3.3546980586
-3.333744189545
-3.12917452855
-2.3104055520699998
-0.991459179655
0.534165479638
2.11299180358
3.6334069742599997
5.1212493569649995
6.754382162745
8.668396057159999
10.742057310249999
12.76693440225
14.542722584249999
15.76376818905
16.471445473
17.1162130972
17.5502161996
17.142759698749998
16.29979967805
15.92981438685
16.006894655849997
16.11333603495
16.1529843209
16.233134071349998
16.191053736199997
15.462449061149998
13.5743453167
10.87676145465
8.639179104815
7.5375804583449995
6.871192112889999
5.8279744152
4.45022638872
2.942786396655
1.127040038565
-0.9361028959344999
-2.904836622485
-4.587002678265
-6.05155426722
-7.31089484027
-8.503202057245
-10.23289604225
-12.51702173365
-14.60097408525
-16.095017212749998
-17.0736522362
-17.62703168905
-18.0857377428
-18.970611385599998
-20.341433955849997
-21.7619762416
-22.893300805550002
-23.78831452445
-24.20088028995
-23.47155972945
-21.631596829849997
-19.7223891746
-18.83248472035
-18.816411621
-18.4519376671
-17.053107304450002
-15.056708724049999
-12.889154681199999
-10.5039616549
-8.182944326865
-6.447722333254999
-5.502287723379999
-5.222379454425
-5.22818989455
-5.193006576345
-5.14612588602
-5.49190640369
-6.514353616679999
-7.894193401605
-9.36636868027
-10.98071194465
-12.67324166815
-14.5356519896
-16.3654355865
-17.673848636149998
-18.9863804788
-20.84665295055
-22.5736334355
-23.786274741249997
-24.752288606149996
-25.3446592994
-25.4718515499
-25.465526260649998
-25.4713612174
-24.856650975450002
-23.31335885165
-21.77220457755
-20.547461865699997
-18.9030631804
-16.5102994203
-13.65941800545
-10.41655498345
-6.22999018663
-1.05595849737
4.38115619144
9.654920530535
15.09167923795
20.7952562979
26.1429009961
30.692029411399997
34.383291698
37.691074743
41.10774102295
44.31490783895
47.1517853576
49.96861808365
52.627965817349995
54.79800094265
56.514243145849996
57.67140823255
57.963509109449994
57.4666551872
56.6959505637
55.9763582
55.19644513215
54.16708030825
52.924666013099994
51.53097433505
49.73520020034999
47.47246281259999
44.9257150342
41.966548590049996
38.879248457
36.455309356549996
34.60518676755
32.58154531345
30.27149083945
27.9810006322
25.72232319755
23.4541136991
21.412388782399997
19.640611520249998
17.90769801205
16.2569348109
14.8605070775
13.39720779775
11.499454309699999
9.56822680254
8.15471784617
7.22148172823
6.366052552055
5.40181074881
4.63181416544
4.355691263385
4.392289681185
4.449591898465
4.44089045792
4.16817536674
3.326969755725
2.001836367825
0.6110328462664999
-0.7854909923035
-2.375528572725
-4.013980505465
-5.5904102802799995
-7.27506134117
-9.044494813970001
-10.9222937306
-13.0843266295
-15.3174773542
-17.5742621054
-19.98725698445
-22.1415132099
-23.648599181899996
-24.711532168749997
-25.5892567637
-26.31699845355
-26.99844294875
-27.531238243249998
-27.68732088465
-27.60888729795
-27.56609107735
-27.6052098042
-27.23305724335
-26.0667621655
-24.7859548356
-23.866002805749996
-22.816828548849998
-21.385685274449997
-19.8543082304
-18.407287989649998
-17.20503192625
-16.3864022042
-15.638292102300001
-14.64484903735
-13.629154683549999
-12.95524169555
-12.6183930747
-12.24349465185
-11.676454535549999
-11.1644591457
-10.89851260435
-11.1325679199
-11.9091173068
-12.8704632063
-13.7070685178
-14.385963283999999
-14.998878909
-15.50479417585
-15.7770561998
-15.693719288099999
-15.389320872099999
-15.0760572445
-14.706493639249999
-14.298536999249999
-14.0777402745
-14.0668352797
-14.1217917463
-14.09251889605
-13.7171105274
-12.89712748765
-11.927377289099999
-10.863816676649998
-9.38164547964
-7.6434324577799995
-6.00298781376
-4.385901629375
-2.674284242315
-0.8653814549275
0.9376131200344999
2.778925120475
4.97783396537
7.472521180915
10.214135920799999
13.3971391512
16.508818616150002
18.988783108049997
21.0373432598
22.71750679765
23.957744016499998
25.04688037215
25.8950869506
26.1522565402
26.2713877244
26.85479513955
27.1830335217
26.24134995545
24.468297828799997
22.874462230899997
21.613483947299997
20.2170169873
18.440287366899998
16.42577590395
14.394867722199999
12.2951266641
10.088493121
7.951705481194999
5.735433962475
3.430216128255
1.092232315055
-1.66967826767
-4.68565463527
-7.5378050306299995
-10.3600588728
-13.13417383145
-15.636928977950001
-17.7703558788
-19.583115131299998
-21.184786242549997
-22.5891279425
-23.879575209349998
-25.15514578815
-26.1091661201
-26.6157188192
-27.01897807385
-27.17717895165
-26.84716556585
-26.450329666949997
-26.29095199115
-25.970519702399997
-25.374324415649998
-25.1201066277
-25.22926444885
-24.860524602199998
-23.993175442949997
-23.35542938015
-23.200180304
-23.42438974295
-23.596123797749996
-23.259598796349998
-22.6216664072
-22.27809042445
-22.374744766849997
-22.26991167835
-21.297945176899997
-20.0722316067
-19.53966186515
-19.09318470395
-17.7656094602
-15.8115952211
-13.901357867599998
-12.149841144349999
-10.3909498203
-8.612088234189999
-6.79791878542
-5.061840671264999
-3.5790899012399997
-2.26498899459
-1.1554793235649998
-0.321186420135
0.2731764940625
0.56063637385
0.5938617943825
0.351871231852
-0.2544457925625
-0.7627309344515
-0.702689229494
-0.2814795884845
0.24559127021100002
0.9629742937325
1.674700253135
1.9616899040549998
1.907059018235
1.808537489675
1.99777543406
2.8563054729649995
3.9927785281649997
4.52963671776
4.69477481977
5.4410010642049995
6.592850946604999
7.200096366575
7.08886640028
7.20356694001
8.26561928969
9.448647454435
9.991015019999999
10.45952772375
11.26577164685
12.0697306205
12.8364929707
13.8307303743
14.6879296508
14.974950683
14.899459091299999
14.80354024765
14.739169397049999
14.85416217495
15.5967903595
16.8755775195
18.1580127533
19.24716872225
19.9527277698
20.110605028149998
20.11707741715
20.249378932299997
20.32278170755
20.60980273975
21.40206237995
22.26796996165
22.6699739651
22.60573060095
22.5167352522
22.708219900099998
23.1124696264
23.6874139026
24.4249328225
25.0177252017
25.40523497645
26.01048180115
26.888549628849997
27.54655623055
27.6294910696
27.256681463199996
26.74649049695
26.190345568799998
25.6156562655
25.037279661799996
24.3173342587
23.519014108799997
22.7067881292
21.64954299935
20.14875289665
18.47920996075
17.21472089645
16.35481498455
15.38436851385
14.0883510698
12.786959581549999
11.722163331199999
10.6952893964
9.596317951465
8.420792854635
7.31812626398
6.7426671386549994
6.534054195865
5.8885795122
4.716446535605
3.658795410445
2.82724346569
1.69993766691
0.151001619902
-1.4753742078949998
-3.1078156448499996
-4.8035286069400005
-6.544826800889999
-8.288585483325
-9.840541782399999
-11.1672638476
-12.46286941235
-13.617484770049998
-14.19427269645
-14.40699854825
-15.0767044834
-16.163712796000002
-17.058373475499998
-17.7334632615
-18.098133348399998
-17.787429256449997
-17.1396313774
-16.6214087648
-16.116474162950002
-15.651295720199998
-15.10878203555
-14.0834869714
-12.779869373599999
-11.68688881115
-10.5956146058
-9.146112301935
-7.6923617572900005
-6.49195326675
-5.615642790729999
-5.21749476206
-4.78489597194
-3.963372307475
-3.30530588521
-3.127716279695
-3.3424054228249998
-3.8567495053500003
-4.449644854374999
-5.094018251245
-6.075750214765
-7.50843411388
-8.785549240055
-9.455935756715
-10.178675074400001
-11.618879693399998
-13.507728743249999
-15.1658077053
-16.500806583099997
-17.681056523899997
-18.30335711295
-18.29988555885
-18.22129506575
-18.2671999944
-18.294374221549997
-18.26852389215
-18.295384306499997
-18.2801251591
-17.837511818
-16.9434003109
-15.947348677049998
-14.93916621715
-13.778961068949998
-12.4359893847
-11.009337555999998
-9.71890401846
-8.533269246144998
-7.1992882986149995
-6.15710716383
-5.851219117695
-5.945992544625
-5.98251545122
-5.560061640524999
-4.553822858655
-3.307513362125
-2.006412150715
-0.8825430924275
-0.2387881029065
0.4446039929835
1.515385339895
2.26366705817
2.329915882245
2.50528133954
3.3791793796599996
4.0901801372949995
3.7548976384499997
2.771036651215
1.875646356955
1.4620861971449999
1.377084116275
1.17668620419
0.6007813666224999
0.200640920872
1.18550826653
3.1603145649599997
4.291602844304999
4.481571384115
4.911798926265
5.431745547935
5.750753911105
6.513534761405
7.513962122485
8.09347335559
8.573788362615
9.348321502274999
10.399697352099999
11.607396106249999
12.5365467738
12.8817212405
12.867109332
12.8070141808
12.859195365449999
12.84240638065
12.110349764799999
10.4916445025
8.782277741615
7.74996209673
7.2387953688049995
6.496127957655
5.23333642447
3.54638276216
1.5497615708049999
-0.360015458544
-2.004825434745
-3.299303234745
-3.851194038125
-4.110726049709999
-4.91720140975
-5.94225130765
-6.517730046275
-6.954667298354999
-7.832048660555
-8.580596139045
-8.38538398348
-7.637023812005
-7.3162482905049995
-7.892042803259999
-8.77401956165
-9.121975194289998
-9.01563580435
-8.909640627825
-9.120766034345
-9.71832542611
-9.9336265042
-9.621509273985
-10.00536214895
-11.220916029749999
-12.5159135822
-13.6982817594
-14.4449012505
-14.613418724099999
-14.5650719396
-14.5370641472
-14.583067142349998
-14.87077464005
-15.70447718315
-16.82459274615
-17.441715423999998
-17.437469144549997
-17.3654981402
-17.2951452331
-16.730095866750002
-15.670183328099998
-14.8568197771
-14.73852215815
-14.67489661295
-13.817020677599999
-12.570781788949999
-11.522284190899999
-10.30842686055
-8.741711553225
-6.93181290053
-4.849665953195
-2.47593003609
0.020927420519950002
2.251733345785
4.108479346195
5.792410598975
7.347331448345
8.730998768765
9.893929185000001
10.912820506700001
12.2373066557
13.968376513699999
15.6315843537
16.8341542299
17.38869086745
17.681380143349998
18.2418007709
18.800936727299998
18.98134966735
18.69685875085
18.16471069525
17.9679010364
17.866186462599998
17.00452516035
15.428596505349999
13.725730572749999
12.0745751056
10.367168694050001
8.354035065424998
6.16792586011
4.419006918445
3.10780976086
1.930808763205
0.8915177462414999
-0.0109970400169
-0.6664297295180001
-0.940678188492
-0.8442706794725
-0.362300211861
0.3698714359935
1.087987996935
1.7375814736
2.417640289155
3.131772310135
3.8119223275349996
4.483058072255
5.1839530770649995
5.875937759685
6.56171581352
7.15341180925
7.661497287744999
8.269990113595
9.002011425505
9.70973480071
10.2429086319
10.80701655985
11.45099965205
11.619723065299999
11.031088705699998
10.45252577565
10.8009658568
11.69957861625
12.21923299975
12.185164697649999
11.898457478249998
11.6872712705
11.657468861149999
11.488480668349998
10.791080753600001
9.521987467125001
8.223163359845
7.676930993514999
7.597051906605
6.853689203969999
5.53900970497
4.8244687466850005
4.835035412059999
4.711341193615
4.2110186592600005
3.5017978086
2.7006200008900003
2.2400065537150002
2.1890109930499997
2.04503760307
1.6169047613599998
1.098441885835
0.542936743531
-0.21482682849600002
-1.2790568428749998
-2.376250342165
-3.340595115235
-4.50949974265
-5.59687678529
-5.9672876851
-5.941071567655
-6.205028339719999
-6.677264628474999
-6.867093913854999
-6.85471497956
-7.0524327342
-7.422968178465
-7.49604439227
-7.218073917355
-7.018257539615
-6.91230747368
-6.768435092195
-6.69323671933
-6.67034211424
-6.877722361125
-7.425560076059999
-7.63263533613
-7.070834912924999
-6.474070840475
-6.691274408665
-7.61028401945
-8.325761512809999
-8.420590837645
-8.31839083467
-8.29065370581
-8.374760439535
-8.587429412765
-8.63645187545
-8.42344359213
-8.275299433905
-8.270794258895
-8.27666157759
-8.26844948888
-8.26689219286
-8.28122363117
-8.292688585685
-8.276966564405
-8.25610291653
-8.256592268364999
-8.25556551211
-8.24698273203
-8.239214884565
-8.221808080815
-8.211959262219999
-8.17906579679
-8.17884220517
-8.38953415776
-8.82632038743
-9.27656330223
-9.454303930155
-9.62424434867
-10.1317208342
-10.214665479899999
-9.46049290697
-8.650945123485
-8.229682820765
-8.026128148045
-7.657372610755
-6.988817976315
-6.27928625485
-5.54584494002
-4.53988662834
-3.383869900355
-2.5707613222549996
-2.2927025874899996
-2.109170152075
-1.2916819240850002
0.2095295703655
1.477094294305
2.0661199392399996
2.690471098805
3.7051936135899997
4.72475767148
5.563309603005
6.365258213404999
7.231316817514999
8.304639950039999
9.774912738605
11.377606683449999
12.45735807505
12.850997006050001
13.2920510898
14.281179228749998
15.660876817249997
17.27132488025
18.94349599835
20.400999547949997
21.543846925649998
22.5049672722
23.43198009005
24.30951835865
25.05317624145
25.73970058135
26.33835733725
26.6140320754
26.59735096375
26.554437063349997
26.47180623045
26.2951786573
26.226492880699997
25.9522793334
25.07098511785
24.06619575885
23.21831279985
22.27083350345
21.368150984249997
20.427497116250002
19.058606456049997
17.61922559565
16.54347531725
15.505098182
14.28869112265
13.303809263149999
12.52476898715
11.2633101777
9.74384232941
9.011663130434998
8.98705138093
8.696336183675
8.037584276575
7.54953574536
7.255868746455
6.930880288115
6.43990545254
5.761843270925
5.1167010326949995
4.78983656221
4.82406569337
4.614622127325
3.695482088095
2.5895528249849997
1.693376037395
0.7229141702545
-0.516153997849
-1.9422335104550001
-3.4644109361399997
-5.14225029794
-6.968096524865
-8.77586517318
-10.52560493145
-12.3116999026
-14.0856052078
-15.633682976799998
-17.0544115889
-18.5183286876
-19.7946445718
-20.68413714675
-21.3332687302
-21.97047542725
-22.6567938275
-23.30702375575
-23.819764450999998
-24.369946935949997
-25.187546959749998
-26.030516787099998
-26.56320420845
-27.02133166985
-27.593588923949998
-27.92593629245
-27.924671234599998
-27.87739337495
-27.63691470365
-26.780372472699998
-25.536202787199997
-24.71582748145
-24.49498172345
-23.99680390345
-22.64148564685
-20.78785227715
-18.8083505547
-16.6267435824
-14.279335578549999
-12.001643049550001
-9.92392772735
-7.93340529163
-5.88515699135
-3.758113238985
-1.4940431275
0.5242349716485
1.8118688086799999
2.817818294375
4.279734836475
6.051461104045
7.590391229924999
8.858732346345
10.140223199749999
11.57260211205
12.97126576165
13.8825879395
14.3374203665
14.84357099295
15.4018341575
15.865502376150001
15.98151504565
15.3061997067
14.33421359195
13.6984778924
13.201408223849999
12.6705448394
12.03629975065
11.1698528032
10.104448540549999
8.987217113315001
7.744525289969999
6.112150538234999
4.230696683150001
2.530483449375
1.224794687095
0.232638450758
-0.514824216109
-0.84732397995
-0.9874472791400001
-1.520586787055
-2.489972178225
-3.4922686867949997
-4.013552935525
-3.9282036992449996
-4.104542956885
-5.139559353179999
-6.24321347349
-6.62436069372
-6.527820108459999
-6.463773857975
-6.517151453925
-6.571364576454999
-6.61005671403
-6.6854982918150005
-6.648915564655
-6.16106316644
-5.62745195866
-5.893105281174999
-6.53893300424
-6.6150492795449995
-6.240062596845
-5.854549456035
-5.72304718286
-5.831964741085
-5.496369410105
-4.70336544517
-4.183077552079999
-3.58285369351
-2.411003148435
-1.1574887061499999
-0.06247791217709999
0.770130542209
1.132543530545
1.44748703729
2.113428199505
2.935564779595
3.7841636240449996
4.385926145999999
4.379556726825
4.14615551483
4.007176651695
3.8946345556299993
3.736921068335
3.29667407188
2.7191575113849997
2.4658085926249997
2.5611390372750003
2.553213302745
2.05921605764
1.43808049861
1.206097328205
1.0039832523699999
0.4385315191705
-0.0437102199933
-0.100097849481
0.01184361869145
0.141669023363
0.44112773169149994
0.9094029183785
1.40936074342
1.725490854815
1.639421810425
1.383168161935
1.3595341354350001
1.6606492850149999
1.9555126952199997
1.855301480865
1.451528357755
1.136456383895
1.100656227405
0.9814946425899999
0.43704414456499996
-0.3755261465165
-1.0284626121
-1.0429382081649998
-0.7160467693925
-0.788870854226
-1.158923419045
-1.288939984745
-1.271746965965
-1.630438919025
-2.252678706845
-2.772309554385
-3.3211730449099996
-3.77811586299
-3.8675309363599997
-3.99057105125
-4.53592474174
-5.147466455075
-5.538649800915
-5.6715985549650005
-5.4633935688149995
-5.328442296834999
-5.35277357615
-4.868196599035
-3.982589418815
-3.377636793615
-2.9335446096949997
-2.1607374404349997
-1.3571854427599999
-0.8059704156315
-0.393749353879
-0.400472400853
-0.6310477285839999
-0.6013707462875
-0.422445180843
-0.22854790091
-0.06154014146419999
-0.01126889016155
-0.0370391090377
-0.0636405297612
-0.0669067522235
-0.08329841079209999
-0.013502384119
0.44606920455999993
1.0992744704200001
1.1576426705549998
0.4854504554305
-0.09341192067724999
-0.1328170507405
0.02080621032595
0.09500858059035
-0.00694216872293
-0.480205172545
-1.11036186891
-1.38774100283
-1.280159110335
-1.268753976385
-1.7666581908499999
-2.4500738227
-2.716392036085
-2.61439208877
-2.556657398225
-2.5259390477649997
-2.363946919075
-2.2418992371649997
-2.2065580318949998
-2.366504493395
-2.973251735545
-3.69955282851
-4.02121290984
-4.116126571864999
-4.45558278095
-4.99707461267
-5.344129994839999
-5.479318587749999
-5.64755951382
-5.67087580486
-5.57615729517
-5.880309564255
-6.390790807345
-6.81757327335
-7.55169320836
-8.2085779293
-7.985719846719999
-7.243049493575
-6.886151176799999
-6.895564580135
-6.771224103455
-6.56275727975
-6.43320751059
-6.308222737005
-6.08764862321
-5.53380629648
-4.385615275195
-3.25206754369
-2.82152618874
-2.564534099505
-1.9550017687549999
-1.074933384455
-0.023920576813
1.12827665713
2.47025002441
4.00143878078
5.62225639549
7.265726391035
8.87358844043
10.44026746315
11.88619916575
13.214990434099999
14.544703527549999
15.9884483472
17.261675136650002
17.877983862549996
18.0962700849
18.651856034
19.52506956995
20.27898520865
20.946886720200002
21.53386375595
21.880009080999997
22.16197968845
22.593737068
22.720056526649998
22.1764444972
21.47329788555
21.00805079625
20.6181285856
20.08720636125
19.34297969275
18.36001993665
16.8717725393
14.97413673105
13.404680465050001
12.313161093449999
11.21069750045
9.81056285335
8.083279342915
6.343359963955
5.08428122846
4.212705403059999
3.17084494573
1.81422632734
0.3970148702625
-0.697920255599
-1.4757135179849998
-2.369968202175
-3.3344904756099996
-4.107653626265
-4.70651730248
-5.243912896495
-5.553063615085
-5.67074243442
-6.02986588008
-6.594270949525
-7.229357448845
-8.03325267927
-8.85950020704
-9.263103675104999
-9.048750900069999
-8.67004357436
-8.70146211963
-9.06725212596
-9.233492495430001
-9.02664474964
-8.868104561749998
-8.960695028389999
-8.863837688335
-8.38155350599
-7.903703890775
-7.76455635326
-7.874571275619999
-7.965690744759999
-7.8563495392550005
-7.49792138508
-7.004569417545
-6.639183445194999
-6.475877225405
-6.1564913062099995
-5.32336539413
-4.2667753485
-3.724125351415
-3.77710185538
-3.83208774193
-3.48376337925
-2.6310751617499997
-1.6230858928549998
-1.175735939805
-1.080752650565
-0.3280829467475
0.919600363381
1.6513594454699998
1.80149141165
2.06988177018
2.8671996804499997
3.810079658
4.2385116025350005
4.168966763395
4.042078519044999
4.187709232874999
4.730944686965
5.32323986901
5.517334066475
5.481718275004999
5.78479181259
6.466462841405
6.907754246084999
6.91552405488
6.84684808493
6.72245661367
6.54413249007
6.60461794594
6.824005455085
6.912610499165
6.895182120784999
6.864349032519999
6.5431881096749995
5.91947438236
5.41219599116
4.778698169139999
3.726353422295
2.634263303665
1.837125835755
1.2459544958
0.6061308941975
-0.07639438209235
-0.5214095777169999
-0.594627595681
-0.633029456416
-1.001216796405
-1.67966143737
-2.6716962673799998
-3.9958627195900003
-4.8708904857899995
-4.68231449028
-4.15744885297
-4.034368530815
-4.338517857905
-4.75659594137
-4.81978214865
-4.4015383327999995
-3.8628198216999996
-3.6094914969049996
-3.5507378954249997
-3.29450287957
-3.056384668925
-3.22725475786
-3.52488658536
-3.5956464684349996
-3.4050002891099997
-3.017273787395
-2.527859189835
-2.223405856595
-2.23936225681
-2.19303760354
-2.12476566757
-2.37908740601
-2.63316201687
-2.5614832506900003
-2.52382179203
-2.7623205006949996
-2.943276729155
-2.8838023389
-2.78086585651
-2.76929008685
-2.814827266125
-2.68267775405
-2.1231024597299997
-1.4643603592799999
-1.2224155938049999
-1.236417528675
-1.085787384675
-0.7671286285775
-0.3903488979915
0.05290521942615
0.4402251276255
0.6656107761765
1.0038724372249999
1.713175663745
2.4566766401449995
2.7330094045099997
2.2627089484650003
1.401804719595
1.432034698885
2.555068720925
3.160246899075
2.55792932073
1.60635868995
1.073381972425
1.015183427335
0.7356596771265
-0.13510023499350002
-1.013998784015
-1.49126392289
-1.7037416664449998
-1.816547561395
-2.1096987305100003
-2.821460484185
-3.502314619055
-3.826714678395
-4.145736770875
-4.49173597684
-4.880484331485
-5.493070453044999
-5.90191459487
-5.7526456138899995
-5.5199936299550005
-5.6491315198150005
-5.8769900132299995
-5.93368814087
-5.90481540194
-5.891345968165
-5.93970353998
-6.265016598435
-6.915854538985
-7.39960383484
-7.43004956043
-7.3329117501850005
-7.608913049779999
-8.26098858956
-8.68986085268
-8.719794671139999
-8.971677495725
-9.548071194795
-9.784119221625
-9.69334984989
-9.60727492151
-9.35538130961
-8.817907262395
-8.067959394285
-7.277963128905
-6.82807423417
-6.993103482364999
-7.239083684315
-6.837395454995
-6.166324434165
-5.952364905795
-5.922329098175
-5.45286024605
-4.686136141785
-4.0652683043
-3.64703625643
-3.3828048981650003
-3.14440621733
-2.5022648139999997
-1.65450345746
-1.3985999063749999
-1.654439714235
-1.7833795097649998
-1.833365966145
-2.124939245275
-2.496440644565
-2.75162438754
-2.900241226295
-3.21080116049
-3.7954804981449994
-4.338025564075
-4.869961796035
-5.40924615084
-5.6583635001250006
-5.635877832339999
-5.583279865065
-5.43434725218
-4.92701394374
-4.311425025949999
-4.057090538864999
-4.07213492063
-3.9649207775099997
-3.5531689639599997
-2.783294963715
-1.8530763519799998
-1.343062886095
-1.245827990015
-0.863011089556
0.05283117921864999
1.2478236432899998
2.400360971855
3.31552441451
4.15692517786
5.238272111415
6.335916716604999
6.84509661724
7.0144613854
7.718578855399999
8.889705669705
9.73697179042
10.14320442135
10.492644780800001
11.01170095865
11.71654412075
12.363979153749998
12.61910896015
12.39765518985
12.2085731712
12.642948926299999
13.32110819375
13.37404449045
12.87809278
12.659639844600001
12.910484144949999
12.969941863899999
12.674124266649999
12.6464989336
13.03014488825
13.696781341949999
14.650252501499999
15.3024535664
15.3971269655
15.5078636573
15.830963354849999
16.1767752538
16.36368019615
16.3644353082
16.337761220199997
16.34681275815
16.35877687115
16.356119268999997
16.375291269749997
16.2166490927
15.6641032051
15.1311313909
14.794125863649999
14.27472645305
13.5339811453
12.779918406850001
12.29729393375
12.06052217615
11.42171699515
10.318978815949999
9.60602947696
9.403072029225
8.820366770215
7.6976328316650005
7.078829294005
7.122228623579999
6.559677991649999
5.23210863189
4.157386090409999
3.4452507033699997
2.745141211225
1.9945470848799998
1.10549777051
0.1371492364445
-0.5877640194125
-0.954803883285
-1.59645005079
-2.9921138461549996
-4.56869856604
-5.66376402228
-6.47951058923
-7.479931085655
-8.47794895283
-9.184229769819998
-9.87369806605
-10.70596883825
-11.305782778849998
-11.44923445505
-11.3875800465
-11.404771103949999
-11.77789452315
-12.27891627165
-12.1471247023
-11.57173912685
-11.3268572697
-11.3614355176
-11.17251040535
-10.73074043615
-10.41220083085
-10.28129186
-10.145175558
-9.9453944842
-9.598459723825
-9.001646618125
-8.456530248565
-8.25935872433
-8.019039901425
-7.526265545575
-6.908959483369999
-6.240909891405
-5.863393093005
-5.854623986575
-5.917598370215
-5.92238107342
-5.95744573116
-5.889905371279999
-5.344056444965
-4.513284128885
-3.8766364108849998
-3.478447194285
-3.299715114045
-3.125976579985
-2.74269052939
-2.439450278755
-2.1317646736749998
-1.3245253756
-0.3914303753535
-0.22266459737549998
-0.45639747027349997
-0.11052633915749999
0.5569904575129999
0.9680190306254999
1.3822894860950001
1.929080831475
2.457559238645
3.03132181352
3.70619781455
4.408115652955
4.83518251181
4.885511220275
4.823886231675
4.837034987995
4.907313364555
4.9302050276500005
4.898579562065
4.8787593417499995
4.8832802073999995
4.898746275115
4.904071286065
4.93564379574
4.8673846084150005
4.406756451264999
3.91456362976
4.056272664255
4.66498221707
5.06430312108
5.05214875907
4.940089150185
4.93754040185
4.988304525575
5.049270507295
5.001963227695
4.440210857075
3.578096487595
3.316919900805
3.62679533083
3.7148894484449997
3.30673961744
2.541029520785
1.567397850165
0.5905661715835
-0.32020281314
-1.139608241205
-1.827452556195
-2.423037869315
-2.8645518849499996
-3.4268416599899996
-4.543497436869999
-5.93818743189
-6.883712262945
-7.208835072389999
-7.2206560083
-7.295728856045
-7.706164617164999
-8.22190712798
-8.63449642944
-9.041392970575
-9.405153000355
-9.50091591827
-9.516494762459999
-9.95799602945
-10.58575892255
-10.95448896255
-11.373654603499999
-11.9450292591
-12.2569003424
-12.3946837749
-12.728031421699999
-13.0621243739
-13.06880270255
-12.8652460685
-12.701376946999998
-12.596936124499999
-12.43849008045
-12.19705035745
-11.75851658275
-11.066010186349999
-10.399138373049999
-10.08726728975
-9.89052627745
-9.149036644965
-8.01962535843
-7.6159865864250005
-7.7646603037499995
-7.09280671225
-5.719651139964999
-4.57965455542
-3.80274624513
-3.1877163063899996
-2.662351510595
-1.950151399665
-0.9573311550565
-0.314360795602
-0.0337281094115
0.714287946715
1.84919291858
2.4780031619000003
2.42048323699
2.226310586325
2.2121909716549997
2.27748855068
2.268557634525
2.1982459153550002
2.1667793175
2.184442074815
2.19590310667
2.15394829664
1.9712278518450002
1.5630338909150001
1.041190663135
0.710621044147
0.9127531642179999
1.603278421185
2.1204772195249997
2.0103809019699996
1.5169357712599998
1.005037467245
0.5927250075145
0.4474494905475
0.62980659896
0.8211085489705
0.7443452308984999
0.474418660646
0.319140949078
0.446800388384
0.730886094106
1.021043881375
1.2549177739
1.498513979235
1.9217081920049999
2.310165289145
2.4072158202050002
2.381912701875
2.36046261633
2.45329236523
3.0683791825399997
4.21241512622
5.074667769465
5.244467952885
5.43599869204
6.049201651885
6.422650651864999
6.26212265602
6.0732151957400005
6.37079798999
7.14154968541
7.813046314849999
7.987817489154999
7.9086121191
7.924442994195
8.01564778119
8.051949057495
8.01415717039
7.998057593085
7.9101429371649985
7.403835404315
6.598642754095
5.93464134725
5.523653471735
5.347280871485
5.192757487434999
4.73259318483
4.0258249773350006
3.278379766305
2.7378372183049997
2.453471826925
2.0421691579449996
1.505727750975
0.978994339106
0.1447807714745
-0.8748780186545
-1.678966145885
-2.27202232397
-2.5824547717149997
-2.573197294115
-2.497387966955
-2.495120669475
-2.5025354775399995
-2.4669275313899997
-2.4179472373
-2.4796163558249997
-2.7821721022899997
-3.2301614489199997
-3.57599296117
-3.6938679135049997
-3.64734026258
-3.716715446675
-4.213512490355
-4.830588096284999
-4.944533523964999
-4.764914922565
-4.868277013565
-5.132381866045
-5.25073342157
-5.196935120335
-4.964007569535
-4.836772169774999
-5.35016108459
-6.126274075565
-6.1097155470399995
-5.5902876971549995
-5.50835411707
-5.65266289448
-5.452259098405
-4.8437927505100005
-4.0840156771050005
-3.355301167575
-2.829474478565
-2.62802725493
-2.3568204265199997
-1.716096084115
-0.9367069855745
-0.29969426406149996
0.18305710708950002
0.6639627686440001
1.094834999965
1.2506155965449999
1.035316479785
0.8346540823494999
0.827311745428
0.6604444368235
0.4178779297385
0.215172807108
-0.226053677549
-0.805453703243
-1.298111163825
-1.7008310527250001
-1.9884404839249998
-2.2094323610099997
-2.34797875088
-2.30478830295
-2.089503896165
-2.032986210885
-2.071671483805
-1.388026376345
-0.12658737632800002
0.7600719593705
1.418797682715
2.46939880719
3.6972051165
4.703311508594999
5.458785423979999
6.10134655193
6.8595986912599995
7.741103749785
8.839377941905
10.1255818713
10.845370368
10.9306686097
11.29103357725
12.10796674885
12.9509561895
13.61022784905
13.89740578765
13.898494325799998
14.2481798515
15.28965588815
16.36424898185
16.74280528515
16.6326864123
16.559205183849997
16.60827766045
16.6450427913
16.6472002543
16.658948621
16.70216652755
16.67906206015
16.419960560499998
15.946240525599999
15.528791048399999
15.1842049807
14.674278794
14.158821656699999
13.61005132935
12.701318107099999
11.7307931832
10.90637753765
9.940412706
8.860725057624999
7.746315984259999
6.514076088484999
5.360658122749999
4.15132165805
2.405166230355
0.5810959877449999
-0.6205915841545
-1.5417789577049998
-2.72018426764
-4.113302256665
-5.49967130916
-6.829875715775
-8.15429223756
-9.388781778844999
-10.3981479014
-11.1720494928
-11.51354646575
-11.74472843285
-12.7184012914
-14.13896319045
-15.0123924727
-15.23140438715
-15.5497968927
-16.18317899625
-16.560097589
-16.5292850947
-16.39888606965
-16.43868145535
-16.71740606165
-17.0183035036
-17.1471432713
-17.187576089249998
-17.3462378796
-17.5870695903
-17.7181452742
-17.640192213349998
-17.204306234149996
-16.592430114049996
-16.3047716496
-16.28897313645
-16.12169130075
-15.59505458245
-14.83970717285
-14.1954004612
-13.611463486949999
-12.80184607625
-11.881776366599999
-11.131096922400001
-10.5379711171
-9.9451983512
-9.27207970185
-8.42031723211
-7.526089025875
-7.0611841886599995
-6.789424265189999
-5.786651153429999
-4.171758716649999
-2.848962253445
-2.089933427435
-1.5374277471
-0.881725512017
-0.17563033491149999
0.4761961159585
1.105830215945
1.8469285630949999
2.812154954
3.9525683211700002
4.815056324015
5.140666523965
5.462130472295
6.10447095062
6.74875216498
7.17868550763
7.5994457098699995
8.113460288955
8.515118117659998
8.758922223975
8.927894726135
9.001511286354999
8.990941678985
8.967688150505
8.93962053754
9.002556675245
9.199274151585
9.456677139455
9.8376194007
10.084854853849999
10.069821259400001
10.1703001953
10.3226563097
10.4020901747
10.772918837799999
11.281844746199999
11.25661223575
10.728504519949999
10.31652715345
10.266856471199999
10.3541944961
10.412092957699999
10.3373466714
9.8998327883
9.26124139227
8.73840573151
8.066531546044999
7.22772660295
6.60173479084
6.327128977539999
6.061252063405
5.493647084065
4.752568350215
4.0173088824750005
3.56102801327
3.422488488055
3.206855945195
2.7418706934499997
2.373371109725
2.39176740446
2.23552001134
1.3804781978399998
0.25468782068449997
-0.487633906053
-0.6693887880889999
-0.8261705455674999
-1.429161350435
-2.02826430891
-2.167674664645
-2.0820341708599996
-2.061021461905
-2.10557797618
-2.134753740595
-2.1328924384250003
-2.1270672883249997
-2.1320686798249997
-2.13855185614
-2.15320102991
-2.15195558536
-1.97116803128
-1.66882705045
-1.583970108
-1.6554811804649998
-1.56900123744
-1.366251690685
-1.36096884833
-1.6971202163649999
-2.0973815781100003
-2.219904882545
-2.264077956805
-2.67124516148
-3.260557160595
-3.7546210909199997
-4.289143336485
-4.688415207245
-4.709385747604999
-4.92412686598
-5.943072124255
-7.004830274435
-7.344630696934999
-7.569288299789999
-8.026067346815
-8.375529280895
-8.856745519055
-9.758107082499999
-10.5047461869
-10.634625459499999
-10.6923277881
-11.17704107765
-11.61353506915
-11.58182036305
-11.590783641149999
-12.0581195469
-12.49454489185
-12.509862879149999
-12.336481307149999
-11.989600483350001
-11.3500794169
-10.818892413
-10.60607830135
-10.3331298119
-9.81774132115
-9.329186766794999
-9.126402896764999
-8.9003390203
-8.233619210075
-7.402034903375
-6.92597402112
-6.79975851296
-6.62502166193
-6.12795787737
-5.427799351975
-4.952794645925
-4.6431418268549995
-4.116187373095
-3.4060760786149995
-2.7083888290199996
-2.285760459955
-2.20289132546
-2.213059840845
-2.1755199846449997
-2.123252501475
-2.075662790355
-1.889403125575
-1.5721315201200001
-1.275893217585
-1.077226179225
-1.02930794533
-0.749439099108
-0.07921455888605
0.5127700171334999
0.9801807476229999
1.4023519306649999
1.68903659477
2.0354319893949997
2.59043640415
3.2204450200999997
3.79999646047
4.5631725187650005
5.48228608004
5.98906433209
6.172594806175
6.5409992653949995
7.106142775584999
7.631591908569999
7.851737471760001
7.747962520795
7.716443947695
8.0611251399
8.48335633964
8.573874661135
8.43272460569
8.313949402885001
8.25364733137
8.186353118405
8.09331448786
7.999031393429999
7.9146628221499995
7.848243362364999
7.7963397059099995
7.722704513055
7.718594546039999
7.766589271805
7.67154812333
7.51952935769
7.4406534910749995
7.392698972575
7.2890828893399995
6.954777132834999
6.36917989274
5.879377932505
5.715308755345
5.685269025065
5.596669864975
5.486136170829999
5.37263400373
5.037828108075
4.605023378305
4.60042111746
4.902393368249999
5.0020809074949995
4.888272772914999
4.796078494934999
4.7760915615699995
4.734403492419999
4.640543064605
4.55161734307
4.476237547179999
4.542809010039999
4.843084710379999
4.889624129285
4.291836242574999
3.559522692495
3.28186603038
3.35119512322
3.30307193034
2.87345043916
2.2499691294499997
1.7484374351499998
1.3062016500749998
0.7064636129459999
0.1617323505315
-0.1300927633705
-0.43731951529699997
-0.9052834389129999
-1.42067957885
-1.9043690541399998
-2.40376093741
-2.9846931541
-3.48466755238
-3.7488802780099997
-3.8905088979749993
-4.0090732578049995
-4.038803097945
-4.09756944807
-4.332856478859999
-4.526417194565
-4.4919124965399995
-4.37380316527
-4.357517261615
-4.384852317825
-4.399795691095
-4.379435124365
-4.181560463325
-3.9138016530549997
-3.760835565025
-3.76909570632
-3.9017983134549996
-3.8049841226599996
-3.304575289785
-2.742493415725
-2.3292186294299997
-2.05972600344
-1.87179136284
-1.519278579945
-0.9941628730599998
-0.56931133644
-0.2550402716855
0.1303383218865
0.6306304556265
1.12810798275
1.447219315745
1.5346328518499999
1.566054339115
1.735862367855
2.04164450217
2.241302992845
2.2089175118849997
2.095978246495
1.9995367083999998
1.9543054966049997
1.9183572597
1.7905962235
1.5292293876999998
1.22046308979
1.051879911635
1.0013531088399998
0.9254385563255
0.8005287055464999
0.6256792741745
0.506494447599
0.504158699702
0.475820030931
0.3150236270755
0.08253759127179999
-0.0466438205009
-0.07412531941535
-0.1262069763745
-0.1807207707935
-0.202604996734
-0.2516281458845
-0.3054289968485
-0.27199351787299997
-0.20678596389499998
-0.19699029734299997
-0.2145470447715
-0.2524222884015
-0.3236444569575
-0.34989058275150003
-0.3089974406505
-0.28410296542599994
-0.2990409450385
-0.31767299163949997
-0.318782417954
-0.31056905437949994
-0.307268037923
-0.33738965373049995
-0.406196346325
-0.45878784121099997
-0.5059769506784999
-0.647131615249
-0.8617959475545
-0.9782959094929999
-0.9572572129154999
-0.938268106188
-0.993194956705
-1.044426857635
-0.9886093671649999
-0.8572397779645
-0.792172361015
-0.8386449966334999
-0.8811922263899999
-0.836945994521
-0.7720903031449999
-0.7239859390329999
-0.645523128516
-0.557438817551
-0.5555977170799999
-0.662041449776
-0.726940682678
-0.6307799089725
-0.477795874773
-0.4067418902645
-0.40481645260349997
-0.40502092125600003
-0.39328902972799995
-0.38344913518449997
-0.377248488456
-0.3675815832185
-0.3575213332495
-0.3565043836445
-0.338713257281
-0.267646033795
-0.17239482687699997
-0.09637346033069999
-0.0445101092072
-0.05199655485045
-0.128917632501
-0.1588595904805
-0.09060317843744999
-0.03231604007135
-0.041427369166400003
-0.0718783511208
-0.08714160750715
-0.08996674646575
-0.115406226264
-0.1908426065245
-0.269212744199
-0.2750772189655
-0.21178372693449998
-0.1837763268005
-0.2500704575985
-0.327896522331
-0.34657505245299997
-0.35001738273599997
-0.37760437178449996
-0.3995561655435
-0.395276053151
-0.38060461828549996
-0.3700758065795
-0.3630179605745
-0.3540799836315
-0.34345006536399997
-0.3336464554255
-0.32414459610749996
-0.3156989129945
-0.3087673766415
-0.3008094762995
-0.291372046672
-0.281796441346
-0.2728795487005
-0.26407513833049995
-0.253945947612
-0.241444822458
-0.234217713674
-0.24020565416400003
-0.24716523753599998
-0.24770087675900002
-0.24625929920900003
-0.24254512858799998
-0.24474230852049997
-0.25051381624499997
-0.24310714769949998
-0.22732010833
-0.21829632319950001
-0.2136158052875
-0.209676179783
-0.212371439469
-0.2103984395555
-0.184738064966
-0.1510209390025
-0.13331866088799998
-0.12577244371299998
-0.11458854778699999
-0.0931474059068
-0.06371280477170001
-0.03434466330365
-0.007876710105984999
0.01708639107455
0.04130883618785
0.06376023953775
0.0823156863956
0.0965197755487
0.10921607265099999
0.1259353321695
0.1462417661915
0.1629011070785
0.1752004113755
0.18712657264000002
0.1987611822
0.2084296565015
0.21599911543699998
0.22197205175249998
0.22643358716999998
0.2292170086395
0.23020640155799998
0.22948286692099998
0.22720860671949997
0.22383904177949998
0.218783615638
0.210571134662
0.2001302886065
0.18919911005099999
0.1768506744375
0.1618041352095
0.14456767296999998
0.125982502156
0.1060497995655
0.0843568033
0.060949889007349996
0.0360716830152
0.00986577429285
-0.01748801261865
-0.045806675823649994
