-0.00216481
-0.00337676
-0.00505772
-0.00498613
-0.00469609
-0.00446281
-0.00420859
-0.003936
-0.00366039
-0.00339689
-0.00315115
-0.00291064
-0.00268713
-0.0025049
-0.00237802
-0.00229268
-0.00224625
-0.00227301
-0.00238367
-0.00252356
-0.00264753
-0.00273997
-0.00279132
-0.0027769
-0.00267412
-0.00249906
-0.00230229
-0.00212113
-0.00197015
-0.001832
-0.00168504
-0.00154837
-0.00145371
-0.00139208
-0.00131918
-0.00118212
-9.81167E-4
-8.10533E-4
-7.84352E-4
-9.3266E-4
-0.00120489
-0.00155073
-0.0019682
-0.00242034
-0.00278978
-0.00300407
-0.00307053
-0.00299443
-0.00280046
-0.00248127
-0.00208007
-0.00180959
-0.00180004
-0.00194318
-0.00208946
-0.00218316
-0.00220827
-0.00213813
-0.00191171
-0.00145551
-8.11923E-4
-3.96669E-5
8.89864E-4
0.00192272
0.00281809
0.00321869
0.0029888
0.00232295
0.00136185
2.78146E-4
-6.2218E-4
-0.00121108
-0.00129248
-5.74182E-4
6.56621E-4
0.00169789
0.00218656
0.00213345
0.00165567
8.6913E-4
-8.98087E-5
-7.07178E-4
-3.14592E-4
0.00107514
0.00293607
0.00491371
0.00664434
0.00754785
0.00736103
0.00634734
0.00491068
0.00315963
8.95898E-4
-0.00137262
-0.00244991
-0.00226372
-0.00179305
-0.00141352
-0.00102461
-6.77191E-4
-2.42136E-4
6.28377E-4
0.00204945
0.00361554
0.00474274
0.00517129
0.00499152
0.00478565
0.00529695
0.00643569
0.00731662
0.00722412
0.00623244
0.00489328
0.00320744
4.07145E-4
-0.00300372
-0.00469944
-0.00296187
0.0019719
0.00770902
0.011371
0.0118553
0.00987369
0.00670148
0.00335499
0.00114571
0.00110417
0.00238311
0.00301752
0.00200139
-8.74673E-4
-0.0057902
-0.0115702
-0.0156745
-0.0164768
-0.0137771
-0.00761065
0.00121992
0.00992344
0.0155056
0.0176378
0.0181922
0.0184842
0.0173007
0.0125536
0.00442199
-0.00561141
-0.0160873
-0.0248376
-0.029588
-0.028201
-0.0201331
-0.0076397
0.00562665
0.0146429
0.0154166
0.00834716
-0.00369413
-0.0155445
-0.0175529
-0.00505096
0.0154249
0.0353693
0.0479797
0.0493797
0.0405405
0.0247443
0.00792677
-0.00370977
-0.00890112
-0.0102975
-0.0103696
-0.0103762
-0.0114841
-0.0150225
-0.0204599
-0.023479
-0.0193812
-0.00799254
0.00760324
0.023486
0.0343194
0.0368422
0.0325855
0.0218202
0.00424709
-0.0130471
-0.0199784
-0.0134226
0.00156767
0.0175281
0.0275373
0.0277622
0.0176297
-0.0033473
-0.0284799
-0.0456087
-0.0509659
-0.0485406
-0.0414176
-0.030127
-0.0137208
0.00656637
0.0254857
0.0393053
0.0462796
0.0463418
0.042834
0.039063
0.0352249
0.0290344
0.0181042
0.00251148
-0.0155472
-0.033686
-0.0487801
-0.0558665
-0.0502774
-0.0346084
-0.0184139
-0.0093298
-0.00757748
-0.00696254
-0.00180781
0.00794824
0.018918
0.029139
0.0381532
0.0446088
0.0478725
0.0487107
0.0477237
0.0441081
0.0354129
0.0216489
0.00818163
-3.55797E-4
-0.00549893
-0.010547
-0.0187788
-0.0332983
-0.0526762
-0.0704284
-0.078627
-0.0747276
-0.0614792
-0.0406444
-0.0143017
0.0129314
0.0356936
0.0500176
0.0552292
0.054502
0.0520254
0.045429
0.0294416
0.00780758
-0.00996171
-0.0209729
-0.0326681
-0.0501057
-0.0681539
-0.078618
-0.0773763
-0.0646645
-0.040696
-0.00798984
0.0237483
0.0437477
0.0519477
0.0563459
0.0615828
0.0659093
0.0658038
0.0599174
0.0480079
0.0312947
0.0121855
-0.00729106
-0.0268613
-0.0480317
-0.0674113
-0.078022
-0.0774758
-0.0643579
-0.0393053
-0.013322
8.65774E-4
0.00219571
-3.99577E-4
0.00195985
0.0110177
0.022781
0.0326077
0.0371768
0.0359708
0.0317572
0.026144
0.0186137
0.0111478
0.0061849
0.00215867
-0.00154858
-0.00179643
0.00176091
0.00572071
0.00774956
0.00785684
0.00719481
0.00573845
0.00320505
7.86219E-4
-0.00155825
-0.00522302
-0.011551
-0.0217626
-0.033344
-0.0395974
-0.0379393
-0.0340619
-0.0327194
-0.0317035
-0.0285695
-0.0248217
-0.0216029
-0.0173679
-0.0113067
-0.00498062
9.54065E-4
0.00784629
0.0190185
0.0381041
0.0599227
0.0729269
0.0738465
0.0691586
0.0632932
0.055234
0.0458328
0.0373019
0.0281004
0.0144959
-0.00312851
-0.0187187
-0.0275313
-0.0310613
-0.0321719
-0.0296135
-0.0207612
-0.00539656
0.016515
0.044474
0.0701518
0.0821324
0.0806082
0.0746509
0.06839
0.0561889
0.0356531
0.0144632
-0.00531527
-0.0260788
-0.0435924
-0.0529179
-0.0537761
-0.0479609
-0.0383887
-0.0279008
-0.0171357
-0.00679504
0.00345267
0.0176896
0.0371463
0.0570058
0.070671
0.0732437
0.0609401
0.0261922
-0.0223468
-0.0615997
-0.0881849
-0.107309
-0.117217
-0.117169
-0.110541
-0.101736
-0.0908574
-0.0742614
-0.0472327
-0.00959346
0.0357842
0.0816528
0.113068
0.123566
0.117243
0.0989494
0.0707507
0.0326284
-0.00723981
-0.0382561
-0.0600144
-0.0773554
-0.094238
-0.112482
-0.130278
-0.142191
-0.140261
-0.1191
-0.0762617
-0.0130207
0.056244
0.106899
0.123359
0.115198
0.101495
0.089636
0.079974
0.068764
0.0504655
0.0242305
-0.00535865
-0.030923
-0.0491701
-0.0611773
-0.0669656
-0.0641975
-0.0521757
-0.0339875
-0.0148925
7.88352E-5
0.011798
0.0226618
0.0303516
0.0326253
0.0305816
0.0266763
0.0194439
0.00316429
-0.0199432
-0.0408319
-0.0587338
-0.076165
-0.0907016
-0.100118
-0.102191
-0.0923191
-0.0714118
-0.0489178
-0.0258671
0.00923041
0.0575643
0.11392
0.175436
0.220954
0.232405
0.220649
0.1967
0.164428
0.125654
0.0725411
0.0069828
-0.0517922
-0.0898194
-0.113709
-0.136131
-0.153938
-0.158497
-0.151125
-0.137649
-0.120185
-0.0958352
-0.0622558
-0.0239183
0.0135517
0.0473397
0.0721737
0.0842006
0.0854787
0.078495
0.0630856
0.0402644
0.0132717
-0.0181101
-0.0543706
-0.0912845
-0.123054
-0.144594
-0.152756
-0.145079
-0.124211
-0.0916838
-0.0442466
0.00608514
0.0388298
0.0544541
0.0670058
0.0795574
0.0864991
0.0848139
0.0726771
0.0488862
0.0170983
-0.0148243
-0.0377764
-0.0494482
-0.056821
-0.0637644
-0.0661513
-0.0616323
-0.0536773
-0.0402355
-0.0128988
0.0230891
0.0522783
0.0685228
0.071688
0.0635415
0.0507593
0.0382075
0.0252516
0.0137419
0.00697008
0.00336197
0.00113293
0.00152023
0.00526487
0.010261
0.0140122
0.0169549
0.0218816
0.0299211
0.0381867
0.0440007
0.0481853
0.0528305
0.0609477
0.0750064
0.0891117
0.0932145
0.0846254
0.0643598
0.0372431
0.0103786
-0.0169309
-0.0430815
-0.0606091
-0.0684313
-0.068662
-0.0611216
-0.0454459
-0.0239187
-0.0011219
0.0179059
0.028787
0.0316318
0.0308525
0.0293249
0.0267927
0.0216799
0.0120385
-0.00257037
-0.0205403
-0.0383594
-0.0507603
-0.0541397
-0.0503788
-0.0442401
-0.0387864
-0.0363829
-0.0379703
-0.0400981
-0.0380396
-0.0304882
-0.0187251
-0.00414558
0.00995659
0.0216118
0.0351739
0.052126
0.0655188
0.0697521
0.064364
0.0459183
0.0138572
-0.0178879
-0.0352631
-0.0395124
-0.0407108
-0.0453491
-0.0524341
-0.0590297
-0.0639518
-0.065971
-0.0637278
-0.0586208
-0.0538506
-0.0500984
-0.0455543
-0.0390672
-0.0291453
-0.0128482
0.00810546
0.0271982
0.0417629
0.0522935
0.059756
0.0678813
0.0786143
0.0868454
0.0868027
0.0757612
0.0551428
0.0339231
0.0174467
0.00436595
-0.00464845
-0.00976533
-0.0151926
-0.0279458
-0.0497764
-0.0705099
-0.0829983
-0.0910717
-0.0955006
-0.0935659
-0.0845893
-0.0672255
-0.0434658
-0.020303
-0.00490585
8.66662E-4
0.0025499
0.00471359
0.00580629
0.00427578
0.00236951
0.00376112
0.0113223
0.0231569
0.0319026
0.0329807
0.0280445
0.0190533
0.00842563
0.00325027
0.00722196
0.0150988
0.0198793
0.017886
0.00773006
-0.0135272
-0.0446788
-0.075491
-0.097047
-0.108797
-0.113734
-0.113298
-0.108994
-0.103236
-0.0978337
-0.0934768
-0.0902949
-0.0883303
-0.0865118
-0.0828955
-0.0772108
-0.069675
-0.0574595
-0.0390792
-0.0212106
-0.0115008
-0.00757051
-0.00273793
0.00684865
0.0212624
0.0400206
0.0632795
0.0854294
0.106406
0.133759
0.162447
0.180386
0.182629
0.169066
0.146786
0.12288
0.0965
0.0714913
0.0536989
0.0435508
0.0396888
0.0399256
0.04313
0.0482995
0.0527203
0.0536792
0.0498753
0.039118
0.0180972
-0.0117731
-0.0440895
-0.070646
-0.0835934
-0.0837901
-0.0796671
-0.0776011
-0.0796617
-0.0836508
-0.089558
-0.1031
-0.123096
-0.138316
-0.143708
-0.144749
-0.145358
-0.143628
-0.138331
-0.130918
-0.122794
-0.116137
-0.112611
-0.11177
-0.11399
-0.11983
-0.127747
-0.137118
-0.147264
-0.155269
-0.161075
-0.166665
-0.17258
-0.177253
-0.178431
-0.177482
-0.176937
-0.178436
-0.183337
-0.191314
-0.201084
-0.21097
-0.219515
-0.224996
-0.225214
-0.219421
-0.208683
-0.193282
-0.171051
-0.143457
-0.114617
-0.0866236
-0.0610718
-0.0383375
-0.0211867
-0.0131031
-0.0112932
-0.0115174
-0.0136969
-0.021006
-0.0328555
-0.0413186
-0.0430783
-0.0416069
-0.0378252
-0.0308055
-0.015631
0.0184767
0.0697261
0.141774
0.265381
0.428862
0.551541
0.584785
0.566957
0.554458
0.558108
0.55748
0.54011
0.512391
0.485073
0.462244
0.442422
0.420581
0.388138
0.329028
0.24064
0.155741
0.102445
0.0722234
0.0530563
0.0532615
0.0805859
0.140987
0.229824
0.31083
0.360865
0.392206
0.411276
0.411023
0.394283
0.37336
0.3543
0.335965
0.312935
0.271521
0.206596
0.138071
0.0789183
0.0219341
-0.0267267
-0.0673706
-0.118718
-0.172654
-0.210671
-0.236525
-0.255903
-0.266125
-0.263983
-0.24012
-0.184116
-0.108383
-0.0336119
0.0334236
0.0830656
0.106936
0.112448
0.112581
0.116726
0.123907
0.125006
0.115079
0.0937504
0.0625466
0.0304384
0.00712222
-0.00804973
-0.0177479
-0.0198244
-0.0118597
0.00730331
0.0383756
0.0801398
0.126999
0.173093
0.212981
0.238537
0.243078
0.226932
0.199871
0.165406
0.119635
0.0700198
0.0233967
-0.0182328
-0.0482294
-0.0674435
-0.0860032
-0.1069
-0.122189
-0.125537
-0.120569
-0.113874
-0.106314
-0.0950803
-0.0792091
-0.053514
-0.0156107
0.0238564
0.0582028
0.081588
0.0879024
0.0842705
0.0789272
0.0716273
0.0603078
0.0445177
0.0266629
0.0117706
0.00171019
-0.00493302
-0.0104113
-0.0161921
-0.0210895
-0.0244663
-0.0277452
-0.0354594
-0.0529286
-0.078649
-0.107035
-0.1309
-0.142709
-0.144526
-0.145919
-0.153531
-0.172511
-0.199747
-0.223762
-0.242549
-0.259694
-0.276852
-0.291497
-0.298076
-0.295873
-0.287666
-0.273795
-0.249373
-0.211437
-0.163884
-0.116989
-0.0827292
-0.0627149
-0.0515992
-0.0489841
-0.0604081
-0.0874138
-0.121944
-0.156714
-0.185403
-0.203635
-0.217111
-0.233159
-0.254027
-0.275633
-0.293353
-0.309205
-0.322705
-0.32867
-0.326296
-0.318398
-0.307467
-0.289708
-0.256961
-0.216585
-0.184641
-0.163641
-0.147975
-0.13336
-0.117636
-0.0987473
-0.0780759
-0.0602163
-0.0482477
-0.0435127
-0.0447962
-0.0535206
-0.0716044
-0.0927804
-0.10881
-0.119779
-0.128737
-0.133642
-0.131504
-0.123879
-0.112699
-0.0965744
-0.0726732
-0.0429135
-0.0150671
0.0101449
0.0370184
0.0635024
0.084453
0.0967964
0.102446
0.106413
0.110795
0.117681
0.130314
0.147296
0.168053
0.197636
0.230823
0.25124
0.258914
0.265552
0.271812
0.273311
0.269948
0.264056
0.255245
0.239989
0.21851
0.195124
0.169886
0.142326
0.114939
0.0841593
0.0493267
0.0111143
-0.0336329
-0.0735278
-0.0994768
-0.118016
-0.130472
-0.132766
-0.126666
-0.117887
-0.10955
-0.100866
-0.0907582
-0.0816445
-0.0759744
-0.0758006
-0.0859521
-0.103807
-0.117453
-0.121497
-0.119223
-0.114431
-0.106278
-0.0897546
-0.0651217
-0.0399457
-0.0189896
-2.22794E-4
0.0153774
0.0251643
0.0327652
0.0400878
0.0459214
0.0511465
0.0577523
0.0653643
0.0727187
0.0820883
0.0946162
0.108322
0.123023
0.139223
0.156577
0.175181
0.193181
0.211251
0.232907
0.253561
0.270954
0.288289
0.298748
0.301229
0.306106
0.31296
0.313195
0.304684
0.291456
0.277072
0.258943
0.234878
0.211604
0.194758
0.182462
0.172393
0.163203
0.152694
0.138855
0.121583
0.102891
0.0827499
0.0603165
0.0393356
0.0257728
0.0201631
0.0194418
0.0228681
0.0293241
0.0358849
0.0400147
0.040764
0.0381424
0.0310792
0.0184417
0.00269914
-0.0109926
-0.020371
-0.0260112
-0.0276952
-0.0245731
-0.0181283
-0.0105061
-0.00290971
0.00113985
-8.9226E-4
-0.0126695
-0.0373386
-0.0666422
-0.0913766
-0.112624
-0.131345
-0.146165
-0.159936
-0.173768
-0.185558
-0.19384
-0.197144
-0.195572
-0.191898
-0.1896
-0.191168
-0.198517
-0.210101
-0.220278
-0.225319
-0.223406
-0.213884
-0.196434
-0.167418
-0.126471
-0.0803195
-0.0344019
0.00885329
0.0373366
0.0456146
0.057264
0.0870191
0.114314
0.119574
0.110023
0.0983512
0.0796955
0.0462372
0.00969213
-0.0128237
-0.0249283
-0.0406852
-0.0592083
-0.0698255
-0.067413
-0.0513162
-0.0169683
0.0308729
0.0758664
0.114622
0.145011
0.156797
0.151416
0.137231
0.112821
0.078974
0.0473888
0.0240361
0.00504455
-0.0150688
-0.0361866
-0.0542707
-0.0686599
-0.083241
-0.100304
-0.11512
-0.125768
-0.136248
-0.148266
-0.157378
-0.156938
-0.147061
-0.128574
-0.0975663
-0.0566288
-0.0150708
0.0250773
0.0655128
0.103867
0.139658
0.170937
0.194184
0.208477
0.214747
0.215103
0.210132
0.199841
0.182795
0.158354
0.128038
0.0940304
0.0571167
0.0146773
-0.0369715
-0.0941118
-0.142829
-0.185508
-0.234087
-0.280948
-0.310639
-0.32511
-0.340308
-0.355195
-0.359034
-0.353432
-0.34484
-0.336413
-0.32793
-0.318102
-0.306883
-0.295212
-0.283377
-0.271052
-0.258579
-0.246655
-0.23509
-0.224168
-0.214789
-0.206808
-0.19907
-0.190629
-0.180786
-0.166087
-0.143891
-0.111667
-0.0649894
-0.00713001
0.0523239
0.11405
0.187983
0.270418
0.347591
0.405255
0.429856
0.425921
0.413621
0.40482
0.394317
0.372677
0.342744
0.314702
0.279378
0.226015
0.174343
0.134633
0.0945998
0.0499444
0.00389741
-0.034227
-0.0544745
-0.0538694
-0.0395205
-0.0204834
0.00563424
0.0346836
0.0559129
0.0727111
0.0902095
0.110763
0.13535
0.154785
0.16863
0.185291
0.197482
0.197112
0.190342
0.183616
0.176187
0.16082
0.136476
0.115695
0.105108
0.0994406
0.095331
0.0939997
0.0964538
0.104466
0.118602
0.130001
0.130396
0.125154
0.120591
0.116246
0.111151
0.103993
0.0935329
0.0811756
0.0679494
0.0516473
0.0327785
0.0156714
0.00148504
-0.0117932
-0.0256492
-0.0407318
-0.0563307
-0.0738165
-0.0963505
-0.12035
-0.140524
-0.157833
-0.174905
-0.189563
-0.198665
-0.205229
-0.211119
-0.212384
-0.207919
-0.201683
-0.196843
-0.195851
-0.199646
-0.204197
-0.208602
-0.215083
-0.218992
-0.215474
-0.205609
-0.19265
-0.179182
-0.167425
-0.159902
-0.156947
-0.157441
-0.159526
-0.161277
-0.161022
-0.153839
-0.138208
-0.113558
-0.0748571
-0.0247465
0.0281703
0.0727305
0.102148
0.124236
0.144715
0.156896
0.156431
0.147536
0.130932
0.105463
0.0783186
0.0561214
0.0384039
0.0238822
0.0146364
0.0117302
0.0126065
0.0159811
0.0217768
0.0291756
0.0378558
0.0471279
0.0557276
0.0632497
0.0695964
0.0756248
0.0834125
0.0937235
0.105897
0.117854
0.12719
0.134287
0.142911
0.156082
0.168881
0.173993
0.170504
0.162622
0.155509
0.144033
0.114532
0.0749163
0.0466651
0.0274602
0.00158835
-0.032123
-0.0607161
-0.0820635
-0.108206
-0.138463
-0.160897
-0.175431
-0.187701
-0.196519
-0.199986
-0.197999
-0.191256
-0.181843
-0.170655
-0.155558
-0.136035
-0.117869
-0.107318
-0.102794
-0.0992053
-0.0963706
-0.095961
-0.0990339
-0.109024
-0.126516
-0.146436
-0.1652
-0.182498
-0.199696
-0.216614
-0.228892
-0.235049
-0.23818
-0.240699
-0.242617
-0.243242
-0.241816
-0.237508
-0.230412
-0.221066
-0.210628
-0.199907
-0.189731
-0.180265
-0.170354
-0.159259
-0.146847
-0.133779
-0.120385
-0.10771
-0.0971407
-0.0866727
-0.0721408
-0.0545167
-0.0406207
-0.0305699
-0.0176166
-0.00109238
0.016501
0.0379541
0.0667205
0.0994322
0.129373
0.157417
0.188243
0.219355
0.246694
0.27211
0.298131
0.323873
0.350288
0.38115
0.412423
0.438624
0.464591
0.492232
0.516554
0.536018
0.552642
0.5676
0.579679
0.587627
0.59165
0.591476
0.585785
0.573875
0.556362
0.533273
0.505462
0.475196
0.443723
0.412536
0.379995
0.344534
0.308093
0.268378
0.226243
0.192173
0.174455
0.173138
0.184194
0.203335
0.225314
0.244705
0.259598
0.270891
0.280235
0.286192
0.284696
0.276421
0.263485
0.246807
0.228115
0.205936
0.175968
0.137331
0.0987819
0.066691
0.0368359
0.00864109
-0.0172027
-0.0461579
-0.0782736
-0.110494
-0.146248
-0.187467
-0.228989
-0.266281
-0.30142
-0.33723
-0.373382
-0.407203
-0.435801
-0.458631
-0.477568
-0.494509
-0.509904
-0.524371
-0.539082
-0.554504
-0.567534
-0.572744
-0.570604
-0.567873
-0.567307
-0.566983
-0.565626
-0.562299
-0.555484
-0.544574
-0.529128
-0.50924
-0.484321
-0.451314
-0.412131
-0.370433
-0.325418
-0.279669
-0.237397
-0.19925
-0.163975
-0.130792
-0.105189
-0.0912485
-0.083678
-0.0776042
-0.0737244
-0.0739482
-0.0772321
-0.0805448
-0.0832568
-0.0852223
-0.0851997
-0.0834934
-0.0809557
-0.0787058
-0.078144
-0.0810325
-0.0888074
-0.100927
-0.117145
-0.134326
-0.146137
-0.150982
-0.150434
-0.146837
-0.141258
-0.130859
-0.11049
-0.079115
-0.047053
-0.0211484
0.0102585
0.053174
0.0965089
0.140927
0.189952
0.232725
0.266376
0.296689
0.322555
0.338529
0.3437
0.343199
0.341425
0.338044
0.331287
0.321117
0.308661
0.294725
0.278179
0.256757
0.232112
0.206785
0.176971
0.142101
0.106822
0.0741777
0.0441099
0.011707
-0.0190759
-0.038392
-0.0496465
-0.0611905
-0.0727013
-0.0807361
-0.0850541
-0.086211
-0.0859843
-0.0857824
-0.0842449
-0.0813382
-0.0775766
-0.0732172
-0.0698689
-0.0677379
-0.0671112
-0.0696566
-0.0752713
-0.084149
-0.0972091
-0.113728
-0.13298
-0.152671
-0.169776
-0.184205
-0.197473
-0.208655
-0.213596
-0.210526
-0.202294
-0.189403
-0.168399
-0.139727
-0.108761
-0.0793497
-0.0520793
-0.0284201
-0.0114487
-0.00270936
-9.76715E-5
-6.32503E-4
-0.00273834
-0.00670202
-0.0144756
-0.0242865
-0.0309274
-0.0329158
-0.031901
-0.0288955
-0.0231346
-0.0118649
0.00574984
0.0298239
0.0610967
0.096129
0.129296
0.158937
0.188016
0.217877
0.244386
0.265044
0.28075
0.291197
0.295789
0.29534
0.292428
0.28603
0.271386
0.249031
0.222399
0.194503
0.168626
0.145745
0.12434
0.103546
0.0864265
0.0733424
0.0600049
0.0438184
0.0262642
0.0116116
6.24195E-4
-0.00937399
-0.0188578
-0.0254931
-0.0294982
-0.0332979
-0.0367373
-0.0402484
-0.0443406
-0.0515477
-0.0662537
-0.0814754
-0.0894534
-0.0957498
-0.105221
-0.114362
-0.11906
-0.12024
-0.119606
-0.117503
-0.112814
-0.104081
-0.0912889
-0.0754179
-0.0583741
-0.0409876
-0.0247171
-0.00757473
0.0126644
0.032003
0.0479117
0.0612322
0.0747734
0.0903174
0.10677
0.121191
0.131533
0.13988
0.148618
0.159478
0.170675
0.176708
0.176878
0.174689
0.169756
0.160847
0.148051
0.127605
0.102591
0.0832331
0.0699556
0.0582381
0.0487874
0.0445614
0.0463276
0.0518862
0.0612192
0.0745904
0.0875201
0.0970861
0.1042
0.109553
0.113287
0.115878
0.116998
0.115492
0.111843
0.107118
0.101416
0.0942817
0.0842361
0.0703758
0.0547881
0.0414272
0.0302716
0.019478
0.00923681
0.00107151
-0.00198733
-0.00101519
0.00241582
0.00932949
0.0185265
0.0293252
0.0418565
0.0544842
0.0644055
0.0699446
0.0729022
0.0753989
0.0762601
0.0737455
0.0688228
0.0631646
0.0565814
0.0483854
0.039138
0.028769
0.0135379
-0.00658717
-0.0264019
-0.0450402
-0.0654261
-0.0890407
-0.113071
-0.133954
-0.151082
-0.166649
-0.183678
-0.201593
-0.218731
-0.233686
-0.24696
-0.262317
-0.27906
-0.293828
-0.307296
-0.320235
-0.33095
-0.338404
-0.343337
-0.346332
-0.34706
-0.345396
-0.341664
-0.337044
-0.330792
-0.321581
-0.309874
-0.295694
-0.279101
-0.261616
-0.2425
-0.215731
-0.180497
-0.145635
-0.115169
-0.0859052
-0.0548449
-0.0219302
0.0073089
0.0282656
0.0417119
0.0507264
0.0567575
0.0589771
0.0578469
0.0536682
0.0468319
0.0403009
0.0361617
0.0319928
0.0237979
0.0125184
0.00256312
-0.00371174
-0.0070488
-0.00948207
-0.0103699
-0.00880708
-0.00574069
0.00100426
0.011304
0.0204451
0.0274626
0.0350135
0.0451253
0.0557722
0.0638807
0.0702169
0.0770418
0.0840954
0.0892644
0.0928846
0.0964945
0.101407
0.108488
0.117
0.127738
0.143959
0.162394
0.174443
0.183536
0.198569
0.214424
0.223687
0.230615
0.239169
0.246956
0.253218
0.259638
0.266331
0.271284
0.273021
0.271256
0.265017
0.255653
0.245744
0.232655
0.210136
0.178875
0.150407
0.131055
0.112605
0.0895889
0.0681168
0.0524739
0.0421955
0.0376123
0.0376952
0.0401209
0.0453854
0.0564249
0.0745557
0.0966855
0.117302
0.134009
0.150655
0.166661
0.173209
0.172577
0.173454
0.173005
0.166827
0.159472
0.152313
0.138699
0.12052
0.106383
0.0947485
0.0806718
0.066969
0.0572509
0.0515105
0.0479746
0.0452399
0.0444692
0.0459627
0.0485244
0.0508002
0.051857
0.0515693
0.0488078
0.0425124
0.0328212
0.0177955
-0.00511662
-0.0284072
-0.0423197
-0.0512789
-0.0650306
-0.085259
-0.108037
-0.128591
-0.143591
-0.154657
-0.164716
-0.172697
-0.176641
-0.176455
-0.173033
-0.167308
-0.158913
-0.146494
-0.130779
-0.114039
-0.0964499
-0.077773
-0.0601216
-0.0444371
-0.0293553
-0.01569
-0.00590195
3.96669E-4
0.00577852
0.0115148
0.0175879
0.0233706
0.028699
0.0340361
0.0393484
0.0459842
0.0563318
0.0678992
0.0756141
0.0800166
0.0847907
0.0910589
0.0967403
0.0994829
0.0994017
0.0951806
0.0868099
0.0779873
0.0654004
0.0434073
0.0147144
-0.0126521
-0.0359135
-0.0608011
-0.0869477
-0.108338
-0.124465
-0.136616
-0.145362
-0.15087
-0.152251
-0.149381
-0.143406
-0.134438
-0.121018
-0.102151
-0.0781974
-0.0551396
-0.0387111
-0.0240116
-0.00816934
0.00372163
0.00911098
0.00940419
0.00690106
0.0029054
-0.00237822
-0.0089058
-0.0166829
-0.025648
-0.0355903
-0.0451008
-0.052305
-0.0578244
-0.0629332
-0.0681322
-0.0746372
-0.0830947
-0.0927011
-0.101726
-0.10793
-0.112737
-0.120812
-0.130424
-0.135666
-0.13616
-0.135336
-0.134587
-0.133077
-0.130875
-0.128082
-0.124944
-0.122426
-0.120281
-0.117996
-0.115228
-0.11166
-0.107298
-0.102754
-0.0984455
-0.0934688
-0.0872216
-0.0802923
-0.072619
-0.0631469
-0.0515654
-0.0385873
-0.0241228
-0.00820144
0.0071173
0.0206768
0.032313
0.0411192
0.0488656
0.0584922
0.0685435
0.0764703
0.0821016
0.0856781
0.0877433
0.0889914
0.0899945
0.0909356
0.0913806
0.0917158
0.0927129
0.0942673
0.0961497
0.0988521
0.102989
0.107957
0.113728
0.121313
0.129453
0.137086
0.145034
0.152181
0.156709
0.15856
0.157912
0.154017
0.147014
0.138083
0.127296
0.112332
0.0921726
0.0719281
0.0567527
0.0457187
0.0356577
0.0254047
0.0157128
0.00823111
0.00333345
-4.89405E-4
-0.00417286
-0.00772183
-0.0110157
-0.0144978
-0.0186629
-0.0240856
-0.0309845
-0.0385109
-0.0471764
-0.0567876
-0.0651648
-0.0718819
-0.0784177
-0.0851873
-0.0909504
-0.0964275
-0.102936
-0.109114
-0.114617
-0.120633
-0.127167
-0.13359
-0.139506
-0.144402
-0.14844
-0.152287
-0.155993
-0.159213
-0.160877
-0.160339
-0.158295
-0.155588
-0.152442
-0.149387
-0.146202
-0.141401
-0.135202
-0.128686
-0.121843
-0.11439
-0.106211
-0.0971461
-0.0878291
-0.0801021
-0.0744484
-0.0698149
-0.0660059
-0.0633288
-0.0615658
-0.0599224
-0.0578856
-0.0552704
-0.0513934
-0.045489
-0.0380448
-0.0293936
-0.0196909
-0.00923169
0.00151053
0.011119
0.0200191
0.0295885
0.0397538
0.0490436
0.0561463
0.0621501
0.068249
0.0739722
0.0787028
0.0818553
0.0833811
0.0843839
0.0863371
0.0890442
0.0916515
0.0941691
0.0964351
0.0980019
0.0982482
0.0972746
0.095275
0.0923094
0.0887471
0.0843196
0.0792501
0.074032
0.0686698
0.0633612
0.0579387
0.0516043
0.0443918
0.0374868
0.0317129
0.0265643
0.0216997
0.0178683
0.0154971
0.0147144
0.0149689
0.0147917
0.0136707
0.0124391
0.0116141
0.0109651
0.00974411
0.0077567
0.00512718
0.00102077
-0.00447995
-0.0110445
-0.0194505
-0.0293131
-0.0386622
-0.0465286
-0.0535604
-0.0588552
-0.061066
-0.0608382
-0.0589044
-0.0554971
-0.0510283
-0.0462246
-0.0409369
-0.0353616
-0.0303953
-0.0254883
-0.0200338
-0.0134698
-0.00605289
0.00116775
0.00878816
0.0184234
0.0306248
0.0427199
0.0524498
0.0611226
0.0681149
0.0720361
0.07464
0.0766406
0.0766518
0.0750064
0.0734302
0.0722683
0.0710825
0.0696171
0.0674411
0.0642461
0.0599576
0.0550093
0.0497697
0.043587
0.0366341
0.0299684
0.0244591
0.0196708
0.0147213
0.00972125
0.00436314
-0.00119395
-0.00615235
-0.0101816
-0.0137562
-0.0171091
-0.0204603
-0.0235335
-0.026001
-0.0294783
-0.0336084
-0.0372245
-0.0408013
-0.0440263
-0.0466967
-0.0497427
-0.0545404
-0.0609393
-0.0671701
-0.0729694
-0.0791779
-0.0852874
-0.0901855
-0.0934023
-0.0951861
-0.0960973
-0.0959045
-0.0935534
-0.0892924
-0.0836726
-0.076226
-0.067022
-0.0567116
-0.046785
-0.0376411
-0.0281395
-0.0186918
-0.0105467
-0.00365996
0.00245664
0.00696428
0.00930736
0.010744
0.0118482
0.0118671
0.0108939
0.00923426
0.00699533
0.00434899
0.00104415
-0.00252244
-0.00571377
-0.00828036
-0.0101318
-0.010428
-0.0089823
-0.0072139
-0.00520665
-0.00288254
-4.50792E-4
0.00216404
0.00460143
0.0076471
0.0123646
0.0179
0.0224598
0.0250885
0.0268301
0.0286725
0.0302034
0.0313171
0.0321682
0.0328402
0.034033
0.0361398
0.0384051
0.0413067
0.045471
0.0501318
0.0540285
0.0571339
0.0611
0.066029
0.0704737
0.0740667
0.0769611
0.0794947
0.0816822
0.0829944
0.0831047
0.0814729
0.0782308
0.0741373
0.0688924
0.0615461
0.0524043
0.04227
0.0332046
0.0263754
0.0203017
0.0146324
0.0106313
0.00891632
0.00840374
0.00804152
0.00767194
0.00749991
0.00787393
0.00970545
0.0130435
0.0169775
0.0213294
0.0258442
0.0310729
0.0370851
0.0417265
0.0444935
0.0468547
0.049483
0.05183
0.0544019
0.0582085
0.0616072
0.0636961
0.0643668
0.0632983
0.0608766
0.0568276
0.0495657
0.037343
0.0226453
0.00868372
-0.00554137
-0.0203525
-0.0349835
-0.0510636
-0.0682302
-0.0814774
-0.0884359
-0.0922164
-0.0956055
-0.0990828
-0.102532
-0.105495
-0.106573
-0.10596
-0.105404
-0.105038
-0.104553
-0.103836
-0.102884
-0.10213
-0.10135
-0.10047
-0.0998639
-0.0994189
-0.0991353
-0.098713
-0.0981909
-0.097845
-0.097321
-0.0960669
-0.0939444
-0.0912076
-0.0874694
-0.0830359
-0.0790846
-0.0758419
-0.0727435
-0.0697131
-0.0675106
-0.0659973
-0.0642506
-0.0622391
-0.0593929
-0.0548839
-0.0494487
-0.0436779
-0.0372228
-0.0306309
-0.0240008
-0.0148999
-0.0024208
0.00917745
0.0159298
0.0196399
0.0237217
0.029749
0.03854
0.0505906
0.0650964
0.0765487
0.0795294
0.0745095
0.0640205
0.0527913
0.0467005
0.0476214
0.0530391
0.0578083
0.0581889
0.0544708
0.049577
0.044903
0.0400906
0.0359208
0.0335601
0.0349869
0.0405186
0.0483344
0.0567354
0.0627611
0.0648525
0.064949
0.066061
0.0697019
0.0743835
0.0776945
0.0796515
0.0815444
0.0836236
0.0850504
0.0841761
0.0808848
0.077266
0.0748417
0.0731596
0.0698922
0.0644221
0.057974
0.0509409
0.0440334
0.0377935
0.0325154
0.029051
0.0277888
0.0278064
0.028079
0.0282351
0.0291658
0.0315574
0.0343403
0.0376359
0.041828
0.0459996
0.0494515
0.051687
0.0532425
0.0548394
0.0558668
0.0565165
0.0567478
0.0561556
0.0551575
0.05337
0.0511763
0.0485309
0.0453454
0.0429261
0.0409635
0.0386057
0.0356404
0.0318919
0.0277376
0.0233491
0.0189772
0.0152082
0.0122393
0.0100549
0.00823988
0.00681901
0.0062665
0.00583958
0.00448658
0.00257494
6.10927E-4
-0.00141712
-0.00335498
-0.00480204
-0.0051307
-0.00404553
-0.00145961
0.00188583
0.00449123
0.00618769
0.00725355
0.0074045
0.00643527
0.00435783
0.0013213
-0.00310744
-0.0089578
-0.0148463
-0.0193713
-0.0225946
-0.0254496
-0.0281002
-0.0299629
-0.0308372
-0.0311445
-0.0312309
-0.0316567
-0.032552
-0.0323447
-0.0306701
-0.0288688
-0.0273079
-0.0258036
-0.0239769
-0.0219651
-0.0200035
-0.0181864
-0.0169655
-0.0165437
-0.0172741
-0.0190841
-0.0210794
-0.0227571
-0.0244401
-0.0261728
-0.0273645
-0.0277189
-0.0279128
-0.0280702
-0.0273594
-0.0258442
-0.024387
-0.0231158
-0.021656
-0.0205477
-0.0199926
-0.0196002
-0.0194041
-0.0190857
-0.0185469
-0.0182403
-0.0183449
-0.019121
-0.0210437
-0.0239415
-0.0268955
-0.0299242
-0.0335377
-0.037305
-0.0407684
-0.0435336
-0.0456052
-0.0473926
-0.0489297
-0.0500617
-0.0510882
-0.0519852
-0.0522682
-0.0523337
-0.0521367
-0.0515696
-0.0511573
-0.050237
-0.0484654
-0.0465943
-0.0449451
-0.042917
-0.0406611
-0.0388491
-0.0372603
-0.0361948
-0.0352832
-0.0338663
-0.0324688
-0.0314348
-0.0306414
-0.0297365
-0.0283374
-0.0267161
-0.0255076
-0.0246517
-0.0241826
-0.024013
-0.0244101
-0.0258053
-0.0271965
-0.0285909
-0.0299479
-0.0307533
-0.031386
-0.0315086
-0.0308285
-0.0296768
-0.0288577
-0.0288872
-0.0292018
-0.0291407
-0.0285275
-0.0277102
-0.0274441
-0.0280202
-0.0287138
-0.0284892
-0.0272808
-0.0252603
-0.0223463
-0.0194482
-0.0164859
-0.0126864
-0.0090425
-0.00637128
-0.00455072
-0.0032013
-0.00152508
0.0014451
0.00548896
0.00956607
0.0139512
0.0188617
0.023812
0.0281365
0.0304342
0.0306634
0.0299075
0.0284267
0.0262649
0.0233614
0.0197099
0.0152974
0.0100444
0.00497823
9.67878E-4
-0.00304756
-0.00837482
-0.0142397
-0.019354
-0.0247005
-0.0309949
-0.0366415
-0.0405993
-0.043726
-0.046859
-0.0490863
-0.0498435
-0.0513058
-0.054261
-0.0570613
-0.0589044
-0.0598942
-0.0611162
-0.0635138
-0.0659208
-0.0669424
-0.0674381
-0.0680152
-0.067961
-0.067222
-0.0665539
-0.0664119
-0.0665316
-0.0661401
-0.0651421
-0.0643222
-0.0638015
-0.0636044
-0.0634229
-0.0626071
-0.0611939
-0.0592729
-0.0566833
-0.0536483
-0.0499896
-0.0451749
-0.0397711
-0.0343243
-0.0284725
-0.0220409
-0.0151245
-0.00782315
-7.82754E-4
0.00579209
0.0121779
0.0186019
0.0247839
0.0297944
0.0343037
0.0395605
0.0453127
0.0511475
0.0567312
0.0622845
0.0683528
0.0748766
0.0815549
0.0875018
0.0918954
0.0950045
0.0976998
0.099664
0.100547
0.101031
0.101266
0.101012
0.100204
0.0995455
0.0994612
0.0992233
0.0989515
0.099039
0.0996027
0.100756
0.10211
0.103536
0.105646
0.108976
0.112351
0.114751
0.116938
0.118848
0.119256
0.117868
0.115431
0.112653
0.109311
0.105139
0.100496
0.0946787
0.0879451
0.082105
0.077424
0.0730015
0.0674042
0.0604861
0.0541887
0.0494775
0.0450906
0.0394935
0.03334
0.0284136
0.0249183
0.0220867
0.019398
0.0165172
0.0141443
0.0126519
0.0109279
0.00875301
0.00709055
0.00643879
0.00634695
0.00617395
0.00614131
0.00638799
0.0070256
0.0081734
0.00913656
0.00943739
0.00942737
0.00961887
0.00987966
0.00955728
0.00866247
0.00770913
0.00672149
0.00600375
0.00516669
0.00373823
0.0021816
5.60098E-4
-7.93013E-4
-0.00172915
-0.00297684
-0.00445466
-0.00577962
-0.00727327
-0.00888776
-0.0109296
-0.0134279
-0.0155515
-0.0178196
-0.0208763
-0.0238122
-0.0262687
-0.0282158
-0.0294829
-0.0301161
-0.030257
-0.030552
-0.0310427
-0.0320349
-0.0339316
-0.0361133
-0.0381459
-0.0403204
-0.0430197
-0.0465357
-0.0507194
-0.0547522
-0.0583423
-0.0613563
-0.0638519
-0.0661172
-0.0681649
-0.0701898
-0.072215
-0.0742734
-0.0764389
-0.0784791
-0.0797399
-0.0798822
-0.0795411
-0.0788189
-0.0768661
-0.0733063
-0.0681156
-0.0615605
-0.0543658
-0.0466745
-0.0384834
-0.0303834
-0.0228546
-0.0162138
-0.0104172
-0.00508735
-5.84332E-4
0.00294804
0.00649409
0.00998624
0.011972
0.0124663
0.0126756
0.0130091
0.0132291
0.0132866
0.0133305
0.0133872
0.0135144
0.0134726
0.0131971
0.013049
0.0133131
0.0137189
0.0138052
0.0138583
0.0139944
0.0142082
0.014422
0.0141947
0.0139044
0.0139955
0.0139243
0.0131948
0.0117945
0.00973506
0.00718277
0.00464481
0.00277565
0.0017899
0.00177491
0.00283851
0.00470332
0.00698444
0.0094579
0.0118429
0.0136402
0.0154911
0.0178219
0.0194987
0.0202209
0.0205685
0.0203293
0.0191573
0.0174342
0.0154948
0.0134968
0.011655
0.00972761
0.00734752
0.00485468
0.00285351
0.00144265
8.74992E-5
-0.00148689
-0.00312003
-0.00470514
-0.0055267
-0.00522249
-0.00441872
-0.00340022
-0.00259751
-0.00207478
-0.00108557
6.14915E-4
0.00263934
0.00448704
0.0061452
0.00778659
0.00949433
0.0112043
0.0126836
0.0137711
0.0148706
0.0166148
0.0185193
0.0199365
0.021161
0.0223444
0.0230999
0.0230782
0.0224484
0.0209186
0.0181183
0.0139576
0.00824093
0.0017951
-0.00471952
-0.0112118
-0.0169576
-0.0212723
-0.0243533
-0.0265401
-0.0277908
-0.0280727
-0.0280728
-0.0284412
-0.0289822
-0.0291972
-0.0289517
-0.0287481
-0.0290094
-0.0297314
-0.030474
-0.0308823
-0.0311711
-0.0313854
-0.0311017
-0.0301739
-0.0283937
-0.0257046
-0.0225977
-0.019284
-0.0158657
-0.012692
-0.00978085
-0.0068937
-0.0037615
-4.35514E-4
0.00245544
0.00532504
0.00845168
0.0112202
0.0138776
0.0164197
0.0187017
0.0207105
0.0222246
0.02362
0.0252537
0.0267942
0.0277796
0.0282436
0.0283844
0.0283324
0.0282089
0.0281599
0.0286588
0.0301395
0.0323375
0.0348138
0.0374018
0.0399711
0.0424278
0.0447932
0.0471449
0.0491004
0.0503698
0.0511863
0.0518608
0.0523251
0.0521632
0.0517743
0.0514831
0.0507033
0.0495439
0.0484593
0.0474732
0.046836
0.0464301
0.0454716
0.0435204
0.0409079
0.0380288
0.0348033
0.0314537
0.02791
0.0238061
0.0196061
0.0153168
0.0104599
0.00527269
4.24786E-4
-0.00432498
-0.00923946
-0.0133653
-0.0165778
-0.0194144
-0.0220011
-0.0242053
-0.0260614
-0.0279756
-0.0295395
-0.0310119
-0.033311
-0.0357761
-0.0373434
-0.0378374
-0.0377039
-0.0371024
-0.0359464
-0.034113
-0.0318273
-0.0300476
-0.0286585
-0.0271568
-0.0256001
-0.0239709
-0.0223758
-0.0210281
-0.020144
-0.0197555
-0.0200155
-0.0208642
-0.0222472
-0.0242895
-0.026797
-0.029411
-0.0320639
-0.0344848
-0.0360972
-0.037316
-0.0389206
-0.0407796
-0.0424311
-0.0436249
-0.0441464
-0.0442205
-0.0441005
-0.0437282
-0.0434207
-0.0433752
-0.0434984
-0.0438174
-0.044129
-0.0445583
-0.0451118
-0.0454328
-0.0453917
-0.0448459
-0.0440349
-0.0429952
-0.0412534
-0.0386328
-0.0348378
-0.0294594
-0.0230227
-0.0163048
-0.00969094
-0.003679
0.00126036
0.00527575
0.0088415
0.0119155
0.0140964
0.0155028
0.0166971
0.0179405
0.0195273
0.0214395
0.023277
0.0250386
0.0265942
0.0276208
0.0280753
0.0280172
0.0275534
0.0273096
0.0276341
0.0283273
0.0290427
0.0292215
0.0290654
0.0291161
0.029578
0.030296
0.0306431
0.0307986
0.0314077
0.0324152
0.0341081
0.0368449
0.0402892
0.0438567
0.0476279
0.0519676
0.0564101
0.0609045
0.0658187
0.0705577
0.0741107
0.0761707
0.0769342
0.0762348
0.0738769
0.0706653
0.0672684
0.0631686
0.0577969
0.0516143
0.0457794
0.0407889
0.0363633
0.0324883
0.0290527
0.0255946
0.0222902
0.0196229
0.0174164
0.015333
0.0138113
0.0126108
0.0110684
0.00932763
0.00786873
0.00722564
0.00707865
0.00695498
0.00692638
0.00702853
0.00739208
0.00796213
0.00809563
0.00795466
0.00794638
0.00770877
0.00720753
0.00644432
0.00519855
0.00360938
0.00164673
-8.47462E-4
-0.00343507
-0.00588035
-0.00825708
-0.0105783
-0.0128131
-0.0150532
-0.0172636
-0.0192934
-0.0210096
-0.0222209
-0.0231038
-0.0235095
-0.0232855
-0.0227451
-0.0222047
-0.0217693
-0.0211973
-0.020564
-0.0198845
-0.0193856
-0.019713
-0.020803
-0.0224756
-0.0246251
-0.0272558
-0.0303291
-0.0335554
-0.0366697
-0.0396228
-0.0426578
-0.045429
-0.0475016
-0.0490582
-0.0506582
-0.0525581
-0.0539794
-0.0541643
-0.0533394
-0.0525119
-0.051942
-0.0506584
-0.0484363
-0.0459288
-0.0433308
-0.0406702
-0.0382
-0.0361346
-0.034704
-0.0340602
-0.0341192
-0.0338094
-0.0326477
-0.0316833
-0.0314517
-0.0313499
-0.0308066
-0.0302546
-0.0304917
-0.0317122
-0.0330601
-0.0341566
-0.0355096
-0.0368548
-0.0377773
-0.0380388
-0.0372951
-0.0356108
-0.0334467
-0.0308857
-0.0280864
-0.0254957
-0.0232118
-0.0218597
-0.0214873
-0.0215584
-0.0217863
-0.0218192
-0.021614
-0.020845
-0.0191506
-0.0167147
-0.0133897
-0.00875011
-0.00332379
0.0020785
0.00671984
0.010442
0.0135282
0.0156909
0.0170945
0.0179918
0.018207
0.0178255
0.0171516
0.0158119
0.0131655
0.00970168
0.00608411
0.00279579
-1.00545E-4
-0.00310844
-0.00587775
-0.00813537
-0.00974125
-0.0101479
-0.00960841
-0.00876255
-0.00798645
-0.00712424
-0.00573736
-0.00392503
-0.00219426
-0.00101386
-1.50364E-4
6.65325E-4
9.6744E-4
4.5025E-4
-2.97559E-4
-5.62201E-4
-6.57459E-4
-0.0010458
-5.33137E-4
0.00186883
0.00495133
0.00776038
0.0104132
0.0129889
0.0153405
0.0172441
0.018882
0.0201419
0.0204157
0.0197289
0.0186781
0.0177769
0.0171798
0.0170721
0.0173122
0.0175415
0.0175505
0.0170456
0.0162253
0.0149552
0.0129607
0.0105751
0.00791797
0.00449196
1.36116E-4
-0.0045801
-0.00909982
-0.0126802
-0.0157495
-0.0191887
-0.0224693
-0.0251381
-0.0271336
-0.0282461
-0.0283386
-0.0274281
-0.0254243
-0.0228733
-0.0203757
-0.0177099
-0.0143077
-0.00974785
-0.00471484
-8.91099E-5
0.00385867
0.00746069
0.0110676
0.0145512
0.0177591
0.0202429
0.0218474
0.023244
0.0246507
0.0255717
0.0260341
0.0263488
0.0264587
0.0264295
0.026299
0.0259256
0.0255082
0.0253098
0.0250723
0.0243449
0.0232685
0.0221376
0.0211049
0.0201095
0.0188477
0.017492
0.0161342
0.0146059
0.0129699
0.0116129
0.0109025
0.0109374
0.0116813
0.0126294
0.0131879
0.013115
0.0124624
0.0116479
0.0111582
0.0107604
0.0100009
0.00910564
0.00824255
0.00749917
0.00730218
0.00780068
0.00875835
0.0101918
0.0119372
0.0133238
0.014187
0.0148933
0.0158453
0.0168335
0.0171729
0.016873
0.0161557
0.0148041
0.0128628
0.0105773
0.00800491
0.00543035
0.0029079
4.24382E-4
-0.00175015
-0.00385369
-0.00601526
-0.0081132
-0.0100222
-0.0110035
-0.0110012
-0.0106236
-0.0100774
-0.00960323
-0.00893686
-0.00765535
-0.00587702
-0.00393056
-0.00224834
-8.2732E-4
7.06891E-4
0.00218115
0.00292039
0.00284894
0.0026543
0.0025845
0.00234436
0.00183027
9.77917E-4
-5.13359E-5
-8.68924E-4
-0.0013604
-0.00167588
-0.00237412
-0.00405691
-0.0065064
-0.00842506
-0.00939668
-0.0105392
-0.0120074
-0.0132807
-0.0143465
-0.0151917
-0.0157004
-0.0160579
-0.0165802
-0.0170025
-0.0171732
-0.0175297
-0.0182348
-0.0188988
-0.0190764
-0.018664
-0.0178305
-0.0166323
-0.0151365
-0.0132776
-0.0107422
-0.00794013
-0.00562793
-0.00376946
-0.0024838
-0.00194057
-0.00177176
-0.00187214
-0.00203378
-0.0021234
-0.00222249
-0.00222947
-0.00214877
-0.00228064
-0.00281029
-0.00320908
-0.00309564
-0.00274941
-0.00220714
-0.00125079
9.68004E-5
0.00177309
0.00394733
0.00640543
0.00869393
0.010807
0.0124866
0.0135219
0.0140744
0.014049
0.013524
0.0128028
0.0120304
0.0109549
0.00917431
0.00680265
0.00418871
0.00163717
-4.5132E-4
-0.00212751
-0.00384921
-0.0055131
-0.00688288
-0.00796432
-0.00865127
-0.00899953
-0.00906893
-0.00911067
-0.00920017
-0.00886894
-0.00777906
-0.00625815
-0.0048325
-0.00290471
-1.40021E-4
0.00248506
0.00450758
0.00614661
0.00731489
0.0082334
0.00922886
0.00978053
0.0098599
0.00996091
0.0100233
0.0100573
0.0102723
0.0106214
0.0107833
0.0109868
0.0113515
0.0115741
0.0115244
0.0111889
0.0109403
0.0106385
0.00983471
0.00838648
0.00652429
0.00480271
0.00339355
0.00205692
6.90887E-4
-5.43871E-4
-0.00168908
-0.00278529
-0.00351042
-0.00383889
-0.00412854
-0.0042686
-0.00413948
-0.00399981
-0.00387628
-0.00313373
-0.00163161
-8.04564E-5
0.00136486
0.00277806
0.0041231
0.00547896
0.00694071
0.00869513
0.0106049
0.012021
0.0128489
0.0137351
0.0148279
0.015566
0.0156456
0.0154785
0.0156001
0.015864
0.0155435
0.0144335
0.0131646
0.0120569
0.011338
0.0111154
0.0109199
0.0108148
0.0108916
0.0104783
0.00905814
0.00681075
0.00376859
-1.55158E-4
-0.00462854
-0.00911104
-0.0129021
-0.0158746
-0.018214
-0.0195937
-0.0200864
-0.0201735
-0.0203356
-0.0209711
-0.0215585
-0.0215058
-0.0211311
-0.0209057
-0.020972
-0.0208727
-0.0200076
-0.0185417
-0.0170012
-0.0154243
-0.0137173
-0.0116599
-0.00922886
-0.0071613
-0.00544302
-0.00301615
7.72506E-4
0.00530779
0.00964883
0.0132406
0.0155792
0.0166483
0.0168072
0.0162341
0.0150129
0.0132683
0.0111387
0.00857262
0.00557119
0.00282856
9.76871E-4
-1.72332E-4
-0.00111184
-0.00224232
-0.00385522
-0.00571743
-0.00700452
-0.00700052
-0.00581862
-0.00388267
-0.0013345
0.00170441
0.00501515
0.00840901
0.0119436
0.0154329
0.0185857
0.0207671
0.0210519
0.0200854
0.019237
0.0185134
0.0171957
0.0151916
0.0132567
0.0120213
0.0114885
0.0116155
0.0123288
0.0135307
0.0150727
0.0165487
0.0181149
0.0198681
0.0214652
0.0227074
0.0234433
0.024036
0.0246518
0.0250813
0.0253256
0.0254877
0.0259746
0.026706
0.0270412
0.0267512
0.0259033
0.0246726
0.0231271
0.0214305
0.0194959
0.0170584
0.0142092
0.0111143
0.00793967
0.00436585
4.47565E-4
-0.00301748
-0.00558176
-0.00759009
-0.00986961
-0.0125158
-0.0150302
-0.0170763
-0.018346
-0.0187495
-0.0185546
-0.0181171
-0.0174667
-0.0163985
-0.0150304
-0.01369
-0.0124795
-0.0115317
-0.0112742
-0.0116726
-0.0124831
-0.0137202
-0.0151503
-0.0174094
-0.0208589
-0.0244625
-0.0279558
-0.0316888
-0.0356319
-0.0391738
-0.0419787
-0.0443835
-0.0465545
-0.0487244
-0.0502853
-0.050355
-0.0492507
-0.0474805
-0.0451042
-0.0421483
-0.0389235
-0.035422
-0.0312028
-0.0266299
-0.0225427
-0.0189477
-0.0154836
-0.0118912
-0.00814755
-0.00460745
-0.00152389
0.00145781
0.00451399
0.00696752
0.008195
0.00806382
0.00703863
0.00563948
0.00445348
0.00357534
0.00196255
-1.25397E-4
-0.00142141
-0.00192612
-0.00229925
-0.00331935
-0.00510778
-0.00661634
-0.00722189
-0.0071017
-0.00685344
-0.00682194
-0.00637266
-0.00505713
-0.00293086
-2.96867E-4
0.00227608
0.00455525
0.00658554
0.00837948
0.0100082
0.0112325
0.0118717
0.0122627
0.0126716
0.0133489
0.0140864
0.0142696
0.0140412
0.0142168
0.0149989
0.015623
0.0155551
0.0151257
0.0151985
0.0158731
0.0164585
0.0166038
0.0160772
0.0149784
0.0137257
0.0128119
0.0123232
0.0117735
0.0111863
0.0108871
0.0107654
0.0109698
0.0117155
0.0125696
0.0134
0.0143121
0.0151665
0.0158012
0.0160756
0.0160589
0.0160274
0.0160624
0.0158678
0.01528
0.0148031
0.0149829
0.0155319
0.0162517
0.0172729
0.0186533
0.0204274
0.0221982
0.0237084
0.0252976
0.0274681
0.0298975
0.0314073
0.0317413
0.0314902
0.0311368
0.030839
0.0302565
0.0293889
0.0283618
0.0269837
0.0249139
0.022035
0.0188431
0.0155246
0.0124331
0.00963966
0.00640397
0.00305479
6.03337E-4
-9.75554E-4
-0.00217733
-0.00274811
-0.00230186
-0.00103547
1.81088E-4
0.00107209
0.00226699
0.00426706
0.00706333
0.00945486
0.0109198
0.0119147
0.0122377
0.0119901
0.0116648
0.0114332
0.0114991
0.0114038
0.0104595
0.00887706
0.00709809
0.00544983
0.00414431
0.00325568
0.0025215
0.00212115
0.00235705
0.00292885
0.0036919
0.00441759
0.00500488
0.00580888
0.00673295
0.00756789
0.00801653
0.0077911
0.00731214
0.00687706
0.00673456
0.00680611
0.00638573
0.0053139
0.00414645
0.00335455
0.002926
0.00232338
0.00127885
-1.81624E-4
-0.00196867
-0.00348141
-0.00508754
-0.00739224
-0.00991506
-0.0126015
-0.015419
-0.0179298
-0.0201688
-0.0224066
-0.0242275
-0.0251513
-0.0259714
-0.0268187
-0.0272504
-0.0275464
-0.0278061
-0.0279108
-0.0277067
-0.0276858
-0.0279559
-0.0279465
-0.0281176
-0.0288274
-0.029639
-0.0302834
-0.0303595
-0.0300675
-0.0297816
-0.0291489
-0.0278837
-0.0259283
-0.0236652
-0.0216309
-0.0198284
-0.0182357
-0.0168651
-0.0154649
-0.0141783
-0.0131831
-0.0123853
-0.0118784
-0.011797
-0.0123964
-0.0134668
-0.0146428
-0.0160197
-0.0175964
-0.0195547
-0.0222323
-0.0256337
-0.029169
-0.0321435
-0.0340998
-0.0352126
-0.0363493
-0.0379445
-0.0395389
-0.0405314
-0.0407765
-0.0406751
-0.0406198
-0.0405006
-0.0402954
-0.0401009
-0.0398394
-0.0395247
-0.0390556
-0.038478
-0.0377105
-0.0366816
-0.0358816
-0.0352761
-0.034595
-0.0337011
-0.0321559
-0.0301368
-0.0283169
-0.0265184
-0.0245912
-0.0228646
-0.0216375
-0.0208114
-0.0197022
-0.0179041
-0.0157751
-0.0141747
-0.0133098
-0.0125708
-0.0114528
-0.00993201
-0.00816034
-0.00638049
-0.00493357
-0.00364975
-0.00216538
-6.22679E-4
8.71217E-4
0.00220854
0.00337888
0.0047176
0.00623479
0.0076868
0.00878864
0.00951351
0.0105744
0.0127125
0.0153613
0.0177744
0.0202062
0.0229835
0.0264212
0.0308525
0.0358264
0.0405368
0.0447905
0.0489751
0.0534483
0.0575627
0.0605703
0.0625176
0.0640672
0.0659459
0.0677159
0.0688608
0.0697374
0.0703229
0.0701921
0.0692018
0.0676287
0.0665817
0.0662352
0.0648844
0.0620658
0.0589206
0.0560353
0.05306
0.0496668
0.0464692
0.0438864
0.0413798
0.0385425
0.0355642
0.0324535
0.0289884
0.0251883
0.0211604
0.0163941
0.0108668
0.00544584
2.69412E-4
-0.00462992
-0.00892518
-0.0122266
-0.0144044
-0.0164375
-0.0193086
-0.0227497
-0.0256069
-0.0271835
-0.0284861
-0.0301141
-0.0315494
-0.0329028
-0.0341944
-0.0352853
-0.0362446
-0.0374859
-0.0390201
-0.0400796
-0.0406159
-0.0407119
-0.0405299
-0.0404272
-0.0404766
-0.040856
-0.0413997
-0.0418084
-0.0420731
-0.0425997
-0.0435424
-0.0445529
-0.0458156
-0.0473974
-0.0488592
-0.0499728
-0.0505036
-0.0505062
-0.0501701
-0.0492831
-0.0480041
-0.0467916
-0.0454144
-0.0435345
-0.0417566
-0.0405606
-0.0396985
-0.0387943
-0.0377844
-0.0367698
-0.0355136
-0.0342922
-0.0338135
-0.0335673
-0.0325701
-0.0312022
-0.0299493
-0.0283767
-0.0260906
-0.0229538
-0.019153
-0.0150913
-0.010865
-0.00661611
-0.002953
1.83071E-4
0.00310163
0.00519748
0.00635081
0.00715591
0.00774657
0.00780978
0.00766063
0.00834273
0.0100489
0.011932
0.0131157
0.0137113
0.0145486
0.0157421
0.017386
0.0196768
0.0223469
0.0250548
0.027478
0.0297447
0.032108
0.0345786
0.0369094
0.0384635
0.039133
0.039628
0.0401197
0.0402788
0.0402293
0.0399513
0.0391571
0.0381611
0.0372811
0.0364146
0.0354264
0.033966
0.0320121
0.0297832
0.0275047
0.0253448
0.0223792
0.0176206
0.0118371
0.00677326
0.00330501
0.00104438
-6.92562E-4
-0.00195995
-0.00252598
-0.00249075
-0.00177443
1.34669E-5
0.00290008
0.00651387
0.0102177
0.0135729
0.0166364
0.0191348
0.0208197
0.0217288
0.0216817
0.0210243
0.0204679
0.0200657
0.0195545
0.0189166
0.0186534
0.0192379
0.0201582
0.0208683
0.021615
0.0229763
0.0250055
0.0269449
0.0283927
0.0293475
0.0297397
0.0296341
0.0291437
0.0285194
0.0281284
0.0278963
0.0272412
0.02592
0.0243339
0.0225015
0.0202967
0.0181356
0.0159364
0.01338
0.0105184
0.00750159
0.0047627
0.00260814
8.1979E-4
-0.00116322
-0.00354462
-0.00575935
-0.00782328
-0.0102638
-0.0124811
-0.0137705
-0.0142368
-0.0139723
-0.0130327
-0.0115539
-0.00994224
-0.0086629
-0.00774864
-0.00717657
-0.00718716
-0.00775253
-0.00855708
-0.00964866
-0.0108007
-0.0116226
-0.012247
-0.012385
-0.0119311
-0.0116487
-0.0116433
-0.0114774
-0.0109769
-0.0101211
-0.00937786
-0.00925468
-0.00942467
-0.00929186
-0.00888014
-0.0084664
-0.00817942
-0.00794376
-0.00768794
-0.00720576
-0.00587743
-0.00408353
-0.00311938
-0.00249974
-7.84503E-4
0.0010797
0.00129056
2.75982E-4
-1.93404E-4
3.62942E-4
8.17765E-4
7.19581E-4
4.93917E-4
4.64651E-4
7.98548E-4
0.00140869
0.00230017
0.00344286
0.00479174
0.00644981
0.0080772
0.00935571
0.0107047
0.0123729
0.0138945
0.0146586
0.0146617
0.0145365
0.0146116
0.0146327
0.0143956
0.0139704
0.0137866
0.0141057
0.0147466
0.0158113
0.0171972
0.0183212
0.0188903
0.0191589
0.0194331
0.0196634
0.0194799
0.01859
0.0171929
0.015809
0.0148669
0.0142179
0.0133565
0.0118734
0.00985063
0.00786142
0.00603585
0.00419116
0.00221181
-1.23675E-4
-0.00252483
-0.00440365
-0.00564856
-0.0060851
-0.00563097
-0.00455509
-0.00262898
4.16369E-4
0.0042257
0.00798507
0.011002
0.0139314
0.0179491
0.0224145
0.0253753
0.0261741
0.0261008
0.0260675
0.0257418
0.0249846
0.0238223
0.0219982
0.0194983
0.017003
0.0150414
0.0132876
0.011261
0.0087194
0.00592308
0.00325059
8.40425E-4
-0.00149597
-0.00420543
-0.00708424
-0.00971019
-0.0118741
-0.0133497
-0.0141757
-0.0149639
-0.0159671
-0.016544
-0.016709
-0.0172821
-0.0184305
-0.0195663
-0.0203765
-0.0208885
-0.0211074
-0.0214181
-0.021909
-0.0223003
-0.0231691
-0.0245298
-0.0250872
-0.0244642
-0.0235698
-0.0227223
-0.0217579
-0.0209719
-0.0202832
-0.0192622
-0.0180078
-0.01705
-0.0164758
-0.0160671
-0.0157089
-0.0152886
-0.01519
-0.0155922
-0.0165551
-0.0181363
-0.0198106
-0.0216217
-0.0238534
-0.0261547
-0.0280141
-0.0291906
-0.0297776
-0.0300309
-0.0304126
-0.0306288
-0.0299497
-0.0284786
-0.02636
-0.0238217
-0.0211622
-0.0180456
-0.0143199
-0.0103835
-0.00686802
-0.00448501
-0.00338408
-0.00321242
-0.00356261
-0.00420507
-0.00494655
-0.00561582
-0.00634037
-0.00713788
-0.00784923
-0.00848329
-0.00910133
-0.00971586
-0.0102567
-0.0105152
-0.0107357
-0.0113026
-0.0120707
-0.0125266
-0.0121645
-0.0108707
-0.00913072
-0.00758481
-0.00593992
-0.00379967
-0.00151916
3.05443E-4
0.0013152
0.00206932
0.0031252
0.00436787
0.00563637
0.00668517
0.00763547
0.00902277
0.0110522
0.0130491
0.0143801
0.0155559
0.0166836
0.0172412
0.0174338
0.0175591
0.017522
0.0172095
0.0166852
0.0160719
0.0152079
0.0143287
0.0136797
0.0130056
0.0123108
0.0116505
0.0110109
0.0103343
0.0097543
0.00931899
0.00862849
0.00750879
0.00605378
0.00441336
0.0027741
0.00133591
1.16659E-4
-0.00106494
-0.00233132
-0.00368181
-0.00487811
-0.00581265
-0.00707801
-0.00906369
-0.0112986
-0.0132647
-0.0147351
-0.015993
-0.0171782
-0.0178663
-0.0178172
-0.0169864
-0.0153123
-0.01296
-0.0104186
-0.00793794
-0.00564992
-0.00383654
-0.00256479
-0.0016493
-9.56339E-4
-6.53157E-4
-9.29659E-4
-0.00169422
-0.00273931
-0.00416734
-0.00601812
-0.00765677
-0.00890412
-0.0101779
-0.0115897
-0.0128591
-0.0132269
-0.0124877
-0.0113606
-0.0102867
-0.00893351
-0.00684701
-0.00401432
-8.09993E-4
0.00227774
0.00515778
0.00797745
0.0105808
0.013207
0.0160849
0.0186174
0.0204258
0.0217209
0.022964
0.0241982
0.0250006
0.0252189
0.0252667
0.0256949
0.0264089
0.0273348
0.0283729
0.0291474
0.0298911
0.0307933
0.0315031
0.0317851
0.0314618
0.0303671
0.0286381
0.0265148
0.0244534
0.0226845
0.0207799
0.018332
0.0152753
0.0114392
0.0065409
0.00109783
-0.00381289
-0.00759611
-0.010673
-0.0136602
-0.0164636
-0.0188471
-0.0204477
-0.021173
-0.0214044
-0.0212513
-0.0210473
-0.0211701
-0.0215023
-0.0219581
-0.0224603
-0.0227303
-0.0224307
-0.0217735
-0.0214724
-0.0216636
-0.0217023
-0.021149
-0.020225
-0.0191227
-0.0179331
-0.0168857
-0.0162428
-0.0161066
-0.0164248
-0.0172276
-0.0183922
-0.0196414
-0.0210384
-0.0230216
-0.0254272
-0.0275189
-0.0290857
-0.0302644
-0.0310601
-0.0312666
-0.0306891
-0.0298127
-0.029133
-0.0281607
-0.0264785
-0.0242212
-0.0214982
-0.0184835
-0.0149883
-0.0106073
-0.00571777
-0.00109417
0.00308961
0.00751961
0.0125677
0.0174104
0.021407
0.0246882
0.0272119
0.0290801
0.0306834
0.0317781
0.0319952
0.031578
0.0309838
0.0304732
0.0299898
0.0292287
0.0279415
0.0264506
0.0251021
0.0236857
0.0220749
0.02044
0.0190225
0.0178626
0.0167335
0.0155781
0.0147724
0.0143429
0.0139961
0.0140823
0.0149885
0.0163403
0.0177154
0.0193567
0.0212373
0.0226156
0.0234026
0.0242692
0.0253164
0.026152
0.0268543
0.0278503
0.0289114
0.0293498
0.0289262
0.0277274
0.0261673
0.024628
0.0231565
0.0218825
0.0206857
0.0194595
0.0186202
0.018126
0.0172485
0.0155443
0.0132605
0.0108433
0.00827034
0.00523029
0.00142702
-0.00274393
-0.00625393
-0.00900699
-0.011619
-0.0142839
-0.0170718
-0.0198016
-0.0217566
-0.0227756
-0.023575
-0.0244131
-0.024951
-0.0254593
-0.0264562
-0.0275172
-0.0280488
-0.0282352
-0.0284038
-0.0284817
-0.0282592
-0.0276641
-0.0268011
-0.0260386
-0.0253779
-0.0244846
-0.0235049
-0.0224455
-0.0212803
-0.0202041
-0.0191116
-0.0181849
-0.0174402
-0.016409
-0.0153332
-0.0147392
-0.0144173
-0.0138797
-0.0131581
-0.0126243
-0.0121556
-0.0116326
-0.0113407
-0.0113914
-0.0116772
-0.0116968
-0.0112514
-0.0108332
-0.01052
-0.0102202
-0.0097946
-0.00894739
-0.00804472
-0.00738438
-0.0065479
-0.00531639
-0.00399124
-0.00276833
-0.00156156
-7.15195E-5
0.00191504
0.00417846
0.00641264
0.00844313
0.0103931
0.0124328
0.0143839
0.0161826
0.017891
0.0194831
0.0207747
0.0213841
0.0212728
0.0207886
0.0198987
0.0183103
0.016181
0.0139533
0.0116231
0.00878417
0.00592305
0.00402181
0.00307201
0.00243261
0.00170144
0.0010754
8.91599E-4
0.0012594
0.00246865
0.00431367
0.00595666
0.00719005
0.00815555
0.00882019
0.00934195
0.00985148
0.0100018
0.00949018
0.00855086
0.00738287
0.006233
0.00509095
0.00382864
0.00251847
0.00121126
7.2286E-5
-0.00127372
-0.0030989
-0.00480271
-0.00568367
-0.00571302
-0.0056155
-0.00623422
-0.00729088
-0.00765291
-0.00722243
-0.00678053
-0.00642271
-0.00591956
-0.00541411
-0.00496782
-0.00441803
-0.00352461
-0.00233197
-0.00145506
-0.00143035
-0.00219399
-0.0033376
-0.00401882
-0.00380345
-0.00334734
-0.00349392
-0.00424447
-0.004897
-0.00527246
-0.00525843
-0.00425327
-0.00268147
-0.00167574
-0.00111173
-4.53261E-4
2.48141E-4
0.00118348
0.00237433
0.00338215
0.00399824
0.0042759
0.00417982
0.00391259
0.00395673
0.0044164
0.00461259
0.00396899
0.00331361
0.0033
0.00339324
0.00340774
0.00330894
0.00270872
0.00211096
0.00221204
0.00297638
0.00416053
0.0050025
0.00476772
0.00405722
0.00408472
0.0049578
0.0058992
0.00640338
0.00648376
0.00634814
0.0063164
0.00640969
0.00621809
0.00505379
0.00275326
2.48618E-4
-0.00221431
-0.00574842
-0.0105015
-0.0147894
-0.0177146
-0.0198538
-0.0215806
-0.0228756
-0.02373
-0.0239348
-0.0231343
-0.0215246
-0.019647
-0.0175736
-0.0150429
-0.0117203
-0.00787031
-0.00453181
-0.00181611
9.82439E-4
0.00405968
0.00705252
0.00933402
0.0107779
0.0116632
0.0123935
0.0132947
0.0136151
0.0122965
0.0097064
0.0072358
0.00564029
0.00489674
0.00446208
0.00387704
0.00348855
0.00361131
0.00403671
0.00424527
0.0040339
0.00378691
0.00370773
0.00346985
0.00283627
0.00214065
0.00166368
0.00137486
0.00108491
4.81704E-4
-2.24287E-4
-7.06523E-4
-0.00141204
-0.00262076
-0.00398815
-0.00537759
-0.00650857
-0.0070701
-0.00726022
-0.00730926
-0.00726389
-0.00703598
-0.00648741
-0.00575702
-0.00506949
-0.00407839
-0.00226874
-1.43761E-5
0.00195917
0.00356237
0.00501586
0.0065974
0.00831703
0.00978693
0.0107274
0.0112326
0.0116782
0.0121323
0.0121668
0.011589
0.0108621
0.0103648
0.00989295
0.00909334
0.00770787
0.00590564
0.00410087
0.00255539
0.00133384
3.17672E-4
-4.74698E-4
-8.2761E-4
-8.16798E-4
-8.36145E-4
-9.03717E-4
-7.78044E-4
-6.62147E-4
-9.7145E-4
-0.00153157
-0.00216251
-0.00293652
-0.00369392
-0.00424088
-0.00446477
-0.00443549
-0.00451744
-0.00498054
-0.00561599
-0.00625661
-0.0071625
-0.00840095
-0.00954311
-0.0102299
-0.0105017
-0.0105853
-0.0103865
-0.00961488
-0.00818401
-0.00616106
-0.00388363
-0.00153582
0.00123184
0.00448194
0.00798494
0.0116061
0.0152593
0.0187332
0.0214366
0.0230286
0.0238365
0.0243795
0.0247877
0.0247634
0.0241863
0.0231926
0.0218921
0.0206788
0.0196047
0.0186307
0.0180191
0.0176289
0.0175101
0.017812
0.0184435
0.0189947
0.0191604
0.0191106
0.0188121
0.0181571
0.0173146
0.0163396
0.0149036
0.0129798
0.011226
0.010061
0.00915594
0.00814234
0.00710023
0.00631235
0.00572673
0.00496377
0.00412357
0.00374922
0.00392095
0.00429169
0.0045414
0.00437241
0.00371428
0.003086
0.00273753
0.00203782
4.83166E-4
-0.00172773
-0.00412839
-0.00649339
-0.00903741
-0.0115931
-0.0136646
-0.0151798
-0.0160892
-0.0166687
-0.0171201
-0.0171175
-0.0165903
-0.0161395
-0.0157181
-0.0148113
-0.0140076
-0.0137915
-0.0139861
-0.0141279
-0.0139051
-0.0138025
-0.0142228
-0.0146968
-0.0145851
-0.0136976
-0.0123216
-0.0109235
-0.00947733
-0.00787243
-0.00630554
-0.00480853
-0.00308258
-7.17456E-4
0.00186223
0.00393645
0.00534256
0.00600983
0.00628254
0.00653699
0.00637487
0.00530251
0.00354792
0.0014999
-0.00105211
-0.00430417
-0.00801711
-0.0116031
-0.0149959
-0.0185905
-0.0215625
-0.022913
-0.0231693
-0.0231844
-0.0225937
-0.0207857
-0.0183993
-0.0165024
-0.0149605
-0.0131458
-0.0112512
-0.00969514
-0.00801077
-0.00605168
-0.00501516
-0.00507097
-0.00520902
-0.00517797
-0.00519494
-0.00514605
-0.0046852
-0.00372627
-0.00236518
-5.68971E-4
0.00145218
0.00355495
0.00622
0.00970294
0.0134058
0.0165987
0.0192414
0.0215163
0.0234446
0.0250624
0.0261984
0.0267236
0.0267745
0.0264178
0.0256843
0.0243934
0.0224783
0.0205529
0.0190614
0.0178268
0.0164398
0.0146117
0.0123493
0.00995013
0.0076577
0.00535259
0.00293944
6.2155E-4
-0.00159443
-0.00358522
-0.00486008
-0.00580271
-0.00676007
-0.00733636
-0.00748248
-0.0074774
-0.00772265
-0.00790574
-0.00755531
-0.00727337
-0.00734194
-0.00700762
-0.00601066
-0.0048636
-0.00372968
-0.00257322
-0.0013136
1.31812E-4
0.00140688
0.00225108
0.00277987
0.00292558
0.00243548
0.0015404
5.63289E-4
-8.0987E-4
-0.00257377
-0.00407816
-0.00496384
-0.00524028
-0.00511055
-0.00461372
-0.00388877
-0.00331898
-0.00276187
-0.00192111
-8.70474E-4
2.12635E-5
4.74044E-4
3.75698E-4
-2.89468E-4
-0.00115402
-0.00204352
-0.00321139
-0.00444552
-0.00540892
-0.0066134
-0.008281
-0.00986566
-0.0112747
-0.0125634
-0.0137043
-0.0148072
-0.0159571
-0.0172381
-0.0182584
-0.0187213
-0.0186283
-0.0178716
-0.0165752
-0.0148454
-0.0128961
-0.010968
-0.00901029
-0.00703154
-0.00513893
-0.00343142
-0.00215969
-0.00122968
-8.78656E-5
0.00115688
0.0018969
0.00168839
3.29623E-4
-0.00148883
-0.00264629
-0.00330821
-0.00448361
-0.00632961
-0.00803923
-0.00884924
-0.00890078
-0.00885978
-0.00882654
-0.00850156
-0.00796167
-0.00725345
-0.00647308
-0.00598718
-0.00577732
-0.00551354
-0.00528189
-0.00515684
-0.00504535
-0.00513662
-0.00523269
-0.00502566
-0.00467922
-0.00413356
-0.00329614
-0.00238435
-0.0017162
-0.00126987
-6.48672E-4
-8.12696E-5
2.29401E-4
3.04137E-4
1.00918E-4
-3.81223E-4
-0.00115624
-0.00169345
-0.00198019
-0.00264513
-0.00359004
-0.00426031
-0.00454342
-0.00455966
-0.00455879
-0.00464786
-0.00428735
-0.00322811
-0.00184205
-4.40977E-4
0.00105004
0.00261443
0.00371861
0.0040337
0.00368309
0.00309184
0.00293194
0.00288393
0.00209128
6.92417E-4
-6.63888E-4
-0.00146118
-0.00172493
-0.00216043
-0.00320739
-0.00402832
-0.00382412
-0.00284374
-0.00160269
-5.4198E-4
4.28826E-4
0.00156125
0.00279099
0.0038009
0.00438206
0.00464029
0.00474879
0.00509587
0.00562062
0.00581659
0.00569343
0.00549749
0.00519622
0.00479036
0.00466868
0.00497899
0.00509947
0.00471981
0.0045788
0.00498218
0.00541489
0.00579665
0.00642379
0.00739505
0.0086472
0.00994832
0.0107546
0.0109037
0.0114629
0.0133546
0.0152635
0.0155482
0.0147006
0.0140386
0.0138183
0.0134372
0.0124405
0.0110198
0.00992289
0.00950125
0.00918242
0.00808292
0.00601595
0.00413754
0.00332606
0.0024648
7.23073E-4
-9.64486E-4
-0.0017711
-0.00212256
-0.00282361
-0.00394712
-0.00511789
-0.00592299
-0.00622365
-0.00652138
-0.00726478
-0.00841952
-0.00963946
-0.0104599
-0.010971
-0.0114064
-0.0114053
-0.0110028
-0.0105927
-0.0100789
-0.00918393
-0.00790465
-0.00613533
-0.00386034
-0.00172992
-1.39704E-4
9.10271E-4
0.00174203
0.00257554
0.00297138
0.00274152
0.00229467
0.00205541
0.00194574
0.00191409
0.00233516
0.00308553
0.00356226
0.00381766
0.00441493
0.00572281
0.00749694
0.00892353
0.0093039
0.00911777
0.00956006
0.0103721
0.0107217
0.0106507
0.0102746
0.0097417
0.00919806
0.00870345
0.00826681
0.00761052
0.00679901
0.00630079
0.00634679
0.00696496
0.00792621
0.00889178
0.00978016
0.0107804
0.0119007
0.0125334
0.012411
0.0119968
0.011528
0.0108258
0.00971627
0.00831166
0.00681299
0.0051978
0.00360372
0.00210487
1.06439E-4
-0.00236308
-0.00445932
-0.00595267
-0.00697107
-0.00745676
-0.00736259
-0.00662526
-0.00548039
-0.00403675
-0.00209749
-8.96424E-5
0.0016686
0.00307807
0.0040335
0.00471724
0.0051137
0.00515749
0.00496769
0.00482006
0.00471374
0.00429749
0.00359947
0.00282342
0.00195043
9.59029E-4
6.27104E-5
-7.90789E-4
-0.00180244
-0.00262472
-0.00311629
-0.00348626
-0.00388391
-0.00425826
-0.00463581
-0.00523128
-0.00608252
-0.0070388
-0.00790003
-0.00901029
-0.0104721
-0.0116145
-0.0123392
-0.0131144
-0.014306
-0.0159897
-0.0177167
-0.0190899
-0.020196
-0.0212539
-0.0225999
-0.0242116
-0.0256791
-0.0268519
-0.0278268
-0.028365
-0.0279767
-0.0270365
-0.0262024
-0.0253641
-0.0243965
-0.0235333
-0.0227709
-0.0219694
-0.0208714
-0.0189863
-0.0162613
-0.0135114
-0.0112617
-0.00918879
-0.00722123
-0.00551352
-0.0040262
-0.00286312
-0.00226268
-0.00234776
-0.00286639
-0.00349515
-0.00437881
-0.00594664
-0.00810123
-0.0100144
-0.0111852
-0.0119006
-0.0127299
-0.0136714
-0.0141576
-0.0135516
-0.0120485
-0.0103591
-0.0089439
-0.00847062
-0.00816665
-0.00649793
-0.00398603
-0.00232051
-0.00197968
-0.00198005
-0.00159925
-0.00131248
-0.00197654
-0.00361264
-0.0050863
-0.00554391
-0.00581846
-0.00687419
-0.00819844
-0.00852878
-0.00759261
-0.00655634
-0.00625038
-0.00646026
-0.00652961
-0.00584616
-0.00450682
-0.00318652
-0.00215502
-7.45398E-4
0.0013883
0.00364005
0.00561289
0.00726028
0.00851869
0.00948476
0.0108102
0.0129403
0.0151148
0.0165794
0.0175065
0.0183747
0.0193472
0.0203435
0.0215493
0.0228317
0.0234356
0.0232518
0.023343
0.0239667
0.0242304
0.0241549
0.024192
0.0241246
0.0238276
0.0236332
0.0236514
0.0237089
0.0238348
0.0237459
0.0229142
0.0218484
0.0215142
0.0217703
0.0217704
0.0212025
0.0204063
0.020041
0.02027
0.0204076
0.0201437
0.0198218
0.0196618
0.0190884
0.01788
0.0167928
0.0161393
0.015799
0.0153602
0.0144433
0.0133736
0.0124016
0.0114254
0.0103458
0.00941168
0.00883756
0.00802197
0.00634873
0.00423897
0.00250741
0.00100239
-4.5338E-4
-0.00183751
-0.00327841
-0.00443999
-0.00543811
-0.00645577
-0.00685635
-0.00630595
-0.00513344
-0.00371896
-0.00238001
-0.00142636
-9.29693E-4
-3.92306E-4
2.41195E-4
3.17791E-4
-1.13486E-4
-6.31776E-4
-0.00126866
-0.00206028
-0.0032013
-0.00485834
-0.00656831
-0.00795747
-0.00925598
-0.0107074
-0.012026
-0.0129285
-0.013515
-0.0137203
-0.013552
-0.0133635
-0.0133069
-0.0130029
-0.0123842
-0.012079
-0.0119374
-0.0113807
-0.0105858
-0.00983087
-0.00917915
-0.00866335
-0.00820202
-0.00779337
-0.00747267
-0.00699356
-0.00642717
-0.00574745
-0.00466006
-0.00357066
-0.00288412
-0.00253911
-0.00228697
-0.00180155
-0.00106608
-3.84784E-4
1.75172E-4
7.85577E-4
0.00118391
0.00132147
0.0015256
0.00179211
0.00198349
0.00189089
0.00163351
0.00152962
0.00148472
0.00132547
0.0010839
8.13319E-4
6.46774E-4
6.10855E-4
5.12708E-4
3.54484E-4
3.39985E-4
3.1048E-4
7.3319E-5
-3.35754E-4
-7.98707E-4
-0.00104702
-0.00117952
-0.00138536
-0.0017212
-0.00220683
-0.00254183
-0.00215569
-0.00132964
-0.00100452
-9.0952E-4
-2.88388E-4
7.29147E-4
0.00186087
0.00307933
0.00430012
0.00573287
0.00745142
0.00882338
0.00959031
0.0102621
0.0111152
0.012005
0.0127357
0.0131073
0.0129632
0.0125565
0.0122876
0.0118799
0.0112472
0.0107643
0.0101239
0.00889102
0.00724755
0.00559911
0.00439381
0.00380274
0.00332996
0.002665
0.00208461
0.00179322
0.00186165
0.0021524
0.00254137
0.00311522
0.00400107
0.00510675
0.00613627
0.00703903
0.00779304
0.00843628
0.00893853
0.00914058
0.00911132
0.00896346
0.00883255
0.00871893
0.00851269
0.00830029
0.00808488
0.0078978
0.00801623
0.00828235
0.00841885
0.00859413
0.00884046
0.00907403
0.00921723
0.00909996
0.00895397
0.00929702
0.00997934
0.0102582
0.0100514
0.00979324
0.00962763
0.00967935
0.00966477
0.00920107
0.00862745
0.00819371
0.00780611
0.00727345
0.00648091
0.0056953
0.00505097
0.00427877
0.00324237
0.00230349
0.0018301
0.00175656
0.00165267
0.00115474
6.48803E-4
4.71556E-4
2.46538E-4
-3.34982E-4
-0.00137605
-0.00270392
-0.00376607
-0.00461801
-0.00574219
-0.00689832
-0.0076969
-0.00833779
-0.0091326
-0.00987326
-0.0100989
-0.00981728
-0.00941465
-0.00925523
-0.00944362
-0.009637
-0.00958562
-0.00966832
-0.0100118
-0.0102433
-0.0104862
-0.0108771
-0.0111025
-0.0112226
-0.0112984
-0.011295
-0.0114891
-0.0117752
-0.0120278
-0.0122606
-0.0121657
-0.011799
-0.0111462
-0.00987807
-0.0085197
-0.00784272
-0.00789846
-0.00815391
-0.00832088
-0.00838528
-0.00799352
-0.00725344
-0.00651205
-0.00582351
-0.00517814
-0.00441114
-0.00355309
-0.00248045
-9.65624E-4
5.92825E-4
0.00179247
0.0024826
0.00265384
0.00266874
0.00289813
0.00329711
0.00351627
0.0036569
0.00406731
0.00466657
0.00524258
0.00566747
0.00637944
0.00754595
0.00837968
0.0086637
0.00892446
0.00965947
0.0107332
0.0116754
0.0126454
0.0137958
0.0146671
0.0149635
0.0149289
0.0144602
0.0132829
0.0114882
0.00952128
0.00832659
0.00856125
0.0100297
0.0118552
0.0130688
0.0131951
0.0125146
0.0113563
0.00968102
0.00799858
0.00689533
0.00647699
0.0067869
0.00761285
0.00855404
0.00926814
0.00948273
0.00941055
0.00932993
0.00919997
0.00900116
0.00820806
0.00621013
0.00353782
7.05422E-4
-0.00226822
-0.00432041
-0.00393408
-0.00137814
0.00146444
0.00355005
0.00499171
0.00592573
0.00614654
0.00520219
0.00304026
2.88545E-4
-0.00236937
-0.00475193
-0.00704943
-0.00904243
-0.0104172
-0.011577
-0.0130556
-0.0148303
-0.0165835
-0.0182685
-0.0196955
-0.0205669
-0.0212498
-0.022416
-0.0238039
-0.0243793
-0.0239921
-0.0230177
-0.0218363
-0.0211602
-0.0213391
-0.0220121
-0.0225573
-0.0230145
-0.023746
-0.0250049
-0.0270893
-0.0297459
-0.0322676
-0.0343864
-0.0362949
-0.0379702
-0.0391911
-0.0394785
-0.0385899
-0.0372589
-0.0359827
-0.0342726
-0.0319385
-0.029594
-0.0278809
-0.0269047
-0.0262572
-0.0255245
-0.024994
-0.0250641
-0.0253974
-0.0256855
-0.0258399
-0.0258468
-0.0258375
-0.0255529
-0.0247755
-0.0237862
-0.0229387
-0.0223229
-0.0218259
-0.0214602
-0.0214343
-0.0221011
-0.0233097
-0.0245319
-0.0254279
-0.0258607
-0.0262392
-0.0269941
-0.0278982
-0.0280162
-0.0268579
-0.0250718
-0.0233242
-0.0216411
-0.0196689
-0.0174204
-0.0155291
-0.0144557
-0.0136942
-0.0123807
-0.0105462
-0.00888367
-0.00771584
-0.00676515
-0.00558308
-0.00440477
-0.00386733
-0.00386706
-0.00379682
-0.00344281
-0.00314022
-0.00295154
-0.00259767
-0.00204198
-0.00129346
1.13577E-4
0.00251844
0.00531302
0.0077402
0.00948477
0.0106475
0.0114772
0.0119182
0.012005
0.0125129
0.0139284
0.0154888
0.0168012
0.0182306
0.0196564
0.0210569
0.0225054
0.023712
0.02446
0.0248129
0.0251918
0.0256358
0.0260536
0.0267829
0.0279337
0.0290935
0.0298307
0.0301143
0.0303648
0.0311121
0.0318678
0.0319625
0.0317043
0.0315192
0.0314882
0.0313118
0.030949
0.0307299
0.0306688
0.030979
0.0316103
0.0318365
0.0318259
0.0321051
0.0322397
0.0316803
0.0305294
0.0295145
0.0290498
0.028727
0.0283443
0.028073
0.0279231
0.0280752
0.028575
0.0291633
0.0298694
0.0308721
0.0321179
0.0333267
0.0345125
0.0358576
0.0370254
0.0374212
0.0371258
0.0366778
0.0357843
0.0341059
0.0322359
0.0307425
0.0293627
0.0275289
0.0251441
0.0225105
0.0198743
0.0173201
0.0149925
0.0129267
0.011013
0.00935764
0.00815966
0.00696249
0.00534939
0.00375834
0.00219762
2.09703E-4
-0.00204601
-0.00415378
-0.00588965
-0.00745226
-0.00920436
-0.0107512
-0.0116725
-0.0123405
-0.0129657
-0.0134265
-0.0137455
-0.0139699
-0.014347
-0.0151012
-0.0161572
-0.0173324
-0.0183611
-0.0192476
-0.020169
-0.0210354
-0.0215207
-0.021478
-0.0209482
-0.0199074
-0.0184215
-0.0167874
-0.0153928
-0.0142033
-0.0129997
-0.0121777
-0.0118729
-0.0116126
-0.0113079
-0.0110235
-0.0111036
-0.0119272
-0.013055
-0.0137877
-0.0140065
-0.0139912
-0.0139565
-0.0143218
-0.0152287
-0.0161637
-0.0168543
-0.0175654
-0.0181823
-0.0181522
-0.0177281
-0.0172871
-0.0165196
-0.0155057
-0.0144415
-0.0129859
-0.0107866
-0.00788298
-0.00504684
-0.00294449
-0.00142141
-4.93126E-4
-1.37791E-4
5.71129E-5
9.8113E-5
-1.5319E-4
-3.61884E-4
1.69892E-5
0.0010425
0.00263756
0.00443758
0.00546877
0.00561999
0.00582096
0.00658755
0.00744871
0.00804235
0.00850773
0.00897394
0.00961763
0.0101679
0.0100161
0.00910828
0.00816378
0.00767589
0.00728512
0.00688254
0.00651093
0.00588217
0.00521078
0.00516304
0.00588912
0.00670213
0.00701034
0.0069302
0.00662466
0.00617326
0.00587079
0.00559908
0.0053113
0.00535835
0.00537466
0.00512216
0.00482692
0.00423673
0.00334023
0.00247262
0.00166787
8.24964E-4
-5.88787E-6
-7.03182E-4
-0.0010726
-8.51577E-4
-1.87411E-4
6.53051E-4
0.00153347
0.00238009
0.00339905
0.00446407
0.00485594
0.00431852
0.00320851
0.00185325
4.86189E-4
-7.46939E-4
-0.00173815
-0.00240239
-0.00239099
-0.00158726
-6.05378E-4
-1.86598E-4
-4.74932E-4
-9.34606E-4
-0.00114154
-0.00102325
-7.69396E-4
-7.84244E-4
-8.30229E-4
-1.86835E-4
0.00105286
0.00219577
0.00284084
0.00287634
0.00258484
0.00230571
0.00212524
0.00217696
0.00229078
0.00228024
0.00227999
0.00243258
0.00265241
0.00269192
0.00254184
0.002306
0.00215259
0.00214824
0.001935
0.00141232
5.7588E-4
-3.58442E-4
-8.26571E-4
-0.00136705
-0.00246127
-0.00341028
-0.00397021
-0.00423128
-0.00409888
-0.00386945
-0.00394505
-0.00434149
-0.00479635
-0.00537197
-0.00614656
-0.00732452
-0.00915954
-0.0109451
-0.0121885
-0.0128778
-0.0127725
-0.012227
-0.0117501
-0.0112779
-0.010692
-0.0102807
-0.0102005
-0.0102185
-0.010422
-0.0108731
-0.0114165
-0.0119712
-0.0123373
-0.0125782
-0.0130608
-0.0138039
-0.0144022
-0.0147123
-0.0149231
-0.0150786
-0.0152847
-0.0155742
-0.0158321
-0.0159619
-0.0157597
-0.0151573
-0.0141119
-0.0124024
-0.0102329
-0.00840164
-0.00704695
-0.0056292
-0.00419695
-0.00308446
-0.00238149
-0.00222319
-0.00246463
-0.00241006
-0.00193837
-0.00150516
-0.0012093
-0.00160194
-0.00309341
-0.00470702
-0.00543552
-0.00528933
-0.0048374
-0.00431649
-0.00337467
-0.00196112
-6.34856E-4
1.43855E-4
5.73508E-4
0.00103757
0.00153195
0.002062
0.0024979
0.00274687
0.00341582
0.00469872
0.00609512
0.00732029
0.0080754
0.00817044
0.00795588
0.00795433
0.00811998
0.00809533
0.0082429
0.00888526
0.00953834
0.0100547
0.010721
0.011669
0.0129941
0.0144915
0.0158267
0.0171272
0.0187388
0.0205509
0.0221519
0.0232831
0.0240787
0.0250586
0.0263885
0.0276145
0.0283733
0.0288217
0.0290825
0.0289324
0.0280436
0.0265329
0.024785
0.0228071
0.0208409
0.019484
0.0185604
0.0173282
0.0156949
0.0142026
0.0132199
0.0122427
0.0108302
0.00953111
0.00854379
0.00738673
0.00585048
0.00417766
0.00302529
0.00236228
0.00142574
1.08078E-4
-0.00118263
-0.00226262
-0.00319114
-0.00389655
-0.00447103
-0.00508495
-0.00568095
-0.00625796
-0.00685366
-0.0074017
-0.00795262
-0.00870578
-0.00965064
-0.0107223
-0.011825
-0.0127399
-0.0133933
-0.0140245
-0.0146106
-0.0149488
-0.0151483
-0.0152511
-0.0151102
-0.0146279
-0.014179
-0.0140878
-0.0142539
-0.0141833
-0.0134721
-0.0129427
-0.0134451
-0.0142281
-0.01436
-0.0142187
-0.0142447
-0.0142847
-0.0142579
-0.0141009
-0.0137909
-0.0137132
-0.014386
-0.0153917
-0.0156474
-0.0151326
-0.0148223
-0.0149577
-0.0151268
-0.0150557
-0.0145427
-0.0135408
-0.0124035
-0.0118029
-0.0121038
-0.0127008
-0.0127445
-0.0124181
-0.0122421
-0.0123938
-0.0126879
-0.0126465
-0.0122539
-0.0117417
-0.0112305
-0.0109517
-0.0110089
-0.0111716
-0.0109096
-0.0102011
-0.00964858
-0.00959971
-0.00975578
-0.0096182
-0.00928578
-0.00877601
-0.00813035
-0.00772988
-0.00753226
-0.00741301
-0.00740521
-0.00745925
-0.00737319
-0.00719453
-0.00713801
-0.00693535
-0.00590092
-0.00403793
-0.00227387
-7.071E-4
0.00141983
0.0041885
0.0068315
0.00895125
0.010801
0.0121979
0.0130327
0.0134885
0.0135926
0.0135018
0.0129524
0.0117946
0.0105523
0.00914462
0.00707258
0.00455218
0.0018473
-0.00101472
-0.00352719
-0.00526104
-0.00667001
-0.00775784
-0.00760385
-0.00627185
-0.00448018
-0.00240167
-3.18361E-4
0.00159595
0.00378859
0.0061571
0.00815153
0.0100322
0.0120266
0.0137042
0.0148613
0.0155959
0.0158776
0.0158847
0.0161155
0.0167298
0.0175819
0.0183384
0.0184337
0.017928
0.0172364
0.0162678
0.0153594
0.0146096
0.0133298
0.0117849
0.0104833
0.00913009
0.00753285
0.00600696
0.00490554
0.00409638
0.00327893
0.00249394
0.00185995
0.00156362
0.00175306
0.0020392
0.00181982
8.9685E-4
-5.46171E-4
-0.00214994
-0.00347818
-0.00449535
-0.00528098
-0.00581341
-0.00639366
-0.00681901
-0.00652466
-0.0058769
-0.00555562
-0.00536192
-0.00455293
-0.00309529
-0.00183347
-0.00123462
-9.12342E-4
-4.25402E-4
2.50444E-4
8.7565E-4
0.00110998
7.62355E-4
-7.45906E-5
-0.00103688
-0.00195578
-0.00282085
-0.00344035
-0.00409389
-0.00494269
-0.00563622
-0.00612414
-0.0064867
-0.00661136
-0.006515
-0.00637472
-0.00617997
-0.00596876
-0.00565629
-0.00512186
-0.00477708
-0.00485698
-0.00488719
-0.00446028
-0.00372091
-0.00296563
-0.00225163
-0.00139993
-2.8062E-4
0.00103901
0.00226139
0.00299138
0.00352447
0.0043696
0.00546737
0.00647424
0.00698048
0.00716441
0.00743669
0.00759039
0.00731951
0.006878
0.00654402
0.00602372
0.00513435
0.00427685
0.00369294
0.00324762
0.00282812
0.00234242
0.00183552
0.00128384
4.15937E-4
-5.97351E-4
-9.71777E-4
-2.95951E-4
7.71864E-4
0.00147742
0.00188839
0.00225226
0.00257858
0.00290141
0.00334091
0.00390193
0.00426525
0.004098
0.00373361
0.00355133
0.00324034
0.00272438
0.00240366
0.00243136
0.00241151
0.00187948
0.00108446
7.82922E-4
0.00126447
0.00197451
0.00228449
0.00197903
9.96091E-4
-5.90995E-5
-1.98568E-4
3.74674E-4
5.79541E-4
1.57312E-4
-3.67415E-4
-8.28202E-4
-0.00141803
-0.00225879
-0.00347782
-0.00488815
-0.00590493
-0.00663121
-0.00733167
-0.00786632
-0.00827175
-0.00850519
-0.00831037
-0.00749455
-0.00626124
-0.00494161
-0.00366576
-0.00238644
-0.00118199
-1.20795E-4
8.95746E-4
0.00180326
0.00260425
0.00319417
0.00367881
0.00452415
0.00570355
0.00681106
0.00750354
0.00790432
0.00845236
0.00916385
0.00998525
0.011087
0.0124008
0.0137032
0.0147233
0.0155843
0.0166776
0.0181458
0.0198791
0.0213267
0.0223128
0.023304
0.0243036
0.0250128
0.0255061
0.0257872
0.0257106
0.0255182
0.0254672
0.0251901
0.0243573
0.023129
0.0217518
0.0202631
0.0186261
0.0171107
0.0157581
0.0141772
0.012301
0.010401
0.00865215
0.00706657
0.00541204
0.00362811
0.00218044
0.00101285
-3.67551E-4
-0.00145084
-0.00163478
-0.00132665
-0.00105536
-8.891E-4
-9.08348E-4
-0.0011496
-0.00139368
-0.00161648
-0.00171627
-0.00171067
-0.00198918
-0.00241859
-0.00259661
-0.00254583
-0.00253327
-0.00284455
-0.00339134
-0.00388794
-0.00434377
-0.00489738
-0.00553054
-0.00609035
-0.00648449
-0.00671053
-0.00692032
-0.00753453
-0.00873796
-0.0100016
-0.0107954
-0.0109926
-0.0109049
-0.0109984
-0.0111827
-0.0110465
-0.0103351
-0.00911849
-0.0077521
-0.00689879
-0.00671909
-0.00675886
-0.00687184
-0.0070822
-0.00741081
-0.00766829
-0.00765508
-0.00761325
-0.0074677
-0.00685197
-0.0060461
-0.00542345
-0.00502266
-0.00489999
-0.00483316
-0.00450879
-0.00423712
-0.00419696
-0.00416049
-0.00409842
-0.00378565
-0.00318471
-0.00253645
-0.00187162
-0.0012411
-9.36565E-4
-9.14473E-4
-9.32895E-4
-0.00131951
-0.00211489
-0.00292144
-0.00372636
-0.0045067
-0.00474012
-0.00441977
-0.00389892
-0.00305634
-0.00187006
-4.56316E-4
9.08207E-4
0.00176456
0.00193611
0.00165945
0.00117199
4.86705E-4
-3.40004E-4
-0.00112683
-0.00181644
-0.00258923
-0.00336111
-0.00377357
-0.0038537
-0.00402972
-0.00456478
-0.00523844
-0.00577975
-0.00622873
-0.00678101
-0.00735562
-0.00767046
-0.00767375
-0.00695907
-0.00523502
-0.00345443
-0.00237055
-0.00173434
-0.0012588
-8.6817E-4
-0.00113826
-0.00267023
-0.00473734
-0.00617306
-0.00728843
-0.00899473
-0.0106421
-0.0111731
-0.0110683
-0.0110419
-0.0106393
-0.00941207
-0.00774452
-0.00614416
-0.00466385
-0.00314718
-0.00166895
-6.48613E-4
-3.30348E-4
-5.87093E-4
-0.00124319
-0.00206318
-0.00283383
-0.00339952
-0.0038262
-0.00445554
-0.005196
-0.00551645
-0.00515257
-0.00475507
-0.0047352
-0.00438507
-0.00337023
-0.00196098
-7.54153E-4
1.55706E-5
6.81805E-4
0.00142195
0.00206277
0.00236374
0.0026816
0.00294619
0.00295164
0.00330254
0.0040371
0.00462783
0.00500311
0.00543377
0.00588042
0.00607166
0.00602101
0.00560287
0.00480938
0.00421488
0.00386354
0.00317538
0.0018126
1.54816E-5
-0.00148467
-0.00242373
-0.00320235
-0.00401691
-0.0046619
-0.00502084
-0.00538877
-0.00602283
-0.00653944
-0.00654828
-0.00638578
-0.00657024
-0.00666547
-0.006153
-0.00554276
-0.00517942
-0.00490799
-0.00435161
-0.00338377
-0.00247335
-0.00192309
-0.00176076
-0.00188646
-0.0020523
-0.00223658
-0.00261962
-0.00321959
-0.00392316
-0.00466186
-0.00528244
-0.00556179
-0.00573439
-0.00629401
-0.0070796
-0.00737949
-0.00694763
-0.00622497
-0.00572988
-0.00546725
-0.00503055
-0.00449619
-0.0041895
-0.0039143
-0.00343472
-0.00298524
-0.00264095
-0.00218076
-0.00185903
-0.00178813
-0.00187013
-0.0022297
-0.00250704
-0.00250408
-0.0023512
-0.00194632
-0.00159948
-0.00145983
-9.18366E-4
1.58714E-4
0.00109511
0.00144788
0.00125721
7.19366E-4
2.68311E-4
2.08316E-4
2.45849E-4
8.51344E-5
4.8775E-7
7.49344E-5
4.91819E-5
1.08918E-4
1.35747E-4
-2.31138E-4
-5.67194E-4
-4.74924E-4
-3.36651E-4
-5.01977E-4
-6.10864E-4
-4.08568E-4
-1.18018E-4
3.88302E-4
0.00124564
0.00191194
0.0021993
0.00278621
0.0038123
0.00454308
0.00470644
0.00464928
0.00463897
0.00463391
0.00450202
0.0044247
0.00439299
0.00420046
0.00395189
0.00374737
0.00359537
0.00337144
0.00296334
0.00250652
0.00216532
0.00202413
0.00203517
0.0020963
0.00214235
0.0022757
0.00291017
0.00392517
0.00478312
0.00556322
0.00633831
0.00713874
0.00813227
0.00880692
0.00894914
0.00929772
0.0100123
0.010598
0.0109682
0.0112544
0.011404
0.0115265
0.011741
0.0117847
0.0115288
0.0110433
0.0105313
0.0101826
0.00981444
0.00917494
0.00820657
0.00714918
0.00595671
0.00432182
0.00279298
0.00216114
0.00222375
0.00208696
0.00125948
1.37792E-4
-6.55195E-4
-8.72774E-4
-9.12954E-4
-0.0012294
-0.00174692
-0.00232204
-0.00284572
-0.00341701
-0.00394459
-0.00406867
-0.00404233
-0.00425672
-0.00448881
-0.00446118
-0.00452038
-0.00487729
-0.00521679
-0.00524213
-0.00489625
-0.00482237
-0.00568663
-0.0069671
-0.0076553
-0.00722154
-0.00597837
-0.00493691
-0.00456096
-0.00447375
-0.00427849
-0.00374175
-0.00306462
-0.0029185
-0.00323056
-0.0034302
-0.00354555
-0.00347735
-0.00292548
-0.00224926
-0.00205962
-0.00213822
-0.00186687
-0.00139149
-0.00128617
-0.00166318
-0.00227558
-0.00272328
-0.00272345
-0.00286747
-0.00368831
-0.00447724
-0.00459174
-0.0045954
-0.00509297
-0.00557915
-0.00563473
-0.00578631
-0.00616488
-0.00619633
-0.00570859
-0.00532911
-0.00546855
-0.00570744
-0.00573957
-0.00557484
-0.00524277
-0.00493371
-0.00463608
-0.00425922
-0.00415315
-0.00429121
-0.00416233
-0.00392552
-0.0038454
-0.00370273
-0.00358704
-0.0037101
-0.00370618
-0.00335616
-0.00322837
-0.00362065
-0.00411068
-0.00444045
-0.00474606
-0.00506457
-0.00554274
-0.00635868
-0.00729253
-0.00787966
-0.00792455
-0.00792447
-0.0080862
-0.00796469
-0.00766583
-0.00753753
-0.00713239
-0.00604539
-0.00454531
-0.00307012
-0.00200198
-0.00155102
-0.00132963
-7.79219E-4
-1.15884E-4
2.89859E-4
5.60917E-4
7.49668E-4
8.17277E-4
0.00112575
0.00171254
0.00187148
0.0013753
8.91073E-4
7.48278E-4
7.31464E-4
7.75822E-4
8.49139E-4
0.00130325
0.00243191
0.00345795
0.00374113
0.00362272
0.00386598
0.00493493
0.00637434
0.0075664
0.00836466
0.00881615
0.00919753
0.0097406
0.0103566
0.0107861
0.0110026
0.0112679
0.0116185
0.0120014
0.0122644
0.012232
0.0121411
0.0122976
0.0125695
0.0127902
0.0130106
0.0131105
0.0131251
0.0132906
0.0135305
0.0136688
0.0136531
0.0134183
0.0131758
0.0130948
0.0128653
0.0123853
0.0120351
0.0117386
0.0108724
0.00963569
0.0089029
0.00875175
0.00849773
0.00790112
0.00727025
0.00670471
0.00600293
0.0051988
0.00453587
0.00396218
0.00325085
0.00231733
0.00134243
5.51936E-4
-3.31636E-5
-5.28888E-4
-9.77148E-4
-0.00141595
-0.00186767
-0.00229599
-0.00273229
-0.00299804
-0.00286199
-0.00247123
-0.00212362
-0.00193267
-0.00173721
-0.00134933
-9.3261E-4
-7.34434E-4
-7.94459E-4
-9.40158E-4
-7.74322E-4
-4.78202E-4
-8.53773E-4
-0.00179897
-0.00233133
-0.00208958
-0.00161817
-0.00144723
-0.00149028
-0.00139899
-0.00103574
-6.53974E-4
-5.48069E-4
-6.64541E-4
-0.00102212
-0.00169246
-0.0024236
-0.00291407
-0.00327222
-0.0038506
-0.0046164
-0.00520074
-0.00548353
-0.00566556
-0.00590458
-0.00606605
-0.00596523
-0.00563024
-0.00511393
-0.00460699
-0.00462873
-0.00529585
-0.0059659
-0.00617883
-0.00595846
-0.00553867
-0.00544279
-0.00582794
-0.00617234
-0.00629542
-0.00639602
-0.00645871
-0.00657977
-0.00688746
-0.00715676
-0.00723773
-0.00731634
-0.00730499
-0.00716793
-0.00722467
-0.00717368
-0.00664244
-0.0059304
-0.00536305
-0.00499279
-0.00463087
-0.00411252
-0.00349281
-0.0028789
-0.00256079
-0.00263537
-0.00269975
-0.00248111
-0.002191
-0.00225345
-0.00254204
-0.00269594
-0.00278803
-0.00294815
-0.00317803
-0.00337599
-0.00329474
-0.00297556
-0.00292357
-0.00305819
-0.00270942
-0.00182428
-8.77778E-4
-1.23525E-4
4.99412E-4
0.0010077
0.00151813
0.00213204
0.00250291
0.00256781
0.00277558
0.00309164
0.00324421
0.00351184
0.00423071
0.00489008
0.00513599
0.00511515
0.00507169
0.00506532
0.00527682
0.00546701
0.00539019
0.00535494
0.00553274
0.00565706
0.00553746
0.00543834
0.00534395
0.00491063
0.00468054
0.00522865
0.00592108
0.00594895
0.0054899
0.00521227
0.00529188
0.00549532
0.00558868
0.00524334
0.00462036
0.00432164
0.00431313
0.00426955
0.00403743
0.00356808
0.00291209
0.00216573
0.00150625
0.0010188
6.01476E-4
-4.93109E-5
-9.29024E-4
-0.00133573
-0.00103612
-8.58074E-4
-0.00141439
-0.0023682
-0.00314378
-0.00344279
-0.00342966
-0.00354166
-0.00370249
-0.00372222
-0.0037533
-0.00379716
-0.00394844
-0.00445798
-0.00502345
-0.00533099
-0.00570999
-0.00629028
-0.00676209
-0.00687384
-0.00684372
-0.00693539
-0.0068836
-0.00675861
-0.00681792
-0.00698147
-0.00713052
-0.00704164
-0.00684103
-0.00673491
-0.00652977
-0.00603511
-0.00541231
-0.00509235
-0.00498407
-0.00448076
-0.0035825
-0.00298823
-0.00285813
-0.00250098
-0.00167606
-0.00112812
-0.00121424
-0.00138651
-9.14106E-4
2.1793E-4
0.00115795
0.00166646
0.00219628
0.00296999
0.0040589
0.00526151
0.00616156
0.00673431
0.00733757
0.00818071
0.00895149
0.0092281
0.00931932
0.00967008
0.00997664
0.0100007
0.00983609
0.00955481
0.00932238
0.00926747
0.00942025
0.00943242
0.00903801
0.00854113
0.00812616
0.00776675
0.00730931
0.00660978
0.0058394
0.00505509
0.0045269
0.00439466
0.00425703
0.00410079
0.00391289
0.00343163
0.00291221
0.00280231
0.00302429
0.00324003
0.00333044
0.00344672
0.00380529
0.00434643
0.00484689
0.005331
0.00595086
0.0066751
0.00748452
0.00842463
0.00934476
0.0101193
0.0109614
0.0120114
0.0128722
0.0130234
0.0124857
0.0118166
0.0113498
0.0109804
0.010579
0.010079
0.0095891
0.00921514
0.00888503
0.00839657
0.00769085
0.00709228
0.00677264
0.00634983
0.00548252
0.00449158
0.00383272
0.0035239
0.00317623
0.00250706
0.00184069
0.00159055
0.00154925
0.00134588
0.00108699
9.95594E-4
9.10901E-4
3.66136E-4
-4.01214E-4
-6.79979E-4
-7.16096E-4
-9.98811E-4
-0.00139566
-0.00178778
-0.00208437
-0.00207004
-0.00182373
-0.00157574
-0.00130328
-9.28717E-4
-5.2798E-4
-1.97435E-4
-8.32132E-5
-9.55972E-5
8.07904E-5
2.463E-4
1.93435E-4
4.63277E-5
-1.61869E-4
-3.51667E-4
-4.94263E-4
-4.94318E-4
-4.99292E-4
-7.74341E-4
-9.82887E-4
-8.74154E-4
-7.88128E-4
-0.00109531
-0.00155261
-0.00175188
-0.00199801
-0.00245898
-0.00290899
-0.00336858
-0.00374496
-0.0039946
-0.00426855
-0.00461869
-0.00483815
-0.00483894
-0.00496546
-0.00535958
-0.00580906
-0.0059912
-0.00562495
-0.0048901
-0.00436303
-0.00439051
-0.00463732
-0.00473653
-0.00486732
-0.00505576
-0.00517743
-0.00532973
-0.00550726
-0.00553902
-0.00542978
-0.00535705
-0.00540169
-0.00558546
-0.00594487
-0.00635584
-0.00656367
-0.00679049
-0.00729573
-0.00766552
-0.00760894
-0.00751727
-0.00797721
-0.00900394
-0.0100989
-0.0109196
-0.0115341
-0.0121232
-0.0127338
-0.0132033
-0.0134243
-0.0136637
-0.0139458
-0.0138243
-0.013288
-0.0128688
-0.0126824
-0.012389
-0.0117949
-0.0111059
-0.0105381
-0.00989324
-0.00905047
-0.00824422
-0.00768747
-0.00722265
-0.00659513
-0.00585267
-0.00534007
-0.00541461
-0.0054664
-0.00496096
-0.00470617
-0.00488695
-0.00488706
-0.00462409
-0.00423437
-0.00398139
-0.00402609
-0.00419701
-0.00431742
-0.00421387
-0.0039414
-0.00369033
-0.00339973
-0.00296054
-0.00242752
-0.00191258
-0.00145232
-0.00102191
-5.8692E-4
-4.41716E-5
5.553E-4
0.00103238
0.00142958
0.00167116
0.00181087
0.00225992
0.00287749
0.00317418
0.00316678
0.00314919
0.00326284
0.00349134
0.00376205
0.00395616
0.00404301
0.00412977
0.00421271
0.00423766
0.00424091
0.00430192
0.00441299
0.00447168
0.00435089
0.00391519
0.00326845
0.00275921
0.00265661
0.00284421
0.00300197
0.00304052
0.00305181
0.00299588
0.00281182
0.00260095
0.00234354
0.00192517
0.00125435
4.15119E-4
-4.26654E-4
-0.00125874
-0.00179517
-0.00185269
-0.00180699
-0.00189923
-0.00201481
-0.00204045
-0.00199093
-0.00186121
-0.00155443
-0.00105422
-6.14198E-4
-5.27702E-4
-6.70083E-4
-8.02504E-4
-8.79051E-4
-8.8105E-4
-8.80741E-4
-9.30595E-4
-0.00104435
-0.00129315
-0.0015973
-0.00186466
-0.00213502
-0.00238221
-0.00248589
-0.00243676
-0.00242452
-0.00257229
-0.00277608
-0.00280393
-0.00256792
-0.0024041
-0.00246172
-0.00239142
-0.00197524
-0.00133245
-7.37613E-4
-2.99899E-4
9.38723E-5
5.66626E-4
0.00107774
0.00145309
0.00168218
0.00186003
0.00189866
0.00164822
0.00114416
6.18546E-4
2.26005E-4
-1.15709E-4
-4.27502E-4
-7.0877E-4
-9.74646E-4
-0.00103275
-9.00102E-4
-7.4517E-4
-4.45884E-4
7.80761E-5
6.67874E-4
0.00110393
0.00135927
0.00176151
0.00250628
0.00313974
0.00343353
0.00388833
0.00451351
0.00484928
0.00503643
0.00538927
0.00576584
0.006032
0.00619976
0.00616701
0.00612498
0.00628639
0.00628124
0.00599962
0.00584378
0.00595285
0.00615106
0.00629014
0.0062369
0.00595011
0.00559853
0.00519802
0.00484436
0.00479719
0.0049347
0.00497137
0.00481874
0.00460185
0.00445485
0.00432386
0.00420847
0.00419423
0.00428944
0.00439141
0.00439415
0.0043892
0.00445352
0.00448434
0.00447197
0.004511
0.00456194
0.004527
0.00438296
0.00415664
0.0039493
0.00394201
0.00410964
0.00408598
0.00370655
0.00317481
0.00268146
0.00231789
0.00209774
0.00191559
0.00173062
0.00164446
0.00165375
0.00164219
0.00155424
0.00144415
0.00128184
9.89166E-4
6.94402E-4
4.8888E-4
3.46914E-4
2.86688E-4
2.28093E-4
3.89818E-5
-2.49992E-4
-5.12206E-4
-6.85637E-4
-7.99302E-4
-9.96288E-4
-0.00132243
-0.0015801
-0.00170565
-0.00187769
-0.00217554
-0.00246586
-0.00255438
-0.00250296
-0.00254838
-0.00266107
-0.00264983
-0.00254505
-0.00255138
-0.0026334
-0.00264351
-0.00270857
-0.00285661
-0.00288062
-0.00281242
-0.00284096
-0.00292191
-0.00291289
-0.00286393
-0.0028801
-0.00294556
-0.00300683
-0.00300193
-0.00291964
-0.00287911
-0.00293327
-0.00300125
-0.00300646
-0.0029991
-0.00309438
-0.00319132
-0.00316165
-0.00306483
-0.00297724
-0.00294219
-0.00297272
-0.00295963
-0.00277911
-0.00261298
-0.00265483
-0.00270999
-0.00260764
-0.00249401
-0.00251714
-0.00258244
-0.00252241
-0.00233719
-0.00208243
-0.00183157
-0.0016972
-0.00160287
-0.00145255
-0.00128461
-0.00106493
-7.59318E-4
-4.99078E-4
-3.37931E-4
-1.42277E-4
3.81763E-5
6.82663E-5
6.46751E-5
9.93222E-5
1.37762E-4
2.49765E-4
3.68248E-4
2.66362E-4
-4.56537E-5
-2.78556E-4
-3.43681E-4
-4.07343E-4
-5.57687E-4
-7.78102E-4
-9.69285E-4
-0.00100351
-8.54885E-4
-6.2636E-4
-4.45091E-4
-3.29782E-4
-2.38029E-4
-1.19413E-4
8.5496E-5
2.90887E-4
3.46956E-4
3.1848E-4
3.83564E-4
5.41883E-4
6.51916E-4
6.75944E-4
6.52251E-4
5.85686E-4
5.12162E-4
4.79961E-4
4.67804E-4
4.28723E-4
3.70837E-4
3.27532E-4
3.32373E-4
3.78224E-4
