-0.2980447855315
-0.290247616183
-0.1359228167955
0.05308011122225
0.07734501913004999
0.120389181262
0.136567996299
0.138636807183
0.133946874887
0.11933143599299999
0.0952847260477
0.0713899211109
0.055740714207149995
0.0431281168626
0.0224947487429
-0.001987059707605
-0.014439046680449999
-0.0144828725993
-0.019029608192
-0.033230284630900005
-0.0342782820898
0.012426908426799999
0.12020295297849999
0.275850277185
0.46600808534
0.6838448689205
0.9104913584619999
1.112029980075
1.266265048615
1.3620622898049999
1.36802963633
1.251211840865
1.03747296212
0.8130162975235
0.6487396116495
0.551478531814
0.4775476684615
0.369018159377
0.198132379802
9.04018381063E-4
-0.135021487594
-0.14885827847799998
-0.07648101403845
-0.02460797394475
-0.061986834371699995
-0.18325833954749998
-0.364231141246
-0.5656576728495
-0.7146773687865
-0.7354401062329999
-0.580376964167
-0.257068973371
0.09970136662149999
0.308676665129
0.34555388598849995
0.333094242964
0.381139178777
0.49212064456099996
0.564199129795
0.5013136924705001
0.324162346144
0.15251517826299998
0.11345048605449999
0.233648143442
0.38237207081499996
0.40681485174049997
0.31354978564700003
0.20502488568799998
0.1486745999235
0.21051307929399998
0.378657507928
0.444127095594
0.2148794902065
-0.248628781982
-0.6935210904754999
-0.8271561138925
-0.4510165614185
0.345983319192
1.24300661681
2.02003456823
2.6015777392149997
2.823706207035
2.4569561296699995
1.5220705332
0.38007790311399997
-0.5340949698245
-1.000306739285
-0.9220480051544999
-0.1839555923625
0.956931534069
1.718302580365
1.559982061435
0.8003990616334999
0.09914680056399999
-0.342274836428
-0.700017505768
-1.0816627076849998
-1.4556138081449999
-1.6121004835250001
-1.412903886065
-1.12233774989
-1.0758277509349998
-1.4725842159699998
-2.3166994600399997
-3.162673064285
-3.414252863385
-2.79582688175
-1.4422816674699999
0.1042255665325
1.062269076645
1.0634880432399998
0.6876108186535
0.7456959988695
1.04646173751
0.8124249565284999
0.1535594884215
-0.0733693149602
0.29636431798749996
0.421498054586
-0.272261239418
-1.2361007738799998
-1.6470621714399998
-1.5116646968849998
-1.257907821485
-0.8980525055355
-0.273566896799
0.415941998962
0.792584436448
0.9649736735345
1.295394721775
1.66325295059
1.6402798923
1.14195889521
0.537894556367
0.02313628997925
-0.4598296016405
-0.7926387652889999
-0.6703689627564999
0.2254838131175
1.881855927735
3.469558446725
3.9007186012899995
3.15768442143
2.197318206265
1.77998935086
1.86202982343
1.75680839159
0.869388550184
-0.5688913176204999
-1.92920145327
-2.679579833315
-2.2350394854899998
-0.7186365095245
0.744218430914
1.27690624453
1.10052579896
0.9308551613865
0.7295309131425
-0.17120586863099999
-1.606440085145
-2.392560762445
-1.42422174083
1.6027400361
5.808804375779999
9.42755040829
11.2120606248
11.456756155599999
11.328651886649999
11.4285718435
11.10635474445
9.36660992386
5.95081643576
1.215992238055
-3.63587236607
-6.815679609235
-7.513992523099999
-6.61245345929
-5.72820548076
-5.878120719975
-6.78614688276
-7.028752616445
-5.605243819069999
-3.142567470455
-1.118323888045
-0.387849673239
-0.4892990752229999
-0.302346276421
0.731323470696
2.2077318879
3.548478443265
4.468363787895
4.8311245200399995
4.82990653411
4.840190767965
4.84952179544
4.329911541865
3.010634685345
1.57748987368
0.8907879353485
0.9084928612584999
1.0798494581
0.806074660321
-0.5740110753859999
-2.98755865723
-5.1470202525
-5.57970337981
-4.39946716832
-3.59230338145
-4.730487697075
-7.075938293585
-8.803364000444999
-9.226781804835
-8.707903127349999
-7.763727691335
-7.158292578955
-6.982766292599999
-6.387170192165
-5.05171138248
-3.362167783905
-1.6661508156649998
-0.17520923736049998
1.036246150205
2.1565235229299997
3.16441962865
3.660223258685
3.24806446916
2.02130354874
1.576025740835
3.759003682805
7.8529074051049985
11.31205903485
12.1623838497
9.494175807725
3.66321919026
-3.1185990371899996
-7.74869311622
-8.791974557135
-6.885532377185
-3.4249823191499997
-0.28611381900849997
1.1939066815900001
1.3050542720249998
1.0918459330449999
1.29190257371
2.251241051955
3.49859103405
4.45708712106
5.500162622325
6.6500698073599995
6.77174483657
4.445186751285
-0.5249524261625
-6.1753720494549995
-9.821928760699999
-9.87793453885
-6.317254661654999
-0.9466092504120001
3.3943679191799996
5.024312583044999
3.997413150955
0.6728675010435
-4.46983576606
-9.678458451865
-12.77687834535
-13.2526675834
-11.73101873615
-8.751198506435
-5.048939042525
-1.5545413320149999
0.594576404968
0.86131414684
-0.148858082345
-1.304685541985
-1.10691385077
1.060017469805
4.7216440601050005
9.325346482655
13.626193075249999
15.61700186515
14.157144719549999
9.96644936175
4.47101256406
-1.702119646535
-8.368464570235
-14.0208617045
-16.144246595749998
-13.774675562899999
-8.394521819949999
-2.49891878502
2.2129774649850003
4.981357494715
5.27861372752
3.5425287487099997
1.5705251908499998
0.8461413960265
1.024027064305
0.49381778341
-1.83494974012
-4.766897827195
-5.286167790014999
-1.249054377865
6.893548332895
15.5325175754
19.855524255
17.8560267732
11.39064952795
3.9278800797949995
-2.109687943195
-6.374442141129999
-9.442947829454999
-11.402250794899999
-11.7076494892
-10.0923373278
-7.293430177285
-4.70230044298
-3.5678367703649996
-4.485709790415
-7.351134467215
-11.002865167
-12.65857091975
-10.11719718555
-4.55213709552
1.28106818679
5.40164599709
6.677120470719999
5.12718728354
1.8723111152899998
-1.454552728615
-3.4179597770849997
-3.8749035758300003
-3.63304020555
-2.7305626453349996
-0.7896779415209999
1.6475848658849999
3.478878686885
3.69598320791
2.371041049685
1.28061708089
2.48191797658
5.92786299077
8.683588519339999
7.9423126718249994
4.083890151985
0.132659261742
-1.36406382707
-1.11355687548
-1.7371990142499998
-4.03961803056
-6.206525815175
-6.845677170919999
-6.37009583385
-5.310943310575
-4.1595190367849995
-3.7210264500149997
-3.7830280139749997
-2.675729742525
0.59033483271
4.480090579964999
6.043715811875
3.8695756228850002
-0.27246100087849995
-3.2878137636049996
-3.4378594312649997
-1.741155997525
-0.750048288206
-1.147437870565
-1.256109281875
0.27290720345349995
2.774882819345
4.985937200265
6.18601324537
5.221708679564999
1.3012355625149998
-4.213873375075
-8.520689275525
-9.80897417605
-7.85299860695
-2.7546065898050003
4.604456553935
12.148281887
17.4837859525
18.4354036552
14.251690632199999
7.187494821325
1.9136736036599997
1.54848180298
5.20009188097
10.01322708225
13.49127318455
14.4428810806
13.016650937849999
10.09650515405
6.871341173969999
4.546441393199999
4.111909712365
5.37524649529
6.7532357653599995
6.96930176215
5.702155095699999
2.70708258324
-1.752386573105
-5.676552874544999
-6.83980887156
-5.4261430087899996
-3.4253039772699996
-2.520655224745
-3.01079453374
-3.78017329816
-3.929419723845
-3.36790957748
-2.2592148390699998
-0.5424220905389999
2.7331761175600002
7.542491628664999
11.4660528598
11.906361638149999
8.465524907945
2.982085565865
-1.7814260250849998
-3.9735212095599994
-3.80097516414
-2.12875893545
-0.06931649129475
0.22912639519349998
-2.5123107462600003
-6.77054842527
-9.829685820849999
-10.6946029309
-10.4120341178
-10.47515952385
-11.27812802585
-11.7198097352
-9.8964396874
-4.34146083357
4.1256851136199995
11.8123845112
14.50828162945
10.8655524537
3.86878422623
-1.397964435455
-2.179577976415
0.7843153711015
4.879134936445
7.1629654476799995
6.2218742030900005
3.01222238198
-0.054820154164999996
-1.2970471423
-1.037978004595
-1.06136588418
-2.882028315915
-5.586455258335
-6.49984762
-4.513181159059999
-1.695668832165
-0.5425233932335
-0.8698991824494999
-1.197820515605
-1.0916056701199999
-0.9487921126355
-1.00661927989
-1.126708573795
-1.12065296742
-1.4256260531099998
-2.17743718472
-2.230411727355
-1.3873801181099998
-0.8206448905585
-0.690347364336
0.07624587018475
1.90426706498
4.08027640146
5.909070507375
6.807136055755
5.9036229132999996
2.4872302388849996
-3.2435161448899996
-9.9431977946
-15.68455007035
-19.263398728
-20.673192925349998
-20.0084491551
-17.07793774225
-12.22417555135
-7.059727901134999
-4.019344743015
-4.617477823804999
-7.960296106594999
-10.85710892805
-9.9812868232
-4.60739168428
2.864331235325
8.518608304394998
8.983388597154999
3.7701862058
-4.204431532455
-11.5460162839
-17.006496297
-20.608576908499998
-22.3416473231
-22.1569881036
-19.2946231016
-13.09606518955
-4.748582927655
3.5172795669549997
9.640853871775
12.3795423073
12.2085339446
10.59232937805
8.62424651886
6.732611399745
4.636028082945
2.4386431914599997
1.1092439108099998
1.54854064288
4.23793202952
8.284197988114999
10.79558200595
9.326260462435
4.263718615695
-2.889196977065
-10.49906813655
-15.95776333935
-17.60269158375
-15.819126728299999
-12.000936970749999
-8.29869515881
-6.86660063936
-8.268081739505
-10.799985191800001
-12.426123894799998
-12.685382300849998
-11.94998161735
-10.3646679983
-7.870873187905
-4.736313827839999
-2.179101373225
-2.366943831315
-6.57233053148
-13.6042163726
-20.5881398499
-25.3408150926
-28.0070274813
-29.93096472485
-31.96686449145
-33.8273330962
-34.67612807365
-34.59926355095
-34.3905682323
-34.206968130999996
-33.4794519941
-31.2665029684
-26.391391700449997
-18.3018763088
-7.58280578615
3.9680608668399993
13.60275518175
18.53748107505
16.972790840949997
9.224900889365
-2.083615983505
-12.839150572849999
-19.39005161275
-20.25201692115
-15.75341236665
-8.145643752925
-1.641461593625
-8.567072768694999E-4
-4.331912098465
-12.257890814049999
-19.03020639765
-21.405367221
-19.29292655115
-13.657593968549998
-5.682319184745
2.57867038548
9.18912721083
13.70741175055
17.23039192315
22.324642592
31.775075837400003
46.1592543111
62.89233139945
77.3303974149
84.89498244535001
82.6695887808
70.17488698254999
49.631161450499995
25.900676741099996
5.29661873692
-7.727367575130001
-12.99470365515
-12.8264117345
-9.043730875935
-2.88139774832
2.90070704217
4.89725076099
2.55149027434
-2.09263515951
-6.444920573349999
-8.586722353299999
-8.627575876535
-8.10087541501
-8.116922036404999
-8.083390158059998
-5.092619822955
3.93524389328
19.03454093695
36.557553489449994
51.140689278349996
58.704882042799994
57.93767839335
50.35248959125
39.0800298091
27.44543005575
18.817117699799997
15.9981961573
19.5764466093
27.039297452649997
35.1304995881
42.05363164205
47.46095961215
51.67417103835
53.47859463835
50.06490958
39.7053998796
23.89785480495
7.48846385182
-4.16915799307
-7.717548176485001
-2.099088915875
11.54341752165
29.24504839725
44.015461781199996
48.72611552865
40.62578340205
23.859824616250002
6.102944055215
-7.56399074746
-15.50873644915
-17.6855871962
-15.915545711099998
-14.36771310835
-17.6809584574
-27.50352465035
-40.63318742279999
-50.723553613949996
-52.986291001699996
-47.2571872318
-35.8841798672
-20.8181646323
-4.39315953104
8.583342001044999
13.067792617599999
8.54955711113
-1.333040489795
-11.606582154299998
-17.24661212225
-16.020967198599998
-10.07196891575
-3.606143506595
-0.2060403642955
-2.0057835444500003
-9.11251373837
-18.3947060577
-24.76758698015
-24.63678588245
-17.957045074849997
-7.498228333225
2.91843746537
9.187386530454999
8.631050372629998
1.55287518218
-9.47867247474
-21.15111020645
-30.99712409955
-37.831702103999994
-41.20304204765
-41.91551478344999
-41.39114340129999
-39.438315766849996
-34.686179889900004
-26.552338440249997
-15.471706538749999
-2.2273059613
11.97102668825
24.8542091196
33.60341785675
37.088858173149994
36.787568465199996
35.71161224714999
36.0569142003
36.24823213515
32.592989673999995
23.81357645485
11.492815207649999
-2.277689587005
-15.9415921735
-28.61854075535
-39.7085772342
-47.37067959225
-49.258018418
-45.147776816800004
-37.09280044645
-27.875608564649998
-19.353953334099998
-11.605415162949999
-3.6311220248100002
6.27759754972
19.64110185275
34.96114854925
47.7573263818
54.49987878264999
55.2510387527
52.77190782605
49.8693453657
47.9950395778
47.6524148401
48.73925643965
50.1205917387
49.9001186334
46.37091123805
37.40571103465
20.48025689325
-3.1152814474949997
-27.17243253305
-45.738656899249996
-55.43752200909999
-55.34780096825
-47.3118102723
-34.691926586799994
-21.535697599499997
-11.9441858872
-7.761480007154999
-7.088928182175
-6.555675897785
-4.3551528783
-0.9029088566819999
2.3193796174849997
4.49282843765
5.581562720649999
6.149247133855
7.3432567852699995
9.524405787015
11.669893886699999
11.839048792549999
8.49820556907
2.486777171655
-3.735106838085
-8.966347581449998
-13.998924228449999
-20.195481583899998
-27.857946788
-35.42159038005
-39.8678568435
-37.827779444
-27.34769698185
-8.85020350284
14.552637107399999
36.8162234965
52.46276299144999
60.48488708429999
61.8145511445
55.6044508054
40.8262999746
19.2935639834
-4.652203171455
-26.757905437549997
-44.12909143475
-54.84352341195
-58.044286485499995
-54.054264606649994
-43.95274825444999
-29.8438522529
-15.327431103949998
-4.00991761037
1.949751288345
1.472381218315
-5.395574700075
-16.56483420095
-27.92307275065
-34.6291444135
-32.8779513097
-21.9052513981
-4.404194954285
14.5905888429
29.457411403
36.7155680409
35.925867936349995
28.8405338914
18.88710776085
10.1314658613
5.53097805862
5.542260609445
9.219868116585
15.618855322
23.12310984165
29.389853391149998
31.81288047315
28.41954421355
20.179614424199997
11.14985704385
5.19112860287
3.16484719859
3.36482048273
4.430706251895
6.404990836544999
9.02463242506
11.0931451869
12.053618294549999
13.099987849549999
16.061282336749997
21.3033584477
27.3946414154
32.8650457583
36.76788651865
37.79228917765
34.0477865882
23.761473723399998
6.564352821705
-16.07599231175
-42.3350138505
-71.01565031365
-99.8905369
-124.60770789249999
-141.111024978
-147.877417345
-145.30062199099999
-134.67040952399998
-118.30458167149999
-99.33744184
-80.80258894715
-64.65623392165
-50.6951633622
-37.6683037017
-24.96552440375
-12.282858544949999
0.1368944596775
11.42083439665
21.6985076028
32.565011301549994
45.20913702585
58.89068864035
71.22092311144999
79.8803421612
83.96074212645
84.0612504823
81.80545620275
78.8729442333
76.50162761674999
75.7691787349
77.0978817434
78.4323314488
75.01182096205
62.48486509195
40.950305063849996
14.83415660895
-11.51621387455
-35.212934288
-52.956694532
-62.13613081129999
-62.60933109375
-55.75068757019999
-44.36449026135
-32.7277918849
-24.5512228612
-21.829298893849998
-24.0557320633
-28.25520437285
-32.02531212545
-35.45159872905
-39.2608055952
-42.75415987815
-44.2877336118
-41.9925460192
-34.736958723600004
-23.9310307019
-13.16261311645
-6.5714165517
-6.62451171613
-11.640954462549999
-16.8149724225
-17.97328488725
-13.9685530334
-5.849565716505
4.97815562349
16.77756005275
27.51103654425
35.71653518545
40.8249270436
42.98934295845
42.89592481055
41.549638478599995
40.026087141249995
39.3106429905
40.240411477
42.93568096965
46.25691873845
48.886679809099995
50.25236369475
50.5508094742
49.9142598227
47.049148958699995
40.60758225965
31.2183719302
20.817988112600002
11.153946416899998
2.462295850595
-6.357722783544999
-15.763071916899998
-24.53581661405
-30.19393985125
-30.87104980715
-27.04629940075
-19.8363424476
-9.293949512014999
3.49128115714
15.3588614172
22.28297413615
21.0091001078
11.2964566547
-3.3816330034899997
-17.43952854105
-26.238025501099997
-27.7752767285
-22.9431480075
-14.916699182
-6.78001772651
-0.00251121436279
5.4920113348449995
10.654130886349998
15.90451322985
20.228343668049998
21.80050656945
19.3513447652
13.36612071725
5.913658058245
-0.6210499469755
-4.05557541144
-3.220755890905
0.923002878665
5.641643161875
8.5454951967
9.655077436934999
9.611347623255
7.428246117495
1.9943283965849996
-5.790537528824999
-13.13442880435
-17.686097141999998
-18.99496129755
-18.690023515799997
-19.970742585849997
-24.9377421643
-32.2932788367
-38.18267230085
-39.129474938399994
-34.087140674649994
-24.0215068548
-11.4198831516
-0.162418717965
7.663200702849999
13.89811186645
20.51534508695
26.5542311237
29.57259050725
28.064837683049998
22.706366443249998
16.2663099683
12.386230442599999
12.88649707905
16.226396902799998
18.8046044144
17.70542604915
12.9736291643
6.457918307259999
-0.5675313313985
-7.73535018823
-15.1681220747
-23.0015760282
-30.679241539799996
-36.489367852
-38.25604565615
-34.75705254945
-26.72622995805
-17.23590326045
-9.92047578655
-6.223420711795
-5.4403116567100005
-6.585228237559999
-8.872555800185001
-10.4251946421
-8.642321155475
-2.5931528462
6.3534058962149995
15.76592565205
23.925019225449997
30.35569073635
34.142616893699994
32.85295415885
24.62005573755
11.23511605895
-3.008108492305
-15.230462948749999
-24.87724494045
-32.032980925749996
-36.6212280679
-38.5261894437
-37.0503278453
-31.4275870013
-22.372185231199996
-11.74013892065
-1.3406681021649998
6.948728391114999
11.4053693096
11.774167996149998
9.48306585394
5.966253083524999
1.7965223820949998
-2.4823533918400003
-6.1483223667599995
-8.41522561943
-8.465779880845
-4.996012552474999
3.50137023866
16.3684364214
30.458866501
42.4877426176
50.17275331005
52.8770056941
51.94053926565
49.20242451914999
45.9537265404
43.0667468469
41.39311453795
41.29261598874999
42.106734651800004
43.000483312849994
42.8406251112
39.99947189315
32.94027257045
21.216853988049998
6.889662938164999
-6.782714555259999
-17.79558838925
-25.1956570593
-28.53394859245
-28.90010929015
-28.4213584438
-28.67283036975
-30.153938525899996
-31.814145531
-31.672557118300002
-28.40567761045
-21.794495093
-12.56166160445
-2.62036826128
5.204768672355
8.89499243472
8.731967665785
6.64115360118
4.375033899845
1.8267788393399997
-3.49531365162
-13.5191927171
-25.9317049817
-36.1336610432
-41.25931260535
-40.8204552112
-36.1012402583
-29.291237718749997
-23.18626466765
-20.613970566000003
-22.236990754300002
-26.8803022362
-33.286251182449995
-39.17957711325
-41.05865873969999
-35.74879906395
-21.451281956299997
1.002640721985
27.03378611535
48.9387923472
59.45521825425
56.13705977355
42.78236380355
27.0019046962
15.20896677195
9.59462434301
8.749148916585
9.29034164548
8.23928255045
5.4348375846799994
3.80274820646
6.439750507469999
13.40489621135
21.7734304088
27.3946021888
26.55259341315
18.0360964805
4.566959846994999
-8.6283417759
-17.35383803335
-19.97768569405
-16.402730276449997
-7.83026483092
2.82305210348
11.53745507845
14.708141156449999
11.11361166545
3.2263015514799998
-4.34984748065
-8.480548695744998
-8.95568383024
-6.87934732303
-2.931275350885
2.229164321475
6.86009098509
8.73429086117
6.610313648259999
0.848268164212
-6.849857745815
-14.28115961545
-20.26376528785
-25.402508727749996
-29.68244460055
-30.56004170905
-25.1353853884
-13.35398008455
0.8757833685824999
12.33455920375
17.91505299955
17.30249041395
12.4428148131
6.31302897617
0.532070583065
-5.601295661779999
-13.1669574624
-21.873713211699997
-30.3527193214
-36.6479413825
-38.752409245900004
-36.22965834005
-30.99310337305
-25.400831790599998
-20.03446619755
-14.18519173855
-7.694483916349999
-1.5945142180799998
1.94736925306
1.4742062358799999
-1.306858695625
-3.35439012979
-3.4436002441749998
-2.480748043235
-2.2460729474049996
-3.517997413735
-5.431408199175
-6.34902526566
-4.566347912035
0.852575244892
9.603019816075001
19.6632943017
27.642582947349997
31.79926884295
33.561494428
35.03762080595
36.9391988875
38.8717561764
39.76546561085
38.1744445215
33.16733574455
24.97158491345
15.41023845655
7.7842775264099995
4.84329261136
6.8519455816
11.80056749795
16.9849412803
20.8900473768
23.8235105913
26.850450793599997
30.58057683415
34.720101092250005
38.22293840575
39.5920350056
37.37527119305
31.130416086349996
21.9060359301
11.3971709502
0.7858346173195
-9.032247288785
-16.85142374055
-21.4028763319
-21.79966319755
-18.0558470736
-11.798478681499999
-6.412651791525
-4.741985994199999
-6.969045808584999
-11.3836573865
-15.96582440565
-19.73208795145
-22.84544435355
-25.1770636509
-25.996517131549997
-24.89534801635
-22.1268620748
-19.070060623249997
-17.44782496695
-17.47067446145
-18.117138636099998
-18.439002695750002
-18.37369040675
-18.53977583115
-19.142776933
-20.024335928099998
-20.9406300775
-21.18188347415
-19.96901661545
-17.1565968819
-13.894816832050001
-12.02717956615
-12.24045459035
-14.05550859895
-16.41571428105
-18.08217792885
-18.251440707849998
-16.499492492
-12.63287749675
-6.775125188825
-0.403003889484
4.063523701265
5.722122415765
6.13426747598
8.236345458774998
13.8662500606
22.2702352978
30.652184992449996
35.5433987797
34.981105082
29.3217069803
19.979882383649997
8.641371871755
-2.95967246729
-13.01121805375
-19.47784074355
-21.3102034894
-19.657361278449997
-16.77440231145
-14.060853223199999
-12.092707601449998
-11.9881000659
-14.3790201758
-17.2137696514
-16.9294944812
-11.747719461099999
-3.169304321015
5.00406675412
9.244818195515
8.54736826685
4.250156018745
-2.165519162975
-10.5742557221
-20.47225466685
-29.849373396849998
-36.42608553955
-38.172365511699994
-34.1243569114
-25.5725266188
-16.08358265885
-9.876385088149998
-9.22926975194
-12.4500128942
-15.307229404949998
-15.38264254345
-12.97867958905
-8.590640109974998
-2.03932424878
6.191643243134999
14.58234145025
21.8979160239
27.9244947149
32.7464637465
35.89940959465
36.73966297995
35.2521216614
32.0759438594
27.629324356549997
21.7452068701
14.331781542749999
5.81160515502
-2.4590371008
-8.20879759826
-9.89089893015
-7.695432219405
-3.22555624608
1.1292700707749999
3.69922136374
4.183159927939999
3.6070496410549997
3.9041264121649997
5.826369066594999
8.5976665747
11.32947564525
12.9369719066
12.399989172549999
9.804087522355
5.70780176477
1.066081902165
-2.0682156203449997
-2.068086172565
0.9700538124339999
5.4633729748499995
9.2495342135
11.05353612755
10.683570449649999
7.611279394425
1.1091585929549999
-7.15424929716
-13.087523597399999
-13.4604704969
-8.449763660064999
-1.6160711961099998
3.100844097365
3.67960610241
-0.1331557724315
-6.24899155167
-10.933679251249998
-11.745934650799999
-8.339684994479999
-1.679503550305
6.580878007619999
14.467338865699999
20.07530108815
22.436399175400002
21.726231002349998
18.6450306056
13.9338571057
8.774728582444999
4.688200441609999
2.2115564813999997
0.6807189011665
-0.02329492234965
0.956303712336
3.33796202971
5.18198684374
5.020070226254999
2.7249238215849996
-1.72078268215
-7.97185324362
-14.0991383848
-18.11297080985
-19.746248754049997
-19.67605275335
-18.42050735385
-16.01336704485
-11.94086143285
-6.00330751055
0.811896083894
7.174310761065
11.8119922452
13.6908483187
12.61157745295
9.188220095704999
5.284859582905
2.9577474218949997
2.923718346395
5.62616140352
11.11835808405
16.8842465981
19.555215212049998
18.31434056095
14.79898996205
11.643494384899999
10.98945947645
13.1645842531
16.8059110779
20.26433407355
22.2054329546
21.6734614187
18.6837864864
13.7827170159
7.568312538114999
1.09757791997
-4.3465936341799996
-8.045131474415
-9.8670393507
-9.790801472935
-8.074294490185
-6.0110253441
-5.581844171505
-7.412069067655
-10.418143660750001
-13.272516243
-15.410836662200001
-16.9924924008
-17.94600278695
-18.252048720149997
-17.810416044049997
-15.507638104349999
-10.80858562385
-5.45130883402
-2.2541908922749996
-2.9646679747999998
-7.097562937499999
-12.2281276313
-15.932874061649999
-16.580711167300002
-12.7669638222
-5.1658500011649995
2.90941927003
8.22294074889
9.117497477899999
6.49045873329
3.446328454205
2.414009867325
3.4680737199149996
5.356869813855
7.243147560074999
9.52575027873
13.274556026199999
18.32310770605
22.5185985157
23.436657862100002
20.582638319249998
16.389716851899998
14.302400819349998
15.644068219149998
19.433838305000002
23.73271081895
26.276330276
24.8597400702
18.35358677425
7.97688797773
-3.3421435852699997
-12.60606611565
-17.920250524049997
-19.3245726107
-18.1883741417
-15.8716903723
-13.5181139856
-11.692753187849998
-10.30570061185
-9.180354181739999
-8.065117427115
-6.90369331232
-5.396665199555001
-2.9673442095850002
-0.006788032701555
2.573275747315
4.81605562165
7.142395999304999
9.19566236239
10.14489116515
9.370958192469999
6.93280925617
3.596887990325
0.442222840297
-1.66082286272
-2.4443849850349997
-1.9188828961399997
0.0404787326853
2.9268731457
5.5583288054699995
7.389288219705
8.123912216525
6.91140722321
3.8462044146049994
0.680838051964
-1.06285453365
-1.223833635395
-0.596808006242
-0.352036179705
-0.9432635156314999
-1.5620032119999998
-1.21764661991
0.043521530240649996
1.09768383179
0.5945976853985
-1.870231124825
-5.062890963479999
-7.19831842093
-7.107506880599999
-4.37633916496
-0.0547320512214
4.075058282995
7.12557465256
8.99452600956
10.0436375039
10.40855275705
9.666486493545
7.340473658
3.212885073615
-1.63601203822
-5.225939268375
-6.675144430744999
-6.712900033245
-6.14639045671
-5.0833162541000005
-4.05162921548
-3.7097458605199995
-4.20351461068
-5.614228671799999
-7.4745629254449995
-8.528140368195
-7.8525318104099995
-5.93108937862
-4.14410396365
-3.5346422407799998
-4.61452308016
-7.356604616585
-10.96474671845
-14.012182819249999
-15.1317001766
-13.8549920264
-10.6937791723
-6.980592158295
-4.099565101345
-2.24924736001
-0.6951252622824999
0.709256742999
0.841918750603
-1.215362651125
-4.676037253615
-7.97298689236
-10.22456038975
-10.809948748199998
-9.336182830905
-6.393530785355
-3.44608426862
-2.6575187934749995
-5.515113840915
-11.43952587155
-18.44043446665
-24.28472714745
-27.47890995885
-28.06201336785
-27.09276330845
-25.6013189432
-24.23643920285
-23.250135379099998
-22.5677298322
-21.37338773535
-18.745489928199998
-15.040007999099998
-11.537278558749998
-9.027659737915
-7.07981878499
-5.288894038715
-3.932687299625
-2.4834380073299998
-0.06386344472235
3.1034958155249996
6.414101214395
9.62677250304
12.18328182085
12.810623028
11.0384044666
7.704848564734999
3.696966814905
-0.414866209457
-4.737167987055
-9.31082185334
-12.889899986599998
-13.978967695699998
-12.567810373999999
-9.816662589649999
-6.56875698822
-2.9113394121
1.926295742875
7.872330456095
12.6428900864
14.3370673271
12.8248818971
8.704220730275
3.40793051613
-0.6926333925175
-1.70877541989
0.11212678443749999
2.95339424996
5.60243715584
8.042726883835
10.116177293949999
11.56869906535
12.69669917495
13.79345529765
15.0737232618
16.64481723835
18.1982788582
19.117868041999998
19.065529950949998
17.8391789485
14.9760098012
10.42828373685
5.442609354805
1.9452667073
0.39299983161950003
-0.49948641937599997
-1.6424912918749999
-2.90403541918
-3.4968876189449998
-3.15794135566
-3.1844261753149996
-4.88906416957
-8.552797228289998
-13.08388533025
-16.808352933749998
-19.261241265
-20.34974999505
-19.56023621685
-16.4566962714
-10.9164881938
-4.30043765529
0.7869776804435
3.035857389145
3.1485161843449996
2.2615507830999997
1.28139965156
0.920388621908
1.1370859708249998
1.425462282055
1.60614098232
1.3791189961499999
0.07996827839175
-2.12320052623
-3.92627276986
-3.617956597185
0.165578812861
7.02205565516
14.880944136099998
22.06450158745
27.677239648449998
31.019277321899995
32.1152685259
31.142429232599994
27.589538777499996
21.4032685979
13.898190319649999
7.3235277668
3.48117638498
2.6967895234
4.247299341600001
6.925591561769999
9.7057787981
12.0330341362
13.786933875399999
15.194325443499999
15.96806032185
14.9342726988
11.622066854649999
7.088431965685
1.870272312755
-3.81272156951
-8.31634712881
-10.282527497899999
-10.269082580749998
-9.341880494555
-7.434949943435
-4.1279553530949995
-0.010076136741999999
4.1642507454099995
7.744043783454999
9.380293142605
7.8834610038449995
3.65695666357
-1.2191038881
-5.064319792385
-7.7443193503200005
-9.323549904375
-9.492444934
-8.213939224855
-5.482214491494999
-1.472540086045
2.8394448996199997
6.862023875805
10.5417368707
13.1798630138
13.844567557449999
12.4486399632
9.47111939291
5.10376900334
-0.26457949434
-5.901158502155
-11.03229492365
-14.61442880905
-16.062312035
-15.8434864469
-14.57171104165
-12.5406067269
-10.2374365212
-8.29112638634
-7.018018257355
-6.092681395990001
-4.984131796
-3.5211296577449995
-2.017362256105
-1.2611675519449999
-1.913403920785
-4.116373699445
-7.016475671309999
-8.97519906374
-9.008372999359999
-7.421871794995
-5.30567812019
-3.7439946049799997
-3.200873888695
-3.30810862578
-3.254435849665
-2.41829047005
-1.0595026206799998
0.27624774070950003
0.9909423692
-0.197884859956
-3.479855429225
-6.910353008334999
-8.194159211805
-6.71090830263
-3.57157016202
-0.01808657130805
3.2565903706699997
6.05998994755
8.778273686419999
11.71352367255
14.82644858205
17.86050841225
20.2341982381
21.776990222749998
22.6159589369
22.82353629745
22.75490936075
22.73882645475
22.821682840599998
22.916768119
23.026563372400002
22.94127493735
21.7958287974
18.978260572599996
15.0426557946
11.0040811916
7.450520942305
4.60336507379
2.4823023972600002
0.798137942343
-0.8237597767979999
-2.2391386651899996
-2.93168428819
-2.61587289292
-1.33920004666
0.34742528900799996
1.7914444987249998
2.5301353133
2.1113943002949997
0.5605578225835001
-1.29924187057
-2.7313697326299997
-3.46314783962
-3.2068726165
-2.034792595815
-0.1882687531655
1.7708211137749998
3.14800329655
4.268966154109999
5.213677033214999
5.117569901885
3.845566982355
2.0522503941449997
0.13236643517299998
-1.4526512191799998
-2.13453701363
-2.08350516836
-1.8954616739449999
-1.82826160482
-2.206591374505
-3.465214100775
-5.216847523159999
-6.717313025745
-7.996747424644999
-9.520040847099999
-11.0645489955
-12.15613701365
-13.138518177399998
-13.96799405435
-13.806978668
-12.9114942299
-12.79400075625
-13.848372537649999
-14.90205785355
-15.2028964556
-14.952238481599998
-14.65946094585
-14.583155402200001
-14.92531922735
-16.2336342105
-18.744489649899997
-21.833584399899998
-24.298289744399998
-25.41009907485
-25.49790781895
-25.30999279165
-25.29636154815
-25.006967306649997
-23.529213024799997
-21.13128116015
-19.3633677181
-19.289837456399997
-20.68447057285
-22.7201447865
-24.331701000949998
-24.279715949299998
-22.1378455228
-18.229405165299998
-13.09500607135
-8.54074681677
-6.49170613917
-6.206214944369999
-5.668986063405
-4.556733472375
-3.252382337155
-1.387718447535
1.3254187614150001
4.6735257705499995
8.184633031994998
11.41979489175
14.0709932993
15.4464348017
15.033064890899999
13.46881595605
11.85899551865
11.311823675249999
12.3645773594
14.239569612799999
16.0775711824
18.032124787249998
20.145869741549998
21.711942713299997
22.168050004799998
21.0144937653
17.838345383249997
13.260287350449998
8.72861477215
5.575969988154999
4.659279650095
5.75808242065
7.520185422575
9.110540640390001
10.57395171595
11.21291380335
10.265287407199999
8.46030286682
6.871922708314999
5.608243673305
4.39554843098
3.15854348397
1.8467667533699998
0.857223400859
0.5931086436625
0.747132378895
0.8653255570225
0.8606263084089999
0.8802320572885
0.5666585395485
-0.503678958384
-2.2271745521899997
-4.727475094195
-7.7832743061150005
-10.47100150425
-11.7734324974
-11.0527221756
-8.834960046079999
-6.158368299019999
-3.46209460541
-0.9423024639315
1.2055599237849999
3.3000004875599998
5.298167206955
6.3832642034700005
6.180673524445
4.729526645375
2.1785610268099997
-0.46797608386199996
-1.401373226995
0.1122564283505
2.9368249341199997
5.78902632406
8.376123563885
10.51619054745
11.37293871805
10.2750548306
7.809763048429999
5.640181971025
4.9756451210899995
5.777198523495
7.27013251888
8.417272267285
8.756602951249999
8.642782068025
8.07856332493
7.009592383675
6.206699392879999
6.090016929185
6.6072892774
7.724958081224999
8.701395434410001
8.55608834003
7.082438141205
4.752327106625001
2.39834374395
0.9663528807905
0.8121930292559999
1.71613629138
3.04813237295
3.734020261265
2.981989460695
0.8675117535069999
-1.69403210228
-3.6409600560899995
-4.208473833585
-3.2796310948449996
-1.9077062571349999
-1.2499389376949999
-1.6243862546449999
-2.81155478702
-3.9870033919799996
-4.09430971761
-2.934935192665
-1.228307429125
0.209426306341
0.432844544769
-0.6288702600180001
-1.755338374755
-2.640890637735
-3.63755322588
-3.9315458055650003
-2.624513532235
-0.42651552899199996
1.538663385
2.7762292723899997
2.771003308605
1.48516418659
-0.5870568618809999
-2.906350769245
-4.96226885049
-6.331440961545
-6.952821686825
-7.620246595185
-9.00262630246
-10.794768053999999
-11.9094899595
-11.45282368895
-9.60078291921
-6.357516843895
-1.6911558118349999
2.625033284685
4.505032813575
4.0666559452749995
2.553760513815
0.577815074921
-0.9971156553749999
-0.9801843760835001
0.3352343481935
1.98301642581
3.8046389285799997
4.95198951996
4.635433799955
4.39435398101
5.284057398935
6.236242906669999
6.529131257565
6.4178963879449995
6.174128566235
5.56176113297
4.286011092475
2.60586422593
1.2536448707299999
0.8880201064525
1.66641265322
3.5426817324499997
6.172675220705
8.410876370154998
9.03652200752
7.654924870915
4.547195524585
0.4863683578705
-3.426371921455
-6.45023577765
-8.071662385325
-7.869394345085
-6.271840065505
-4.486406062565
-3.6198728165949996
-4.053307133295
-5.765206951875
-8.73177447478
-12.37633553275
-15.398882355849999
-16.9180599273
-17.224351026749996
-16.9794495563
-16.16105519385
-14.34215697845
-11.45770740065
-7.923470174515
-4.41935113186
-1.56315255138
0.4956268161355
2.142461767495
3.8634405826449996
5.606141127545
6.626640739845
6.207192667375
5.005783898535
4.904257612415
5.85726099476
5.803121422105
4.52911892664
3.64357450898
3.677051470085
3.922527610225
3.974647993645
3.9093209946700003
3.416892813565
2.102091712105
0.15757717486
-1.9818965063799998
-3.6533174157549997
-3.91631509745
-2.6717913918850003
-0.8948002281294999
0.4853319910985
1.227758256725
2.0040565933849996
3.12070746694
3.8421787847799997
3.751442755655
2.8687687444499996
1.607395252855
0.8639771426474999
0.818763288623
1.264091894975
2.3501754404799997
3.5455972494949997
3.995565578095
3.9574020189550003
4.508157212264999
5.758736524205
6.68295346614
7.25033485386
8.11272969353
8.506404909134998
7.665488594295
6.611389437764999
5.93438637435
4.8817042787450005
3.2366828711699998
1.72316177544
1.08366620628
1.2051441218249999
1.44825391732
1.20131658633
0.07356697779759999
-1.73141897474
-3.7324443326099996
-5.644006564524999
-7.237238072785
-7.64841815864
-6.242253402455
-3.92418395341
-1.9921846628949997
-1.02302188268
-1.1806225934999999
-2.319597325115
-3.965041399305
-5.508806203635
-6.326537636545
-6.023000244415
-4.42514097802
-1.875889561875
0.526014584424
1.9643798681499998
2.16115422306
1.02574813138
-0.8312974621875
-2.566416976305
-3.64304298855
-3.8614684653299998
-3.234704869865
-2.0099719646649996
-0.818842134089
0.2759961020705
1.385111839965
2.02363753144
2.05570527694
1.518715678235
0.39536980472499994
-0.6411547562734999
-0.7639277380174999
0.17172571914749998
1.615470048465
2.988210799455
4.34611310833
5.892236411985
7.186411186499999
7.48515704944
6.638610736835
5.14201689967
3.5498700069
2.0441844245199996
0.624372538062
-0.178849563907
0.268758304038
1.5269287476099997
2.41366369258
2.5178858267849997
2.66977416398
3.63476813728
4.944794380855
5.50236617658
4.472118754179999
1.59123683565
-2.308937496565
-6.039547004959999
-8.93849865678
-10.062103425850001
-8.737883037065
-5.927042174165
-3.2830232150799996
-1.73275267914
-1.4398300049700001
-2.2878875223399997
-3.831461096995
-5.44831584444
-7.0314553291849995
-8.699591991475
-10.09854493725
-10.93061957645
-11.4534022813
-11.638414540200001
-11.2484040697
-10.4841326086
-9.439658679045
-8.33130227006
-7.732603345565
-7.686604273074999
-7.809808159019999
-8.15644970056
-9.009072213505
-10.0101968274
-10.488594634350001
-10.478778177699999
-10.2687981879
-9.379975407144999
-7.4349195428199994
-5.285232235605
-3.6105251178149995
-1.995158039175
-0.5161568417775
0.1437334212545
0.059459140914249996
-0.4438867346025
-1.5415877280299999
-2.1370955686149995
-1.2988947151599999
0.6720286402025
2.281567136415
2.7426405154749998
2.830939592075
3.3239855921299997
4.007452218559999
4.664583086415
5.191122718879999
5.79777973985
6.837007111655
7.826346093579999
8.37475749754
8.55075744509
8.30068590876
7.938251738060001
7.780265625895
7.917943146574999
8.726497516415
10.24354606415
11.830252227499999
12.8183310549
12.8028169346
11.6757778767
9.70734001678
7.39247636162
5.102140118775
3.2698901494
2.4080081975249996
2.32414663005
2.640720002025
3.45711086588
4.214430392795
4.06805927689
3.2550036547
2.47091099262
1.8332698609749998
0.8245589207064999
-0.7983251512915
-2.130364284055
-1.973095038005
-0.3709674271975
1.831408558805
4.111795955224999
5.93222891135
6.770586671205
6.56985141036
5.099383469459999
2.455690091155
-0.1059736999615
-1.55072752583
-2.25913442454
-3.097596134885
-3.8100139534449995
-3.6629995212999997
-3.0878159628399997
-2.702960848245
-2.3369099850249997
-1.940507540055
-1.82001225084
-1.9814601104549998
-2.19248254715
-2.47469243686
-2.753725952635
-2.869373814755
-3.16037732752
-3.938047614515
-4.5678787301
-4.200902119119999
-2.910165556095
-1.230947379305
0.4310817994315
1.6941988153299998
2.4415596891699995
2.8415690200099997
2.70629216725
2.018142865445
1.2918447144749998
0.635729227161
-0.02078761691755
-0.6124220563055
-1.404795747845
-2.5701464453
-3.66234639841
-4.10501073409
-3.9596359738249998
-3.71361948727
-3.59273291272
-3.534421591155
-3.381414315195
-3.103466395575
-3.0228763265399996
-3.36203147147
-3.76218790206
-3.6624366195899998
-2.94973636951
-1.908092639145
-0.6590258068345
0.6834883971929999
1.74042344077
2.2822261432949995
2.48565823289
2.60924359752
2.660150898335
2.58546639393
2.4557067624599997
2.3723217981749998
2.155155495255
1.531256422255
0.6515144032669999
-0.330062026784
-1.36427957337
-2.1096722525550002
-2.2995819524649996
-2.169775249075
-1.91118271456
-1.4223378833649998
-1.0923186135749998
-1.4476802282949999
-2.20803001006
-2.843790226235
-3.333936399885
-3.6353379036449995
-3.33984686784
-2.565438272635
-2.0537057010049997
-2.019751156045
-2.0917917876099996
-2.20419953257
-2.312205072345
-2.03171821104
-1.465628359125
-1.0383996905450001
-0.629885248293
-0.10381456983099999
0.25035347751750003
0.32055604867299997
0.297174249211
0.41510921824399993
0.87161112934
1.6319844470649998
2.42514139574
2.93697007254
3.165194354
3.362440408775
3.4007108604
3.0711760391199996
2.65658814239
2.4684652141099996
2.43639158462
2.411701381915
2.3593034703
2.346236109175
2.4830663352949998
2.647961232385
2.6119247356299997
2.298979824155
1.85497491942
1.56879137513
1.502016914615
1.4842943367349999
1.4184456239799998
1.32605129034
1.244313843255
1.17419923775
1.103590377085
1.041649614355
0.9461641265684999
0.7328537003619999
0.48777620054450005
0.30885651908999995
0.1184418747715
-0.058438425555649993
-0.11531826061349999
-0.09415589237284999
-0.0595718291294
0.044886380561049995
0.270481528576
0.514185410928
0.6153161948535
0.560559097448
0.46348032323599997
0.39689679819650003
0.351736096215
0.299990719091
0.24076149508599998
0.234079047643
0.3003183592675
0.347921897764
0.3439346119405
0.297012635619
0.16421676724249998
-0.041264784716049996
-0.208144969452
-0.2337780815545
-0.1670334332555
-0.1190079146095
-0.1054918011805
-0.11910519657749999
-0.1693409380005
-0.236477754233
-0.31114078207449997
-0.41382621422449994
-0.5398535327709999
-0.6440634086635
-0.6900340418685
-0.6897665164565
-0.663488911316
-0.6237295160215
-0.610104450711
-0.6495947515295
-0.717480795822
-0.775117027601
-0.794979612644
-0.7677413480694999
-0.706948845988
-0.6309781013689999
-0.5554348286234999
-0.494868860157
-0.4556755047005
-0.427954949079
-0.3991689990015
-0.36927960466599996
-0.3406268288955
-0.31102614233599996
-0.280219335893
-0.24931662041299996
-0.216149745581
-0.179610167681
-0.14269381828799999
-0.107883152783
-0.0739847999275
-0.038475224283649995
-0.001230538442
0.036490162190649995
0.07384343706775
0.1098494841745
0.14381717004550001
