1.0356E-4
2.46939E-4
5.15671E-4
5.5465E-4
4.60596E-4
4.11191E-4
3.57638E-4
2.95187E-4
2.299E-4
1.99041E-4
2.34036E-4
3.26398E-4
4.67228E-4
6.60226E-4
8.57248E-4
9.31919E-4
8.32935E-4
6.76713E-4
5.2903E-4
3.40245E-4
1.65972E-4
1.18518E-4
2.12297E-4
4.75054E-4
9.88755E-4
0.00165923
0.00209352
0.00198144
0.00143984
5.70881E-4
-6.57125E-4
-0.00192117
-0.00285062
-0.00321877
-0.00263049
-9.36028E-4
0.00140627
0.00356754
0.00489923
0.00550681
0.00576853
0.00559293
0.00439086
0.00157521
-0.00236071
-0.00572238
-0.00707122
-0.00643604
-0.0047547
-0.0025991
-1.59125E-4
0.0021987
0.00361313
0.00292973
-2.11256E-4
-0.00443308
-0.00743833
-0.00816276
-0.00729073
-0.00567358
-0.0035869
-0.00114399
0.00204317
0.00661932
0.0115183
0.0140133
0.0124207
0.00656884
-0.0019287
-0.00914523
-0.0125555
-0.0133367
-0.0127958
-0.00987858
-0.00374069
0.00357189
0.0081349
0.00738354
0.00139186
-0.00730716
-0.0141846
-0.0161521
-0.0141573
-0.0108138
-0.00759418
-0.00459362
-0.00104623
0.00374102
0.00941174
0.0145813
0.0168173
0.0137796
0.006208
-0.00200948
-0.00662458
-0.00573002
-6.91714E-4
0.00520054
0.00958225
0.0130358
0.0160111
0.0158401
0.0103558
0.00156643
-0.00623117
-0.00923205
-0.00683539
-0.00260662
2.2916E-4
0.00161375
0.00216653
4.83003E-4
-0.00479864
-0.0109186
-0.0136735
-0.0118363
-0.00633299
6.15865E-4
0.00599212
0.00861811
0.0101202
0.0119341
0.0126059
0.0098956
0.00460889
1.62679E-4
-0.00134088
-0.00145405
-0.00382622
-0.00912298
-0.0122478
-0.00766046
0.00309906
0.012094
0.0136288
0.00885354
0.0025169
-0.00130199
-0.00194115
-0.00180111
-0.00252804
-0.00293523
-7.97223E-4
0.00434383
0.00947235
0.0100328
0.00448549
-0.00434391
-0.0117939
-0.0146984
-0.0129512
-0.00828391
-0.00252164
0.00330661
0.00818126
0.00988224
0.00689179
0.00118902
-0.00342268
-0.00539357
-0.00556956
-0.00440118
-0.00170163
0.00192283
0.00490789
0.0050017
0.00230994
5.84947E-4
0.0013823
0.00208256
0.00128788
5.32953E-4
4.3567E-4
-1.59631E-4
-0.00165733
-0.00406057
-0.00797666
-0.0125341
-0.0150159
-0.0137278
-0.00908571
-0.00344392
8.20973E-6
0.00125177
0.00344556
0.00766575
0.0114078
0.011925
0.00850492
0.00218125
-0.00460255
-0.00967579
-0.0130392
-0.0154111
-0.0159175
-0.0127161
-0.00556049
0.00306756
0.0093752
0.0114904
0.0104924
0.00803871
0.00500105
0.00109999
-0.00431218
-0.0100146
-0.0130805
-0.0110256
-0.00367348
0.00611296
0.0145588
0.0195061
0.0204347
0.0177532
0.0113255
3.63074E-4
-0.0127325
-0.0223215
-0.0249364
-0.0204177
-0.0108666
-1.66199E-4
0.00861133
0.0134759
0.0135282
0.0104227
0.00721112
0.00636762
0.0074146
0.00730856
0.00546884
0.0036815
0.00246644
0.00190525
0.00219209
0.00249183
0.00155531
-9.40527E-4
-0.00367301
-0.00467802
-0.00297823
6.58499E-4
0.00376841
0.00521249
0.00657657
0.00869477
0.0105746
0.0111353
0.00914997
0.00365961
-0.0043463
-0.0122134
-0.0169648
-0.0158958
-0.00799514
0.0034406
0.0124443
0.0155756
0.0131465
0.00725965
3.29919E-4
-0.00579834
-0.0102109
-0.0120194
-0.00983416
-0.00346585
0.00571342
0.014426
0.0170165
0.0114728
0.00303438
-0.0022436
-0.00337622
-0.00340306
-0.00516698
-0.00863736
-0.0119092
-0.013401
-0.0132059
-0.0128093
-0.0128839
-0.0130782
-0.0137668
-0.0155075
-0.0178746
-0.0203203
-0.0221142
-0.0219482
-0.018495
-0.0107384
8.76664E-4
0.0145755
0.0284734
0.0409831
0.0504172
0.0546371
0.0517768
0.0414917
0.0260019
0.00854822
-0.0079898
-0.0214831
-0.0306533
-0.0339011
-0.0305762
-0.0231176
-0.0156859
-0.0105229
-0.00663337
-0.00169157
0.00514742
0.0121691
0.017988
0.022351
0.0226157
0.014749
-5.48529E-4
-0.0168163
-0.0285475
-0.0348288
-0.0355534
-0.029502
-0.0182706
-0.00644287
0.00335966
0.0108318
0.0155836
0.018585
0.022695
0.0283198
0.0321076
0.0306764
0.0223717
0.00845764
-0.00597486
-0.016327
-0.022159
-0.0253558
-0.0265924
-0.0240603
-0.0167343
-0.00753509
-6.7768E-4
0.00331625
0.00702055
0.0116788
0.0167201
0.0218036
0.0265199
0.0291533
0.028037
0.0232531
0.0158371
0.007032
-9.50245E-4
-0.0047228
-0.00238522
0.00406724
0.0105146
0.0131405
0.00986051
0.00134061
-0.0101061
-0.021715
-0.031155
-0.0367644
-0.036119
-0.0286011
-0.0182595
-0.0096437
-0.00425292
-0.00226191
-0.00328457
-0.00475415
-0.00410301
-0.0019845
2.94776E-4
0.00270319
0.00398822
0.0028382
0.00151408
0.0030709
0.00706699
0.0110807
0.0133705
0.0135122
0.0117691
0.00847175
0.00443453
7.9767E-4
-0.00145269
-0.00193564
-1.59254E-4
0.00401051
0.00839348
0.0106748
0.0105626
0.00815779
0.00309262
-0.00422801
-0.0120773
-0.0181704
-0.0208579
-0.0195795
-0.0150589
-0.0103427
-0.00894664
-0.0117452
-0.017396
-0.0228617
-0.0234729
-0.0164949
-0.00435897
0.00799055
0.0174758
0.0238225
0.0279878
0.0300018
0.0283932
0.0228638
0.016174
0.0113753
0.00921217
0.00846985
0.00724414
0.00430423
-2.37637E-4
-0.00518881
-0.00967394
-0.0128752
-0.0125795
-0.00754174
-0.00101142
0.0021235
9.78873E-4
-0.00197312
-0.00481818
-0.00712654
-0.00878176
-0.00944464
-0.00825985
-0.00463309
2.47571E-4
0.00431903
0.00643186
0.0068058
0.00666187
0.00725889
0.00821556
0.00787051
0.00559273
0.00139847
-0.00450833
-0.0110696
-0.0169702
-0.0208427
-0.0221791
-0.0212853
-0.0175265
-0.00991048
4.52485E-4
0.0096377
0.0139341
0.0133274
0.0107814
0.00853088
0.00771075
0.00842933
0.00807
0.00479519
4.44815E-4
-0.00304834
-0.00603499
-0.008997
-0.0106553
-0.00918832
-0.00433822
0.00258612
0.00908988
0.0124132
0.0121752
0.00967232
0.00536458
5.58486E-5
-0.00415611
-0.0063742
-0.00768573
-0.00875048
-0.00928616
-0.00918985
-0.00779395
-0.00447658
-5.39767E-4
0.00209672
0.00346181
0.0053753
0.00850783
0.0113877
0.0123487
0.0109358
0.00820149
0.00559554
0.00371867
0.00330708
0.00480153
0.00730014
0.00957653
0.00997296
0.00734795
0.00224451
-0.00406149
-0.0101244
-0.0145135
-0.016002
-0.0146361
-0.0112467
-0.006192
-6.86021E-4
0.0037103
0.00677832
0.00841426
0.00699605
0.00174013
-0.00451464
-0.00846701
-0.00915812
-0.00701067
-0.00395882
-0.00278154
-0.00380562
-0.00447765
-0.00349832
-0.00257147
-0.0030796
-0.00394378
-0.00342209
-8.21359E-4
0.00283989
0.00524939
0.00471686
0.00232246
4.86774E-4
-2.63727E-4
-9.4694E-4
-0.00278689
-0.00561768
-0.00719234
-0.00582415
-0.00203158
0.00307556
0.00898087
0.015254
0.0208576
0.02448
0.0251471
0.0224625
0.0174994
0.0123145
0.00828318
0.0060135
0.00598828
0.00837872
0.0126224
0.0173752
0.0194935
0.0159364
0.00870504
0.00184289
-0.00393349
-0.00896295
-0.0123536
-0.0135829
-0.0124368
-0.0079359
-4.69996E-4
0.0074572
0.0134392
0.0169231
0.0181972
0.0163057
0.0108036
0.00310491
-0.00459758
-0.0106672
-0.0147489
-0.0169444
-0.0175922
-0.0167134
-0.0137101
-0.00926629
-0.00518372
-0.00269725
-0.00280352
-0.00514652
-0.00730607
-0.00782226
-0.0074132
-0.00623872
-0.00349196
4.24258E-6
0.00272694
0.00413095
0.00306283
-0.0016232
-0.00915909
-0.0172621
-0.0233286
-0.0260958
-0.026234
-0.0245226
-0.0211128
-0.0168168
-0.0126433
-0.00856422
-0.00450509
-0.00218396
-0.00277156
-0.00457109
-0.00738218
-0.0132369
-0.021437
-0.0291549
-0.0350223
-0.0388431
-0.0400508
-0.0387537
-0.0357699
-0.0310036
-0.0255978
-0.0226752
-0.0236835
-0.0276252
-0.0329513
-0.0383092
-0.0421696
-0.0432168
-0.0412935
-0.0364948
-0.0292316
-0.0208275
-0.012247
-0.00469603
2.46151E-4
0.00229882
0.00186963
-6.98309E-4
-0.00408687
-0.00605843
-0.00564911
-0.0043759
-0.00369863
-0.00227575
0.00177222
0.00745447
0.0121072
0.0147519
0.0166895
0.0185314
0.0192822
0.0189819
0.0181803
0.0162494
0.0127764
0.00777885
0.00125174
-0.00562795
-0.00916415
-0.00564269
0.00434322
0.0180021
0.0337444
0.0496333
0.0629243
0.072302
0.0779913
0.0805437
0.0806129
0.0787226
0.0746647
0.0678732
0.0596254
0.0528268
0.0487263
0.0471538
0.0480593
0.0505184
0.0525492
0.0517152
0.0463547
0.0370064
0.0261275
0.0164608
0.00947176
0.00513727
0.00298251
0.00318207
0.0059477
0.0100659
0.0133261
0.0144517
0.0133316
0.00958886
0.00296877
-0.00620597
-0.0174237
-0.029266
-0.0401285
-0.0493242
-0.0563838
-0.0611132
-0.0637139
-0.0649457
-0.0656449
-0.0647444
-0.0617417
-0.0581668
-0.0535633
-0.0463498
-0.0371515
-0.0267959
-0.0152925
-0.00396769
0.00491954
0.00977829
0.010181
0.00635469
-8.37071E-4
-0.00975838
-0.0193592
-0.028525
-0.0349336
-0.0369868
-0.0352862
-0.0313821
-0.0265506
-0.0224009
-0.0198837
-0.0177617
-0.0146422
-0.0106486
-0.00669718
-0.0032549
7.50742E-4
0.00596766
0.010844
0.0144841
0.0186403
0.0252571
0.0336098
0.0412159
0.0465378
0.0496972
0.0512364
0.0508673
0.0482551
0.0442476
0.0400447
0.0361863
0.0327475
0.0295863
0.0266078
0.024018
0.0218395
0.0199898
0.0182576
0.0165176
0.0170045
0.0217575
0.0280473
0.0326731
0.0363662
0.0406951
0.0454024
0.0490405
0.0500729
0.0477418
0.0428865
0.0379274
0.0342907
0.030014
0.0229957
0.0144505
0.00624412
-0.00109541
-0.00682717
-0.00923423
-0.00765914
-0.00403226
-2.40651E-4
0.0036214
0.00780756
0.0115801
0.0129897
0.0103874
0.00401518
-0.00477385
-0.0141053
-0.0217197
-0.0266112
-0.0294711
-0.0312598
-0.03251
-0.0343379
-0.0379535
-0.0427789
-0.0470807
-0.0498041
-0.0500494
-0.0461081
-0.0377519
-0.0277601
-0.0196044
-0.0145692
-0.0115713
-0.0104422
-0.0114336
-0.0119496
-0.0110883
-0.0122554
-0.0174462
-0.0249924
-0.0319434
-0.0361393
-0.0373996
-0.0372993
-0.0366262
-0.0338044
-0.0279894
-0.0214963
-0.0167892
-0.0135986
-0.0110085
-0.00929865
-0.0081291
-0.00695192
-0.00583789
-0.00449062
-0.00350792
-0.00420511
-0.00657439
-0.00957042
-0.0121352
-0.0130176
-0.0114077
-0.00744233
-0.00206075
0.00309398
0.00776665
0.0122938
0.0149744
0.0142418
0.010352
0.00429369
-0.00229211
-0.00746127
-0.010166
-0.0108764
-0.0105404
-0.00878699
-0.00503135
-4.64535E-4
0.00330427
0.00591261
0.00730995
0.00669961
0.00387152
0.00118615
1.77168E-4
-9.13493E-4
-0.00243396
-0.00231903
4.30868E-4
0.00473536
0.00917498
0.013361
0.0166766
0.017937
0.016125
0.00949791
-0.0027946
-0.0175397
-0.030428
-0.0401839
-0.0470848
-0.0504732
-0.0490755
-0.0427946
-0.0331144
-0.0215967
-0.00968061
2.67012E-4
0.00600642
0.00744806
0.00577244
0.00168262
-0.0038108
-0.00925112
-0.0135954
-0.0161167
-0.0159267
-0.0119157
-0.00356181
0.00693452
0.0156404
0.0216616
0.0257196
0.0273849
0.0266012
0.0231117
0.0174665
0.0112879
0.00463232
-0.00252525
-0.00897968
-0.014083
-0.0178381
-0.0184966
-0.0145662
-0.0089768
-0.00433069
0.00134044
0.0100502
0.0215589
0.0347376
0.0475982
0.0581606
0.0654737
0.0694082
0.0692471
0.0629751
0.0508239
0.0361013
0.0211289
0.00682768
-0.00560215
-0.0151865
-0.021764
-0.0253706
-0.0259126
-0.023186
-0.0176735
-0.0111307
-0.00481905
6.70257E-4
0.00460578
0.00702287
0.00831273
0.00830954
0.00663117
0.00322736
-0.0014841
-0.00639867
-0.0102787
-0.0132915
-0.0162462
-0.0190279
-0.0212113
-0.022265
-0.0217354
-0.0204464
-0.0196863
-0.0191177
-0.01748
-0.0146428
-0.0119742
-0.0103035
-0.00833732
-0.00551602
-0.00316415
-0.00162486
9.98627E-5
0.00271807
0.00608001
0.00947563
0.0125462
0.0155026
0.0183965
0.021008
0.0225124
0.0217268
0.0189274
0.0155294
0.0123344
0.0100354
0.00921445
0.0093539
0.0102733
0.0125759
0.0156282
0.018146
0.0198854
0.0208943
0.0208845
0.0197337
0.0177123
0.0148381
0.0111113
0.00737475
0.00432195
0.00292999
0.00387774
0.00583701
0.00746208
0.00828506
0.00826786
0.00807707
0.00882022
0.0109747
0.0139182
0.0170437
0.0199589
0.0222769
0.023708
0.024158
0.0233238
0.0207548
0.018654
0.0190899
0.019649
0.0187549
0.0180311
0.0179153
0.0171175
0.0157322
0.0152157
0.0155742
0.0159506
0.016146
0.0150801
0.010452
0.00288468
-0.00322837
-0.00507845
-0.00337873
5.24762E-4
0.00571471
0.0110267
0.0157455
0.0193019
0.0210022
0.0212589
0.0208793
0.0194623
0.0159301
0.0101308
0.00273488
-0.00542828
-0.0138807
-0.0222929
-0.0296661
-0.0353693
-0.0394229
-0.0414251
-0.0407971
-0.0382498
-0.0353437
-0.0330333
-0.0319376
-0.031891
-0.0319876
-0.0318122
-0.0317248
-0.0328448
-0.035851
-0.0396099
-0.0433973
-0.0468153
-0.0474828
-0.0446785
-0.0403526
-0.0353945
-0.0299492
-0.0251731
-0.0226007
-0.0226515
-0.0248115
-0.0286891
-0.033497
-0.0375605
-0.0399609
-0.0412513
-0.0415594
-0.039706
-0.0349534
-0.0284288
-0.0222004
-0.0177507
-0.0155254
-0.0150702
-0.0159164
-0.0176608
-0.0185225
-0.0171409
-0.0142894
-0.0107063
-0.00609855
-4.72621E-4
0.00526411
0.0106623
0.0160828
0.0212516
0.0245608
0.0245616
0.021785
0.0178483
0.0136223
0.0094744
0.00596308
0.00362035
0.00312321
0.00403814
0.00553443
0.008707
0.0144012
0.0217416
0.0292798
0.0373215
0.0466245
0.0547055
0.059387
0.0614854
0.0620571
0.0608756
0.0571618
0.0516266
0.0460853
0.0412322
0.0368436
0.0318454
0.0256583
0.020278
0.0172817
0.0155319
0.0134199
0.0109211
0.00934372
0.00918859
0.0094395
0.00949218
0.01022
0.0113171
0.0107478
0.00831826
0.00464025
-2.55252E-4
-0.00536691
-0.00971732
-0.0129203
-0.0144678
-0.0138858
-0.0113902
-0.0079768
-0.00440096
-0.00109603
0.00171924
0.00387203
0.00439191
0.0027176
1.79017E-4
-0.00179813
-0.00324626
-0.00421829
-0.0045717
-0.00453764
-0.00440761
-0.0037973
-0.00112416
0.00368165
0.00764743
0.00823337
0.00622016
0.00397347
0.00222837
2.03762E-4
-0.00253843
-0.0052369
-0.00649098
-0.00556661
-0.003753
-0.00363379
-0.00539008
-0.00761473
-0.0108654
-0.015789
-0.0216483
-0.0282262
-0.0354437
-0.0423353
-0.0478274
-0.0517293
-0.0543047
-0.0551123
-0.0530631
-0.0474467
-0.039605
-0.0322687
-0.0262668
-0.0204871
-0.0149682
-0.0112096
-0.00985492
-0.00993892
-0.0102875
-0.0101064
-0.00899651
-0.00748746
-0.00611176
-0.00497769
-0.00394328
-0.002904
-0.00178882
-3.61799E-4
2.03439E-4
-0.00123138
-0.00396452
-0.00746635
-0.0110383
-0.0129936
-0.0131995
-0.0131004
-0.0124951
-0.00992943
-0.00533955
3.14629E-4
0.00629095
0.0122718
0.0176452
0.0221142
0.0265625
0.0301421
0.0314028
0.0323847
0.0351116
0.038054
0.0387511
0.0367212
0.0335078
0.0305864
0.0282424
0.0261926
0.0240256
0.0213742
0.0185042
0.0160938
0.0146066
0.0141003
0.0144685
0.0158564
0.0180316
0.0200402
0.0205461
0.019021
0.0165883
0.0142714
0.0116225
0.00807888
0.00445816
0.00225958
0.00208621
0.00343179
0.00545666
0.00753928
0.00906255
0.00962515
0.00888232
0.00611782
0.00204645
-0.00240402
-0.00858501
-0.0169027
-0.0249918
-0.0309279
-0.034678
-0.0368908
-0.0373565
-0.0348825
-0.0289335
-0.0200977
-0.0103968
-0.00296331
8.80375E-4
0.00273385
0.00463835
0.0065792
0.00734711
0.00714887
0.00709009
0.00682891
0.00545937
0.0039945
0.00370269
0.00394905
0.00398763
0.00384427
0.00286063
2.94391E-4
-0.00300651
-0.0057718
-0.00812247
-0.0103923
-0.0117788
-0.0118521
-0.0107472
-0.00792953
-0.00354019
9.05182E-4
0.00424889
0.00661467
0.00849626
0.0096273
0.0103917
0.0117201
0.0129121
0.0125601
0.00991877
0.0059989
0.00390321
0.00513479
0.00789917
0.0105011
0.0127189
0.015073
0.0178102
0.020391
0.0228913
0.0256624
0.0277804
0.028327
0.0268685
0.0226198
0.0164635
0.0105812
0.00562733
0.00126246
-0.00248932
-0.00528717
-0.00687718
-0.00714241
-0.00635207
-0.00596963
-0.00744358
-0.010842
-0.0155961
-0.0206027
-0.0245374
-0.0267956
-0.0281751
-0.0297308
-0.0304286
-0.0287621
-0.0252366
-0.0208612
-0.0160563
-0.0115952
-0.0081801
-0.0062212
-0.00573664
-0.00617298
-0.00765801
-0.0103552
-0.0133832
-0.0152862
-0.0146456
-0.0117234
-0.00820951
-0.00582003
-0.0050569
-0.0037813
-0.00139409
-8.78018E-4
-0.00255732
-0.00360868
-0.00299368
-0.00134546
6.14045E-4
0.0023765
0.00410685
0.00656025
0.00968594
0.0118563
0.012203
0.0119108
0.0118378
0.011181
0.00914809
0.00618961
0.00321335
9.01126E-4
-1.89882E-4
-3.87085E-4
-0.00128725
-0.00404124
-0.00836886
-0.0134621
-0.0187507
-0.0238663
-0.0278054
-0.0293564
-0.0286505
-0.0264514
-0.0228828
-0.0173126
-0.00984591
-0.00227051
0.00422946
0.00999679
0.0151642
0.0188502
0.021023
0.0225868
0.0233465
0.0237676
0.0249496
0.026496
0.0278647
0.029215
0.0313084
0.0339364
0.035271
0.0346048
0.0325686
0.0296482
0.0262287
0.0226439
0.0192087
0.0168261
0.0162604
0.0168409
0.0169634
0.0154312
0.0122308
0.00818817
0.00405443
3.4427E-5
-0.00377569
-0.00675891
-0.00866622
-0.010114
-0.0115691
-0.0134618
-0.0161003
-0.0190354
-0.0215522
-0.0236327
-0.0253519
-0.0261407
-0.0261015
-0.0259756
-0.0259849
-0.0259983
-0.0259677
-0.0260281
-0.0257847
-0.0245521
-0.0231565
-0.022852
-0.0231149
-0.0224902
-0.0210096
-0.0196975
-0.0179507
-0.0150898
-0.0117474
-0.00837128
-0.00583849
-0.00511332
-0.00484296
-0.00350803
-0.0023677
-0.00227443
-0.00226749
-0.00233078
-0.00234861
-0.00134842
-1.09741E-4
3.32141E-5
8.27499E-5
0.00167768
0.0035105
0.00342432
0.00302069
0.00466662
0.00754117
0.00994028
0.0114505
0.0127787
0.0147221
0.0167553
0.018297
0.0197373
0.0201281
0.0187538
0.0172026
0.0160803
0.0149051
0.0137907
0.0123621
0.0101774
0.00757225
0.00468941
9.36235E-4
-0.00383761
-0.00879485
-0.012793
-0.0154733
-0.0175252
-0.0186214
-0.0177111
-0.0162292
-0.0156044
-0.0146612
-0.0127895
-0.010438
-0.0077929
-0.00537627
-0.00425299
-0.00385268
-0.00168155
0.00221093
0.00482473
0.00507788
0.00463307
0.00462152
0.00474552
0.00460411
0.00385692
0.00241766
0.00182206
0.00286294
0.00306415
0.00205494
0.00270315
0.00510642
0.0074787
0.00938853
0.0102313
0.00928442
0.00744053
0.00575392
0.00457189
0.00418059
0.00426191
0.00425952
0.00414518
0.00403237
0.00398206
0.00468483
0.00594029
0.00581979
0.00414803
0.00226893
-3.23122E-5
-0.00329783
-0.00693169
-0.00968575
-0.0101276
-0.00833115
-0.00583055
-0.0036977
-0.00223958
-0.00107508
3.9285E-4
0.00217873
0.00400198
0.00557881
0.00642215
0.00725046
0.00943265
0.0118165
0.0124918
0.0126369
0.0139442
0.01566
0.0169915
0.0174233
0.0159635
0.0132366
0.0108436
0.00841803
0.00503769
0.00167274
-3.86191E-4
-9.81956E-4
-9.15051E-4
-9.41501E-4
-0.0010478
-0.00107316
-0.00107287
-0.00108524
-0.00107746
-0.00105644
-0.00105082
-0.00101324
-0.00104215
-0.00188508
-0.0034593
-0.00458004
-0.00557474
-0.00692704
-0.00822144
-0.00954513
-0.0105894
-0.0115719
-0.0129231
-0.0141371
-0.015432
-0.016626
-0.0169128
-0.0167396
-0.0166905
-0.0160002
-0.0138688
-0.0114436
-0.0103321
-0.0108791
-0.0120914
-0.0120471
-0.0109296
-0.010313
-0.00948108
-0.00738891
-0.0048218
-0.00284582
-0.0015029
-3.6609E-5
0.00191014
0.00412585
0.00618046
0.00737336
0.00718296
0.00573985
0.00424944
0.00368879
0.00353848
0.00335234
0.00379445
0.00565153
0.008618
0.0117375
0.0145657
0.0168441
0.0186033
0.02025
0.0213985
0.0212242
0.0197561
0.0182396
0.0177874
0.0178977
0.0180548
0.0190499
0.020843
0.0218918
0.0211298
0.0184623
0.0142552
0.00950168
0.00561275
0.00294221
7.21754E-4
-0.00141583
-0.0035095
-0.00532725
-0.00610849
-0.00647014
-0.00791318
-0.00938942
-0.00955689
-0.0103193
-0.0133442
-0.0173485
-0.0208617
-0.0240281
-0.0268259
-0.0282328
-0.0277248
-0.025835
-0.0229725
-0.0193867
-0.0166354
-0.0160083
-0.0162774
-0.0154989
-0.0134242
-0.0113333
-0.0103695
-0.0101596
-0.00985376
-0.00927374
-0.00814593
-0.00605971
-0.00308057
2.21325E-4
0.00349336
0.00664406
0.0091873
0.0106112
0.0109452
0.0107119
0.0102559
0.00921445
0.00757149
0.00584211
0.0044897
0.00398946
0.00408617
0.00413799
0.00405543
0.00399944
0.00393296
0.00416818
0.00527413
0.00707534
0.00903322
0.010331
0.0105226
0.0109009
0.0125189
0.0145522
0.0158102
0.0160158
0.0157458
0.0149718
0.0131515
0.0105259
0.00745012
0.004558
0.00290749
0.00192905
5.21904E-4
-5.76561E-4
-5.85281E-4
3.8397E-4
0.00206513
0.00393104
0.00570014
0.00736433
0.00846221
0.00865729
0.00849556
0.00852077
0.0086588
0.00868557
0.00866161
0.00939701
0.011052
0.0121695
0.0118181
0.0103662
0.00852717
0.00687659
0.0054062
0.00390236
0.00265212
0.00145666
1.6814E-4
-4.221E-4
-2.96799E-4
-1.73151E-4
-2.1449E-4
-2.3544E-4
-1.90301E-4
-6.10425E-5
-3.84487E-5
-0.00120665
-0.00348823
-0.00440743
-0.00345696
-0.00276028
-0.00293596
-0.00305164
-0.00292228
-0.00348985
-0.00525458
-0.00758735
-0.00991992
-0.0115224
-0.0119498
-0.0130348
-0.0163692
-0.0202213
-0.0226538
-0.0238324
-0.0237741
-0.0224198
-0.0206465
-0.0190141
-0.0179318
-0.0176519
-0.0179192
-0.0189499
-0.0204929
-0.0210841
-0.019998
-0.0183667
-0.0170689
-0.0155264
-0.0136913
-0.0121444
-0.0106392
-0.00859903
-0.00625973
-0.00425043
-0.0023724
2.37318E-4
0.00334551
0.00573359
0.00726714
0.00823478
0.00891937
0.0101467
0.0118995
0.0137926
0.0157916
0.0170333
0.0164417
0.0153856
0.0159817
0.0167713
0.0152954
0.0120206
0.00856203
0.00541242
0.00261422
3.08966E-4
-0.00133581
-0.00202901
-0.00185792
-0.00100145
-4.16407E-4
-0.00115204
-0.00240572
-0.00351709
-0.00472955
-0.00619886
-0.00781818
-0.00923453
-0.0105056
-0.0115509
-0.0116775
-0.0105173
-0.00863098
-0.00685848
-0.00584183
-0.0057693
-0.00609607
-0.00585388
-0.00444013
-0.00242725
-5.61585E-4
0.00114354
0.00233484
0.00253109
0.00223786
0.00207093
0.00199892
0.00190952
0.00181609
0.00173332
0.00165318
0.00155624
0.00141004
0.00139247
0.00215622
0.00318125
0.00288574
0.00239647
0.00371401
0.00545214
0.00572079
0.0051504
0.00473547
0.00422578
0.00303724
0.00153977
4.867E-4
-1.78071E-4
-1.45755E-4
5.06638E-4
3.8297E-4
-2.81702E-4
-1.11741E-5
0.00100694
0.0022384
0.00352232
0.00413154
0.00401718
0.00387903
0.00394034
0.00402708
0.00352328
0.00207794
8.19421E-4
5.40804E-4
8.00183E-4
0.0017192
0.00357367
0.00578927
0.00780802
0.00946591
0.0106205
0.0111884
0.011232
0.010749
0.00993129
0.00890927
0.007454
0.00624098
0.00597566
0.00608186
0.00605851
0.00586586
0.00509096
0.00372578
0.00225163
7.15182E-4
-3.85561E-4
-5.54072E-4
-3.09781E-4
-3.98612E-4
-0.0011078
-0.00186499
-0.00205015
-0.0018054
-0.00133933
-9.93981E-4
-0.0010777
-9.965E-4
-9.83053E-4
-0.00212542
-0.00349155
-0.00376479
-0.00354631
-0.00357515
-0.00330475
-0.00232478
-0.00142612
-9.04766E-4
-8.50004E-6
0.00126753
0.00209601
0.00248708
0.00330466
0.00454624
0.00496318
0.00392014
0.00240954
0.00138854
2.82165E-4
-0.00109797
-0.00175727
-0.00164611
-9.47696E-4
4.45399E-4
0.00216997
0.00439943
0.00683968
0.00819459
0.00823596
0.00755925
0.00630963
0.00483201
0.003523
0.0024345
0.00146836
4.21243E-4
5.4423E-4
0.00278376
0.00497621
0.00538003
0.00510925
0.00486154
0.0038025
0.00243024
0.00179749
0.00133033
8.38539E-4
0.0011901
0.00209801
0.00201023
6.55922E-4
-8.9687E-4
-0.0023435
-0.00346428
-0.00404092
-0.0049262
-0.00628302
-0.00703595
-0.00696995
-0.00681384
-0.00689256
-0.00703263
-0.00679515
-0.00603152
-0.00544254
-0.00540617
-0.00563807
-0.0062321
-0.00705552
-0.00744824
-0.00738634
-0.00733643
-0.00738166
-0.0076894
-0.00846308
-0.00908481
-0.00927223
-0.00949596
-0.00945844
-0.00867276
-0.00779148
-0.00757785
-0.00769523
-0.00772546
-0.00855605
-0.0107222
-0.0122557
-0.0117744
-0.0109445
-0.0106491
-0.00958603
-0.00761526
-0.00582551
-0.0042694
-0.00238167
-2.76527E-4
0.00189697
0.00436253
0.00606367
0.00552084
0.00363379
0.00242121
0.00226019
0.00240973
0.00279414
0.0033966
0.00362213
0.00343069
0.00325693
0.00323561
0.00308341
0.00235967
0.00168236
0.00203235
0.00268087
0.00268391
0.00256486
0.00291138
0.00357001
0.00439251
0.00510129
0.0052531
0.00532877
0.00597299
0.00656965
0.00664468
0.00679164
0.00735075
0.00765574
0.00701581
0.00587641
0.00483831
0.00369287
0.0022143
1.10092E-4
-0.00255426
-0.00400209
-0.00367598
-0.00353761
-0.00409128
-0.00450899
-0.00482537
-0.00509174
-0.00522917
-0.00575213
-0.0067038
-0.00721449
-0.00692034
-0.00676168
-0.007671
-0.00860845
-0.00818829
-0.00689048
-0.00554888
-0.00452324
-0.00421263
-0.00438631
-0.00419212
-0.00324094
-0.00209619
-0.00158194
-0.00152827
-0.00104105
-4.1665E-5
9.44793E-4
0.00197481
0.00309902
0.00391532
0.00475689
0.00593905
0.00667298
0.00664588
0.0061492
0.00554393
0.00554157
0.00606292
0.00678074
0.00794445
0.00903245
0.00902018
0.00806899
0.00739424
0.00741345
0.0076363
0.00747393
0.00594559
0.00401715
0.00426352
0.00550674
0.00519829
0.00426493
0.00412164
0.00431748
0.00458425
0.00519098
0.00582046
0.00636811
0.00746756
0.00898876
0.00911735
0.00730476
0.00545357
0.00448236
0.00359023
0.00252974
0.00168013
8.02587E-4
-2.86858E-4
-0.00108331
-0.00161699
-0.002631
-0.00405093
-0.00516093
-0.00591903
-0.00670403
-0.00730574
-0.00762939
-0.00827493
-0.00881561
-0.0083101
-0.00745586
-0.00723621
-0.00741025
-0.00780272
-0.00868675
-0.00974102
-0.0105409
-0.0111363
-0.0113166
-0.0109107
-0.0104192
-0.010362
-0.0105128
-0.0101293
-0.0096064
-0.00993756
-0.00980619
-0.00801364
-0.00611751
-0.00527829
-0.00501779
-0.0045691
-0.00389761
-0.00356452
-0.00325259
-0.00268852
-0.0021844
-9.60248E-4
8.71538E-4
0.00164693
0.00169189
0.00260762
0.00454172
0.00641699
0.00755709
0.00838699
0.00936607
0.0101422
0.0105119
0.0111075
0.0121242
0.0129942
0.01388
0.0154117
0.0168253
0.0170224
0.016407
0.0155683
0.0144055
0.0131507
0.0119477
0.0107509
0.00983901
0.00914492
0.00839358
0.00760473
0.00707404
0.00656167
0.00540342
0.00379128
0.00224397
8.24686E-4
-1.60146E-4
-4.07329E-4
-7.88768E-4
-0.00202032
-0.00255762
-0.0012529
-1.54956E-4
-7.61925E-4
-0.00184869
-0.00261975
-0.00346764
-0.00438004
-0.00516453
-0.00587257
-0.00618494
-0.00544431
-0.00388263
-0.00283606
-0.00235592
-0.00121954
5.25385E-4
0.00175162
0.00176626
8.44459E-4
-2.55752E-4
-0.00110021
-0.00182733
-0.00258341
-0.00291682
-0.00242515
-0.0013825
-3.33206E-4
6.83E-4
0.00196215
0.00304002
0.00349495
0.00360136
0.00343702
0.00320149
0.00314174
0.00338655
0.00407703
0.00471523
0.00486403
0.00475542
0.00422684
0.00300238
0.00162759
3.95111E-4
-7.45259E-4
-0.00163125
-0.00231434
-0.00310228
-0.00446009
-0.00570136
-0.00549005
-0.00448858
-0.00427429
-0.00465517
-0.00481827
-0.00532001
-0.00659754
-0.00780618
-0.00825059
-0.00812823
-0.00764944
-0.00642511
-0.00490905
-0.00437576
-0.00455005
-0.0040126
-0.00260941
-0.00158414
-0.0014872
-0.00167973
-0.00172918
-0.00173893
-0.00179744
-0.00186433
-0.00191807
-0.0019807
-0.0020434
-0.00208286
-0.00211957
-0.00220435
-0.00228739
-0.00218561
-0.00197562
-0.00185685
-0.00193121
-0.00232508
-0.00275544
-0.00288857
-0.00287398
-0.00287563
-0.00320446
-0.00433695
-0.00574732
-0.00635458
-0.00623948
-0.00615013
-0.00618926
-0.00630125
-0.00724152
-0.00861876
-0.00833121
-0.00642131
-0.00465149
-0.00359167
-0.00319472
-0.00322425
-0.00328767
-0.00329278
-0.00333648
-0.00342614
-0.0028681
-0.00136334
-3.23317E-4
-4.85152E-4
-4.1894E-4
9.10137E-4
0.00255979
0.00374512
0.00474411
0.00587485
0.00715799
0.00800604
0.00805749
0.00781436
0.00770713
0.00773128
0.00758819
0.00658719
0.00494421
0.0040338
0.00405555
0.00411691
0.00398346
0.00393165
0.00355152
0.00231321
0.00116047
0.00122029
0.00224952
0.00326432
0.00361399
0.00350554
0.00340949
0.00340969
0.00337841
0.00335213
0.00353607
0.00363505
0.00342988
0.00398245
0.00545929
0.0062832
0.00608967
0.00582161
0.00582411
0.0058674
0.00582125
0.00572372
0.00562877
0.00554027
0.00562741
0.00591466
0.00558855
0.00418602
0.00273776
0.00224201
0.00236987
0.00249831
0.00208905
7.88326E-4
-4.00206E-4
-0.00106074
-0.00226738
-0.00356991
-0.0038403
-0.00355784
-0.00346184
-0.00347158
-0.00392229
-0.00525502
-0.00648783
-0.00721259
-0.00823813
-0.00925921
-0.00956322
-0.00942887
-0.00936715
-0.0094261
-0.00944411
-0.00948145
-0.00919699
-0.00792746
-0.0064915
-0.00620289
-0.00619726
-0.00497913
-0.00342929
-0.00308942
-0.00342598
-0.00279865
-5.95146E-4
0.00181811
0.00280139
0.00263695
0.00245914
0.0025026
0.00250797
0.00245042
0.00239974
0.00229173
0.00229451
0.00286726
0.00327332
0.0025593
0.00174857
0.00168286
0.001779
0.00167766
0.00155029
0.00150284
0.00137587
0.00142385
0.0024225
0.0038354
0.004297
0.00458305
0.0059043
0.00710466
0.00713682
0.00618413
0.00467129
0.00353162
0.00256293
0.0011045
1.53811E-4
1.07757E-4
-1.61178E-5
-6.59541E-4
-0.00173946
-0.00285264
-0.00333035
-0.00329916
-0.00329082
-0.00332671
-0.0033627
-0.00407642
-0.00553619
-0.00634552
-0.00639177
-0.00613005
-0.00491576
-0.00327155
-0.00199716
-9.51866E-4
-4.05789E-4
-4.11321E-4
-4.85899E-4
-4.66456E-4
-4.59007E-4
-5.59171E-4
-3.10672E-4
9.02359E-4
0.00171055
6.0537E-4
-4.14168E-4
7.34141E-4
0.00246204
0.00284809
0.00249297
0.00241914
0.00250977
0.00246764
0.00238597
0.00241534
0.00206706
7.14373E-4
-7.46408E-4
-0.00114423
-9.57007E-4
-9.2202E-4
-0.00115968
-0.00214369
-0.00373681
-0.00466212
-0.00467385
-0.00398133
-0.00254757
-0.00151745
-0.00157275
-0.00189044
-0.00130863
2.62613E-4
0.00129564
0.00118737
9.09205E-4
9.10751E-4
9.40116E-4
8.2383E-4
6.72896E-4
0.00129418
0.0028506
0.00382477
0.00369652
0.00344785
0.0034497
0.00344341
0.00336628
0.00334087
0.00280279
0.0011776
2.13486E-4
0.00108181
0.00136971
-3.16928E-4
-0.00233724
-0.00306151
-0.00216746
-7.63949E-4
-2.71554E-4
-5.44898E-4
-7.0778E-4
-6.37348E-4
-6.13109E-4
-7.53878E-4
-3.70491E-4
0.00110614
0.00244405
0.00259171
0.00229834
0.00230739
0.00244422
0.00244748
0.00239789
0.00234951
0.00242406
0.00321967
0.00469952
0.00576228
0.00564907
0.00433143
0.00281701
0.00235533
0.0026925
0.00262691
0.00162264
0.00103192
0.00192711
0.00280455
0.00196191
1.29272E-4
2.87754E-5
0.00180903
0.00205564
1.45582E-4
-0.00106186
-8.24585E-4
-4.99381E-4
-0.00105799
-0.00266718
-0.00413389
-0.00398575
-0.0021647
-4.66972E-4
-4.47768E-4
-0.00122587
-0.00147789
-0.00125244
-9.99298E-4
-0.00104538
-0.00137299
-0.00156943
-0.00150191
-0.00145638
-0.00199838
-0.00318203
-0.00392386
-0.00365402
-0.00291458
-0.00209897
-0.00154277
-0.00147031
-0.0015608
-0.00154607
-0.00153633
-0.00177324
-0.00203328
-0.00186467
-0.00158616
-0.0016058
-0.00173255
-0.00178385
-0.00182166
-0.00187934
-0.0019169
-0.00206919
-0.00268136
-0.00385416
-0.00509504
-0.00637792
-0.00793724
-0.00845159
-0.00712045
-0.00579384
-0.00547996
-0.00469888
-0.00331198
-0.00276417
-0.00254853
-0.00176641
-0.00150041
-0.00171538
-0.00106038
-7.77675E-4
-0.00224637
-0.003644
-0.00368884
-0.00339012
-0.00344547
-0.00358999
-0.00363095
-0.00354194
-0.00318132
-0.0026524
-0.00213171
-0.00162947
-0.00145065
-0.00152139
-0.00117889
-6.6113E-4
-5.75542E-4
-7.34657E-4
-8.08906E-4
-8.08075E-4
-8.36133E-4
-8.77085E-4
-8.98889E-4
-9.18168E-4
-7.8664E-4
-4.5314E-5
0.001243
0.00203898
0.00198637
0.00191686
0.0024429
0.00354442
0.00456748
0.0048775
0.00444416
0.003479
0.00348607
0.00549265
0.00734632
0.00754145
0.00784688
0.00923442
0.0104325
0.0113206
0.012295
0.0126509
0.0123727
0.0122549
0.0126
0.012505
0.0111573
0.00971734
0.00932878
0.00879189
0.00730009
0.00633372
0.00608074
0.00498336
0.00348195
0.00304084
0.00333949
0.00344356
0.00330882
0.00323261
0.00326305
0.00331558
0.00333255
0.00330622
0.00328308
0.00326255
0.00259417
0.00100062
-9.61923E-5
-4.93762E-4
-0.00165308
-0.00307614
-0.00346611
-0.00326456
-0.00325143
-0.00334593
-0.00376235
-0.0048617
-0.00597508
-0.00648112
-0.00660505
-0.00689381
-0.00690911
-0.00552917
-0.00372408
-0.00319205
-0.00348142
-0.00355521
-0.00341465
-0.00342718
-0.00335699
-0.00235497
-7.4304E-4
8.21426E-5
1.46897E-4
1.45078E-4
5.11367E-5
-1.21304E-4
-3.6696E-4
-4.67326E-4
-2.83665E-4
-4.10064E-4
-9.38174E-4
-0.00151476
-0.00224922
-0.00294181
-0.00313536
-0.00301559
-0.00296842
-0.00301096
-0.00305819
-0.00310287
-0.00314507
-0.00317759
-0.00321866
-0.0032666
-0.00332079
-0.00339772
-0.00347948
-0.00356105
-0.00365583
-0.00374534
-0.00382615
-0.00391372
-0.00399223
-0.00405034
-0.00411279
-0.00420756
-0.00432262
-0.00433354
-0.00418312
-0.00432861
-0.00479032
-0.00436458
-0.00296223
-0.00208267
-0.00196106
-0.0018161
-0.00163881
-0.0016465
-0.00172554
-0.00181532
-0.00174985
-6.29082E-4
0.00155503
0.00262652
0.00172582
0.00103774
0.00200663
0.00343317
0.00400667
0.00393611
0.00383712
0.00380927
0.00374212
0.00362658
0.00349588
0.0033669
0.00323712
0.00313189
0.00307495
0.00302739
0.0029514
0.00285688
0.00277248
0.00271353
0.00266303
0.00259173
0.00251803
0.00248788
0.00249394
0.00250198
0.00250323
0.00249173
0.0024696
0.00247021
0.00249846
0.00251932
0.00252886
0.00259597
0.00211317
0.00101738
0.00121889
0.00336542
0.00522828
0.0050217
0.00364278
0.00274757
0.00269597
0.00231267
8.08645E-4
-4.58864E-4
-5.40178E-4
2.21629E-4
9.69928E-4
5.98112E-4
-2.42801E-4
-3.92896E-4
-1.71952E-4
-1.12543E-4
-1.80525E-4
-1.91228E-4
-1.55539E-4
-1.45492E-4
-1.44978E-4
-1.42398E-4
-1.41452E-4
-1.30818E-4
-1.12606E-4
-1.27197E-4
-1.91527E-4
-2.37787E-4
-2.17625E-4
-2.36509E-4
-8.13061E-4
-0.00207675
-0.00315269
-0.003615
-0.00355862
-0.00288988
-0.00185584
-0.00105223
-8.55422E-4
-0.0010217
-0.00116687
-0.0012485
-0.00134017
-0.00146436
-0.00159093
-0.00169396
-0.00178092
-0.00187768
-0.00201393
-0.0020443
-0.00177575
-0.00160394
-0.00196929
-0.00244811
-0.00258864
-0.00258658
-0.00269014
-0.00284706
-0.00296557
-0.00258294
-0.00126242
5.40306E-5
1.87991E-4
-6.65959E-4
-0.00118724
-6.24933E-4
5.53495E-5
8.78568E-5
-9.24917E-5
-9.87433E-5
-2.06912E-5
9.96736E-6
3.38928E-5
8.12356E-5
1.20354E-4
1.40706E-4
1.56363E-4
1.74957E-4
1.81193E-4
1.74479E-4
1.67198E-4
1.54389E-4
1.3496E-4
1.11611E-4
9.06904E-5
8.48831E-5
8.91129E-5
2.39991E-5
1.17894E-4
6.09281E-4
9.09489E-4
6.593E-4
5.25446E-4
8.98446E-4
0.0012263
0.0011803
8.95978E-4
6.97398E-5
-9.78903E-4
-0.00121865
-9.1216E-4
-8.73187E-4
-0.00103251
-0.00112371
-0.00116943
-0.00122936
-0.00129293
-0.00133299
-0.00138678
-0.00123201
-6.01466E-4
-3.21262E-4
-9.9239E-4
-0.00160913
-0.00155053
-0.00139956
-0.00180903
-0.00268057
-0.00353799
-0.00426501
-0.00465723
-0.00466951
-0.00466421
-0.0047696
-0.00486012
-0.00490142
-0.00497595
-0.00511781
-0.00502928
-0.00444143
-0.00375117
-0.00330735
-0.00295926
-0.00271387
-0.0026734
-0.00261131
-0.0020521
-9.06755E-4
-4.82527E-5
-4.62385E-5
-3.2154E-4
-3.75897E-4
-5.39405E-4
-9.07043E-4
-8.97692E-4
-5.65766E-4
-8.12405E-4
-0.00181881
-0.00186911
7.71916E-5
0.0020326
0.00260548
0.00331135
0.00472745
0.0054336
0.00523136
0.00505108
0.00509105
0.00515617
0.00588015
0.0071372
0.00701454
0.00550272
0.00446035
0.00436316
0.00475334
0.00512708
0.0051847
0.0051263
0.00515327
0.00494712
0.00412333
0.00295941
0.00210345
0.00186716
0.00192767
0.00191115
0.00186201
0.00186201
0.00184504
0.00179256
0.00176277
0.00174509
0.00169426
0.001632
0.00152949
0.00153108
0.00204858
0.00274398
0.00305375
0.00346011
0.00410629
0.0043519
0.00422711
0.00415493
0.00387746
0.00255851
1.5066E-4
-0.00122947
-2.32322E-4
0.00100381
9.91805E-4
0.00105005
0.00185122
0.00260173
0.00317678
0.003722
0.00392796
0.00383944
0.00402769
0.00463659
0.00473928
0.00360654
0.00186281
8.66349E-4
9.04731E-4
0.00110998
0.0010766
0.00100899
0.0010113
0.00102288
0.00100246
0.00111125
0.00158643
0.00200652
0.0016746
9.78791E-4
7.5256E-4
8.46812E-4
4.21353E-4
-8.76796E-4
-0.00219542
-0.00260748
-0.00254275
-0.00279113
-0.00305425
-0.00286465
-0.00265061
-0.00274147
-0.00287443
-0.00288694
-0.00285322
-0.00285002
-0.00288475
-0.00286678
-0.0025649
-0.002216
-0.00279423
-0.00389494
-0.00384241
-0.00296148
-0.00265958
-0.00272301
-0.00232147
-0.00175382
-0.00170529
-0.00179448
-0.00147876
-9.85833E-4
-1.33211E-4
0.00117526
0.00163569
4.66439E-4
-9.2192E-4
-0.00146648
-0.00191915
-0.00277534
-0.00369181
-0.00449038
-0.00533717
-0.00607284
-0.00620796
-0.00574992
-0.0052129
-0.00491084
-0.00468472
-0.00430646
-0.00404502
-0.0043992
-0.00513034
-0.00553376
-0.00553502
-0.00552082
-0.00565967
-0.00564848
-0.00507258
-0.00437017
-0.00422766
-0.00441258
-0.00448987
-0.00450773
-0.00451066
-0.00432012
-0.00383662
-0.00291804
-0.00184725
-0.00174722
-0.00230662
-0.00138451
7.98679E-4
0.00203394
0.00234676
0.00294983
0.00389006
0.00424625
0.00390755
0.00364709
0.00331075
0.00321179
0.00425681
0.00544838
0.00519823
0.00414633
0.00391825
0.00467942
0.00538067
0.00547162
0.00512511
0.00435421
0.00355754
0.00327621
0.00294377
0.00210227
0.00147318
0.00154546
0.00194116
0.00209478
0.00194193
0.0016928
0.00138826
0.00119384
0.00117033
0.00115332
0.00112432
9.53007E-4
7.01448E-4
6.71201E-4
6.93538E-4
4.35159E-4
-1.39708E-4
-5.3759E-4
-4.82489E-4
-3.46478E-4
-3.27394E-4
-3.28008E-4
-2.33462E-4
-4.6798E-4
-0.00163729
-0.00238507
-0.0013363
-2.83182E-5
5.25971E-4
9.87912E-4
0.00156686
0.00229865
0.00288313
0.00296287
0.00280841
0.00266541
0.00294017
0.00395639
0.00448415
0.00332664
0.001541
9.78855E-4
0.00178083
0.002461
0.00235862
0.00212387
0.00210318
0.00208589
0.00198949
0.0018918
0.00182022
0.00174097
0.00167339
0.00154163
9.74083E-4
1.47036E-4
-2.14668E-4
-1.27763E-4
-7.57749E-5
-1.43207E-4
-1.81255E-4
-1.5669E-4
-1.16208E-4
-8.39474E-5
-6.96684E-5
-4.02132E-5
4.17546E-7
1.58538E-5
2.22975E-5
5.6863E-5
9.82332E-5
-2.24533E-4
-9.67104E-4
-0.00169499
-0.00258539
-0.00305963
-0.00225305
-0.00123232
-8.07192E-4
-4.8341E-4
1.5978E-4
9.37328E-4
0.00107683
4.1888E-4
-3.33325E-4
-6.44187E-4
-2.73945E-4
5.19737E-4
6.15537E-4
-4.56257E-4
-0.00144271
-0.001422
-8.38665E-4
-1.68606E-4
1.29391E-4
-2.9317E-4
-9.16811E-4
-0.00136131
-0.00202411
-0.00265671
-0.00246633
-0.00175447
-0.00153299
-0.00206032
-0.00265879
-0.00277647
-0.00264951
-0.00260423
-0.00269282
-0.00317332
-0.00395025
-0.00435165
-0.00432496
-0.00436441
-0.00426443
-0.0036193
-0.00301153
-0.00297778
-0.0031589
-0.00324074
-0.00329618
-0.00334253
-0.00346558
-0.00437825
-0.00598503
-0.00625717
-0.00475863
-0.00373607
-0.00385731
-0.00384295
-0.00330572
-0.00282145
-0.00276141
-0.00282796
-0.00260228
-0.00197511
-7.86794E-4
4.04088E-4
2.08437E-4
-9.76717E-4
-0.00112785
-2.49514E-4
4.58047E-4
0.00104396
0.00152134
0.00158266
0.00144665
0.00137893
0.0013633
0.00131187
0.00126596
0.00161328
0.00233729
0.00274068
0.00301575
0.00361702
0.00397619
0.00371082
0.00307554
0.00241113
0.001973
0.00180429
0.00174214
0.00164207
0.00149488
0.00142541
0.00163048
0.00211747
0.00258529
0.00273527
0.00265938
0.00259373
0.00262197
0.0025011
0.00168661
9.85461E-4
0.00163641
0.00254512
0.00260654
0.00261467
0.00302606
0.00336471
0.0034389
0.00351595
0.00380014
0.00428848
0.00517234
0.00648294
0.00734098
0.00683105
0.00561086
0.0050287
0.00512138
0.00519141
0.00508799
0.00502161
0.00494726
0.00463221
0.00437474
0.00453414
0.00470014
0.00461971
0.0044098
0.0039696
0.00337445
0.00290172
0.00237681
0.00165717
0.00104449
4.66329E-4
-1.24126E-4
-7.15111E-4
-0.00140706
-0.00178209
-0.0016985
-0.0015775
-0.00160305
-0.00163777
-0.00157496
-0.00145493
-0.00163682
-0.0023413
-0.00314396
-0.00386985
-0.00507359
-0.00648702
-0.0065497
-0.00556178
-0.00536055
-0.0058544
-0.00574502
-0.00481913
-0.00414691
-0.0040769
-0.00370889
-0.00288858
-0.00179896
-4.209E-4
-3.47633E-6
-0.00123296
-0.00259059
-0.00288131
-0.00290949
-0.00363566
-0.00438692
-0.00458167
-0.00474122
-0.00488341
-0.00473863
-0.00465071
-0.00470812
-0.00440493
-0.0034721
-0.00241101
-0.00186761
-0.00149758
-8.77886E-4
-5.38568E-4
-6.98643E-4
-6.52316E-4
2.05495E-5
6.4201E-4
6.62173E-4
4.74265E-4
4.46684E-4
4.71261E-4
4.14547E-4
3.25586E-4
2.70436E-4
2.49828E-4
2.13711E-4
1.81609E-4
8.28716E-5
-5.09944E-4
-0.00124469
-8.0221E-4
6.63237E-4
0.00137302
9.44356E-4
7.50378E-4
0.00143349
0.00229379
0.00250748
0.00244082
0.00287773
0.00371255
0.00496756
0.00615895
0.00580739
0.0041952
0.00317162
0.00318433
0.00329381
0.00277494
0.00187781
0.00141403
0.00151629
0.00141476
6.57956E-4
-7.12665E-5
-1.70212E-4
1.16395E-5
7.12008E-5
2.45777E-5
-6.73112E-6
2.29518E-5
8.7811E-5
1.27693E-4
1.36797E-4
1.46715E-4
1.30643E-4
1.76151E-4
5.01956E-4
0.00109174
0.00163077
0.0018381
0.00180782
0.00178502
0.0018461
0.00166846
9.38253E-4
2.25351E-4
1.45342E-4
-2.05625E-4
-0.00169834
-0.00247976
-0.00122561
4.18983E-5
9.32114E-6
-3.56606E-4
-3.84452E-4
-3.27097E-4
-4.11208E-4
-5.40857E-4
-6.18367E-4
-6.97745E-4
-5.08462E-4
1.23258E-4
2.53037E-4
-4.91577E-4
-0.00101525
-9.38521E-4
-8.16022E-4
-9.78388E-4
-0.0013383
-0.00143716
-0.00119118
-0.00104571
-0.00109967
-0.00114035
-0.00114712
-0.00117252
-0.00145577
-0.00221818
-0.00290749
-0.00303387
-0.00297341
-0.00308028
-0.00326427
-0.00329354
-0.00303117
-0.00255856
-0.00211701
-0.00199686
-0.00205358
-0.00192745
-0.00173131
-0.00182225
-0.00225764
-0.0026104
-0.00264812
-0.00246816
-0.00200727
-0.00180563
-0.00271742
-0.00347442
-0.00225548
-3.08374E-4
3.73387E-4
9.75318E-5
2.39995E-4
0.00111602
0.00176373
0.00174113
0.00156293
0.00166335
0.00228437
0.00303515
0.00274539
0.00132305
3.45207E-4
3.74676E-4
4.78769E-4
7.31739E-4
0.00140595
0.00178272
0.00170224
0.00168429
0.00169428
0.00116939
3.22954E-4
-2.15791E-6
-1.19947E-4
-7.5745E-4
-0.00137414
-0.00143994
-0.00137115
-0.0013327
-0.001014
-4.42755E-4
2.1555E-5
1.44992E-4
6.36111E-5
2.2496E-5
4.23703E-5
5.65477E-5
2.83365E-5
-3.48793E-4
-0.00117482
-0.00176536
-0.00186155
-0.00172105
-0.00119929
-0.00122378
-0.00239621
-0.00256166
-8.78844E-4
5.90932E-4
7.72715E-4
4.69869E-4
3.5992E-4
3.27403E-4
5.60353E-4
0.00124088
0.00161908
0.00161374
0.00247994
0.00394095
0.00389528
0.00227238
0.00112942
0.00114204
0.0013573
0.0012981
0.00126208
0.00130353
0.00112059
5.98172E-4
-1.82458E-5
-3.61401E-5
6.76272E-4
0.00112156
0.00112576
0.00122372
9.52632E-4
1.40045E-4
-3.4852E-4
-2.82739E-4
-1.92095E-4
-2.47905E-4
-3.61737E-4
-4.14956E-4
-4.60685E-4
-5.49275E-4
-6.46338E-4
-7.18635E-4
-7.79588E-4
-8.59691E-4
-9.65514E-4
-0.00106291
-0.00116991
-0.00157439
-0.00225332
-0.00278707
-0.00331687
-0.00354792
-0.00261874
-0.00105957
-2.28051E-4
-3.07213E-4
-4.99449E-4
-4.62129E-4
-4.28496E-4
-4.77124E-4
-5.34052E-4
-3.8443E-4
4.81033E-4
0.00191217
0.00264262
0.00196857
9.25637E-4
5.25753E-4
2.84346E-4
-1.85458E-4
-4.24411E-4
-3.56961E-4
-2.95765E-4
-3.29185E-4
-2.94135E-4
1.68463E-4
9.25843E-4
0.00123558
0.00111764
0.00143798
0.00220873
0.00255275
0.00236953
0.00219545
0.00215708
0.00211264
0.00200511
0.00185591
0.00200082
0.0026476
0.00314747
0.00307055
0.00282465
0.00273607
0.00272421
0.00266217
0.00256866
0.00250309
0.00248818
0.00222123
0.00116174
1.67381E-4
7.75296E-4
0.0021018
0.00216294
0.00113064
4.96176E-4
5.74117E-4
6.97861E-4
6.465E-4
3.86836E-4
-1.87398E-4
-2.76005E-4
6.15541E-4
9.56194E-4
-1.72104E-4
-0.00131096
-0.00155055
-0.00170094
-0.00226248
-0.00283317
-0.00292132
-0.00255356
-0.00209087
-0.00174089
-0.0016031
-0.00163024
-0.00168399
-0.00173433
-0.00174005
-0.00155164
-0.00137287
-0.00154809
-0.00180028
-0.0018146
-0.00176333
-0.00166271
-0.00118687
-5.34682E-4
-2.81603E-4
-3.54451E-4
-3.76426E-4
-3.22436E-4
-2.95329E-4
-2.88636E-4
-2.76783E-4
-2.68267E-4
-2.70697E-4
-2.53383E-4
-3.41035E-4
-5.80834E-4
-3.53461E-4
7.38452E-4
0.00188199
0.00222985
0.002071
0.00202057
0.00208164
0.00194306
0.00166577
0.00147556
0.00144558
0.00192758
0.00269461
0.00269977
0.00205713
0.0017555
0.0018408
0.00187153
0.00177705
0.00155883
0.00113321
6.78621E-4
5.99173E-4
9.53697E-4
0.00133625
0.00142483
0.00132331
0.00123886
0.00117878
0.00110711
0.00105024
9.88201E-4
8.98664E-4
8.25863E-4
7.67928E-4
6.94211E-4
6.36753E-4
5.96178E-4
5.35999E-4
4.60774E-4
4.52074E-4
5.59747E-4
7.09264E-4
9.41779E-4
0.00122053
0.00131322
0.00126238
0.0012291
9.24587E-4
1.02817E-4
-4.04217E-4
2.15546E-4
9.74325E-4
7.28172E-4
1.33516E-4
5.1959E-5
2.33468E-4
2.75628E-4
2.42562E-4
1.91519E-4
-4.9112E-5
-2.03029E-4
3.34505E-5
-1.01472E-4
-9.68799E-4
-0.00157388
-0.00156923
-0.00157221
-0.00171845
-0.00186317
-0.0020716
-0.00226727
-0.00230195
-0.00224654
-0.00222034
-0.00220792
-0.00231607
-0.00268265
-0.0030138
-0.00304605
-0.00296261
-0.00294264
-0.00295172
-0.00290615
-0.00288219
-0.00310937
-0.0034924
-0.003568
-0.0033218
-0.00309957
-0.0029594
-0.00281702
-0.00262622
-0.00246601
-0.00240505
-0.00237638
-0.00233379
-0.0022676
-0.00218276
-0.00224362
-0.00241797
-0.0021872
-0.00156035
-0.00118507
-0.00117523
-0.00118301
-0.00110499
-0.00103132
-9.94165E-4
-9.78118E-4
-8.72884E-4
-4.13856E-4
3.22846E-4
6.87151E-4
4.70665E-4
2.8869E-4
5.20801E-4
8.4851E-4
9.23174E-4
8.45012E-4
9.14775E-4
0.00117474
0.00144809
0.00168085
0.00180811
0.00176643
0.0016673
0.00159742
0.00162997
0.00180882
0.00194075
0.00188669
0.00177579
0.00170918
0.00165624
0.00158611
0.00146056
0.00132306
0.00129579
0.00129331
0.00128268
0.00139548
0.00150623
0.00145877
0.00135142
0.00127683
0.00121515
0.00115905
9.69028E-4
6.04815E-4
5.15106E-4
7.7909E-4
