-3.07915E-5
-2.8200619999999997E-4
-7.901999999999999E-4
-9.659881999999999E-4
-8.95144E-4
-8.620830999999999E-4
-7.677053999999998E-4
-5.716845E-4
-2.9503559999999996E-4
-6.0717479999999995E-5
1.495972E-4
2.3359659999999997E-4
-9.528964E-5
-4.3837569999999993E-4
-3.453279E-5
7.785373999999999E-4
3.358576E-4
-0.001706334
-0.0033174309999999996
-0.004406802999999999
-0.006371395
-0.007942964
-0.009042440999999998
-0.007976586
-6.636643999999999E-4
0.0059524109999999995
0.0061274219999999996
0.006250002
0.005845536999999999
9.102716999999998E-4
-0.004534083
-0.004585283999999999
-3.3378159999999994E-4
0.0016837209999999998
0.0019642029999999994
8.121935E-4
4.160157E-4
0.006542233999999999
0.01097492
0.008468297
0.005950625
0.006915398999999999
0.009954493999999998
0.01255509
0.013323079999999998
0.006323497
-0.008176511
-0.016096769999999996
-0.01614074
-0.014141549999999998
-0.011938789999999998
-0.015470359999999999
-0.02010551
-0.015995729999999996
-0.007249935999999999
-0.00177177
0.0023259619999999996
0.001520673
-0.008216738
-0.01159779
-0.002021186
0.003670547
0.001073364
-0.0011440429999999998
-0.0024528219999999995
0.003423161
0.01675778
0.028299429999999997
0.030756729999999996
0.01270808
-0.012029829999999998
-0.014179959999999998
-0.001022946
0.008791389
0.01838215
0.02782554
0.024845429999999998
0.007457639
-0.005426872999999999
-0.008169535
-0.007880041999999999
-0.002252395
0.002147359
-0.0038085929999999994
-0.016743339999999995
-0.027048539999999996
-0.030715719999999995
-0.027730489999999997
-0.01818664
-0.008675512
-0.0057823
-0.008404457999999998
-0.012929719999999999
-0.01048734
0.0023547519999999995
0.01012156
0.011136949999999998
0.017960559999999997
0.022170809999999996
0.016512819999999998
0.01264109
0.01236035
0.009015355
0.004106559
6.467371999999999E-4
-0.0014756129999999998
-0.002240429
-9.093955999999999E-4
0.0012522369999999998
0.0028929839999999995
0.0018059049999999998
-0.001039152
-0.001519287
1.1944349999999998E-4
-3.320816E-4
-0.008651009999999999
-0.01866861
-0.01536788
-0.00401324
0.001172763
0.00163603
-0.005020914
-0.01660093
-0.01429484
-7.870347999999999E-4
0.011313569999999998
0.01893682
0.019385899999999998
0.01920645
0.019908289999999995
0.02059972
0.02392051
0.025694049999999996
0.025621509999999997
0.027348669999999995
0.028340999999999998
0.01853844
0.0034388499999999994
-0.0018755479999999999
-0.005457678
-0.009113663999999999
-0.004877433999999999
-0.007422215999999999
-0.024312879999999995
-0.0384337
-0.03631354999999999
-0.020434759999999996
-0.005632017999999999
-0.0024007839999999996
-0.007400940999999999
-0.01226419
-0.0110772
-0.004104011
0.0030754889999999994
0.004359427999999999
0.004605506999999999
0.005533871
0.004303983
0.006045666999999999
0.008810472
0.007041001999999999
0.0020594319999999995
-0.0015567079999999997
-0.003119308
-0.004731216
-0.0024767299999999995
0.004600085
0.01087068
0.017914679999999995
0.020388289999999996
0.00740256
-0.008921767
-0.01601598
-0.014644709999999998
-0.009530464999999998
-0.009062946
-0.009424220999999998
-0.006983153999999999
-0.005548764
-0.004704566
-0.00576386
-0.008091606999999999
-0.009113429
-0.011243599999999998
-0.01428542
-0.0162036
-0.0158909
-0.010194049999999998
-0.0034933369999999996
-8.791290999999999E-4
-0.00312657
-0.012845469999999998
-0.022121549999999997
-0.021240279999999997
-0.0190526
-0.02370934
-0.025396199999999997
-0.017676979999999995
-0.010281849999999999
-0.007787796
-0.008403727999999997
-0.01699788
-0.03170418
-0.043578519999999996
-0.04688753999999999
-0.04068621
-0.02841451
-0.010833249999999999
-1.245647E-4
-0.005101952999999999
-0.005841154
0.004774704
0.02356025
0.04617870999999999
0.059623869999999995
0.06334239999999998
0.06408399
0.06803734999999998
0.07504827
0.08399091
0.09207128
0.0939186
0.07974736999999998
0.05063423
0.03367944
0.025707629999999995
0.018762659999999997
0.03196393
0.050667899999999995
0.05729191
0.06039073
0.05726314999999999
0.04604946
0.0350071
0.02460221
0.01655653
0.010445789999999998
9.440060999999999E-4
-0.01655797
-0.039601729999999995
-0.05679141
-0.06869945999999999
-0.08058227
-0.09129105999999998
-0.09727888999999999
-0.10186169999999999
-0.10651939999999999
-0.09867384
-0.08282105
-0.06736129
-0.04543301999999999
-0.02665052
-0.02001163
-0.01213155
-0.0026388659999999997
-0.008232633
-0.0192913
-0.02169788
-0.026814429999999997
-0.0326288
-0.028116779999999997
-0.022816649999999997
-0.02099037
-0.014273309999999999
-0.007151807999999999
-0.0036585679999999996
-0.005682007
-0.01990497
-0.034780429999999994
-0.03769238
-0.0329245
-0.026935789999999998
-0.023497269999999997
-0.023128139999999995
-0.026330359999999997
-0.03130167
-0.03109262
-0.022496589999999997
-0.010083139999999999
0.0059407029999999994
0.026394649999999995
0.040779739999999995
0.0470705
0.05361219999999999
0.05876535
0.06153130999999999
0.06690634999999999
0.07299324999999998
0.06680449
0.04771451
0.03438616
0.02538365
0.01124917
-0.0025192719999999995
-0.01234238
-0.019057899999999996
-0.026435729999999998
-0.036358119999999994
-0.04185738
-0.03251472
-0.0143367
-0.00156966
0.004909269
0.006723165999999999
0.0018685559999999997
-0.006538410999999999
-0.010708769999999998
-0.004705345999999999
0.009414111
0.027695979999999995
0.0421158
0.04648493
0.04718372
0.04097590999999999
0.03175413
0.027823529999999996
0.02569826
0.026948529999999995
0.028094939999999995
0.026444079999999995
0.02418515
0.02147092
0.01933916
0.016486469999999996
0.01198383
0.009072528999999998
0.01437624
0.024932459999999997
0.0363842
0.050373259999999996
0.05757573
0.06145866999999999
0.06670701
0.06453737
0.062226769999999994
0.06339139
0.06645586
0.07494917
0.08144896
0.08517464
0.08801054
0.08167772999999999
0.07178524
0.06561438999999998
0.05783081999999999
0.0493723
0.03762529
0.015976309999999997
-0.005477886
-0.0174434
-0.02794384
-0.042874949999999995
-0.04598313
-0.03282087
-0.0259661
-0.023231789999999995
-0.012715169999999998
-0.004890463
-0.002912787
-0.0026925469999999996
-0.006572383999999999
-0.012720049999999998
-0.01994696
-0.025227489999999998
-0.023454159999999998
-0.0218374
-0.023198289999999996
-0.02563766
-0.03372474
-0.04507462
-0.05496697999999999
-0.06214322
-0.06662534999999999
-0.06576572
-0.06115979999999999
-0.06114841
-0.06203081999999999
-0.06341021
-0.07002351999999999
-0.07566260999999999
-0.07950553999999999
-0.08452595999999998
-0.08956543
-0.09531210999999999
-0.1003328
-0.10291109999999999
-0.1035619
-0.10085509999999999
-0.09791538999999999
-0.09773262
-0.09628338999999998
-0.09132156
-0.08526559
-0.07898484
-0.0703536
-0.06480035999999999
-0.06409191
-0.06155682999999999
-0.06042694999999999
-0.062043179999999996
-0.05923952999999999
-0.05244709
-0.04776361999999999
-0.04426383
-0.03906907
-0.033644299999999995
-0.028316629999999995
-0.02294775
-0.018287659999999997
-0.009847697999999998
0.004370392
0.01590111
0.02439846
0.03461912
0.04366253
0.051202689999999995
0.05627486
0.058749749999999996
0.06289844999999998
0.06785153
0.07316048999999998
0.07926893
0.08530775
0.09498212
0.1035627
0.1044377
0.1063103
0.11235719999999999
0.116987
0.1214303
0.1276203
0.1332148
0.13669019999999998
0.1407511
0.1445216
0.1414503
0.1357351
0.1317224
0.1234641
0.11362399999999999
0.1044101
0.09030024
0.07748509999999999
0.07590589
0.07512017
0.06347452
0.04860464999999999
0.03351404
0.014322559999999998
-0.0036516459999999997
-0.020481759999999998
-0.042026829999999994
-0.06293156999999999
-0.07449853999999999
-0.08352644999999999
-0.09618475
-0.09607849
-0.08465674
-0.084049
-0.08733896999999999
-0.08392251999999999
-0.08080333
-0.07534476
-0.06583356
-0.05785760999999999
-0.049442009999999995
-0.04326131
-0.04212782999999999
-0.039700179999999995
-0.03829892
-0.04045598
-0.039870329999999995
-0.03372418
-0.026763319999999997
-0.022945489999999995
-0.019292089999999998
-0.015464359999999998
-0.013540659999999998
-0.014320269999999998
-0.01728833
-0.019419979999999996
-0.01991797
-0.01957512
-0.01966759
-0.02023827
-0.02178096
-0.025162749999999998
-0.02905224
-0.03392034
-0.03874572999999999
-0.04187536
-0.04421137
-0.04570137
-0.04349062
-0.03776151999999999
-0.03162258
-0.023391079999999998
-0.01453525
-0.0074744139999999995
-6.734034E-4
0.005414354
0.011039299999999998
0.0160044
0.018480349999999996
0.019603009999999997
0.02000694
0.01806791
0.01684459
0.021246739999999997
0.028586979999999998
0.034500409999999995
0.03833183999999999
0.0397339
0.04070076
0.037779749999999994
0.02964938
0.02165729
0.012296709999999999
0.0016657139999999998
-0.007766179999999999
-0.01625916
-0.02349566
-0.026923919999999997
-0.022190059999999998
-0.015077239999999999
-0.01166018
-0.005003215
0.004789447
0.01272696
0.02096815
0.028308669999999998
0.030831469999999996
0.03210453
0.03604366999999999
0.03934824
0.04078758
0.041748999999999994
0.0381673
0.029426669999999995
0.02057956
0.01066451
-3.178223E-4
-0.008134718
-0.01277301
-0.015083209999999998
-0.014576619999999998
-0.0144107
-0.016464709999999997
-0.01886944
-0.021062929999999997
-0.01965497
-0.012750489999999998
-0.00285905
0.005322860999999999
0.008103353
0.007565294999999999
0.00125371
-0.006177052999999999
-0.003897281
0.004548108999999999
0.011781729999999999
0.02211455
0.041597079999999995
0.051033419999999996
0.04656335999999999
0.048743249999999995
0.048317509999999994
0.04033326999999999
0.03701714
0.03823134
0.03861085
0.03604306
0.03301858
0.030749169999999996
0.02806374
0.02708882
0.02939964
0.029649369999999998
0.021210169999999997
0.008287271999999998
-9.337628999999999E-4
-0.010127789999999998
-0.015387779999999998
-0.012979469999999998
-0.01462484
-0.017858449999999998
-0.01956395
-0.02707371
-0.035919389999999995
-0.04116179
-0.044361059999999994
-0.047024689999999994
-0.05078064
-0.05266313
-0.04984792999999999
-0.04682937
-0.046745169999999996
-0.04617170999999999
-0.044301999999999994
-0.04337615999999999
-0.04283168999999999
-0.04175977
-0.03926899
-0.03489832999999999
-0.030510839999999997
-0.027502589999999997
-0.025201719999999997
-0.02536799
-0.028909729999999998
-0.03247274
-0.03180301
-0.024045179999999996
-0.016474859999999997
-0.012587599999999997
-0.009573074
-0.013192399999999998
-0.019563099999999996
-0.022687509999999998
-0.02442346
-0.020733479999999995
-0.014978
-0.010042329999999999
8.230534999999999E-4
0.013111669999999999
0.01974604
0.0230998
0.026378839999999997
0.02996425
0.03257197
0.03454472
0.03643669
0.03743144999999999
0.036904009999999994
0.035238
0.03410574
0.0325702
0.030247709999999997
0.03131642999999999
0.03506671
0.036399089999999995
0.03625649
0.03673195
0.0361551
0.03472408
0.034089219999999996
0.03386851
0.03340142
0.033248469999999995
0.03223811
0.026889199999999995
0.0192413
0.012759339999999997
0.00450601
-0.005635621
-0.0145277
-0.022063479999999996
-0.028770029999999995
-0.034388159999999994
-0.0386749
-0.041429539999999994
-0.04170362999999999
-0.040819459999999995
-0.041472249999999995
-0.042526219999999997
-0.04282555
-0.043146109999999994
-0.043591099999999994
-0.04440359
-0.04191123
-0.03444086999999999
-0.025028839999999997
-0.01619678
-0.01394479
-0.0138004
-0.008474117999999997
-0.0037925929999999995
-8.999466999999999E-4
0.003702609
0.007523804999999999
0.008787118999999998
0.010378129999999998
0.01224759
0.01256839
0.01304927
0.014097159999999997
0.014669509999999998
0.015031289999999998
0.015382689999999997
0.01569596
0.01581655
0.01568403
0.01710866
0.02068349
0.02270416
0.02293924
0.025208519999999998
0.02919447
0.0326245
0.03545981
0.037692769999999994
0.03764744
0.03356666
0.027916479999999997
0.023633149999999995
0.018347009999999997
0.01137636
0.006297237999999999
0.0030084389999999995
-0.0015045159999999998
-0.005723696
-0.008453797999999998
-0.01231351
-0.017832539999999997
-0.02026061
-0.01430979
-0.007635746999999999
-0.007789104999999999
-0.008937498
-0.010533209999999998
-0.01577251
-0.02164167
-0.02431501
-0.02612636
-0.02737018
-0.02343675
-0.018457769999999995
-0.01434025
-0.007373037999999999
-0.0019283499999999997
-0.001007428
-0.0014302319999999998
-0.0027416259999999996
-0.001968308
0.002951192
0.006067963
0.006777818999999999
0.008537542999999998
0.008035752
0.005354818
0.004618203
0.0050937249999999995
0.005968260999999999
0.006327355999999999
0.003161228
-0.001641349
-0.0029438959999999997
-0.003394049
-0.007121497
-0.010375049999999999
-0.01043377
-0.010346309999999997
-0.008555766
-0.0024228139999999997
0.002686187
0.006229589999999999
0.012645199999999999
0.01986718
0.02338415
0.02419035
0.026225339999999996
0.028668499999999996
0.02681694
0.02154785
0.01831422
0.014541899999999998
0.007486409999999999
4.93607E-4
-0.0035463049999999996
-0.0033924809999999997
-0.0036164609999999996
-0.006246169999999999
-0.007381183
-0.009310593
-0.015258909999999999
-0.019714019999999995
-0.021247549999999997
-0.020947309999999997
-0.015138019999999999
-0.006651965999999999
-0.001433183
-7.725185999999999E-4
-0.0020943589999999996
-0.004220609999999999
-0.00516001
-0.003790236
-0.0033598809999999995
-0.004069501999999999
-0.0064229249999999995
-0.01051492
-0.013388969999999998
-0.01516434
-0.014606409999999998
-0.01188089
-0.0110502
-0.010267639999999998
-0.009967513999999999
-0.013466459999999998
-0.01734983
-0.01909462
-0.01716407
-0.012704889999999998
-0.01033245
-0.008777226
-0.007059762
-0.005245577
-0.00162248
0.002871652
0.006917761
0.009326255
0.00954905
0.008417125999999999
0.007266399999999999
0.006354588
0.004456797999999999
0.0019780019999999995
6.112844999999999E-4
0.002018366
0.0045370359999999995
0.005132955999999999
0.005831137999999999
0.007023641
0.004602653
-3.6941899999999995E-4
-0.005471982999999999
-0.010405389999999999
-0.012793079999999998
-0.01439008
-0.01617257
-0.01646894
-0.01728957
-0.018847389999999995
-0.0199318
-0.020577479999999995
-0.021044799999999995
-0.021791209999999995
-0.023546199999999996
-0.024062769999999997
-0.017508869999999996
-0.004563306999999999
0.007425060999999999
0.01400413
0.0161776
0.018910719999999995
0.0229287
0.024961499999999998
0.02631122
0.02772363
0.028568949999999996
0.02807885
0.025160339999999996
0.022198219999999998
0.018589959999999996
0.013061259999999998
0.009122724
0.007049395
0.005604353999999999
0.006683506999999999
0.008865205
0.009899467
0.01124003
0.013195389999999998
0.014988729999999999
0.016338029999999996
0.01697392
0.01752704
0.01729515
0.015346149999999998
0.015016309999999998
0.01886507
0.024896339999999996
0.029995319999999995
0.03129816
0.03164466
0.03308551
0.031139499999999997
0.026342409999999997
0.020864339999999995
0.01601424
0.01286176
0.008827621
0.004526433
7.634E-4
-0.005763519999999999
-0.009894009999999998
-0.007134371999999999
-0.005720832999999999
-0.008503599
-0.01598283
-0.025027709999999998
-0.028209369999999998
-0.027896539999999997
-0.025942769999999997
-0.02525108
-0.02844347
-0.031044349999999995
-0.031215029999999998
-0.030416599999999995
-0.029973239999999998
-0.029007029999999996
-0.02262356
-0.015577689999999998
-0.01574191
-0.015562819999999998
-0.013048459999999998
-0.015535789999999999
-0.02167727
-0.02823974
-0.032886069999999996
-0.034332089999999996
-0.03448578
-0.03229540999999999
-0.02850197
-0.02400058
-0.01753842
-0.011040699999999999
-0.004351649
0.0034734889999999997
0.008699415
0.010618699999999998
0.01146315
0.008539936999999997
0.004162465
0.002167846
-5.611171E-4
-0.003652778
-0.0035848329999999995
-0.001959588
-8.250965E-4
0.0025980099999999996
0.006891473
0.009202819
0.012154339999999998
0.01573061
0.01781195
0.020390449999999997
0.022016449999999996
0.017923059999999998
0.01324412
0.013465339999999998
0.017101349999999998
0.0210386
0.02214945
0.02335786
0.02592078
0.025732059999999998
0.023556159999999996
0.023675179999999997
0.026263009999999996
0.028066689999999995
0.02854495
0.02981783
0.03169432
0.029780929999999997
0.02308413
0.016381049999999998
0.009684923999999998
0.002779076
-0.001083541
-0.0035969739999999997
-0.006218522999999999
-0.007412740999999999
-0.009890872
-0.013789249999999998
-0.014737879999999998
-0.01673861
-0.01976837
-0.017285959999999996
-0.014991129999999998
-0.017071759999999995
-0.01939215
-0.01928597
-0.01501452
-0.01039627
-0.007226772
-0.003234762
-0.0017065789999999997
-0.003271068
-0.005255946
-0.007820111
-0.009741048
-0.007577667999999999
-0.004044272
-0.00396745
-0.0035949079999999995
-0.0029551769999999994
-0.006895008
-0.014410589999999997
-0.02012241
-0.01938237
-0.01848718
-0.021985369999999997
-0.023515159999999997
-0.022726079999999996
-0.023788599999999997
-0.02179258
-0.012832679999999999
-0.006982943
-0.006476716999999999
-0.005320003
-0.007271500999999999
-0.014309049999999999
-0.020218329999999996
-0.01985399
-0.018064059999999996
-0.01827289
-0.0178525
-0.0173471
-0.01713088
-0.0164262
-0.012482939999999998
-0.0052613
0.0016586629999999999
0.00870298
0.014376319999999998
0.018318709999999995
0.023400219999999996
0.028497879999999996
0.03404458
0.04007221
0.04471538
0.04811126999999999
0.04951578999999999
0.04752226
0.04286147
0.038709
0.03543448999999999
0.03156624
0.02769182
0.023811419999999996
0.01974863
0.01572032
0.012295529999999999
0.01029346
0.009268499
0.009932266
0.011453929999999998
0.011365049999999998
0.01069272
0.0075110129999999995
-3.1375269999999995E-4
-0.009114504
-0.014753949999999998
-0.01683569
-0.018430009999999997
-0.02008139
-0.0190498
-0.01568764
-0.011831139999999999
-0.006740067999999999
-7.463563999999999E-4
0.005163029
0.009095788
0.01167538
0.012566309999999999
0.006809644999999999
3.6686769999999996E-4
-0.0016861129999999997
-0.005571165999999999
-0.012004219999999998
-0.01609469
-0.016881229999999997
-0.018528
-0.021822649999999996
-0.02395338
-0.02534666
-0.024694879999999995
-0.0213784
-0.019775769999999998
-0.01941888
-0.01848684
-0.019330919999999998
-0.020415259999999998
-0.017742289999999997
-0.012963079999999998
-0.01116961
-0.010830749999999998
-0.008982733999999997
-0.008946543
-0.01061136
-0.010898689999999999
-0.009671408999999999
-0.007212898999999999
-0.005333961999999999
-0.004400802
-0.0027505869999999997
-9.334798999999998E-4
0.0010275919999999997
0.0038525789999999996
0.006478482
0.008112501999999999
0.009428367999999998
0.011104699999999999
0.01269935
0.01233791
0.01094722
0.013159699999999998
0.01735323
0.018699299999999995
0.019725759999999995
0.021344489999999997
0.01865109
0.013881149999999998
0.01184636
0.009299057999999999
0.004779227
2.9238189999999996E-4
-0.003723272
-0.005614734999999999
-0.006678528999999999
-0.009741992999999997
-0.0162593
-0.023597359999999998
-0.0253386
-0.02550158
-0.02829286
-0.027564659999999998
-0.02066732
-0.008939369999999999
0.001956405
0.004255849999999999
0.00314884
0.0037289529999999997
0.0021400249999999994
-8.100443999999999E-4
-0.005024866
-0.008684329
-0.006280876999999999
-0.001731764
8.697181E-4
0.0032448709999999994
0.005192071
0.007108882999999999
0.00888935
0.010770769999999999
0.01480419
0.018988089999999996
0.021211319999999995
0.02290223
0.02262559
0.02046195
0.02039936
0.021941239999999997
0.023031939999999997
0.020581799999999997
0.011603649999999998
0.0019269859999999999
-0.005163474999999999
-0.01272518
-0.018453619999999997
-0.02096536
-0.020249
-0.01726317
-0.0163687
-0.01592419
-0.013637049999999998
-0.010904689999999998
-0.007928826
-0.00457805
-3.247066E-4
0.005079712999999999
0.01042991
0.01406912
0.016811229999999996
0.01964398
0.021650519999999996
0.02300329
0.024367669999999998
0.0260769
0.027543769999999995
0.02803899
0.02839536
0.027430479999999997
0.0243152
0.02187045
0.01965915
0.014513029999999998
0.008873678
0.0017166189999999997
-0.007957490999999999
-0.01102367
-0.01043546
-0.011187879999999999
-0.009017671
-0.007190356999999999
-0.006872431
-0.005883813
-0.004781808
-0.003805825
-0.00405259
-0.005109764
-0.0068210779999999995
-0.01051108
-0.01454141
-0.017112079999999998
-0.01847161
-0.017897659999999996
-0.015161649999999999
-0.012448609999999999
-0.009448653
-0.0058857399999999995
-0.0041754
-0.005568286999999999
-0.009527699
-0.01403006
-0.016970979999999997
-0.018190239999999996
-0.020321089999999997
-0.01995631
-0.014873709999999998
-0.01040664
-0.002502833
0.009288451
0.01561406
0.020265729999999996
0.026484219999999996
0.02427814
0.01748902
0.016292469999999996
0.01458422
0.010332089999999999
0.008244055999999998
0.006252637999999999
0.003053534
-1.5424509999999996E-4
-1.9515219999999996E-4
0.004624689
0.007459103
0.007073426
0.008790137
0.009111959
0.006339240999999999
0.005510317
0.0066645229999999995
0.007116493
0.007282275999999999
0.005672137
6.745535999999999E-4
-0.0029994469999999997
-0.004002549999999999
-0.006382336999999999
-0.010150629999999999
-0.01258629
-0.013176819999999999
-0.01409343
-0.01599442
-0.017491229999999997
-0.01843729
-0.01974532
-0.02002699
-0.01719112
-0.013767799999999998
-0.009528317
-0.004261141
-0.002721278
-0.001812879
-1.875387E-4
-0.0014941579999999998
-0.0028733329999999996
-4.402155999999999E-4
0.005807417
0.010622319999999998
0.012958669999999999
0.016266829999999996
0.019086709999999996
0.020496319999999995
0.021209349999999995
0.02128549
0.020898879999999998
0.019385699999999995
0.015589619999999998
0.011961019999999998
0.012990619999999998
0.01571141
0.01566415
0.014640869999999999
0.01213259
0.007309521999999999
0.0037208569999999997
0.004100225
0.006125510999999999
0.006653283
0.006146654
0.001639829
-0.006789187
-0.012666939999999998
-0.01669468
-0.0206533
-0.01988763
-0.01681354
-0.01648804
-0.01732936
-0.01932659
-0.021343029999999995
-0.02242616
-0.02421529
-0.02518101
-0.02498116
-0.025636039999999995
-0.025730469999999995
-0.02378234
-0.0220429
-0.020349839999999998
-0.017135039999999997
-0.014061529999999997
-0.011283449999999999
-0.007845987
-0.004515321
-0.00139732
0.0015845049999999997
0.003280607
0.00412794
0.004961012
0.0029691419999999997
-0.0024706569999999994
-0.006998426999999999
-0.009648373999999998
-0.0117312
-0.010203189999999997
-0.006721545999999999
-0.006465764
-0.006796886
-0.005258836
-0.004353299
-0.005303987
-0.006642120999999999
-0.007251542
-0.00545602
-8.132339E-4
0.002586743
0.004704052999999999
0.008213084
0.01167906
0.013684629999999998
0.015048269999999999
0.016702529999999997
0.017811789999999997
0.01822069
0.01879142
0.01931808
0.01967686
0.02005067
0.020191089999999995
0.02030009
0.01948055
0.0144953
0.008348347
0.004334314
1.0983689999999999E-4
2.0259819999999997E-4
0.0035837489999999994
0.0033278069999999995
0.002465431
0.0026219239999999994
0.002292762
0.0030770399999999996
0.004976547999999999
0.006320191999999999
0.007816941
0.01058563
0.010536669999999998
0.004633738999999999
-0.0018637089999999999
-0.004622477
-0.0038892269999999994
-0.002681981
-0.003410059
-0.004231345
-0.005389442999999999
-0.007152377999999999
-0.008124921
-0.009364072
-0.010305119999999997
-0.008731856
-0.006677634
-0.004658397
3.7831519999999996E-4
0.006180159
0.010321899999999998
0.013225689999999998
0.01462773
0.01411203
0.01176664
0.009973156
0.009010130999999998
0.0067849139999999995
0.0015918669999999998
-0.003970506
-0.007220276999999999
-0.012927279999999998
-0.017235449999999996
-0.01590565
-0.01523037
-0.014221559999999998
-0.009806111
-0.005265445
-0.0039049369999999994
-0.003465339
-0.001985448
-0.001177922
-6.323567999999999E-4
8.443382999999999E-5
0.001492068
0.004046496
0.006220358999999999
0.008664169
0.011817399999999999
0.013861579999999998
0.01332821
0.009273378999999998
0.004984283999999999
0.00217875
-7.1724E-4
-0.0023441939999999995
-0.003950507
-0.004838029
-0.001358975
0.002013551
0.0017069919999999998
0.0022109109999999994
0.003175302
-4.3505639999999994E-4
-0.005719459999999999
-0.009069405999999999
-0.01165681
-0.01349792
-0.014959169999999999
-0.014248489999999999
-0.011657329999999999
-0.0108592
-0.01051724
-0.009126733999999997
-0.00863399
-0.009573883
-0.010178659999999999
-0.012023349999999999
-0.0159799
-0.01615355
-0.01315365
-0.01259406
-0.013643269999999999
-0.01599673
-0.018883229999999997
-0.01714605
-0.011514509999999999
-0.008416018
-0.005453527999999999
-9.034137E-4
8.584006E-5
4.648964E-4
0.0016269789999999998
2.4001629999999998E-4
-6.077849E-4
0.0041678029999999994
0.012237039999999998
0.01688887
0.019558339999999997
0.02324313
0.027274879999999998
0.0300781
0.028526259999999998
0.025760359999999996
0.025399119999999997
0.02366758
0.02081696
0.02185344
0.025090479999999995
0.02628058
0.026660589999999998
0.027683549999999998
0.028550169999999996
0.02860326
0.028412189999999997
0.02808329
0.02621863
0.02277549
0.01550807
0.004429449999999999
-0.004562204
-0.012242149999999999
-0.02111209
-0.025130469999999995
-0.024771949999999997
-0.02736757
-0.03170286
-0.035296789999999995
-0.03909433
-0.043322269999999996
-0.045918209999999994
-0.04480267999999999
-0.04371644999999999
-0.044351419999999996
-0.04417673
-0.04296736999999999
-0.03930904
-0.031932169999999996
-0.022155589999999996
-0.01276459
-0.006012838
-0.0019479799999999998
5.623977E-4
0.003002822
0.002476208
-5.492012E-4
-0.002101914
-0.004959504
-0.009495079
-0.013766369999999998
-0.017849729999999998
-0.01965844
-0.01631292
-0.009779876999999998
-0.004741438
8.12988E-4
0.008620099999999999
0.01539885
0.02158773
0.030165219999999996
0.04002698
0.0475837
0.05283539999999999
0.05639725999999999
0.057731529999999996
0.05736218999999999
0.05450393
0.05050746999999999
0.04726608999999999
0.04523570999999999
0.04477423
0.04261524
0.03302979
0.02080688
0.015819319999999998
0.010710089999999999
8.513497999999999E-4
-0.00474113
-0.0071196539999999996
-0.011524559999999998
-0.015466019999999999
-0.01725089
-0.01821396
-0.01681915
-0.012952089999999998
-0.010382699999999998
-0.008282611999999998
-0.004642411
-0.003637077
-0.006593688999999999
-0.008352391999999998
-0.008581579
-0.007720307
-0.004389862
-0.0019191689999999999
-3.892573E-4
0.0031177419999999997
0.007176503999999999
0.00876899
0.008983344
0.008648629
0.0059932499999999994
0.001717732
-0.004220078
-0.009894648999999998
-0.01319579
-0.017867839999999996
-0.02322591
-0.025578649999999998
-0.027624369999999995
-0.030914419999999998
-0.03351215999999999
-0.03455239
-0.033823019999999995
-0.03185473
-0.029105779999999998
-0.025786899999999998
-0.021628949999999997
-0.01694779
-0.01248341
-0.008479103
-0.005983194
-0.004373419
-0.0013650189999999999
0.00215865
0.004751745
0.006553656999999999
0.006254596
0.005090253
0.005074744999999999
0.0054464399999999994
0.007468418
0.010515499999999999
0.011973059999999999
0.01348371
0.015407549999999999
0.014448219999999998
0.011802419999999997
0.010809099999999999
0.009843843
0.007832475
0.005820615
0.0036559569999999996
0.0012585259999999998
-0.001263547
-0.003938595
-0.0048302829999999995
-0.0030745549999999996
-0.002130352
-0.0021936169999999997
-0.001312154
-9.542021999999999E-4
-0.0012057059999999997
-9.088325E-4
-6.51747E-4
-6.655686999999999E-4
-5.51324E-4
-4.3722119999999997E-4
-2.834779E-4
1.328403E-4
5.729711999999999E-4
8.755186999999998E-4
0.0012605549999999998
0.0017594469999999997
0.0018946619999999999
0.0013742069999999997
8.258156999999998E-4
4.991874E-4
-9.619044E-5
-0.001247152
-0.002820847
-0.005643577
-0.009084808999999998
-0.008829392999999998
-0.006405992999999999
-0.006344930999999999
-0.006015333
-0.00622539
-0.00987463
-0.013670369999999998
-0.01520118
-0.013203129999999999
-0.00905947
-0.004380862
-4.497514E-4
6.653874E-4
0.0011701899999999998
5.876717E-4
-0.0010845919999999999
-0.0029582809999999997
-0.0050536209999999995
-0.004517714999999999
-0.003650831
-0.004951626999999999
-0.006103349999999999
-0.0069299819999999995
-0.005256292
0.001084853
0.007563752
0.01100676
0.0127831
0.01366868
0.01322222
0.012800889999999999
0.01320376
0.013892739999999999
0.014796789999999999
0.015610269999999999
0.015544369999999998
0.01371828
0.011813079999999998
0.0108657
0.009573334
0.008042691
0.0067127689999999995
0.005329666999999999
0.0038466749999999995
0.002626948
0.0022444869999999994
0.001959411
0.0014870109999999999
0.00253054
0.004368739
0.005289484999999999
0.006430068
0.007885334
0.008483407
0.008834384
0.009568246
0.01181548
0.01602439
0.01878973
0.019688309999999997
0.02202215
0.02411732
0.02292426
0.021251819999999998
0.02080378
0.018900759999999996
0.016049929999999997
0.013487439999999998
0.008685513999999998
0.0018588059999999997
-0.002880725
-0.006676014
-0.010905799999999998
-0.012831119999999998
-0.013191429999999999
-0.01324602
-0.01326586
-0.01349104
-0.01357243
-0.01309631
-0.01031312
-0.006620168
-0.004494901999999999
-9.820470999999998E-4
0.0031562449999999994
0.0045988769999999995
0.003160699
-0.0017841519999999998
-0.006634128999999999
-0.009980202
-0.01333129
-0.015132119999999999
-0.017032039999999995
-0.01883009
-0.01663056
-0.01340326
-0.01087196
-0.006077098999999999
-0.001935537
0.001460003
0.0056295419999999995
0.008375329
0.012064979999999998
0.0162847
0.0181659
0.02059504
0.02329548
0.02414931
0.024593019999999997
0.023746139999999995
0.021877929999999997
0.02070234
0.01884639
0.015308479999999998
0.01105395
0.007360346999999999
0.002412216
-0.0031102379999999995
-0.006142820999999999
-0.009305004
-0.012927789999999998
-0.01336547
-0.012218769999999999
-0.0130996
-0.01478262
-0.01551398
-0.0162009
-0.017357939999999995
-0.01855367
-0.01744681
-0.013785979999999998
-0.01063773
-0.006786040999999999
-0.003197898
-0.002395813
-6.716626E-4
0.0019494479999999997
0.0031467629999999995
0.004247573999999999
0.005216862
0.0049549
0.003809894
0.002308442
0.0013140449999999998
0.0025389889999999997
0.004248817
0.004118059
0.0032830279999999995
4.4618839999999995E-4
-0.004283917
-0.007629189999999999
-0.01109888
-0.01610766
-0.019995229999999996
-0.021220389999999995
-0.020931489999999997
-0.02088221
-0.02127602
-0.021518999999999996
-0.02181759
-0.022569379999999997
-0.02369556
-0.0221977
-0.016994199999999998
-0.011522919999999999
-0.006080035999999999
-8.03751E-4
0.0027386
0.005656750999999999
0.008270986999999999
0.009816121
0.011573849999999998
0.013795029999999998
0.015572369999999999
0.017266109999999998
0.019116219999999996
0.020341389999999997
0.019797979999999996
0.01898017
0.017902489999999997
0.014266429999999998
0.012422399999999998
0.013747829999999999
0.01285818
0.01101297
0.01070218
0.009685376
0.00676153
0.0036231129999999994
0.0014799519999999999
-8.978712999999998E-4
-0.004631671999999999
-0.008004298999999998
-0.00924298
-0.01061748
-0.012457049999999999
-0.012907979999999998
-0.01353521
-0.01432661
-0.013607329999999999
-0.01275628
-0.0125172
-0.01171066
-0.01068088
-0.009969400999999998
-0.009095227999999999
-0.008261932
-0.00654149
-0.0025950779999999994
0.001287726
0.0038545229999999995
0.006984498
0.010388029999999998
0.012233239999999998
0.01279274
0.01328159
0.012986369999999999
0.011424349999999998
0.009911363
0.008148655
0.0038589049999999997
-7.864412999999999E-4
-0.002154756
-0.00279987
-0.004675520999999999
-0.006288091
-0.008165256999999999
-0.011167339999999998
-0.01357094
-0.014121849999999998
-0.01455747
-0.01585107
-0.01564833
-0.013888839999999998
-0.01317031
-0.01160957
-0.007781043999999999
-0.005107542
-0.0037700389999999998
-0.002280927
-0.001449713
-0.0013460599999999998
-0.0015947939999999999
-0.002238847
-0.0035897929999999995
-0.003290438
-3.792543E-4
0.001225332
0.0015017299999999997
0.0028695219999999994
0.004384415
0.0056511439999999994
0.006322107999999999
0.004539628
0.0020973599999999995
0.0011997289999999999
-9.730298999999999E-5
-0.002092621
-0.003642023
-0.005249154
-0.006728761999999999
-0.007464962
-0.008072278
-0.008709455999999999
-0.009140992999999998
-0.009123268999999998
-0.007486422999999999
-0.005441571
-0.004607703
-0.0038010729999999994
-0.002750299
-0.002264779
-0.002544054
-0.003004388
-0.0022270989999999997
-2.5562229999999996E-5
0.0017582029999999998
0.002716074
0.004111002
0.005592379999999999
0.005813227999999999
0.005266553999999999
0.0049230129999999995
0.00469335
0.004764044999999999
0.005010646999999999
0.005464721
0.0058680369999999996
0.005047253999999999
0.0036711359999999998
0.0029972049999999997
0.002210593
0.0015677359999999997
0.0020420519999999995
0.002558222
0.002040398
-6.361147E-5
-0.0024339679999999995
-0.0032073309999999995
-0.003959254
-0.0057854479999999995
-0.0061388599999999995
-0.004166565999999999
-0.002684891
-0.00226068
-0.001714784
-7.873662999999998E-4
0.00203982
0.005447664
0.006265097
0.006852866
0.007763687
0.006391021
0.005036155
0.004350695
0.0026639649999999995
7.110188E-4
-2.981986E-4
0.001955558
0.0051475209999999995
0.004804461
0.004201213999999999
0.004894395
0.004419512999999999
0.0033702419999999994
0.001642898
4.968472E-4
0.001312865
0.0013895819999999999
0.001206636
2.713728E-5
-0.004792515
-0.006501514999999999
-0.0015805219999999998
0.002791397
0.004579747
0.007332095
0.01067654
0.012938669999999998
0.014154979999999998
0.01439363
0.014304089999999998
0.01519731
0.01684205
0.01789724
0.018527829999999995
0.01964568
0.02024051
0.01951063
0.019203799999999997
0.01850622
0.015286369999999999
0.012488409999999998
0.011511839999999999
0.0101703
0.009329191
0.008962374999999998
0.007316081999999999
0.004623244999999999
9.303039E-4
-0.004481602999999999
-0.01028517
-0.01412742
-0.016694329999999997
-0.018032009999999998
-0.01766983
-0.01792849
-0.018909319999999997
-0.01940324
-0.019605869999999997
-0.019391999999999996
-0.01909111
-0.0191657
-0.01923378
-0.019158989999999997
-0.019198159999999995
-0.019235
-0.01928476
-0.018786389999999997
-0.01583582
-0.012439559999999999
-0.01084454
-0.006189768
-8.219653999999999E-4
-5.222748999999999E-4
5.728659E-4
0.004037095
0.005841923999999999
0.007547909999999999
0.01020908
0.01261481
0.014430989999999998
0.01607861
0.01770671
0.01898037
0.02002833
0.019723969999999997
0.017947489999999997
0.016328009999999997
0.013276919999999998
0.009879314
0.008551128999999998
0.006962059
0.005122800999999999
0.003965059
0.003033179
0.002977468
0.0031055769999999996
0.003488257
0.004796809
0.005772829
0.005813363
0.005574642
0.005662298
0.0058038529999999994
0.0055871539999999996
0.005223201999999999
0.004737132999999999
0.004233598
0.003698386
0.0025299549999999995
0.0021850969999999996
0.004003913
0.00500715
0.004495564999999999
0.004744276
0.00492047
0.004583525999999999
0.005215966
0.0065067879999999995
0.007468210999999999
0.007402389
0.005637465
0.003956978999999999
0.00288904
2.2694839999999998E-4
-0.0025632079999999995
-0.003725935
-0.006283564
-0.01091368
-0.01365795
-0.01430922
-0.015834239999999996
-0.01755789
-0.01843506
-0.01936485
-0.020253619999999996
-0.020565689999999998
-0.020150719999999997
-0.019691239999999995
-0.019352829999999998
-0.018596559999999998
-0.017784109999999995
-0.01637506
-0.014272039999999998
-0.01247021
-0.009618191
-0.007369745999999999
-0.008477837
-0.009017153
-0.007135413999999999
-0.005374717999999999
-0.004150520999999999
-0.0025474639999999997
-7.999303999999999E-4
-9.076900999999999E-6
3.6549379999999994E-4
0.0014313049999999997
0.0017508209999999998
4.274303E-4
-6.701745E-4
-6.018290999999999E-4
6.27823E-5
6.926884999999999E-4
0.0019123669999999999
0.0033020149999999997
0.001464195
-0.0021715889999999994
-0.003775307
-0.005410398999999999
-0.008041218
-0.009895821
-0.01179955
-0.012569299999999999
-0.01037938
-0.008530393
-0.008053238
-0.006750483999999999
-0.005234319
-0.004052665999999999
-0.0025864389999999994
-9.337470999999999E-4
3.823674E-4
0.001407014
0.002229634
0.0018499699999999998
6.489049999999999E-4
5.570082999999999E-4
0.0019827
0.003591262
0.004434124
0.005453015999999999
0.006255108
0.005498678
0.004954721
0.0057352209999999995
0.006185911999999999
0.006760268999999999
0.00853768
0.009808199
0.010102269999999998
0.01094682
0.011801529999999998
0.010975099999999998
0.009579841999999998
0.009178771
0.00871557
0.007704917
0.006809587999999999
0.005946397
0.004171175
3.5690379999999994E-4
-0.0027579589999999995
-0.0027461809999999994
-0.00230705
-0.0025810169999999997
-0.003944157
-0.006215315999999999
-0.007904378
-0.010003299999999998
-0.009981052
-0.005841867999999999
-0.002968271
-0.001995188
2.871238E-4
0.002489231
0.0036725119999999997
0.004413411999999999
0.005083737999999999
0.005827343
0.006141971999999999
0.006225429999999999
0.006709450999999999
0.007898286
0.009341547999999998
0.0100539
0.010434139999999998
0.01120874
0.011872149999999998
0.012467709999999998
0.012896469999999998
0.01062735
0.006163119
0.0027523589999999994
-6.348742E-4
-0.004036463999999999
-0.004638388
-0.0038418189999999994
-0.004428434
-0.004726642
-0.0036857929999999997
-0.0030177009999999994
-0.002526037
-0.0015637199999999998
-7.701004E-4
-2.0681069999999997E-4
2.921903999999999E-4
3.1979879999999994E-4
1.9315269999999998E-4
6.343605999999999E-4
0.001310296
0.0015467499999999997
9.756454E-4
7.132923E-5
-3.9754889999999994E-4
-9.387130999999999E-4
-0.001835199
-0.002767056
-0.002537357
-3.102499999999999E-4
0.001550052
0.0020921669999999994
0.0031846959999999994
0.004521543999999999
0.004287489999999999
0.0033178939999999996
0.0027821509999999996
0.001529708
-8.833931E-5
-0.0012069519999999999
-0.002428728
-0.0037712269999999994
-0.00513792
-0.005873885
-0.005212141
-0.004660276
-0.004396209999999999
-0.00251249
-0.001090504
-0.0027040139999999994
-0.00405233
-0.002404494
-4.0841529999999997E-4
2.341912E-5
-1.9776479999999996E-4
-4.103899E-4
4.793355E-4
0.00276996
0.004358872
0.004862039999999999
0.004997288
0.0038634099999999994
0.002431706
0.001967856
0.0015329279999999998
0.001346117
0.001871331
0.0017983449999999998
1.7653329999999998E-4
-0.001776488
-0.002893764
-0.004186613
-0.005287195
-0.004721841
-0.003923575
-0.003988801
-0.0037671449999999995
-0.003147606
-0.0029933909999999998
-0.0036630019999999994
-0.004451132
-0.005135175
-0.006672686
-0.008069210999999998
-0.0074500289999999995
-0.006132432
-0.005818127999999999
-0.005236740999999999
-0.004056856
-0.0032012309999999997
-0.00221458
-9.177873999999999E-4
3.91923E-4
3.65116E-4
-0.001627726
-0.0030097779999999994
-0.0036141979999999995
-0.004845353
-0.004779685999999999
-0.0034062349999999996
-0.00281444
-0.002018146
-4.380572E-4
3.295144E-4
1.505069E-4
2.101163E-4
6.13581E-4
6.377005E-4
9.413373999999999E-4
0.0026685459999999995
0.00475263
0.005857708
0.006751070999999999
0.008497872
0.01073115
0.0120828
0.01280503
0.014338909999999998
0.014287329999999999
0.01080591
0.007900338999999998
0.006468984999999999
0.003789529
8.541014999999999E-4
5.817161E-4
0.002305906
0.0030056249999999996
0.003571951
0.0049756639999999994
0.006122052
0.006898991
0.006022654
0.003928116
0.00291636
0.002075248
3.7991559999999997E-4
-5.586558E-4
6.362287E-4
0.002277791
0.0029005999999999997
0.004173327999999999
0.0034111609999999994
-0.001706961
-0.004937875
-0.005373192
-0.007488218
-0.008676964999999998
-0.007661108999999999
-0.007709504
-0.008241701
-0.008035812
-0.007982519999999998
-0.007578928999999999
-0.006420741999999999
-0.005499253
-0.0048584629999999995
-0.004099100999999999
-0.003429017
-0.002629923
-0.0014421699999999998
-1.9510939999999998E-4
8.279317999999999E-4
0.0015483239999999998
0.0020726309999999997
0.0027339149999999995
0.003438038
0.004349831999999999
0.005228082
0.0034964049999999997
0.0017363239999999998
0.005772087999999999
0.009090678
0.006998953999999999
0.0063819029999999995
0.006764568
0.005194131999999999
0.00452453
0.004999547
0.004960301
0.004760489999999999
0.004802122
0.0035025889999999995
5.473442E-4
-0.003062834
-0.007252359999999999
-0.009596154
-0.01012454
-0.01145908
-0.011342789999999998
-0.009787802
-0.009393288999999999
-0.008610169
-0.007045886
-0.005976354
-0.004943976999999999
-0.0038329899999999997
-0.002852732
-0.002043509
-0.0016157289999999998
-0.001184033
-3.5773529999999997E-4
8.850835E-4
0.0019268519999999997
0.001685252
8.779652999999999E-4
0.001032936
0.001658977
0.00176749
0.002016213
0.003603876
0.00550452
0.006297054999999999
0.007535603999999999
0.009690729999999998
0.011061099999999999
0.01225115
0.014082489999999998
0.013297009999999998
0.009190149
0.0064853919999999995
0.0031441639999999996
-0.002593121
-0.004950187
-0.006085344999999999
-0.009917463
-0.013005119999999998
-0.013867559999999998
-0.01438509
-0.01547244
-0.01568831
-0.015072009999999999
-0.014861649999999999
-0.01364367
-0.011600379999999999
-0.01011038
-0.008295727
-0.005938330999999999
-0.003485638
-0.001071782
0.001172228
0.0031811269999999997
0.004317951
0.005021873
0.006120763999999999
0.006893276999999999
0.007483037
0.008622579999999998
0.009686077999999999
0.01015358
0.010558919999999998
0.011159469999999998
0.011372499999999999
0.009734980999999998
0.005478204999999999
0.00130617
-8.804449E-4
-0.002899196
-0.004784524
-0.004482707999999999
-0.0033327849999999996
-0.0033112639999999995
-0.0031795599999999997
-0.002693108
-0.002442901
-0.001888666
-0.0021780949999999997
-0.004119561999999999
-0.005431092999999999
-0.005675241
-0.0065655719999999996
-0.007280556999999999
-0.006069770999999999
-0.003910354
-0.002353423
-2.747982E-4
0.002659749
0.004825859
0.005756539999999999
0.006503442999999999
0.007643296
0.00859768
0.008997194999999998
0.008886448
0.008814746999999998
0.008770423
0.008715084999999997
0.009362408
0.009733589999999999
0.009348271
0.008771512999999998
0.007655568999999999
0.006176829
0.0036917559999999996
7.724471999999999E-4
-0.00102368
-0.00269272
-0.004313708999999999
-0.006363238
-0.009328914
-0.010685629999999998
-0.01047621
-0.009933670999999998
-0.008362921
-0.0059178139999999995
-0.004261979
-0.004736691999999999
-0.003776713
3.0311999999999993E-4
0.0027539259999999994
0.00277664
0.0021832199999999996
0.0016683439999999998
0.002477232
0.0032911
0.003201306
0.0033988899999999995
0.0037479399999999995
0.0029997869999999994
0.0016536869999999998
0.0016503579999999998
0.002051592
0.0017450799999999998
0.0016958689999999998
0.001647531
0.001377305
0.001468673
0.001525008
9.54668E-4
-2.132486E-4
-0.0012847329999999997
-0.001687685
-0.002202681
-0.0026549869999999997
-0.002172825
-0.0016618319999999998
-0.0013181749999999998
-7.051136E-4
-3.1798339999999995E-4
-4.196954E-4
-9.573888999999999E-4
-0.0017771009999999997
-0.002832384
-0.003933557999999999
-0.004470598999999999
-0.004409698
-0.004540614
-0.004699475
-0.00446214
-0.004188315
-0.0035551219999999995
-0.002727564
-0.002338479
-0.001998593
-0.002239873
-0.003344498
-0.0029102089999999995
-5.442523999999999E-4
0.0017258519999999997
0.004119211999999999
0.006028293999999999
0.006344911
0.005766746999999999
0.004925839
0.004521174
0.0040880989999999996
0.003092209
0.0020539249999999994
0.0010455029999999997
2.7673439999999997E-4
-2.0243099999999996E-4
-9.567612E-4
-0.0018129819999999999
-0.002488394
-0.0032829529999999995
-0.004142212
-0.004971795999999999
-0.005755902
-0.006440672999999999
-0.005964627
-0.003621577
-0.0015168169999999997
-2.5404299999999997E-4
0.001067643
0.0020053249999999996
0.00303453
0.0039047819999999994
0.004087405999999999
0.004237267999999999
0.0036339609999999994
0.0019143519999999998
1.954874E-4
-8.155511999999999E-4
-0.001162863
-0.0012088589999999998
-0.0010255909999999997
-4.5837229999999996E-4
3.487112E-4
9.785573E-4
0.0014682149999999997
0.0018668159999999999
0.002547678
0.004119034999999999
0.00517789
0.004978760999999999
0.004593753999999999
0.0037058959999999998
0.002661497
0.002210406
0.001875659
0.001859127
0.0020979999999999996
8.675859E-4
-0.0015982009999999998
-0.0024310859999999994
-0.0023137939999999997
-0.0024965009999999995
-0.001620342
-8.706889E-4
-0.00139022
-0.0015581279999999998
-0.001177826
-0.0014599459999999997
-0.0021578069999999994
-0.0026096309999999994
-0.0033041519999999994
-0.004348337999999999
-0.005211823
-0.0059545069999999995
-0.006634604999999999
-0.007266193999999999
-0.007904679
-0.008376385999999998
-0.008440356999999999
-0.007788789999999999
-0.006366542
-0.004038886999999999
-0.0017236609999999998
-3.9289239999999997E-4
0.001389969
0.0035550019999999994
0.004004744
0.0034281409999999996
0.0036715099999999994
0.004039024
0.0038049269999999996
0.003739105
0.0036559239999999996
0.0028784309999999994
0.001983316
0.0013170329999999998
3.116999E-4
-0.0011871479999999998
-0.002777818
-0.0025588379999999995
-4.670363E-4
3.676164E-4
4.5197839999999993E-4
2.3454469999999996E-4
-0.001654615
-0.002697949
-0.0017375859999999997
-5.775138E-4
-2.020366E-4
-2.0745109999999997E-4
-2.118685E-4
-7.662783999999999E-4
-0.00131354
-0.0012361719999999998
-5.764092999999999E-4
5.728827E-4
0.0013762619999999998
0.001826387
0.003492923
0.005190056
0.0050024399999999995
0.0053404889999999995
0.007078161999999999
0.007478215999999999
0.005264753
0.002945295
0.002031252
9.214379999999999E-4
-4.4880209999999997E-4
-9.136195E-4
2.022175E-4
0.0017070269999999999
0.002564957
0.0026980429999999994
0.0017619009999999997
8.749505999999999E-4
8.270414E-5
-0.001168983
-0.002366744
-0.0033783139999999994
-0.004020435
-0.0038418439999999996
-0.0023897
-6.704301999999999E-4
6.148211999999998E-4
0.002190513
0.0035617639999999994
0.004521131
0.004428565
0.0030331999999999994
0.002724308
0.0034500209999999997
0.0034359209999999998
0.0034971119999999997
0.004813791999999999
0.006356655999999999
0.007292318999999999
0.007231171999999999
0.005941514
0.005422669999999999
0.005611849999999999
0.004577413999999999
0.0029773779999999997
0.002093608
0.002220532
0.002494854
0.001660281
4.239126E-4
-2.1261859999999996E-4
-7.623229999999999E-4
-0.0017500679999999998
-0.0026753329999999994
-0.0029046399999999996
-0.0030050709999999994
-0.003611857
-0.004276062999999999
-0.004716768999999999
-0.005173953
-0.005712822
-0.005683461
-0.004936145999999999
-0.004483299999999999
-0.004271328999999999
-0.003653941
-0.0033968769999999995
-0.004037905
-0.004358567
-0.004038623
-0.00417848
-0.004312952
-0.003549855
-0.00263234
-0.002172675
-0.0018892999999999998
-0.0015901719999999997
-7.965638E-4
4.908554E-4
0.001199867
0.001410375
0.0018853039999999998
0.00220001
0.002215758
0.0022640979999999995
0.0020969589999999994
0.0017361409999999999
0.0015723259999999998
9.009864E-4
-8.246317999999999E-4
-0.0024281289999999994
-0.0035883089999999996
-0.004906075999999999
-0.006258816999999999
-0.007574589999999999
-0.008588259
-0.009304544
-0.008892888
-0.006601057
-0.004631438999999999
-0.0036325259999999996
-0.002468055
-0.0016589079999999997
-0.001760756
-0.002025973
-0.001573141
-0.0011146029999999998
-0.001134501
-9.026793999999999E-4
-4.3395799999999997E-4
2.0170299999999996E-4
0.0013902719999999997
0.0026184869999999996
0.0035017309999999997
0.004496391999999999
0.005426136999999999
0.00502257
0.003518184
0.002343777
0.0015536799999999998
0.0014328949999999998
0.0016326769999999997
0.0014008779999999997
0.0015276229999999999
0.0018932019999999999
0.0019388339999999997
0.002040599
0.002229096
0.002417178
0.002484591
0.002219929
0.001993584
0.0019530379999999998
0.0017907949999999998
0.0016966799999999999
0.001899477
0.002116841
0.0022772269999999997
0.0024672509999999997
0.0023614989999999995
0.0017424579999999997
9.485522E-4
3.553737999999999E-4
-3.647948E-4
-0.0016066609999999997
-0.002677007
-0.003162023
-0.003732817
-0.004139382
-0.0038719469999999997
-0.0032907829999999994
-0.002632094
-0.001974063
-0.001163709
-2.6666309999999997E-4
4.429865E-4
0.0012571119999999997
0.002499199
0.003614207
0.004258031
0.004951717
0.005598925999999999
0.005970696
0.005921377
0.0052279
0.00437524
0.0033528199999999994
0.002019847
0.001241567
8.339998999999999E-4
-4.00992E-4
-0.002146866
-0.003005797
-0.0031007029999999994
-0.003739418
-0.004086556999999999
-0.002790734
-0.0014197979999999997
-0.001022431
-4.172107E-4
4.8527749999999995E-4
0.001080211
0.0014750719999999998
0.001777091
0.002089742
0.002236176
0.0018780079999999998
0.001419017
0.001177663
7.999211E-4
2.247192E-4
-3.211014E-4
-7.657342999999999E-4
-0.001229144
-0.0018490019999999998
-0.002454732
-0.003003309
-0.0038759839999999994
-0.004802180999999999
-0.004972635
-0.004770834
-0.004222896999999999
-0.0028325479999999994
-0.0015021099999999999
-1.9858349999999996E-4
0.001312268
0.002271701
0.003027554
0.004048035
0.004484927
0.0038013999999999995
0.0031828259999999997
0.0030713089999999995
0.002682999
0.0021798079999999997
0.0018480819999999998
0.001480404
0.0011235759999999998
9.283375999999999E-4
7.955446999999999E-4
5.879674999999998E-4
4.25468E-4
4.135023999999999E-4
4.13607E-4
3.511502E-4
3.1053579999999997E-4
2.982731E-4
2.7606809999999995E-4
1.458979E-4
-9.604769999999999E-5
-4.14203E-4
-8.944236999999999E-4
-0.001326014
-0.00159229
-0.0019390279999999998
-0.0022143469999999998
-0.001976161
-0.001573722
-0.0015692929999999998
-0.001601883
-0.0014684129999999998
-0.0016357059999999998
-0.0020658159999999994
-0.002231368
-0.0019448689999999997
-0.0015562569999999997
-0.001386962
-0.0012114279999999999
-9.654516999999999E-4
-8.155203999999999E-4
-6.678774999999999E-4
-4.931617999999999E-4
-3.300351E-4
-1.636937E-4
-7.649023E-6
1.7061099999999998E-4
3.6800249999999993E-4
5.294862999999999E-4
7.061044E-4
9.186429999999999E-4
0.0010731239999999997
0.0011212639999999999
0.001144478
0.001191571
0.001201977
0.001173548
0.0011374499999999997
0.0011041839999999998
0.0010781799999999998
0.0010466449999999997
0.001007042
9.651127999999999E-4
9.146149999999999E-4
7.770966999999999E-4
5.738894E-4
3.63449E-4
4.972181E-5
-2.5908349999999997E-4
-4.413718E-4
-6.371797E-4
-8.745437999999999E-4
-0.0010357209999999999
-0.001099847
-0.0010666859999999998
-9.473777999999998E-4
-8.292642999999999E-4
-7.110603E-4
-5.163476E-4
-2.2003249999999998E-4
2.933139E-5
1.456699E-4
2.780232E-4
4.138314E-4
4.065718999999999E-4
