9.67752E-4
0.00125871
0.00127645
8.73183E-4
0.00112918
0.00145247
0.00156183
0.00119731
5.22947E-4
-3.02249E-4
-0.00103457
-0.00143142
-0.00192849
-0.0021364
-0.00132201
3.5376E-5
6.81818E-4
-1.28836E-4
-7.93064E-4
-5.81192E-4
-1.41905E-4
0.00181172
0.00522365
0.00844315
0.0100161
0.0088036
0.00749151
0.00673069
0.00236199
-0.00280607
-0.00524607
-0.00991276
-0.0159949
-0.0175434
-0.0150112
-0.0102905
-0.00711066
-0.00845703
-0.00763679
-0.00313949
0.00245442
0.0107306
0.0101059
-0.00226628
-0.00700143
-0.00297167
-0.00597056
-0.0110001
-0.0041102
0.00634061
0.0117306
0.0196102
0.0239048
0.0127347
-0.00267995
-0.00826545
-0.00733669
-0.00646975
-0.00698132
-0.00617612
-0.00239562
-0.0016781
-0.00486209
-0.00351144
0.00215971
0.00610507
0.00452806
-0.00485102
-0.0154177
-0.0194886
-0.0164144
-0.00688898
0.0051644
0.0150653
0.0222053
0.0270043
0.0259084
0.0157462
0.00506489
4.70225E-4
-0.00344674
-0.00747988
-0.0096566
-0.0105074
-0.0121691
-0.0117027
-0.00219327
0.00525518
0.00148417
-0.00203031
0.00195104
0.00503604
-1.01511E-7
-0.00569484
-0.00601637
-0.00422574
-0.00273219
-0.00448358
-0.00928781
-0.0102542
-0.00489134
0.00532401
0.0173107
0.0216847
0.0173809
0.0119586
0.00650783
0.0036052
0.00379626
7.70331E-4
-0.00396764
-0.00468293
-0.00147211
0.00446245
0.0121047
0.00824666
-0.0193348
-0.0585663
-0.0858049
-0.095082
-0.0843
-0.0418201
0.0100066
0.0469783
0.0725235
0.075022
0.0457614
0.0121448
3.28626E-5
0.00597051
0.0340971
0.0761385
0.100578
0.101648
0.0788778
0.0302904
-0.0192155
-0.0566233
-0.0821116
-0.0831291
-0.0625568
-0.0336468
-0.00893968
0.00111552
-0.00512215
-0.0250117
-0.0448137
-0.0552846
-0.0600203
-0.0571995
-0.0431139
-0.0229427
-0.00606442
0.00143634
-0.00289458
-0.0121023
-0.0095549
0.00825905
0.0277571
0.0411333
0.0465624
0.0444947
0.0430439
0.0440189
0.0395105
0.0270993
0.0103934
-0.00609977
-0.0161712
-0.013795
-0.00553576
-0.00203104
0.00146641
0.0113197
0.0233231
0.0331437
0.0390263
0.0358513
0.0203554
-0.00575606
-0.0320554
-0.044939
-0.0450921
-0.0323792
-3.85766E-4
0.0398662
0.067938
0.073037
0.0568933
0.0287959
-0.00106588
-0.0223044
-0.0304137
-0.0266086
-0.0102184
0.013934
0.0355751
0.0508544
0.0576515
0.0553972
0.0506108
0.0457682
0.038067
0.0295247
0.023894
0.01788
0.00369528
-0.020939
-0.0477487
-0.069284
-0.0854489
-0.090487
-0.0808202
-0.0643619
-0.0453821
-0.0240843
-0.00341507
0.0132456
0.0247894
0.0334499
0.0352879
0.0275443
0.0195581
0.0165683
0.0158113
0.0149285
0.0140984
0.0149851
0.0159002
0.0122292
0.00389982
-0.00471269
-0.0106533
-0.00997313
5.50802E-4
0.0150737
0.0188284
0.00399947
-0.0145975
-0.0260182
-0.0408254
-0.0588262
-0.074732
-0.0900973
-0.0890704
-0.0626191
-0.0218316
0.0168338
0.0283783
0.0107089
-0.0222006
-0.0623179
-0.0894088
-0.0952819
-0.0881943
-0.0639518
-0.0325815
-0.00997642
0.00968127
0.0178584
0.00613205
-0.0143638
-0.0394155
-0.0628197
-0.0733356
-0.0672599
-0.0476752
-0.0235835
0.00362303
0.0340918
0.0579711
0.0738953
0.0813203
0.0669224
0.0383347
0.0258166
0.0354149
0.0585498
0.0844887
0.0999732
0.107503
0.101987
0.0728639
0.0380339
0.0145884
-0.00627675
-0.0233664
-0.0201531
0.010049
0.0528558
0.0801727
0.0855298
0.0804449
0.067469
0.0541799
0.053336
0.0633843
0.0743217
0.0791996
0.0760928
0.0668655
0.0539613
0.0393227
0.026443
0.0185905
0.0131201
0.00785892
0.00342288
-0.00729764
-0.0282252
-0.0514313
-0.0775438
-0.105903
-0.120696
-0.11872
-0.108735
-0.092272
-0.0724946
-0.0579377
-0.0496804
-0.0417537
-0.0307493
-0.0189421
-0.0143824
-0.0202406
-0.0282364
-0.0253371
-0.00820253
0.0142252
0.039342
0.0656752
0.083431
0.0880717
0.0806161
0.0589785
0.0245482
-0.00352472
-0.0124223
-0.00827323
0.00401609
0.0134466
0.0133859
0.00798536
-0.00163324
-0.0177695
-0.0368949
-0.0443484
-0.0298943
-0.00184298
0.0230043
0.0406542
0.0541483
0.0610674
0.0526374
0.0240384
-0.00976033
-0.0346549
-0.0529623
-0.0665904
-0.0751405
-0.0780792
-0.0752232
-0.0709822
-0.0682847
-0.0682808
-0.0690073
-0.0659747
-0.0641781
-0.067572
-0.0696711
-0.0616373
-0.0401297
-0.0186184
-0.00639653
0.00210361
0.00546507
1.89115E-4
-0.0138291
-0.0311908
-0.0456889
-0.055836
-0.0570822
-0.0506582
-0.0439631
-0.0398304
-0.0362731
-0.0302858
-0.0217008
-0.0134679
-0.00940553
-0.0138701
-0.0256439
-0.0327356
-0.0272025
-0.0128818
0.00158201
0.0123949
0.0240652
0.035465
0.041974
0.0409521
0.0272744
0.00484171
-0.0166088
-0.0332595
-0.0419337
-0.0423247
-0.0350435
-0.0171513
0.00169518
0.00942653
0.0111328
0.012011
0.0145094
0.0244851
0.0390271
0.0507255
0.0571769
0.0570983
0.0534951
0.0499604
0.0469631
0.0454831
0.0447438
0.0445405
0.0459712
0.0477913
0.0473741
0.0438029
0.0400016
0.0415815
0.0471149
0.0500078
0.0498295
0.0488508
0.046482
0.040965
0.0330937
0.024361
0.0143609
0.00402822
-0.00321437
-7.68549E-4
0.0151043
0.0357956
0.0496769
0.056572
0.0622395
0.0649637
0.057291
0.0396321
0.0243793
0.0205576
0.0257126
0.0331237
0.0369155
0.0359527
0.030256
0.0208919
0.012531
0.00598066
7.90924E-5
-0.00166142
-6.87648E-4
-0.00377713
-0.00889612
-0.0121349
-0.0183892
-0.0293741
-0.0374423
-0.0357595
-0.024431
-0.00979632
0.00494308
0.0199635
0.0287914
0.0268047
0.0185182
0.0104354
0.010065
0.0202381
0.0324972
0.0378854
0.0326073
0.0129379
-0.0170915
-0.0451085
-0.0651122
-0.0751464
-0.0717664
-0.0562111
-0.0360891
-0.0154628
0.00241944
0.012922
0.0225808
0.0363427
0.0472361
0.0504508
0.0459065
0.0362533
0.0222608
0.00415126
-0.00755026
-0.00798469
-0.00527252
-0.00312647
-0.00139511
-0.00393464
-0.0123878
-0.0224326
-0.0305757
-0.0368877
-0.0422819
-0.047339
-0.0518691
-0.0573172
-0.0676785
-0.0767268
-0.0725201
-0.0569142
-0.0376051
-0.0202434
-0.0107787
-0.0104619
-0.0154632
-0.0223715
-0.0307978
-0.0390705
-0.043759
-0.0429262
-0.0389322
-0.0353388
-0.0283097
-0.0168144
-0.00772031
-0.00446919
-0.00821169
-0.014695
-0.014123
-0.00675794
-0.00338578
-0.0106842
-0.0255058
-0.0402171
-0.0515555
-0.0632352
-0.077124
-0.0892852
-0.0951696
-0.0928662
-0.0853093
-0.077336
-0.0687961
-0.0578365
-0.0461793
-0.0347871
-0.0216947
-0.00659354
0.0107661
0.0301952
0.0446712
0.0484315
0.0413692
0.0257997
0.00834584
-0.00698496
-0.0197556
-0.026811
-0.0257364
-0.0205685
-0.01705
-0.0137387
-0.00503439
0.00933955
0.0247364
0.0396969
0.055475
0.0710193
0.085547
0.0982744
0.103265
0.0981103
0.0882831
0.075406
0.059195
0.0442565
0.0316412
0.0187487
0.00805543
0.0042573
0.0132242
0.027411
0.030998
0.0295114
0.0281846
0.0147708
-0.0149258
-0.0469929
-0.0722217
-0.0885338
-0.0875621
-0.066689
-0.0284881
0.0168305
0.0522991
0.072308
0.0759982
0.0656386
0.0525383
0.0440623
0.0373296
0.0299236
0.0270383
0.0317631
0.0383547
0.0429217
0.0479977
0.0525657
0.0513614
0.045511
0.0363424
0.0211992
0.00827254
0.00298987
-0.00220272
-0.00488072
0.00511359
0.0252124
0.0420296
0.0517856
0.060838
0.0695935
0.0733589
0.0674197
0.0508122
0.030494
0.0136558
0.00283309
0.00205215
0.0117537
0.0268881
0.0426634
0.0548358
0.0631417
0.0675195
0.0654116
0.0513822
0.0210828
-0.016629
-0.0472291
-0.0706083
-0.0938748
-0.10834
-0.104066
-0.0788806
-0.0411578
-0.0178899
-0.0158061
-0.0239775
-0.0429277
-0.0630683
-0.0732001
-0.0756363
-0.0676472
-0.051528
-0.0352145
-0.0189296
-0.00775703
-0.00424272
-0.00363426
-0.00278758
0.00302221
0.0159897
0.0289848
0.0348423
0.0359574
0.0314469
0.0153435
-0.00449855
-0.0148983
-0.019086
-0.0223263
-0.018425
-0.00317206
0.0159108
0.0249968
0.0170246
0.00114076
-0.0078047
-0.0106776
-0.0142282
-0.0139699
-0.00731348
-0.00242859
-0.00771033
-0.0213197
-0.0320924
-0.0348256
-0.0341353
-0.0325269
-0.0305207
-0.0308683
-0.0330529
-0.0325201
-0.0276207
-0.0193766
-0.00998312
-0.00330294
-0.00264815
-0.00744592
-0.0129086
-0.0177316
-0.0197073
-0.0129766
3.14671E-4
0.013642
0.0242291
0.03
0.0304144
0.0276214
0.0224052
0.0158108
0.00885888
0.00178704
-0.00223009
-0.00508415
-0.0130974
-0.0229805
-0.0284188
-0.030428
-0.0331982
-0.0370057
-0.0379828
-0.0345763
-0.0290436
-0.0239731
-0.0203871
-0.0172454
-0.0135231
-0.00894903
-0.00190682
0.00630886
0.0135456
0.0189328
0.0201345
0.0191198
0.0184852
0.0172009
0.0156775
0.0158413
0.0177929
0.0197823
0.0212932
0.0209661
0.0142042
0.00276662
-0.00502885
-0.0114832
-0.0195664
-0.0193657
-0.00981621
-0.001571
0.00173184
6.69592E-4
-0.00825783
-0.0258112
-0.0430038
-0.0538472
-0.059058
-0.0562297
-0.04485
-0.0286867
-0.00929197
0.0112118
0.0285812
0.0419463
0.0502543
0.0524633
0.0502502
0.0458876
0.0409538
0.0341521
0.0248868
0.0172077
0.0151339
0.015254
0.0130793
0.00932269
8.63272E-4
-0.0171181
-0.0399783
-0.0591966
-0.0696191
-0.0673183
-0.0526965
-0.0284881
9.069E-4
0.0250164
0.039028
0.0463762
0.0457287
0.0365565
0.0260377
0.0194853
0.016396
0.016181
0.0216501
0.03219
0.0426762
0.0514832
0.0557607
0.0533616
0.0482976
0.0431011
0.0398021
0.0342608
0.0196867
0.00439066
-0.00397277
-0.00874183
-0.0115659
-0.0158395
-0.0252386
-0.0318239
-0.0313164
-0.0316215
-0.032068
-0.0253546
-0.011535
0.00486586
0.0204244
0.0323082
0.0363551
0.0330155
0.0281862
0.0237832
0.0171589
0.00872659
0.00351073
0.0023216
0.00191109
6.90738E-4
-0.00419858
-0.011752
-0.0148851
-0.0123823
-0.00968258
-0.0079762
-0.00631814
-0.00609144
-0.00809404
-0.0127523
-0.0130482
-0.00463667
0.00124735
-2.72143E-4
-0.00389983
-0.00783735
-0.0121118
-0.0156976
-0.017962
-0.0211807
-0.0264338
-0.0316657
-0.0368653
-0.040639
-0.0397114
-0.0345993
-0.0242561
-0.00926668
0.00349735
0.0114367
0.0162374
0.0145718
0.00734449
2.074E-4
-0.00367413
0.00451083
0.0230186
0.0382713
0.046226
0.0476822
0.0402082
0.0234027
0.00793579
0.00282657
0.00413431
0.0100721
0.0213991
0.0314245
0.0309519
0.0137742
-0.0146642
-0.0391949
-0.0545139
-0.0610366
-0.0479714
-0.0183584
4.16644E-4
0.00243836
-0.0052646
-0.0235259
-0.041197
-0.051871
-0.0540482
-0.0456464
-0.0332271
-0.019063
-0.00551489
0.00365494
0.00881368
0.00972075
0.0093625
0.0115135
0.0145957
0.01665
0.0181023
0.0182204
0.0167461
0.0157887
0.0160985
0.0153197
0.0105701
0.00269907
-0.00714187
-0.0215054
-0.0361016
-0.0436113
-0.0459578
-0.0437609
-0.0326244
-0.0167667
-0.00311086
0.011556
0.0263396
0.0352621
0.0392115
0.0378873
0.0326872
0.0278931
0.0230744
0.0231663
0.0321003
0.0421971
0.0503162
0.0585973
0.0653442
0.0661714
0.054432
0.0310598
0.00648416
-0.0145984
-0.0293425
-0.0276719
-0.0124527
0.00536232
0.02372
0.0343553
0.0334872
0.0284229
0.0238243
0.0202963
0.0156341
0.00940885
-4.7891E-4
-0.0125674
-0.020698
-0.0278974
-0.0372329
-0.0441797
-0.0480939
-0.0481934
-0.0427944
-0.0372892
-0.035951
-0.0373991
-0.0392523
-0.0407637
-0.0423539
-0.043753
-0.0445849
-0.0451079
-0.0436694
-0.039183
-0.035999
-0.0372713
-0.0398498
-0.0413826
-0.0414382
-0.0360962
-0.0255859
-0.0151607
-0.00533149
0.00460888
0.0146731
0.0234539
0.0269152
0.0202061
0.00636488
-0.00428052
-0.0133706
-0.0239182
-0.0303269
-0.0284899
-0.0206377
-0.0136176
-0.00678445
0.00336105
0.0150768
0.0260899
0.0335042
0.0355084
0.0328686
0.0262139
0.0198721
0.020424
0.0243206
0.0246752
0.0224221
0.0214674
0.0255448
0.0315159
0.0337824
0.0325227
0.0289664
0.0283295
0.0336149
0.0397748
0.0446435
0.0477126
0.0502713
0.0526099
0.0485193
0.040475
0.0355496
0.0320187
0.0301843
0.0315111
0.0330955
0.0334204
0.0291244
0.0187174
0.00790989
0.00109912
0.00162897
0.0121149
0.0273995
0.0389522
0.0445443
0.0438923
0.0331984
0.0160158
0.00153085
-0.00841598
-0.0167496
-0.0227208
-0.0234159
-0.0194935
-0.0148957
-0.0141101
-0.0180752
-0.0238578
-0.0305495
-0.0365804
-0.0383436
-0.0352562
-0.026577
-0.0134853
-0.00343371
-3.76255E-4
-6.65742E-4
-0.00268644
-0.00514354
-0.00599729
-0.00571251
-0.00656021
-0.0132191
-0.0243074
-0.0343998
-0.0407519
-0.0409113
-0.036865
-0.0321019
-0.0256313
-0.0179065
-0.0126477
-0.0114615
-0.0130911
-0.0157912
-0.0198149
-0.0278462
-0.0375955
-0.0446814
-0.0518271
-0.0599868
-0.064546
-0.0626206
-0.0554345
-0.0469774
-0.0394273
-0.0332874
-0.0300978
-0.030325
-0.0323442
-0.0334002
-0.0312286
-0.0258436
-0.0185544
-0.00921732
0.00233343
0.0142857
0.0249284
0.0322328
0.0332322
0.0266852
0.0189327
0.0187982
0.0270632
0.0378365
0.0443071
0.0456399
0.0442309
0.0401392
0.0342955
0.0290016
0.0257746
0.0251977
0.0267487
0.0290328
0.0304391
0.0292713
0.0250183
0.0188598
0.0121214
0.00603761
9.59231E-4
-0.00388871
-0.00889536
-0.0133215
-0.0125691
-0.00439715
0.00477199
0.0090786
0.00901684
0.0082297
0.00927704
0.0127789
0.0168575
0.0166706
0.0102321
9.01392E-4
-0.00718778
-0.0107594
-0.00772241
0.00148671
0.0124323
0.0222842
0.0319506
0.0376826
0.0358146
0.0271625
0.0144431
7.63845E-4
-0.00915953
-0.0117496
-0.00982504
-0.00509543
0.00129459
0.00662808
0.0105118
0.0131602
0.0133104
0.00977691
0.00555534
0.00280212
0.00204466
0.00765718
0.0174379
0.0258852
0.0358525
0.0449326
0.0469909
0.0449395
0.0398586
0.0311284
0.0233257
0.0162948
0.00692218
-0.00367238
-0.0133197
-0.0203275
-0.0228654
-0.0215387
-0.0196263
-0.0187633
-0.0192007
-0.0207013
-0.024121
-0.0296812
-0.0341885
-0.0389779
-0.0469137
-0.0557116
-0.0600169
-0.0558544
-0.0473467
-0.0398441
-0.0326501
-0.0262703
-0.0230427
-0.0209296
-0.0183304
-0.016347
-0.0141503
-0.0113202
-0.00791766
-0.00214305
0.00398897
0.00743285
0.00963846
0.0106057
0.0103079
0.0114098
0.012125
0.00702948
-0.00207418
-0.00840547
-0.00899387
-0.00117184
0.0150081
0.0307698
0.0402276
0.0398502
0.0268819
0.0104903
-0.00530188
-0.0245447
-0.0385797
-0.0388119
-0.0322419
-0.0235615
-0.0103619
0.00247213
0.00947535
0.0111656
0.00814327
0.00155161
-0.00471557
-0.00953045
-0.012783
-0.011446
-0.00702556
-0.00126684
0.00761719
0.0166929
0.021016
0.0188228
0.0118304
0.00392812
-0.00206433
-0.00481163
-0.0066069
-0.00975142
-0.0125701
-0.0131281
-0.0109709
-0.00817952
-0.00557746
-0.00370851
-0.00484937
-0.00750996
-0.00884467
-0.00753403
-0.00441539
-0.00108411
0.00118993
0.0017558
0.00484663
0.0120177
0.0193868
0.0248728
0.026671
0.023817
0.0184118
0.0129193
0.00840287
0.00736047
0.0117392
0.0196477
0.029809
0.0395978
0.0455686
0.0486109
0.0492521
0.0457194
0.0381293
0.0301014
0.0236893
0.0172663
0.0109713
0.0061012
0.00423135
0.00671127
0.0101053
0.0119957
0.0122812
0.00916582
0.00400229
-0.00182743
-0.00788706
-0.0131492
-0.0165631
-0.0155061
-0.0118158
-0.00903646
-0.00628065
-0.00419049
-0.00490127
-0.0081782
-0.0139041
-0.0205615
-0.0253028
-0.0279696
-0.0279463
-0.0243038
-0.0185507
-0.0119945
-0.00538247
-0.00298543
-0.00711161
-0.0135326
-0.0213255
-0.0302256
-0.0375924
-0.0427432
-0.0464565
-0.047722
-0.0443708
-0.0391614
-0.0332244
-0.0261538
-0.0197535
-0.0152036
-0.016094
-0.0212122
-0.0256114
-0.0297233
-0.0337628
-0.0355005
-0.0327267
-0.0270209
-0.0209944
-0.0144099
-0.00844971
-0.00435977
-0.00324012
-0.00472956
-0.005911
-0.0050899
-0.00263725
-8.70209E-4
-4.35723E-4
-0.00111323
-0.00387637
-0.00900885
-0.0167061
-0.0232467
-0.0244081
-0.0206346
-0.0141414
-0.00671205
7.45575E-4
0.00303238
-9.44458E-4
-0.00435886
-0.00504981
-0.00266448
0.00286441
0.00963207
0.0167002
0.0228694
0.0266856
0.0286243
0.0294505
0.0299744
0.0324645
0.037077
0.043158
0.0497056
0.0551771
0.0594205
0.0622354
0.0621008
0.0591443
0.0557047
0.0534645
0.0544978
0.0570353
0.0577897
0.0559723
0.0509964
0.043281
0.0330085
0.0231715
0.0159472
0.0100624
0.00723671
0.00864541
0.0112114
0.0126091
0.0135567
0.0133715
0.00999365
0.00412602
-0.00179898
-0.00745708
-0.0128221
-0.0169184
-0.0189744
-0.0169644
-0.0125246
-0.00876047
-0.00434444
0.0012122
0.00756109
0.0141504
0.0191525
0.0221513
0.0204659
0.0139138
0.00769459
0.00127182
-0.00636044
-0.0112916
-0.0136227
-0.0160686
-0.0181556
-0.019492
-0.021154
-0.024248
-0.0287468
-0.0331918
-0.0345281
-0.030425
-0.024765
-0.0188791
-0.0100947
-0.0020909
0.00303392
0.00822658
0.0120712
0.013291
0.0148853
0.0154601
0.0126931
0.00965164
0.00716143
0.00379072
5.45095E-4
-0.00234889
-0.00439539
-0.00418189
-0.00318391
-0.00263182
-0.0014484
0.00161065
0.00652484
0.0119581
0.0175959
0.0236106
0.0272324
0.0259581
0.0235201
0.0222492
0.0210061
0.021056
0.0219322
0.0228396
0.0234807
0.0211657
0.0169672
0.0127528
0.0065089
-2.73426E-4
-0.00575084
-0.0109009
-0.0139643
-0.0148796
-0.0165365
-0.0185531
-0.0197734
-0.020794
-0.0228998
-0.0252185
-0.024204
-0.0215945
-0.0214495
-0.0219698
-0.0216748
-0.0226548
-0.0248443
-0.0266494
-0.0277967
-0.028327
-0.0286369
-0.0282153
-0.0265665
-0.0245086
-0.0219243
-0.0188822
-0.016077
-0.0162159
-0.0208066
-0.0258745
-0.0303346
-0.0360675
-0.0416666
-0.0450134
-0.0465402
-0.0456538
-0.0411123
-0.0361057
-0.0316906
-0.0266169
-0.0245877
-0.0268145
-0.0286458
-0.0285175
-0.0266294
-0.0230031
-0.0190595
-0.0147234
-0.010428
-0.0069637
-0.00529676
-0.00692452
-0.00950272
-0.0106398
-0.0116848
-0.012871
-0.012563
-0.0112668
-0.01033
-0.00918642
-0.00760511
-0.00627573
-0.00607973
-0.00659931
-0.00611336
-0.00539202
-0.0041551
-5.63331E-4
0.00334437
0.00731968
0.0129274
0.0173459
0.0187505
0.0188478
0.0188137
0.0186817
0.0194975
0.0217619
0.0248011
0.0298607
0.0365522
0.0432295
0.050395
0.0559433
0.058515
0.0608177
0.0597344
0.0531302
0.04443
0.0319079
0.0173743
0.00631604
-7.75807E-5
-0.00362642
-0.00623649
-0.00605977
-0.00441736
-0.00326529
-8.28491E-4
0.00208655
0.00478506
0.00786379
0.010187
0.0117141
0.0122746
0.0101392
0.00811632
0.0092043
0.0117812
0.0159074
0.0206911
0.0232959
0.0238444
0.0223553
0.0190942
0.0148499
0.00917201
0.00358091
-8.20668E-4
-0.00549638
-0.0115707
-0.0183558
-0.0236114
-0.027355
-0.0297853
-0.027873
-0.0231844
-0.0204854
-0.0204417
-0.0214775
-0.0222863
-0.0222321
-0.0207225
-0.0188155
-0.0176524
-0.0164996
-0.013263
-0.00709697
-5.12976E-4
0.00591712
0.0131463
0.0185931
0.020261
0.0193866
0.0168634
0.0135756
0.0097428
0.00785415
0.0105881
0.0137981
0.0146401
0.0134233
0.0105551
0.00773352
0.00445845
0.00321121
0.00718822
0.0118978
0.0144782
0.0162551
0.0160042
0.0133855
0.01027
0.00636724
0.00413865
0.00655767
0.00937634
0.0107747
0.0117835
0.0108105
0.00914084
0.00815777
0.00656778
0.00350326
5.11481E-4
-2.03119E-4
-9.75929E-5
-0.00130039
-0.00342074
-0.00511626
-0.00624621
-0.0072267
-0.00653829
-0.00429543
-0.00230604
2.03164E-4
0.0024595
0.00157446
-7.73043E-4
-0.00263843
-0.00644435
-0.0111664
-0.0142551
-0.0167554
-0.0187323
-0.0200789
-0.0203922
-0.0187162
-0.0142303
-0.00627537
9.42154E-4
0.00546325
0.00930461
0.0108206
0.00929357
0.00681049
0.00249347
-0.00577612
-0.0134986
-0.0172199
-0.0196807
-0.0205966
-0.0191011
-0.0171132
-0.0169132
-0.0198701
-0.0233968
-0.0252883
-0.0269147
-0.0274663
-0.0259978
-0.0245286
-0.0231685
-0.0217925
-0.0220338
-0.0230737
-0.0233572
-0.0234648
-0.022725
-0.0201085
-0.0173228
-0.0147768
-0.0115675
-0.00834268
-0.00471481
-4.19013E-5
0.00446062
0.00837555
0.012382
0.0161698
0.0193999
0.0224325
0.0249505
0.0268669
0.0287071
0.0299117
0.030507
0.0308179
0.0301432
0.0297852
0.0309564
0.0318741
0.031758
0.0317983
0.0314136
0.029036
0.0256478
0.0213779
0.0156746
0.0110711
0.00786134
0.00570247
0.00590058
0.00646099
0.00630201
0.00639182
0.00570716
0.00396112
0.00277939
0.00276921
0.00291723
0.00341601
0.00576876
0.0090844
0.0114747
0.0132277
0.0151133
0.0148517
0.0109625
0.00677101
0.0035482
7.68849E-5
-0.00342462
-0.00600924
-0.00699412
-0.00754334
-0.00837674
-0.00885067
-0.00912089
-0.00973126
-0.0111647
-0.0131606
-0.0151643
-0.0172514
-0.018882
-0.0194435
-0.0182911
-0.0155784
-0.0131059
-0.0109157
-0.00842413
-0.00761697
-0.00910487
-0.0104153
-0.0109262
-0.011617
-0.0123468
-0.0133307
-0.0149848
-0.0162152
-0.0163534
-0.0168197
-0.0183021
-0.0198051
-0.0209625
-0.0221812
-0.0237605
-0.0259688
-0.0257828
-0.020772
-0.0149685
-0.0100283
-0.00435155
4.66206E-4
0.00351329
0.00467855
0.00321322
0.00121721
1.5825E-5
-6.05384E-4
0.00105397
0.00443649
0.00824363
0.0132127
0.0193013
0.0250814
0.0280019
0.0281822
0.0266099
0.0230345
0.019375
0.0159602
0.0117894
0.00882677
0.00928595
0.011153
0.0124654
0.0152546
0.0192282
0.0213065
0.0216984
0.0223459
0.0227499
0.0225105
0.0221956
0.021095
0.0192659
0.0174674
0.0153129
0.0138996
0.0146505
0.0158124
0.015961
0.0160374
0.0158651
0.0144669
0.0127418
0.0117477
0.0111208
0.0104996
0.0102154
0.0102417
0.0101122
0.0101401
0.00981463
0.00659479
0.00129441
-0.00252913
-0.00535832
-0.00804725
-0.00982148
-0.012604
-0.0175351
-0.0220203
-0.0246615
-0.0266599
-0.0279614
-0.0280287
-0.0277394
-0.0273545
-0.0268569
-0.0265389
-0.026311
-0.0261466
-0.0253814
-0.0236467
-0.0215527
-0.0187833
-0.0156081
-0.0133731
-0.011882
-0.0116404
-0.0134432
-0.0154307
-0.0169917
-0.0189904
-0.0208538
-0.0219026
-0.0225993
-0.0227326
-0.0208089
-0.0178028
-0.0150849
-0.0117573
-0.00817299
-0.00511764
-0.00217725
8.65135E-4
0.00405385
0.00734551
0.0097631
0.0108888
0.0119114
0.0126904
0.0127137
0.0121088
0.00995055
0.00711908
0.00589809
0.00748451
0.0112265
0.0155723
0.0197658
0.0218621
0.0207655
0.0178896
0.014873
0.012468
0.011188
0.0127081
0.0158214
0.0174496
0.018599
0.0189555
0.0169016
0.0146156
0.0129609
0.0111871
0.00959838
0.00802973
0.00724665
0.00810544
0.00922152
0.0103381
0.0106425
0.00805851
0.00504301
0.00342278
0.00147357
-4.35466E-4
-0.00166064
-0.00252288
-0.00293339
-0.00297604
-0.00202485
-0.00115678
-0.00326255
-0.00647662
-0.00785435
-0.00882531
-0.00920092
-0.00864076
-0.00986238
-0.012603
-0.014917
-0.0175594
-0.0206685
-0.0234162
-0.0257026
-0.0275277
-0.0282243
-0.0270709
-0.0255436
-0.024589
-0.0234376
-0.0221411
-0.020747
-0.0198917
-0.0209435
-0.0228238
-0.0243503
-0.0255543
-0.0241424
-0.0200122
-0.0151135
-0.00924704
-0.0039491
3.83081E-5
0.00416392
0.00807287
0.0109461
0.0130443
0.0150942
0.0170944
0.0188054
0.0204523
0.0213442
0.0210774
0.0207997
0.021229
0.0222205
0.0235761
0.0251489
0.0266328
0.0279425
0.0287796
0.0286001
0.0285391
0.0304847
0.0331755
0.0339689
0.0339503
0.0340765
0.0332099
0.0320582
0.031197
0.0301223
0.0286497
0.0267135
0.024572
0.0222657
0.0199443
0.0179565
0.0160081
0.0137949
0.0116321
0.0102932
0.00954183
0.00740447
0.0038001
6.31013E-4
-0.00247995
-0.00535589
-0.00551466
-0.00393655
-0.0028921
-0.0017908
-0.00198557
-0.00436331
-0.00682149
-0.00961435
-0.0131367
-0.0163576
-0.0194257
-0.0224702
-0.0253354
-0.028076
-0.0307013
-0.033186
-0.0348409
-0.0339333
-0.0300756
-0.0266071
-0.0250294
-0.0236785
-0.0234086
-0.0242715
-0.0250141
-0.0263099
-0.027975
-0.0277572
-0.024947
-0.0220483
-0.0197961
-0.016929
-0.0143024
-0.014185
-0.0160905
-0.0175548
-0.0189104
-0.0210192
-0.0217727
-0.0193325
-0.0158626
-0.0127998
-0.00864014
-0.0047503
-0.00450681
-0.00660812
-0.00792723
-0.00917568
-0.0109679
-0.0114449
-0.00887644
-0.0048763
-0.00161114
0.00205368
0.00490613
0.00423095
0.00229507
0.00146015
6.70822E-4
4.15753E-4
0.00215956
0.0045948
0.00651148
0.00861853
0.0109535
0.0122683
0.0114082
0.00969744
0.00872382
0.00771913
0.00649717
0.00657859
0.00859992
0.0106876
0.0117422
0.0128156
0.0144811
0.0165079
0.017389
0.0162313
0.0147488
0.013207
0.0112672
0.0104575
0.0104745
0.0100639
0.00955631
0.00914608
0.00872257
0.0085072
0.00824051
0.00725382
0.00574075
0.00447261
0.00390928
0.00400449
0.00402829
0.00372742
0.00343851
0.00327974
0.00325274
0.0032623
0.00279337
0.00184985
0.001549
0.00177926
0.00191921
0.0021539
0.00143508
-4.83734E-4
-0.00210586
-0.0030754
-0.00273264
-7.01825E-4
0.00103596
0.00196717
0.00308879
0.00388604
0.00432628
0.00461833
0.00353439
0.00169621
0.00111347
0.00130315
0.0022982
0.00492436
0.00734961
0.0086684
0.0100399
0.0117332
0.0134198
0.0148038
0.0158572
0.0160912
0.0150688
0.0135362
0.0113913
0.0088351
0.00691845
0.00519597
0.00344782
0.00214645
0.001074
3.40314E-4
7.83012E-4
0.0021731
0.00335198
0.00440914
0.00544553
0.00599787
0.00672009
0.00768428
0.00759107
0.00627394
0.00372344
4.28558E-4
-0.00192427
-0.00433743
-0.00593611
-0.00297678
0.00162261
0.0041733
0.00677801
0.00834163
0.0071906
0.00545619
0.00300902
-5.6747E-4
-0.00216388
-3.71357E-4
0.00125116
0.00102823
-1.57373E-4
-0.00212349
-0.00395912
-0.0054876
-0.00719197
-0.00913208
-0.0112839
-0.0134194
-0.0153333
-0.0163817
-0.0165805
-0.0166592
-0.0162172
-0.0155793
-0.0158229
-0.01645
-0.0170031
-0.0173772
-0.0160604
-0.0132978
-0.0109312
-0.00881401
-0.00683202
-0.00631783
-0.00802014
-0.0101905
-0.0115453
-0.0126972
-0.0131858
-0.0124683
-0.0103928
-0.00780662
-0.00653207
-0.00628253
-0.00656452
-0.00764991
-0.00844234
-0.00794011
-0.00679929
-0.00579615
-0.00434958
-0.00166191
0.0011809
0.00281218
0.00340343
0.00310397
0.00299079
0.00389407
0.00499169
0.00597379
0.0067725
0.00773032
0.0094375
0.0110118
0.0116833
0.011655
0.010678
0.00929809
0.00850335
0.00855485
0.00914103
0.00947786
0.00932269
0.00857642
0.00799983
0.00813701
0.00718858
0.00494565
0.00312578
0.00151738
-4.32795E-4
-0.00198215
-0.00193305
-5.9868E-4
3.34169E-4
0.00106315
0.00170186
0.00139387
6.02588E-4
-5.72402E-4
-0.00221064
-0.00400502
-0.00621588
-0.00774777
-0.00690678
-0.00499395
-0.00341115
-0.0018766
-0.00192684
-0.0036492
-0.00520904
-0.00706146
-0.00929157
-0.0113798
-0.0132561
-0.0133412
-0.0117357
-0.0105871
-0.00978003
-0.00924966
-0.00949927
-0.00884575
-0.00677622
-0.00505439
-0.00405663
-0.00385715
-0.00474196
-0.00606739
-0.00784309
-0.0100252
-0.0123417
-0.0146703
-0.0168974
-0.0177878
-0.0161851
-0.0142722
-0.013281
-0.0121043
-0.0110099
-0.0101428
-0.00869047
-0.0062765
-0.00282516
0.00110217
0.00508986
0.00921038
0.0123763
0.0142549
0.0156963
0.015333
0.0121158
0.00836961
0.00529231
0.00237936
4.99018E-5
-0.00119136
-0.00108336
-5.25238E-5
0.00140206
0.00258096
0.00308582
0.00336092
0.003068
0.00226803
0.0014129
7.63324E-4
0.00130776
0.00252982
0.00304606
0.00335027
0.00356089
0.00313616
0.00359348
0.00603631
0.00863877
0.0105835
0.0122428
0.0132308
0.013186
0.0115202
0.00929298
0.00776243
0.00619717
0.00475132
0.00401428
0.00430436
0.00624352
0.00806318
0.00850776
0.00905132
0.00941078
0.00892098
0.00842615
0.00799348
0.0074958
0.00713998
0.00678505
0.00689584
0.00823033
0.00991071
0.00951033
0.00684835
0.00428183
0.00189132
-8.4518E-4
-0.00305714
-0.0047921
-0.00621427
-0.00732376
-0.00837902
-0.00902828
-0.00857736
-0.00680823
-0.00445995
-0.0022626
1.49109E-4
0.00277853
0.00477895
0.00595678
0.00644118
0.00643015
0.00673473
0.00728032
0.0074543
0.00681989
0.00501779
0.00285791
8.51463E-4
-0.00109013
-0.00272207
-0.00394956
-0.00436384
-0.00400415
-0.00315433
-0.00153961
-2.88089E-4
-5.4211E-4
-0.00162105
-0.00288256
-0.00375233
-0.00368063
-0.00305145
-0.00247271
-0.00193064
-0.00116715
-1.14428E-4
4.80741E-4
9.59138E-5
-3.67167E-4
-7.64232E-4
-0.00123379
6.15986E-4
0.00604294
0.0100052
0.0106365
0.0118935
0.0127683
0.0122897
0.0121903
0.0118582
0.0109544
0.0101143
0.00932907
0.00825441
0.00676292
0.00474328
0.00243514
0.00148299
0.0022758
0.00303688
0.00343915
0.00345562
0.00256753
3.67643E-4
-0.00227406
-0.00340104
-0.00415187
-0.00527888
-0.0055431
-0.00524593
-0.00457266
-0.00325493
-0.00221247
-0.00199302
-0.00195532
-0.00209447
-0.00259345
-0.00298671
-0.00293102
-0.002827
-0.00313264
-0.00337014
-0.00313028
-0.00266038
-0.00184683
-0.00103979
-0.00156359
-0.00291038
-0.00377098
-0.0047526
-0.0062755
-0.0077981
-0.00926154
-0.0109094
-0.012689
-0.0143123
-0.0152091
-0.0147129
-0.0137121
-0.0135638
-0.0137593
-0.0137609
-0.0129577
-0.0111477
-0.00966495
-0.00891446
-0.00799551
-0.00650722
-0.00520813
-0.00411922
-0.00201299
9.55947E-4
0.0035154
0.00525398
0.00618532
0.00648411
0.0063362
0.00623801
0.00663648
0.00739039
0.00853297
0.00971861
0.0106671
0.0114318
0.0115262
0.0111434
0.0108179
0.00987362
0.00868911
0.00863161
0.00910359
0.0084983
0.00628143
0.00349399
9.24423E-4
-0.00200218
-0.00380733
-0.00312241
-0.00208445
-0.00134607
-4.03843E-4
1.87736E-4
6.30056E-4
0.00148226
0.00281368
0.00399932
0.00492313
0.00533718
0.00443455
0.00279527
0.00143359
7.72012E-4
7.72819E-4
8.95425E-4
0.00108695
0.00159576
0.00239643
0.00280249
0.00209568
0.00115732
8.44998E-4
7.46003E-4
6.00635E-4
2.14636E-4
-5.16058E-4
-0.00134241
-0.00229965
-0.00338471
-0.00432891
-0.00472059
-0.00497501
-0.0060132
-0.00746468
-0.00956331
-0.0124046
-0.0141119
-0.0135258
-0.0111602
-0.00831775
-0.00531134
-0.00266541
-0.00173158
-0.00271885
-0.00436921
-0.00498993
-0.00451387
-0.00333551
-0.00193462
-2.38896E-4
0.00188601
0.00314477
0.00371457
0.00356009
0.00130225
-0.00116247
-0.00207776
-0.0028823
-0.0031682
-0.00233575
-0.00107725
6.4381E-4
0.00241683
0.0041041
0.0056683
0.00667537
0.00750084
0.0084549
0.00920915
0.00973475
0.0103021
0.010868
0.0111559
0.0107717
0.00915422
0.00663621
0.00397237
0.00154169
2.53789E-4
-9.97127E-6
-2.48432E-5
1.56962E-4
-8.09634E-4
-0.00332343
-0.00541133
-0.00674551
-0.00823085
-0.00950937
-0.0103641
-0.0108524
-0.010257
-0.00909869
-0.00826615
-0.0075373
-0.00790351
-0.00927259
-0.00927871
-0.00810448
-0.00721898
-0.00605229
-0.00457762
-0.00362978
-0.00290911
-0.00213651
-0.00197669
-0.00229815
-0.00238888
-0.00253586
-0.00259881
-0.00195048
-0.00105487
-3.39321E-4
2.40334E-4
-2.55321E-5
-1.48895E-4
0.00135797
0.00165022
-3.25398E-4
-0.00185274
-0.00331818
-0.00521673
-0.00572317
-0.00473472
-0.0035336
-0.00261949
-0.00226103
-0.00242934
-0.00283137
-0.00272089
-7.90049E-4
0.0012547
0.0017722
0.00240565
0.00305274
0.00306758
0.00330203
0.00374096
0.00395928
0.00350011
0.00222447
0.00105428
9.52167E-4
0.00166843
0.002463
0.00361745
0.00471902
0.00500174
0.00518021
0.00569656
0.00603853
0.00518901
0.0033767
0.00195811
5.68823E-4
-6.59351E-4
-5.11541E-4
1.59094E-4
4.34366E-4
0.00100604
0.00225747
0.00341817
0.00408052
0.00470145
0.0048357
0.00441683
0.00415041
0.00364553
0.00313985
0.00344478
0.00391615
0.00505008
0.00740232
0.00906483
0.0101271
0.0108706
0.0104554
0.00942992
0.00797154
0.00684876
0.00748019
0.00856811
0.00947151
0.0108076
0.0109306
0.00892573
0.00646092
0.00434118
0.00205278
3.3466E-4
-3.81665E-4
-4.79243E-4
3.16383E-4
7.48177E-4
-8.62201E-5
-7.42334E-4
-0.00113186
-0.00186163
-0.00236502
-0.00254602
-0.00278293
-0.00303607
-0.00319629
-0.00344925
-0.00401091
-0.00403374
-0.002989
-0.00208873
-0.00180755
-0.00181311
-0.00194409
-0.00201999
-0.00245006
-0.00315433
-0.00315886
-0.00268185
-0.00274394
-0.00329225
-0.00374043
-0.00397222
-0.00416864
-0.00436094
-0.00435536
-0.00461292
-0.00569865
-0.00703894
-0.0084466
-0.00996117
-0.0110762
-0.0117588
-0.0120211
-0.0109851
-0.00856176
-0.00628184
-0.00443828
-0.00287157
-0.00284455
-0.00402205
-0.0048804
-0.00573973
-0.00652517
-0.00667067
-0.00651011
-0.00581066
-0.00458045
-0.00315932
-0.00162402
-2.72569E-4
8.34693E-4
0.00163365
0.00192411
0.00170634
0.00131828
0.00111135
9.43715E-4
0.00102289
0.00144504
0.0018154
0.00189048
0.00139103
7.18306E-4
3.62106E-4
-1.42306E-5
-4.70716E-4
-7.46248E-4
-8.27932E-4
-7.18956E-4
-2.85743E-4
7.94894E-4
0.00202846
0.00224126
0.00177519
0.00152846
0.00103232
-7.11457E-5
-0.00116616
-0.00223359
-0.00347608
-0.00382418
-0.00297937
-0.00197139
-0.00120631
-7.19268E-4
-2.47442E-4
3.23711E-4
7.98392E-4
0.00192012
0.00330688
0.00353376
0.00354747
0.00425505
0.00497827
0.00552024
0.00601065
0.00648786
0.00724709
0.00823262
0.00830564
0.00737283
0.00657998
0.00584095
0.00499794
0.00443479
0.00395301
0.00332845
0.00258212
0.00179368
0.00141451
0.00166665
0.00196316
0.00211366
0.00218203
0.00200844
0.00182206
0.00176309
0.00142755
5.59576E-4
-3.99815E-4
-0.0011095
-0.00155667
-0.00158534
-0.0013937
-0.00146215
-0.00177148
-0.00228676
-0.00304304
-0.00320804
-0.00246465
-0.00174467
-0.00119162
-4.35383E-4
1.78448E-4
3.66352E-4
4.22656E-4
5.3506E-4
4.69735E-4
2.2724E-4
5.5429E-5
-1.65638E-4
-7.19041E-4
-0.00141136
-0.00194714
-0.00238638
-0.00270112
-0.00271091
-0.00250126
-0.00232705
-0.00215305
-0.00183418
-0.00167088
-0.00193014
-0.00208607
-0.00179767
-0.00147846
-0.00123974
-0.00102685
-0.00102288
-0.00110753
-0.00113022
-0.00112657
-0.00107146
-9.00943E-4
-5.47878E-4
-2.32095E-4
-2.17396E-4
-3.15516E-4
-3.76232E-4
-5.473E-4
-6.49584E-4
-4.67339E-4
-2.85886E-4
-8.17482E-6
7.67129E-4
0.00147543
0.00165212
0.00179067
0.00198552
0.00196796
0.00180888
0.00166152
0.00152948
0.00136848
0.00127628
0.00132485
0.00130032
0.00109606
9.10659E-4
7.57978E-4
5.94433E-4
5.5683E-4
6.24223E-4
6.24786E-4
3.67928E-4
-9.24719E-6
-1.65502E-4
-2.10612E-4
-2.82256E-4
-2.77894E-4
-1.49311E-4
2.84365E-5
1.68165E-4
3.00848E-4
