9.32258E-5
2.96488E-4
6.89042E-4
8.55596E-4
8.70841E-4
8.85369E-4
8.55584E-4
8.18113E-4
8.0092E-4
8.3083E-4
9.46843E-4
0.00114914
0.00132897
0.00137397
0.00130979
0.00117245
9.90735E-4
9.312E-4
0.00105825
0.00124199
0.00136853
0.00135613
0.00118437
9.15985E-4
6.72791E-4
6.00541E-4
5.15569E-4
-1.04537E-4
-0.00119075
-0.00190052
-0.00161013
-3.45994E-4
0.00149141
0.00326001
0.00417765
0.00408628
0.0037331
0.00334376
0.00240791
0.0010196
-5.74665E-4
-0.00186258
-0.00178208
-3.21896E-4
0.00193364
0.00426504
0.00574512
0.00603696
0.00465646
0.00178176
-5.03482E-4
-3.81627E-4
0.00130048
0.00239691
0.00185993
-1.8766E-4
-0.00318459
-0.0055869
-0.00503245
-0.00220908
2.20677E-4
0.00186608
0.00200134
-1.04509E-4
-0.00179729
-0.00105314
4.88263E-4
0.00163712
0.00299329
0.00445783
0.0055156
0.00604691
0.00601372
0.00538057
0.00350696
-0.0010358
-0.00724405
-0.0121298
-0.0144068
-0.0137311
-0.0113626
-0.00927873
-0.00882428
-0.00975862
-0.00900114
-0.00637275
-0.0048304
-0.00534424
-0.00768448
-0.0108051
-0.0119353
-0.00890398
-0.0042597
-0.00187362
-0.00215722
-0.00419552
-0.00581458
-0.0045801
-4.42586E-4
0.00535499
0.0114658
0.0155852
0.0158187
0.0138316
0.0129062
0.0136192
0.0142338
0.0132649
0.0104302
0.00732172
0.00659911
0.00786702
0.00863693
0.00705362
0.00168181
-0.00615382
-0.0128171
-0.0142564
-0.0113441
-0.00864383
-0.00652085
-0.00618251
-0.00939587
-0.0124728
-0.0113933
-0.00688043
-0.00243336
8.54251E-4
0.0038279
0.00474305
0.00224788
-6.97196E-4
-6.11238E-4
0.00307201
0.00923923
0.0159671
0.0191449
0.0163203
0.0105755
0.00518014
8.75391E-4
-0.00144036
-0.0016672
-0.00182895
-0.00355554
-0.00702919
-0.0120748
-0.0164951
-0.0165804
-0.012289
-0.00588248
0.00343249
0.015271
0.0238974
0.0258288
0.0224285
0.0149456
0.00618171
0.00241011
0.00495131
0.00776317
0.00764658
0.003733
-0.00324968
-0.00885426
-0.010834
-0.0103773
-0.00943897
-0.00876432
-0.00766203
-0.0076071
-0.0121887
-0.0197452
-0.0255613
-0.0287804
-0.0288262
-0.0265233
-0.0251073
-0.0246319
-0.0219529
-0.0151284
-0.00554029
0.00595327
0.0173853
0.0227364
0.0204639
0.014339
0.00746076
0.00392906
0.00574682
0.00936194
0.0124611
0.0150371
0.0146585
0.012415
0.0132069
0.0151167
0.0141935
0.0113247
0.00546629
-0.00421408
-0.0132538
-0.0183856
-0.0199025
-0.0182676
-0.0134793
-0.00521903
0.00658783
0.0173311
0.0223399
0.0210515
0.0109784
-0.00311896
-0.0103528
-0.00978675
-0.00748802
-0.00670121
-0.00854791
-0.0132731
-0.0164629
-0.0133992
-0.00469718
0.00572748
0.0126838
0.0122723
0.00644716
0.00123721
0.00103988
0.00386389
0.00517603
0.0058797
0.0081471
0.0112263
0.0133072
0.0124445
0.00735858
-3.97989E-4
-0.00609941
-0.0038896
0.00508808
0.0121401
0.0142217
0.0108032
0.00120199
-0.0100301
-0.0184862
-0.0206876
-0.0155322
-0.00665492
0.00139892
0.00499147
0.00320141
-0.00174928
-0.00713777
-0.0117931
-0.0146004
-0.0140785
-0.0112776
-0.00801398
-0.00467845
-0.00177953
3.23453E-4
0.00116594
2.08342E-4
-0.00173673
-0.0029228
-0.00181415
4.86855E-5
-7.45915E-4
-0.00409716
-0.00698667
-0.00709561
-0.0049392
-0.0027324
-5.42095E-4
0.00111469
-8.48964E-5
-0.00263587
-0.00433916
-0.00538848
-0.00352422
0.00242362
0.00904642
0.0142768
0.0190707
0.0244678
0.0304874
0.0355079
0.037466
0.0351379
0.0286104
0.0182704
0.00715292
9.16745E-4
-0.00166502
-0.00508927
-0.00913114
-0.0130017
-0.01699
-0.0189161
-0.0172063
-0.014962
-0.0153056
-0.0185141
-0.0226894
-0.0263775
-0.0281285
-0.0259572
-0.021867
-0.0176922
-0.0112957
-0.00122243
0.0111724
0.0225105
0.0296414
0.0330224
0.033213
0.0296504
0.0255133
0.0225137
0.0193006
0.0154281
0.00948982
9.06282E-6
-0.00994376
-0.0148903
-0.0132497
-0.00709225
-8.76004E-4
3.3306E-4
-0.00580715
-0.0189315
-0.0350369
-0.0450165
-0.0451946
-0.0410105
-0.0319762
-0.0164207
-0.00240278
0.00424734
0.00671505
0.00866557
0.00861127
0.00419119
-0.00166451
-0.00267812
0.00276353
0.0116541
0.0210045
0.0266111
0.02715
0.0256755
0.021476
0.0124975
0.00112205
-0.00958166
-0.0164745
-0.0166031
-0.0131664
-0.0107596
-0.00986816
-0.0111242
-0.0139815
-0.0164916
-0.0173734
-0.0152993
-0.0108299
-0.00521368
0.00190108
0.0112011
0.0226561
0.0326256
0.0374794
0.0384862
0.036685
0.0320737
0.0263945
0.021027
0.0158762
0.0109143
0.00576329
-6.57282E-5
-0.00651184
-0.0132535
-0.0191542
-0.0218986
-0.0191666
-0.0127439
-0.00572586
0.00177525
0.00861167
0.0129684
0.015175
0.0152449
0.0115904
0.00411234
-0.00504333
-0.0119546
-0.0119353
-0.00584754
0.00369258
0.0140551
0.0184994
0.0143568
0.00168265
-0.015254
-0.0257133
-0.026558
-0.0220556
-0.016228
-0.0118945
-0.00954133
-0.00905699
-0.0102308
-0.0104973
-0.00866283
-0.00715046
-0.00747535
-0.00942517
-0.0123803
-0.0154975
-0.0174981
-0.0180879
-0.0186877
-0.0194597
-0.018911
-0.0153819
-0.006835
0.00668091
0.0224253
0.0380545
0.0489122
0.0521835
0.0508255
0.0465522
0.0399062
0.0317333
0.0238144
0.0178342
0.0128025
0.00746237
0.00179529
-0.0022946
-0.00386608
-0.00504842
-0.00766941
-0.0130926
-0.0225421
-0.0337523
-0.0410336
-0.0411896
-0.0363535
-0.029619
-0.0225255
-0.0172054
-0.0147517
-0.0130027
-0.00798324
0.00207605
0.0131759
0.0203685
0.0221348
0.0177763
0.00812776
-0.00115548
-0.00563628
-0.00571831
-0.00194565
0.00525748
0.012767
0.0161387
0.0147871
0.0113838
0.00919648
0.0108167
0.0154083
0.0197664
0.0219831
0.0214275
0.0161784
0.00541466
-0.00702911
-0.0182454
-0.0271092
-0.0296921
-0.0252773
-0.0169281
-0.00580422
0.00467739
0.0091494
0.00689965
0.00149303
-0.003681
-0.00614565
-0.00436073
-0.00165549
-0.00193451
-0.00471488
-0.0081077
-0.00714052
0.00353927
0.0206531
0.032793
0.031937
0.0194752
0.00262496
-0.00777261
-0.00742365
-0.00334799
-6.98152E-4
3.32236E-4
-8.15384E-4
-0.00250677
-8.14161E-4
0.00434125
0.00952449
0.0131251
0.0146894
0.0139394
0.0115488
0.00817653
0.00386167
-0.00185739
-0.00858152
-0.0143973
-0.0181831
-0.0203591
-0.020457
-0.0187614
-0.0175706
-0.0175872
-0.0186413
-0.0202441
-0.0190733
-0.0144472
-0.0103235
-0.00775339
-0.00860482
-0.0166806
-0.0280763
-0.0343386
-0.0313162
-0.0208263
-0.00682391
0.00740697
0.0173119
0.0199424
0.0174364
0.011595
0.0027119
-0.00748159
-0.0168493
-0.0229499
-0.0238628
-0.0197771
-0.0103459
0.00562763
0.0239655
0.035124
0.0363823
0.0323982
0.0261698
0.0222016
0.0235732
0.0275901
0.0297791
0.0279311
0.0243117
0.020938
0.0184281
0.0175337
0.0169258
0.0156137
0.0137634
0.0106254
0.00660883
0.00265639
-0.00156662
-0.00586845
-0.00924893
-0.0115278
-0.0130795
-0.0143234
-0.0157738
-0.0174575
-0.0187042
-0.0190978
-0.0191279
-0.0193736
-0.0197439
-0.0192765
-0.0182302
-0.0182596
-0.0199277
-0.0227545
-0.0253659
-0.0255281
-0.0219066
-0.0157037
-0.00885465
-0.00246471
0.0045088
0.015601
0.029658
0.0427322
0.0531894
0.0579945
0.0566304
0.0514637
0.0456711
0.0422667
0.0386577
0.0307045
0.0187344
0.00456677
-0.0103462
-0.020774
-0.0226188
-0.0205974
-0.0207918
-0.025024
-0.0319267
-0.0380261
-0.0406186
-0.0385833
-0.0339761
-0.0304658
-0.0296145
-0.0316055
-0.0347642
-0.0354696
-0.030716
-0.0203882
-0.00874291
-2.82981E-4
0.00497436
0.00896837
0.011828
0.0119964
0.00971706
0.00832107
0.00947907
0.0115449
0.0136773
0.0164737
0.0200804
0.0245519
0.0292764
0.0324499
0.0321116
0.0277155
0.0211529
0.0134049
0.00568256
8.9118E-4
-0.00175178
-0.00502385
-0.00967155
-0.0149929
-0.0195111
-0.0219805
-0.0205641
-0.013181
2.39105E-4
0.0167971
0.0275541
0.0255497
0.0116206
-0.0071489
-0.0154088
-0.00969265
-9.85793E-4
0.00618734
0.00889894
0.00219405
-0.00761825
-0.00990185
-0.00550983
0.00204827
0.00877511
0.00917661
0.00345579
-0.00531899
-0.0124312
-0.0150203
-0.0153778
-0.0158087
-0.0165664
-0.0174302
-0.0166064
-0.012043
-0.00451607
0.00542218
0.0155652
0.021834
0.0255206
0.0284735
0.0292159
0.0262909
0.0180267
0.00303271
-0.0146912
-0.026427
-0.0301474
-0.0279478
-0.0198922
-0.00612367
0.0094835
0.0171702
0.0136199
0.0023639
-0.0113361
-0.0203573
-0.0252309
-0.0288799
-0.0298818
-0.0254933
-0.0117694
0.0103492
0.0286535
0.0347081
0.0340909
0.0274849
0.0155914
0.00769732
0.0045232
0.00149967
-4.5903E-4
0.00260678
0.0134633
0.0289736
0.0408413
0.046044
0.0453338
0.0336083
0.0116221
-0.0126032
-0.0306761
-0.0335036
-0.0259197
-0.0165352
-0.0053274
0.0047177
0.0114318
0.0164983
0.0182554
0.011603
-0.00637676
-0.0303818
-0.046995
-0.0517097
-0.0502879
-0.044705
-0.0357984
-0.0194493
0.0038052
0.0189899
0.0229805
0.02208
0.0144752
0.00524245
6.91562E-4
-0.0013262
1.81402E-4
0.00407804
0.00841708
0.0140306
0.0165259
0.0117404
0.00207603
-0.00698055
-0.0137522
-0.0180035
-0.016502
-0.00966286
-0.00120159
0.00743955
0.0146344
0.0179373
0.0154798
0.00470568
-0.0117738
-0.025938
-0.0338363
-0.0354629
-0.0325695
-0.0279658
-0.0232832
-0.0166701
-0.00487021
0.0105737
0.0235193
0.0298636
0.0291478
0.0191833
0.00419636
-0.00543946
-0.00883409
-0.00805044
-0.00324784
0.00243949
0.00686768
0.00853288
0.00587874
2.20186E-4
-0.00548776
-0.00930544
-0.0110607
-0.0108426
-0.00856968
-0.00527362
-0.00209319
6.99769E-4
0.00318619
0.00520047
0.0066427
0.00737867
0.00645646
0.0035234
-4.63104E-4
-0.0048956
-0.00947635
-0.0123191
-0.0112624
-0.00633281
0.00354004
0.0174971
0.0272654
0.0301391
0.0274671
0.0154481
-9.50807E-4
-0.0148581
-0.0271873
-0.0341733
-0.0333934
-0.0302434
-0.0271285
-0.0231786
-0.0178627
-0.0105066
-0.00241199
0.00417418
0.00746428
0.00896407
0.01231
0.0163219
0.0183647
0.0180786
0.0156858
0.0138722
0.015772
0.0190882
0.0192802
0.0165277
0.0130935
0.00994952
0.00817893
0.00796663
0.00666548
0.0013729
-0.00718557
-0.0131786
-0.0116762
-0.00512875
0.00249663
0.00804774
0.0086308
0.00661413
0.00644309
0.00970614
0.0151972
0.020318
0.0224408
0.0214452
0.020401
0.0203659
0.0197327
0.0170943
0.0126575
0.00750359
0.00181943
-0.00430342
-0.0109397
-0.0176456
-0.0231915
-0.0268429
-0.0269655
-0.0219991
-0.0138123
-0.00554279
0.00167682
0.00642394
0.00605574
5.42648E-4
-0.00835013
-0.0173531
-0.0212122
-0.0193349
-0.0121594
0.00156292
0.0151734
0.0216438
0.0218438
0.0172776
0.00987555
0.00335164
6.77324E-4
7.85759E-4
-1.37374E-4
-0.00271362
-0.00498622
-0.00481966
-0.00217885
9.03707E-4
0.00353286
0.00380021
7.66644E-5
-0.00482025
-0.00861075
-0.0116889
-0.0129246
-0.0112904
-0.00801435
-0.00458968
-0.00168921
4.77914E-4
3.29498E-4
-0.00207685
-0.0035319
-0.00364692
-0.00432811
-0.00617513
-0.00889492
-0.010833
-0.00930286
-0.00454994
1.30351E-4
0.00334347
0.00414859
0.00120642
-0.00289298
-0.00544912
-0.00670613
-0.00706255
-0.00713764
-0.00634682
-0.00248518
0.00440198
0.011948
0.0179265
0.020435
0.0198147
0.0189443
0.020083
0.0228275
0.0252846
0.0268369
0.0269931
0.0252186
0.0215179
0.01442
0.00346354
-0.00799026
-0.0155534
-0.0193889
-0.0227201
-0.0243208
-0.0226973
-0.0196248
-0.0149016
-0.0089118
-0.0046185
-0.00220382
-1.23708E-4
6.30741E-4
8.32744E-4
0.00249737
0.00455088
0.00540018
0.00244803
-0.00540635
-0.0132002
-0.0165635
-0.0162936
-0.0132254
-0.00783376
-0.00336181
-0.00220996
-0.00300969
-0.00362673
-0.00356965
-0.00349022
-0.00370077
-0.00344783
-0.00220007
6.73627E-4
0.00527633
0.00881068
0.00964681
0.00859174
0.0063884
0.00491275
0.0050713
0.00515611
0.00448508
0.00432474
0.00519537
0.00753087
0.0108056
0.0127253
0.0128899
0.0116591
0.00925729
0.00681813
0.00441997
0.00143459
-0.00101956
-2.22185E-4
0.00316571
0.00525692
0.0045384
0.00100258
-0.00425548
-0.0085193
-0.0109876
-0.0128856
-0.0150279
-0.0176313
-0.0201921
-0.020173
-0.0163858
-0.0122862
-0.00998609
-0.00857919
-0.00746222
-0.0058536
-0.00291258
0.00150989
0.00606969
0.00943467
0.0103062
0.00754148
0.00169084
-0.00574515
-0.00907634
-0.00462215
0.00296151
0.0118408
0.0203947
0.0236514
0.0228724
0.0170688
0.00442446
-0.00499346
-0.00803839
-0.0108747
-0.0109563
-0.00772112
-0.00459445
-0.00127341
0.00165055
0.00262819
0.00126438
-7.67129E-4
-0.00157772
7.56298E-5
0.00458322
0.00886203
0.0106507
0.00977096
0.00537897
-0.0014402
-0.00861908
-0.0145892
-0.017842
-0.0189831
-0.0194878
-0.0193032
-0.0176592
-0.0142172
-0.00993228
-0.00573484
-4.86437E-4
0.00687184
0.0135687
0.0163933
0.0162624
0.015307
0.0147472
0.0152456
0.0167234
0.0186105
0.0207725
0.0215796
0.0180513
0.0103778
0.00216073
-0.00402836
-0.00833994
-0.0103947
-0.0109668
-0.0119709
-0.0130869
-0.0138581
-0.0131683
-0.00964724
-0.00508737
-0.00237952
-0.00279861
-0.00505695
-0.00840532
-0.0126319
-0.015531
-0.0172265
-0.0167781
-0.0127881
-0.00631351
0.00155618
0.00806127
0.0131032
0.0157563
0.0146478
0.0122918
0.00851712
0.00417627
0.00212992
0.00123572
-7.84436E-5
-3.23997E-4
4.97075E-4
0.00146122
0.00438508
0.00757547
0.00778244
0.00719313
0.00711846
0.00514191
8.55495E-4
-0.00172934
-0.0013225
-8.54482E-4
-1.77771E-4
0.001483
0.00335201
0.00500547
0.00570413
0.00527718
0.00497909
0.0043815
4.8032E-4
-0.00632816
-0.0123781
-0.0167998
-0.0188841
-0.0163385
-0.00968855
-0.00150603
0.00583926
0.0107796
0.0122314
0.00754916
-0.00287701
-0.0143827
-0.0227302
-0.0243041
-0.0194294
-0.0104674
0.00229014
0.0132104
0.0161427
0.0158977
0.0156527
0.0129071
0.00961511
0.00782907
0.00644212
0.00547261
0.00639085
0.00858454
0.0107956
0.0138564
0.0170507
0.0171439
0.0144994
0.0122127
0.009957
0.00692379
0.00402185
0.00126704
-0.00206474
-0.00631404
-0.0111677
-0.0164113
-0.0214943
-0.0242936
-0.0243049
-0.0230512
-0.020741
-0.0178943
-0.0159196
-0.0154178
-0.0150669
-0.0130108
-0.00959534
-0.00621398
-0.00280539
9.37337E-4
0.0047925
0.00984571
0.0143125
0.0142339
0.0120706
0.011109
0.0112029
0.0134097
0.015679
0.0152788
0.0138844
0.0119788
0.0097476
0.0104989
0.0137976
0.0143159
0.0122324
0.00953467
0.00312424
-0.00726486
-0.0181516
-0.0245062
-0.0254171
-0.023748
-0.017148
-0.006162
0.00306186
0.00639757
0.0058047
0.00572184
0.00589586
0.00557521
0.005524
0.00496797
0.00268432
-8.7129E-5
-5.09738E-5
0.00277108
0.00615144
0.0097348
0.0123707
0.0119642
0.00898925
0.00333737
-0.00446717
-0.00993705
-0.0125368
-0.0125475
-0.0099564
-0.00908653
-0.00980678
-0.00993148
-0.0100293
-0.00982131
-0.00836171
-0.00562953
-0.00372759
-5.56599E-4
0.00814833
0.0162576
0.0190415
0.0205497
0.0189969
0.00956813
-0.00287846
-0.0107544
-0.0154258
-0.0178971
-0.0162716
-0.0123741
-0.00807747
-0.00342941
0.00127364
0.0042754
0.00506773
0.005104
0.00501807
0.00404697
0.00264519
0.00290055
0.00420707
0.00484897
0.00476217
0.00397795
0.00278915
4.94672E-4
-0.00390785
-0.00802812
-0.00943428
-0.00792517
-0.00274569
0.00405054
0.00967141
0.0146412
0.0175425
0.0148119
0.00744278
-7.6883E-4
-0.0103449
-0.0198355
-0.0221623
-0.0179353
-0.0123676
-0.00411385
0.00592678
0.0122842
0.0128556
0.00865621
-5.56932E-4
-0.0117144
-0.017574
-0.0190231
-0.0205004
-0.0183165
-0.00702955
0.00875362
0.0192519
0.02232
0.0204317
0.01588
0.0105613
0.00498925
-6.6873E-4
-0.00535125
-0.0078034
-0.0083041
-0.00667333
-0.00274503
0.00138656
0.00444758
0.00498118
0.00158683
-0.00386628
-0.00941367
-0.0128006
-0.0131587
-0.0116404
-0.00794737
-0.00381105
-8.14391E-4
0.00242216
0.00596481
0.00851756
0.0103956
0.0124817
0.0140574
0.015122
0.0154999
0.0139501
0.0118533
0.0101796
0.00733752
0.00308986
-5.61982E-4
-0.00207465
-0.00270448
-0.00447245
-0.00759897
-0.0104036
-0.0114922
-0.0118118
-0.0119382
-0.0103345
-0.00742657
-0.0058056
-0.00508537
-0.00389934
-0.00319125
-0.00338893
-0.00201686
0.00312492
0.00974221
0.0161163
0.0194342
0.0177797
0.0150789
0.0085651
-0.00102849
-0.00646253
-0.0102931
-0.0129517
-0.011777
-0.00844369
-0.00374659
1.17334E-6
0.00182893
0.00320299
0.00319586
0.00187135
2.5726E-4
-0.00208474
-0.00508478
-0.00683796
-0.00511259
-0.00151762
9.26739E-4
0.00257549
0.00239288
-9.1616E-4
-0.006208
-0.0117933
-0.0142633
-0.0139108
-0.0126008
-0.0096075
-0.00568803
-0.00197344
6.16084E-4
0.00236246
0.00491892
0.00717389
0.00665979
0.00458043
0.00284603
5.03043E-4
-0.002589
-0.0046503
-0.00392695
-9.33217E-4
0.00263676
0.00674875
0.0109865
0.0137978
0.0152228
0.0162112
0.0159879
0.014901
0.0136075
0.0108609
0.00775371
0.00662594
0.00626435
0.00397886
6.34123E-4
-0.00193938
-0.00406514
-0.00597444
-0.00773137
-0.0091885
-0.0104115
-0.0129463
-0.0159216
-0.0165741
-0.0153982
-0.0116042
-0.00501394
1.728E-4
0.00277518
0.00351546
0.00348815
0.00243325
-0.00131419
-0.00368278
-0.00177657
0.00133962
0.00428932
0.00649032
0.00638145
0.00496561
0.00260698
-0.00231347
-0.00645609
-0.00630489
-0.00545609
-0.00584353
-0.00594422
-0.0063205
-0.00689202
-0.00576328
-0.00316549
-4.17756E-4
0.00248394
0.00445954
0.00477632
0.00395882
0.00215454
0.00111384
0.00129616
0.00211715
0.00528789
0.00896668
0.00990058
0.00968796
0.010383
0.00955408
0.0045301
-0.00180455
-0.00620375
-0.00782455
-0.00579961
-0.00391581
-0.00590631
-0.00836357
-0.00891144
-0.00870109
-0.00798107
-0.00689213
-0.005835
-0.00491695
-0.0047426
-0.00534276
-0.00526276
-0.00217111
0.00362825
0.00734189
0.00907327
0.0120513
0.0130343
0.0115952
0.010412
0.00770102
0.00480386
0.00398478
0.00275605
4.58879E-4
-9.61637E-4
-0.00155088
-0.00245017
-0.00337618
-0.00398533
-0.00464664
-0.00546551
-0.00606397
-0.00537558
-0.00357213
-0.0019678
-9.15483E-4
-6.92948E-4
-8.29762E-4
-6.24758E-4
1.46936E-4
0.00271052
0.00585912
0.00600061
0.00389715
0.00232275
7.20892E-4
-0.00137461
-0.00311437
-0.00370345
-0.00244137
-0.00122903
-0.00166082
-0.00170183
-6.32165E-4
9.7381E-4
0.00347657
0.00615836
0.00731878
0.00668644
0.00540311
0.00308448
1.64434E-4
-0.00134757
-9.26018E-4
7.65953E-4
0.00138833
2.96097E-4
-0.00154222
-0.00526928
-0.00884473
-0.00940762
-0.00947683
-0.00925679
-0.00621522
-0.00226429
0.0012112
0.00529678
0.0088304
0.0103113
0.0107465
0.0113419
0.0111406
0.00864009
0.00514962
0.00259249
3.55935E-4
-0.00190466
-0.00344786
-0.00378093
-0.00277675
-9.89539E-4
2.34381E-4
-2.331E-4
-0.00300784
-0.00644278
-0.00856526
-0.0108307
-0.011206
-0.00693199
-0.00276223
-0.00171639
-0.00159317
-0.00185308
-0.00273201
-0.00352278
-0.00415424
-0.00442455
-0.00431822
-0.00522349
-0.00725842
-0.00892635
-0.00906783
-0.00662843
-0.00282759
-8.58742E-4
-6.8007E-4
8.85666E-4
0.0039514
0.00637466
0.00826939
0.0101912
0.0114111
0.0106414
0.0088283
0.00839144
0.00884641
0.00836498
0.00678851
0.00506671
0.00412222
0.00389633
0.00389043
0.00457887
0.0059389
0.00691434
0.00742647
0.00757363
0.00685608
0.00468018
4.41725E-4
-0.0044963
-0.00828483
-0.0111074
-0.0127211
-0.0118185
-0.008742
-0.00541222
-0.00269096
-1.74684E-4
0.00111329
-7.2461E-5
-0.00124821
-7.06641E-4
-4.11923E-4
-0.00150448
-0.00350637
-0.00536673
-0.00571281
-0.00341237
2.82914E-4
0.00369632
0.00758218
0.0108931
0.0108787
0.00785981
0.00405751
1.92911E-4
-0.00397301
-0.00833865
-0.0113932
-0.0121555
-0.0113796
-0.00830451
-0.00446792
-0.00288469
-0.00246449
-0.00242712
-0.00276715
-0.00246205
-8.57089E-4
0.00202689
0.00480504
0.00676535
0.00844048
0.00935421
0.00825309
0.00634044
0.00613534
0.00647788
0.00485447
0.00169294
-0.00135593
-0.00354658
-0.00403825
-0.00292937
-7.44776E-4
0.00180181
0.0024967
0.00163058
9.45233E-4
7.64594E-4
0.00103352
0.00219775
0.00422261
0.00508557
0.00484013
0.00252947
-0.00251586
-0.00542797
-0.00630313
-0.00811252
-0.00789454
-0.00453363
-0.00144157
5.15953E-4
0.00254007
0.00419383
0.00454993
0.00345055
9.642E-4
-0.0021236
-0.0047748
-0.00604737
-0.00474937
-0.00159641
0.00156652
0.00459297
0.00764315
0.0091539
0.00876762
0.00709819
0.00401926
6.44637E-4
-0.00221409
-0.00487372
-0.00633616
-0.00567369
-0.00342223
-8.43544E-5
0.00249296
0.00317561
0.00296782
0.00177501
-4.70053E-4
-0.00174672
-0.00128134
-4.09146E-4
8.57654E-4
0.00204949
0.00217589
0.00180275
0.00126133
5.2572E-4
-7.48836E-4
-0.00320009
-0.00599995
-0.00777732
-0.00824445
-0.00680986
-0.00391875
-0.00195633
-0.00137573
-0.00203265
-0.00383121
-0.00575297
-0.006888
-0.0055917
-0.00260946
-5.58101E-4
6.12377E-4
0.00174299
0.00228132
0.00201162
0.00141449
0.00139044
0.0027109
0.00483061
0.0070445
0.00846162
0.00795922
0.00630663
0.0050469
0.00471234
0.00541407
0.00629886
0.00694228
0.00673612
0.00421231
1.67883E-4
-0.00346951
-0.00614932
-0.00742529
-0.00678652
-0.00559518
-0.00438023
-0.00310348
-0.00266842
-0.0024316
-0.00181136
-0.00126454
-0.00104375
-0.00124815
-0.00110321
-1.91638E-4
5.14505E-4
0.00104006
0.00193034
0.00289542
0.00330426
0.00306454
0.00260343
0.00119666
-9.89669E-4
-0.00312167
-0.0058045
-0.00815661
-0.00874257
-0.00827018
-0.00726244
-0.0039463
1.26653E-4
7.33845E-4
-7.41324E-5
1.99162E-4
6.18888E-4
0.00173615
0.00345519
0.0046307
0.00499898
0.00453838
0.00332102
0.00115073
-0.00199536
-0.00353926
-0.00271629
-0.0027147
-0.0038066
-0.00451425
-0.00523772
-0.00547451
-0.00417229
-0.00241129
-5.247E-4
0.00243299
0.00546113
0.0076247
0.00932433
0.0106318
0.0110637
0.0102557
0.00881187
0.007056
0.00443581
0.00144383
-0.00127487
-0.00334546
-0.00426692
-0.00401804
-0.00242917
4.42605E-4
0.00293922
0.0034242
0.00195126
-0.00151989
-0.00622582
-0.0107172
-0.0132645
-0.01212
-0.00952553
-0.00837646
-0.00769298
-0.0064103
-0.00485002
-0.0031489
-0.00145509
-1.99423E-4
4.61196E-4
0.00101455
0.00197115
0.00362096
0.00569097
0.00717267
0.00770562
0.00806897
0.00850164
0.00873461
0.00894155
0.00910529
0.00933411
0.00837988
0.00481728
0.0013063
-7.67643E-4
-0.00427487
-0.00866283
-0.0101411
-0.00806375
-0.00574849
-0.00546418
-0.00523145
-0.00428426
-0.00381556
-0.00332964
-0.00229242
-0.00116512
1.44814E-4
0.00300232
0.00658692
0.0083069
0.00850127
0.0079085
0.00619869
0.00398867
0.00195377
6.53974E-4
-6.8149E-4
-0.00376179
-0.0061458
-0.00442147
-0.00152312
-3.84637E-4
-7.17986E-4
-0.00192565
-0.00289114
-0.00395628
-0.00430055
-0.00256808
1.00122E-4
0.00211911
0.0021833
4.05596E-4
-0.00185822
-0.0035367
-0.00325389
-0.00132896
4.72869E-4
0.00186806
0.00270208
0.0026783
0.00234167
0.00256178
0.00330373
0.00372039
0.00366549
0.00393524
0.00507489
0.00700615
0.00837142
0.0078259
0.00672923
0.00542124
0.00322791
0.00142626
1.83754E-4
-0.00177015
-0.00456436
-0.00751853
-0.0100906
-0.0114759
-0.0105472
-0.0072826
-0.00487665
-0.00456068
-0.0037444
-0.00278982
-0.00260986
-0.00208338
-6.20814E-4
0.00117684
0.00204921
0.00238787
0.00240552
0.00152001
8.2773E-4
7.74094E-4
0.00100114
0.00159943
0.00223902
0.00287089
0.00359636
0.00425416
0.00482407
0.00537339
0.00576859
0.00592204
0.00610024
0.00587955
0.0048395
0.00400009
0.00367321
0.00330782
0.00320884
0.0032844
0.00322618
0.00236002
-3.43234E-5
-0.00250651
-0.00431736
-0.00612872
-0.00708945
-0.00683403
-0.00646276
-0.00611338
-0.00534224
-0.00457469
-0.00442728
-0.00484886
-0.00491203
-0.00396868
-0.00176228
0.00167464
0.004471
0.00498721
0.00443846
0.00408273
0.00389085
0.00423581
0.00477346
0.00501126
0.00508598
0.00407845
0.00186952
-4.02171E-4
-0.0027039
-0.00515506
-0.00628418
-0.00508702
-0.00355221
-0.00289236
-0.00201701
-8.60685E-4
-2.85069E-4
-5.50831E-4
-0.00138136
-0.0032912
-0.0057155
-0.00605458
-0.00473697
-0.00384253
-0.00243559
-2.40612E-4
0.00164419
0.00370234
0.00557099
0.00463146
0.00168614
7.26188E-5
-6.60816E-4
-7.79278E-4
1.91974E-4
9.96394E-4
0.0016693
0.0026141
0.0034868
0.00438984
0.00488682
0.00434977
0.00358286
0.00308723
0.00238651
0.00195844
0.00244874
0.00324956
0.00378897
0.00359821
0.00246003
0.00131682
1.78328E-4
-0.00163048
-0.0034847
-0.00493476
-0.00641242
-0.00797937
-0.00948163
-0.0111499
-0.0119769
-0.0106067
-0.00852189
-0.00694034
-0.00504681
-0.00296636
-9.52365E-4
8.76262E-4
0.00157403
0.00165814
0.00224826
0.00272672
0.00282181
0.00294034
0.00332338
0.00457225
0.00604598
0.00646948
0.00662933
0.0066312
0.00497152
0.00229002
4.34765E-4
-3.26358E-4
-2.09323E-4
9.96434E-4
0.00236535
0.00275577
0.0023336
0.00136392
-9.51639E-5
-0.00159625
-0.00316776
-0.00471077
-0.00535626
-0.00507446
-0.00438923
-0.00351465
-0.00260017
-0.00205667
-0.00212528
-0.00230722
-0.00237742
-0.00244613
-0.00252199
-0.00248459
-0.00212137
-0.00174102
-0.00157685
-0.0012437
-4.74303E-5
0.00182927
0.0036632
0.00571517
0.00778257
0.00828386
0.00688381
0.00525088
0.0038527
0.00244806
0.00150786
7.12994E-4
-1.46538E-4
-0.00135414
-0.00401877
-0.00629619
-0.00589128
-0.00497321
-0.00482896
-0.00349794
-8.099E-4
4.04482E-4
-1.97393E-4
-5.06229E-4
-0.00201
-0.00449343
-0.00476725
-0.00446547
-0.00475174
-0.00354494
-0.00122651
6.00485E-4
0.00178609
0.00171654
-2.43779E-4
-0.00256581
-0.00444693
-0.00547964
-0.00472977
-0.00329619
-0.0017862
4.86276E-4
0.00283424
0.0046321
0.00593814
0.00618444
0.0051197
0.00312492
7.36385E-4
-0.00155606
-0.00366361
-0.00414157
-0.00256993
-0.00174758
-0.00206907
-0.00212236
-0.00204435
-0.00149034
-5.5059E-4
-1.16448E-4
6.89262E-5
2.95847E-4
9.59333E-5
-3.37025E-4
-4.44395E-4
1.13246E-4
0.00136105
0.00244827
0.00295608
0.00291681
0.00219209
0.0015329
0.00137135
9.65073E-4
-1.45826E-4
-0.00163334
-0.00277411
-0.00276604
-0.00202258
-0.00120356
1.0469E-4
3.30152E-4
-0.00146441
-0.00300468
-0.00347287
-0.00259548
-3.56833E-4
0.00167009
0.00352204
0.00562147
0.006239
0.00476204
0.0031426
0.00183422
1.25386E-4
-0.00131339
-0.00215039
-0.00208763
-5.60072E-4
0.00121936
0.00228973
0.00239705
0.00125841
-1.15791E-4
-8.31556E-4
-2.45196E-4
0.00107105
9.35197E-4
-4.653E-4
-0.0014342
-0.00219293
-0.00276938
-0.00222855
-0.00119625
-0.00103854
-0.00167541
-0.00235147
-0.00230484
-8.31567E-4
0.00110674
0.00261027
0.00407442
0.00459373
0.00383097
0.00325876
0.00295347
0.00240837
0.00211622
0.0021561
0.00213705
0.00207636
0.00208397
0.00209492
0.00203893
0.00183212
0.00159291
0.00125265
3.68367E-4
-7.96678E-4
-0.00178056
-0.00235656
-0.00214786
-0.00165052
-0.00148438
-0.00169188
-0.00229927
-0.00282526
-0.00229781
-6.41093E-4
0.00113767
0.00271171
0.0042075
0.00489999
0.00459576
0.00427157
0.00445267
0.00515192
0.00549699
0.0045789
0.0032815
0.00212997
8.05413E-4
-2.73575E-4
-9.88088E-4
-0.00167416
-0.00225719
-0.002652
-0.00301336
-0.00333861
-0.00338786
-0.0031109
-0.00279667
-0.00297613
-0.00380972
-0.00500136
-0.00565683
-0.00441537
-0.00189854
8.18062E-4
0.00367896
0.00573047
0.00652504
0.00652337
0.00635094
0.00649554
0.00631408
0.00495899
0.00302656
0.00145094
9.94568E-6
-0.00134003
-0.00206908
-0.00190127
-0.0012435
-9.5159E-4
-0.00125747
-0.0022634
-0.00381824
-0.00541117
-0.00730063
-0.00854661
-0.00745716
-0.00538972
-0.00385755
-0.00194716
2.69102E-4
0.00176352
0.00284706
0.00382378
0.00386865
0.00323934
0.00292033
0.0026072
0.00239952
0.00323446
0.00471845
0.00567701
0.00611074
0.00657715
0.00616412
0.00424702
0.00205126
-2.85356E-4
-0.00279691
-0.00438409
-0.0055361
-0.00671181
-0.0064831
-0.00508079
-0.00422206
-0.00390055
-0.00351586
-0.00348203
-0.00416103
-0.00494218
-0.00554933
-0.00574948
-0.00455337
-0.00247568
-7.31942E-4
8.47137E-4
0.00246506
0.00391193
0.00479563
0.00522948
0.00526378
0.00418493
0.00287103
0.00232386
0.00180497
0.00155306
0.00226588
0.00312318
0.0037299
0.0046313
0.00524523
0.00415887
0.00191074
6.96691E-5
-0.00136722
-0.00279619
-0.00351402
-0.00244156
-5.0517E-4
9.94917E-4
0.00241606
0.00295392
0.00204806
0.00113132
3.41952E-4
-3.34282E-4
8.59642E-5
9.63975E-4
0.00145262
0.00165236
0.00162238
0.00156626
0.00153339
0.00129137
3.30297E-4
-0.00131018
-0.00271302
-0.0037498
-0.00451865
-0.00425714
-0.00319614
-0.00235665
-0.00154477
-5.04242E-4
4.83691E-4
0.00109568
0.00112679
9.90519E-4
7.81576E-4
4.42554E-4
6.5702E-4
0.00148977
0.00221869
0.00251652
0.00242441
0.00225886
0.00208901
0.00188449
0.00202555
0.00223447
0.00139043
-4.26325E-4
-0.00189093
-0.0028503
-0.0032423
-0.00262903
-0.00175795
-8.80258E-4
-6.40638E-4
-0.00197917
-0.00343893
-0.00411882
-0.00483785
-0.00557109
-0.00593761
-0.00628966
-0.00653173
-0.00608154
-0.00532035
-0.00434868
-0.00271041
-8.21873E-4
3.70953E-4
1.2218E-4
-7.58664E-4
-0.00100768
-4.98735E-4
6.05884E-4
0.00190124
0.00264807
0.00217932
0.0011007
3.68017E-4
-2.5621E-4
-9.73974E-4
-0.00167438
-0.00224784
-0.00249859
-0.00265572
-0.00266453
-0.00197722
-9.37094E-4
-4.45879E-5
2.30262E-4
-6.41331E-4
-0.0016158
-0.00187368
-0.00198267
-0.00170372
-7.50999E-4
1.69507E-4
9.11357E-4
0.00169049
0.00246716
0.00317919
0.00332073
0.00284728
0.00244943
0.0020727
0.00148185
0.00119554
0.00141399
0.00158825
0.00156811
0.00165217
0.00139975
4.10054E-4
-6.83867E-4
-0.00146294
-0.00211824
-0.00278263
-0.00337299
-0.00362006
-0.0030568
-0.00176869
-4.82762E-4
6.20223E-4
0.00105382
5.60405E-4
4.50142E-4
0.00118611
0.0018782
0.00240969
0.00305891
0.00382197
0.00490329
0.0061553
0.0064117
0.00532335
0.00419481
0.00330355
0.00239618
0.00204648
0.00170516
2.6127E-4
-0.00180469
-0.00376293
-0.00483907
-0.00408914
-0.00284541
-0.00207646
-0.00132295
-0.0012153
-0.00162547
-0.00177731
-0.00190525
-0.00215989
-0.00183547
-5.57089E-4
8.76317E-4
0.00190911
0.00268663
0.00325919
0.00340216
0.00322369
0.00298326
0.00235188
0.00144161
5.81404E-4
-7.7286E-6
3.99885E-4
0.00151409
0.00234314
0.00240623
0.00171854
7.91074E-4
-5.69377E-4
-0.00231198
-0.00368036
-0.00437031
-0.003914
-0.00268014
-0.00172647
-8.91102E-4
1.83623E-4
7.41255E-4
2.38456E-4
-4.55721E-4
-9.87142E-4
-0.00157182
-0.00138941
-5.11118E-4
1.7389E-4
7.71209E-4
0.00104136
7.07364E-4
4.17514E-4
6.14045E-4
0.00131412
0.00199295
0.00173212
6.86901E-4
-3.08246E-4
-0.00140156
-0.00190652
-8.7487E-4
3.61976E-4
9.23529E-4
0.0013804
0.00222837
0.0033116
0.00310645
0.0014526
3.15316E-4
-2.37019E-4
-9.79303E-4
-0.00119115
-8.53424E-4
-6.82102E-4
-5.34966E-4
-2.73589E-4
-1.85385E-4
-1.55299E-4
1.73335E-4
6.738E-4
0.00122835
0.00203424
0.00277999
0.00310678
0.00333865
0.00354209
0.00343969
0.00315839
0.00267475
0.00196376
0.00130047
6.51233E-4
-2.1696E-5
-5.21278E-4
-0.00100742
-0.00203882
-0.00350196
-0.00450559
-0.00502641
-0.00521652
-0.00458564
-0.00364249
-0.00280237
-0.00167113
-4.78402E-4
4.75803E-4
0.00134853
0.00218709
0.00275874
0.00313138
0.00348837
0.00360693
0.00360222
0.00355546
0.00289257
0.00173715
7.64191E-4
7.59202E-5
-4.38033E-4
-9.15424E-4
-0.00103709
-5.27065E-4
1.88136E-5
3.66901E-4
5.44752E-4
8.64719E-5
-8.39009E-4
-0.00166945
-0.00261967
-0.00320838
-0.00254541
-0.00149182
-7.69846E-4
1.41509E-4
9.02742E-4
8.23563E-4
4.13115E-4
4.21016E-5
-5.8279E-4
-0.00117635
-0.00148212
-0.00181963
-0.00209095
-0.00194817
-0.0017446
-0.00113546
9.18938E-4
0.00345821
0.00415214
0.00285478
0.00153059
3.30144E-4
-0.00149413
-0.00320416
-0.00398794
-0.00416645
-0.00397527
-0.00269078
-8.62873E-4
6.25652E-4
0.00231095
0.00401497
0.00428529
0.00316736
0.00221662
0.00205108
0.00271457
0.00372934
0.004073
0.00283224
6.33938E-4
-0.00114904
-0.00261084
-0.00400165
-0.00478777
-0.00495866
-0.00520389
-0.00569125
-0.00619252
-0.00614367
-0.00515147
-0.00398944
-0.00312893
-0.00270198
-0.00289723
-0.00297712
-0.00211114
-6.43885E-4
6.75381E-4
0.00179193
0.00267034
0.00336135
0.00410382
0.00487472
0.00525022
0.00444286
0.00290311
0.00172232
7.91224E-4
2.01926E-4
6.6539E-4
0.00172209
0.00262789
0.00323216
0.00287716
0.00180389
0.00101581
4.24088E-4
-1.76131E-4
-2.72467E-4
4.23911E-4
0.00131058
0.00175936
0.00143705
6.41757E-4
1.41789E-5
-5.75147E-4
-0.0012533
-0.00187985
-0.00263798
-0.00359802
-0.00463523
-0.00518057
-0.00443935
-0.0031121
-0.0020784
-0.00115434
-5.94283E-4
-3.6657E-4
-1.45998E-5
3.2413E-4
5.56626E-4
8.00081E-4
0.00104662
0.00129558
0.0015801
0.00189248
0.00218303
0.00232266
0.00228726
0.00225456
0.00225202
0.00222457
0.00219868
0.00194043
0.00132143
6.91655E-4
1.59754E-4
-4.30083E-4
-0.00109119
-0.00169548
-0.00181408
-0.00144747
-0.00115202
-8.80298E-4
-7.54571E-4
-0.00128906
-0.00205453
-0.00260495
-0.00307884
-0.00353692
-0.00370888
-0.00301661
-0.00180651
-8.31012E-4
5.58516E-5
9.46413E-4
0.00177847
0.00237524
0.00244731
0.00240169
0.00252077
0.00229163
0.00152721
7.24498E-4
4.09189E-4
6.63096E-4
0.00102243
0.0011249
8.54737E-4
3.57773E-4
-5.27234E-5
-4.61767E-4
-9.65473E-4
-0.00143132
-0.0015883
-0.00134221
-0.00105899
-9.43009E-4
-9.48531E-4
-9.86685E-4
-0.00102529
-0.00127835
-0.00176698
-0.00211159
-0.00186733
-0.00119571
-6.35955E-4
-2.16915E-4
6.68853E-5
2.08579E-4
4.56199E-4
7.94116E-4
0.00116891
0.00176049
0.00241153
0.00263324
0.00250208
0.00244247
0.00238684
0.00225464
0.00209435
0.00167785
0.0010644
5.3888E-4
4.29912E-5
-4.85171E-4
-0.00109541
-0.0018771
-0.00257503
-0.00288561
-0.00259898
-0.00180838
-0.00113169
-6.92761E-4
-3.17159E-4
-2.63688E-4
-4.20488E-4
-4.3042E-4
-3.44439E-4
-2.66826E-4
-1.21145E-4
1.00707E-4
3.00165E-4
4.89211E-4
7.03054E-4
9.18392E-4
0.0010856
0.00104035
7.59297E-4
4.27183E-4
8.64173E-5
-1.34122E-4
-6.39138E-6
2.61129E-4
4.42723E-4
5.70955E-4
5.18454E-4
3.27676E-4
1.94724E-4
9.75481E-5
5.47259E-5
7.53565E-5
7.77212E-5
7.31107E-5
7.83618E-5
8.35411E-5
3.08288E-5
-1.38654E-4
-3.25858E-4
-4.61981E-4
-4.88004E-4
-2.46979E-4
1.43422E-4
4.27929E-4
6.40988E-4
8.4049E-4
8.68532E-4
7.083E-4
5.57336E-4
4.75232E-4
4.83583E-4
