-8.2144E-5
3.57903E-4
-5.65563E-4
-6.97432E-4
-0.00110119
-0.00149943
-0.00156505
-0.00153293
-0.00164568
-0.0014445
6.61501E-5
-0.0011191
-0.00112794
-3.68574E-4
0.00106707
0.00148273
9.65106E-4
-3.11882E-4
-7.69626E-4
-1.83968E-5
7.52338E-4
0.00104206
0.00141903
0.00169925
0.00183368
0.00218131
0.00214595
0.00193665
0.00163059
0.00138528
0.00102973
7.85841E-4
-0.00126165
-7.23165E-4
2.66838E-4
-1.48297E-4
-8.2478E-6
-4.10295E-4
-8.38273E-4
-4.23187E-4
-2.88464E-4
-6.51947E-4
-0.00158329
-0.00124011
6.34692E-4
0.00180416
3.29974E-4
-3.11577E-4
-6.78808E-4
4.20731E-4
0.00190119
0.00160649
6.65102E-4
-7.28106E-4
-4.6159E-4
-8.25272E-4
-4.13865E-4
-1.01503E-4
-8.67937E-4
-9.48257E-4
-3.684E-4
9.10817E-5
-3.72728E-4
-3.13675E-4
0.00103443
8.3752E-5
0.0010257
0.00168205
1.31804E-4
4.66574E-4
0.00150987
0.00101705
-0.0011019
6.6733E-6
0.0016126
-6.06212E-4
-2.18413E-5
2.73543E-4
7.8839E-6
6.97371E-4
-9.01006E-4
-0.00181648
-0.00190828
9.09262E-4
0.001815
0.00111248
0.00142729
3.06414E-4
8.886E-5
9.3358E-4
-9.28438E-4
-0.00168058
6.7882E-4
0.00145903
6.03487E-4
-0.00127833
-0.00126099
5.46388E-4
-5.65598E-5
3.01253E-4
-0.00111042
-8.6014E-4
7.70143E-4
7.26565E-4
-0.00178732
-0.00141614
-5.80934E-4
-0.00233586
-0.00258996
-0.00120758
1.5513E-4
6.03499E-4
0.00267161
7.83317E-4
-0.00301056
-0.00111735
0.0019001
0.00129189
-8.71837E-4
-0.0017026
-4.84412E-4
4.36523E-4
9.90098E-4
-3.64016E-4
-0.00255515
-0.00238102
-3.7513E-4
-3.78724E-4
-0.00165846
-0.0030794
-0.00151092
3.81569E-4
-0.00121986
-0.00234146
-0.00231304
-3.23388E-4
-2.61126E-4
-0.00241083
-0.00322558
-0.00174308
4.61914E-4
0.00452772
0.00575508
0.00212834
-1.49347E-4
-9.00045E-4
-0.00206288
-0.00235047
-0.00336032
-0.00232477
5.31086E-4
8.12947E-4
0.00113145
-4.53698E-6
1.58427E-4
0.00222374
6.14066E-4
-0.00214942
3.93877E-4
0.00359577
0.00236124
9.23163E-4
0.00130954
7.24517E-4
-1.62613E-4
-0.0010135
-0.00191074
-0.00168282
-0.00232372
-4.50617E-4
0.00258193
0.00221253
0.00303819
-7.11726E-4
-0.00220375
0.00143118
0.00433347
0.00488633
0.00434483
0.00247432
0.00130535
0.00156289
9.31612E-4
0.00155247
-0.00387002
-0.00469102
-0.00138162
-2.9239E-4
7.06287E-5
-4.31225E-4
-0.00110576
-5.48613E-4
0.00110752
7.70198E-4
-4.90258E-4
1.95401E-5
0.00468437
0.00560824
0.00179789
-0.00145252
-0.00346562
-0.00430602
-0.00430571
-0.00353665
-0.00288931
-9.82005E-4
8.01113E-4
0.00219669
0.00144026
7.39473E-4
0.00542042
0.00361702
3.94012E-4
0.00115554
0.00116105
-0.00108769
-0.00461343
-0.00577058
-0.00455648
0.00116846
0.00345883
0.00241719
4.898E-4
6.6027E-4
0.00271819
0.0035387
0.00251059
-0.00155901
-0.00377885
-0.00431301
-0.00292964
1.52423E-4
-1.57226E-4
0.00371466
0.004314
-0.00186663
-0.00379345
0.00165647
0.00707864
0.00562201
0.00145804
-0.0044473
-0.00452847
-0.00274714
-0.00165699
-0.0013557
-7.7946E-4
0.00112956
-6.23616E-4
-9.02085E-4
0.00117769
0.00459026
0.00518963
0.00345502
8.9729E-4
-0.00507701
-0.00900717
-0.00481158
-0.00188492
0.00343403
0.00388366
0.00170295
0.00136999
0.00431989
0.00861462
0.00658292
0.00210379
-0.00156044
7.73896E-5
0.00353072
0.00277055
-0.00325527
-0.0110476
-0.010515
-0.00409139
0.00209587
0.0107199
0.00854298
1.50283E-4
-0.00373674
-0.00370675
0.00151087
0.00271664
8.00132E-4
-0.00293578
-0.00385784
-6.94044E-4
0.0013589
0.00344312
-1.81489E-4
-0.00531977
-0.0075276
-7.0599E-4
6.09293E-4
-0.0031777
-0.00373881
-0.00319235
-0.00331967
-0.00336905
-0.00242009
-0.00177265
8.95745E-4
0.00154605
0.0103425
0.0266046
0.0363554
0.0415537
0.0408659
0.0347132
0.0218676
-0.0197377
-0.0479331
-0.0397154
-0.0283891
-0.0331936
-0.0608998
-0.0660461
-0.0462796
-0.0161933
0.0175598
0.0381713
0.0378821
0.0321407
0.03433
0.0316546
0.011895
-0.00370896
0.00650873
0.00960503
4.18529E-5
-0.00682401
-0.0150214
-0.0159866
-0.0179372
-0.018468
-0.00822257
0.00547587
0.0105322
0.00981271
0.00208864
0.00365204
0.0134131
0.0150209
0.0103376
-0.00992799
-0.0152898
-0.014437
-0.019823
-0.0141012
0.00903388
0.0297508
0.015163
-0.0264888
-0.0505579
-0.0410216
-0.0178902
-0.0123205
-0.0158655
-0.0127539
0.00670378
0.0290926
0.0241391
0.00508391
-0.00871628
-0.0137442
-0.00817229
0.0135459
0.0396771
0.0580909
0.0653878
0.046923
0.00726177
-0.0264138
-0.047496
-0.0564544
-0.039568
-0.0199417
-0.0173958
-0.00461458
0.00168084
-0.00592959
-0.00842662
-0.00549502
-0.00748069
-0.0118883
-0.00670993
0.00528399
0.0224448
0.0406879
0.0521256
0.0493717
0.0330399
-0.0105981
-0.0559766
-0.057758
-0.0230772
0.0240078
0.057803
0.0432964
-0.00428386
-0.0166455
-7.88954E-4
0.0106904
0.0216348
0.022342
0.027222
0.032563
0.0287022
0.0198798
-0.00605807
-0.0336684
-0.0233523
0.0116464
0.0264951
0.0220179
-0.00865845
-0.0383464
-0.0426445
-0.0187753
0.00634605
0.00445495
-0.0111125
-0.0205737
-0.00723209
0.0124885
0.0240307
0.0148712
-0.0057671
-0.00376407
0.0255446
0.0406625
0.0158224
-0.0106747
-0.0153455
0.00156813
0.00935286
-0.0227949
-0.0535012
-0.0780864
-0.0858564
-0.0726866
-0.0560947
-0.028438
0.00755552
0.058347
0.100585
0.0859745
0.062173
0.0440125
0.0090512
-0.0317873
-0.0711397
-0.0759942
-0.0476646
-0.012346
-0.0144346
-0.0474174
-0.0560682
-0.0204543
0.0149207
0.0306087
0.0240935
-2.97383E-4
0.0139838
0.00781365
-0.0176397
0.00613305
0.0603898
0.0990232
0.0964555
0.0596617
0.0159933
0.0113326
-0.0154297
-0.0473368
-0.0220397
-0.00414319
3.70242E-4
0.0176897
0.0324174
0.04572
0.0449516
-0.0179772
-0.102869
-0.137676
-0.110003
-0.0187105
0.0517755
0.0526855
0.0277199
0.0202039
0.0482003
0.0798057
0.0793334
0.0371104
-0.0173241
-0.0579867
-0.0753971
-0.0574373
-0.0208322
0.00250341
-0.00595768
-0.0267811
-0.0255803
-0.0163647
0.00462655
0.0163504
-0.00943444
-0.0221592
0.00417434
0.0358137
0.0203391
-0.00722793
-0.0049448
0.00774927
0.0228589
0.0213348
0.0147332
0.0289695
0.0470371
0.0434563
0.00186729
-0.0619425
-0.091418
-0.0541251
-0.00881561
0.00852725
0.0212444
0.0226887
0.0138789
0.0156632
0.0264256
0.0325614
0.025945
-0.0149274
-0.0483464
-0.0478926
-0.0395833
-0.0186757
6.16132E-4
0.0156836
0.0287865
0.0307907
0.00793976
-0.0354267
-0.0373494
0.00624041
0.0550136
0.0673964
0.0484694
0.0406898
0.0300328
8.27766E-4
-0.0231157
-0.0211715
-0.0150855
-0.0245363
-0.0407791
-0.0384856
-0.0436638
-0.0626412
-0.057841
-0.0279684
0.0290214
0.0901212
0.111853
0.111104
0.102009
0.0782673
0.0452054
0.00699418
-0.0198272
-0.0161407
0.0161986
0.041702
0.0181879
-0.0517232
-0.144996
-0.208364
-0.207836
-0.171609
-0.112138
-0.0628676
-0.0158574
0.0155621
0.0149385
0.0132157
0.0145236
0.0382547
0.0487219
0.0179664
0.0118337
0.0499473
0.0854752
0.0758954
-0.0100547
-0.10337
-0.129427
-0.0730894
0.0309041
0.0821121
0.0811903
0.0751299
0.0829584
0.0983979
0.082227
0.0372342
-0.00465364
-0.0329966
-0.044755
-0.054372
-0.0583237
-0.0524137
-0.0110366
0.0328584
0.0407191
0.00631548
-0.054861
-0.0949004
-0.0998898
-0.0635721
-0.00804438
0.0323078
0.0518037
0.0720044
0.0907066
0.0920498
0.0830724
0.0676599
0.0491068
0.0380659
0.0302847
0.00670923
-0.0212987
-0.0320732
-0.0249188
0.00772136
0.0302207
0.0330272
0.00927196
-0.0324118
-0.0680675
-0.0855892
-0.0556315
-0.00567778
0.0152057
0.0156413
0.0165975
0.025111
0.0482817
0.0694983
0.0653412
0.0214097
-0.0164136
0.00174583
0.0274333
0.00370432
-0.0219466
-0.00375163
0.0232262
0.0330234
0.0332297
0.0154102
0.0033984
0.00518949
-0.0181452
-0.03535
-0.0272538
-0.0254184
-0.00881616
0.0148213
0.0192741
0.0241817
0.0228881
0.00587609
-0.0174184
-0.0271996
-0.0337671
-0.0338899
-0.0106608
-0.00932956
-0.0315724
-0.0263352
0.012417
0.0335159
0.0273468
0.0115182
-0.0186554
-0.0561112
-0.0857616
-0.0990148
-0.115636
-0.124695
-0.124
-0.0832904
-0.0084274
0.0469269
0.0705078
0.0372106
-0.0163104
-0.0491004
-0.0620906
-0.0451425
8.11875E-4
0.033941
0.0448537
0.0418599
0.0297635
0.0319731
0.0540317
0.0708579
0.0710592
0.0564743
0.0372763
0.033935
0.0323647
0.032116
0.0352195
0.0392494
0.0493189
0.0504193
0.0114438
-0.042731
-0.0657473
-0.0552184
-0.0319801
-0.015468
-0.0246099
-0.0442979
-0.0416739
-0.0251165
-0.00949115
0.00220927
0.0117252
0.0188929
0.0245119
0.0431776
0.0693921
0.0583581
0.0155604
-0.0371162
-0.0717772
-0.0665231
-0.0479708
-0.0221761
0.0013792
-0.00270423
-0.00371899
0.0104894
0.0129043
-2.79643E-4
-0.0115501
-0.00639679
0.00613089
0.0165818
0.030158
0.0424206
0.0371938
0.0290327
0.00942282
-0.0110042
-0.0111865
-0.0156982
-0.0385846
-0.0552116
-0.0500195
-0.0443158
-0.0348505
-1.29964E-4
0.0260691
0.0294035
0.0157858
7.13599E-4
0.00235859
0.0142074
0.0478908
0.0795434
0.0860543
0.0661776
0.045394
0.0419526
0.0321782
0.0026958
-0.00910548
-0.00404928
-0.00710033
-0.016699
-0.0314863
-0.0364777
-0.033505
-0.0332074
-0.0193911
7.71252E-4
0.00431154
0.00454122
0.00725056
-0.00135816
-0.0137161
-0.0173222
-0.0234362
-0.0296476
-0.0294915
-0.0167999
0.0142184
0.0193158
-0.00482511
-0.0184599
-0.0147081
0.0123398
0.0267958
0.0165193
-0.0310773
-0.0794546
-0.0713476
-0.0338049
0.0181917
0.0537739
0.0587499
0.0427718
0.0329022
0.0331315
0.0327451
0.03028
0.00391967
-0.0288842
-0.051717
-0.0702212
-0.0644106
-0.034575
-0.00672472
0.0173504
0.0357493
0.0512002
0.0475688
0.00765555
-0.0305621
-0.0470144
-0.0436379
-0.01695
0.0038357
0.012145
-2.15661E-4
-0.022933
-0.0284969
-0.0242139
-0.0132056
-0.0106544
-0.0104085
-0.00455563
2.28899E-5
0.00285049
-0.00667134
-0.0194945
-0.0204161
-0.00396626
0.0127681
0.0136668
0.00712742
2.99693E-4
-0.00528778
-0.00760116
-0.0068955
-0.00670938
-0.00892199
7.88988E-5
0.014143
0.0178343
0.0125273
0.00431931
3.15537E-4
0.00238831
0.0183269
0.0390293
0.0475663
0.0535311
0.0462863
0.0357478
0.0239883
0.00214648
5.34777E-4
-0.00674207
-0.0191272
-0.0232855
-0.0237888
-0.0218631
-0.0107611
0.0176447
0.0395101
0.043072
0.0409615
0.0378621
0.0449512
0.0634572
0.0762777
0.064568
0.0337579
0.018601
0.0137585
-1.87043E-4
-0.0180595
-0.0205724
-0.0164284
-0.0205764
-0.0258604
-0.0314058
-0.0434917
-0.0517443
-0.0556916
-0.0416532
-0.0176581
-0.0118814
-0.010175
-0.0107738
-0.00692482
9.18287E-4
0.0175203
0.0287888
0.0271155
0.0261109
0.030867
0.0160939
-0.0291561
-0.0562474
-0.0565018
-0.0391579
-0.00816727
0.010715
0.0100455
0.00574047
-4.89301E-4
-0.00322796
-0.00530816
-0.01354
-0.020689
-0.0155058
-0.00230479
0.0037308
-0.00242012
-0.0119347
-0.0137864
-0.0175556
-0.0224604
-0.0251531
-0.0278367
-0.0226796
0.00950746
0.0387159
0.0392488
0.0294826
0.0152519
-0.00151604
-0.00981313
-0.0171722
-0.0384147
-0.0513043
-0.0472051
-0.0331894
-0.0264569
-0.0291923
-0.0261391
-0.0137582
-3.9133E-5
0.0118998
0.0229332
0.0275194
0.0338117
0.0382894
0.0319619
0.0244711
0.0239894
0.027339
0.0280453
0.0166349
-0.00100066
-0.0111143
-0.0125172
-0.00737061
-0.00484973
-0.0111653
-0.0126397
-0.00566304
-0.00140551
0.005339
0.012905
0.0152789
0.0184185
0.0204678
0.0151554
0.0056172
-4.15066E-4
-6.12203E-4
-0.00470197
-0.0135332
-0.013215
-0.00543209
-0.00197348
2.37499E-4
0.00755781
0.015238
0.0223426
0.0277692
0.0237757
0.0152891
0.00839131
0.00107644
-0.00345756
-0.00747612
-0.0134391
-0.015596
-0.0136635
-0.00448184
0.00310731
0.00337394
9.07624E-4
-0.00353552
-0.00627087
-0.00580861
-0.00364658
-0.00771775
-0.0103512
-0.0066435
-0.00491642
-7.43966E-4
0.00469089
0.00601671
0.0102341
0.016155
0.0172298
0.0105226
0.00706782
0.0137522
0.0166326
0.00874359
-0.00267992
-0.00864206
-0.0105382
-0.0137356
-0.0205831
-0.0285571
-0.0321667
-0.0293129
-0.0162991
0.0127376
0.0309376
0.0269363
0.0130222
0.00388151
0.00695034
0.0151929
0.0224664
0.0167213
6.4498E-4
-0.0104305
-0.00869772
-0.00526596
-0.00973158
-0.0166018
-0.0181685
-0.0131431
-9.88433E-4
0.0119086
0.0141425
0.0126919
0.0150366
0.0228071
0.0294786
0.0276083
0.022041
0.0151414
0.00712971
-0.0026041
-0.0110455
-0.0119206
-0.00927874
-0.00867486
-0.00977609
-0.0113672
-0.0137137
-0.0147464
-0.0139435
-0.0138107
-0.0150949
-0.024287
-0.0343911
-0.0383254
-0.030697
-0.017974
-0.00813388
-0.00335609
-0.00145356
0.00183693
0.00670999
0.0148822
0.0207718
0.0262015
0.0303342
0.0320333
0.0216815
0.00281008
-0.0117022
-0.0198941
-0.0213962
-0.0217747
-0.0194422
-0.0170015
-0.0167103
-0.0150292
-0.0086312
-0.00390605
-7.90108E-4
0.00190775
9.31674E-4
-0.00184186
-0.00610325
-0.0036379
0.00252334
0.00516486
0.00677129
0.0101669
0.0144252
0.0163522
0.0158861
0.0143416
0.0107681
0.00721198
0.00847117
0.010562
0.00918522
0.00286378
-0.00574409
-0.0135227
-0.017468
-0.0162126
-0.0101731
-0.00194667
9.83718E-4
-0.00640229
-0.0156994
-0.0206203
-0.0170766
-0.00291068
0.0116368
0.0170201
0.0179672
0.0135761
0.0074693
0.0062617
0.00548588
0.00272993
-5.66191E-4
-0.00318636
-5.63279E-4
0.00960735
0.0166779
0.0123652
-0.00846276
-0.02433
-0.0299509
-0.0214847
-0.00397215
0.00700142
0.0108462
0.0127959
0.0172407
0.01493
0.00869434
0.00729411
0.0120423
0.0141609
0.0113375
0.0100322
0.0191056
0.0277939
0.0248198
0.0106227
-9.3172E-4
-0.00521662
-0.00266419
0.00328746
0.00523252
0.00650416
0.0101062
0.0164896
0.0156708
0.0135163
0.00898539
-0.00770563
-0.0236743
-0.0285228
-0.028042
-0.0214182
-0.0144105
-0.0117869
-0.013141
-0.0183882
-0.0228285
-0.0217291
-0.0151292
-0.00870829
-0.00642128
-0.00717734
-0.00943009
-0.01374
-0.00819641
0.00734201
0.0134314
0.00535018
-0.00333315
-0.00396566
0.00191595
0.00757783
0.0120694
0.016583
0.0182654
0.0174248
0.0134638
0.00912951
0.00830257
0.00736452
0.0018019
-0.00310339
-0.00713034
-0.00693778
-0.00166993
-0.00342863
-0.0119802
-0.0189106
-0.0213807
-0.0218651
-0.0168236
-0.00841496
-0.00472791
-0.00813515
-0.0113742
-0.0111305
-0.00709066
4.44735E-4
0.00561545
0.00786065
0.00664959
0.00595763
0.00913953
0.00743532
0.00340099
0.0048567
0.00724199
0.00399475
-2.94993E-4
-0.0032087
-0.00578768
-0.00223227
0.00254659
0.0051425
0.00219469
-7.85467E-4
0.00252881
0.00780949
0.00678535
0.00128795
5.60013E-4
0.00526028
0.0102105
0.0136438
0.0125226
0.00923823
0.00859692
0.00981323
0.00674083
-0.00103473
-0.00613612
-0.00743409
-0.0099473
-0.0156457
-0.0160709
-0.00741702
0.00561357
0.019875
0.0274508
0.0261849
0.0227254
0.0169133
0.011211
0.00698541
0.00431951
6.83487E-4
6.85018E-4
0.00602321
0.0124917
0.0162778
0.0141697
0.00707053
-0.00153872
-0.00683931
-0.0100713
-0.010606
-0.0085804
-0.00735602
-0.00707296
-0.00482606
-0.00513491
-0.00543341
-0.00614388
-0.0122053
-0.0167448
-0.0162509
-0.017409
-0.0198552
-0.0228333
-0.0270804
-0.0284344
-0.0276211
-0.0233811
-0.0174135
-0.0136965
-0.00941455
-0.00557494
-0.00243487
-0.00104254
-6.07664E-4
0.00449173
0.00995704
0.0151958
0.0190215
0.0193553
0.0172503
0.0120738
0.00346746
-0.00593526
-0.0095421
-0.00708687
-0.00544856
-0.00465918
-0.00233485
0.00346271
0.00566975
0.00211806
-0.00207965
-0.0073389
-0.0116566
-0.0104078
-0.00307756
9.94431E-4
0.00100079
-4.6865E-4
-0.00294762
-0.00290685
-0.0015965
0.00210233
0.00819014
0.0114729
0.0111851
0.0111979
0.0134277
0.0139211
0.0129991
0.0140626
0.0165182
0.0175458
0.021202
0.030523
0.0381533
0.0410027
0.0393066
0.0326702
0.0221295
0.01239
0.00648116
6.98567E-4
-0.00484407
-0.00837434
-0.0114485
-0.0148796
-0.0161464
-0.0130578
-0.0136861
-0.0186582
-0.025143
-0.0279374
-0.0230655
-0.00894929
0.006319
0.0117358
0.0110608
0.00880086
0.00562037
0.00205662
0.00169118
0.00540997
0.00954006
0.0118138
0.0105959
0.00941333
0.0113261
0.0126243
0.00886583
-0.0031899
-0.00942668
-0.012016
-0.0151202
-0.0190004
-0.0227982
-0.0258962
-0.0293645
-0.0301996
-0.0303864
-0.0303213
-0.0266105
-0.0194236
-0.0124751
-0.00529282
8.31251E-4
0.00544306
0.00758944
0.00767579
0.00764568
0.00944813
0.00998484
0.0112125
0.0112647
0.0082476
0.00461246
-9.95342E-4
-0.00586796
-0.00781228
-0.0108539
-0.0177616
-0.0230642
-0.0251628
-0.0193318
-0.0101749
-0.00441938
0.00150567
0.00686923
0.0142065
0.019535
0.0173656
0.0114519
0.00264135
-0.00391432
-0.00552807
-0.0051982
-0.00402666
-0.00207569
0.00141105
0.00510674
0.00738906
0.00687256
0.00201646
-0.00171966
-0.00237962
-0.00183977
1.3307E-4
0.00147383
0.00668295
0.0130004
0.0163316
0.0188138
0.0194774
0.0152446
0.00925541
-8.41369E-4
-0.00679605
-0.00482915
-0.0016947
2.06275E-5
-0.00283326
-0.00961324
-0.0165152
-0.0194557
-0.0177331
-0.0151648
-0.012416
-0.0093695
-0.00687869
-0.00293589
-0.00220705
-0.00301497
-0.00399266
-0.00200155
0.00597436
0.0143865
0.0182032
0.0173226
0.0143019
0.0105456
0.00808576
0.00436986
0.0011062
-0.0025217
-0.00508731
-0.00648434
-0.00742404
-0.0065705
-0.00447375
-0.00170127
-2.24118E-4
-0.0013511
-0.00434573
-0.00827481
-0.00898058
-0.0046461
-0.00180937
0.00182369
0.00337972
0.00345125
0.0042001
0.00210077
8.04191E-4
0.00402876
0.00510187
0.00148392
-0.00432101
-0.00637917
-9.03827E-4
0.00780653
0.0145226
0.0161218
0.0155114
0.0156271
0.0144757
0.00965841
0.00346067
0.00155813
0.00457382
0.00701905
0.00842196
0.00768407
0.00634892
0.00604068
0.00535325
0.00434171
0.00183586
-0.00229428
-0.00477739
-0.00587769
-0.0065423
-0.00640123
-0.00807378
-0.00700899
-0.0045986
-0.00182513
0.0015557
0.00455093
0.00483233
0.00277237
0.00167495
0.00325972
0.0048493
0.00370942
0.0073896
0.0109479
0.0115695
0.0106887
0.00857672
0.00536198
0.00275046
0.0021497
0.002924
0.00102914
-0.00100395
-2.88623E-4
-0.00175246
-0.00298654
-0.005063
-0.00777265
-0.0124248
-0.0162684
-0.0167777
-0.0181742
-0.0184118
-0.0164853
-0.0127891
-0.00924572
-0.00678544
-0.00433944
-0.00335894
-0.00304534
-0.00387575
-0.00697322
-0.00820407
-0.00809545
-0.0062629
-0.00433418
-0.00407344
-0.0051937
-0.00549867
-0.00322776
-0.00203466
-0.00152265
0.00115881
0.00485926
0.00751274
0.00880504
0.00577581
7.14952E-4
-0.00243431
-0.00210766
-0.00142026
-0.00245247
-0.00490893
-0.00600469
-0.00574238
-0.00648574
-0.00488335
-0.0018879
6.51066E-4
0.00182194
0.00386797
0.00360279
0.00441102
0.00604828
0.0072493
0.00670391
0.00227146
-6.68741E-4
-0.00405373
-0.00636339
-0.00702295
-0.00735851
-0.00685045
-0.00192403
0.00182769
0.00338846
0.00524475
0.0102422
0.0175532
0.0243359
0.0289321
0.0307667
0.0355808
0.0353045
0.0291512
0.0247841
0.0226817
0.0201239
0.0145302
0.00637925
0.00108204
-0.00378025
-0.00995517
-0.0142057
-0.0201816
-0.0249274
-0.0312658
-0.0345382
-0.0322286
-0.0269074
-0.0200566
-0.0140328
-0.00801452
-0.00365226
-0.00304262
-0.00298278
-1.51514E-4
0.00383108
0.00624654
0.00797504
0.0101423
0.00980239
0.00923681
0.00870081
0.00622877
0.00483639
0.00216496
0.00185896
0.00207501
0.00119967
6.64146E-4
-8.39223E-4
-2.66499E-4
0.00185523
0.00183939
0.0021267
0.00336735
0.00460823
0.00574141
0.00449133
0.00472028
0.0024328
8.802E-4
5.48237E-4
8.15189E-4
-3.84886E-4
-7.88973E-4
4.56817E-4
0.0013108
0.00417505
0.0074611
0.0110299
0.0116761
0.00991854
0.00492005
-0.00178562
-0.00516329
-0.00547106
-0.00569089
-0.00315972
8.52688E-4
0.00223207
0.002903
0.00206375
8.33238E-4
-0.00413239
-0.0112743
-0.0151787
-0.0183449
-0.0190714
-0.0189838
-0.0196289
-0.0190815
-0.0175941
-0.0192126
-0.020655
-0.02262
-0.0240882
-0.0220312
-0.0168354
-0.00945796
-0.00326915
6.05101E-4
0.00311848
0.00360319
0.00541111
0.0059359
0.00545864
0.00349241
0.00370862
0.00540564
0.00592173
0.00964538
0.0112141
0.0105298
0.00895361
0.00835827
0.00858621
0.0120125
0.0159251
0.0208642
0.0203566
0.0175492
0.0149765
0.00985622
0.00386368
-0.0022071
-0.00863642
-0.0127859
-0.0126058
-0.0108845
-0.00989594
-0.0113222
-0.0121931
-0.011636
-0.0109897
-0.0120172
-0.0105758
-0.00833597
-0.00404758
5.6754E-4
0.0042352
0.00602237
0.00598596
0.00418117
6.3286E-4
2.08575E-4
-0.00169053
-0.00241224
-0.00175242
-0.00213443
-0.0032864
-0.0044574
-0.00342362
-0.00336125
-0.00243914
-0.00185597
-0.0015403
-0.00121462
-6.81525E-4
0.00164223
0.00206901
0.00398858
0.00520411
0.00496171
0.00512425
0.00437959
0.00464783
0.00399179
0.00537943
0.00605327
0.00404284
0.00710124
0.0115983
0.014011
0.0144574
0.0134146
0.0130456
0.0124015
0.010578
0.00953116
0.00875121
0.00846965
0.0110686
0.00915902
0.00660865
0.00575016
0.00613191
0.00727797
0.00824072
0.00812515
0.00544433
0.00495061
0.00435676
0.00308576
4.31873E-4
-1.37034E-4
-5.36253E-4
2.94359E-4
0.00280248
0.00254936
-4.79932E-4
-0.00520746
-0.00866776
-0.01137
-0.0145705
-0.0172424
-0.0197535
-0.0204782
-0.0163339
-0.0115627
-0.00938501
-0.00877953
-0.0101765
-0.0110593
-0.0112737
-0.00870122
-0.00506748
-0.00449788
-0.00685531
-0.00935091
-0.0116739
-0.0118402
-0.00842953
-0.00545724
-0.00440089
-0.00337181
-0.00322113
-0.00162425
6.08315E-4
0.00219021
0.00300847
0.00363983
0.00612394
0.00867296
0.00951982
0.00912102
0.0103864
0.0100048
0.00947844
0.00879517
0.0100011
0.00935056
0.00727474
0.00677863
0.0062574
0.00847419
0.00875162
0.007878
0.00677545
0.0045205
0.00358163
0.0042743
0.00391615
0.00219522
2.51769E-4
-0.00161625
-0.00260189
-0.00237353
-9.80313E-4
3.91924E-4
7.00683E-4
0.00199864
0.00331191
0.00252948
3.08963E-4
-0.00169276
-0.00220711
-0.00188823
-0.00181718
-0.0014569
-0.00114681
-0.00168083
-7.26332E-4
-6.44005E-4
-3.32913E-4
2.85485E-4
-2.58685E-4
-5.43157E-4
-0.0010562
-0.00123577
-0.00201923
-0.00332548
-0.00448427
-0.00553231
-0.00539301
-0.00384505
-0.00310473
-0.00334862
-0.00413667
-0.00457152
-0.0043773
-0.00384209
-0.00286134
-0.00306002
-0.003674
-0.00408423
-0.00472422
-0.00516454
-0.00561952
-0.00630093
-0.00694442
-0.00698266
-0.00630462
-0.0055805
-0.00459131
-0.00340821
-0.00189855
-2.38003E-4
7.3541E-4
8.42993E-4
8.99109E-5
-2.94019E-4
-5.40065E-4
-8.69713E-4
-0.00105174
-0.00116045
-7.18785E-4
-4.05447E-4
-2.22259E-5
3.42761E-4
5.97062E-4
8.78597E-4
0.00117969
0.00152649
0.00153616
0.00197791
0.00222114
0.00226083
0.00223342
0.0023143
0.00259032
0.00254621
0.00258113
0.00255283
0.00258194
0.00274236
0.00259399
0.00234787
0.00211914
0.0018986
0.00192513
0.00192901
0.00192966
0.00199557
0.00199094
0.00205453
0.00211857
0.00199293
0.00175303
0.00147764
0.00123986
0.00110843
0.0010276
0.0010309
9.85291E-4
9.32477E-4
7.61564E-4
5.24077E-4
3.77725E-4
2.94065E-4
2.56013E-4
2.5614E-4
2.31173E-4
1.52167E-4
7.64146E-5
4.59977E-6
-5.62033E-5
-1.04116E-4
-1.5723E-4
-2.14665E-4
-2.59354E-4
-2.94693E-4
-3.29787E-4
-3.70058E-4
-4.05129E-4
-4.21081E-4
-4.21741E-4
-4.16309E-4
-4.05725E-4
-3.90552E-4
-3.71079E-4
-3.48594E-4
