-6.476
-5.168
-3.557
-0.736
-0.417
-1.766
-1.821
-2.147
-3.557
-3.369
-2.115
-1.864
-1.864
-1.864
-1.864
-1.864
-1.864
-1.864
-1.864
-1.864
-1.864
-1.864
-1.864
-1.864
-1.864
-1.864
-1.864
-1.864
-1.864
-1.864
-1.864
-1.864
-1.864
-1.864
-1.864
-1.864
-1.864
-1.864
-1.864
-1.864
-1.864
-1.864
-1.864
-1.864
-1.864
-1.864
-1.864
-1.864
-1.864
-1.864
-1.864
-1.864
-1.864
-1.864
-1.864
-1.864
-1.625
-0.425
-0.245
-1.595
-1.864
-1.864
-0.515
-0.185
-1.385
-1.864
-1.864
-1.864
-1.864
-1.864
-1.897
-1.952
-1.963
-1.963
-1.963
-1.963
-1.963
-0.959
0.294
0.294
0.294
0.294
-0.709
-1.963
-1.963
-1.963
-1.963
-1.963
-1.963
-1.963
-1.963
-1.963
-1.243
-0.044
-0.883
-1.963
-1.963
-1.423
-0.074
0.196
0.196
0.196
0.196
0.196
0.196
0.196
0.196
-0.283
-1.483
-1.963
-1.963
-0.763
-0.074
-1.423
-1.963
-1.963
-1.963
-1.963
-1.963
-1.963
-1.963
-1.003
0.196
0.196
0.72
2.028
1.668
0.196
0.196
0.196
0.196
0.196
0.196
0.196
0.196
0.196
0.196
0.196
0.196
0.196
0.196
0.196
0.196
0.196
0.196
-1.214
-1.559
-0.305
-0.65
-2.061
-0.807
0.196
0.196
0.196
0.196
0.147
0.098
0.098
0.098
0.098
1.276
2.453
2.453
2.453
2.453
2.453
2.453
0.981
0.098
0.098
0.098
0.098
0.098
-0.172
-1.521
-1.341
-0.142
0.098
0.098
0.098
0.098
0.098
0.098
0.098
0.098
0.098
0.098
0.098
0.098
0.098
0.098
0.098
0.098
0.098
0.098
0.098
0.098
0.883
2.192
1.276
0.098
0.098
0.098
0.098
0.098
0.098
0.098
0.098
0.098
0.098
0.098
0.098
0.098
0.098
0.098
0.098
0.098
0.098
0.098
0.065
0.011
0.0
0.0
0.0
0.0
0.0
0.0
0.0
0.0
0.0
0.0
0.0
0.0
0.0
0.0
0.0
0.0
0.0
0.0
0.0
0.0
0.0
0.0
0.0
0.0
0.0
0.0
0.0
0.0
0.0
0.0
0.0
0.0
0.0
0.0
0.0
0.0
0.0
0.0
0.0
0.0
0.0
0.0
0.0
0.0
0.0
0.0
0.0
0.0
0.0
0.0
0.0
-1.411
-2.257
-2.257
-2.257
-2.257
-2.257
-2.257
-2.257
-2.257
-2.257
-2.257
-2.257
-2.257
-1.537
-0.338
-0.098
-0.098
-0.098
-0.098
-0.098
-0.098
-0.098
-0.098
-0.098
-0.098
-0.098
-0.098
-0.098
-0.098
-0.098
-0.098
-0.098
-0.098
-0.098
-0.098
-0.098
-0.098
-0.098
-0.098
-0.098
-0.098
-0.098
-0.098
-0.098
-0.098
-0.098
-0.098
-0.098
-0.098
-0.098
-0.098
-0.098
-0.098
-0.098
-0.098
-0.098
-0.098
-0.098
-0.098
-1.101
-2.355
-0.944
-0.662
-2.073
-2.355
-2.355
-0.944
-0.6
-1.854
-2.355
-2.355
-2.355
-2.355
-2.355
-1.603
-0.349
-0.147
-0.196
-0.196
-0.196
-0.196
-0.196
-0.196
-0.196
-0.196
-0.196
-0.196
-0.196
1.276
2.159
2.159
1.276
-0.196
-0.196
-0.196
-0.196
-0.196
-0.196
-1.276
-2.355
-2.355
-2.355
-2.355
-2.355
-2.355
-2.355
-2.878
-4.187
-3.827
-2.355
-2.355
-2.085
-0.736
-0.196
-0.196
-0.196
-0.196
-0.196
-0.196
-0.196
-0.196
-0.196
-0.196
-0.196
-0.196
-0.196
-0.196
-0.196
-0.196
-0.196
-0.196
-0.196
-0.196
-0.196
-0.196
-0.196
-0.196
-0.196
-0.196
-0.196
-0.229
-0.283
-0.294
-0.294
-0.294
-0.294
-0.294
-0.294
-0.294
-0.294
-0.294
-0.294
-0.294
-0.294
-0.294
-0.294
-0.294
-0.294
-0.294
-0.294
-0.294
-0.294
-0.294
-0.294
-0.294
-0.294
-0.294
-0.294
-0.294
-0.294
-0.294
-0.294
-0.294
-0.294
-0.294
-0.294
-1.548
-2.281
-0.932
-0.393
-0.393
-0.393
-0.393
-0.393
-0.393
-0.393
-0.393
-0.393
-0.393
0.196
1.668
0.916
-0.393
-0.393
-0.393
-0.393
-0.393
-0.393
-0.393
-0.393
-0.393
-0.393
-0.393
-0.393
-0.403
-0.458
-0.491
-0.491
-0.491
-0.491
-0.491
-0.491
-0.491
-0.491
-0.491
-0.491
-0.491
-0.491
-0.491
-0.491
-0.491
-0.491
-0.491
-0.491
-0.491
-0.491
-0.491
-0.491
-0.491
-0.491
-0.491
-0.491
-0.552
-0.589
-0.589
-0.589
-0.589
-0.589
-0.589
-0.589
-0.589
-0.589
-0.589
-0.859
-2.208
-2.748
-2.748
-1.668
-0.589
-0.589
-0.589
-0.589
-0.589
-0.589
-0.589
-0.589
-0.589
-0.589
-0.589
-0.643
-0.687
-0.687
-0.687
-0.687
-0.687
-0.687
-0.687
-0.687
-0.687
-0.687
-0.687
-0.687
-0.687
-0.687
-0.687
-0.687
-0.687
-0.687
-0.687
-0.687
-0.687
-0.687
-0.687
-0.687
-0.687
-0.687
-0.736
-0.785
-0.785
-0.196
1.276
0.393
-0.785
-0.785
-0.785
-0.785
-0.785
-0.785
-0.785
-0.785
-0.785
-0.785
-0.785
-0.785
-0.785
-0.785
-0.785
-0.785
0.343
1.472
1.472
1.472
1.472
1.472
1.472
0.0
-0.883
-0.883
-0.883
-0.883
-0.883
-0.883
-0.883
-0.883
-0.883
-0.883
-0.883
-0.883
-0.883
-0.883
-0.883
-0.883
-0.883
-0.883
-0.883
-0.883
-0.883
-0.883
-0.883
-0.883
-0.92
-0.981
-0.981
-0.981
-0.981
-0.981
-0.981
-0.981
-0.981
-0.981
-0.981
-0.981
-0.981
-0.981
-0.981
-0.981
-0.981
-0.981
-0.981
-0.981
-0.981
-0.981
-0.135
1.276
0.022
-0.981
-0.981
-1.018
-1.079
-1.079
-1.079
-1.079
-1.079
-1.079
-1.079
-1.079
-1.079
-1.079
-1.079
-1.079
-1.079
-1.079
-1.079
-1.079
-1.079
-1.079
-1.079
-1.079
-1.079
-0.327
0.927
2.355
3.533
3.533
3.533
3.533
3.533
3.533
3.533
3.533
3.533
2.486
1.177
-0.294
-1.178
-1.178
-1.987
-3.336
-2.137
-1.447
-2.797
-3.336
-3.336
-2.257
-1.178
-1.178
-1.178
-1.178
-1.178
-1.178
-1.178
-1.202
-1.263
-1.276
-1.276
0.196
1.079
1.079
0.196
-1.276
-1.276
-1.276
-1.276
-1.276
-1.276
-1.276
-1.276
-1.276
-1.276
-1.276
-1.276
-1.276
-1.276
-1.276
-1.276
-1.276
-1.276
-1.337
-0.85
0.458
1.864
3.336
3.336
3.042
1.57
0.981
0.981
0.981
0.97
0.916
0.319
-1.092
-1.374
-1.374
-1.435
-1.472
-1.472
-1.472
-1.472
-1.472
-1.472
-1.472
-2.281
-3.631
-2.431
-1.472
-1.472
-1.472
-1.472
-1.521
-1.308
0.0
0.785
0.785
0.785
0.785
0.785
0.785
0.785
0.785
0.785
0.731
0.405
-1.006
-1.57
-1.57
-1.625
-1.668
-1.668
-1.668
-1.668
-0.491
0.687
0.687
0.687
0.687
0.643
0.589
0.589
0.589
0.589
-0.294
-1.766
-1.766
-2.036
-3.385
-3.205
-2.006
-1.766
-1.472
0.0
0.589
0.589
0.54
0.752
2.061
3.385
4.735
4.045
2.846
4.195
4.525
3.325
2.846
2.846
1.537
0.196
-1.276
-1.864
-1.864
-1.864
-1.614
-0.36
0.393
0.393
0.393
0.393
0.393
0.393
0.393
0.393
0.393
0.393
0.393
0.393
0.356
0.294
-0.959
-1.975
-2.036
-2.061
-2.061
-2.061
-2.061
-2.061
-2.061
-2.061
-3.02
-4.219
-2.87
-2.061
-2.061
-3.064
-4.318
-2.907
-2.082
-2.137
-2.159
-2.159
-2.159
-2.159
-2.159
-2.159
-2.159
-2.159
-2.159
-2.159
-1.595
-0.184
0.098
0.098
0.098
0.098
0.098
0.098
0.098
0.098
0.098
0.098
-0.785
-2.257
-2.257
-2.257
-2.257
-3.009
-4.263
-4.514
-4.514
-4.514
-4.514
-4.514
-4.514
-4.514
-4.514
-4.034
-2.835
-2.355
-2.355
-2.355
-2.073
-0.662
-0.945
-2.355
-1.101
-0.098
-0.098
-0.098
-0.098
-1.276
-2.192
-0.883
-0.098
-0.098
0.905
2.159
2.159
2.159
2.159
2.159
2.159
2.159
2.159
2.159
2.159
2.159
2.159
1.864
0.393
-0.196
-0.196
-0.245
-0.545
-1.799
-2.551
-2.551
-2.595
-2.649
-2.649
-2.649
-2.649
-2.649
-2.649
-1.341
-0.294
-0.294
-0.294
-0.294
-0.343
-0.393
-0.393
-0.393
-0.393
-0.393
-0.393
-0.393
-0.393
-0.393
-0.393
-0.393
-0.393
-0.393
-0.393
-0.429
-0.491
-1.744
-2.748
-2.748
-2.78
-2.835
-1.668
-0.491
-0.491
-0.491
-0.491
-0.491
-0.491
-0.491
-1.079
-2.551
-1.843
-0.589
-0.589
-0.589
-0.589
-0.589
-0.589
-1.897
-2.944
-2.944
-2.944
-2.944
-2.944
-2.944
-2.944
-2.38
-0.969
-1.69
-2.944
-1.533
-0.687
-0.687
-0.687
-0.687
-0.687
-0.687
-0.687
-0.687
-0.687
0.567
1.276
-0.196
-0.785
-0.785
-0.785
-0.785
-0.785
-0.785
-0.785
-0.785
-0.785
-0.785
-1.308
-2.617
-3.14
-3.14
-1.886
-0.883
-0.883
0.0
1.472
1.417
1.374
1.374
2.093
3.293
3.533
3.533
3.533
3.533
3.533
3.533
3.533
3.533
3.031
1.777
1.276
1.276
-0.033
-1.079
-1.079
-1.079
-1.079
-1.079
-1.374
-2.846
-2.682
-1.428
-1.178
-0.916
0.393
1.178
1.178
0.131
-1.177
0.233
0.556
-0.752
-1.276
-1.276
-2.584
-3.631
-3.631
-3.631
-3.631
-3.631
-3.631
-3.631
-3.066
-1.656
-1.374
-1.374
-1.374
-1.374
-1.374
-1.374
-1.374
-1.374
-1.396
-1.45
-1.472
-1.472
-1.472
-1.472
-1.472
-1.472
-1.472
-1.472
-1.483
-1.537
-1.57
-1.57
-1.57
-1.57
-0.098
0.196
-1.276
-1.57
-1.57
-1.631
-1.668
-1.668
-1.668
-1.668
-1.668
-1.668
-1.668
-0.916
0.338
0.589
0.589
0.589
0.589
0.589
1.548
2.748
2.748
2.748
2.748
2.748
2.748
2.686
2.649
2.649
2.649
2.649
2.649
2.649
2.649
1.897
0.643
1.521
2.399
1.145
0.393
0.393
0.393
0.393
0.393
0.371
0.316
-0.552
-1.962
-2.017
-2.061
-2.061
-2.944
-4.416
-4.416
-4.416
-4.416
-4.416
-4.416
-4.416
-4.416
-4.416
-4.44
-4.502
-4.514
-4.514
-1.57
-0.327
-1.635
-1.312
0.098
0.098
0.098
0.098
0.098
0.098
0.098
0.086
0.025
0.0
0.0
0.0
0.0
0.0
0.0
0.0
0.0
0.0
0.0
0.48
1.679
2.159
2.159
2.104
2.061
2.061
2.846
4.154
3.238
2.061
2.061
2.061
2.061
0.932
-0.196
-0.196
-0.196
-0.196
-0.196
-0.196
-0.258
-0.294
-0.294
-1.177
-2.649
-2.649
-2.944
-4.416
-5.004
-5.004
-5.004
-5.004
-5.004
-5.004
-5.004
-5.004
-5.004
-3.594
-2.159
-0.687
-0.393
-0.393
-0.454
0.011
1.265
1.729
1.668
0.469
-0.491
-0.491
-1.276
-2.584
-2.846
-3.107
-4.416
-5.201
-5.201
-5.201
-5.201
-5.262
-5.299
-5.299
-5.299
-5.299
-3.827
-2.442
-1.188
0.123
1.472
2.78
3.827
3.827
3.827
3.827
4.955
6.084
6.084
5.495
4.023
3.729
3.729
3.729
3.206
1.897
0.564
-0.785
-0.84
-1.177
-2.649
-4.085
-5.495
-5.55
-5.863
-7.212
-7.032
-5.833
-5.593
-5.332
-4.023
-2.674
-1.263
-0.022
1.178
1.178
1.701
3.009
4.379
5.789
5.789
6.059
7.409
7.948
7.948
6.869
5.789
5.789
5.004
3.696
2.257
0.84
-0.36
-1.104
-1.165
-2.181
-3.434
-3.496
-3.533
-3.533
-3.533
-3.533
-3.533
-3.533
-3.533
-3.533
-3.533
-2.355
-1.188
-1.243
-1.276
-1.276
-1.276
-1.276
-1.276
-1.276
-1.276
-0.316
0.883
2.355
3.238
3.238
3.238
3.238
3.238
2.944
1.472
0.883
0.883
0.883
0.872
0.818
0.245
-1.104
-1.374
-1.374
-0.025
0.245
-1.104
-1.374
-1.374
-0.024
0.283
-0.97
-1.472
-1.472
-0.273
0.417
-0.932
-0.752
0.447
0.687
0.687
0.687
0.687
0.687
0.687
0.687
-0.724
-1.57
-1.57
-1.57
-1.57
-1.57
-1.57
-1.57
-1.57
-1.57
-0.371
0.589
0.589
0.589
0.589
0.589
0.84
2.093
2.846
2.846
2.846
2.846
2.846
3.369
4.677
5.201
5.201
5.201
5.188
5.127
5.949
7.359
6.106
5.103
5.103
5.822
7.022
6.182
5.103
5.103
4.514
3.042
3.794
5.103
5.041
4.503
3.249
2.748
2.748
1.439
0.675
2.085
2.649
2.649
2.649
2.649
2.649
3.434
4.743
5.004
5.244
6.444
6.599
5.188
4.906
4.906
3.434
2.05
0.796
0.258
0.196
0.196
-0.074
-1.423
-1.963
-1.963
-0.883
0.458
1.766
2.551
2.551
2.502
2.453
2.453
2.453
2.453
2.453
2.453
0.981
-0.382
-1.581
-2.061
-2.061
-0.861
0.393
1.864
2.42
2.366
2.355
2.355
2.355
2.944
4.416
4.71
4.71
4.71
4.71
4.71
3.663
2.355
2.355
2.355
2.355
0.626
-2.257
-2.257
-2.551
-4.023
-5.364
-6.618
-6.869
-6.88
-6.934
-6.967
-6.967
-5.92
-4.612
-3.14
-2.279
-2.333
-2.355
-2.355
-2.355
-1.875
-0.676
-1.006
-2.355
-2.355
-2.085
-0.736
-0.196
-0.196
-0.196
-0.196
-0.196
0.368
1.779
2.061
2.061
0.65
-0.218
-0.273
-0.294
-0.294
-0.294
-0.294
-0.294
0.589
2.061
2.061
2.048
1.987
2.748
4.056
5.397
6.476
6.476
6.476
6.476
7.523
8.831
7.359
5.975
4.721
4.219
4.219
2.966
1.668
0.196
-0.393
-0.393
0.736
1.864
1.864
1.864
1.864
1.864
1.864
1.864
1.864
1.864
1.864
1.864
1.803
2.29
3.598
4.121
4.121
4.121
4.121
4.121
5.626
8.134
8.635
8.635
8.635
8.611
8.549
8.537
8.537
8.537
8.537
8.537
8.537
8.537
5.716
4.023
4.023
4.023
4.023
4.023
4.023
4.023
4.023
4.023
5.103
5.942
4.743
4.587
5.998
5.277
4.023
4.023
4.023
4.023
3.02
1.766
0.294
-0.065
1.243
2.613
4.023
4.023
4.023
4.023
4.023
4.023
4.023
4.023
4.023
4.587
5.998
5.277
4.023
4.023
4.023
4.023
3.177
1.766
0.294
-1.069
-2.268
-2.748
-2.748
-4.056
-5.103
-5.103
-5.103
-5.103
-5.103
-4.601
-2.094
-0.589
-0.589
-0.589
-0.589
0.883
1.766
1.766
2.649
4.121
5.321
6.575
8.046
8.635
8.635
8.635
8.635
8.635
8.635
8.635
8.635
8.635
8.635
8.635
8.635
8.635
8.635
8.635
8.635
8.635
7.752
6.28
5.081
4.121
4.121
3.336
2.028
1.766
1.484
0.074
-0.491
-0.491
-0.491
-0.491
-0.491
-0.491
-0.491
-0.491
-0.491
-0.491
0.011
1.265
1.766
1.766
3.075
4.121
4.121
4.121
4.121
4.121
4.372
5.626
6.378
6.378
7.507
8.635
8.635
8.635
8.635
8.635
8.635
8.635
8.635
8.635
8.635
8.635
6.127
4.121
4.121
2.584
0.022
-1.57
-3.173
-5.789
-7.899
-9.249
-11.568
-14.13
-15.033
-15.936
-16.839
-17.741
-18.644
-18.644
-18.644
-18.644
-18.644
-18.644
-16.137
-14.13
-14.13
-13.378
-12.124
-10.696
-9.518
-9.518
-8.39
-5.569
-5.004
-5.004
-5.004
-4.481
-3.173
-2.649
-2.649
-1.3
-0.491
-0.491
-0.491
-0.491
-0.491
-0.491
-0.491
-0.491
-0.491
-0.442
0.12
2.682
4.219
4.219
4.219
4.22
5.569
6.902
8.21
8.733
8.733
10.042
11.358
12.708
13.247
13.247
15.864
17.957
17.957
17.957
17.957
17.957
17.434
14.817
13.247
13.247
13.247
13.247
10.426
8.733
8.733
7.04
4.219
4.219
4.219
4.219
4.219
4.219
4.219
4.501
5.912
7.229
8.483
8.733
8.733
8.733
8.758
8.819
8.831
8.831
5.949
4.241
4.296
2.551
-0.393
-2.9
-5.201
-6.673
-7.981
-9.18
-11.726
-14.032
-14.032
-15.161
-17.982
-19.724
-21.141
-22.34
-24.237
-27.181
-27.77
-27.77
-30.591
-31.76
-30.452
-29.929
-29.929
-29.929
-29.659
-28.31
-26.985
-25.677
-23.158
-20.378
-17.761
-14.498
-10.266
-7.414
-4.906
-2.085
0.785
3.729
6.324
8.831
10.303
11.666
12.866
13.345
13.345
13.345
13.345
13.345
11.841
9.333
6.575
4.318
4.318
3.165
0.282
-0.294
-0.294
-3.116
-4.808
-4.808
-4.808
-4.808
-3.336
-2.453
-2.453
-1.644
-0.294
2.322
4.685
6.035
7.36
8.668
11.187
13.443
13.443
13.443
13.443
13.443
13.443
12.094
10.761
9.453
8.083
6.673
5.473
3.925
0.981
-0.196
-0.196
-0.196
-0.466
-1.815
-1.603
-0.349
-0.098
-0.098
-0.098
-0.098
-0.098
-0.098
-0.098
-1.447
-2.257
-2.257
-1.447
-0.098
2.519
5.176
7.997
10.63
13.138
17.074
21.085
23.968
26.625
29.133
30.812
32.24
33.494
33.682
32.272
31.989
31.989
30.579
28.729
26.222
24.336
22.864
19.047
15.43
12.609
10.729
9.475
5.79
1.592
-2.224
-6.795
-12.499
-15.897
-19.168
-24.238
-28.408
-31.229
-32.84
-34.148
-35.497
-36.83
-38.139
-38.662
-38.662
-37.354
-35.743
-32.922
-31.008
-29.7
-28.359
-26.516
-22.7
-19.233
-16.289
-13.694
-11.186
-9.776
-8.905
-8.844
-7.872
-6.673
-6.673
-6.673
-6.673
-7.482
-8.831
-10.14
-11.186
-11.186
-11.939
-13.193
-14.572
-15.7
-15.7
-15.136
-13.725
-12.397
-11.088
-9.678
-7.807
-5.244
-3.373
-1.963
0.92
3.151
4.405
7.482
11.775
13.029
14.314
15.725
16.289
16.289
16.338
16.387
16.387
16.387
16.387
16.387
16.387
16.387
16.387
16.387
16.387
16.387
16.387
16.387
16.387
16.387
16.387
16.387
15.823
13.002
11.873
11.873
9.567
7.261
7.261
6.133
3.312
2.748
2.748
2.748
3.751
6.258
7.261
7.261
9.878
11.971
11.971
11.971
11.971
14.229
16.485
16.485
16.485
16.485
16.534
16.583
16.583
16.583
16.583
16.583
16.583
16.583
16.06
14.752
13.419
12.07
9.507
7.176
5.765
3.664
1.101
-2.846
-6.782
-9.289
-11.922
-14.744
-15.308
-15.308
-15.308
-15.308
-15.308
-15.264
-15.21
-15.21
-15.21
-15.21
-14.4
-13.051
-10.434
-8.071
-6.722
-4.612
-1.995
0.785
3.304
4.612
5.937
7.286
8.602
9.911
11.383
13.395
16.216
17.783
19.037
20.447
21.817
23.125
24.495
25.905
25.96
26.004
26.004
26.004
26.004
26.004
26.004
26.004
26.004
26.004
26.004
26.004
23.121
21.392
21.392
19.699
16.878
14.057
11.317
8.7
4.268
-1.374
-6.444
-11.653
-17.417
-23.485
-29.754
-34.442
-38.378
-40.886
-43.544
-46.426
-48.006
-49.26
-50.67
-51.517
-51.517
-51.517
-51.517
-50.208
-48.892
-47.543
-47.003
-47.003
-44.386
-42.293
-42.293
-40.788
-38.28
-37.779
-37.016
-33.2
-29.193
-24.9
-19.985
-14.915
-10.622
-7.043
-4.536
-0.074
5.692
9.508
13.125
15.946
18.579
21.087
23.894
27.058
31.352
35.359
39.174
42.195
44.953
47.461
48.965
48.965
51.059
53.675
53.675
53.675
53.675
53.675
53.675
53.675
53.099
50.216
48.344
47.145
43.47
39.011
33.886
27.401
18.877
10.304
1.658
-7.228
-15.406
-22.521
-27.999
-33.068
-38.711
-42.096
-42.096
-43.826
-46.708
-46.708
-46.708
-46.708
-45.171
-42.609
-42.096
-41.334
-37.517
-34.099
-31.278
-28.664
-26.102
-24.691
-22.716
-19.895
-17.238
-14.621
-14.621
-13.618
-11.11
-10.107
-10.107
-8.799
-7.752
-7.752
-7.752
-7.752
-6.624
-5.746
-7.0
-8.316
-9.727
-10.009
-10.009
-10.009
-10.009
-10.009
-8.316
-5.495
-5.495
-5.495
-5.495
-3.729
-0.785
-0.785
-0.515
0.834
2.159
3.467
3.729
3.729
3.729
4.318
5.79
7.043
8.243
11.186
13.956
16.464
19.159
21.98
24.597
26.691
26.691
26.691
26.691
26.691
25.832
21.539
19.037
17.728
15.21
12.953
12.953
12.977
13.039
13.051
13.051
11.579
10.696
10.696
9.813
8.341
8.341
7.776
4.955
3.86
3.914
1.668
-0.589
-0.589
-2.159
-4.776
-5.299
-5.299
-5.299
-5.299
-5.299
-5.255
-5.201
-3.79
-2.421
-1.112
-0.589
-0.589
-0.589
-1.165
-4.048
-5.201
-5.201
-6.28
-7.621
-8.93
-9.715
-9.715
-7.458
-5.201
-5.201
-4.023
-1.079
2.562
6.379
10.671
13.247
13.247
14.94
17.761
17.761
17.761
17.761
17.761
17.761
16.583
15.166
13.967
13.247
13.247
11.197
8.635
8.635
7.507
4.686
4.121
4.121
4.121
4.121
4.121
5.004
6.476
7.676
8.635
8.635
8.635
8.635
8.635
8.635
8.635
8.66
8.721
8.733
8.733
5.912
4.219
4.219
2.527
-0.294
-1.766
-3.173
-4.481
-6.697
-9.519
-12.026
-15.173
-20.877
-26.2
-31.27
-35.718
-39.916
-43.732
-47.15
-49.971
-50.535
-50.535
-50.535
-50.535
-50.535
-50.535
-50.535
-49.227
-47.616
-44.795
-41.091
-36.798
-34.29
-30.836
-23.6
-18.415
-14.599
-9.322
-4.045
-0.229
4.342
10.046
14.24
18.056
23.82
29.286
34.301
39.729
45.433
50.557
55.221
58.042
60.675
63.183
63.684
63.979
65.451
65.254
63.946
62.605
61.264
59.956
58.042
55.221
52.607
50.045
47.224
44.528
42.02
38.441
34.148
30.386
26.519
22.226
17.434
12.309
6.722
0.894
-5.43
-10.941
-15.234
-19.478
-23.365
-25.873
-28.555
-31.499
-34.094
-36.601
-36.601
-37.604
-40.112
-41.115
-41.115
-41.115
-41.115
-41.115
-41.115
-41.115
-38.858
-36.601
-36.601
-35.473
-32.652
-32.044
-31.989
-31.989
-31.425
-30.015
-28.686
-27.377
-27.377
-26.374
-23.867
-21.171
-18.35
-15.733
-13.075
-10.254
-7.621
-5.114
-2.306
0.513
3.075
4.612
4.612
5.615
6.869
8.28
8.624
7.37
6.869
6.869
5.458
4.612
4.612
4.612
4.612
4.612
4.612
4.612
4.612
4.612
2.355
0.098
0.098
-1.055
-3.937
-5.517
-6.771
-8.181
-9.028
-9.028
-10.72
-13.542
-13.542
-13.542
-13.542
-13.542
-13.542
-13.542
-13.272
-11.922
-10.598
-9.289
-9.028
-9.028
-9.028
-9.028
-9.028
-9.028
-9.028
-9.028
-8.025
-5.517
-2.748
0.196
1.396
3.214
7.507
10.009
11.317
12.707
14.118
15.529
16.093
16.093
16.093
15.842
14.588
13.272
11.861
10.532
9.224
9.224
8.744
7.545
6.182
4.71
4.71
4.71
4.71
4.71
4.71
4.71
4.459
3.206
1.889
0.478
-2.11
-4.763
-6.499
-8.235
-9.971
-11.707
-13.443
-13.443
-13.443
-13.443
-13.443
-13.443
-13.443
-12.879
-10.058
-8.93
-8.93
-6.673
-3.892
-1.276
0.834
2.183
3.5
4.808
6.28
7.163
7.163
6.117
4.808
4.808
4.808
4.808
4.808
4.808
6.117
7.433
8.782
10.892
13.509
16.289
18.808
20.116
21.441
22.79
25.11
27.672
30.554
32.785
34.039
35.387
36.798
38.208
39.578
40.886
41.41
41.41
40.156
38.858
37.386
36.078
34.879
31.205
27.247
24.63
21.931
19.11
16.54
14.032
9.8
6.215
3.598
-0.834
-6.476
-9.039
-11.947
-16.24
-19.65
-22.471
-23.779
-25.096
-26.445
-26.985
-26.985
-26.985
-26.745
-25.546
-24.237
-22.766
-20.465
-17.957
-15.014
-12.244
-9.737
-8.733
-8.733
-6.226
-4.219
-4.219
-3.434
-2.126
-1.864
-1.864
-1.864
-1.864
-1.864
-1.864
-1.864
-1.864
-1.864
-1.864
-0.818
0.491
0.491
0.491
0.491
-0.392
-1.864
-3.173
-4.784
-7.605
-10.238
-12.745
-14.376
-15.766
-17.074
-17.859
-17.859
-20.116
-22.111
-20.803
-19.478
-18.129
-15.766
-13.149
-13.149
-12.669
-11.47
-10.107
-8.635
-7.327
-6.28
-6.28
-6.28
-6.28
-6.28
-6.04
-4.841
-4.121
-4.121
-4.121
-4.121
-5.471
-5.74
-4.391
-5.081
-6.28
-6.28
-6.28
-6.28
-6.28
-6.28
-6.28
-6.28
-6.28
-6.28
-6.28
-6.28
-6.542
-7.85
-8.635
-8.635
-10.641
-13.149
-13.149
-14.174
-16.736
-17.761
-17.761
-17.761
-17.761
-17.761
-16.031
-13.149
-11.895
-10.046
-5.814
-2.551
0.065
2.846
5.103
5.103
5.103
5.103
5.103
5.102
2.281
0.589
0.589
-0.294
-1.766
-1.766
-1.766
-1.766
-0.883
0.589
0.589
1.153
3.974
5.103
5.103
7.359
9.616
9.616
9.616
9.616
7.61
5.103
5.103
4.579
3.271
1.938
0.589
0.589
0.589
0.589
-0.196
-1.505
-1.766
-1.472
0.0
0.589
0.589
0.589
0.589
0.589
1.128
2.478
1.788
0.589
0.589
0.065
-1.243
-2.613
-4.023
-5.277
-6.562
-7.973
-8.537
-8.537
-10.794
-13.051
-13.051
-13.051
-13.051
-13.051
-13.313
-14.621
-15.995
-17.467
-17.761
-17.761
-20.582
-22.776
-24.03
-25.378
-26.789
-28.097
-29.426
-30.836
-31.401
-31.401
-31.401
-31.139
-29.831
-28.481
-27.071
-24.782
-22.275
-19.454
-16.584
-13.64
-12.092
-10.892
-9.42
-7.534
-5.026
-2.294
0.589
1.843
3.14
4.612
5.201
5.201
5.201
5.201
5.201
4.072
1.251
0.687
0.687
0.687
0.687
0.687
0.687
0.687
0.687
0.687
0.687
2.379
5.2
5.201
5.201
5.201
6.706
9.213
9.715
10.227
12.789
14.327
14.327
14.327
14.327
17.148
18.339
17.085
16.583
16.583
15.33
14.327
14.327
14.327
14.327
10.565
6.697
2.404
-0.098
-1.406
-5.103
-9.039
-11.546
-13.051
-13.051
-15.101
-17.663
-17.663
-17.663
-17.663
-15.933
-13.051
-10.543
-7.973
-5.152
-2.453
0.163
1.766
3.14
4.612
5.201
5.201
5.201
5.201
5.201
4.072
1.251
-0.36
-1.668
-3.079
-4.928
-7.436
-10.168
-13.051
-14.305
-15.602
-17.074
-18.382
-19.582
-20.999
-21.915
-20.607
-19.282
-17.933
-15.308
-12.451
-9.943
-7.31
-4.489
0.131
5.201
8.022
11.764
16.889
22.36
28.064
30.572
33.142
35.964
38.662
41.279
41.802
41.802
41.802
41.802
41.802
39.709
37.092
34.271
30.297
24.593
19.44
14.425
8.66
4.699
3.445
2.097
0.687
0.687
0.969
2.38
3.696
4.95
8.635
12.571
15.079
18.301
22.594
25.546
28.162
28.162
29.166
31.673
32.676
32.676
31.204
29.841
28.642
26.396
23.452
19.636
15.172
8.12
2.224
-2.9
-7.36
-11.546
-15.308
-17.565
-17.565
-17.565
-17.565
-17.565
-16.54
-13.978
-10.377
-6.084
-4.884
-3.336
-0.392
2.478
5.299
5.299
5.593
7.065
8.374
9.573
9.813
9.813
9.813
8.684
5.863
5.299
5.299
5.299
4.797
3.543
2.196
0.785
-1.777
-4.391
-7.212
-10.631
-14.446
-19.772
-25.464
-31.106
-35.653
-39.469
-42.538
-45.345
-47.853
-49.947
-51.419
-52.672
-53.872
-53.872
-53.872
-53.872
-53.872
-53.872
-51.364
-48.499
-44.206
-39.447
-34.377
-29.929
-25.492
-20.476
-14.032
-5.446
0.834
6.16
9.976
12.855
14.326
16.627
19.135
19.135
19.135
19.135
19.135
19.135
19.135
18.571
15.749
14.621
14.621
14.621
14.621
14.621
14.057
12.646
11.317
10.009
8.66
7.261
5.789
4.448
3.14
0.319
-3.402
-8.472
-11.346
-12.756
-15.319
-17.368
-17.368
-18.088
-19.287
-19.527
-19.287
-18.088
-16.78
-15.308
-13.967
-12.658
-8.365
-5.31
-4.11
-1.901
0.981
5.274
9.377
13.193
17.295
21.588
26.603
31.769
37.534
41.344
43.852
45.482
46.61
46.61
46.046
44.635
42.347
39.84
34.075
29.111
25.349
21.269
16.976
14.468
11.603
7.311
3.901
1.079
-2.737
-6.366
-9.248
-11.906
-14.414
-17.172
-19.429
-19.429
-19.429
-19.429
-18.47
-17.27
-15.799
-13.912
-11.405
-8.635
-5.691
-0.676
3.913
6.795
8.7
9.954
12.512
14.523
13.051
11.71
10.456
7.948
4.929
1.112
-3.459
-9.162
-14.359
-19.429
-22.312
-24.521
-25.72
-26.2
-26.2
-26.2
-25.93
-24.581
-23.256
-21.948
-19.429
-16.91
-15.602
-13.689
-10.868
-9.126
-7.697
-6.444
-5.127
-3.716
-3.434
-3.434
-3.434
-2.911
-1.603
-1.079
-1.079
-1.079
-1.374
-2.846
-4.154
-5.353
-7.948
-10.805
-13.313
-15.382
-16.792
-18.077
-19.331
-19.331
-19.331
-19.331
-20.334
-21.588
-20.116
-19.233
-19.233
-18.423
-17.074
-18.273
-18.963
-17.614
-17.074
-17.074
-17.074
-17.074
-17.074
-17.074
-17.074
-17.074
-17.074
-17.074
-17.074
-17.074
-17.074
-17.074
-17.074
-17.074
-17.074
-15.308
-12.364
-11.165
-9.616
-6.672
-3.205
0.61
2.453
4.296
8.112
11.554
14.437
16.016
17.27
18.681
19.527
19.527
21.256
24.139
24.139
24.139
24.139
24.139
24.139
24.139
24.139
24.139
24.139
24.139
24.139
24.139
24.139
24.139
24.139
24.139
24.139
24.139
24.139
24.139
24.139
24.139
24.139
24.139
24.139
24.139
24.139
24.139
24.139
24.139
24.172
24.226
24.237
23.987
22.733
21.416
20.005
18.677
17.368
14.547
11.851
9.344
4.919
-0.785
-4.601
-8.218
-11.039
-13.738
-16.354
-16.829
-16.78
-16.78
-16.78
-16.78
-15.651
-14.261
-12.953
-11.604
-10.193
-8.908
-7.654
-4.772
-3.042
-3.042
-1.313
1.57
1.57
1.57
1.57
1.57
1.57
0.442
-0.948
-2.257
-4.759
-9.052
-11.917
-14.425
-17.246
-20.631
-24.863
-26.756
-28.065
-29.536
-30.419
-30.419
-28.653
-25.71
-23.202
-20.336
-16.043
-11.284
-6.214
0.491
6.946
10.761
13.64
15.112
17.412
19.92
19.92
19.92
19.92
18.227
15.406
15.406
14.882
13.574
12.204
10.794
10.794
10.794
10.794
12.331
14.893
15.455
16.006
18.513
20.018
20.018
18.971
17.663
19.135
19.015
16.507
15.504
15.504
15.504
15.21
13.738
13.149
13.149
11.895
10.61
9.2
7.883
6.629
5.201
3.783
2.584
1.864
1.864
1.864
1.864
1.864
1.341
0.033
-0.491
-0.491
-0.491
-0.773
-2.183
-2.748
-2.748
-2.748
-2.748
-2.748
-2.748
-2.748
-5.005
-7.613
-9.368
-11.122
-12.877
-14.632
-16.387
-17.798
-19.146
-20.399
-20.901
-20.901
-20.901
-20.901
-20.901
-20.116
-18.808
-17.467
-16.126
-14.817
-13.444
-11.972
-10.598
-8.995
-6.378
-4.269
-2.919
-1.603
-0.295
1.177
2.54
3.74
5.103
6.574
9.082
11.088
11.088
11.873
13.182
14.621
16.038
17.238
18.546
20.018
20.312
20.312
20.312
20.312
20.312
20.312
20.312
20.312
19.789
18.481
16.264
13.443
10.935
8.083
3.851
-0.131
-3.947
-9.322
-14.436
-16.943
-19.012
-20.423
-22.711
-25.218
-23.869
-22.537
-21.228
-19.822
-18.35
-15.528
-11.808
-6.738
-1.288
4.416
9.485
14.4
18.693
21.915
24.422
27.279
29.874
31.073
32.382
33.854
34.148
34.148
34.148
34.148
34.148
34.148
34.148
31.641
29.34
27.868
26.433
25.022
22.515
19.944
17.123
14.425
11.808
9.028
6.27
3.762
0.564
-3.667
-7.566
-11.383
-14.266
-18.001
-23.016
-26.789
-29.733
-32.24
-34.246
-34.246
-34.999
-36.252
-37.632
-38.76
-38.76
-38.008
-36.754
-35.326
-33.897
-32.644
-31.327
-29.916
-29.634
-29.634
-26.752
-25.524
-26.778
-27.279
-27.279
-27.279
-27.279
-27.279
-27.279
-27.279
-26.102
-24.684
-23.485
-22.177
-20.705
-19.282
-17.903
-16.649
-14.744
-11.861
-11.285
-11.285
-11.285
-11.285
-11.285
-11.285
-11.285
-11.285
-11.861
-14.743
-15.897
-15.897
-15.897
-15.897
-15.897
-15.897
-15.897
-15.897
-15.897
-15.897
-15.897
-15.897
-14.85
-13.541
-12.069
-10.707
-9.507
-7.298
-4.415
-1.908
1.251
7.016
13.117
19.44
24.139
28.075
30.583
33.24
36.123
38.706
41.213
42.685
43.568
43.568
43.568
43.568
40.625
37.855
35.348
31.806
27.574
25.066
21.908
16.142
11.547
7.731
4.71
2.202
0.948
-0.393
-1.864
-1.112
0.196
0.196
0.698
1.952
3.299
4.71
6.018
7.065
7.065
7.065
7.065
7.065
6.771
5.299
3.206
0.698
-3.238
-7.435
-11.252
-14.106
-15.517
-16.802
-18.055
-18.055
-18.055
-18.055
-17.209
-15.798
-13.236
-10.917
-9.567
-7.458
-4.841
-2.061
0.491
1.963
3.271
4.47
4.71
4.71
4.71
4.71
4.71
4.71
4.71
4.71
4.71
4.71
4.71
4.71
4.71
4.44
3.091
2.551
2.551
2.551
2.791
3.991
4.71
4.71
5.887
7.327
8.635
9.42
9.42
11.426
13.934
13.934
13.934
13.934
14.817
16.289
14.981
13.934
13.934
13.149
11.841
10.499
8.897
6.28
4.17
2.821
1.505
0.196
0.196
-0.368
-1.779
-2.061
-2.061
-3.471
-3.816
-2.562
-2.907
-4.317
-3.064
-1.779
-0.368
0.981
2.29
3.68
5.059
6.313
7.065
7.065
8.112
9.42
9.42
9.42
9.42
8.537
7.065
5.655
4.808
4.808
3.116
0.294
-1.014
-2.33
-3.68
-4.219
-4.219
-4.219
-4.219
-4.219
-4.219
-4.219
-3.26
-2.061
-2.061
-2.061
-2.061
-1.177
0.294
-1.014
-2.061
-2.061
-2.87
-4.219
-4.219
-4.219
-4.219
-4.219
-4.219
-5.397
-6.575
-6.575
-6.575
-6.575
-5.528
-4.22
-5.691
-6.051
-4.743
-4.219
-4.219
-3.02
-1.766
-0.294
0.294
0.294
0.294
0.294
0.294
-1.21
-3.718
-5.397
-6.825
-8.079
-9.96
-12.781
-16.398
-20.214
-23.035
-25.251
-26.56
-28.776
-31.597
-32.905
-34.234
-35.645
-36.209
-36.209
-36.209
-35.958
-34.704
-33.363
-31.891
-29.34
-26.821
-25.513
-23.011
-18.718
-15.853
-13.345
-10.524
-7.807
-5.244
-2.527
0.295
1.603
2.919
4.269
6.378
8.995
9.518
9.518
9.518
9.518
9.518
9.518
9.518
9.518
8.365
5.483
3.903
2.649
1.239
-0.633
-3.194
-4.219
-4.22
-5.473
-6.771
-8.243
-8.831
-8.831
-8.831
-9.082
-10.336
-11.088
-11.088
-11.088
-11.088
-11.088
-11.612
-12.92
-13.443
-13.443
-13.443
-13.443
-13.443
-13.443
-13.443
-13.443
-13.149
-11.677
-10.369
-9.169
-8.93
-8.407
-5.79
-3.091
-0.269
1.298
2.551
3.901
4.71
4.71
4.71
4.71
6.018
6.771
5.299
4.71
4.71
4.71
4.71
4.71
4.71
4.71
5.888
7.065
7.065
7.065
7.065
7.065
7.065
7.065
7.043
6.989
6.121
4.71
4.71
4.992
6.403
6.967
6.967
5.789
4.906
6.378
6.967
6.967
6.967
6.967
6.967
6.967
6.967
6.967
6.967
6.967
7.49
8.799
8.439
6.967
6.967
6.967
6.967
6.967
6.967
6.967
6.705
5.397
4.612
4.612
4.612
4.612
4.612
4.612
4.612
5.615
6.869
6.869
6.869
6.869
6.869
6.869
6.869
6.869
6.869
6.084
4.776
4.514
4.514
4.514
3.974
2.625
2.355
2.355
0.883
0.0
0.0
-2.006
-4.514
-4.514
-5.037
-6.345
-7.752
-9.224
-11.731
-13.738
-13.738
-15.242
-17.75
-18.252
-18.513
-19.822
-20.607
-20.607
-20.607
-20.607
-20.607
-20.083
-18.775
-17.442
-16.093
-14.682
-13.313
-12.004
-10.671
-9.322
-9.322
-9.322
-9.322
-8.537
-7.229
-8.145
-9.06
-7.752
-6.967
-6.967
-6.967
-6.967
-6.967
-7.49
-8.799
-9.322
-9.322
-9.322
-9.322
-9.322
-9.322
-9.322
-9.322
-9.322
-9.322
-8.57
-7.316
-7.065
-6.803
-5.495
-4.71
-4.71
-3.751
-2.551
-1.079
0.327
1.635
2.122
2.061
3.315
4.035
2.625
2.061
2.061
3.189
4.318
4.318
4.318
4.318
5.446
6.575
6.575
7.163
8.635
9.889
11.089
12.56
14.446
16.954
19.687
22.569
25.077
27.647
30.469
33.167
35.784
38.564
41.323
43.83
45.899
47.31
48.769
50.186
51.386
52.105
52.105
51.146
49.947
49.947
49.423
48.115
46.708
45.236
44.037
42.783
41.311
39.218
36.711
35.031
33.352
30.845
28.751
27.279
23.932
20.116
18.705
16.142
11.849
8.984
6.477
5.005
2.595
-1.221
-5.323
-9.616
-12.124
-14.695
-17.516
-20.181
-22.744
-24.385
-26.025
-28.588
-30.689
-32.1
-34.432
-36.994
-38.405
-39.251
-39.251
-40.097
-41.508
-42.98
-43.863
-43.863
-44.709
-46.119
-44.866
-43.863
-43.863
-43.863
-43.863
-42.734
-41.344
-40.036
-38.711
-37.362
-37.092
-37.092
-34.209
-32.48
-32.48
-31.634
-30.223
-31.477
-32.21
-30.861
-30.321
-30.321
-30.321
-29.733
-26.789
-24.892
-23.692
-21.146
-18.59
-17.336
-16.019
-14.609
-12.321
-9.813
-8.341
-7.458
-7.458
-6.611
-5.201
-5.201
-5.201
-5.201
-5.201
-5.201
-6.378
-7.556
-7.556
-7.556
-7.556
-7.556
-7.556
-7.556
-7.556
-7.556
-7.556
-7.556
-6.084
-5.201
-5.201
-6.084
-7.556
-7.556
-7.85
-9.322
-9.911
-9.911
-11.039
-12.419
-13.672
-15.013
-16.485
-17.908
-19.288
-20.541
-21.294
-21.294
-22.34
-23.649
-25.059
-25.906
-25.906
-25.906
-25.906
-25.906
-25.906
-25.906
-25.186
-23.987
-22.569
-21.13
-19.822
-18.497
-17.148
-15.831
-14.522
-11.702
-8.856
-5.974
-3.391
-0.884
1.938
5.157
8.974
12.229
15.111
17.619
20.19
23.011
24.924
26.233
26.445
26.658
27.966
28.751
28.751
28.751
28.751
28.751
29.755
32.262
32.382
30.91
32.382
33.265
33.265
33.265
33.265
33.265
33.547
34.958
35.522
35.522
36.601
37.681
37.681
37.681
37.681
36.721
35.522
34.05
33.167
33.167
32.284
30.812
29.613
28.359
26.887
25.415
23.943
20.127
17.074
17.074
15.57
13.062
12.56
12.296
10.975
9.654
8.333
7.012
5.691
4.219
3.336
3.336
3.336
3.336
3.336
3.631
5.103
5.691
5.691
6.82
8.231
9.641
10.957
12.211
12.462
12.462
12.462
12.462
12.462
12.462
12.462
12.462
12.462
12.462
12.462
12.462
11.154
10.107
10.107
10.107
10.107
10.107
10.107
10.107
10.083
10.021
10.009
10.009
10.009
10.009
10.009
10.009
10.009
10.009
10.009
10.009
10.009
10.009
10.009
9.727
8.316
7.752
7.752
6.624
5.495
5.495
5.471
5.409
4.394
3.14
4.551
4.269
1.448
0.883
0.883
-0.589
-1.973
-3.227
-4.575
-5.986
-8.548
-11.174
-14.056
-16.714
-19.222
-20.852
-22.242
-23.551
-24.335
-24.335
-25.339
-26.592
-25.182
-23.834
-22.58
-21.195
-19.723
-16.902
-14.708
-13.454
-11.26
-8.439
-7.131
-5.225
-0.932
2.29
4.797
6.427
7.807
9.06
10.965
13.848
14.425
14.425
14.425
14.425
14.425
14.425
14.425
14.425
14.425
14.425
13.542
12.07
10.761
9.715
9.715
10.5
11.808
13.198
14.327
14.327
14.327
14.327
14.327
14.327
14.327
14.327
14.327
14.327
14.327
14.327
14.327
14.327
14.327
14.327
11.971
9.616
9.616
8.112
5.604
5.103
5.103
5.103
3.974
1.153
-0.458
-1.766
-3.177
-4.023
-4.023
-5.716
-8.537
-8.537
-8.537
-8.537
-8.537
-8.537
-8.537
-8.537
-8.537
-8.537
-8.537
-7.36
-5.942
-4.743
-4.023
-4.023
-4.023
-4.023
-2.551
-1.167
0.087
0.589
0.589
0.589
0.871
2.281
3.631
4.939
5.201
5.201
5.201
5.201
5.201
5.201
5.201
5.201
5.201
5.201
5.201
5.201
5.201
5.201
5.201
5.201
5.201
2.693
0.687
0.687
-0.883
-3.5
-4.023
-4.525
-7.032
-8.537
-8.537
-10.543
-13.051
-13.051
-14.076
-16.638
-17.663
-17.663
-19.012
-20.345
-21.653
-22.177
-22.177
-23.485
-24.802
-26.151
-26.691
-26.691
-26.691
-26.691
-26.691
-26.691
-26.691
-26.691
-26.69
-23.869
-22.177
-22.177
-22.177
-22.177
-19.669
-17.663
-17.663
-17.663
-17.663
-17.663
-17.663
-17.663
-17.663
-17.663
-17.663
-18.164
-20.672
-22.177
-22.177
-22.177
-22.177
-22.177
-22.177
-22.177
-22.177
-22.177
-22.177
-22.177
-22.177
-22.177
-22.177
-19.871
-17.283
-15.872
-14.523
-13.214
-10.696
-7.937
-5.43
-3.336
-1.864
1.483
5.299
6.709
8.581
11.143
13.014
14.425
16.932
19.233
20.705
22.013
23.212
23.452
23.452
23.452
23.452
23.452
23.501
23.3
22.046
21.858
23.268
21.545
19.037
19.037
19.037
19.037
18.153
16.682
15.482
14.793
16.142
16.682
16.682
15.602
14.523
14.523
14.523
14.523
13.476
12.168
10.696
9.813
9.813
7.807
5.299
3.888
2.541
1.287
-0.945
-3.827
-6.335
-8.341
-8.341
-9.846
-12.353
-12.855
-13.378
-15.995
-17.565
-17.565
-17.565
-17.565
-17.565
-17.565
-17.565
-17.565
-17.565
-17.565
-17.565
-17.565
-17.565
-17.565
-17.565
-17.834
-19.184
-20.508
-21.817
-22.03
-22.493
-25.055
-26.592
-26.592
-26.549
-26.494
-26.494
-26.494
-26.494
-26.494
-26.494
-23.987
-21.416
-18.595
-15.737
-12.855
-10.347
-7.776
-4.956
-1.538
2.279
4.219
5.898
8.406
11.064
13.947
14.523
14.523
17.406
19.135
19.135
19.135
19.135
19.135
19.135
19.135
19.135
19.135
19.135
19.135
19.135
18.35
17.041
15.7
14.621
14.621
14.621
14.621
13.574
12.266
12.266
12.266
12.266
11.383
9.911
9.911
9.911
9.911
9.911
9.911
7.654
5.397
5.397
4.268
1.448
-1.423
-4.23
-6.738
-9.371
-12.192
-12.757
-12.757
-15.7
-17.467
-17.467
-19.159
-21.98
-20.672
-19.908
-21.318
-20.377
-17.87
-17.368
-16.856
-14.294
-11.628
-8.807
-6.236
-3.729
-0.785
2.11
4.931
7.502
10.009
12.953
14.719
14.719
16.412
19.233
19.233
19.527
20.999
22.308
23.507
23.747
23.747
23.747
23.747
23.747
23.747
23.747
22.398
21.588
21.588
20.705
19.233
19.233
19.233
19.233
19.233
19.233
19.233
19.245
19.306
19.331
19.331
19.331
19.331
19.331
19.331
19.331
17.325
14.817
14.817
14.817
14.817
13.051
10.107
7.599
5.593
5.593
4.747
3.337
0.829
-1.472
-2.944
-5.037
-7.545
-8.046
-8.046
-8.046
-8.046
-8.046
-8.046
-8.046
-8.046
-8.046
-8.046
-8.046
-8.046
-6.738
-5.691
-5.691
-6.444
-7.697
-7.948
-7.948
-7.948
-8.733
-10.042
-11.383
-12.462
-12.462
-12.462
-12.462
-12.462
-12.462
-12.462
-12.462
-12.462
-12.462
-12.462
-9.954
-7.948
-7.948
-7.948
-7.948
-7.948
-7.948
-7.948
-7.948
-7.948
-7.948
-8.199
-9.453
-9.616
-8.145
-8.897
-10.205
-8.733
-7.85
-7.85
-7.85
-7.85
-6.542
-5.225
-3.876
-1.799
0.763
2.404
3.794
5.103
7.016
9.837
11.405
12.658
14.13
15.013
15.013
17.02
19.527
19.527
19.527
19.527
19.564
19.625
19.625
19.625
19.625
19.625
19.625
17.369
15.112
15.112
15.112
15.112
15.112
15.111
12.168
10.925
12.233
11.873
10.402
10.463
10.5
10.5
10.5
10.5
10.5
10.5
10.5
10.5
10.5
11.677
13.105
14.359
15.112
15.112
15.112
15.112
15.112
15.133
15.188
16.903
19.724
19.724
19.724
19.724
20.607
22.078
23.278
23.967
22.618
22.798
23.998
23.158
21.817
20.509
19.724
19.724
17.717
15.21
15.21
14.185
11.623
10.598
10.598
8.09
6.084
6.084
5.299
3.99
2.649
0.981
-1.963
-3.107
-3.053
-5.299
-8.057
-10.565
-12.07
-12.07
-14.163
-16.78
-16.78
-17.783
-20.291
-21.294
-21.294
-23.801
-25.807
-25.807
-25.807
-25.807
-25.807
-25.807
-25.807
-26.372
-27.782
-26.887
-25.709
-25.709
-25.709
-25.709
-25.709
-25.709
-25.709
-25.709
-25.709
-25.709
-25.709
-24.51
-23.256
-21.784
-21.195
-21.195
-21.195
-21.195
-21.195
-21.195
-21.195
-20.149
-18.841
-17.491
-16.682
-16.682
-16.682
-16.682
-13.738
-11.971
-11.971
-11.971
-11.971
-11.971
-11.971
-11.971
-11.971
-11.971
-11.971
-11.971
-11.971
-11.971
-11.971
-11.971
-11.971
-11.971
-12.996
-15.559
-16.583
-16.583
-16.583
-16.583
-16.583
-17.43
-18.84
-18.84
-18.84
-18.84
-18.121
-16.921
-16.682
-16.682
-16.682
-15.504
-12.56
-12.015
-12.07
-12.07
-11.066
-8.559
-5.863
-3.042
-3.042
-2.453
0.491
1.668
1.668
1.668
1.668
1.668
1.635
1.581
1.57
1.57
1.57
1.006
-0.405
0.316
1.57
0.098
-0.785
-0.785
0.098
1.57
1.57
1.57
1.57
1.57
1.57
0.392
-0.491
0.981
1.57
1.57
1.57
1.559
1.505
1.472
1.472
2.475
3.729
3.729
3.729
3.729
2.882
1.472
1.472
1.472
1.472
0.687
-0.622
-0.883
-0.883
-0.883
-1.472
-2.944
-3.238
-3.238
-3.238
-3.238
-3.238
-3.238
-3.238
-3.238
-3.238
-3.238
-1.509
1.374
1.374
1.938
4.759
5.888
5.888
5.888
6.149
7.458
8.243
8.243
9.202
10.401
10.401
10.401
10.401
11.405
12.658
14.13
15.013
15.013
15.013
15.013
15.013
15.013
15.013
15.013
15.013
15.013
15.013
15.013
15.013
15.013
15.013
15.014
16.363
17.674
18.928
19.429
19.429
19.429
19.429
19.429
19.429
19.429
19.429
19.429
19.429
19.429
19.429
19.429
19.255
18.387
17.519
16.651
15.783
14.915
14.915
13.869
11.252
10.205
10.205
9.006
7.752
6.28
5.691
5.691
5.691
5.397
3.925
2.617
1.417
1.128
1.079
1.079
1.079
1.079
1.079
1.079
-0.392
-1.777
-3.031
-3.533
-3.533
-3.533
-3.533
-3.533
-3.565
-3.62
-3.378
-3.063
-2.748
-2.748
-3.271
-4.579
-5.103
-5.103
-5.103
-4.82
-3.41
-2.846
-2.846
-2.846
-3.086
-4.285
-5.004
-5.004
-5.004
-5.004
-5.004
-5.004
-5.004
-5.004
-5.004
-5.066
-5.604
-6.858
-6.513
-5.103
-5.103
-5.397
-6.869
-7.392
-7.283
-7.261
-7.261
-7.261
-7.261
-7.261
-7.261
-7.261
-7.323
-6.836
-5.528
-4.195
-2.846
-2.846
-2.846
-2.846
-2.846
-2.846
-1.537
-0.196
1.276
1.832
1.777
1.766
1.766
1.766
2.355
3.827
3.075
1.766
1.766
1.766
1.766
1.766
1.766
1.766
1.766
1.766
1.766
1.766
1.815
1.864
1.864
1.864
1.864
2.944
4.285
5.593
6.378
6.378
8.428
10.99
10.99
11.47
12.669
13.149
13.149
14.457
15.504
15.504
15.504
15.504
15.504
15.222
13.811
12.495
11.241
10.99
10.729
9.42
8.66
8.721
7.687
6.378
6.378
5.877
4.623
3.275
1.865
1.864
1.57
0.098
-0.491
-0.491
-1.57
-2.649
-2.649
-2.649
-2.649
-1.69
-0.491
-0.429
-0.393
-0.393
0.61
1.864
0.454
-0.916
-2.224
-2.748
-2.748
-2.748
-2.748
-2.748
-2.748
-2.748
-2.748
-2.748
-2.748
-3.876
-6.697
-7.261
-7.261
-5.79
-4.906
-4.906
-4.906
-4.906
-4.968
-4.481
-3.173
-2.649
-2.649
-2.649
-2.649
-2.649
-1.865
-0.556
0.785
1.864
1.864
1.889
1.95
1.963
1.963
1.963
1.963
1.963
1.963
1.963
1.963
1.963
1.963
1.963
1.963
-0.545
-2.551
-2.551
-2.551
-2.551
-4.906
-7.251
-7.196
-7.728
-9.138
-10.467
-11.775
-11.775
-12.277
-13.531
-14.879
-16.289
-16.289
-16.289
-16.289
-17.041
-18.295
-18.546
-18.808
-20.116
-20.901
-20.901
-20.901
-20.901
-20.901
-20.901
-20.901
-20.901
-20.901
-20.901
-20.901
-20.901
-20.018
-18.546
-17.292
-15.994
-14.523
-13.214
-12.015
-11.775
-11.252
-8.635
-7.065
-7.065
-5.937
-4.808
-4.808
-4.268
-2.919
-2.649
-2.649
-2.649
-2.606
-2.497
-2.453
-2.453
-1.254
0.0
1.472
2.061
2.061
3.189
4.579
5.888
6.673
6.673
7.752
9.093
10.401
11.186
11.186
11.186
11.187
14.069
15.275
13.967
13.443
13.443
12.135
11.088
11.088
11.088
11.088
11.186
11.285
11.285
10.107
7.163
6.575
6.575
6.575
6.575
6.575
6.618
6.673
6.673
6.673
6.673
6.673
6.673
6.673
6.673
6.673
6.673
6.673
6.673
6.411
5.103
3.778
2.429
2.159
2.159
0.687
-0.676
-1.875
-2.355
-2.355
-2.41
-2.453
-2.453
-2.453
-2.453
-2.453
-2.159
-0.687
0.622
1.821
2.061
2.584
5.201
7.31
8.66
9.976
11.285
11.285
12.31
14.872
15.897
15.897
17.096
18.35
19.822
20.41
20.41
20.41
20.41
20.41
20.41
20.41
20.41
20.4
20.345
20.312
20.312
19.353
18.154
18.153
18.153
18.153
17.27
15.799
15.798
15.798
15.798
15.831
15.886
13.591
11.285
11.285
11.285
11.285
11.285
11.034
9.78
9.028
9.028
9.028
9.028
9.028
9.028
9.028
9.028
9.027
7.719
6.697
6.82
6.869
6.869
6.869
6.858
6.803
6.771
6.771
6.771
6.771
6.771
6.771
6.771
6.771
6.771
8.243
8.602
7.294
6.771
6.771
6.771
6.771
6.771
5.266
2.759
2.257
1.995
0.687
-0.638
-1.987
-3.304
-4.612
-7.433
-9.649
-10.958
-12.29
-13.639
-15.111
-15.995
-15.995
-17.688
-20.508
-21.762
-23.048
-24.458
-25.022
-25.022
-26.151
-27.541
-28.849
-29.61
-29.548
-29.536
-29.536
-30.947
-31.793
-31.793
-32.676
-34.148
-34.148
-34.124
-34.001
-33.952
-33.952
-35.129
-36.307
-36.307
-35.522
-34.214
-33.952
-33.952
-33.952
-33.952
-33.952
-32.949
-31.695
-28.813
-26.582
-25.328
-23.98
-22.569
-22.515
-21.907
-19.086
-17.172
-15.864
-14.523
-13.149
-11.677
-11.088
-11.088
-11.088
-10.827
-9.518
-8.145
-6.673
-6.378
-6.378
-6.378
-5.899
-4.699
-3.336
-1.865
-1.864
-1.288
1.594
2.748
2.748
5.005
7.556
9.028
10.401
11.71
14.228
16.747
18.055
19.38
20.729
20.999
20.999
22.471
23.878
25.186
24.826
23.354
23.354
23.649
25.121
25.709
25.709
24.532
23.114
21.915
21.195
21.195
20.018
18.84
18.84
18.301
16.951
16.682
16.682
15.21
13.847
12.648
12.168
12.168
10.86
9.531
8.12
7.556
7.556
7.605
7.392
6.084
4.735
3.324
3.042
3.042
1.631
0.785
0.785
-0.061
-1.472
-2.883
-4.23
-5.484
-6.869
-8.341
-9.54
-10.794
-12.266
-13.574
-14.774
-15.013
-15.013
-15.013
-15.602
-17.074
-18.415
-19.724
-19.724
-19.68
-19.571
-19.527
-19.527
-19.527
-19.527
-19.527
-19.527
-19.527
-20.705
-21.588
-20.116
-19.527
-19.527
-19.527
-19.527
-19.527
-19.527
-19.527
-18.481
-17.172
-15.7
-14.338
-13.138
-11.775
-10.303
-10.303
-10.009
-8.537
-6.444
-3.936
-3.434
-3.153
-1.742
-0.393
0.916
2.306
3.685
4.939
5.691
5.691
6.738
8.046
8.046
8.046
8.046
8.046
8.046
9.355
10.401
10.401
10.401
10.401
10.401
10.401
10.401
10.401
10.401
9.224
8.046
8.046
8.095
8.218
8.243
8.243
6.771
5.386
4.132
3.631
3.631
3.631
3.349
1.938
0.621
-0.632
-0.883
-0.883
-0.883
-1.447
-2.858
-3.14
-3.14
-4.551
-5.397
-5.397
-5.397
-5.397
-5.397
-5.397
-5.397
-5.397
-5.397
-5.342
-5.299
-5.299
-5.299
-5.299
-5.299
-5.299
-5.299
-4.735
-3.324
-1.995
-0.687
-0.687
-0.687
-0.687
0.16
1.57
3.042
4.405
5.604
6.967
8.439
8.439
9.028
11.972
13.149
13.149
14.229
15.57
16.878
18.252
19.724
21.021
22.275
23.685
25.121
26.593
26.887
26.887
28.297
29.667
30.975
31.499
31.499
31.499
31.499
31.499
31.499
31.499
30.37
28.991
27.737
26.985
26.985
25.982
24.728
23.256
22.373
22.373
21.563
20.214
20.214
20.214
20.214
19.331
17.859
16.66
15.406
13.934
13.345
13.345
12.266
11.186
11.186
10.598
9.126
8.875
8.929
7.458
6.095
4.895
3.532
2.06
0.861
-0.098
-0.098
-0.098
-0.098
-1.276
-2.715
-4.023
-4.759
-4.636
-5.79
-7.218
-8.472
-9.224
-9.224
-10.227
-11.481
-12.891
-13.738
-13.738
-13.738
-13.738
-13.738
-13.738
-13.738
-13.738
-13.738
-13.738
-13.727
-13.672
-13.64
-13.64
-13.596
-13.542
-13.542
-13.542
-13.542
-13.542
-13.542
-16.362
-18.055
-18.055
-18.055
-18.055
-18.055
-18.055
-18.055
-18.055
-18.055
-18.055
-17.794
-16.485
-15.161
-13.811
-13.542
-13.542
-13.542
-13.542
-13.542
-13.468
-13.345
-11.996
-11.186
-11.186
-10.303
-8.831
-8.831
-8.831
-8.831
-8.831
-8.831
-8.831
-8.57
-7.261
-5.888
-4.416
-4.121
-4.121
-5.593
-6.476
-6.476
-7.286
-8.635
-8.635
-8.635
-8.635
-8.635
-8.635
-8.635
-8.635
-8.635
-8.635
-8.635
-8.635
-8.374
-7.065
-6.869
-8.341
-7.588
-6.28
-4.808
-3.925
-3.925
-3.925
-3.925
-3.057
-2.189
-1.321
-0.453
0.415
1.766
2.944
2.944
3.729
5.037
5.299
5.299
5.299
5.863
7.274
7.599
7.654
9.003
9.813
9.813
9.813
9.813
9.867
9.911
9.911
9.159
7.905
7.654
7.372
5.961
5.397
5.397
5.397
5.157
3.958
2.649
1.177
0.883
0.883
-0.466
-1.799
-3.107
-4.514
-5.986
-5.986
-6.255
-7.605
-8.93
-10.238
-10.5
-10.739
-11.939
-12.658
-12.658
-13.661
-14.915
-14.915
-14.915
-14.915
-14.915
-14.916
-16.326
-17.15
-17.096
-17.074
-17.074
-17.074
-16.792
-15.382
-14.817
-14.817
-13.689
-12.56
-12.56
-11.971
-10.499
-10.205
-10.205
-8.733
-7.349
-6.095
-4.747
-3.336
-1.926
-1.058
-1.003
-0.135
1.276
2.584
3.631
3.631
3.631
3.631
5.888
8.145
8.145
8.145
8.145
8.145
8.145
9.616
10.5
10.5
11.383
12.855
12.855
12.331
11.023
11.383
12.855
12.855
12.855
12.855
12.102
10.848
10.598
10.609
10.663
10.696
10.696
9.693
8.439
8.439
8.94
10.194
10.696
10.696
10.75
10.794
10.794
10.794
10.794
9.486
8.439
8.439
8.439
8.439
7.359
6.28
6.28
5.691
4.219
3.925
3.925
2.576
1.243
-0.065
-0.589
-0.589
-0.589
-0.589
-0.589
-0.589
-0.589
-0.589
-0.589
-0.589
-0.54
-0.417
-0.393
-0.393
-0.393
-0.393
-0.393
0.567
1.766
1.766
2.29
3.598
4.121
4.121
4.121
4.121
4.121
4.121
4.121
3.042
2.224
3.533
4.318
4.318
4.318
4.318
4.318
4.318
4.318
4.318
4.318
4.318
4.318
4.318
3.434
1.963
3.271
4.023
2.551
1.963
1.963
2.061
2.159
2.159
2.159
2.159
2.159
2.159
3.508
4.318
4.318
5.201
6.673
6.673
6.673
6.673
7.556
9.028
9.028
9.322
10.794
11.383
11.383
11.383
11.383
11.383
11.383
11.383
11.383
11.383
11.383
11.383
11.383
11.383
11.383
10.034
8.701
7.392
5.986
4.514
3.314
2.355
2.355
1.57
0.262
-1.079
-1.908
-0.654
-0.466
-1.876
-2.159
-2.159
-2.159
-2.159
-2.159
-2.159
-2.159
-2.159
-2.159
-2.159
-2.126
-2.072
-2.061
-2.061
-2.061
-2.061
-2.061
-0.932
0.196
0.196
0.196
0.196
0.24
0.294
1.705
2.551
2.551
2.551
2.551
2.551
2.551
2.551
2.551
2.551
2.551
2.311
1.112
0.957
2.367
1.521
0.393
0.393
-0.172
-1.582
-1.864
-1.864
-1.864
-2.366
-3.62
-4.968
-6.378
-6.378
-6.378
-6.378
-7.13
-8.384
-8.586
-8.799
-10.107
-10.892
-10.892
-10.892
-10.892
-10.892
-10.892
-10.892
-11.852
-13.051
-11.702
-10.892
-10.892
-11.702
-13.051
-14.359
-15.406
-15.406
-15.406
-15.406
-15.406
-15.406
-15.406
-15.406
-15.406
-15.319
-15.21
-15.21
-15.21
-15.21
-15.21
-15.21
-15.21
-15.21
-15.21
-14.327
-12.855
-12.855
-12.855
-12.855
-12.135
-10.936
-11.775
-12.615
-11.415
-10.647
-10.524
-10.5
-10.5
-11.971
-12.855
-12.855
-12.855
-12.855
-12.855
-13.124
-14.473
-15.013
-15.013
-15.013
-15.013
-15.013
-15.013
-15.013
-15.013
-15.013
-15.013
-15.013
-15.013
-15.013
-15.013
-15.013
-14.49
-13.182
-12.658
-12.658
-11.459
-10.475
-10.352
-10.303
-10.303
-10.303
-10.033
-8.684
-8.145
-8.145
-6.967
-5.789
-5.789
-5.201
-3.729
-3.434
-3.434
-1.963
-1.079
-1.079
-0.27
1.079
1.134
1.178
1.178
1.93
3.183
3.434
3.434
3.434
3.434
3.434
3.484
3.533
3.533
4.097
5.507
4.786
3.533
4.943
5.288
4.034
3.569
3.631
3.631
3.631
3.631
3.631
3.631
2.454
1.036
-0.163
-0.883
-0.883
-0.883
-0.883
-0.883
-0.883
-0.883
-1.93
-3.238
-4.588
-5.397
-5.397
-5.397
-5.397
-5.397
-5.397
-5.397
-5.43
-5.484
-5.495
-5.495
-5.495
-5.495
-5.495
-6.455
-7.654
-7.654
-7.174
-5.975
-6.304
-7.654
-6.182
-5.299
-5.299
-4.489
-3.14
-3.14
-2.846
-1.374
-0.785
-0.785
-0.785
-0.523
0.785
1.57
1.57
1.57
1.57
2.981
3.827
3.827
3.827
3.827
3.827
4.121
5.593
6.182
6.182
7.381
8.341
8.341
8.406
8.515
9.617
10.696
10.696
11.284
12.756
13.051
13.051
13.051
13.051
13.051
13.051
13.051
13.051
13.051
13.051
13.051
13.051
13.051
13.063
13.124
13.149
13.149
13.149
13.149
13.149
13.149
13.149
13.149
13.149
13.149
13.672
14.981
14.621
13.149
14.457
15.504
15.504
15.504
15.504
15.504
15.504
15.504
15.504
15.504
16.632
17.51
16.256
15.504
15.504
15.504
15.504
15.504
15.504
15.504
14.658
13.247
13.247
13.247
13.247
13.247
13.247
13.247
13.247
13.247
12.118
9.298
8.733
8.733
8.733
8.733
8.733
7.686
6.378
6.378
6.378
6.378
6.378
6.378
5.179
4.219
4.219
4.219
4.219
3.042
1.864
1.864
1.864
1.864
0.905
-0.294
-0.294
-0.294
-0.294
-0.294
-0.294
-0.294
-0.294
-0.294
-0.294
-0.294
-0.294
-0.294
-0.294
-0.294
-0.294
-0.294
-0.294
-0.294
-0.294
-0.294
-1.254
-2.453
-2.453
-2.976
-4.285
-4.808
-4.808
-4.808
-4.808
-4.808
-5.654
-7.065
-7.065
-7.065
-7.065
-7.065
-7.065
-7.065
-7.065
-7.065
-7.065
-7.065
-7.065
-7.065
-7.065
-7.065
-7.065
-6.182
-4.71
-4.71
-4.71
-4.71
-4.71
-4.71
-4.71
-4.71
-4.71
-4.71
-4.71
-4.71
-4.699
-4.645
-4.612
-4.612
-4.612
-4.612
-3.201
-2.355
-2.355
-2.355
-2.355
-2.301
-1.987
-0.638
-0.098
-0.098
-0.098
-0.098
-0.098
-0.098
-0.098
0.0
0.338
1.537
2.257
2.257
3.304
4.612
4.612
4.612
4.612
4.612
4.612
4.612
4.33
2.919
3.108
4.362
3.484
2.355
2.355
2.944
4.416
4.71
4.71
3.238
2.355
2.355
2.355
2.355
2.355
2.355
2.355
1.545
0.197
0.196
0.196
0.196
-0.589
-1.897
-0.981
-0.066
-1.374
-2.159
-2.159
-3.118
-4.318
-4.318
-4.318
-4.318
-4.318
-4.318
-4.318
-4.318
-4.318
-4.318
-4.318
-4.318
-4.318
-4.318
-3.533
-2.224
-1.963
-1.963
-1.963
-1.963
-1.963
-1.963
-1.963
-1.963
-1.963
-1.963
-1.963
-1.963
-0.709
0.012
-1.398
-1.963
-1.962
-0.708
0.294
0.294
0.327
0.382
0.393
0.393
0.393
0.393
0.393
0.393
0.393
1.803
2.649
2.649
2.649
2.65
3.958
5.004
5.004
5.888
7.36
7.36
7.36
7.36
7.36
7.36
7.36
7.36
7.36
7.36
7.36
7.36
7.36
7.36
7.883
9.191
8.831
7.36
7.36
7.36
7.36
7.36
7.36
7.409
7.207
5.953
5.201
5.201
4.024
2.846
2.846
2.846
2.846
1.886
0.687
0.687
0.687
0.687
0.687
0.687
0.687
0.687
0.687
0.687
0.687
0.687
0.687
0.687
0.687
0.687
0.687
0.687
0.687
0.711
0.773
0.785
0.785
0.785
0.785
0.785
0.785
0.785
0.785
0.785
0.785
0.785
0.785
1.962
3.14
3.14
3.14
3.14
4.1
5.298
5.421
5.495
5.495
5.495
5.495
5.495
5.975
7.174
7.654
7.654
7.708
7.752
7.752
8.504
9.758
10.009
10.009
10.009
10.009
10.009
9.006
7.753
9.224
10.107
10.107
9.224
7.752
7.772
7.791
7.811
7.831
7.85
6.597
5.593
5.593
5.593
5.593
5.593
5.343
4.089
2.772
1.362
1.079
1.079
1.079
1.079
1.079
0.233
-1.177
-2.486
-3.52
-3.459
-4.22
-5.528
-6.918
-8.328
-9.739
-10.303
-10.303
-10.303
-10.554
-11.808
-12.56
-12.56
-12.56
-12.56
-12.56
-12.037
-10.729
-11.088
-12.56
-12.506
-12.462
-12.462
-11.71
-10.456
-10.205
-9.955
-8.701
-7.36
-5.888
-5.593
-5.091
-2.584
-1.079
-1.079
1.014
3.631
3.631
4.111
5.31
6.673
8.144
8.145
8.145
8.145
8.897
10.151
10.401
10.664
11.971
12.757
12.757
12.757
12.757
12.757
12.168
10.696
10.401
10.401
10.401
10.445
10.554
9.714
8.243
8.243
7.949
6.477
5.168
3.969
3.729
3.729
3.729
3.729
3.729
3.729
3.729
3.729
3.205
1.897
1.374
1.374
1.496
1.57
1.57
1.57
1.57
1.57
1.276
-0.196
-0.785
-0.785
-0.785
-0.785
-0.785
-1.325
-2.674
-2.944
-2.944
-2.944
-2.944
-2.944
-2.944
-2.944
-2.944
-2.65
-1.178
-0.589
-0.589
-0.589
-0.589
-0.589
-0.589
-0.589
0.54
1.919
3.173
3.925
3.925
3.925
3.925
3.925
3.947
4.001
4.023
4.023
4.023
4.023
4.023
4.775
6.029
6.28
6.292
6.354
6.378
6.378
6.378
6.389
6.444
6.476
6.476
6.476
6.476
5.005
4.121
4.121
4.121
4.121
4.121
4.121
4.121
4.121
4.121
4.219
4.318
4.318
3.729
2.257
3.14
4.056
2.748
2.551
4.023
4.318
4.318
4.318
4.318
4.318
4.318
4.318
4.318
4.612
6.084
6.673
6.673
6.673
6.673
6.673
6.673
6.673
6.673
6.673
5.262
4.44
4.502
4.514
4.514
3.042
2.181
2.235
2.257
2.257
0.949
-0.086
-0.025
0.0
0.0
0.0
-0.251
-1.505
-2.257
-2.257
-2.257
-2.257
-2.257
-2.736
-3.936
-4.416
-4.416
-3.066
-2.257
-2.257
-2.257
-2.257
-2.148
-1.791
-0.441
0.098
0.098
0.098
0.359
1.668
2.453
2.453
2.453
2.453
2.453
1.973
0.774
1.104
2.453
2.453
2.453
2.453
1.644
0.295
0.294
0.0
-1.472
-2.028
-1.973
-3.091
-4.219
-4.219
-4.783
-6.194
-6.476
-6.476
-6.476
-6.978
-8.232
-8.697
-8.635
-9.943
-10.99
-10.99
-11.71
-12.909
-13.149
-13.41
-14.719
-15.504
-15.504
-15.504
-15.744
-16.943
-17.663
-17.663
-17.663
-17.663
-17.663
-17.663
-17.663
-17.663
-17.663
-17.663
-17.663
-17.663
-17.663
-17.663
-16.485
-15.308
-15.308
-14.744
-13.333
-13.002
-12.713
-11.513
-10.205
-8.734
-8.439
-8.439
-8.439
-8.439
-8.439
-8.439
-8.439
-8.439
-8.439
-8.439
-7.654
-6.345
-7.213
-8.341
-8.341
-8.316
-8.255
-8.243
-8.243
-8.243
-8.243
-8.243
-8.243
-8.243
-8.243
-7.719
-6.411
-5.888
-5.888
-5.888
-5.888
-5.888
-5.135
-3.881
-4.759
-5.626
-4.317
-3.533
-3.533
-3.533
-3.533
-3.533
-3.533
-3.533
-3.533
-3.533
-3.471
-2.933
-1.679
-0.331
1.079
1.079
1.374
2.845
3.434
3.434
4.563
5.691
5.691
5.691
5.691
5.735
5.789
7.2
8.548
9.802
10.34
10.401
8.93
8.569
9.878
9.555
8.145
9.399
10.401
10.401
10.401
10.401
10.451
10.5
10.5
10.5
10.5
9.453
8.145
8.145
8.166
8.221
8.279
8.341
7.032
5.986
5.986
5.986
5.986
5.986
5.986
5.986
5.986
5.986
5.986
5.986
5.986
5.986
5.986
5.986
5.986
6.108
6.182
6.182
6.182
6.182
4.873
3.827
3.827
3.074
1.821
1.619
1.668
1.668
1.668
1.668
0.491
-0.676
-0.621
-0.589
-0.589
-0.589
-0.589
-2.0
-2.344
-1.09
-0.589
-0.589
-0.589
-0.294
1.178
1.766
1.766
1.766
2.017
3.271
4.612
6.084
6.378
6.378
6.378
6.967
8.439
9.693
10.892
10.892
10.892
10.892
10.892
10.892
10.892
10.917
11.039
11.808
13.008
13.247
13.247
13.247
13.247
13.247
13.247
13.248
14.719
15.602
15.602
14.643
13.443
13.443
13.443
13.443
12.56
11.089
11.088
11.088
11.088
11.088
11.088
11.137
10.935
9.682
8.366
6.955
6.673
6.673
6.673
5.669
3.162
2.159
2.159
2.159
2.159
2.159
0.465
-2.355
-2.355
-2.355
-2.355
-2.355
-2.355
-4.612
-6.869
-6.869
-6.869
-6.869
-6.869
-6.869
-6.869
-7.872
-10.38
-11.383
-11.383
-11.383
-11.383
-11.383
-11.383
-11.383
-11.383
-10.819
-7.998
-6.869
-6.869
-6.869
-6.847
-6.738
-6.673
-6.673
-6.673
-6.673
-6.673
-6.673
-6.673
-6.673
-6.672
-5.364
-4.318
-4.318
-5.103
-6.411
-5.495
-4.318
-4.318
-4.906
-6.378
-6.673
-6.673
-6.673
-6.673
-6.673
-6.673
-6.673
-6.673
-6.673
-6.673
-6.599
-6.476
-6.476
-6.476
-6.476
-5.757
-4.557
-4.318
-4.558
-5.757
-5.888
-4.416
-5.168
-6.476
-6.476
-5.887
-4.415
-5.168
-6.476
-6.476
-5.953
-4.645
-5.005
-6.476
-6.476
-6.476
-6.476
-5.692
-4.383
-4.121
-4.361
-5.561
-6.28
-6.28
-6.28
-6.28
-6.28
-6.28
-6.28
-6.28
-6.28
-6.28
-6.28
-6.28
-6.28
-6.28
-6.28
-6.28
-6.28
-6.28
-6.28
-6.28
-6.28
-6.28
-6.28
-6.28
-6.28
-6.28
-6.219
-6.182
-6.182
-6.145
-6.084
-6.084
-6.084
-6.084
-6.084
-6.084
-6.084
-6.084
-6.084
-6.084
-6.084
-6.084
-6.084
-6.084
-6.084
-6.084
-6.084
-6.084
-6.084
-6.084
-6.084
-6.047
-5.986
-5.986
-5.986
-5.986
-5.986
-5.986
-5.986
-5.704
-4.293
-4.449
-5.648
-5.888
-5.888
-5.888
-5.888
-5.888
-5.888
-5.888
-5.888
-5.364
-4.056
-3.533
-3.533
-3.533
-3.533
-3.533
-3.533
-3.533
-3.533
-3.271
-1.963
-1.178
-1.178
-1.178
-1.178
-1.178
-1.178
-1.178
-1.178
-1.178
-1.178
-1.178
-1.178
-1.178
-1.178
-1.178
-1.178
-1.178
-1.178
-1.178
-1.128
-1.079
-1.079
-1.079
-1.079
-1.079
-1.079
-1.079
-1.055
-0.994
-0.981
-0.981
-0.981
-0.981
-0.981
-0.981
-0.981
-0.981
-0.981
-0.981
-0.981
-0.981
-0.981
-0.719
0.589
1.913
3.263
3.533
3.533
3.594
3.631
3.631
3.631
3.631
3.631
3.631
3.631
2.747
1.276
1.276
1.006
-0.343
-0.883
-0.883
-0.883
-0.883
-0.883
-0.883
-0.883
-0.883
-0.883
-0.883
-0.883
-0.883
-0.883
-0.883
-0.883
-0.895
-0.957
-0.981
-0.981
-0.981
-0.981
-0.981
-0.981
-0.981
-0.981
-0.719
0.589
1.963
3.434
3.729
3.729
3.729
3.707
3.652
2.784
1.374
2.627
3.361
2.012
0.687
-0.622
0.295
1.472
1.472
1.472
1.472
0.294
-0.883
-0.883
-0.883
-0.883
-0.883
-0.883
0.589
1.472
1.472
1.472
1.472
1.417
1.374
1.374
1.374
1.374
2.552
3.729
3.729
3.729
3.729
3.729
3.729
3.729
3.729
3.729
3.729
3.729
3.729
4.23
5.484
5.986
5.986
5.986
6.281
7.752
8.341
8.341
8.341
8.341
8.341
8.341
8.341
8.341
8.341
8.341
8.341
8.341
8.341
8.341
8.341
8.363
8.417
8.439
8.439
8.439
8.439
8.439
8.439
8.439
8.439
8.439
8.439
7.85
6.378
6.084
6.084
7.556
8.417
8.363
8.341
8.341
8.341
8.341
8.341
8.341
8.341
8.341
8.341
8.341
8.341
8.341
8.439
8.526
8.472
7.875
6.464
6.182
6.182
6.182
6.683
7.937
7.593
6.182
6.127
5.814
4.465
3.925
3.925
3.925
3.925
3.925
3.925
3.925
2.748
1.33
0.131
-0.589
-0.589
-1.636
-2.944
-4.416
-5.255
-5.146
-5.139
-5.201
-6.455
-7.752
-9.224
-9.813
-9.813
-9.813
-9.8
-9.739
-9.715
-9.715
-10.893
-12.07
-12.07
-12.634
-14.044
-14.327
-14.327
-14.265
-14.228
-14.228
-14.228
-14.228
-14.228
-13.958
-12.609
-12.07
-12.07
-10.893
-9.715
-9.715
-9.715
-9.715
-9.715
-9.725
-9.78
-9.813
-9.813
-8.766
-7.458
-5.986
-5.103
-5.103
-5.103
-5.103
-5.103
-4.538
-1.717
-0.556
-0.502
-0.491
-0.491
-0.491
-0.491
-0.491
-0.491
-0.491
-0.491
-0.491
-0.491
-0.491
-0.491
-0.491
-0.491
-0.491
-1.374
-2.846
-2.846
-3.128
-4.538
-5.103
-5.103
-5.103
-5.103
-5.103
-5.103
-5.103
-5.103
-5.103
-5.103
-5.103
-5.103
-5.103
-5.103
-5.103
-5.103
-5.103
-5.912
-7.262
-8.57
-9.616
-9.616
-9.616
-9.616
-9.616
-9.616
-9.616
-9.616
-9.616
-10.619
-11.873
-11.873
-11.873
-11.873
-12.757
-14.228
-12.92
-11.579
-10.107
-9.518
-9.518
-9.518
-9.518
-9.518
-9.518
-9.518
-9.567
-9.616
-9.616
-9.616
-9.616
-9.616
-9.616
-9.616
-9.616
-9.616
-8.733
-7.261
-5.953
-4.906
-4.906
-4.939
-4.994
-5.004
-4.71
-3.238
-2.649
-2.649
-1.57
-0.469
-0.36
-0.294
-0.294
0.665
1.864
3.336
4.219
4.219
4.219
4.219
4.165
4.121
4.121
4.906
6.215
6.476
6.738
8.047
8.831
8.831
8.831
8.831
8.831
8.831
8.831
8.788
8.733
8.733
8.232
6.978
6.513
6.575
6.575
6.575
6.575
6.575
6.575
6.575
6.575
6.575
5.985
4.513
5.266
6.574
6.575
6.575
6.575
6.575
6.574
6.513
7.0
8.308
8.831
8.831
8.831
8.831
8.831
8.831
8.831
8.831
8.831
8.831
9.42
10.892
10.14
8.832
10.242
11.677
13.149
13.443
13.443
11.971
11.612
12.92
13.443
13.443
13.443
13.443
13.443
13.443
13.443
13.443
13.193
11.939
11.751
13.161
13.443
13.443
13.443
13.422
13.367
13.419
13.542
13.542
13.542
13.542
13.542
13.542
10.925
8.831
8.831
8.864
8.919
8.93
8.93
8.93
8.93
8.93
8.93
8.929
7.519
6.171
4.917
5.225
6.574
5.375
4.416
4.416
3.631
2.323
0.884
-0.27
-0.147
-0.098
-0.098
-0.098
-0.622
-3.238
-4.808
-4.808
-4.808
-4.808
-4.747
-4.71
-4.71
-4.71
-4.71
-4.71
-4.71
-4.71
-4.71
-4.71
-4.71
-4.71
-4.71
-4.71
-4.71
-4.71
-4.71
-4.71
-4.71
-4.71
-4.71
-4.71
-4.71
-4.71
-4.71
-3.864
-2.454
-2.453
-2.159
-0.687
-0.098
-0.098
-0.098
-0.098
-0.098
-0.098
-0.098
-0.098
-0.098
2.724
3.851
2.44
3.206
4.514
4.514
4.514
4.514
4.514
4.514
4.514
4.514
4.514
5.299
6.607
5.691
4.514
4.514
5.078
6.488
5.768
4.514
5.925
6.771
6.771
6.771
6.771
6.771
6.248
4.939
5.299
6.771
5.571
4.882
6.231
6.051
4.852
4.612
4.612
4.612
4.587
4.526
4.514
4.514
4.514
4.012
2.758
2.257
2.257
1.003
0.0
0.0
0.0
0.0
-1.309
-2.355
-2.355
-2.355
-2.355
-2.355
-2.595
-3.794
-4.514
-4.514
-4.514
-4.514
-4.514
-4.514
-4.514
-4.514
-4.514
-4.568
-4.612
-4.612
-5.331
-6.531
-6.771
-6.771
-6.771
-6.051
-4.852
-4.612
-4.59
-4.481
-4.44
-4.502
-4.514
-4.514
-4.514
-4.514
-4.514
-4.514
-4.514
-4.514
-4.514
-4.514
-4.514
-4.514
-4.514
-4.514
-4.514
-4.514
-4.514
-4.514
-4.514
-4.514
-4.514
-4.514
-3.467
-2.159
-3.631
-4.013
-2.759
-2.257
-2.257
-2.257
-2.257
-2.257
-2.257
-2.257
-1.08
0.098
0.098
0.098
0.098
0.098
0.098
0.098
-0.466
-1.877
-1.156
0.098
-1.313
-2.159
-2.159
-2.159
-2.159
-0.85
-0.098
-1.57
-1.374
-0.066
0.196
-0.065
-1.374
-2.159
-2.159
-1.112
0.196
0.135
0.098
0.098
0.098
0.098
1.57
2.453
2.453
2.453
2.453
3.761
4.808
4.808
4.808
4.808
4.759
4.71
4.71
4.71
4.71
4.71
4.71
4.71
5.234
6.542
7.065
7.065
8.537
8.897
7.588
7.949
9.42
9.366
9.322
9.322
9.322
9.322
9.322
9.322
9.322
9.322
9.322
9.322
9.322
9.322
9.322
9.322
9.322
9.322
9.322
9.322
9.322
9.322
9.322
9.322
9.334
9.396
9.42
9.42
9.42
9.42
9.42
9.42
9.42
9.42
9.42
10.892
11.252
9.943
10.303
11.775
11.721
11.677
11.677
11.677
11.677
11.677
11.677
11.677
10.892
9.584
9.322
9.584
10.892
11.677
11.677
11.677
11.677
11.677
11.677
11.677
10.867
9.518
9.464
9.42
9.42
9.42
