2.89425E-4
3.00283E-4
3.58551E-4
2.82726E-4
3.45259E-4
-2.75387E-5
6.78571E-5
-1.25582E-4
-3.3321E-4
-2.96843E-4
3.51615E-5
4.06921E-4
4.18699E-4
7.75543E-4
3.71371E-4
2.80987E-4
-5.10219E-4
-0.00127802
-0.00109051
-0.00112329
-0.00111828
-0.00114838
-5.55942E-4
-1.99731E-4
-1.10619E-4
8.91682E-4
0.00163725
0.00147252
0.00146144
0.00152147
9.53845E-4
-5.76173E-4
-6.30365E-4
-0.00109462
-0.00155361
-6.30318E-4
-4.80996E-4
4.09327E-4
0.00191411
0.00180824
0.00127833
-3.44169E-4
-7.15875E-4
-4.60417E-4
-0.00134901
-0.00106917
-8.76019E-5
5.85183E-4
0.00138322
0.00197753
0.00280984
0.00226763
9.69618E-4
-8.06662E-4
-0.00169082
-0.00233405
-0.00228489
-0.00226081
-0.00218184
-0.00218463
-0.00124815
-4.56432E-4
-4.50192E-4
-4.07582E-4
-3.14509E-4
-3.19132E-4
-2.92561E-4
-2.98021E-4
-2.72146E-4
1.86555E-4
0.00214311
0.00310176
0.00288064
0.002773
0.00292703
0.00210541
9.16549E-4
-2.45861E-4
-9.41945E-4
-8.36543E-4
-8.55723E-4
-8.51747E-4
-8.162E-4
4.68958E-4
0.00119326
0.00184076
0.00476596
0.00484181
0.00430568
0.001289
-0.00167529
-0.00438057
-0.00712316
-0.00695361
-0.00653137
-0.00480791
-0.00215207
3.36758E-4
0.00182499
0.0016878
0.00141281
-0.0014873
-0.00246599
-0.00184461
-0.00206578
-0.00194418
-0.00172693
5.85359E-4
0.00218638
0.00326244
0.00428143
0.00560561
0.0041088
0.00172523
0.00168019
0.00182087
0.001614
0.00152094
0.00150602
0.00146683
0.0013843
0.00135099
0.00129807
9.10015E-4
-7.52407E-4
-9.23934E-4
-0.00177328
-0.00313642
-0.00438504
-0.00445499
-0.00158318
-1.73958E-4
-2.10124E-4
3.1741E-5
0.00341648
0.00416389
0.00362557
0.00254567
1.61106E-4
-6.82042E-4
-3.49717E-4
-6.35278E-4
4.59555E-4
0.00168644
0.00294579
0.00352072
0.00289729
3.49407E-4
-0.00106771
-0.00207796
-0.00300119
-0.00279044
-0.00211409
4.28625E-4
0.00161917
0.00292638
0.00327007
0.00139559
0.00104312
0.00127836
0.00106553
8.9495E-4
-0.00114841
-0.00315145
-0.00303971
-0.00282887
-0.00300498
-0.00285823
-0.00278989
-0.00158785
-0.00132997
-0.00250974
-0.00238166
-0.00168192
-2.88769E-4
9.20707E-4
0.00211837
0.0020534
0.00187438
0.00187822
0.00182055
0.00172604
0.00164809
0.00165418
0.00116936
-3.38728E-4
-0.00153439
-0.00261723
-0.00264819
-0.00239149
-0.00261679
-6.13677E-4
0.00111074
-2.33469E-4
0.00134768
0.0022722
0.00184495
0.00180695
0.00183601
0.00168371
0.00156101
0.00149511
0.00146198
0.00135185
0.00133317
0.00127563
4.52043E-4
-0.00284745
-0.0030525
-0.00491517
-0.00561919
-0.00271198
-0.00186458
3.95008E-4
0.00203624
0.00325564
0.00561535
0.00505632
0.00227478
0.00243061
0.00135183
7.49554E-4
-0.00210984
-0.00335488
-0.00268358
-0.00289978
-0.00273807
-0.00263782
-3.23767E-4
0.00150177
0.00252702
0.00347778
0.00352712
0.00352093
0.00469855
0.00245285
7.09649E-4
8.2398E-4
7.57762E-4
-0.00131247
-0.00103697
5.84614E-4
0.00186341
0.00118215
-1.01473E-4
-0.00131672
-0.00167453
-0.00146386
-0.0016146
-0.0016707
-0.00368458
-0.00560141
-0.00547806
-0.0040592
-0.00131856
0.00114159
0.003613
0.00513038
0.00613479
0.00702158
0.00649301
0.00261995
6.45793E-5
-0.0014947
-0.00421987
-0.00412242
-0.00368803
-0.00157171
1.37809E-4
0.00218641
0.00445893
0.00110981
-0.00286066
-0.00629978
-0.00814965
-0.00767252
-0.00621405
-0.00178156
8.39365E-4
0.00113536
-1.9267E-4
-0.00114138
-0.00235863
-0.00172799
-0.00258757
-0.00231132
4.55695E-4
0.00148942
0.00146588
0.0025479
0.00157873
5.16424E-5
-8.64995E-4
-7.03752E-4
8.45666E-4
0.0012487
1.14363E-4
-0.00114095
-9.83594E-4
-0.00115129
-0.00282015
-0.00253502
-6.1465E-4
-0.00190278
-0.00304097
-0.00260418
-0.00235576
-0.0024202
-0.00226614
-0.00205228
-9.09447E-4
-0.0012073
-4.48955E-4
0.00121409
0.00333876
0.00587513
0.00635248
0.00778498
0.00690138
0.00538757
0.00376327
0.0023703
-8.50085E-4
-9.76473E-4
8.10243E-4
6.67396E-4
5.2794E-4
0.00181558
7.59951E-4
8.62104E-5
3.58516E-4
1.49606E-4
-0.00110516
-3.12976E-4
5.13386E-4
-3.77769E-6
-9.04749E-4
-0.00356089
-0.00392937
-0.00380531
-0.00353289
-0.00378187
-0.00209102
-7.34197E-4
0.00241758
0.00225152
0.00153723
0.00163119
6.75475E-4
8.17998E-4
0.00246296
0.00190669
1.57807E-4
0.00151215
0.00270662
0.00248652
0.00408563
0.00305919
0.00159055
-0.00122584
-0.00275924
-0.00219046
-0.00181989
0.0016236
0.00407135
0.00519859
0.00684519
0.00516237
9.6976E-4
-0.00146286
-0.00276246
-0.00516562
-0.00573595
-0.00452361
-0.00306885
-0.00306493
-0.00302585
-0.00282081
-0.00265088
-0.00343135
-0.00461032
-0.00436143
-0.00419744
-0.00364835
-0.00194636
-0.00165226
-0.00184013
-0.00165194
-0.00159606
-0.0014727
-0.00154313
-3.09565E-4
8.86316E-4
7.0218E-4
1.808E-4
-0.00132895
-3.98439E-4
0.00101733
8.80428E-4
0.00269024
0.0053002
0.00750476
0.00863594
0.00682124
0.0055062
0.00352937
0.00136732
1.57666E-4
-0.00104574
-0.00103786
-0.00101233
-0.00111999
-3.47328E-4
0.00116869
-1.88175E-4
1.91931E-4
7.66321E-4
-0.00173357
-0.00429083
-0.0065899
-0.00714767
-0.00688424
-0.0061082
-0.00443712
-0.00409968
-0.00411024
-0.00372661
-0.00373255
-0.00217422
7.32617E-4
8.91384E-4
5.70615E-4
8.94466E-4
7.99424E-4
8.85164E-4
-3.07899E-4
-0.00131432
4.37218E-4
0.00122564
6.73252E-4
8.50474E-4
8.26068E-4
0.001037
0.00256207
0.00485836
0.00458548
0.00451616
0.00308716
0.00169127
-0.00103673
-8.86655E-4
-0.00184923
-9.685E-4
-0.00103868
-0.00241379
-0.00355344
-0.00386749
-0.00339298
-0.00344497
-0.00145831
0.00122186
0.00241834
8.11691E-4
8.82733E-4
-0.0020698
-0.00731429
-0.0113407
-0.0135364
-0.0144192
-0.013839
-0.011755
-0.00895389
-0.0076302
-0.00483712
-0.0030651
-0.00159831
-2.93203E-4
0.0017605
0.00523408
0.00994777
0.0135486
0.0184456
0.0236373
0.0260453
0.0290785
0.0293976
0.0280464
0.0249897
0.0192985
0.0141986
0.00935459
0.0011091
-0.00498777
-0.00978624
-0.0137867
-0.0172857
-0.0191953
-0.0184691
-0.0160784
-0.014685
-0.0120017
-0.00985852
-0.0107983
-0.0126734
-0.0113447
-0.0115798
-0.0127467
-0.0121441
-0.00889663
-0.0062492
-0.00502208
-0.0033469
-0.00171815
9.02777E-4
0.00357137
0.00625909
0.00965775
0.0105841
0.0127234
0.0136189
0.0148594
0.0163458
0.0176166
0.0206028
0.0225265
0.0222053
0.0214553
0.0194365
0.0143499
0.00831845
0.0058613
0.00226322
-0.00295387
-0.00520732
-0.00490241
-0.00363438
-0.00137945
-0.00202664
-0.00171324
-0.00255715
-0.00290074
-0.00274519
-0.00277922
-0.00241966
6.12515E-4
0.00363627
0.00329835
0.00286661
0.00107994
-0.00110868
-0.00199146
-0.00447992
-0.00567416
-0.00707418
-0.00908129
-0.0092084
-0.0086994
-0.00978143
-0.0118344
-0.0121424
-0.0107623
-0.00845149
-0.00537437
-0.00416329
-0.00258938
-0.00137254
-3.44605E-4
-0.00166352
-4.9545E-4
8.378E-4
0.00208218
0.00309091
0.00450103
0.00438164
0.00544813
0.00477329
0.00317622
0.00178034
5.95284E-4
-0.00180867
-0.00303068
-0.00194457
0.00100744
0.0032006
0.0064837
0.00907456
0.00913297
0.00853498
0.0053439
0.00115288
-0.00154279
-0.00372471
-0.00483273
-0.00614005
-0.00576366
-0.00381387
-0.00386067
-0.00223515
-0.00129269
-0.00224352
-0.00362136
-0.00577121
-0.00933294
-0.0128097
-0.0150741
-0.0143424
-0.0140717
-0.0109131
-0.00846798
-0.00836187
-0.00805253
-0.00732964
-0.00707265
-0.00375078
-3.1735E-4
3.70827E-4
0.00334367
0.00855107
0.0132759
0.0175371
0.0200231
0.0218707
0.0227508
0.0219501
0.0197298
0.0178611
0.0154687
0.0112093
0.00597607
-7.65742E-4
-0.00666517
-0.0135339
-0.0189263
-0.0197871
-0.0200845
-0.019588
-0.0157471
-0.0131491
-0.011803
-0.00978738
-0.00801792
-0.00468778
-0.00113508
0.0018805
0.00669176
0.0116899
0.0147689
0.0145419
0.0120568
0.00838077
0.00336954
-6.69455E-4
-0.00284434
-0.00508257
-0.00630629
-0.0100269
-0.0110556
-0.0130602
-0.0149408
-0.017117
-0.0172177
-0.0161929
-0.0130584
-0.00763498
-0.00539729
-0.00128244
0.0047128
0.00722691
0.00965361
0.0130169
0.0148535
0.0130279
0.00991893
0.00711337
0.00502931
0.00264608
-0.00104649
-0.00219282
-0.00419255
-0.00520563
-0.00308397
1.49933E-4
0.00403498
0.00762857
0.0110872
0.0133537
0.0152102
0.0150857
0.0144813
0.0129391
0.0099529
0.00702241
0.00440142
3.26726E-4
-0.00598331
-0.0109548
-0.0125206
-0.0150588
-0.0181247
-0.0180674
-0.0149339
-0.0102946
-0.0048713
-3.99597E-4
0.00142971
0.00629985
0.00904906
0.00844743
0.00827524
0.00830002
0.00791857
0.00870432
0.00962704
0.00936973
0.0102076
0.00871044
0.00796189
0.00802625
0.00750976
0.00792856
0.010515
0.0126213
0.0141959
0.0178605
0.0233664
0.0269256
0.0284984
0.0288615
0.0265737
0.0212356
0.0151531
0.0095573
0.00384755
-0.00153325
-0.00676867
-0.0116688
-0.0169695
-0.0234554
-0.030954
-0.0349871
-0.0372738
-0.0371865
-0.0313406
-0.0253315
-0.0175735
-0.00937854
-0.00428859
-5.6278E-4
0.00295016
0.00453102
0.00531976
0.00508568
0.00117738
-0.00358589
-0.00746415
-0.0135114
-0.0168931
-0.0196671
-0.0211988
-0.0236448
-0.0259094
-0.025699
-0.0233209
-0.0180648
-0.0136677
-0.0084758
-0.00191106
0.00737493
0.0171552
0.0248547
0.0296342
0.02945
0.0270945
0.0225491
0.0146167
0.00718514
0.00405617
0.00262597
0.00217343
0.00204176
0.00198973
0.00195963
0.00114756
-0.00142267
-0.00256378
-0.00526058
-0.00657173
-0.00567799
-0.00564843
-0.00410485
5.72174E-5
0.00352355
0.00486932
0.0059985
0.0071006
0.00563739
0.00280469
0.00216005
-1.29051E-4
-0.00196784
-0.00197835
-0.00476011
-0.00773883
-0.00799482
-0.00832073
-0.00566489
-0.00285414
0.00143562
0.00666817
0.0101119
0.0108358
0.0129974
0.0138121
0.0130564
0.0125703
0.0121669
0.0116565
0.0125231
0.0144584
0.0141457
0.0134624
0.0119759
0.00912264
0.00474709
0.00287704
1.23891E-4
-0.00347421
-0.00469339
-0.0057782
-0.00702655
-0.00766019
-0.00653832
-0.00516033
-0.0048577
-0.00500882
-0.00652622
-0.00914835
-0.0111053
-0.0123828
-0.0116932
-0.00955343
-0.00453249
0.00101862
0.0086051
0.0130666
0.0162827
0.0172342
0.0150257
0.00760729
-0.00132395
-0.0125096
-0.0231228
-0.0312056
-0.0345463
-0.0369141
-0.0362003
-0.0289508
-0.0216962
-0.0143646
-0.0050811
0.00320814
0.00682881
0.00735711
0.0074739
0.00728761
0.0072399
0.00688385
0.00970001
0.0134183
0.0186561
0.0236046
0.0263186
0.0291272
0.0299308
0.0280641
0.0248479
0.0203911
0.0134327
0.00500818
-0.00258608
-0.010433
-0.016162
-0.0194838
-0.0211641
-0.0205423
-0.0198764
-0.0187584
-0.0163624
-0.0168238
-0.0188342
-0.0202311
-0.0198726
-0.0183934
-0.013364
-0.00638531
-0.00170016
1.13828E-4
0.00175044
0.00522161
0.00381482
0.00112559
-0.00367311
-0.0114468
-0.0197231
-0.0230978
-0.0242685
-0.0210918
-0.0129571
-0.00372101
0.00758874
0.0178258
0.0241813
0.0266424
0.0278376
0.0268539
0.0221975
0.0177094
0.0134498
0.00853298
5.33147E-4
-0.00529349
-0.00957028
-0.0130632
-0.0128845
-0.0106778
-0.00681705
-0.00290184
0.00138667
0.00493206
0.00876228
0.0122268
0.0147619
0.0156686
0.0161646
0.0150734
0.0109645
0.00625991
-8.71875E-4
-0.00867498
-0.0156877
-0.0221109
-0.0243415
-0.0218199
-0.0160722
-0.00939143
-0.00318672
-0.00103061
-0.0020245
-0.00209377
-0.00132622
-0.00279488
-0.00219685
-0.00278889
-0.00318023
-0.00272756
-0.00252207
-6.22555E-4
0.00219141
0.00455822
0.00695888
0.0082021
0.0063431
0.00386322
0.00359328
0.00370191
0.00340333
0.00330709
0.00335431
0.00247215
-8.04412E-4
-0.001116
-4.96071E-4
-6.43709E-4
-6.2843E-4
-5.57296E-5
0.00291191
0.00802275
0.0101882
0.0128039
0.0154483
0.0156973
0.0156292
0.0115374
0.00598901
8.08572E-4
-0.00352254
-0.00706191
-0.0105648
-0.0128887
-0.0147309
-0.0168104
-0.0179584
-0.0174616
-0.0165638
-0.0161982
-0.0167073
-0.0171228
-0.0174881
-0.0170629
-0.0158366
-0.0150082
-0.0102418
-0.00391387
0.00363492
0.0111915
0.017537
0.0230487
0.0258412
0.02479
0.0234624
0.0175239
0.0106622
0.00179959
-0.00850211
-0.0155841
-0.0184112
-0.0198803
-0.0150378
-0.0066135
0.0037646
0.0132667
0.0296814
0.0466903
0.0576889
0.0666442
0.072958
0.07634
0.0766053
0.0720614
0.0638136
0.0546266
0.0462737
0.0350907
0.0229446
0.00953583
-0.00316635
-0.0176823
-0.0377431
-0.0488316
-0.0548824
-0.0577662
-0.0557415
-0.0543492
-0.0499877
-0.0458258
-0.0388449
-0.0323487
-0.0278077
-0.0217968
-0.0142795
-0.00421424
0.00790848
0.0198749
0.0284627
0.0331547
0.0351905
0.0320934
0.0244137
0.0105257
-0.00717195
-0.029545
-0.0448054
-0.0507064
-0.0530991
-0.0511985
-0.0454754
-0.0383629
-0.0272333
-0.0163935
-0.00682152
2.14084E-4
0.00523372
0.00836013
0.00885575
0.00715992
0.00411126
0.00392431
0.00425038
0.00554203
0.00874295
0.0131945
0.0178377
0.0219605
0.0257646
0.0262956
0.0271956
0.0281114
0.0244012
0.0208916
0.0166286
0.00897156
0.00161637
-0.00813712
-0.0180997
-0.0247023
-0.0310846
-0.0375928
-0.03675
-0.0326492
-0.024862
-0.012564
0.00200323
0.0107993
0.0134802
0.0130903
0.0126062
0.00863055
0.00346894
-0.00630327
-0.0137446
-0.0206448
-0.0267019
-0.0304752
-0.0336649
-0.0339783
-0.0324798
-0.0309964
-0.0279867
-0.0221339
-0.0140222
-0.00689081
0.00658476
0.0205796
0.0331618
0.0413974
0.0449477
0.0461946
0.0444237
0.0421771
0.0366113
0.0317479
0.0244234
0.018416
0.0122244
0.00516157
-0.00142205
-0.00780463
-0.0138581
-0.0215691
-0.0304571
-0.0345397
-0.0346022
-0.0326082
-0.026063
-0.0185472
-0.0079911
0.00329912
0.0120616
0.0189396
0.023207
0.0257518
0.0260037
0.0239753
0.0217338
0.019858
0.015597
0.0091995
0.00553879
0.00410075
0.00257713
6.48767E-4
-0.00196775
-0.00450843
-0.00678026
-0.0091486
-0.00987777
-0.00943272
-0.00961638
-0.0110311
-0.0116091
-0.0135495
-0.0141969
-0.0150471
-0.0144324
-0.0121843
-0.0105431
-0.00614208
8.65623E-4
0.00656199
0.0109233
0.0150011
0.0143867
0.011138
0.00680047
0.00288698
-0.00606625
-0.0152934
-0.0221033
-0.0327755
-0.0400169
-0.0432195
-0.0455868
-0.045207
-0.0415022
-0.0356127
-0.0300979
-0.0209438
-0.0111945
-0.00284707
0.00920829
0.0184826
0.0280154
0.0391592
0.0479161
0.0561362
0.0612802
0.0656022
0.0668144
0.066543
0.0663771
0.0616543
0.0536757
0.0421168
0.0284363
0.0134377
0.00353202
-6.08404E-4
-0.00277657
-0.0038775
-0.00366669
-0.00657186
-0.00872589
-0.0117762
-0.0151703
-0.0195987
-0.0240539
-0.0283217
-0.0321162
-0.0331555
-0.0303071
-0.0283893
-0.0210639
-0.0128459
-0.00452015
0.00243788
0.00860317
0.0123935
0.0137507
0.0112439
0.00929772
0.00965484
0.00875178
0.0083779
0.00631564
0.00470654
-6.68665E-4
-0.00819892
-0.016013
-0.0234319
-0.0304354
-0.0329859
-0.0334274
-0.0304606
-0.0228122
-0.0131242
-0.00554491
0.00282506
0.0124675
0.0182727
0.0197626
0.0199215
0.0184831
0.0132203
0.00839958
0.00583905
0.0014678
-0.00375538
-0.00583115
-0.00566441
-0.00353179
2.63725E-4
0.00130862
0.00413388
0.00487887
0.00341119
-3.91723E-4
-0.00547756
-0.0101428
-0.0148139
-0.0185005
-0.0203815
-0.0204756
-0.0163347
-0.00984947
-0.00316131
0.00454324
0.0116854
0.0173956
0.0187829
0.0166642
0.0118229
0.00625792
0.00120402
-0.00592021
-0.0126456
-0.0190029
-0.0257969
-0.0313555
-0.0328312
-0.0307761
-0.024034
-0.0143823
-0.00277141
0.0139124
0.0312443
0.0447603
0.0524784
0.0570176
0.0612229
0.0622786
0.0597618
0.0547082
0.0467699
0.0361551
0.0202493
0.00124482
-0.0156286
-0.0277408
-0.0361992
-0.0417067
-0.0437638
-0.042897
-0.0403332
-0.0343754
-0.0278944
-0.0220702
-0.0163309
-0.0137332
-0.0173591
-0.022609
-0.0300405
-0.0405899
-0.0522231
-0.0573118
-0.0609884
-0.0630725
-0.063929
-0.0615234
-0.0556436
-0.0494362
-0.0389119
-0.0233217
-0.00547553
0.00786892
0.0221428
0.0420252
0.0607727
0.0667429
0.0722502
0.0769252
0.0791798
0.0795528
0.0767046
0.0752759
0.0736003
0.0696527
0.0655404
0.0615302
0.056485
0.0482355
0.0395124
0.0287711
0.0141826
-4.93017E-4
-0.00739446
-0.0103846
-0.0132833
-0.0158436
-0.0188272
-0.0234976
-0.0283164
-0.0373129
-0.0460263
-0.0542856
-0.0602953
-0.064207
-0.0666299
-0.0670677
-0.0661262
-0.064576
-0.0632058
-0.0601881
-0.0556108
-0.0499159
-0.0414214
-0.0290945
-0.0176142
-0.00452109
0.00925569
0.0220188
0.0321457
0.041414
0.0511804
0.0559717
0.0612282
0.0644517
0.0647488
0.0647226
0.0652416
0.0645074
0.0637763
0.0632385
0.059003
0.0539063
0.0464848
0.0353502
0.0232184
0.0125275
0.00167112
-0.00386482
-0.00814637
-0.0103204
-0.0106066
-0.00774819
-0.00574839
-0.00430255
-0.00118874
0.0020932
-5.06773E-4
-0.00478019
-0.00933092
-0.0197477
-0.0293532
-0.0355905
-0.0408401
-0.0418139
-0.0413459
-0.0380797
-0.0314528
-0.0255432
-0.0171106
-0.0109742
-0.0070847
-0.00298572
0.0019327
0.00736355
0.012102
0.0181807
0.0235203
0.0287784
0.0328185
0.0335082
0.0300717
0.0255239
0.0164224
0.00383183
-0.0075711
-0.0213817
-0.0324607
-0.0410738
-0.0500223
-0.0565588
-0.0579578
-0.0559169
-0.0502434
-0.04183
-0.0288429
-0.013445
-0.00228169
0.00538899
0.0065957
0.00676301
0.0045299
8.59858E-4
-0.00313677
-0.00550632
-0.00541905
-0.00502055
-0.00266377
0.00263666
0.00489976
0.00945477
0.0136099
0.0168037
0.0189559
0.020771
0.0220199
0.0190453
0.0157706
0.0093886
-0.00155409
-0.0125624
-0.0201021
-0.0239753
-0.028557
-0.0273637
-0.023983
-0.0226131
-0.0179605
-0.0139978
-0.0111132
-0.0092402
-0.00707708
-0.00350698
-0.00188587
7.31707E-4
0.0060125
0.0138148
0.0162952
0.0174912
0.0190429
0.0162489
0.0105564
0.00722124
0.00499834
0.00149059
-0.00150724
-0.00112878
-8.59166E-4
0.00139487
0.0060522
0.0124175
0.0192297
0.027452
0.0312147
0.0316694
0.0303451
0.0269524
0.0220136
0.0158954
0.00946199
0.0072249
0.00574394
0.00600483
0.00715537
0.00633252
0.00635156
0.0043786
5.14045E-4
-0.00491176
-0.0103827
-0.0131902
-0.0150032
-0.0164926
-0.0158287
-0.0153341
-0.0149152
-0.0160834
-0.0157236
-0.0149698
-0.0130424
-0.0115681
-0.0115409
-0.0125247
-0.0119777
-0.0124239
-0.0131875
-0.012326
-0.0113594
-0.00862294
-0.005657
-0.00268858
-0.00132389
6.50093E-4
0.004053
0.00891379
0.0126831
0.0145458
0.0165411
0.0167296
0.015987
0.015591
0.013905
0.0123687
0.0122775
0.0116928
0.0121163
0.0129456
0.0124338
0.0103239
0.00929414
0.00930214
0.00874146
0.00952239
0.0119633
0.0159146
0.0203023
0.0228727
0.0218909
0.0207754
0.0169604
0.0123132
0.00804107
0.00373868
-0.00134675
-0.0067081
-0.00956118
-0.0114008
-0.011305
-0.011143
-0.00670476
0.00165019
0.00989663
0.0149348
0.0189064
0.0234397
0.0243334
0.0228272
0.0219698
0.019588
0.0144143
0.010993
0.00666178
0.00390891
-7.58328E-4
-0.00462388
-0.00798754
-0.016037
-0.0235518
-0.0314107
-0.0367154
-0.041015
-0.0407771
-0.0393754
-0.0356933
-0.0298957
-0.0225477
-0.0159284
-0.00769026
-0.00381424
-6.60415E-4
0.00261349
0.00487968
0.00588176
0.00536021
0.00527796
0.00429675
0.00168876
-0.00120297
-0.00352382
-0.0061759
-0.00836251
-0.0117932
-0.0141265
-0.0162323
-0.0175079
-0.0168095
-0.0161339
-0.0158118
-0.0140406
-0.0122831
-0.0120309
-0.0114568
-0.0117032
-0.0126195
-0.012033
-0.0100118
-0.00878706
-0.00937476
-0.0100909
-0.0119312
-0.014988
-0.0167028
-0.0189894
-0.0222215
-0.02298
-0.0203716
-0.0183691
-0.0158825
-0.0121993
-0.00984622
-0.00920034
-0.00857159
-0.00779027
-0.00718181
-0.00660079
-0.00596827
-0.00800821
-0.0110537
-0.0129899
-0.0190579
-0.0247968
-0.0283695
-0.0303071
-0.0329317
-0.0334683
-0.0297965
-0.0242491
-0.0182636
-0.00752375
0.00167849
0.00948779
0.0182153
0.0263578
0.0321615
0.0372283
0.0394271
0.0407569
0.040923
0.036579
0.0336949
0.0298337
0.0283557
0.0266833
0.0257961
0.026243
0.027276
0.0294605
0.0326881
0.0352132
0.0377821
0.037663
0.0377181
0.0378777
0.0362036
0.0310862
0.0274164
0.0224078
0.0162947
0.0112938
0.00839032
0.00672184
0.00765919
0.00685195
0.00786463
0.00961602
0.0113439
0.0172707
0.0244451
0.0298019
0.0323913
0.0339222
0.0329001
0.0281454
0.0215273
0.013991
0.00806411
0.0022453
-7.13621E-4
-0.00202121
-0.00317358
-0.00311519
-0.00345192
-0.00343391
-0.00357008
-0.00199862
-0.00120449
6.24639E-4
0.0019945
0.00175715
0.00415641
0.00635022
0.0087856
0.012345
0.0148287
0.017957
0.018567
0.0184022
0.0161393
0.0130891
0.00583785
5.802E-4
-0.00350076
-0.00721869
-0.00884052
-0.0102077
-0.0114931
-0.0114106
-0.0114491
-0.0114296
-0.0115357
-0.0114568
-0.0128385
-0.0141829
-0.0169775
-0.0173664
-0.0167752
-0.0168756
-0.0181527
-0.0179178
-0.0157023
-0.015495
-0.0153364
-0.01485
-0.0129155
-0.0118213
-0.00950651
-0.00792104
-0.00665517
-0.00550847
-0.00361486
-0.0018196
-0.00122739
0.00111038
0.00174347
3.89177E-4
-0.0030065
-0.00532538
-0.00896386
-0.0130509
-0.0195381
-0.0242407
-0.0270373
-0.0311459
-0.035391
-0.0358461
-0.0347684
-0.0346941
-0.0325319
-0.0298211
-0.0264404
-0.0213024
-0.0175021
-0.0137572
-0.0100775
-0.00961725
-0.00955716
-0.0104575
-0.0104335
-0.0114953
-0.0139739
-0.0131855
-0.0158841
-0.0185464
-0.0207227
-0.0236487
-0.0253994
-0.0250473
-0.0238933
-0.0227158
-0.0218604
-0.0194911
-0.0159577
-0.011303
-0.00907716
-0.00647035
-0.00220479
0.00201975
0.00330425
0.00446441
0.00395342
0.00260536
0.00181111
6.23921E-4
-0.00165558
-0.00346716
-0.00305184
-0.00264514
-8.42297E-6
0.00410461
0.00649181
0.0096096
0.014403
0.0186001
0.0191672
0.0214256
0.0212971
0.0209654
0.0176054
0.0142021
0.0114997
0.00604404
0.00341159
1.90695E-5
-0.00236606
-0.00470686
-0.00426294
-7.13502E-4
0.00364041
0.00619714
0.00988533
0.0135565
0.0154053
0.0157032
0.0144154
0.0128494
0.0100848
0.00647185
0.00602856
0.00553472
0.00396002
0.00388948
0.00421636
0.00402884
0.00470412
0.00616558
0.00746327
0.00834862
0.00978235
0.0106417
0.0119758
0.0119258
0.0127591
0.0124004
0.0124999
0.0127016
0.0103355
0.0102951
0.00747875
0.00499919
0.00210539
6.35002E-4
-0.0013491
-0.00285358
-0.00224317
-1.86167E-4
0.00191536
0.00359766
0.006459
0.00647146
0.00752829
0.00686708
0.00541263
0.00342496
6.44101E-4
-2.19181E-4
-0.00340669
-0.00607751
-0.00566885
-0.00518581
-0.00371451
7.65615E-4
0.00604784
0.0108684
0.0163317
0.0223679
0.0265417
0.0301463
0.0312444
0.0331041
0.0313372
0.0272071
0.0223511
0.0186331
0.0170281
0.0140517
0.0116194
0.011189
0.00762997
0.00491649
0.0019079
0.00123086
-0.00118554
-0.00352807
-0.00105631
8.00378E-4
7.32257E-4
2.87381E-4
5.7255E-4
2.14945E-4
-9.62552E-5
-0.00281231
-0.00417323
-0.00654529
-0.00876952
-0.0119236
-0.0147391
-0.0165107
-0.0185963
-0.0191379
-0.0199474
-0.0199595
-0.0191428
-0.0174926
-0.0154547
-0.0149924
-0.0143671
-0.0137708
-0.0123976
-0.00937602
-0.00768644
-0.00597884
-0.00321704
-0.0021785
3.21876E-4
0.00291294
0.00539666
0.00803964
0.0113041
0.0131506
0.0152988
0.0148632
0.015489
0.0140395
0.0136271
0.0137316
0.0119411
0.0112937
0.0107212
0.00834495
0.00773896
0.0054991
0.00253501
0.00129128
0.00199668
0.00253803
0.00171709
0.00417454
0.00612617
0.00717524
0.00940978
0.0115196
0.0132724
0.0152757
0.0186412
0.0205436
0.0201603
0.0215415
0.0218931
0.0190777
0.0153754
0.0116699
0.00688303
0.00257588
-0.00284599
-0.0064036
-0.00734202
-0.00955592
-0.0116158
-0.0112478
-0.0111287
-0.00938223
-0.00906523
-0.00747126
-0.00483616
-0.002259
-5.31521E-4
8.9389E-4
0.00262747
0.00231699
0.00180201
8.91465E-6
-0.00298785
-0.00574083
-0.00820232
-0.0117679
-0.0154679
-0.0159135
-0.015912
-0.0171724
-0.0182003
-0.0188826
-0.0197959
-0.0201092
-0.0199594
-0.0217912
-0.0229285
-0.0232566
-0.0250318
-0.0249023
-0.0238931
-0.023239
-0.0214911
-0.0194426
-0.0187821
-0.0169128
-0.0175932
-0.0172381
-0.0177307
-0.0197753
-0.0229097
-0.0226097
-0.0231807
-0.0252948
-0.0241095
-0.0229113
-0.0212431
-0.0171673
-0.0158814
-0.015571
-0.0144888
-0.0137271
-0.0129902
-0.012334
-0.011568
-0.0109109
-0.0102206
-0.00956295
-0.00893839
-0.008217
-0.00757438
-0.00561161
-0.00432831
-0.00354819
-6.57093E-4
0.00234116
0.00498
0.00887487
0.0110817
0.0142104
0.0172169
0.0188945
0.0226127
0.0250285
0.0240584
0.0216105
0.0213557
0.0192614
0.0157481
0.0114912
0.0109425
0.00968429
0.00916413
0.0103214
0.0129952
0.0150244
0.0170147
0.0180311
0.0184043
0.0178785
0.0167924
0.0147078
0.0139743
0.0136724
0.0143898
0.0150422
0.0162144
0.0176483
0.0178538
0.019604
0.0166729
0.0139944
0.0118007
0.00757519
0.00417938
0.00329617
0.00230148
0.0022688
0.00357965
0.00350902
0.00305993
0.00302079
0.00273812
0.00274433
0.00141867
-6.74173E-5
-0.00148344
-0.00264295
-0.00443919
-0.00730918
-0.00837995
-0.0092866
-0.00867737
-0.00690188
-0.00283547
0.00191963
0.00397602
0.00756337
0.00907974
0.0100955
0.00918471
0.00718501
0.00436336
6.39539E-4
-3.59352E-4
-0.00184339
-0.00239176
-0.00234778
-0.00228011
-6.57923E-4
0.00152779
0.00116788
0.00303889
0.00412326
0.00258579
0.00206416
5.54745E-4
-8.42197E-4
-0.00338625
-0.00599154
-0.00833422
-0.0109587
-0.0123092
-0.0141141
-0.0160975
-0.0154615
-0.0149038
-0.0145838
-0.0142172
-0.0136148
-0.0131067
-0.0110278
-0.0104477
-0.0119005
-0.0115878
-0.0109661
-0.0121427
-0.014907
-0.0174303
-0.018954
-0.0206951
-0.0200201
-0.0191948
-0.0202012
-0.0189572
-0.0163634
-0.0156407
-0.0149358
-0.0120388
-0.0099538
-0.00999288
-0.00814376
-0.00730607
-0.00517158
-0.00249823
-0.0012706
0.00114962
0.00415793
0.00676616
0.0105876
0.0118697
0.01372
0.0149754
0.0145058
0.0141112
0.0139777
0.0128428
0.0111305
0.00958488
0.00821751
0.00696204
0.00767812
0.00817841
0.00760599
0.0102323
0.0118761
0.0114717
0.0134861
0.0148183
0.0142467
0.013796
0.0147933
0.0132696
0.0138387
0.0180229
0.0182306
0.0169426
0.0166979
0.0137693
0.00947281
0.00648902
0.00228507
-0.00107396
-0.00225645
-0.00481784
-0.00522171
-0.00340758
-0.0024009
-4.02571E-5
0.00233188
0.00517814
0.00830978
0.0104105
0.0124137
0.0135143
0.0128852
0.0120575
0.00970977
0.00711981
0.00676799
0.00416259
0.00153885
0.00176206
0.0014282
0.00130536
-8.64797E-5
-0.00132865
-0.00274919
-0.00341204
-0.00336717
-0.00338046
-0.00346244
-0.00193137
-0.00148468
-0.00271465
-0.00232428
-0.00336596
-0.00362731
-0.00335262
-0.00341644
-0.00275226
-0.00134653
-0.00129425
-1.41109E-4
8.73777E-4
3.64327E-4
4.66877E-4
2.25502E-4
1.92567E-4
-0.00152417
-0.00246542
-0.00412084
-0.00411614
-0.00630869
-0.00852365
-0.00804601
-0.0075832
-0.008452
-0.00856103
-0.00712668
-0.00704947
-0.00851533
-0.00859966
-0.00892037
-0.0101833
-0.00990402
-0.0124145
-0.0134784
-0.0123496
-0.0131381
-0.0138893
-0.014641
-0.0147541
-0.014015
-0.0134616
-0.0128549
-0.0122049
-0.0101395
-0.0083824
-0.0066971
-0.00588594
-0.00567893
-0.00229327
-5.69922E-4
-8.8748E-4
2.39911E-4
0.00299754
0.00418758
0.00429925
0.00757525
0.00820685
0.00948605
0.0121128
0.0116075
0.0111905
0.0110223
0.00998918
0.00704448
0.00589153
0.00584281
0.00568368
0.00527633
0.00537549
0.00282198
6.0013E-4
0.00112643
4.44583E-4
-2.93727E-4
0.00104521
0.00126253
9.53518E-4
0.00115764
0.00109036
0.00214029
0.00338006
0.00314098
0.0015314
0.00112173
0.00139769
0.00119299
0.00122628
0.001431
0.00346934
0.00527949
0.00613706
0.00718345
0.00707273
0.00646869
0.00484844
0.00432982
0.00448249
0.00280228
0.00175305
0.00158517
-8.19746E-4
-0.00241991
-0.00334525
-0.00435026
-0.00402159
-0.00388185
-0.00365142
-0.00349456
-0.00323177
-0.00463855
-0.00510838
-0.00451522
-0.00442416
-0.00300559
-0.00157339
1.83176E-4
0.00288365
0.00545226
0.00683249
0.00779811
0.00853378
0.00688138
0.0078952
0.00715905
0.0053163
0.00670372
0.00752182
0.00673666
0.00742427
0.00861841
0.00959907
0.0114301
0.0117935
0.01097
0.0107922
0.00906441
0.00760764
0.00550199
0.00319642
0.00195891
-4.21576E-4
-0.00320592
-0.00380598
-0.00365238
-0.00359962
-0.00367929
-0.0034833
-0.00336533
-0.00167293
-0.00101627
-0.00207206
-0.00242277
-0.0010084
-0.00266226
-0.00307915
-0.00117425
2.95519E-5
0.0010774
0.0025889
0.00654653
0.00906365
0.00925657
0.0104973
0.00996905
0.00924562
0.00541467
0.00486419
0.00562569
0.00394751
0.00340394
0.00349129
0.00304891
0.00289641
0.00245605
0.00227694
4.89902E-4
-6.75314E-4
-0.00223492
-0.00328162
-0.00579741
-0.00692053
-0.0096848
-0.0109073
-0.010289
-0.0101466
-0.00990121
-0.00957729
-0.0085579
-0.00522255
-0.0045824
-0.00374973
-0.00223139
-0.00210668
-5.97045E-4
-8.21017E-5
-4.33853E-4
8.38509E-4
0.00177102
0.00149169
0.00124266
0.00136751
-3.95447E-5
-0.0014556
-0.00270023
-0.00422995
-0.0071711
-0.00760171
-0.0069186
-0.00714911
-0.00721541
-0.00801248
-0.00636911
-0.0071232
-0.00826467
-0.00776054
-0.0073675
-0.00787199
-0.0090299
-0.00759737
-0.00609415
-0.00629032
-0.00542321
-0.00302065
0.00107965
0.00315819
0.0044853
0.00677424
0.0068563
0.00644828
0.00506402
0.0037439
0.00346523
0.00171549
0.00190228
0.00459307
0.00539079
0.00474727
0.00516721
0.00590943
0.00436527
0.00388998
0.00236471
-3.29509E-4
-0.00123152
-0.00259248
-0.00281564
-0.0027305
-0.00272401
-0.00274106
-0.00263954
-0.00264253
-0.00254343
-0.00258641
-0.00239931
-0.00301664
-0.00420698
-0.00545882
-0.00637573
-0.00764552
-0.00796332
-0.00773501
-0.00648254
-0.00511935
-0.00351362
-0.00227231
-2.48943E-4
0.00174636
0.00250258
0.00495919
0.00592822
0.00705139
0.00732267
0.00687569
0.00663231
0.00635753
0.00604638
0.00532072
0.00277765
0.00102643
-2.70205E-4
-0.00278894
-0.00377165
-0.00502325
-0.00536344
-0.00468908
-0.00380803
-0.00292234
-0.00275508
-0.00266153
-0.0026059
-0.00247695
-0.00249626
-0.00236816
-0.00236759
-0.00214168
-0.00220333
-0.00215069
-0.0036138
-0.00461727
-0.0058101
-0.00675938
-0.00899165
-0.009664
-0.0086779
-0.00685107
-0.00642546
-0.00517284
-0.00351613
-0.00331535
-0.0015855
-9.78475E-4
-0.0010974
-9.49233E-4
-8.01957E-4
-8.20928E-4
-1.12195E-4
6.49728E-4
-6.653E-4
6.6096E-4
0.00207047
0.00325384
0.00364168
0.00338422
0.00344033
0.00313022
0.00148697
0.00141291
0.00331422
0.003043
0.00422258
0.00544303
0.00618242
0.00485179
0.00422772
0.00445554
0.00263811
0.00152081
-4.83619E-4
-0.00315252
-0.00546284
-0.0064044
-0.00599502
-0.00588139
-0.00566841
-0.00542318
-0.0051234
-0.00490675
-0.00466199
-0.00427613
-0.00482606
-0.0060491
-0.00698952
-0.00725931
-0.00562039
-0.00654265
-0.00654218
-0.0059031
-0.0043092
-0.00319365
-0.00329358
-0.00273134
-0.0034627
-0.00443895
-0.00408569
-0.0036082
-0.00290212
-1.25193E-4
0.0014082
0.00270556
0.0036287
0.00348393
0.00363044
0.00267973
0.00152961
0.00172636
0.00182509
0.00182329
0.0018553
0.00199537
0.00218088
0.00378032
0.0049664
0.00617783
0.0063556
0.00610756
0.00615814
0.00607521
0.00601717
0.00583873
0.00578387
0.0056263
0.00556652
0.00537275
0.00600462
0.00835176
0.00944391
0.00886438
0.00877119
0.00851157
0.00838201
0.00689498
0.00555667
0.00552482
0.00595411
0.00719207
0.00712917
0.0080066
0.00886647
0.00874097
0.00947413
0.00786582
0.00731757
0.00723356
0.00661433
0.00473073
0.00439728
0.0024245
-4.09581E-4
-4.50673E-4
-0.0035455
-0.00516233
-0.00683915
-0.00931655
-0.0113029
-0.0118942
-0.0132171
-0.0148165
-0.0141614
-0.0122508
-0.00932944
-0.00847248
-0.00799875
-0.00769819
-0.00487891
-0.00231035
-0.00240734
-0.00224913
-0.00183795
-0.00166532
-0.00146541
3.00429E-4
0.00283808
0.00312678
0.00292393
0.00311757
0.00310559
0.00309689
0.00297971
0.00311645
0.0029061
0.00533545
0.00756596
0.0089229
0.01075
0.011479
0.0124045
0.0106953
0.00929822
0.00937798
0.00825324
0.00655682
0.00501666
0.00393901
0.00402859
0.00615059
0.00766238
0.00834976
0.00923169
0.0102786
0.0106968
0.00991651
0.00974004
0.00807254
0.0067466
0.00674949
0.00810563
0.00783835
0.00834771
0.0105238
0.0108229
0.0108544
0.0137082
0.0135124
0.0124283
0.0119921
0.0114109
0.0107023
0.0100588
0.0094485
0.00882497
0.0085554
0.00908825
0.00746114
0.00627862
0.00733251
0.00630282
0.00464763
0.00451275
0.00328037
0.00140942
-3.45065E-4
-0.0028816
-0.00426821
-0.00496925
-0.00504446
-0.00622034
-0.00652287
-0.00631078
-0.00662892
-0.00648787
-0.0075662
-0.00868346
-0.00859779
-0.00889727
-0.0106201
-0.0106708
-0.0114907
-0.0139012
-0.0146161
-0.0160767
-0.0177528
-0.0182952
-0.020338
-0.0205929
-0.0201617
-0.0217934
-0.0230675
-0.0220077
-0.0228362
-0.0227998
-0.0196198
-0.0169851
-0.0156495
-0.0124968
-0.00943394
-0.00689646
-0.00593144
-0.0040778
-0.00492326
-0.00594065
-0.00724676
-0.00726981
-0.00866362
-0.0101176
-0.00975649
-0.0102513
-0.0100315
-0.00886007
-0.00716134
-0.00554428
-0.00423488
-0.00402456
-0.00395262
-0.00280309
-0.0011944
-0.00108471
-0.00119009
-7.73321E-4
-0.00150264
-0.00184121
-0.00163472
-0.00260505
-0.00243805
-0.00208534
-0.00206905
-0.00184611
-0.00165348
-0.00139473
-0.00161361
-0.00365456
-0.00532917
-0.00472493
-0.00441969
-0.00418833
-0.0041156
-0.0029441
-0.00154459
7.5751E-5
-2.78903E-4
-5.10689E-4
6.67959E-4
-1.85133E-4
-0.00162276
-0.00227784
-0.00204151
-0.00135288
9.69731E-4
0.00295273
0.00275738
0.00438939
0.00553671
0.00681194
0.00701325
0.00690289
0.00689896
0.00826738
0.00880104
0.00768108
0.0062619
0.00613684
0.00608234
0.00588223
0.00512114
0.00429976
0.00551042
0.00552166
0.00522028
0.00526008
0.00512826
0.00502506
0.0048553
0.00481901
0.00431873
0.00290057
0.0016598
4.72066E-4
3.11333E-4
6.45752E-4
4.54829E-4
7.04875E-4
6.36349E-4
9.13123E-4
0.00105454
0.00428495
0.00516361
0.00483619
0.00373064
0.00394376
0.00491494
0.00420744
0.00246416
0.00237063
0.00246118
0.00214499
8.91521E-4
0.00193694
0.00260037
0.00212097
0.00218328
7.56427E-4
9.79983E-5
2.82861E-4
3.0443E-4
-9.27118E-4
-0.00324937
-0.00371642
-0.00310669
-0.0039168
-0.00521679
-0.00483764
-0.00442938
-0.00437037
-0.00403244
-0.00456301
-0.0055263
-0.00515505
-0.0047981
-0.00457297
-0.00433652
-0.00391042
-0.00356733
-0.0018291
-9.17633E-4
-2.91278E-4
0.00145604
0.00168552
0.00166242
0.00188722
0.0019687
0.00198476
0.00303205
0.00560743
0.00632231
0.00602079
0.00615547
0.00618431
0.00596045
0.00587545
0.00573934
0.00535999
0.00280403
0.00127816
0.00155617
0.00161461
0.00139166
0.00164226
6.75185E-4
6.15194E-4
0.00194357
0.00188814
0.00175078
0.00192012
0.00195583
0.00206707
0.00217902
0.00387873
0.00375304
0.00192618
0.00205426
0.00232222
0.00214782
0.00214251
0.00225829
0.00227789
0.00339757
0.00589337
0.00638243
0.00598282
0.00595768
0.00587341
0.00577924
0.00563277
0.00592853
0.00659766
0.00522359
0.00489136
0.00496302
0.00470236
0.0045396
0.00443985
0.00430478
0.00415116
0.00397565
0.00385899
0.00366301
0.00361272
0.00345876
0.00338297
0.0035009
0.00510477
0.00502984
0.00582124
0.00548851
0.00426874
0.00382394
0.00294084
0.00294992
0.00172061
0.0014455
0.00154986
0.00133066
0.0013542
1.98134E-4
-0.0010055
-7.17757E-4
8.57074E-4
6.05853E-4
-0.00213766
-0.00339252
-0.00297894
-0.00278614
-7.35573E-4
0.00122791
0.00108407
9.41203E-4
0.00102515
0.00103423
7.15112E-4
0.00168741
0.00169818
2.9832E-4
5.07186E-4
-1.22523E-4
-0.00161403
-0.00198252
-0.00170817
-0.00324219
-0.00228362
-9.76978E-4
3.30484E-4
3.41251E-4
0.00176755
0.00397112
0.00423848
0.00364011
0.00468089
0.00562614
0.00513445
0.0031003
0.00268296
0.00165034
8.64605E-5
-0.00151426
-0.002173
-0.00228962
-0.00141656
-3.7132E-4
8.20909E-4
4.01939E-4
5.96482E-4
-2.52788E-4
-0.00178934
-0.00300693
-0.00316798
-0.00447611
-0.00582453
-0.0069641
-0.00712202
-0.00809333
-0.0105332
-0.0106503
-0.0102396
-0.00998998
-0.00984029
-0.00798336
-0.00546683
-0.00394959
-9.19759E-4
-2.48512E-4
-7.04284E-4
0.00122122
0.0029245
0.00222512
0.00291696
0.0033488
0.00270292
0.00274672
0.00242414
0.00244066
0.00197792
0.00201846
0.00156812
0.00164654
0.00113231
0.00133433
-2.42042E-4
-0.00126256
-0.00288139
-0.00423987
-0.00740736
-0.00747646
-0.00838862
-0.00947968
-0.010804
-0.0104732
-0.00884349
-0.00730229
-0.00738119
-0.00832595
-0.00942733
-0.0101047
-0.0120376
-0.0130289
-0.0123319
-0.0122426
-0.0134343
-0.0132843
-0.0124541
-0.0122239
-0.0130167
-0.0132692
-0.0121328
-0.0120121
-0.00890609
-0.00762333
-0.00675383
-0.00553827
-0.0051594
-0.00597223
-0.00675225
-0.00626793
-0.00737649
-0.00737509
-0.00670909
-0.00628871
-0.00589798
-0.00542909
-0.00450965
-0.00181708
-3.7403E-7
1.17977E-4
0.00212969
0.00462993
0.00480183
0.00468242
0.00491792
0.00502224
0.00497277
0.00492522
0.0056394
0.00705811
0.00696296
0.00826023
0.00878835
0.00917294
0.00948142
0.00809578
0.00794954
0.00785996
0.00766797
0.00673575
0.00532657
0.00525443
0.00523087
0.00506973
0.00440832
0.00296352
0.00288258
0.00301056
0.00294776
0.00295613
0.00295553
0.00295901
0.00298679
0.00302956
0.00305792
0.00306565
0.00302799
0.00300926
0.00298897
0.00293569
0.00298339
0.00226201
0.00100122
0.00109925
0.00134807
0.00135636
0.00136184
0.00145037
0.00148108
0.00151213
0.00180882
0.00322199
0.00350458
0.00321918
0.00329694
0.00322937
0.00315142
0.00351318
0.00485772
0.00379816
0.00262977
0.00279554
0.00278494
0.00255221
0.00254365
0.00152737
7.27617E-4
9.2338E-4
9.01969E-4
8.67783E-4
8.72114E-4
9.13754E-4
9.30634E-4
8.74157E-4
0.00148375
0.00190458
8.75159E-4
0.00201419
0.00267919
0.00269202
0.00445783
0.00542062
0.0059051
0.00629281
0.00615346
0.00710293
0.00614054
0.00481832
0.00361975
0.00290728
0.00232578
0.00107862
8.82913E-4
0.00179032
0.00217017
0.00180956
0.0017113
0.00157833
0.00222879
0.00368951
0.00383663
0.00335336
0.00315896
0.00289369
0.00179495
0.00114394
0.00150833
-4.35776E-4
-9.87503E-4
-7.62235E-4
-0.00100202
-0.00109281
-0.00121486
-0.00118156
-0.00194237
-0.00262352
-0.00249435
-0.00273377
-0.00367778
-0.00372347
-0.00348742
-0.00350447
-0.00335783
-0.00328546
-0.00314918
-0.00313212
-0.00304168
-0.00379322
-0.00418773
-0.00507732
-0.0057568
-0.00544249
-0.0051746
-0.00480691
-0.0037813
-0.00334313
-0.00333307
-0.00241694
-0.00178441
-0.0016046
-7.91165E-4
-5.82657E-4
-6.6265E-4
-6.07663E-4
-5.43283E-4
-8.29233E-4
-0.00112727
-4.94938E-4
-4.23998E-4
-0.00116534
-0.00141521
-0.00119149
-0.00116432
-0.00105292
-0.00159967
-0.00183104
-0.00161207
-0.00149972
-0.00177474
-0.00206523
-0.00131494
-7.60596E-4
-2.7819E-4
2.20831E-4
6.53038E-4
7.05753E-4
0.00124824
0.00195722
0.00179675
0.00168119
0.00118681
7.76445E-4
2.58291E-4
1.01607E-4
-1.097E-4
-5.1007E-4
-4.56529E-4
-4.02731E-4
-4.02211E-4
-1.86697E-4
2.41116E-4
2.25264E-4
9.03392E-4
0.00121689
0.00111583
0.00160901
0.00181442
0.00159063
0.00141581
0.00129363
0.00112673
9.76015E-4
8.30749E-4
7.09248E-4
5.08187E-4
1.34823E-4
-5.88133E-6
-3.1035E-5
-1.36011E-4
-1.79196E-4
-2.68312E-4
-1.76221E-4
-1.84663E-4
-4.20576E-4
-6.72552E-4
-7.55051E-4
-7.43426E-4
-7.43121E-4
-7.54271E-4
-7.36138E-4
