5.84245E-5
6.40285E-6
8.39212E-5
-4.97005E-5
7.28558E-4
8.79516E-4
5.85754E-4
7.76493E-4
2.11411E-4
9.20694E-5
-4.15522E-5
2.64446E-4
9.96804E-4
0.00104372
0.00100088
0.00106616
8.57058E-4
7.39623E-6
1.26735E-4
-6.05627E-4
-9.85069E-4
-9.1265E-4
-9.25912E-4
-9.62634E-4
-7.53535E-4
6.45032E-5
3.39016E-5
5.94E-5
6.24584E-5
-8.23832E-5
-0.00101364
-2.54766E-4
9.2032E-5
5.83704E-5
1.65488E-5
2.46047E-4
0.00102533
0.0010702
8.58043E-4
5.6321E-5
5.73394E-5
7.56978E-5
2.87763E-5
1.09355E-4
-1.10068E-5
1.77692E-4
-6.4341E-4
-8.88212E-4
-0.00112791
-0.00184191
-0.0020041
-0.00106672
1.33821E-4
2.67193E-5
8.79178E-5
5.32363E-5
8.17947E-5
3.38532E-5
6.52992E-4
0.00130375
0.00202591
0.00144553
9.24306E-4
0.0011487
9.57963E-4
0.00116094
8.0904E-4
1.23598E-4
2.15968E-5
1.54195E-4
-1.68126E-4
-2.90528E-4
1.87851E-4
-1.81906E-5
1.90908E-4
-6.11833E-4
-9.07635E-4
-0.00106268
-0.00190622
-0.00186032
-0.0017981
-2.06902E-4
5.42164E-5
3.03095E-4
4.38753E-4
1.64721E-5
-4.58849E-4
-0.00107187
-6.31232E-4
3.17664E-5
1.05205E-4
9.19435E-5
-4.96598E-4
-0.00103006
-7.80161E-4
-0.00102904
-1.87544E-4
7.15351E-5
2.64314E-4
0.00107113
0.00106093
0.00106705
0.00107419
0.00105685
0.00108541
0.00104256
0.00112008
8.77321E-4
1.0518E-4
-4.56841E-4
-0.00162678
-0.00186546
-0.00191443
-0.00167473
-9.04628E-4
-7.5877E-4
2.87749E-4
0.00106907
0.00106091
0.00109252
0.00104662
0.00112516
8.87501E-4
8.88399E-5
1.13319E-4
6.33373E-5
2.58156E-4
0.00111495
0.00102111
0.00114963
8.81371E-4
-1.41906E-5
-0.00109029
-0.00184611
-0.00134427
1.94643E-5
0.00112922
9.22162E-4
-6.41795E-5
-0.0010189
-0.00202972
-0.00288346
-0.00221944
-0.00166457
-2.66147E-4
1.55112E-4
2.2855E-4
6.96729E-4
9.56828E-4
0.00114247
0.00159432
0.00229404
0.0012873
0.00115368
9.51721E-4
0.0013995
0.0017667
0.00176772
0.00208086
0.00212165
0.00142601
5.12092E-4
-7.89429E-4
-0.00185023
-0.00201955
-0.00283555
-0.00284983
-0.00268256
-0.00169928
-6.99678E-4
1.20401E-4
8.16399E-5
1.56099E-4
-7.54425E-5
-8.75124E-4
-8.62885E-4
-8.60846E-4
-9.10827E-4
-2.57008E-4
2.13211E-4
1.94094E-5
3.28468E-4
0.00106389
0.00155349
0.00103532
-1.26456E-4
-8.18018E-4
-9.12879E-4
-8.0068E-4
-0.00107098
-0.00183496
-0.0018523
-0.00183394
-0.00187372
-0.00170441
-6.77268E-4
1.06091E-4
1.2445E-4
-1.32511E-5
-0.00106793
-0.00182375
-0.00187475
-0.00126887
-1.73397E-4
2.91722E-4
0.00115668
8.7822E-4
1.58099E-4
-5.20221E-5
-8.93523E-4
-8.16004E-4
-9.36365E-4
-6.42606E-4
5.91525E-5
7.29292E-4
0.00171665
0.00281111
0.00246941
0.00199307
0.00209915
0.00211546
0.00144022
0.0010669
5.12022E-4
1.52809E-5
1.693E-4
9.58588E-5
1.12178E-4
1.64197E-4
-8.77443E-5
-8.06845E-4
-0.00149331
-0.00189213
-0.00195741
-0.00290193
-0.00260409
-0.00186663
-0.00171465
-6.53853E-4
1.02985E-4
2.54645E-5
-0.00113938
-0.0010588
8.01682E-4
0.00171458
0.00222254
0.00140552
5.20158E-4
-2.12203E-4
-1.54064E-4
1.03995E-4
7.51694E-4
0.00114337
0.00123721
0.00211543
0.00206647
0.00196957
8.95508E-4
1.27447E-4
1.52946E-4
-4.73335E-4
-9.99656E-4
-6.00837E-4
4.17621E-5
7.56781E-4
0.00119946
4.77299E-4
1.97838E-6
2.64117E-4
-6.18183E-4
-6.74284E-4
6.31747E-5
7.70034E-4
0.00114131
0.00112601
0.00101585
0.00180635
0.00192773
0.00114335
8.77127E-4
7.65946E-4
6.16006E-4
-6.03915E-4
-0.00145562
-0.0019799
-0.00116288
-7.77319E-4
-0.00146684
-0.0024797
-0.0034997
-0.003311
-0.0019391
-1.26564E-4
0.00198994
0.00312213
0.00246831
0.00182469
0.00114435
0.00108111
0.00112905
0.00107805
0.00114537
9.50547E-4
-5.00737E-5
-8.65055E-4
-8.38535E-4
-7.81416E-4
9.50543E-4
0.00216026
0.00203786
0.00202358
3.87499E-4
2.70199E-4
0.00113312
0.00106988
0.0011627
4.91535E-4
-7.96654E-5
-0.00144239
-0.00193709
-0.00176165
-0.00190343
-0.00165659
-6.9269E-4
1.48809E-4
8.76081E-5
2.82427E-4
0.00118207
8.67906E-4
2.00825E-4
-3.17583E-6
9.86223E-4
0.0021072
0.00214188
0.00142278
0.00111474
8.85239E-4
7.62839E-4
0.00114942
0.0016788
0.00222552
0.00145338
4.40515E-4
6.41341E-5
1.69193E-4
8.75926E-5
6.09832E-4
6.31111E-5
-0.00117823
-0.00353341
-0.00562543
-0.00684025
-0.00595795
-0.00396487
-0.00200647
-1.84755E-4
3.21164E-4
0.00114634
0.00102496
0.00178384
0.00200824
4.93541E-4
-5.4992E-4
-8.75301E-4
-0.00140876
-0.00208094
-0.00334778
-0.00397508
-0.00296936
-0.00146996
2.91575E-4
0.00166449
0.00281097
0.00309351
0.00307209
0.00305067
0.00321897
0.00412371
0.00382893
0.00312003
0.00290481
0.00197049
3.78266E-4
-0.00168111
-0.00348039
-0.0037354
-0.00200854
-1.69477E-4
1.97722E-4
-4.39778E-4
-0.00159544
-0.00115072
0.00103208
0.00226424
0.00311084
0.00300986
0.00318734
0.00218366
-0.0013078
-0.00369053
-0.00484007
-0.00464423
-0.00558467
-0.00681683
-0.00655061
-0.00546635
-0.00303365
-9.8345E-4
3.3133E-4
0.00117385
4.35368E-4
6.77108E-4
0.00177565
0.00281911
0.00237541
4.30265E-4
-0.001062
-0.00207588
-0.00149448
-9.64077E-4
-6.24418E-4
2.45642E-4
0.00129726
0.00268548
0.0026712
0.0011157
1.75259E-4
9.56981E-5
1.73218E-4
6.37317E-4
0.00150432
0.00135846
0.00114221
0.00104225
0.00135131
0.00204491
0.00218567
0.00134825
-7.05008E-4
-0.00201367
-0.00337333
-0.00391801
-0.00355081
-0.00229213
-9.43691E-4
3.42528E-4
0.00111059
0.00164201
0.00299555
0.00410837
0.00401554
0.00412061
0.0038809
0.0029578
0.00189904
0.00116158
9.62682E-4
9.67016E-5
2.35421E-4
-6.21379E-4
-0.00262364
-0.00450044
-0.0041771
-0.00367118
-0.0038354
-0.00373442
-0.0038048
-0.00374768
-0.00382214
-0.0030806
-8.83525E-4
1.24235E-4
2.08894E-4
-8.69065E-5
-6.51987E-4
1.57893E-4
1.34432E-4
1.34432E-4
6.98491E-4
0.00186231
0.00209997
0.00216525
0.00147471
9.50429E-4
-7.16117E-5
-6.33632E-4
1.07907E-4
7.66827E-4
0.00119013
0.00122787
0.00229683
0.00323216
0.0040961
0.00403694
0.00409202
0.00404408
0.00410426
0.00390434
0.00304448
0.0031679
0.00244982
0.00150836
2.9558E-4
-0.0014629
-0.00248392
-0.00284194
-0.00279298
-0.00221362
-0.00167404
-0.00192496
-0.00169036
-0.00196576
-0.00147718
-0.00158224
-0.0011059
9.88155E-4
0.00238657
0.00234067
2.71093E-4
-9.45767E-4
-4.00074E-5
0.00181741
0.00215911
0.00207445
0.00215401
0.00196429
4.2511E-4
-0.00221567
-0.00540215
-0.00808169
-0.00783689
-0.00583769
-0.00227177
-1.47113E-4
3.36367E-4
0.00169807
0.00239371
0.00250285
0.00127885
-8.18348E-5
-8.19295E-4
-7.08115E-4
4.40404E-4
0.00290982
0.00415218
0.00402162
0.003582
0.00217542
0.00100854
-6.10198E-4
-0.00209124
-0.00261348
-0.00112836
0.00151956
0.00207648
3.7716E-4
-0.00181584
-0.00402414
-0.00471672
-0.0042108
-0.00347436
-0.00234012
-8.62143E-4
1.50717E-4
-3.75604E-4
-0.00119772
-0.00108144
-8.49905E-4
-7.45865E-4
-0.00109471
-0.00117121
-2.38926E-4
0.00100853
0.00217745
0.00194081
9.64673E-4
-4.09267E-4
-0.00154759
-0.00194335
-0.00302761
-0.00369877
-0.00388951
-0.00296233
-0.00119161
-5.02297E-5
0.00193367
0.00379313
0.00344531
5.69929E-4
-9.84551E-4
2.32085E-5
0.00375437
0.00633191
0.00640331
0.00517829
0.00346265
0.00223967
0.00103913
0.00128189
0.00273335
0.00311483
0.00322397
0.00408281
0.00406241
0.00349222
0.00239674
0.00147058
9.19784E-4
-5.51056E-4
-0.00270224
-0.00439646
-0.00489218
-0.0041027
-0.0031898
-0.0019913
-5.22781E-5
0.00181534
0.0021193
0.00209176
0.00209584
0.00200914
2.119E-4
-0.00314186
-0.0040415
-0.00475244
-0.00526958
-0.00670982
-0.00701786
-0.00477386
-0.00182912
7.87178E-4
0.00172456
0.00275272
0.0031801
0.0023794
0.0021907
0.00314032
0.00287104
0.00197446
3.72036E-4
-0.00170978
-0.00302558
-0.00378446
-0.00390176
-0.00502478
-0.0055613
-0.00477896
-0.00427916
-0.00235545
3.95144E-5
0.00117171
4.70974E-4
-5.18426E-4
-0.00102843
6.87345E-6
0.00109827
0.00169395
0.00216723
0.00195405
1.76192E-4
-0.00256557
-0.00288279
-0.00219123
-0.00232587
-0.00319185
-0.00305211
-4.34789E-4
0.00197649
0.00368499
0.00409503
0.00399303
0.00402669
0.00415317
0.00517827
0.00613197
0.00700509
0.00638391
0.00516297
0.00326475
6.56609E-4
-0.00178833
-0.00344889
-0.00395583
-0.00307455
-4.59272E-4
0.00198567
0.00364011
0.00413073
0.00390837
0.00414807
0.00320049
0.00137877
0.00110337
0.00246507
0.00398283
0.00392061
0.00223251
4.18947E-4
-5.57193E-4
-0.00101823
-1.25734E-4
0.00188061
0.00372375
0.00339837
3.98546E-4
-0.00278385
-0.00387015
-0.00380793
-0.00388647
-0.00366309
-0.00325713
-0.00313474
-0.00380283
-0.00379569
-0.0018985
3.30205E-4
0.0010136
5.48484E-4
-8.37696E-4
-0.00191788
-0.00187096
-0.00190462
-0.0018679
-0.00202906
-0.00305824
-0.00437098
-0.0057286
-0.00683224
-0.00669454
-0.00449236
-0.00137014
9.36083E-4
0.00208562
0.00187856
2.88383E-4
-0.00118552
-0.00196072
-0.00315922
-0.00311638
-0.0010417
7.50442E-4
0.00350546
0.00562604
0.0066287
0.0062717
0.00403892
0.00239978
0.00187652
0.00215804
0.00120128
-7.20398E-4
-0.0026635
-0.00271756
-0.0019393
-0.00174652
-9.13179E-4
-9.58058E-4
-8.27499E-4
8.40201E-4
0.00211826
0.00179798
4.74021E-4
-2.44059E-4
-8.68299E-4
-0.00100804
-7.43859E-4
1.43541E-4
0.00168068
0.00203156
0.00202034
0.00149504
0.00224168
0.00419906
0.00479372
0.00319946
0.00172556
0.00106664
9.94221E-4
9.36081E-4
-7.55079E-4
-0.0026788
-0.00530122
-0.0076258
-0.0076564
-0.00614272
-0.00393136
-0.00303682
-0.00407314
-0.00489934
-0.00419962
-0.00131812
0.00206114
0.00420008
0.00420824
0.0019775
-8.0404E-4
-0.00211066
-0.00351418
-0.00399358
-0.00371614
-0.00274306
-0.00193318
-0.00192706
-0.00198112
-0.00122326
9.116E-4
0.00213254
0.00360032
0.00389
0.00272618
0.00150524
7.31603E-5
-9.5704E-4
-9.9784E-4
-2.5426E-4
0.00191222
0.00297302
0.00298016
0.00239264
0.0012635
0.00107582
0.00232124
0.00466112
0.0061493
0.00432044
4.16901E-4
-0.00361414
-0.00659662
-0.00631408
-0.00550522
-0.00561946
-0.00519106
-0.00291238
4.14861E-4
0.002921
0.0040277
0.00584228
0.00817706
0.00861974
0.00721316
0.0049355
0.00400118
0.00372782
0.00299138
0.00292814
0.00292508
0.00100442
-0.00172612
-0.00378142
-0.00492382
-0.0048667
-0.00434854
-0.00303886
-0.00163126
8.08582E-4
0.0021917
0.0031097
0.00395426
0.00404708
0.00514052
0.00589328
0.00579536
0.00420212
0.00155522
-8.97878E-4
-0.00197194
-0.00186178
-0.00257884
-0.00296644
-0.00291646
-0.0023371
-0.001261
-2.95057E-4
9.35631E-5
1.80832E-5
-5.18437E-4
-0.00123958
-0.00186484
-0.00196888
-0.00188932
-0.00195562
-0.00199132
-0.00371002
-0.00561232
-0.00771046
-0.00881716
-0.00866926
-0.00745852
-0.00519106
-0.00227997
0.0010697
0.00325964
0.00326985
0.00308726
0.00400934
0.00435818
0.00398588
0.00211826
4.31185E-4
-1.45115E-4
9.21805E-4
0.00213255
0.00368295
0.00338715
0.00289551
0.00346467
0.00306381
0.00292713
0.00308523
0.00274557
0.00211011
0.00125841
-0.00118653
-0.00279711
-0.00404763
-0.00495135
-0.00649665
-0.00615699
-0.00393543
-0.00217389
-3.08723E-5
0.00164295
0.00227331
0.00299547
0.00295875
0.00365847
0.00349221
0.00228759
0.00142875
5.03609E-4
0.00104115
0.00107175
4.66889E-4
-4.71907E-5
1.79249E-4
-1.1961E-4
-0.00146703
-0.00203517
-0.00120183
-3.0423E-4
3.8223E-4
8.5245E-4
8.54105E-5
1.05811E-4
6.39908E-5
1.28251E-4
2.4211E-5
2.96551E-4
0.00156339
0.00301689
0.00339735
0.00298935
0.00248955
0.00128799
-0.00133953
-0.00354783
-0.00454029
-0.00663843
-0.00797055
-0.00802155
-0.00573573
-0.00249315
6.77013E-4
0.00326781
0.00545163
0.00594327
0.00426231
0.00220293
4.96474E-4
-5.83705E-4
-8.76445E-4
-8.89705E-4
-6.72445E-4
1.13975E-4
6.72935E-4
0.00184695
0.0020836
0.00213766
0.00190306
0.00102382
-6.61224E-4
-0.00204128
-0.0028328
-0.0026033
-0.0017669
1.34377E-4
0.00273538
0.00387574
0.00528946
0.00604426
0.00529966
0.00377068
0.002665
6.12758E-4
-0.00165776
-0.00304292
-0.00367022
-0.0044189
-0.00477896
-0.00484832
-0.00592034
-0.00669044
-0.00659354
-0.00442808
-0.00106616
0.00198466
0.00378088
0.00413788
0.0040828
0.00407158
0.00469888
0.00468868
0.00256198
3.89382E-4
-0.00167408
-0.002792
-0.0022208
-8.56037E-4
7.72632E-5
-9.67217E-4
-0.00234014
-0.00300008
-0.00371102
-0.00359984
-0.00254822
-0.00165877
-1.35915E-4
7.82085E-4
0.00204485
0.00331168
0.0043327
0.00451835
0.00346673
0.00248447
0.00213461
0.00163583
4.79147E-4
-3.57253E-4
-0.00149557
-0.00172303
-0.00234013
-0.00285115
-0.00204739
-0.00167611
-0.00177607
-0.00168325
-0.00181789
-9.74351E-4
0.00104831
0.00296999
0.00497837
0.00625745
0.00530477
0.00340553
0.00130433
2.48631E-4
-3.58269E-4
-8.35629E-4
-7.66268E-4
-0.00256555
-0.00375589
-0.00297049
-2.45048E-4
0.00194999
0.00278639
0.00390941
0.00419501
0.00416849
0.00417155
0.00418991
0.00363809
0.00232943
0.00105852
-3.03185E-4
-0.00151188
-0.00349783
-0.00539808
-0.0069291
-0.00685668
-0.0066129
-0.00638952
-0.00565614
-0.00542868
-0.00452904
-0.00287664
-8.92742E-4
5.82178E-4
9.96298E-4
3.74098E-4
-4.86781E-4
-0.00248496
-0.00435462
-0.0044964
-0.00347028
-0.00250434
-0.00152616
-5.3574E-4
8.5554E-4
0.00196938
0.0027201
0.00232332
0.00220092
0.00231312
0.00215502
0.00294552
0.00312402
0.00210402
6.47463E-4
2.50683E-4
2.65983E-4
9.51424E-4
7.50484E-4
1.78264E-4
-1.72616E-4
-0.00103145
-0.00152411
-0.0018801
-0.00273588
-0.00381197
-0.00470243
-0.00577343
-0.00655577
-0.00599987
-0.00474017
-0.00283379
-8.25413E-4
5.56688E-4
0.00121867
0.00201835
0.00410935
0.00595759
0.00752023
0.00743557
0.00719689
0.00656755
0.00557101
0.00493759
0.00436537
0.00341677
0.00210607
6.57671E-4
4.17972E-4
0.00135229
0.00128089
7.59672E-4
1.06873E-4
0.00122173
0.00227539
0.00288025
0.00336883
0.00319339
0.00333007
0.00309853
0.00169399
6.71955E-4
-4.68405E-4
-0.00239314
-0.00503086
-0.00673834
-0.0062518
-0.00508288
-0.00375382
-0.00380482
-0.00451678
-0.00474832
-0.0055939
-0.00484318
-0.00269098
-0.00149962
-2.20887E-7
3.65959E-4
3.6596E-4
-4.7248E-4
-0.00426382
-0.007486
-0.0103593
-0.0113263
-0.00973
-0.00706576
-0.00413428
-0.00108754
5.78122E-4
0.00144002
0.0023417
0.00223052
0.00290576
0.0035096
0.0043511
0.0054731
0.00604328
0.00509673
0.00364832
0.00316281
0.00391761
0.00488049
0.00594129
0.00613713
0.00501513
0.00429195
0.00423483
0.00430011
0.00409407
0.00314343
0.00168279
0.00122889
0.00147879
0.00302817
0.00456735
0.00513957
0.00534765
0.00458061
0.00366771
0.00255285
0.00230805
0.00224379
0.00250797
0.00325155
0.00332805
0.00308427
0.00232335
0.00174603
4.97554E-4
-0.00143943
-0.0032846
-0.00364161
-0.00300104
-0.00189128
-0.0015965
-0.00162098
-0.00165056
-0.00146288
-5.91803E-4
-0.00125174
-0.00228398
-0.00323666
-0.00382418
-0.00454022
-0.0050033
-0.00467282
-0.00395066
-0.00292556
-0.0025043
-0.00325502
-0.0041873
-0.0054062
-0.00675158
-0.00751046
-0.00748088
-0.00757778
-0.00729626
-0.00659858
-0.00580706
-0.00373136
-0.0018719
2.15024E-4
0.0013513
0.0012646
0.00131357
0.00182662
0.00304655
0.00311795
0.00210509
0.00128399
0.00130133
0.00183479
0.00260183
0.00260183
0.00165323
5.11848E-4
-0.00142513
-9.53891E-4
0.00127991
0.00413795
0.00517937
0.00585359
0.00618611
0.00694703
0.00826283
0.00809555
0.00801803
0.00766001
0.00851069
0.00886769
0.00806801
0.00691337
0.00627791
0.00543845
0.00328829
-2.43966E-4
-0.00428317
-0.00757674
-0.010193
-0.0103807
-0.00940458
-0.0097575
-0.0104032
-0.0106255
-0.00910674
-0.00653838
-0.00363036
-0.0014394
-6.81542E-4
-0.00129762
-0.00177396
-0.00151488
4.16395E-5
0.0019674
0.00283032
0.00349332
0.0042522
0.00589848
0.00601884
0.00506106
0.00343212
0.0019776
0.00129522
0.001233
0.00177768
0.00324138
0.00594234
0.00798948
0.00913698
0.00900847
0.0066237
0.00307615
5.34306E-4
-0.00155363
-0.00345389
-0.00490127
-0.00555917
-0.00574685
-0.00733805
-0.00947087
-0.012995
-0.0145586
-0.0142975
-0.0121637
-0.00901391
-0.00616913
-0.00383945
-0.00373847
-0.00302651
-0.00251345
-9.98748E-4
0.00110857
0.00292519
0.00517327
0.00789973
0.00924919
0.00808027
0.00534667
0.00291601
0.00133501
9.16348E-5
0.00108205
0.00288031
0.0056996
0.00715718
0.0071378
0.0063371
0.00437156
0.00215204
5.89977E-5
-0.00137818
-0.0017413
-0.00244408
-0.00452182
-0.00647206
-0.0077032
-0.00754204
-0.00770728
-0.00687598
-0.00480232
-0.0030928
-0.00245428
-0.00233902
-0.00343756
-0.00363034
-0.0023992
5.28832E-5
0.00369836
0.00523652
0.00436748
0.00223772
0.001283
0.00288543
0.00545685
0.00616983
0.00608619
0.00537627
0.00368511
0.00151251
-0.00115377
-0.00242571
-0.00297039
-0.00382209
-0.00545715
-0.00751245
-0.00925053
-0.0103124
-0.0100084
-0.00689127
-0.00153627
0.00277935
0.00415941
0.00405639
0.00414819
0.00400233
0.00489483
0.00624021
0.00829143
0.0110189
0.0122715
0.0120583
0.00929001
0.00611578
0.00249681
-0.00124352
-0.00438206
-0.00772562
-0.0105102
-0.0140639
-0.015703
-0.0146178
-0.011009
-0.00720848
-0.0042923
-0.00138632
0.00187972
0.00680734
0.0121297
0.0165718
0.0195267
0.0190443
0.016835
0.0133302
0.00875962
0.0036841
-3.29598E-4
-0.00277862
-0.00361604
-0.00271436
-9.98716E-4
8.75839E-5
-0.0016352
-0.00362216
-0.00544796
-0.00572234
-0.00385063
-3.42854E-4
0.00380039
0.00676757
0.00936041
0.0118074
0.0130294
0.0142952
0.0137984
0.0115351
0.00825677
0.00458069
0.00148193
-0.00249913
-0.00633331
-0.0108009
-0.0141404
-0.0164436
-0.0181531
-0.0187549
-0.0195892
-0.0207255
-0.0213028
-0.0197035
-0.0157489
-0.0111202
-0.00652609
-0.00162193
0.00346277
0.00921354
0.0135118
0.0166422
0.0183119
0.0189035
0.0171777
0.0130487
0.00751116
0.00225816
-0.00115986
-0.0031968
-0.00468294
-0.0071187
-0.0104531
-0.0135202
-0.0147728
-0.0138262
-0.0119464
-0.00971358
-0.00704832
-0.0044004
-0.00209928
-0.00206052
-0.00302952
-0.00449526
-0.00483084
-0.00306522
-0.00112926
2.99764E-4
0.00109332
0.00214189
0.00168798
0.00129324
0.00179304
9.39306E-4
-8.67114E-4
-0.00388019
-0.00677903
-0.00966563
-0.0107733
-0.0107682
-0.0100716
-0.00770825
-0.00253685
0.00524065
0.0128947
0.021018
0.0271798
0.0303429
0.0307203
0.0279795
0.0249195
0.0214413
0.0189862
0.015918
0.0110108
0.00609439
8.29153E-4
-0.00442385
-0.00946979
-0.0132428
-0.0147758
-0.0121534
-0.00766847
-0.00252869
0.0013157
0.00269168
0.00293852
0.00297524
0.0027641
0.0013259
-0.00167596
-0.0046411
-0.0049879
-0.00416782
-0.00212068
-7.37561E-4
-6.11081E-4
-0.00188098
-0.00554584
-0.0093688
-0.0135406
-0.0158468
-0.017487
-0.0186936
-0.018609
-0.0154908
-0.008716
-0.00241954
0.00198788
0.00480002
0.00776108
0.011223
0.0128896
0.0118401
0.0078335
-3.45875E-4
-0.00969213
-0.0154592
-0.0166291
-0.0148248
-0.0117087
-0.00707175
-4.74392E-4
0.00696243
0.0149011
0.0202082
0.0239873
0.0260925
0.0270982
0.0267759
0.0242718
0.0198042
0.0124398
0.00477963
-0.00216555
-0.00780615
-0.0124013
-0.015805
-0.0184866
-0.0198003
-0.0193158
-0.0168831
-0.013155
-0.00981453
-0.00715335
-0.00508988
-0.00384753
-0.00173103
0.00158194
0.00542632
0.00924214
0.0116116
0.0125806
0.0113933
0.00829354
0.00409726
5.09918E-4
-0.0021176
-0.0047696
-0.00620168
-0.00745934
-0.00814376
-0.00694424
-0.0040301
-0.00131792
-6.31459E-4
-0.0014648
-0.003464
-0.00405662
-0.00338444
-3.57078E-4
0.00266314
0.00478882
0.0076081
0.00894328
0.010155
0.00917482
0.00542734
-5.96775E-4
-0.00564577
-0.00939632
-0.0115128
-0.0100134
-0.00637303
-0.00227467
0.00206441
0.00364745
0.00215825
-0.00319777
-0.0110038
-0.0172891
-0.0221585
-0.0244138
-0.0232204
-0.0181469
-0.0105846
-0.00109657
0.00688799
0.013212
0.0180346
0.0208579
0.0215607
0.0213842
0.0190138
0.0148593
0.00872909
0.00241937
-0.00157801
-0.00369859
-0.00520717
-0.00677797
-0.00631183
-0.00273469
0.00403811
0.0119931
0.0189964
0.0243249
0.0281795
0.0300369
0.0290251
0.023107
0.0130508
0.00267234
-0.0037302
-0.00686364
-0.00790098
-0.008514
-0.00911172
-0.0100491
-0.0103225
-0.00902094
-0.00725226
-0.0069585
-0.0092688
-0.0123492
-0.0150665
-0.0165118
-0.0166383
-0.0143902
-0.00872004
-1.85698E-4
0.00805794
0.0132477
0.0147879
0.0139535
0.0130978
0.0118248
0.0100153
0.00723378
0.00265194
-0.00178199
-0.00531426
-0.00802847
-0.0104846
-0.0134477
-0.0165822
-0.0183427
-0.0186232
-0.016778
-0.0132182
-0.00863945
-0.00354353
0.00291613
0.00993679
0.0160017
0.0200358
0.0199379
0.017037
0.0124032
0.00619033
-5.1209E-4
-0.00809681
-0.0157907
-0.0221392
-0.0263569
-0.0259866
-0.0225726
-0.0172442
-0.0120003
-0.00894341
-0.00779387
-0.00732161
-0.00609251
-0.00587117
-0.00637403
-0.00774593
-0.00937997
-0.0100052
-0.00823349
-0.00417185
0.00156055
0.00831194
0.0141984
0.0192678
0.0212374
0.0218351
0.0226715
0.0237925
0.024482
0.0247288
0.025552
0.0254041
0.0237405
0.0198706
0.0150195
0.00946352
0.00411872
-0.001069
-0.00567124
-0.00776224
-0.00525406
-0.00185134
-0.00109552
-0.00197374
-0.00352108
-0.0038536
-0.00377812
-0.0013393
0.00269378
0.0065453
0.00739802
0.00424928
-0.001783
-0.00890056
-0.0155693
-0.022083
-0.0267781
-0.0291404
-0.0284978
-0.0264833
-0.0219637
-0.0142535
-0.00408105
0.00856593
0.019892
0.0268229
0.0292995
0.0270565
0.023052
0.0190974
0.0159589
0.0140464
0.00956655
0.00117399
-0.00930549
-0.019582
-0.0258325
-0.0260529
-0.0228552
-0.0182601
-0.0154489
-0.0126052
-0.00912291
-0.00427485
0.00148305
0.00573849
0.00648921
0.00345471
2.18252E-4
-0.00312837
-0.00560085
-0.00722571
-0.00778059
-0.00680547
-0.00485421
-0.00349761
-0.00507555
-0.00807333
-0.0109885
-0.0139322
-0.0169657
-0.0210671
-0.0235039
-0.0246759
-0.0242648
-0.0244096
-0.0251818
-0.0258315
-0.0257458
-0.0237885
-0.0205693
-0.0150399
-0.00841196
3.04958E-4
0.0101755
0.0198941
0.029836
0.038708
0.0441813
0.0471393
0.0491456
0.0509408
0.0512662
0.0488213
0.0434265
0.0338783
0.0238772
0.0156529
0.00880258
0.00455734
0.00137188
4.01861E-4
0.0021073
0.00402796
0.00661162
0.00985318
0.0155846
0.0229337
0.0293291
0.0347218
0.0376992
0.0376706
0.0340343
0.0276542
0.0190169
0.00896782
3.07004E-4
-0.00667591
-0.0121125
-0.0157661
-0.0181019
-0.0201654
-0.0224716
-0.02295
-0.0212966
-0.0156591
-0.00914635
-0.00474811
-0.00179419
9.16967E-4
0.00498473
0.00868529
0.011016
0.00983177
0.00414833
-0.00447985
-0.0143759
-0.0215108
-0.0256683
-0.0270259
-0.0251338
-0.0216005
-0.0175012
-0.0149716
-0.0143963
-0.0135721
-0.0107906
-0.00676975
-0.00300595
-0.00134437
-0.00244903
-0.00658513
-0.0112751
-0.0158069
-0.0197207
-0.0218729
-0.0214598
-0.0191556
-0.0157457
-0.0116107
-0.00795703
-0.00605575
-0.00573751
-0.00635053
-0.00703903
-0.00808147
-0.00895969
-0.010862
-0.0150011
-0.0180346
-0.0193229
-0.0178051
-0.014737
-0.0119003
-0.00884544
-0.00607002
-0.00275808
2.33576E-4
0.00230418
0.00284172
0.00151776
-0.00285702
-0.00820284
-0.0109619
-0.00883626
-0.00234804
0.00630768
0.0163027
0.0276859
0.0395179
0.0511907
0.060485
0.0662521
0.0687398
0.0640478
0.0526595
0.0340762
0.0140026
-0.00301002
-0.0160364
-0.0259896
-0.0308999
-0.0299492
-0.0244596
-0.0158233
-0.0072369
-0.0013617
0.00141168
0.00222054
7.6908E-4
-0.00231234
-0.00706962
-0.0108671
-0.0130407
-0.0133477
-0.0131723
-0.0115229
-0.00710736
-9.97558E-4
0.00387294
0.00597414
0.00385356
-7.92538E-4
-0.00598026
-0.0104795
-0.0131845
-0.0168147
-0.021419
-0.0256632
-0.027694
-0.0249441
-0.01841
-0.012701
-0.00948702
-0.00784278
-0.00720222
-0.0064056
-0.00463386
-9.71035E-4
0.00297942
0.00939216
0.0167015
0.0240169
0.0320453
0.0392527
0.0451095
0.0457643
0.0403798
0.0324197
0.0248166
0.0204979
0.0198451
0.0201134
0.0184722
0.0137323
0.00699721
-8.93513E-4
-0.00811205
-0.0122859
-0.0140087
-0.0149868
-0.015609
-0.0161874
-0.0140107
-0.00881075
-0.00218789
0.00622711
0.0153765
0.0229265
0.0285723
0.0283111
0.0232999
0.0156733
0.00625873
-0.00185333
-0.00783971
-0.0126939
-0.0171207
-0.0200971
-0.0219902
-0.0221931
-0.0230428
-0.0243994
-0.0259631
-0.026726
-0.0257978
-0.0253552
-0.0250798
-0.0253552
-0.0249268
-0.0243484
-0.0239924
-0.0232611
-0.020655
-0.0150338
-0.00847007
2.25431E-4
0.00769183
0.0125246
0.0146727
0.0144667
0.0129122
0.0101878
0.00627913
0.00218077
-0.00125969
-0.00537947
-0.00850883
-0.00962471
-0.00953801
-0.0101857
-0.0107294
-0.00979301
-0.00719405
-0.00227255
0.00347821
0.00966655
0.0162374
0.0222554
0.0273136
0.0305021
0.0314629
0.0291557
0.0241934
0.0185518
0.0139791
0.0100419
0.00907189
0.0107018
0.0133243
0.0156652
0.015756
0.0160487
0.0172819
0.0192648
0.0214465
0.0217637
0.0204816
0.0163129
0.0110986
0.00570793
-9.43486E-4
-0.00776626
-0.014843
-0.0220269
-0.0267393
-0.0273248
-0.0253378
-0.020046
-0.0123471
-0.00524686
-2.42745E-4
0.00356798
0.00503474
0.00305492
-9.37365E-4
-0.00641782
-0.0111414
-0.0135915
-0.015045
-0.0146696
-0.0120839
-0.0081508
-0.00424726
-0.00280702
-0.00295798
-0.00533765
-0.00940949
-0.0138373
-0.0182916
-0.0194544
-0.0172145
-0.0120237
-0.0060088
-0.00126274
0.00188804
0.0031865
0.00403208
0.0057314
0.00762962
0.00986954
0.0125062
0.0152062
0.0169963
0.0169116
0.0115648
0.00135764
-0.00954208
-0.0170483
-0.0212609
-0.0236925
-0.0227246
-0.0200991
-0.0152745
-0.00932482
-0.00369442
0.00143006
0.00670856
0.0113343
0.0121921
0.00901274
0.00307634
-0.00500104
-0.0146411
-0.0232876
-0.0306102
-0.0364772
-0.0391139
-0.0377808
-0.0335029
-0.0281571
-0.0219239
-0.0147594
-0.00766528
-0.00220522
6.52817E-4
9.86357E-4
9.93497E-4
0.00284582
0.0064097
0.0129346
0.0206795
0.0294484
0.038455
0.0461887
0.0516049
0.0553299
0.05753
0.0603585
0.0630013
0.0629605
0.0593324
0.0509409
0.0403828
0.0303236
0.0222085
0.0145289
0.00825182
0.00272036
-2.95628E-5
-0.0010924
-4.31443E-4
1.18337E-4
0.0017279
0.0053591
0.00750518
0.00761024
0.00415958
-0.00144532
-0.00738274
-0.0131151
-0.0173145
-0.0193392
-0.020348
-0.0206876
-0.0212027
-0.0219177
-0.0230785
-0.0250481
-0.0275339
-0.0304103
-0.0332907
-0.0344403
-0.0336161
-0.0290496
-0.0237854
-0.018873
-0.0142616
-0.00936358
-0.00240412
0.00431972
0.0093065
0.0108814
0.0097196
0.00697478
0.00496946
0.00313856
2.78476E-4
-0.00303142
-0.0063811
-0.0087832
-0.0106824
-0.0119605
-0.0115382
-0.00888826
-0.00422992
6.86476E-4
0.00556922
0.010913
0.016013
0.0214384
0.0252114
0.0271096
0.0267107
0.0237793
0.0173104
0.00776119
3.45796E-4
-0.00456652
-0.00607102
-0.00523972
-0.00254183
-1.30545E-4
0.00350168
0.00663613
0.00862514
0.0092147
0.00795806
0.00526321
0.00137803
-0.00147491
-0.00394229
-0.00449615
-0.00237862
9.71055E-4
0.00365365
0.00562939
0.00711043
0.00700231
0.00493069
0.00117709
-0.00365669
-0.00747659
-0.0113873
-0.0136445
-0.0174971
-0.0221677
-0.026777
-0.0308978
-0.0313752
-0.0288793
-0.0224747
-0.0163281
-0.0122461
-0.0100235
-0.00748781
-0.00442985
-0.00207569
-9.80207E-4
-0.00100469
-0.00150347
-2.48867E-4
0.00356287
0.00794275
0.0131682
0.0165189
0.0182917
0.0185712
0.0162935
0.013055
0.00930955
0.00697171
0.00523261
0.00480217
0.00551413
0.00664633
0.00871795
0.00994705
0.0115332
0.0135538
0.015455
0.014991
0.0129173
0.0104356
0.00777139
0.00505411
0.00138721
-0.00244799
-0.00460019
-0.00492761
-0.00426767
-0.00320381
-0.00239189
-0.00295085
-0.00518873
-0.00793355
-0.010403
-0.013211
-0.0153173
-0.0158467
-0.0165638
-0.01673
-0.0182764
-0.0209477
-0.0239037
-0.0268535
-0.0292638
-0.0302083
-0.0285967
-0.0253215
-0.0198084
-0.0131437
-0.00605879
1.96867E-4
0.00352207
0.00391579
0.00247657
8.09886E-4
-6.58913E-4
-3.44754E-4
9.99606E-4
0.00214303
0.00192883
4.03926E-4
-0.00183497
-0.00462467
-0.00583643
-0.0050286
-0.00223889
0.00178194
0.00550291
0.0079968
0.0109191
0.0135966
0.0143239
0.0140117
0.0131998
0.0135068
0.0165046
0.0203123
0.0245473
0.0285039
0.0302012
0.0305755
0.0287334
0.0269555
0.0241138
0.0195493
0.0126256
0.00520302
-2.43778E-4
-0.00346596
-0.00372504
-0.0036669
-0.00383418
-0.00529176
-0.00573648
-0.00548658
-0.0039321
-0.00197778
-0.00125766
-0.00172482
-0.00361998
-0.00650862
-0.00759696
-0.0075888
-0.00752556
-0.0076806
-0.00674016
-0.00546312
-0.00373422
-8.25182E-4
0.00102714
0.00351288
0.00506736
0.006936
0.00896784
0.0108661
0.0123889
0.0123512
0.0120421
0.0120666
0.0121115
0.0115189
0.0097614
0.00649944
0.00327828
-4.59045E-5
-0.00313447
-0.00485826
-0.00536623
-0.00392292
-0.00362203
-0.00478075
-0.00601597
-0.00739399
-0.00903721
-0.0102551
-0.0116535
-0.0122839
-0.0130213
-0.0133661
-0.0140046
-0.0167249
-0.0198033
-0.0236671
-0.0258183
-0.0254378
-0.0225236
-0.0180346
-0.0133936
-0.00886177
-0.00479707
-0.00101695
0.00309773
0.00654227
0.00821813
0.00924935
0.00925955
0.00919733
0.00986237
0.0108579
0.0120217
0.0134334
0.0141199
0.0141831
0.0141729
0.0135405
0.0105764
0.00688601
0.00386375
0.00169217
0.00141677
0.00146165
0.00142901
0.00148715
0.00128824
4.33485E-4
5.62005E-4
-1.95855E-4
-4.11076E-4
6.55844E-4
0.00223582
0.0061975
0.0108803
0.0147665
0.0162945
0.0159997
0.0139934
0.00994804
0.0057487
0.0023725
-1.74438E-4
-0.00293762
-0.00508982
-0.00546824
-0.0045941
-0.00269588
-0.00248678
-0.00419936
-0.00611288
-0.00821102
-0.009281
-0.00934016
-0.00849764
-0.00708902
-0.00567632
-0.0033446
-6.40582E-4
0.00128518
0.0039025
0.0063352
0.0075949
0.0078499
0.0064117
0.00352
5.69136E-4
-0.00237356
-0.00518877
-0.00703803
-0.00972165
-0.0120656
-0.0139791
-0.0152562
-0.0149175
-0.0136293
-0.0123481
-0.00990015
-0.00661983
-0.00280503
0.00108525
0.00382599
0.00706755
0.00839967
0.00845577
0.00802635
0.00632805
0.00464607
0.00341085
0.00350367
0.00405345
0.00461445
0.00422685
0.00349347
0.00403101
0.00529989
0.00710835
0.00743067
0.00742863
0.00723687
0.00631581
0.00467259
0.00281211
0.00238881
0.00329864
0.00468687
0.00556406
0.0065657
0.00812936
0.00967874
0.0101112
0.00927686
0.00760304
0.00564872
0.0030773
4.67122E-4
-0.0022063
-0.0036394
-0.00431974
-0.00439828
-0.0043228
-0.00453394
-0.0054958
-0.00691258
-0.00807946
-0.0106672
-0.0132458
-0.0159763
-0.0171932
-0.0170769
-0.0165271
-0.0134895
-0.0102939
-0.0073216
-0.00457372
-0.00314572
-0.00251026
-0.00224303
-0.0013393
-2.57086E-4
4.40594E-4
0.00111889
0.00158095
0.00137389
0.00172783
0.00183289
8.56752E-4
-8.79288E-4
-0.00341399
-0.00494399
-0.00624959
-0.00812639
-0.00962885
-0.0100991
-0.00870065
-0.00575183
-0.00202679
5.20148E-4
0.00265705
0.00333739
0.00356077
0.00451549
0.00552019
0.00635251
0.00574459
0.00462973
0.00431863
0.00437983
0.00379639
0.00253464
6.37444E-4
-0.00139644
-0.003159
-0.00413922
-0.00516228
-0.00554784
-0.00533058
-0.0037812
-0.00168918
4.68609E-5
0.00100362
0.0021756
0.00398406
0.00492552
0.00540594
0.00458994
0.00425844
0.00415746
0.003216
0.0035169
0.00435432
0.0055059
0.00611688
0.00648815
0.00696858
0.00668705
0.00624437
0.00623111
0.00613217
0.00643307
0.00709505
0.00782741
0.00818747
0.00815993
0.00798245
0.00659933
0.00532739
0.00398711
0.00323027
0.00324965
0.00306911
0.00206237
0.00112601
-3.57072E-4
-0.00132607
-0.00252355
-0.00441361
-0.00704317
-0.00999097
-0.0130306
-0.0151348
-0.0161069
-0.0164802
-0.0165241
-0.0181744
-0.0202287
-0.0219668
-0.0230276
-0.0228399
-0.0209203
-0.0178368
-0.0138527
-0.0100736
-0.0053867
-0.00129038
0.00165232
0.0032578
0.00341794
0.00330676
0.00236836
0.00211132
0.0020848
0.00212968
0.00206542
0.00213682
0.00193384
4.98695E-4
-8.52113E-8
3.32434E-4
0.00160437
0.00295995
0.00416151
0.00576189
0.00720213
0.00844347
0.00966543
0.00977457
0.00814665
0.00664929
0.00561603
0.00573843
0.00681759
0.00805077
0.00909219
0.00977763
0.0104988
0.010869
0.0108445
0.0101254
0.0078743
0.0044573
1.37605E-4
-0.0039016
-0.00669232
-0.00789592
-0.00776434
-0.00790102
-0.00764806
-0.00672802
-0.00569578
-0.0043861
-0.00293974
-1.633E-4
0.00158804
0.0026978
0.0047786
0.00588836
0.00584348
0.00531716
0.00400748
0.00226838
0.00128816
2.58975E-4
-1.09245E-4
-1.23455E-5
-1.06186E-4
5.26214E-4
0.00161761
0.00193279
0.00187975
0.00189199
0.00189301
0.00185731
0.00243769
0.00369025
0.00505297
0.00574657
0.00582919
0.00562315
0.00464803
0.00367801
0.00222655
0.00175429
0.00193177
0.00174918
0.00208476
0.00274674
0.00345258
0.00387486
0.00374532
0.0038463
0.00362598
0.00264474
0.0017961
0.00188586
0.00161862
8.6178E-4
6.99599E-4
-3.16321E-4
-0.00168516
-0.00281736
-0.0031356
-0.0025389
-0.0012588
5.18958E-5
8.42395E-4
6.49615E-4
-1.85766E-4
-1.22526E-4
-2.17387E-4
1.41528E-5
9.41332E-4
0.00199601
0.00273449
0.00325367
0.00267023
0.00163697
8.04494E-5
-0.00189019
-0.00213397
-0.00216763
-0.00198709
-9.91573E-4
-4.80736E-5
9.85186E-4
0.00178283
0.00166349
4.27044E-5
-0.00197996
-0.00390878
-0.00580802
-0.00595184
-0.00449426
-0.00341306
-0.003104
-0.00310196
-0.0037364
-0.0043127
-0.00570398
-0.0061232
-0.00661688
-0.00774296
-0.00867422
-0.00908732
-0.00900165
-0.00844677
-0.00789392
-0.00816831
-0.00735435
-0.00700959
-0.00710241
-0.00647205
-0.00531537
-0.00260727
0.00146661
0.00513657
0.00800277
0.00931143
0.00967455
0.00952767
0.00980103
0.0106007
0.0100009
0.00935732
0.00800685
0.00557006
0.00306086
2.67084E-4
-0.00195958
-0.00401692
-0.00511138
-0.005041
-0.00261442
0.00143498
0.00531302
0.0091166
0.0114769
0.012605
0.0123969
0.010872
0.00817922
0.00578018
0.00401354
0.00172771
-9.35506E-4
-0.00300917
-0.00418115
-0.00340799
-6.65208E-4
0.00108307
0.00174607
0.00124117
7.327E-5
-7.30491E-4
-0.00192287
-0.00207077
-0.00280517
-0.00313055
-0.00317237
-0.00244205
-0.00224009
-0.00313667
-0.00321828
-0.00417198
-0.00387414
-0.00299694
-0.00149244
-5.24458E-4
6.28141E-4
0.00263142
0.00398904
0.00473364
0.0047367
0.00478974
0.00415632
0.00353922
0.00227544
9.61676E-4
-3.61265E-4
-0.00110994
-5.95866E-4
7.69913E-4
0.00183887
0.00187049
0.00110141
-9.56949E-4
-0.00288679
-0.00425767
-0.00567445
-0.00801637
-0.0106929
-0.0125727
-0.0129062
-0.0127012
-0.0117088
-0.0103287
-0.00910778
-0.00711571
-0.00578768
-0.00443924
-0.00377114
-0.00294698
-0.00184742
-0.00108446
-0.00119462
-0.00225236
-0.00312344
-0.00425156
-0.00489008
-0.00567446
-0.00542762
-0.00431582
-0.00280827
-0.001112
5.15914E-4
0.00157467
0.00208773
0.00299553
0.00395535
0.00303633
0.00169605
3.4353E-4
-7.32571E-4
-0.00114975
-7.84592E-4
-1.63413E-4
7.54587E-4
0.00200919
0.00181437
0.00254367
0.00310976
0.00389924
0.00369932
0.00289046
0.00290882
0.00292514
0.00232436
0.00168584
8.33119E-4
-9.30414E-5
6.5058E-5
-6.73423E-4
-0.0010906
-3.98024E-4
7.53555E-4
0.00280987
0.00404203
0.00566791
0.00695413
0.00676849
0.00691639
0.00679501
0.00691027
0.00679909
0.00693067
0.00667057
0.00534865
0.00405529
0.00230191
0.00177151
8.29025E-4
-6.35532E-6
2.6284E-5
2.32234E-5
-1.34877E-4
-0.00100188
-9.19258E-4
-9.90659E-4
-9.519E-4
-4.19461E-4
3.49619E-4
7.65778E-4
7.11576E-5
-6.34683E-4
-0.0034407
-0.00552762
-0.00653844
-0.00671082
-0.00581731
-0.00532159
-0.00411187
-0.00388747
-0.00375181
-0.00267979
-0.00198925
-0.00125077
-0.00144457
-0.00219427
-0.00296743
-0.00448825
-0.00562453
-0.00710252
-0.00759619
-0.00612128
-0.00384464
-9.69257E-4
0.00188062
0.00374314
0.00581476
0.00756712
0.00797818
0.00828928
0.00804856
0.00769564
0.0068113
0.00578722
0.00437758
0.00389511
0.00405933
0.00395121
0.00402363
0.00400221
0.00385533
0.00289041
0.00128187
-1.51231E-4
-0.00145785
-0.00199029
-0.00181995
-0.00136095
-5.66374E-4
-1.14951E-5
1.78224E-4
-1.11457E-4
-0.00100702
-0.00205048
-0.00297562
-0.00399256
-0.00538078
-0.00645076
-0.00742486
-0.0077023
-0.00649258
-0.0058765
-0.00515332
-0.00415882
-0.00359782
-0.00272777
-0.00166697
-3.60348E-4
9.89112E-4
0.00212947
0.00189283
9.3607E-4
-4.31311E-5
-0.00144971
-0.00254927
-0.00286955
-0.00282671
-0.00271044
-0.00165372
-3.51176E-4
9.90123E-4
0.00224778
0.00321168
0.00416538
0.005217
0.00596874
0.00604932
0.00537408
0.00492936
0.00509766
0.00439896
0.00391343
0.00429899
0.00492833
0.00570047
0.00599729
0.00664703
0.00648383
0.00530879
0.00429593
0.00221207
4.69908E-4
-4.51925E-5
-0.00147523
-0.00187405
-0.00184958
-0.00120596
-7.76536E-4
-8.44877E-4
-0.00100808
-0.00180878
-0.0024065
-0.00292364
-0.00269414
-0.00343976
-0.0039773
-0.0049004
-0.0057878
-0.00564092
-0.00640694
-0.00673742
-0.00674559
-0.00651609
-0.00576435
-0.00514317
-0.00408543
-0.00312357
-0.00216987
-0.00109887
-8.29592E-4
-6.44973E-4
1.34306E-4
7.35085E-4
0.00139707
0.00209984
0.00210902
0.00215696
0.00204782
0.00278324
0.00313004
0.0032504
0.00412148
0.0040511
0.00412148
0.00405314
0.004148
0.00388994
0.00355435
0.00319429
0.00307801
0.00313003
0.00313411
0.00252517
0.00201619
0.00224467
0.00192745
0.00105739
-3.09534E-5
-7.72494E-4
-8.08195E-4
-7.83716E-4
-8.02077E-4
-7.86777E-4
-3.79798E-4
-1.36019E-4
4.26001E-4
0.00114714
0.00118692
0.00114816
0.00122976
5.51457E-4
1.05716E-4
2.69935E-4
1.08774E-4
8.64594E-4
0.00121445
0.00173057
0.00245375
0.00309329
0.00306677
0.00192029
0.00117263
-6.74593E-4
-0.00172723
-0.00194857
-0.0021485
-0.00106424
-1.25836E-4
3.22963E-4
-3.97158E-4
-0.00143858
-0.00178844
-0.00171602
-0.00172214
-0.00229946
-0.00298898
-0.00363872
-0.00372338
-0.00365096
-0.00374379
-0.00306957
-0.00257691
-0.00337149
-0.00373257
-0.00365097
-0.00370095
-0.00363873
-0.00384375
-0.00468831
-0.00459141
-0.00484131
-0.00565732
-0.0050392
-0.00440068
-0.00315832
-0.00182518
1.69406E-5
0.0021008
0.00338498
0.00421118
0.00401942
0.00261998
0.00155918
6.01395E-4
1.72994E-4
3.47413E-4
1.70952E-4
5.08572E-4
0.00117871
0.00188761
0.00230989
0.00219157
0.00227215
0.00219871
0.00238843
0.00340741
0.00419382
0.00420504
0.00420198
0.00411018
0.00296472
0.00237924
0.0015102
0.00189984
0.0022446
0.00301368
0.00443964
0.0053556
0.00614099
0.00639089
0.00655511
0.00599207
0.00445391
0.00301979
0.00158057
-4.45151E-4
-0.00118975
-0.00255553
-0.00374995
-0.00480463
-0.00549416
-0.0062255
-0.00646418
-0.00538808
-0.00388562
-0.00176708
1.036E-4
0.00158362
0.00220582
0.0023527
0.0020977
7.62516E-4
-5.18605E-4
-0.00186297
-0.00258513
-0.00262797
-0.00258513
-0.00266367
-0.00198843
-0.00152739
-0.00172731
-9.61293E-4
-6.11434E-4
-1.05514E-4
6.45205E-4
0.00120824
0.00197528
0.00236084
0.00225782
0.00235268
0.0021242
0.00119702
1.28058E-4
-5.68603E-4
-0.00128362
-0.00164062
-0.00220673
-0.00267797
-0.00310433
-0.00389075
-0.00447419
-0.00459761
-0.00453743
-0.00400703
-0.00328283
-0.00253925
-0.00134891
-7.11415E-4
-5.35975E-4
-0.00127446
-0.00222204
-0.00286056
-0.0035001
-0.00364392
-0.00295032
-0.00183444
2.47378E-4
0.00191508
0.00302688
0.00373578
0.00341447
0.00306257
0.00234653
0.00228839
0.00234143
0.00228125
0.00236081
0.00214253
0.00129083
0.00142955
6.30886E-4
9.22605E-4
0.00143158
0.00130204
0.00120412
3.01421E-4
3.9934E-4
3.15699E-4
3.77919E-4
3.33038E-4
3.60577E-4
3.50376E-4
3.25895E-4
9.22594E-4
0.00161109
0.00181713
0.00226491
0.00231693
0.00230877
0.00230367
0.00231489
0.00229857
0.00231285
0.00231488
0.00175388
0.00101438
4.58483E-4
1.02502E-4
-5.76819E-4
-7.2268E-4
2.39593E-5
3.84018E-4
3.30978E-4
3.31997E-4
3.54436E-4
3.09555E-4
3.81974E-4
1.68793E-4
-7.91028E-4
-0.00178247
-0.00317987
-0.00386327
-0.00448955
-0.00520151
-0.00563909
-0.00548813
-0.00562073
-0.00545856
-0.0058125
-0.00632556
-0.0056085
-0.00483432
-0.00327882
-0.0027576
-0.00193956
-0.00161724
-0.0016407
-0.00167131
-0.00159583
-0.00184573
-0.00262297
-0.00265357
-0.00249343
-0.00148567
-5.50331E-4
9.07248E-4
0.00191705
0.00293501
0.00328792
0.00320938
0.00324304
0.0032308
0.0032155
0.00325528
0.00316348
0.00343582
0.0041539
0.00439054
0.00516472
0.00522388
0.00454353
0.00414063
0.00366021
0.00290541
0.00230463
0.00216795
0.00228831
0.00214857
0.00233421
0.00152433
0.00125096
0.00104288
2.93184E-4
6.47027E-5
-7.01318E-4
-0.0013276
-0.00182842
-0.00161116
-0.00194776
-0.0026485
-0.00328804
-0.00436006
-0.00486496
-0.00566669
-0.00560243
-0.00582581
-0.00667955
-0.00601655
-0.00545045
-0.00451613
-0.00371441
-0.00313607
-0.00247002
-0.00164688
-6.05457E-4
9.17403E-4
0.00251353
0.00306351
0.0032834
0.00293979
0.00223288
0.00218647
0.00209384
9.93386E-4
2.79824E-4
1.99256E-4
3.96603E-4
0.00139122
0.00230988
0.00382536
0.00415693
0.00472474
0.00521241
0.0050266
0.00513627
0.00503198
0.00509911
0.00501943
0.00506639
0.00499205
0.00504315
0.00492672
0.00559574
0.00600168
0.00584476
0.00591539
0.00583099
0.00531548
0.00450138
0.00400798
0.00311993
0.00289318
0.00260997
0.00192999
0.00161001
9.51324E-4
1.8748E-4
-7.69719E-5
-8.94409E-4
-0.00209485
-0.00255496
-0.00313131
-0.0032609
-0.00372915
-0.00386912
-0.00409274
-0.00480711
-0.00534904
-0.00641962
-0.00716457
-0.00841015
-0.0093904
-0.00936672
-0.00869193
-0.00826516
-0.00774929
-0.00715587
-0.00737565
-0.00709832
-0.00731342
-0.00644538
-0.00618875
-0.00644432
-0.00641405
-0.00627103
-0.00602876
-0.00523033
-0.00348335
-0.002476
-5.41331E-4
6.25371E-4
0.00189438
0.00285784
0.00369757
0.00458819
0.00542657
0.00630294
0.00662327
0.00640645
0.00668756
0.00669711
0.00630291
0.00620225
0.00531243
0.00544404
0.00468742
0.00439622
0.00420784
0.00346253
0.00341335
0.00390173
0.00478128
0.0055584
0.00586569
0.00556846
0.0047111
0.00381674
0.00295103
0.00172556
0.00113833
5.87618E-4
-1.02675E-5
-3.94965E-4
-2.37341E-4
-8.65993E-4
-0.00117459
-0.00110271
-0.001119
-0.00120776
-0.00207609
-0.00263721
-0.00312111
-0.00362611
-0.00409867
-0.0042614
-0.00484207
-0.00479269
-0.00429458
-0.00368045
-0.00318146
-0.0025822
-0.00178515
-0.00133299
-3.24181E-4
2.47403E-4
6.86889E-4
8.25249E-4
5.51755E-4
5.33528E-5
-4.6878E-4
-8.89855E-4
-0.00144432
-0.00139585
-0.00142671
-0.00133704
-0.00148983
-0.00206577
-0.00157967
-0.00110814
-5.72267E-4
-5.8659E-4
-1.05421E-4
1.92332E-4
5.01051E-4
0.00134771
0.00147145
0.0014797
0.00141571
0.00144431
0.00136735
0.00141096
0.00130771
0.00140398
8.54295E-4
6.60915E-4
5.11391E-4
4.16253E-5
-4.92266E-4
-0.00140895
-0.00191792
-0.00247079
-0.00234626
-0.0023884
-0.0021795
-0.00131645
-4.97957E-4
3.32555E-4
7.59756E-4
0.00111898
0.00151684
0.00185184
0.00223752
0.00253503
0.00294459
0.00276856
0.0022558
0.00214922
0.00148249
0.00105029
9.80802E-4
0.00101217
9.09375E-4
0.00106882
0.00139315
0.00177722
0.00183135
0.00131675
0.00101507
5.84096E-4
2.84986E-4
-1.38205E-4
-3.15013E-4
-3.01538E-4
-2.68896E-4
-6.18198E-4
-7.93574E-4
-0.00104645
-0.00128734
-0.00115976
-0.00121432
-0.0011157
-0.00122822
-0.00156711
-0.00151178
-0.00157794
-0.00190958
-0.00185718
-0.00180275
-0.00202427
-0.00226439
-0.00250184
-0.00245115
-0.00238464
-0.0022518
-0.00175536
-0.00130773
-8.45275E-4
-2.49263E-4
2.29225E-4
3.36615E-4
5.69633E-4
7.7145E-4
6.59273E-4
7.53118E-4
5.59785E-4
4.15409E-4
4.07521E-4
2.9848E-4
6.37908E-5
-7.84722E-5
-5.21269E-5
2.62301E-5
3.11157E-4
5.15478E-4
7.44434E-4
9.50958E-4
0.00114233
0.00148773
0.00154011
0.00149344
0.00140419
8.83974E-4
7.36766E-4
5.63742E-4
3.12548E-4
1.26902E-4
7.75896E-5
1.21366E-4
6.87693E-5
1.68059E-4
3.55301E-4
5.46134E-4
6.47295E-4
5.87739E-4
6.00672E-4
3.95954E-4
1.09112E-4
-1.4658E-4
-4.02773E-4
-4.86047E-4
-4.3035E-4
-4.48351E-4
-3.52379E-4
-1.66217E-4
