2.59
2.585
0.943
0.446
-1.799
-2.758
-2.763
-2.768
-2.772
-2.777
-2.782
-2.786
-2.791
-2.796
-3.628
-3.87
-5.059
-6.009
-6.49
-7.738
-8.153
-8.158
-7.916
-6.038
-5.082
-2.601
-1.793
0.232
2.457
3.065
4.577
4.573
4.568
4.563
4.691
5.619
6.103
6.674
6.669
6.665
6.66
6.34
5.092
4.516
2.811
2.377
0.242
0.238
0.233
0.228
0.224
0.219
0.214
0.209
0.707
0.584
1.054
2.293
2.315
2.311
3.32
4.431
5.29
6.528
6.547
6.542
7.049
6.907
6.528
6.523
6.359
5.111
4.379
4.374
3.497
2.249
2.23
1.883
0.636
0.086
-1.672
-2.053
-4.187
-4.192
-4.197
-4.201
-3.325
-2.086
-2.086
-2.091
-2.095
-2.101
-2.109
-2.118
-2.126
-2.135
-2.143
-2.152
-1.27
-0.039
0.316
2.074
2.065
2.773
3.113
3.104
3.096
3.087
2.536
2.005
1.997
1.988
1.98
1.971
1.963
1.954
1.042
0.872
0.668
0.164
0.847
1.568
1.895
2.951
2.942
3.312
3.99
3.982
3.973
2.9
2.687
1.435
0.744
0.736
-0.19
-1.411
-1.628
-2.493
-3.066
-3.575
-3.583
-2.527
-2.535
-2.544
-1.983
-1.496
-0.578
-0.448
-0.239
0.996
1.656
1.647
2.57
2.696
2.687
2.679
2.671
2.662
2.654
2.646
2.638
2.629
3.204
3.678
3.669
3.608
2.588
2.579
1.983
0.732
0.425
1.539
2.538
2.53
3.114
4.35
4.634
4.537
3.273
2.48
2.471
2.463
2.454
2.446
2.438
2.429
2.421
0.533
0.208
-1.057
-2.772
-4.01
-5.685
-6.157
-6.165
-6.174
-5.112
-4.061
-3.151
-1.948
-1.956
-1.536
-0.288
0.148
0.14
0.132
0.123
0.115
0.106
1.891
2.219
2.641
4.335
4.329
4.322
2.353
2.179
2.173
2.166
2.16
2.153
2.147
2.14
2.134
2.127
0.585
-0.016
-0.022
-0.029
-0.035
-0.042
-0.048
-0.055
0.281
2.062
2.055
2.049
2.042
2.036
2.029
2.023
2.016
2.01
2.003
1.996
1.99
1.983
1.977
1.97
1.964
1.957
1.951
1.944
1.938
1.931
1.924
1.918
1.911
0.5
-0.231
-0.238
-0.669
-2.381
-2.387
-2.394
-1.421
-1.236
-0.284
-0.29
-0.297
-2.046
-2.433
-2.435
-2.437
-3.013
-2.739
-2.442
-2.444
-2.446
-2.448
-2.45
-2.451
-0.323
-0.325
0.49
1.801
1.799
1.797
1.664
0.4
-0.338
-0.34
1.498
1.838
3.098
3.913
4.554
4.974
3.935
3.905
3.538
2.837
3.595
3.898
3.896
3.895
4.376
5.636
6.019
6.017
5.603
3.884
3.882
2.286
0.755
-0.635
-2.838
-4.101
-4.648
-4.649
-4.651
-4.653
-3.774
-2.527
-2.529
-0.467
0.826
2.447
3.853
5.363
5.986
5.991
5.995
5.521
4.938
4.942
3.882
3.886
3.89
3.894
3.898
3.902
3.786
2.846
2.85
2.142
1.793
0.733
0.499
-0.759
-1.385
-1.38
-2.402
-3.66
-4.918
-6.175
-7.433
-8.691
-8.884
-9.591
-8.797
-7.454
-5.793
-4.527
-2.196
-0.93
0.336
0.816
1.803
1.889
2.206
2.962
4.379
6.004
7.305
9.6
11.296
12.57
11.751
11.514
11.212
9.042
7.785
6.527
5.269
4.012
3.024
3.028
3.033
1.319
-1.196
-3.712
-6.227
-8.158
-9.412
-9.687
-9.568
-8.606
-7.589
-5.758
-5.386
-4.313
-4.305
-3.872
-3.223
-2.396
-2.141
-0.921
0.694
2.143
3.628
5.225
6.427
6.436
6.444
5.793
4.54
4.339
4.717
6.485
7.652
9.408
8.732
8.649
8.355
7.101
5.152
4.423
2.301
2.087
1.253
0.645
-0.608
-0.852
-2.051
-3.304
-5.094
-6.876
-8.13
-9.383
-10.377
-9.912
-9.296
-8.437
-8.214
-7.141
-6.756
-6.06
-5.284
-4.985
-2.75
-1.484
0.77
3.18
5.334
7.863
9.958
10.79
12.097
11.294
10.037
8.78
7.189
4.671
2.152
0.558
-0.699
-1.702
-1.697
-1.692
-1.687
-1.682
0.453
0.458
1.031
2.298
3.565
4.737
5.325
6.876
6.881
6.886
6.877
5.62
4.363
3.106
1.849
0.592
0.532
1.194
2.671
3.399
4.666
6.945
6.95
6.955
6.317
5.061
2.767
0.586
-0.141
-2.66
-3.659
-3.654
-3.649
-3.644
-3.64
-3.638
-3.638
-5.767
-6.179
-8.299
-9.56
-10.024
-10.023
-10.023
-9.376
-7.892
-7.891
-6.977
-6.826
-6.582
-5.319
-4.057
-2.794
-0.5
-0.106
1.697
1.698
1.698
1.699
1.616
0.635
1.113
1.701
1.702
3.832
3.832
3.833
3.833
3.834
1.857
1.463
-0.742
-2.003
-3.264
-3.617
-2.551
-2.551
-1.68
-0.42
0.41
0.646
1.712
1.712
1.713
1.713
2.66
2.779
2.78
2.78
3.45
4.713
4.912
4.912
4.913
4.913
4.913
4.913
4.913
4.913
4.913
4.913
3.106
2.784
2.317
0.654
-0.61
-1.475
-1.475
-1.143
0.654
1.786
2.784
2.784
2.784
2.784
1.787
0.655
-1.142
-1.541
-3.604
-4.037
-5.301
-5.734
-5.734
-5.734
-5.734
-5.734
-5.733
-5.733
-6.898
-7.863
-8.362
-9.626
-9.992
-9.992
-9.76
-8.495
-6.598
-4.069
-3.603
-1.473
-1.473
-1.473
-3.003
-3.603
-3.602
-3.004
-1.473
-1.473
0.324
0.657
0.89
2.155
2.787
1.955
2.754
1.722
1.722
2.288
2.787
2.787
2.987
4.917
4.917
4.918
4.918
4.885
3.853
3.421
2.788
3.62
3.853
4.918
5.65
7.613
8.113
8.113
6.948
5.684
3.422
1.025
-1.137
-3.633
-5.13
-6.794
-6.794
-5.963
-5.729
-3.267
-1.104
0.726
3.255
5.784
6.183
8.114
8.613
9.179
9.179
10.244
10.011
9.179
9.179
7.516
4.987
3.513
1.349
0.079
-1.19
-2.46
-3.598
-3.935
-5.205
-5.728
-7.631
-7.858
-8.451
-9.987
-9.987
-9.987
-10.09
-12.117
-12.117
-10.784
-9.987
-8.911
-7.424
-5.728
-5.728
-4.065
-3.598
-1.115
1.424
4.551
8.36
10.177
11.583
13.439
13.439
13.439
11.526
11.116
8.576
7.05
5.627
4.92
4.92
4.397
2.791
1.447
0.661
-0.421
-1.469
-1.469
-1.469
-1.469
-1.469
-1.469
-0.694
0.661
0.661
0.661
-1.469
-1.469
-1.469
0.046
0.661
2.791
2.791
2.791
3.508
2.934
2.791
2.256
0.661
0.661
0.661
0.661
0.661
0.661
0.661
0.661
0.661
0.661
0.269
-1.001
-1.469
-1.469
-1.469
-2.173
-3.598
-4.361
-5.63
-6.9
-7.858
-7.858
-7.858
-7.858
-7.858
-7.858
-7.858
-9.223
-9.987
-9.987
-9.987
-9.987
-8.702
-7.858
-7.858
-5.343
-3.598
-2.393
-1.469
-0.456
0.661
1.377
2.791
4.326
5.893
7.276
9.18
9.703
10.245
9.312
9.107
7.837
6.085
3.545
1.005
0.628
-0.642
-1.469
-1.469
-1.469
-1.469
-1.469
-1.469
-2.077
-3.347
-3.599
-3.599
-2.873
-1.469
0.077
0.66
2.79
2.79
2.79
1.324
0.66
-0.483
-1.47
-1.47
-1.47
-1.47
0.659
1.146
2.789
4.095
4.919
4.918
2.789
1.972
-0.568
-2.289
-3.559
-5.73
-5.73
-5.73
-5.731
-5.731
-3.601
-2.944
-0.405
0.658
2.545
3.936
5.206
6.476
7.047
7.047
6.96
4.917
4.01
1.47
0.658
-1.48
-4.019
-5.732
-6.969
-9.508
-9.99
-11.224
-12.12
-12.119
-12.119
-12.119
-11.861
-9.989
-8.911
-6.371
-3.831
-1.38
-0.11
0.661
1.36
2.625
2.825
4.09
5.787
7.052
8.716
9.182
9.183
8.451
6.488
5.224
2.994
2.795
2.795
2.795
2.796
2.796
2.796
2.796
1.932
0.667
-0.996
-1.462
-1.794
-3.591
-3.591
-2.06
-1.461
-1.46
-1.46
-2.458
-3.589
-3.589
-5.718
-5.718
-5.718
-4.453
-3.588
-1.525
-1.125
0.672
1.238
2.504
2.805
3.97
4.937
4.938
4.939
4.94
4.942
4.943
4.944
4.945
4.946
3.916
2.819
2.82
2.821
1.292
0.694
0.496
-1.433
-1.931
-3.195
-3.559
-3.558
-3.325
-2.059
-0.161
0.706
2.77
2.838
3.205
3.339
2.841
0.913
0.515
-2.013
-3.543
-3.542
-3.541
-3.539
-3.073
-1.407
-1.406
-1.405
-1.404
-1.403
-1.402
-1.4
-2.93
-3.528
-3.526
-3.525
-3.524
-3.523
-3.522
-3.521
-3.52
-3.518
-3.516
-3.512
-4.55
-5.633
-5.628
-6.792
-7.749
-7.744
-7.74
-7.735
-7.731
-7.726
-7.721
-7.717
-7.712
-6.753
-4.214
-2.557
-1.265
1.273
2.963
4.221
5.102
4.075
3.878
2.986
2.991
3.771
4.065
5.134
5.774
7.273
7.278
7.282
7.287
6.762
5.166
5.171
4.304
3.05
2.843
1.581
0.934
0.939
-1.098
-1.182
-1.177
-1.173
-2.699
-3.293
-3.289
-3.284
-3.28
-3.275
-3.271
-4.383
-5.391
-5.387
-4.723
-3.451
-3.24
-0.902
0.373
2.253
3.179
3.186
3.194
3.201
3.208
3.216
4.18
5.36
5.961
8.004
9.278
11.456
13.916
14.41
16.06
16.068
16.075
13.977
13.58
11.053
9.715
8.129
7.601
6.406
5.486
5.493
4.013
3.378
4.534
5.523
5.53
6.918
7.674
9.811
10.285
11.956
11.963
11.971
11.978
11.985
11.993
12.0
10.392
8.873
7.458
4.925
2.393
-1.675
-4.801
-7.446
-11.249
-13.482
-14.93
-17.462
-17.721
-18.273
-19.842
-19.838
-20.727
-21.959
-21.955
-21.508
-20.234
-18.107
-16.621
-15.149
-12.606
-11.278
-9.647
-9.139
-8.977
-8.066
-8.63
-9.123
-9.119
-9.233
-10.498
-11.236
-11.232
-11.227
-11.223
-10.653
-9.085
-7.695
-5.151
-2.607
0.18
3.097
5.024
7.568
7.986
7.99
7.994
7.998
6.366
5.877
5.881
5.885
7.036
8.023
9.994
10.408
12.295
12.299
12.303
12.308
12.312
12.316
12.32
12.324
12.329
12.42
14.466
14.468
14.468
14.469
14.462
12.34
11.513
8.974
8.082
6.025
3.824
3.077
1.695
1.696
1.696
1.697
1.697
1.698
1.698
1.699
1.521
-0.43
-0.43
-0.429
-0.429
-0.428
0.038
1.703
2.967
3.833
3.834
3.834
3.103
1.706
0.175
-0.423
-2.552
-3.151
-4.681
-5.379
-6.643
-6.809
-6.809
-7.673
-8.938
-8.937
-8.937
-8.936
-8.936
-8.935
-8.935
-7.969
-6.804
-6.804
-7.801
-8.932
-10.729
-13.191
-13.656
-15.319
-16.583
-17.449
-17.449
-17.449
-17.449
-17.449
-17.449
-17.449
-17.449
-17.449
-17.449
-16.052
-15.319
-14.221
-12.724
-10.627
-9.363
-7.266
-6.8
-4.671
-4.671
-3.54
-2.541
-1.576
-0.312
0.953
2.716
5.944
9.737
12.499
17.557
21.75
24.911
27.873
29.371
31.866
33.664
33.664
33.664
31.734
29.205
26.676
24.147
21.618
19.987
20.886
21.351
23.88
25.777
26.21
25.178
22.683
20.154
17.625
13.565
8.508
2.385
-2.674
-8.231
-12.457
-16.783
-19.645
-22.175
-24.708
-25.968
-25.968
-28.052
-28.097
-28.097
-28.097
-27.311
-26.044
-25.968
-25.968
-24.906
-23.838
-21.967
-19.36
-15.283
-10.214
-4.466
1.87
9.271
15.385
20.453
25.522
28.104
27.308
23.742
20.837
16.462
11.393
6.325
1.256
-3.813
-7.841
-11.821
-15.039
-17.449
-17.978
-19.579
-18.909
-17.642
-15.301
-12.555
-8.754
-4.337
-0.904
1.63
4.164
5.978
5.978
4.447
3.848
1.508
-1.026
-4.07
-6.447
-8.629
-11.06
-11.06
-11.06
-11.06
-9.338
-7.867
-6.399
-3.865
-1.33
1.204
3.739
3.995
5.263
5.978
5.978
5.978
5.978
5.978
5.978
5.978
5.978
5.978
6.464
8.107
9.403
11.938
14.472
17.006
19.541
21.48
22.747
23.015
24.217
24.467
23.015
23.015
21.123
18.589
15.768
11.967
6.094
1.169
-5.887
-12.224
-18.124
-23.83
-28.487
-32.289
-34.845
-36.998
-38.265
-40.319
-40.876
-39.685
-38.746
-37.684
-35.15
-32.616
-30.081
-27.547
-24.057
-20.348
-16.932
-14.215
-11.903
-10.211
-7.677
-5.142
-1.577
2.056
5.332
10.401
14.694
18.495
21.117
23.015
24.056
25.145
25.145
25.083
23.815
23.015
21.677
19.142
18.737
16.626
16.626
16.626
16.626
16.626
18.914
20.181
22.011
24.546
25.145
27.484
30.019
32.044
34.022
36.557
38.027
40.053
40.053
38.735
37.923
35.797
35.392
32.858
30.323
26.173
23.125
17.101
12.032
6.411
1.584
-2.217
-6.018
-9.523
-11.559
-12.826
-14.997
-15.319
-15.806
-17.449
-18.745
-19.579
-21.684
-22.089
-23.838
-23.838
-23.838
-21.839
-21.435
-19.239
-16.889
-13.831
-9.405
-6.55
-3.034
-0.5
2.035
3.676
3.909
5.978
5.978
6.599
7.858
9.118
10.516
12.701
13.96
14.496
16.33
16.58
15.32
14.496
13.237
11.543
10.284
6.599
3.164
0.646
-1.873
-3.466
-4.725
-5.984
-6.8
-6.8
-6.8
-6.8
-6.8
-6.8
-6.8
-6.8
-6.8
-5.736
-5.993
-6.8
-8.092
-10.61
-14.163
-18.104
-22.783
-26.56
-29.591
-30.227
-30.227
-29.962
-28.703
-28.097
-27.25
-25.99
-27.204
-28.097
-28.097
-28.097
-28.097
-27.94
-25.149
-21.372
-16.271
-9.119
-1.564
5.106
13.546
20.533
26.829
32.167
36.053
39.55
41.118
41.787
42.182
40.066
37.548
34.266
29.229
24.963
20.22
15.278
10.922
5.593
1.815
-1.09
-3.607
-4.671
-4.671
-4.671
-4.671
-2.725
-2.336
0.183
2.701
3.848
3.848
3.848
3.848
3.052
0.534
-1.985
-4.503
-7.021
-9.54
-11.06
-12.452
-13.19
-13.24
-15.319
-16.158
-17.449
-19.075
-21.599
-23.838
-24.517
-25.968
-27.434
-28.097
-27.972
-25.968
-25.055
-22.531
-20.008
-17.484
-12.83
-9.553
-5.08
-1.294
2.491
5.212
8.998
12.784
16.568
19.466
20.925
23.449
25.145
25.145
25.953
26.21
25.145
24.477
21.953
19.43
16.906
12.082
6.28
0.689
-8.792
-17.195
-24.767
-28.794
-33.842
-37.753
-40.277
-42.8
-45.135
-45.135
-45.135
-43.764
-41.24
-38.717
-35.77
-30.722
-25.069
-18.762
-10.453
-4.012
1.968
7.016
12.063
16.191
18.86
20.886
21.777
23.015
23.015
23.015
25.145
25.145
25.145
25.145
25.145
25.145
25.145
25.145
25.145
26.022
25.145
25.145
24.339
22.415
21.153
17.903
14.244
11.72
9.196
8.107
8.107
8.014
5.978
5.978
5.978
4.309
1.785
-1.983
-5.784
-9.585
-12.611
-15.146
-17.68
-19.579
-20.619
-22.431
-23.698
-23.838
-23.309
-21.241
-18.635
-15.706
-12.097
-8.507
-5.145
-1.309
2.044
5.845
8.74
13.088
16.748
21.816
25.918
29.825
34.278
36.812
39.347
40.967
38.936
37.415
34.881
31.028
27.683
23.022
17.953
13.287
9.486
7.3
6.032
5.978
5.978
5.978
5.978
5.978
5.978
5.978
5.978
5.978
5.978
6.059
8.107
8.999
10.237
8.536
8.107
5.597
2.278
-2.79
-7.062
-10.863
-15.73
-19.531
-22.792
-26.814
-29.99
-34.656
-37.477
-40.792
-44.019
-46.929
-49.465
-52.234
-55.167
-55.798
-55.799
-54.759
-53.314
-50.017
-46.118
-41.226
-34.892
-27.492
-20.502
-11.103
-0.966
7.299
15.965
23.291
29.625
35.28
39.465
43.225
44.491
45.332
45.33
44.5
42.199
39.669
36.04
30.848
25.523
19.198
11.909
6.549
1.224
-2.572
-7.266
-11.193
-13.723
-16.254
-17.52
-17.522
-15.46
-15.063
-13.267
-12.137
-11.14
-10.177
-9.014
-9.015
-9.017
-9.018
-9.02
-9.024
-8.797
-7.538
-6.912
-6.918
-5.893
-4.8
-4.075
-1.551
-0.559
1.364
4.952
7.176
8.933
10.059
10.951
10.047
10.041
9.602
8.332
7.061
5.791
4.52
3.615
2.478
1.474
1.467
0.297
-0.674
-0.68
-0.686
-0.692
-1.796
-2.834
-2.84
-2.846
-2.852
-2.859
-3.929
-3.569
-2.877
-2.883
-2.889
-0.566
1.658
2.916
4.874
5.6
7.723
7.95
8.776
8.138
7.699
7.693
7.687
7.681
7.675
7.669
7.663
5.526
5.22
3.948
1.977
1.237
-0.9
-1.373
-3.045
-4.317
-4.358
-5.163
-7.667
-10.203
-12.74
-15.276
-17.808
-18.02
-18.028
-18.035
-16.672
-14.155
-11.639
-9.123
-6.607
-4.696
-3.442
-1.188
-0.933
0.321
1.05
1.042
2.874
3.157
3.15
3.142
3.135
3.127
1.046
0.645
-1.887
-3.292
-4.819
-5.436
-5.444
-6.023
-7.589
-7.596
-7.603
-9.741
-10.161
-12.691
-14.022
-15.624
-17.161
-18.304
-18.312
-17.278
-16.197
-14.376
-11.858
-9.337
-6.816
-4.295
-3.444
-3.447
-3.777
-5.582
-6.7
-8.472
-9.737
-10.021
-11.986
-11.989
-11.992
-10.251
-9.861
-7.34
-4.819
-2.299
0.222
2.743
5.264
7.785
10.305
11.402
12.308
13.526
13.523
13.52
13.517
13.514
13.511
13.508
13.505
13.502
13.499
13.496
14.636
15.62
16.562
17.743
19.473
19.867
21.994
21.991
22.578
23.836
23.128
21.979
21.976
21.973
21.97
21.967
21.928
20.663
19.828
19.825
19.822
17.779
17.385
14.861
11.244
7.684
3.278
-0.631
-4.146
-7.136
-10.922
-13.847
-16.371
-18.514
-18.901
-20.163
-19.862
-18.601
-18.514
-17.899
-16.384
-14.981
-14.254
-14.193
-12.125
-12.125
-11.503
-11.06
-11.06
-9.995
-9.995
-9.995
-9.995
-9.995
-8.862
-7.865
-7.865
-7.865
-7.865
-7.865
-7.865
-7.865
-7.865
-7.865
-7.865
-7.655
-5.434
-3.673
-0.453
2.44
4.963
7.487
9.172
10.405
11.302
11.302
11.16
9.898
9.172
9.172
7.312
7.043
6.523
4.913
4.913
4.913
2.818
2.424
-0.1
-2.624
-4.377
-5.638
-8.065
-9.995
-10.983
-12.125
-12.125
-12.125
-11.691
-9.995
-9.995
-8.379
-6.86
-5.462
-2.938
-0.414
2.109
6.483
9.287
12.064
15.85
18.987
22.356
25.099
29.753
33.019
37.498
40.513
43.95
45.492
47.743
48.986
49.636
49.636
49.636
47.381
44.894
42.408
39.922
37.435
33.04
27.998
21.535
14.5
7.078
-0.844
-8.301
-15.688
-21.904
-27.259
-30.38
-32.866
-34.387
-34.486
-34.229
-33.422
-32.194
-31.292
-29.35
-28.993
-26.507
-24.021
-21.535
-17.453
-13.456
-8.572
-3.599
0.928
4.657
6.781
7.043
6.853
4.639
3.396
1.523
-0.155
-1.398
-0.311
1.211
3.697
6.183
9.484
14.205
21.309
25.997
30.189
34.521
38.25
40.982
43.358
44.601
45.377
45.377
45.377
43.371
43.247
43.247
43.247
43.247
41.588
41.118
40.874
38.388
35.902
32.101
28.799
24.286
21.697
19.21
16.24
12.511
9.621
5.097
2.519
-0.588
-4.583
-7.737
-10.621
-14.131
-16.797
-20.526
-23.761
-26.247
-28.734
-31.22
-33.563
-34.807
-36.543
-39.005
-39.809
-41.783
-43.173
-45.133
-43.905
-40.795
-38.34
-34.989
-31.307
-25.34
-20.75
-16.587
-11.677
-8.38
-5.926
-2.473
-1.474
-1.865
-4.198
-7.164
-10.497
-16.26
-20.266
-27.004
-35.132
-42.496
-49.069
-54.255
-59.164
-63.654
-66.108
-67.493
-68.19
-69.418
-68.601
-67.255
-65.363
-63.587
-59.891
-55.898
-51.92
-47.056
-38.848
-32.355
-25.504
-19.365
-13.225
-8.089
-2.213
1.472
5.156
10.016
14.654
18.339
22.033
26.6
29.393
32.58
35.037
37.494
39.952
41.344
43.313
44.13
45.449
45.452
45.454
45.457
46.679
47.593
48.553
51.011
51.861
53.796
56.19
57.42
58.262
57.163
54.712
52.26
49.808
45.227
42.18
37.274
32.991
28.528
24.569
19.869
17.418
15.705
15.176
15.341
15.714
17.755
20.096
21.605
24.062
25.916
27.149
28.394
27.262
23.772
20.86
16.522
9.97
4.438
-3.819
-10.573
-18.842
-25.682
-32.714
-40.184
-47.652
-55.408
-64.123
-72.191
-79.659
-86.116
-92.087
-96.126
-100.13
-101.94
-103.18
-102.36
-100.81
-97.066
-93.832
-90.643
-86.899
-84.209
-80.646
-78.148
-75.65
-73.152
-69.762
-66.008
-61.018
-55.285
-47.803
-38.12
-27.816
-17.814
-6.382
6.475
19.612
31.323
42.541
51.578
61.085
68.567
75.452
79.358
84.729
87.401
87.153
85.478
81.758
76.781
69.846
58.213
51.162
41.658
32.943
26.684
21.707
18.027
16.136
16.62
18.531
21.87
25.614
32.964
40.765
49.991
59.284
68.871
76.759
86.371
93.512
99.748
105.28
111.15
113.13
112.6
108.5
100.82
85.27
65.938
38.667
12.438
-13.912
-42.354
-66.016
-87.833
-110.04
-130.37
-146.92
-156.45
-168.29
-177.81
-184.13
-187.9
-190.73
-190.66
-189.4
-187.1
-183.52
-180.28
-175.25
-171.71
-156.63
-140.91
-123.28
-107.84
-91.497
-70.927
-54.43
-26.587
-7.176
15.983
41.221
61.932
82.319
100.83
117.56
128.28
137.88
144.94
148.85
151.67
151.16
147.8
143.67
138.76
130.18
121.84
112.98
104.66
95.872
88.355
81.482
73.179
64.286
53.367
39.932
26.226
7.654
-5.699
-18.533
-30.436
-38.125
-42.596
-45.105
-46.955
-47.357
-47.352
-47.01
-45.214
-44.105
-41.588
-40.942
-40.876
-39.615
-38.801
-38.799
-38.798
-40.839
-41.221
-43.734
-46.246
-48.758
-53.099
-55.912
-58.658
-62.002
-63.281
-62.472
-60.215
-56.383
-50.719
-42.668
-33.171
-24.011
-15.214
-6.207
3.846
13.9
25.525
40.048
52.577
64.116
79.312
92.485
106.92
117.75
128.3
134.58
140.87
144.08
143.44
137.73
132.23
123.87
113.88
103.09
87.908
73.701
56.703
39.019
23.936
12.473
-0.01
-7.524
-13.439
-18.943
-24.491
-30.362
-35.541
-41.96
-49.086
-55.874
-64.097
-71.007
-78.279
-83.057
-85.599
-84.43
-79.628
-73.385
-64.801
-54.81
-43.946
-32.705
-22.716
-11.741
-1.892
5.6
12.615
16.879
19.377
20.847
21.031
21.95
22.463
23.015
24.776
27.273
31.017
35.129
40.124
45.117
50.112
52.903
55.62
58.559
59.22
58.449
56.246
54.666
49.673
45.119
41.374
36.82
31.825
28.96
24.556
22.059
19.562
17.91
16.662
14.2
11.04
6.561
2.815
-1.813
-4.674
-7.611
-8.561
-6.207
-4.671
-2.831
-2.541
-2.541
-2.947
-4.196
-6.218
-7.758
-11.212
-14.23
-19.223
-24.217
-28.401
-32.146
-36.843
-39.34
-40.876
-42.204
-43.854
-44.07
-43.917
-42.326
-40.35
-39.098
-36.949
-35.511
-33.422
-34.208
-36.131
-38.147
-38.746
-38.599
-36.097
-33.594
-29.195
-23.757
-16.742
-9.488
-4.483
0.022
3.776
5.785
4.919
1.358
-1.144
-5.857
-11.147
-15.826
-19.719
-23.473
-25.968
-27.18
-28.097
-28.097
-27.997
-26.746
-25.968
-25.968
-25.122
-23.871
-23.532
-21.369
-19.591
-17.089
-13.688
-11.019
-8.104
-3.885
-1.383
1.885
5.639
8.254
11.016
14.324
17.459
20.394
23.901
26.59
30.031
33.032
36.785
39.667
42.17
44.672
46.808
48.059
50.05
49.776
48.525
47.04
44.538
41.43
37.676
32.944
26.775
20.232
12.725
4.558
-3.355
-10.862
-18.37
-25.537
-31.266
-36.271
-40.377
-40.916
-42.799
-41.547
-40.296
-39.045
-34.938
-32.063
-27.318
-23.119
-18.114
-11.471
-5.974
0.222
6.478
12.241
15.884
19.289
23.033
24.08
23.674
22.415
18.771
14.724
9.762
4.414
-1.375
-6.412
-10.553
-13.24
-15.758
-17.449
-17.449
-17.449
-16.452
-15.319
-15.319
-14.289
-13.19
-13.19
-13.123
-11.06
-10.216
-7.082
-3.303
1.478
5.316
9.094
12.871
17.366
20.579
23.139
26.681
28.769
29.404
28.586
27.326
24.86
22.342
19.824
17.305
14.787
12.268
9.75
7.231
4.713
0.541
-3.473
-7.402
-12.439
-16.398
-20.383
-23.564
-24.96
-26.471
-28.097
-29.378
-30.227
-31.256
-32.674
-35.192
-37.711
-39.487
-40.747
-43.07
-44.33
-44.227
-41.709
-39.19
-35.634
-31.691
-26.654
-21.063
-14.767
-8.471
-1.037
6.251
12.547
17.53
22.158
25.105
27.623
30.142
32.66
33.664
34.615
34.729
34.453
33.664
32.335
30.675
29.416
27.275
26.521
25.145
25.145
25.145
24.945
23.015
23.015
21.618
19.987
18.69
16.16
13.631
9.839
6.444
1.852
-3.207
-8.63
-14.387
-18.68
-23.439
-26.167
-28.097
-29.095
-30.227
-30.227
-30.161
-28.097
-27.232
-24.703
-20.511
-16.484
-12.525
-7.1
-1.909
2.65
6.743
11.701
16.459
20.751
24.412
26.941
30.536
32.832
33.231
31.967
29.87
25.278
19.888
12.301
4.148
-3.938
-11.526
-18.913
-24.271
-30.093
-35.152
-39.311
-42.04
-45.6
-47.697
-49.594
-51.291
-51.524
-50.127
-47.598
-45.069
-42.54
-39.045
-33.123
-28.73
-22.906
-17.151
-10.827
-5.603
-0.545
4.513
10.204
15.695
20.752
24.579
28.006
30.535
33.064
35.594
37.923
38.522
40.053
41.45
42.182
44.345
45.61
47.307
49.836
50.701
52.764
54.961
54.961
54.961
54.961
54.961
52.831
52.232
49.703
47.174
44.645
39.986
37.225
32.998
27.94
22.05
15.729
8.34
1.288
-6.999
-15.352
-24.202
-30.726
-36.449
-40.243
-44.037
-46.033
-47.331
-49.394
-49.394
-49.394
-49.394
-49.394
-49.061
-47.265
-46.133
-43.604
-41.075
-38.347
-33.887
-30.361
-26.7
-22.374
-17.317
-12.491
-8.698
-4.904
-1.11
1.652
5.245
8.141
11.368
15.427
19.521
24.379
28.772
34.595
39.653
43.813
47.54
49.037
50.701
50.701
50.701
48.638
46.109
43.58
41.051
36.992
32.899
29.006
24.546
21.019
17.358
13.931
10.17
7.409
3.615
0.454
-2.907
-6.7
-9.263
-11.792
-14.321
-15.319
-15.319
-15.319
-15.319
-15.818
-16.384
-17.283
-17.515
-19.579
-20.443
-22.972
-25.502
-28.03
-28.43
-30.227
-30.227
-30.227
-28.298
-25.768
-23.239
-20.211
-16.418
-10.827
-6.634
-0.555
4.441
10.018
14.696
18.434
23.163
26.164
30.276
31.535
33.13
33.664
33.475
31.259
30.013
28.129
25.638
23.146
20.422
16.33
15.084
13.179
10.688
8.196
5.979
5.023
1.286
-1.771
-5.124
-8.861
-11.693
-15.657
-16.903
-18.85
-19.576
-19.576
-19.576
-19.576
-19.576
-19.576
-20.48
-21.706
-21.907
-23.153
-23.835
-23.835
-23.835
-23.752
-21.705
-20.898
-18.406
-15.914
-13.422
-10.805
-6.309
-3.817
-1.326
1.954
4.723
6.15
8.642
10.687
11.933
12.371
12.371
10.241
9.668
6.241
2.555
-1.594
-4.557
-8.114
-10.298
-11.544
-12.789
-11.482
-11.054
-8.628
-6.137
-3.645
-1.153
0.467
1.713
3.854
3.854
4.386
5.632
5.091
3.855
3.473
1.725
0.619
-1.872
-4.364
-6.855
-9.347
-11.838
-13.182
-13.937
-15.183
-15.206
-13.182
-12.368
-10.472
-8.482
-5.08
-2.465
0.218
3.932
7.093
9.568
12.943
16.65
19.305
23.019
26.207
28.683
29.414
31.505
31.237
29.415
28.416
24.595
20.491
15.758
10.935
6.922
2.444
-0.622
-2.277
-3.514
-4.651
-4.924
-5.714
-6.333
-6.777
-6.776
-6.775
-6.528
-5.289
-4.643
-4.642
-4.641
-4.641
-5.08
-7.555
-10.03
-13.244
-17.869
-22.841
-29.029
-34.852
-39.263
-42.262
-44.737
-47.212
-47.223
-46.542
-45.092
-43.719
-41.242
-38.766
-36.149
-32.434
-28.719
-24.345
-19.393
-12.429
-7.245
-1.055
4.676
10.261
14.839
21.491
26.528
30.243
33.958
36.459
37.698
37.984
37.865
35.393
32.92
30.447
26.47
21.521
18.737
15.027
11.316
8.158
5.686
3.214
0.741
-1.912
-5.269
-7.741
-10.214
-12.686
-15.159
-17.324
-17.975
-19.447
-20.826
-21.571
-21.567
-21.564
-21.168
-19.908
-19.424
-17.485
-17.098
-14.582
-12.066
-9.55
-7.034
-4.517
-2.001
0.516
2.469
3.728
4.042
4.045
3.783
2.53
1.925
1.088
-0.165
-0.037
1.224
1.941
3.412
4.078
6.314
9.074
12.848
15.994
19.329
24.113
29.141
34.172
39.724
45.3
50.333
53.206
56.76
59.28
60.589
60.596
60.603
58.248
54.82
48.543
42.268
35.109
27.57
18.979
11.056
1.684
-6.811
-14.342
-20.812
-28.342
-35.398
-41.673
-46.226
-49.988
-52.326
-53.204
-53.197
-53.19
-51.291
-48.771
-45.721
-41.145
-37.368
-32.751
-27.718
-25.291
-23.677
-21.699
-20.435
-19.172
-18.974
-17.71
-16.447
-15.183
-13.1
-10.58
-7.787
-3.411
-0.891
3.053
6.279
6.668
8.744
9.579
10.281
9.032
8.771
8.547
6.044
4.538
3.16
0.65
-2.941
-6.71
-10.885
-15.311
-19.876
-24.903
-29.931
-34.333
-36.842
-39.352
-40.07
-40.061
-39.832
-38.564
-36.688
-33.357
-29.572
-25.784
-21.998
-17.183
-12.296
-9.413
-2.593
1.194
4.981
8.15
12.299
14.329
16.662
18.26
20.263
21.532
23.711
26.156
26.637
29.164
30.442
32.088
32.59
34.729
35.075
36.342
36.885
35.054
34.773
34.295
31.786
29.275
26.767
23.236
19.468
15.699
11.391
5.63
0.27
-4.815
-10.853
-15.881
-19.629
-22.139
-24.65
-26.843
-26.835
-26.827
-26.819
-24.939
-22.414
-19.886
-17.361
-14.835
-10.623
-7.652
-4.06
-1.895
-0.072
2.453
4.98
5.377
7.368
7.376
8.696
9.521
9.53
9.537
9.545
9.553
9.561
9.569
10.724
11.715
12.663
13.861
15.586
18.112
19.391
21.035
22.99
24.256
24.565
24.573
24.581
23.738
22.467
20.901
20.353
18.231
17.709
16.117
14.87
14.003
13.022
11.784
10.546
9.307
8.067
5.997
3.51
3.153
0.666
-1.821
-4.308
-6.794
-9.281
-11.768
-14.255
-16.742
-18.537
-20.651
-24.19
-27.029
-31.305
-33.792
-36.279
-38.766
-41.233
-41.228
-41.223
-40.113
-37.616
-32.376
-28.269
-21.825
-14.737
-7.928
-1.204
5.966
11.265
17.266
21.84
24.988
27.484
29.023
30.2
29.951
29.145
27.917
25.43
22.943
20.456
18.521
17.612
15.126
12.639
12.152
10.027
9.437
7.907
7.912
6.236
5.793
4.595
3.673
2.678
1.552
-0.17
-0.574
-3.02
-4.831
-5.87
-7.66
-8.904
-11.212
-11.573
-13.702
-14.946
-16.191
-17.435
-18.679
-19.723
-19.721
-19.72
-20.463
-20.782
-19.715
-19.714
-19.712
-19.711
-19.71
-17.819
-17.461
-14.974
-12.486
-9.998
-7.511
-4.073
-2.534
-0.046
1.602
1.603
2.381
3.626
3.737
3.739
3.74
3.742
5.307
5.874
6.024
8.007
8.008
8.01
8.798
8.112
8.014
7.758
6.952
6.339
5.89
5.892
5.893
5.894
5.896
5.897
6.697
7.94
10.159
10.696
13.183
14.421
16.028
16.552
17.712
18.683
18.684
18.054
16.811
16.556
14.427
13.871
11.384
8.899
5.599
1.87
-1.858
-5.588
-9.315
-13.046
-16.775
-19.506
-21.992
-24.478
-26.964
-28.803
-30.045
-31.288
-32.414
-33.003
-34.542
-34.542
-34.541
-34.54
-34.54
-34.539
-33.582
-31.094
-29.442
-26.171
-23.381
-18.407
-12.948
-7.395
-1.58
3.616
8.593
13.254
16.985
20.047
21.689
22.933
22.974
22.975
22.481
21.238
19.145
16.66
14.174
12.33
11.329
10.202
9.336
9.138
10.204
10.911
12.335
13.776
16.274
16.619
17.868
18.727
18.728
18.728
18.729
18.73
18.486
17.238
16.602
16.603
16.603
17.669
17.95
18.735
18.736
17.071
16.607
16.743
17.673
18.176
18.739
18.74
18.741
18.741
18.742
18.743
18.743
16.93
16.563
13.859
10.114
6.944
2.927
-0.178
-2.8
-7.301
-9.797
-12.293
-14.79
-16.304
-18.617
-20.149
-22.646
-24.491
-25.739
-28.005
-29.302
-30.555
-31.807
-32.372
-34.121
-34.51
-34.864
-36.649
-36.653
-36.657
-36.662
-36.666
-36.67
-35.884
-33.97
-32.726
-30.535
-27.91
-23.42
-20.927
-18.435
-15.941
-12.465
-8.825
-6.047
-2.306
1.435
5.177
9.94
13.864
18.53
22.778
26.387
28.88
31.372
32.623
33.505
34.591
35.627
35.622
35.618
35.614
35.609
35.605
35.601
35.596
37.722
37.717
38.648
39.838
39.834
39.829
39.825
39.821
39.816
38.323
36.742
35.417
32.901
30.382
27.858
25.331
22.805
19.067
14.943
9.904
5.588
1.804
-3.083
-7.657
-11.033
-14.224
-15.493
-17.764
-20.036
-20.685
-22.193
-22.206
-23.113
-24.362
-24.376
-24.389
-24.402
-24.416
-24.429
-24.652
-26.585
-26.599
-27.972
-28.755
-30.895
-30.911
-31.307
-32.003
-32.016
-31.072
-30.978
-30.44
-27.939
-26.759
-25.071
-22.57
-17.941
-15.441
-12.942
-8.952
-5.813
-3.312
-0.813
1.686
4.186
5.856
7.1
7.13
7.116
7.103
7.09
5.247
5.016
6.584
4.906
4.893
4.071
2.801
2.975
4.838
4.825
4.811
6.584
6.914
7.112
8.355
9.003
8.989
8.976
8.962
8.948
8.935
8.921
9.78
11.022
11.39
13.126
14.259
15.229
15.215
16.371
17.317
17.303
17.29
17.276
19.392
19.378
20.278
21.481
21.467
23.58
22.304
21.426
20.806
19.526
17.236
14.687
12.139
9.59
7.043
3.539
-0.277
-4.093
-7.909
-11.723
-14.635
-17.182
-19.244
-20.149
-21.401
-21.415
-22.481
-23.567
-23.571
-23.576
-22.784
-21.521
-21.46
-21.126
-19.863
-19.345
-17.457
-17.057
-15.099
-14.127
-12.979
-12.09
-11.893
-10.863
-11.303
-12.575
-13.846
-15.118
-17.634
-20.173
-22.713
-23.679
-25.661
-27.947
-28.281
-29.553
-30.091
-30.096
-30.1
-30.105
-29.154
-27.984
-26.225
-23.695
-21.165
-18.636
-16.105
-13.576
-11.046
-8.516
-5.986
-4.031
-2.768
-0.528
0.821
2.402
4.411
6.397
8.001
10.392
12.921
15.45
17.98
20.509
21.965
23.228
24.494
25.145
25.145
25.145
25.145
25.145
24.019
23.015
22.048
20.675
18.142
15.607
13.784
10.689
9.069
6.281
2.934
0.401
-2.996
-5.733
-7.202
-9.334
-10.6
-11.06
-11.06
-11.06
-11.06
-11.06
-10.305
-9.038
-6.8
-6.207
-3.672
-1.84
0.332
2.865
5.4
7.488
8.755
10.022
10.237
10.237
10.237
9.642
8.375
8.107
5.978
5.978
5.436
4.169
3.848
3.848
3.562
2.295
1.718
1.718
0.623
-0.411
-0.411
-1.049
-2.316
-2.541
-4.671
-5.434
-7.969
-10.503
-13.038
-15.445
-16.713
-18.511
-21.045
-21.708
-21.708
-21.433
-20.166
-18.899
-17.632
-15.28
-12.745
-10.211
-8.93
-7.272
-4.737
-4.332
-2.17
-0.903
1.14
1.718
3.964
5.231
6.498
7.765
8.107
8.107
8.107
8.107
7.438
6.171
5.959
3.848
3.02
1.718
0.081
-0.411
-1.634
-2.541
-2.541
-2.541
-2.541
-2.457
-1.201
0.056
1.312
3.419
5.933
8.446
10.96
13.472
16.731
19.563
21.011
23.524
25.145
26.421
27.275
27.275
25.145
24.805
23.549
21.57
19.056
16.544
13.796
10.028
6.874
4.362
1.848
-0.665
-3.178
-5.691
-7.502
-8.759
-10.015
-11.06
-11.463
-12.719
-13.19
-13.19
-11.06
-11.06
-10.571
-9.315
-8.93
-6.803
-5.545
-4.289
-3.032
-1.776
-0.519
1.718
1.994
3.25
4.507
5.763
7.02
8.107
8.469
9.725
10.237
11.173
12.367
12.367
12.367
12.367
10.708
10.237
10.089
8.832
7.576
6.32
4.148
3.766
1.718
1.718
0.485
-0.411
-0.411
-0.411
-0.411
-0.411
0.29
0.653
0.633
-0.411
-0.411
-0.411
-0.411
-0.411
-1.582
-2.541
-2.541
-3.901
-4.671
-6.798
-7.181
-9.694
-11.06
-12.59
-13.19
-15.319
-15.319
-15.319
-15.319
-15.319
-13.272
-13.19
-13.19
-12.138
-11.06
-11.06
-8.875
-6.8
-5.988
-4.076
-2.822
-0.594
-0.314
0.94
2.194
3.448
3.848
4.89
5.978
5.978
6.523
7.776
8.107
9.219
10.237
10.237
10.237
10.237
10.237
11.302
11.302
11.302
11.302
11.302
11.302
11.302
10.928
10.237
10.237
9.296
8.107
8.107
8.107
8.107
8.107
8.107
8.242
9.496
10.237
10.237
10.237
10.237
10.237
10.237
9.655
8.401
7.148
5.809
3.848
2.924
1.718
0.037
-1.44
-2.695
-3.948
-4.671
-5.391
-5.736
-6.8
-6.8
-6.8
-6.8
-7.59
-8.844
-8.93
-8.93
-8.93
-8.26
-7.865
-6.818
-6.8
-6.8
-6.8
-6.799
-7.726
-8.927
-9.408
-11.055
-12.292
-13.182
-15.175
-15.553
-17.439
-17.438
-18.808
-19.566
-19.565
-21.694
-21.693
-22.245
-23.495
-23.82
-23.819
-23.818
-23.817
-22.605
-21.686
-19.727
-19.355
-16.85
-14.348
-11.844
-9.34
-6.837
-4.334
-2.171
-0.393
1.398
2.651
3.902
5.155
6.8
8.144
9.677
10.276
10.277
10.278
10.279
10.28
10.28
8.271
8.026
6.776
5.525
2.903
1.767
-0.349
-1.605
-3.223
-4.618
-5.357
-6.607
-6.745
-6.743
-6.742
-6.74
-8.323
-8.867
-8.866
-8.864
-8.863
-8.861
-8.86
-8.859
-6.727
-6.726
-6.199
-4.946
-4.592
-2.461
-2.253
-1.0
0.252
1.505
2.757
4.01
5.263
6.961
8.2
9.84
12.343
12.718
14.595
15.096
16.348
16.729
16.73
16.732
16.733
16.735
15.997
14.748
14.609
14.145
12.482
11.878
10.628
10.357
8.229
7.657
6.102
5.444
4.195
3.977
1.848
1.85
0.862
-0.277
-0.276
-0.274
1.857
2.472
3.986
5.305
7.786
9.255
10.617
13.098
15.578
18.059
18.891
20.891
21.02
21.594
23.149
22.51
21.269
21.018
18.888
18.336
15.854
14.627
13.02
10.539
8.058
5.576
3.095
0.613
-1.868
-3.382
-4.702
-6.673
-7.535
-8.804
-8.804
-8.805
-8.805
-8.805
-8.806
-8.806
-8.807
-8.807
-7.685
-6.678
-6.269
-5.029
-3.789
-2.548
-1.308
0.155
2.237
3.477
5.467
7.947
8.299
10.355
10.354
10.354
10.354
10.353
10.302
8.222
7.844
6.602
5.36
4.118
1.826
1.443
-1.04
-2.438
-3.875
-4.57
-6.701
-6.702
-6.704
-6.705
-6.707
-6.708
-6.71
-6.711
-6.367
-5.128
-4.585
-4.587
-4.588
-2.46
-2.461
-1.953
-0.713
-0.336
1.737
2.088
4.243
5.483
7.407
9.898
10.303
12.749
15.239
17.728
18.816
20.58
20.942
20.941
20.94
20.938
20.214
18.966
16.634
14.14
11.647
9.154
6.661
4.168
1.716
0.469
-1.181
-2.505
-3.273
-3.573
-3.575
-3.331
-2.51
-2.511
-2.511
-2.511
-2.511
-2.777
-4.023
-4.642
-6.258
-6.772
-8.902
-9.475
-11.032
-12.329
-14.822
-15.292
-16.484
-17.422
-17.911
-18.487
-19.338
-19.552
-19.552
-19.223
-17.978
-17.423
-17.423
-17.424
-15.294
-14.593
-13.165
-11.74
-11.035
-8.906
-8.715
-7.47
-6.224
-4.978
-2.817
-2.456
-0.177
1.069
2.315
3.56
5.742
6.104
8.129
8.543
9.789
10.258
11.215
12.387
12.642
13.888
14.517
14.516
14.516
15.676
16.646
16.647
16.65
16.652
16.654
16.657
16.659
16.662
16.664
16.666
16.669
16.671
16.355
15.109
14.549
12.775
12.389
10.297
9.487
8.172
6.584
5.058
3.681
1.167
-0.335
-1.736
-4.252
-5.677
-6.934
-8.191
-8.839
-9.64
-9.899
-9.77
-8.83
-8.827
-8.116
-7.758
-6.69
-6.688
-6.263
-5.002
-4.551
-4.549
-4.546
-4.544
-4.541
-4.539
-5.448
-6.664
-6.897
-8.154
-8.786
-10.422
-10.911
-12.116
-13.036
-13.034
-13.031
-13.029
-13.026
-12.779
-11.517
-10.886
-10.883
-8.836
-8.746
-8.399
-7.136
-6.607
-5.675
-4.47
-4.215
-2.953
-2.33
-2.327
-2.324
-2.32
-2.317
-2.314
-3.052
-3.372
-4.433
-4.43
-4.427
-4.423
-3.578
-3.352
-3.515
-4.41
-4.406
-4.403
-6.286
-6.673
-8.653
-9.573
-10.775
-12.474
-12.898
-12.895
-12.892
-12.325
-11.062
-8.848
-8.457
-6.21
-4.947
-3.685
-2.422
-2.213
-0.08
-0.077
0.498
1.761
2.063
3.226
4.2
4.203
4.892
6.156
6.339
5.916
4.211
4.211
3.409
2.148
2.083
2.084
2.085
2.085
2.086
2.086
2.087
2.087
0.802
-0.041
-0.041
-2.339
-3.6
-5.424
-7.948
-10.47
-11.839
-13.387
-14.944
-16.304
-17.949
-19.201
-19.201
-19.604
-20.264
-20.264
-19.269
-19.198
-19.197
-18.676
-17.413
-17.066
-16.972
-14.935
-14.934
-14.934
-14.933
-13.901
-12.802
-12.802
-12.801
-11.291
-10.67
-10.502
-8.539
-7.583
-5.734
-3.599
-1.079
0.384
2.909
5.433
7.164
9.416
10.631
10.631
10.63
10.63
9.72
8.417
6.131
4.869
2.973
1.279
0.016
-1.246
-2.153
-2.154
-2.154
-2.155
-2.077
-0.815
-0.026
-0.027
-0.028
-0.028
-0.029
-0.029
-0.03
-0.03
0.953
1.15
2.098
2.097
3.51
4.226
6.355
6.822
8.484
9.748
10.613
12.675
13.972
14.87
15.436
15.934
15.934
15.933
15.633
14.867
14.867
13.068
11.638
10.14
8.043
6.778
4.681
4.215
4.214
4.214
4.213
4.213
5.178
6.444
7.709
8.974
10.239
11.505
12.736
12.97
14.235
14.868
15.701
15.934
17.0
17.0
17.001
16.237
14.973
14.774
13.51
12.246
10.982
8.82
7.39
6.126
4.862
2.966
1.27
0.0050
-1.258
-2.156
-2.721
-3.984
-4.283
-4.283
-4.282
-4.281
-4.281
-4.28
-4.279
-4.279
-3.413
-2.148
-2.147
-2.146
-1.813
-0.015
-0.014
0.752
2.017
2.117
2.418
3.683
4.249
6.047
6.447
8.511
9.376
11.274
12.54
14.838
16.138
17.039
18.172
19.173
19.175
19.178
19.18
19.182
19.184
18.288
17.059
17.062
16.199
14.936
13.276
11.78
10.351
8.19
6.363
4.601
2.373
-0.152
-2.68
-5.206
-7.034
-9.195
-11.689
-13.183
-14.845
-16.108
-16.97
-17.999
-19.095
-19.093
-19.091
-19.088
-19.086
-18.984
-17.717
-16.949
-16.248
-14.083
-13.681
-11.383
-10.549
-9.914
-8.648
-8.412
-8.41
-8.408
-8.405
-8.403
-8.401
-9.563
-10.526
-10.524
-11.22
-12.482
-12.644
-12.64
-12.636
-12.632
-10.964
-10.494
-10.324
-9.055
-8.352
-7.583
-6.314
-6.01
-4.076
-3.074
-1.938
-1.036
0.266
2.333
2.77
4.038
5.307
6.576
6.613
6.983
7.686
8.456
8.759
8.763
8.767
8.771
8.776
8.78
9.849
9.62
8.792
8.796
7.136
6.674
6.347
4.553
3.991
2.731
2.435
2.44
2.444
1.949
1.387
1.391
0.33
0.334
-0.094
-1.354
-2.615
-3.875
-6.2
-7.461
-9.287
-11.811
-14.33
-16.753
-18.299
-20.327
-22.268
-24.784
-27.287
-28.542
-30.206
-31.511
-31.504
-31.497
-31.49
-31.483
-31.476
-30.023
-27.493
-27.091
-24.561
-21.137
-17.37
-14.0
-10.206
-6.584
-3.687
0.105
3.899
7.69
11.483
14.99
18.003
21.116
22.769
24.047
26.165
26.979
28.309
28.316
28.323
28.33
27.689
26.214
25.503
24.249
21.975
21.495
19.419
18.164
16.074
13.558
12.269
10.653
8.137
6.375
5.12
3.866
2.61
1.834
1.165
0.783
0.793
0.802
0.812
0.821
0.83
0.84
0.97
1.923
2.448
3.007
3.016
3.067
4.338
5.174
5.184
5.193
5.203
5.37
6.286
6.296
5.556
5.25
5.259
5.268
5.278
4.618
3.365
3.176
2.99
1.737
1.075
-0.49
-1.036
-2.207
-3.147
-3.648
-4.9
-5.248
-5.275
-6.294
-6.285
-6.276
-6.266
-5.225
-5.182
-5.173
-4.598
-4.089
-4.08
-3.006
-2.996
-2.987
-2.977
-2.069
-1.861
-0.819
-0.81
-0.801
-0.792
-0.786
-2.012
-2.905
-3.465
-4.724
-5.018
-7.142
-7.136
-7.13
-7.125
-7.119
-7.114
-7.108
-7.102
-7.097
-6.259
-4.989
-4.95
-4.579
-3.308
-2.803
-1.833
-1.628
-0.657
-0.651
-0.646
-0.64
0.43
0.436
0.874
1.512
1.518
1.523
1.529
1.901
3.171
3.676
3.681
3.687
3.693
3.698
3.704
3.709
4.78
4.786
4.791
4.797
4.802
4.808
4.814
4.819
4.825
4.065
3.771
3.578
1.653
1.159
-0.1
-1.36
-2.59
-2.822
-3.653
-4.285
-4.716
-4.716
-3.65
-3.649
-3.083
-2.582
-2.582
-1.416
-0.45
0.05
1.315
2.58
3.846
5.111
6.808
8.075
9.739
10.206
12.336
13.027
14.468
14.469
15.381
16.6
16.601
16.188
14.934
14.474
13.493
12.135
9.628
8.088
6.744
4.237
1.73
-0.602
-1.855
-2.555
-3.296
-4.549
-4.738
-5.747
-5.746
-5.745
-5.744
-4.743
-4.554
-3.612
-3.109
-2.545
-2.544
-0.414
-0.413
-0.412
-0.412
-0.411
-0.411
-0.485
-1.476
-1.927
-2.541
-2.541
-2.541
-2.541
-2.541
-2.541
-2.541
-2.541
-2.541
-2.541
-2.541
-2.541
-2.541
-2.541
-2.541
-2.541
-2.541
-2.541
-2.541
-2.541
-2.541
-2.892
-4.145
-4.671
-5.588
-6.8
-6.8
-7.22
-8.474
-8.93
-8.93
-8.93
-8.93
-8.93
-7.574
-6.8
-6.8
-5.736
-5.367
-4.671
-4.671
-4.671
-4.611
-3.357
-2.541
-2.541
-2.541
-2.541
-1.347
-0.411
-0.411
0.285
1.538
1.718
1.917
3.171
3.848
4.611
4.913
5.978
5.978
6.371
7.609
8.107
8.107
8.067
5.978
5.611
4.373
2.423
1.718
-0.399
-0.745
-3.222
-4.671
-6.043
-6.8
-6.8
-8.006
-8.93
-8.93
-8.93
-8.93
-8.93
-8.93
-8.93
-8.93
-8.93
-8.93
-8.93
-8.756
-6.8
-6.8
-6.8
-6.8
-6.8
-6.68
-4.671
-4.671
-4.671
-4.671
-3.745
-3.572
-2.541
-2.541
-2.541
-1.815
-1.476
-1.476
-1.476
-1.83
-2.541
-2.541
-2.541
-2.541
-2.849
-4.671
-4.671
-4.671
-4.671
-4.671
-4.671
-4.671
-4.671
-4.671
-4.671
-4.671
-4.671
-4.397
-3.16
-1.921
-0.684
0.554
1.867
3.848
4.688
6.571
7.809
9.046
10.285
11.522
12.367
12.367
12.367
12.367
12.346
11.302
10.935
10.237
10.237
8.465
8.107
8.107
7.767
6.53
5.978
5.978
4.945
3.848
3.848
2.875
1.718
0.886
-0.352
-2.541
-3.114
-5.131
-7.635
-8.93
-10.889
-13.19
-13.71
-15.319
-16.532
-17.449
-17.449
-17.449
-17.449
-17.449
-16.29
-15.319
-15.319
-15.25
-13.19
-12.429
-11.06
-9.608
-8.93
-6.8
-6.8
-6.094
-4.671
-4.671
-3.798
-3.606
-2.541
-2.541
-2.041
-0.803
-0.411
-0.411
0.78
1.718
1.718
2.364
2.783
3.775
3.949
5.186
5.978
5.978
6.77
8.008
8.107
8.107
8.107
7.514
7.043
6.103
5.931
4.693
3.848
3.282
2.044
1.718
1.697
0.46
-0.411
-0.411
-0.411
-1.297
-2.535
-2.541
-2.541
-2.541
-2.541
-2.541
-2.541
-2.541
-2.541
-2.055
-1.476
-1.476
-1.476
-1.476
-1.476
-1.476
-1.476
-1.476
-1.476
-1.476
-1.476
-1.476
-2.083
-2.541
-2.541
-2.541
-2.307
-1.067
-0.411
-0.411
-0.411
-0.411
-0.411
-0.411
-0.411
-0.411
-1.337
-2.541
-2.541
-2.541
-2.541
-2.541
-2.541
-2.541
-2.541
-2.541
-1.988
-1.476
-1.476
-1.476
-1.476
-1.476
-1.476
-1.476
-1.476
-1.476
-1.476
-1.12
-0.943
-1.476
-1.476
-2.535
-2.711
-3.951
-4.671
-5.368
-6.608
-7.849
-8.93
-9.599
-11.06
-11.06
-11.06
-11.06
-10.763
-8.93
-8.43
-7.19
-5.098
-3.644
-2.266
0.216
2.207
3.448
4.688
5.929
8.107
8.41
9.651
10.237
11.067
11.302
11.302
11.302
11.302
11.302
10.483
10.237
10.237
9.674
8.107
8.107
7.299
6.058
5.978
5.707
4.913
4.913
4.913
4.913
4.913
4.653
3.848
3.848
3.848
3.848
3.848
3.848
3.848
3.848
3.848
2.896
1.718
1.718
1.718
1.718
1.718
0.774
0.596
-0.411
-0.411
-1.004
-2.247
-2.541
-4.734
-5.977
-7.22
-8.463
-10.481
-11.06
-11.128
-12.371
-13.19
-13.19
-13.19
-13.19
-13.044
-11.06
-11.06
-9.844
-8.93
-7.002
-6.645
-4.671
-3.802
-2.541
-1.75
-0.507
-0.411
-0.411
-0.411
0.206
-0.143
-0.411
0.741
1.718
1.718
1.718
1.718
2.698
3.848
3.848
3.848
5.103
5.978
5.978
5.978
5.978
6.432
7.043
7.853
8.107
8.107
8.107
8.103
9.374
10.221
10.215
10.318
11.555
12.328
12.322
13.138
14.375
14.435
14.429
14.423
15.066
16.303
16.536
16.53
16.524
16.518
16.513
17.339
17.566
17.56
17.555
17.069
16.478
16.473
16.467
16.461
16.455
15.48
14.314
12.626
12.173
10.038
9.408
6.917
5.093
3.844
1.57
-0.922
-3.097
-4.346
-6.263
-7.057
-9.106
-9.331
-10.577
-11.339
-12.004
-13.25
-13.486
-13.492
-13.498
-13.503
-13.509
-13.515
-13.52
-13.526
-13.532
-13.538
-13.543
-13.549
-13.555
-13.56
-13.566
-13.572
