2.249
2.244
2.239
2.234
2.229
2.224
2.219
1.535
1.087
2.137
2.199
2.194
2.189
1.5
1.057
1.052
1.047
1.042
1.037
1.032
1.904
2.145
2.139
2.135
1.623
1.002
0.997
-0.077
-1.258
-1.263
-1.268
-1.273
-1.278
-1.283
-1.288
-1.293
-0.267
0.942
2.72
3.177
4.439
5.412
5.407
4.694
3.379
3.147
3.142
3.137
3.132
3.127
3.122
2.029
0.868
0.863
0.858
0.853
-0.963
0.784
0.838
0.833
0.828
0.823
0.818
0.813
0.808
0.803
0.798
0.793
0.788
0.783
0.946
2.251
3.556
4.862
6.167
7.472
7.482
7.477
6.375
5.223
3.369
2.968
1.663
0.713
1.261
1.825
2.75
2.938
2.933
2.928
2.923
2.917
2.908
2.899
2.891
2.507
1.187
1.369
1.732
0.601
0.592
0.583
1.141
1.687
1.678
1.669
1.66
1.651
1.642
1.633
1.624
1.615
1.606
1.597
1.588
1.579
0.618
0.421
-0.692
-0.701
-0.71
-0.719
0.229
0.408
1.498
1.888
2.603
2.594
2.585
2.576
2.352
1.436
1.427
0.639
-0.681
-0.845
-0.634
0.259
0.846
1.364
1.355
1.346
1.337
1.328
1.319
2.098
3.399
3.537
3.987
5.763
5.754
5.746
5.737
5.681
4.363
3.466
2.847
1.528
1.195
1.288
3.422
3.84
5.142
5.641
5.632
5.623
5.127
3.361
3.352
4.15
5.452
5.57
6.059
7.361
6.043
5.536
3.499
1.028
1.019
1.01
-0.397
-1.252
-1.261
-1.27
-1.278
-1.287
-1.296
-3.286
-3.559
-3.295
-2.454
-1.787
-1.349
-1.358
-1.367
-1.376
-1.385
-2.159
-3.492
-3.561
-1.42
-1.429
-1.438
0.264
1.847
3.162
4.478
5.253
5.244
5.235
5.226
5.218
4.355
2.96
1.288
0.701
-1.551
-1.557
-1.047
0.271
1.588
2.907
5.143
5.136
5.129
5.122
5.115
5.108
5.101
5.094
5.087
4.182
2.851
2.461
0.188
-1.143
-1.688
-2.683
-3.947
-3.954
-4.904
-6.212
-6.219
-6.226
-6.233
-6.24
-5.686
-4.368
-3.051
-1.733
-0.416
0.453
0.446
1.292
2.61
2.939
4.908
5.44
6.757
7.133
7.126
7.119
7.112
7.105
7.098
7.091
6.862
4.832
3.795
2.574
2.569
1.445
1.442
1.843
2.561
2.559
2.557
2.555
2.246
0.914
0.305
0.303
0.301
0.299
0.297
0.295
0.293
-1.816
-1.955
-2.65
-3.65
-3.083
-2.116
-1.855
0.278
-0.194
-0.848
-1.735
-1.974
-3.099
-2.715
-1.387
-0.058
1.27
2.504
2.201
0.869
0.254
0.252
0.25
0.248
0.246
0.244
0.242
0.24
0.238
0.237
0.235
0.989
2.317
1.302
0.227
0.225
0.223
0.221
-1.955
-2.027
-1.649
-0.909
-1.704
-1.024
-0.901
-0.6
0.231
0.235
0.239
2.489
2.705
4.039
5.373
6.708
7.0
7.004
7.009
7.013
7.017
5.105
4.781
4.786
4.79
4.128
2.803
2.558
2.396
1.07
0.327
-0.459
-1.784
-1.905
-1.901
-1.896
-1.892
-1.888
-1.883
-1.879
-1.874
-1.87
-2.695
-2.984
-2.857
-1.852
-1.848
-0.354
0.405
0.41
0.414
0.419
0.423
0.427
0.432
0.114
-1.804
-1.8
-2.58
-2.914
-2.909
-3.19
-4.023
-4.017
-4.009
-5.116
-6.237
-5.82
-4.481
-3.966
-1.895
0.774
3.119
3.926
3.935
4.891
5.14
7.329
7.785
9.124
9.6
9.609
9.618
9.626
10.206
10.766
9.789
7.274
5.181
4.216
2.953
1.158
0.726
0.735
0.744
0.752
0.761
-0.256
-1.466
-1.457
-1.449
-2.174
-1.612
-1.422
-0.945
0.84
0.849
0.858
0.866
0.875
0.884
0.893
1.674
3.013
3.164
3.173
3.181
3.19
3.199
3.208
2.838
0.981
0.989
0.994
1.0
1.005
1.01
1.015
-0.436
-1.219
-1.214
-1.209
-1.204
-1.198
-1.193
0.93
1.062
1.067
1.072
1.077
1.083
1.088
1.093
1.098
0.42
-0.904
-1.131
-1.126
-1.512
-1.639
-1.11
-1.105
-1.0
0.335
1.67
3.006
3.411
3.401
2.076
1.181
1.187
1.192
1.197
1.202
1.207
1.213
1.218
1.223
2.405
3.478
3.484
3.489
3.494
2.406
2.56
4.667
8.068
9.933
10.259
10.265
10.27
9.256
8.031
6.183
5.787
5.353
3.544
3.544
3.545
3.546
3.413
2.083
0.206
-1.698
-3.027
-5.479
-6.809
-7.21
-5.879
-4.548
-3.218
-1.887
-0.937
-0.936
-0.935
-0.935
-0.934
-0.934
-0.933
-0.221
-0.728
-0.931
-1.354
-3.175
-3.174
-3.174
-3.173
-1.923
-0.257
1.861
3.192
4.522
5.81
5.81
5.811
5.811
4.064
3.568
1.324
0.95
-0.38
-0.92
-0.919
-0.918
-0.918
-0.917
-2.328
-3.161
-2.039
-0.915
-0.087
1.331
1.331
3.404
3.576
3.576
3.576
3.576
3.576
3.576
3.085
1.331
0.665
-0.668
-0.913
-0.913
-0.913
-0.913
-0.913
-0.913
1.332
1.648
2.98
5.05
6.769
8.137
10.312
10.312
10.312
8.558
6.98
5.472
2.806
0.141
-0.912
-0.912
-0.912
-0.912
-0.912
-0.912
-0.911
0.211
0.211
-0.245
-0.911
-1.788
-3.121
-5.751
-7.645
-7.645
-7.645
-7.645
-7.645
-7.645
-8.697
-9.89
-9.89
-9.889
-9.889
-9.434
-8.101
-6.768
-5.435
-3.155
-2.383
0.282
2.142
3.475
6.035
8.07
9.122
10.315
12.209
12.56
12.56
12.56
12.56
12.56
11.473
11.263
10.315
9.719
8.387
7.054
4.494
1.828
-0.838
-2.031
-3.924
-3.153
-3.153
-2.697
-2.03
-2.03
-2.03
-3.152
-3.538
-4.275
-5.081
-6.414
-6.519
-6.835
-6.59
-5.397
-4.45
-3.117
-1.784
-0.907
-0.24
1.092
1.338
1.519
2.858
4.809
6.657
7.996
7.935
6.596
4.687
2.01
0.336
-1.003
-2.341
-3.151
-3.151
-5.072
-5.396
-5.396
-6.369
-7.641
-7.641
-7.641
-7.641
-8.085
-8.102
-7.641
-5.455
-3.901
-1.224
0.835
3.008
4.634
5.828
5.828
6.405
7.743
8.073
10.318
10.318
10.852
10.69
10.318
9.136
7.521
4.844
2.167
0.414
-0.924
-2.262
-3.151
-3.817
-5.155
-5.396
-5.396
-5.396
-5.396
-5.396
-5.396
-5.396
-5.396
-4.232
-3.151
-3.151
-0.906
-0.582
0.756
1.339
1.339
3.584
3.584
3.584
3.584
3.584
1.339
1.339
1.339
1.339
-0.437
-0.906
-0.511
1.339
1.968
3.307
3.584
3.584
3.584
2.409
1.339
1.339
1.339
1.339
1.339
2.1
2.461
2.39
1.339
1.339
1.339
1.339
1.339
1.829
3.584
4.938
6.722
8.06
8.073
7.235
5.828
4.126
1.449
-1.067
-2.405
-3.744
-5.082
-5.396
-6.518
-6.518
-6.518
-5.751
-5.396
-5.242
-2.858
-1.52
-0.181
1.158
2.531
4.957
6.762
8.073
8.972
8.08
5.619
4.281
2.302
1.338
1.338
1.338
1.338
1.338
1.338
1.338
1.338
1.338
1.337
-0.208
-0.907
-3.152
-3.451
-4.789
-5.397
-7.291
-7.723
-9.887
-9.887
-9.887
-8.983
-7.644
-4.969
-2.292
0.385
3.061
5.738
8.071
8.071
8.071
6.43
4.789
3.581
2.888
1.336
1.336
1.336
1.336
1.336
1.855
1.721
1.335
1.335
1.335
1.335
1.335
2.245
3.58
3.58
3.144
1.805
1.335
-0.833
-1.087
-2.425
-2.543
-1.205
-0.908
1.337
1.337
1.338
1.338
1.338
1.151
-1.216
-2.553
-4.623
-5.395
-6.517
-6.271
-5.394
-5.394
-5.393
-5.393
-5.393
-5.007
-3.674
-0.727
2.255
4.92
7.271
9.13
10.323
9.377
8.009
5.344
2.678
0.013
-2.653
-4.231
-5.388
-5.388
-6.58
-7.632
-7.632
-9.877
-9.561
-8.228
-6.158
-3.492
0.296
3.207
6.295
7.628
8.084
8.085
5.84
5.069
2.404
1.352
1.354
0.232
0.549
1.357
1.358
1.36
1.361
1.607
2.942
3.609
3.611
3.612
3.964
5.859
5.86
5.862
3.829
3.514
2.183
0.851
-0.481
-0.865
-3.109
-3.108
-3.562
-4.894
-5.349
-5.347
-5.521
-6.853
-7.589
-6.781
-5.447
-4.113
-2.778
-1.444
-0.11
1.224
1.401
1.402
1.403
1.404
1.406
1.407
-0.837
-0.835
-0.834
-0.833
0.185
1.414
1.416
1.943
3.277
3.664
3.7
5.035
5.913
5.915
5.919
5.924
5.929
5.933
4.707
3.698
3.703
1.463
0.775
-0.772
-0.767
-0.763
-1.803
-0.753
-0.245
1.096
1.506
1.511
1.516
0.626
-1.38
-2.711
-2.955
-3.894
-2.945
-2.94
-2.935
-2.931
-2.926
-2.921
-2.916
-2.911
-2.907
-2.836
-1.775
-1.277
-0.642
-0.638
-0.633
-0.628
-0.623
-1.917
-2.858
-2.854
-3.016
-3.967
-4.555
-4.273
-2.932
-2.825
-2.82
-1.741
0.935
2.648
3.988
5.329
6.188
6.193
6.199
6.206
6.214
6.222
6.229
6.237
6.245
6.253
6.261
6.268
6.276
6.284
6.292
6.299
6.307
6.315
6.323
6.331
6.082
4.754
4.109
4.117
4.125
4.133
4.14
4.148
4.156
4.164
3.883
1.934
0.8
-0.295
-0.287
-2.524
-2.516
-2.509
-2.501
-1.552
-1.363
-1.355
-0.886
-0.217
-0.209
0.908
1.848
0.937
0.309
-1.022
-2.352
-4.966
-7.258
-9.182
-11.852
-14.521
-15.829
-16.492
-18.059
-18.051
-17.06
-15.792
-15.202
-13.538
-13.534
-13.53
-11.211
-8.53
-5.848
-3.85
-0.709
1.081
4.668
6.153
7.942
8.874
10.04
11.383
13.491
16.912
18.778
20.121
20.466
22.807
23.037
22.475
23.469
22.484
22.488
22.493
21.767
20.433
17.976
16.642
14.835
12.851
11.517
9.063
9.064
9.068
9.072
9.077
9.081
9.086
9.09
9.094
7.458
6.858
4.488
2.807
0.697
-1.415
-2.099
-2.095
-2.09
-2.086
-0.609
0.168
0.218
1.561
2.423
1.729
0.391
-2.065
-2.504
-5.181
-7.205
-8.543
-10.965
-11.397
-13.286
-13.285
-13.285
-13.284
-12.025
-11.038
-10.47
-9.131
-8.792
-8.698
-7.668
-7.668
-8.404
-8.789
-9.911
-10.401
-13.067
-15.732
-18.397
-21.062
-21.307
-21.868
-20.535
-18.395
-14.711
-10.818
-8.151
-5.485
-3.555
-2.222
0.234
1.322
1.778
3.778
4.691
4.691
4.692
4.692
4.693
4.693
2.66
2.449
2.45
2.976
4.31
6.59
9.291
13.29
17.745
21.744
26.163
29.32
31.636
32.407
33.88
33.88
33.88
33.88
33.249
31.11
29.777
27.497
24.831
22.166
20.412
19.079
16.413
15.922
13.677
12.906
10.836
9.503
7.153
3.365
0.068
-6.315
-13.575
-20.24
-25.712
-29.71
-32.797
-34.796
-35.709
-35.709
-37.006
-37.568
-36.235
-35.709
-33.675
-31.009
-28.343
-24.626
-20.031
-14.138
-8.666
-4.422
-0.0030
2.663
4.452
5.785
7.293
9.958
12.028
13.361
15.711
18.272
19.289
19.289
18.553
16.273
13.572
9.327
3.986
-0.685
-3.807
-6.478
-10.083
-11.821
-13.261
-14.09
-15.425
-14.25
-13.261
-13.261
-12.488
-11.152
-11.016
-11.016
-11.016
-11.016
-11.016
-11.016
-11.016
-11.91
-13.261
-13.261
-12.174
-9.715
-7.989
-5.317
-3.464
-2.128
-0.792
0.208
0.208
0.208
-1.741
-2.168
-4.839
-6.526
-7.937
-8.771
-8.771
-8.771
-8.771
-8.771
-7.046
-4.374
-1.703
1.728
7.071
11.607
17.653
21.977
27.319
31.05
33.136
34.844
37.248
37.248
37.248
36.553
35.218
33.882
32.123
28.541
25.87
23.198
19.462
16.733
14.062
11.391
7.129
1.786
-3.556
-8.899
-14.242
-19.584
-23.975
-25.65
-26.73
-26.26
-23.558
-19.551
-14.435
-10.415
-6.408
-3.655
-2.319
-0.983
-2.037
-2.394
-3.159
-3.159
-3.159
-4.281
-4.281
-4.281
-4.281
-4.281
-1.973
0.699
3.37
7.385
12.728
15.874
18.167
18.569
19.905
20.412
20.412
20.412
20.412
20.412
18.866
18.167
16.967
15.632
14.296
12.244
10.502
9.146
6.474
4.251
2.915
1.579
1.331
2.453
2.062
0.726
-0.61
-2.976
-5.769
-9.776
-13.235
-17.43
-21.797
-24.616
-27.287
-28.974
-29.68
-31.015
-31.219
-31.219
-30.783
-29.447
-28.112
-25.7
-24.151
-21.48
-18.809
-17.75
-15.711
-15.505
-15.505
-14.968
-14.383
-14.383
-15.505
-15.505
-15.505
-15.505
-15.505
-15.505
-12.837
-10.166
-7.495
-4.823
-2.152
0.519
3.191
4.698
6.288
6.943
7.966
6.943
6.417
5.82
4.868
3.532
2.196
0.861
-1.158
-2.037
-3.146
-4.081
-2.745
-2.037
-0.356
0.208
2.453
3.168
4.698
6.266
6.943
9.188
9.79
11.432
12.16
12.555
12.555
12.555
13.005
13.677
13.677
15.807
17.192
18.167
19.281
20.412
20.412
19.289
19.035
17.708
16.381
14.185
11.531
7.287
0.65
-5.42
-11.5
-17.161
-22.355
-25.009
-27.197
-27.852
-26.975
-23.485
-18.216
-12.169
-4.779
2.635
10.599
19.685
27.378
33.538
37.486
38.37
38.37
38.025
35.37
32.134
28.939
25.292
22.433
19.01
17.199
15.233
13.012
10.357
9.006
7.679
6.352
5.025
4.698
4.698
4.41
3.083
2.453
2.453
2.453
2.453
3.241
5.297
8.232
11.205
16.286
21.596
25.903
28.557
31.212
33.866
33.683
32.355
29.813
25.831
19.815
13.279
7.36
0.416
-5.608
-9.486
-12.141
-14.589
-15.505
-15.505
-16.326
-16.628
-16.736
-18.063
-19.39
-19.995
-19.995
-19.995
-19.995
-19.995
-19.995
-19.166
-17.839
-17.517
-15.184
-13.856
-13.261
-11.378
-11.016
-11.016
-11.458
-12.788
-13.261
-14.325
-15.505
-15.863
-17.193
-18.523
-19.853
-21.183
-22.24
-22.24
-22.24
-22.24
-20.032
-17.372
-14.711
-12.051
-9.391
-7.751
-4.071
-1.411
0.208
1.664
2.453
2.453
2.453
2.453
2.453
1.601
0.271
-0.08
-2.037
-2.596
-3.926
-4.281
-1.916
0.744
3.404
8.798
15.886
22.537
27.881
32.418
34.479
35.81
36.125
33.88
33.266
30.606
29.391
27.531
27.146
26.7
24.901
24.901
24.901
23.848
23.64
22.31
20.98
18.888
15.258
12.335
7.278
2.818
-2.502
-9.592
-15.388
-19.229
-21.889
-23.956
-24.485
-24.485
-24.485
-24.485
-24.485
-24.485
-22.636
-22.221
-19.56
-16.9
-14.24
-11.58
-8.92
-5.004
-2.037
-0.94
-0.548
-1.878
-3.306
-7.039
-9.235
-11.909
-15.02
-16.593
-17.75
-16.968
-15.505
-15.505
-13.444
-13.261
-13.261
-13.261
-13.261
-14.236
-15.571
-17.464
-20.979
-23.651
-24.485
-26.73
-26.73
-26.73
-26.08
-24.745
-21.257
-18.373
-14.745
-10.887
-5.545
-2.241
2.564
3.899
5.235
5.82
5.82
4.589
1.918
-1.235
-4.548
-7.219
-11.01
-12.35
-13.261
-13.899
-13.532
-13.261
-10.705
-8.033
-4.198
-0.446
4.242
9.585
15.241
21.393
25.997
30.956
34.053
38.883
40.615
41.981
44.652
47.324
47.75
49.594
50.848
51.839
51.839
51.839
51.839
51.268
49.932
48.596
47.17
44.498
42.34
39.547
35.538
30.342
23.663
16.982
9.63
0.731
-7.522
-12.915
-18.26
-23.604
-28.948
-34.292
-39.371
-42.043
-44.156
-44.721
-43.737
-42.326
-39.656
-36.986
-35.033
-32.769
-32.282
-26.541
-24.313
-20.968
-18.298
-15.628
-12.964
-10.3
-6.444
-2.727
-0.063
1.268
1.267
1.265
0.527
0.14
0.138
-0.354
-2.11
-2.112
-2.113
-2.115
-2.292
-3.626
-4.961
-6.295
-8.647
-11.104
-11.737
-13.352
-13.354
-12.408
-9.957
-8.385
-5.27
-1.278
1.838
4.497
7.157
9.816
12.475
15.134
16.777
18.208
20.237
20.23
20.96
22.287
20.211
19.959
18.62
16.615
13.066
10.148
5.231
2.173
-1.832
-5.031
-6.685
-6.797
-6.803
-6.81
-5.343
-4.578
-2.339
-2.591
-3.93
-4.603
-4.609
-4.616
-4.622
-3.857
-2.39
-0.783
0.859
3.308
4.95
7.609
9.532
10.858
12.185
13.266
14.172
15.498
16.368
17.695
19.021
19.962
21.148
22.194
22.188
22.181
22.173
21.639
20.298
18.957
16.424
12.418
8.411
4.404
0.399
-1.434
-7.965
-14.637
-21.906
-29.102
-35.764
-41.299
-47.342
-51.34
-54.616
-57.283
-57.676
-57.238
-54.154
-49.534
-43.376
-34.626
-28.553
-18.266
-10.072
-1.905
5.458
11.991
15.71
18.832
20.782
19.889
17.458
14.79
12.122
9.454
7.587
5.241
3.789
2.451
1.622
0.898
-0.44
-2.891
-3.334
-5.151
-5.159
-5.167
-5.175
-2.938
-2.946
-2.954
-1.449
-0.725
-0.633
2.024
4.681
8.011
12.877
19.282
24.635
29.191
32.435
35.627
37.281
39.642
39.638
39.635
38.921
37.588
36.255
34.71
32.046
29.383
25.885
22.934
20.271
17.608
14.945
12.282
10.576
8.121
6.788
5.454
3.455
1.666
-0.749
-3.412
-5.701
-7.035
-9.158
-10.823
-12.157
-13.199
-13.701
-14.328
-14.331
-14.334
-14.337
-14.754
-16.088
-16.591
-18.668
-19.087
-21.091
-21.631
-22.964
-23.345
-23.348
-22.86
-21.109
-21.112
-19.379
-17.797
-16.306
-14.014
-12.108
-8.663
-3.681
-0.606
4.429
7.435
9.465
10.31
10.31
7.865
6.534
5.82
5.82
5.82
5.704
4.374
3.575
3.575
3.575
5.788
4.458
3.128
1.798
-0.395
-4.125
-7.96
-10.984
-13.832
-15.94
-16.628
-16.699
-17.75
-17.264
-16.628
-16.628
-16.628
-14.383
-13.578
-10.918
-9.076
-7.746
-3.949
-0.277
2.383
5.043
8.645
11.459
13.023
14.799
16.098
17.044
19.174
19.439
20.769
22.664
23.779
25.739
28.268
28.816
31.476
34.136
36.796
38.352
39.492
39.889
40.01
39.492
37.453
33.459
28.139
22.298
16.377
11.057
6.9
4.469
3.139
2.453
2.453
3.512
3.575
3.223
1.893
-0.204
-2.864
-5.585
-9.307
-12.918
-16.871
-18.641
-21.069
-22.424
-23.362
-24.56
-27.215
-27.852
-28.914
-27.852
-27.415
-26.105
-24.794
-22.483
-20.984
-18.109
-14.62
-12.63
-10.502
-8.887
-7.649
-7.129
-5.404
-5.404
-5.404
-4.392
-3.159
-2.628
-0.914
-0.273
1.038
1.331
3.575
3.575
3.575
3.575
3.575
3.575
3.575
4.129
6.75
9.371
11.991
14.612
18.45
22.099
24.72
26.682
27.992
28.268
28.268
28.268
27.316
24.696
22.075
19.454
17.955
15.334
12.232
8.971
6.35
2.683
-0.126
-4.057
-8.476
-12.366
-15.85
-19.781
-21.234
-22.545
-23.362
-23.362
-23.362
-23.362
-23.608
-25.607
-25.607
-25.607
-26.482
-25.667
-25.351
-23.046
-21.231
-18.611
-15.11
-11.179
-7.381
-4.76
-2.649
-1.339
-0.914
-0.914
-0.914
-0.914
-1.429
-2.74
-3.158
-4.238
-5.548
-6.859
-7.648
-8.356
-9.667
-9.892
-11.165
-12.137
-13.183
-15.08
-16.373
-16.626
-16.626
-16.106
-13.95
-12.053
-9.466
-5.933
-3.169
1.827
6.38
11.834
17.072
24.39
30.11
37.599
44.067
50.122
55.296
58.962
61.549
64.137
64.188
63.555
60.967
58.38
55.794
52.206
48.325
44.223
39.834
36.683
33.537
30.043
27.241
24.779
23.486
22.192
21.538
21.538
21.538
21.539
21.542
21.545
21.549
20.837
19.546
19.313
18.087
17.074
17.077
17.08
17.083
17.086
17.068
14.848
14.145
11.56
8.976
6.393
2.771
0.016
-3.862
-8.169
-12.14
-15.496
-18.431
-22.128
-26.966
-29.55
-33.144
-36.963
-39.548
-44.169
-49.206
-52.266
-57.027
-60.905
-65.534
-68.86
-72.539
-73.886
-74.863
-74.859
-74.201
-72.904
-69.611
-65.774
-62.747
-57.959
-54.075
-49.459
-43.38
-36.909
-31.683
-26.505
-22.259
-20.941
-19.317
-18.69
-18.82
-21.443
-24.064
-26.684
-30.963
-35.189
-37.912
-40.532
-42.681
-43.326
-43.32
-43.314
-41.962
-39.329
-36.204
-30.89
-24.318
-17.746
-9.783
-0.909
6.462
14.447
23.646
32.844
44.289
53.486
62.148
69.305
75.877
81.34
87.365
90.737
94.876
98.26
101.26
103.91
107.45
109.16
110.63
110.64
108.71
106.03
100.56
93.585
85.712
77.838
67.993
56.481
47.624
36.245
25.864
14.374
2.865
-9.023
-22.044
-35.469
-48.875
-62.79
-73.759
-86.456
-96.956
-106.01
-112.57
-117.4
-119.23
-119.17
-117.85
-115.52
-111.57
-105.86
-101.44
-95.789
-86.925
-77.987
-70.343
-62.361
-56.458
-51.199
-46.298
-42.352
-39.146
-36.512
-32.758
-29.003
-25.992
-22.048
-17.342
-11.131
-5.64
3.556
12.755
22.545
31.484
41.318
49.365
53.309
56.828
58.842
58.544
55.208
52.273
48.142
48.146
48.151
48.155
48.159
49.108
47.788
46.468
44.364
40.733
37.886
33.917
29.948
26.651
24.007
20.286
17.596
15.309
13.429
10.784
8.14
6.705
6.709
7.61
8.963
8.967
8.972
8.71
6.736
6.203
5.622
6.568
6.753
6.981
7.459
6.767
5.942
4.622
3.302
2.295
2.299
0.87
1.901
2.312
2.317
2.321
3.535
4.575
6.597
7.005
9.077
9.082
8.392
5.279
1.309
-4.905
-9.254
-13.383
-16.811
-18.807
-20.061
-20.057
-20.053
-19.379
-17.18
-14.53
-10.602
-6.628
-3.213
-0.563
0.159
2.405
2.897
4.651
5.302
6.627
7.953
9.412
12.397
16.371
19.606
23.197
24.906
27.109
26.685
24.734
21.257
17.285
12.079
6.782
2.515
-1.566
-5.025
-8.794
-11.645
-14.811
-16.74
-17.774
-17.773
-17.772
-18.036
-18.892
-19.544
-20.013
-20.012
-19.9
-18.278
-14.647
-8.691
-2.111
5.549
14.872
24.712
32.609
39.043
44.309
49.573
50.902
51.835
51.26
49.174
46.543
45.104
44.875
43.137
41.121
38.185
35.241
30.066
22.436
15.856
7.966
0.451
-9.255
-17.312
-24.593
-29.356
-33.303
-38.14
-41.24
-43.872
-46.85
-50.799
-54.013
-57.573
-61.521
-63.961
-65.663
-67.716
-68.259
-67.292
-67.06
-63.965
-59.126
-53.939
-45.734
-37.527
-29.476
-18.082
-4.457
5.939
14.299
19.059
22.89
25.522
28.154
31.483
35.432
37.21
37.248
36.548
33.916
29.809
23.615
17.034
8.211
0.853
-7.195
-12.999
-16.323
-18.955
-21.822
-24.913
-26.229
-27.545
-28.861
-27.772
-25.907
-21.96
-16.69
-9.254
-1.359
7.66
15.556
22.438
27.702
31.179
34.899
37.409
38.728
39.492
39.492
38.545
34.918
29.207
21.707
15.113
10.134
7.181
3.498
2.179
1.331
0.664
0.208
0.208
0.075
-1.244
-2.563
-3.882
-6.12
-8.757
-11.016
-10.244
-8.771
-6.435
-2.478
0.356
4.313
8.269
12.226
15.347
17.985
20.622
23.26
24.901
26.291
28.037
28.268
30.513
31.229
33.867
36.505
37.248
38.391
39.492
38.664
36.027
31.775
26.499
18.826
10.912
2.527
-6.705
-16.798
-25.23
-33.277
-41.518
-47.319
-52.468
-56.425
-59.266
-61.903
-63.769
-63.769
-63.769
-62.793
-60.303
-57.174
-51.898
-44.707
-37.981
-30.643
-22.625
-13.996
-6.904
0.315
6.018
10.206
15.285
19.599
23.765
27.154
30.163
31.678
34.316
36.539
37.858
38.37
40.377
40.615
40.615
41.085
41.071
40.615
40.615
39.225
36.588
32.891
27.588
20.41
14.69
6.95
0.313
-5.057
-9.04
-13.021
-14.633
-17.287
-19.942
-24.075
-27.496
-29.055
-33.036
-36.582
-39.236
-42.737
-43.566
-46.077
-48.731
-50.843
-52.918
-53.667
-53.597
-51.182
-49.855
-47.879
-45.224
-42.57
-39.915
-36.567
-31.258
-25.949
-20.641
-15.375
-11.393
-6.958
-1.649
4.523
11.159
15.25
19.587
23.776
26.43
29.085
29.391
29.648
30.975
31.636
31.636
32.711
33.88
34.607
36.125
36.125
36.125
33.88
33.35
30.226
26.919
23.385
19.403
16.376
11.811
8.58
4.598
1.602
-0.983
-2.584
-4.281
-4.965
-6.292
-6.526
-7.649
-8.41
-11.063
-13.718
-17.367
-21.349
-25.613
-30.922
-35.539
-38.624
-42.38
-46.178
-48.444
-50.365
-51.422
-51.422
-51.251
-48.596
-46.437
-44.41
-42.661
-40.223
-37.377
-33.395
-30.015
-25.743
-21.433
-16.207
-10.561
-4.423
0.909
6.241
11.537
15.782
21.569
27.566
33.775
40.438
45.806
51.137
56.468
60.187
60.818
62.958
61.625
59.766
56.364
50.471
43.772
36.266
30.478
23.814
17.151
9.398
2.875
-2.843
-8.315
-13.12
-18.452
-22.556
-27.184
-32.797
-37.532
-42.863
-48.196
-53.036
-56.158
-60.156
-62.401
-63.734
-63.594
-61.875
-59.209
-55.737
-49.704
-42.934
-34.937
-26.941
-19.68
-12.07
-6.421
-2.423
2.032
6.697
10.696
13.606
17.57
21.183
23.849
26.514
31.215
34.09
36.757
38.37
38.37
37.423
36.021
32.267
29.145
25.147
22.025
20.447
17.816
15.922
15.326
13.993
13.677
12.555
12.87
13.677
13.677
14.624
15.922
15.922
15.922
15.922
15.045
12.625
9.959
6.522
2.383
-0.283
-2.948
-7.859
-11.156
-15.961
-19.96
-23.011
-23.432
-25.607
-25.607
-24.941
-23.608
-20.101
-17.049
-11.719
-6.387
-1.862
2.137
6.136
10.134
14.133
17.395
20.061
22.726
25.392
27.146
28.479
29.391
29.391
30.689
31.25
30.513
29.707
28.374
27.041
25.392
22.727
20.061
17.395
13.573
9.329
4.453
0.454
-4.422
-7.578
-10.244
-12.91
-15.575
-17.434
-18.767
-21.328
-23.678
-25.537
-27.466
-28.799
-29.009
-29.851
-28.974
-27.642
-24.976
-21.223
-17.225
-12.454
-7.578
-3.3
2.031
5.013
8.38
10.239
12.905
15.571
15.957
17.29
19.078
20.412
22.165
24.83
27.497
30.162
32.828
33.88
33.88
33.88
33.88
32.828
30.899
28.619
25.919
22.411
20.167
16.834
14.168
12.59
11.257
9.924
8.591
7.258
5.926
3.47
2.138
0.279
-2.387
-5.053
-7.684
-9.014
-10.33
-11.643
-12.956
-14.269
-15.66
-18.287
-20.913
-22.889
-25.043
-26.638
-28.973
-29.555
-31.218
-31.218
-31.218
-31.218
-31.095
-29.782
-27.965
-26.728
-24.956
-24.483
-22.238
-21.566
-18.413
-14.474
-10.534
-5.496
1.047
7.255
12.508
17.021
20.031
22.657
25.283
27.529
28.271
27.509
27.149
25.983
23.357
20.73
18.105
15.478
12.851
10.225
7.13
2.728
0.101
-3.332
-6.274
-7.778
-10.404
-13.03
-15.657
-16.624
-18.665
-21.291
-23.638
-25.891
-28.509
-29.822
-30.092
-30.092
-29.79
-28.969
-27.602
-25.85
-23.471
-19.722
-16.447
-11.709
-6.357
-0.688
4.565
7.417
11.01
13.098
15.141
16.847
18.161
20.954
24.894
29.394
33.144
37.655
41.775
45.112
45.503
46.234
45.461
44.148
41.68
38.83
35.305
32.678
30.052
27.426
24.909
24.909
24.481
23.787
24.581
24.91
23.752
22.447
21.142
18.672
15.523
12.914
10.304
7.695
5.457
3.598
0.988
-0.701
-3.109
-7.001
-10.571
-12.653
-14.666
-15.492
-16.565
-17.735
-17.734
-17.234
-15.929
-15.486
-13.394
-10.995
-10.706
-9.4
-8.748
-7.911
-6.605
-6.5
-6.499
-6.498
-6.497
-6.496
-6.495
-6.495
-6.494
-6.493
-6.492
-6.491
-6.49
-6.489
-6.488
-6.487
-6.486
-6.485
-6.484
-6.484
-6.483
-6.482
-6.481
-6.48
-6.479
-4.302
-4.232
-4.231
-4.231
-4.23
-4.229
-4.228
-1.982
-1.981
-1.98
-0.645
0.266
0.267
-0.854
-1.128
-1.975
-1.974
-1.973
-2.976
-4.215
-4.211
-4.636
-5.938
-7.239
-8.541
-11.0
-13.388
-15.491
-19.402
-22.547
-26.101
-28.882
-31.488
-34.094
-35.591
-35.587
-35.584
-34.479
-33.008
-30.395
-27.243
-23.28
-18.374
-15.337
-12.685
-10.033
-7.38
-6.364
-4.319
-1.667
0.381
1.392
2.633
4.452
4.885
4.888
4.892
4.895
3.307
2.657
2.661
2.664
2.668
2.671
2.674
2.678
3.97
4.93
4.933
4.163
3.818
3.821
3.568
2.706
2.709
2.713
2.716
1.597
1.601
1.058
0.492
0.499
0.442
-1.731
-2.596
-4.6
-5.917
-7.233
-8.551
-9.544
-10.063
-12.108
-13.82
-15.136
-16.454
-17.771
-19.704
-21.528
-21.825
-23.04
-24.055
-24.048
-22.628
-21.788
-19.561
-18.217
-16.493
-13.837
-12.772
-10.77
-10.436
-9.104
-8.254
-6.879
-5.109
-3.777
-1.323
0.378
3.605
6.813
9.468
12.125
14.781
17.437
20.094
22.75
24.341
25.817
27.78
27.788
27.795
28.755
27.809
27.817
27.388
26.709
25.876
25.601
25.487
24.173
23.383
23.393
22.466
22.271
21.176
20.758
19.44
17.284
14.64
13.116
10.802
9.483
7.426
5.725
5.503
3.321
2.458
0.454
-0.864
-1.131
-2.244
-2.572
-3.347
-3.338
-3.328
-3.249
-0.825
0.957
2.971
6.872
10.07
12.593
13.93
15.817
16.969
17.939
19.233
19.242
19.251
19.261
19.27
19.28
19.139
17.821
17.063
16.308
14.99
12.55
10.975
8.331
5.685
2.169
-0.728
-4.653
-8.99
-14.289
-18.815
-23.767
-26.701
-29.347
-31.993
-33.965
-35.283
-36.602
-36.631
-36.623
-36.615
-36.606
-35.611
-34.276
-32.94
-31.126
-28.464
-25.8
-22.044
-18.053
-14.064
-10.659
-7.996
-3.343
-0.502
0.833
2.656
3.935
4.84
6.175
6.205
6.214
6.222
6.231
6.239
5.039
4.011
3.524
2.205
-0.019
-2.665
-5.31
-7.957
-10.603
-13.245
-14.87
-16.108
-16.1
-16.092
-16.083
-15.246
-13.924
-13.814
-13.805
-12.856
-11.544
-9.832
-7.196
-6.807
-4.776
-4.275
-2.956
-2.512
-1.442
-1.513
-2.497
-2.492
-3.899
-5.622
-6.931
-6.96
-7.65
-9.195
-9.19
-11.023
-11.424
-11.24
-9.922
-8.043
-5.412
-2.78
-0.137
3.808
7.36
9.991
12.623
15.254
17.821
18.273
20.49
21.809
23.923
25.568
26.941
29.573
32.205
34.837
37.468
40.1
42.654
43.972
44.831
44.837
44.001
42.693
40.262
38.663
36.042
32.749
28.815
25.934
22.068
17.819
13.581
9.569
6.093
1.32
-3.639
-6.931
-11.126
-13.748
-16.373
-18.997
-21.622
-24.247
-27.42
-30.62
-33.244
-34.748
-37.182
-38.494
-39.234
-39.995
-40.353
-40.31
-38.105
-38.104
-36.914
-35.071
-31.805
-27.864
-23.689
-18.008
-13.29
-9.049
-3.803
0.256
4.187
8.122
10.804
12.929
13.55
15.796
15.798
16.684
18.045
18.047
19.055
20.295
20.816
22.543
22.544
24.194
24.792
24.794
24.529
23.221
21.27
19.481
18.171
16.863
15.825
15.827
15.181
15.543
15.831
15.833
15.834
15.836
15.837
14.998
13.688
11.161
8.541
6.392
4.424
1.804
0.218
-2.214
-3.524
-4.358
-4.357
-4.356
-4.355
-4.355
-4.354
-4.835
-6.144
-6.597
-7.642
-8.951
-10.261
-11.083
-11.083
-11.082
-11.081
-11.081
-11.08
-10.586
-9.275
-8.833
-8.832
-8.832
-8.831
-8.83
-8.829
-8.829
-10.954
-11.2
-12.51
-13.819
-15.822
-17.562
-19.94
-22.425
-23.735
-25.045
-26.355
-26.779
-26.778
-26.497
-24.532
-23.499
-21.582
-20.271
-17.879
-15.404
-13.76
-11.139
-8.516
-6.792
-4.396
-1.775
0.847
3.471
4.661
6.489
9.121
11.576
12.893
14.209
15.526
16.842
18.183
20.381
20.381
21.592
22.627
22.628
21.443
20.385
20.385
19.741
18.427
17.111
15.694
13.062
10.429
9.166
8.289
6.974
6.923
6.924
6.925
6.925
6.926
6.927
7.109
7.675
6.929
6.929
5.974
5.781
4.246
2.443
1.226
-1.404
-2.045
-4.355
-5.671
-6.986
-8.301
-9.617
-11.966
-14.598
-17.229
-19.861
-22.492
-25.124
-27.755
-30.244
-31.903
-33.476
-33.48
-33.485
-33.489
-32.187
-31.254
-30.116
-28.253
-26.941
-24.508
-23.196
-21.468
-19.451
-18.139
-15.83
-15.447
-12.82
-10.649
-9.338
-7.182
-4.555
-4.171
-1.544
0.092
1.465
2.327
4.476
4.711
6.022
6.799
8.252
9.034
11.262
13.515
14.271
16.899
19.526
20.231
22.471
22.467
22.462
22.458
21.644
20.317
20.199
20.194
20.19
20.185
21.077
22.398
22.416
23.173
25.234
26.555
28.861
30.317
31.904
34.547
35.84
37.574
38.056
38.042
38.028
38.014
36.477
31.884
28.862
25.12
22.458
19.794
17.132
14.468
10.683
8.021
5.357
3.434
1.154
-0.366
-1.927
-4.165
-6.131
-7.964
-10.333
-12.997
-15.659
-18.323
-20.985
-23.649
-25.19
-27.851
-30.112
-31.451
-33.597
-34.241
-34.255
-34.269
-34.284
-34.298
-32.518
-32.081
-29.85
-29.103
-27.051
-25.74
-23.444
-23.053
-20.955
-20.499
-19.189
-18.753
-16.614
-15.257
-13.589
-10.954
-8.32
-5.684
-3.007
1.444
6.709
9.344
11.978
14.613
15.002
17.636
19.196
19.182
21.051
21.398
21.384
20.944
19.606
19.096
19.082
16.823
16.183
13.519
11.573
10.234
7.775
5.513
4.693
2.635
1.293
-0.054
-1.294
-1.632
-2.982
-3.582
-5.523
-7.032
-8.382
-9.733
-11.083
-13.341
-14.906
-16.255
-18.032
-20.078
-21.428
-23.842
-24.284
-26.232
-26.247
-27.852
-28.52
-28.436
-26.801
-24.67
-22.61
-19.953
-19.542
-16.884
-15.167
-13.816
-11.159
-8.502
-7.162
-5.418
-4.005
-2.33
-1.77
0.47
1.18
3.846
4.944
6.935
8.39
10.023
11.659
11.654
12.591
12.735
11.64
11.635
10.958
9.618
8.277
6.937
5.998
5.377
4.866
4.861
3.734
3.382
2.602
2.597
2.592
2.51
1.459
0.951
0.327
-0.607
-1.927
-1.932
-1.937
-1.942
-1.947
-1.952
-1.957
-1.962
-1.967
-1.972
-1.977
-1.981
-1.986
-1.991
-1.996
-2.001
-2.006
-2.29
-3.63
-4.265
-4.27
-5.398
-5.18
-4.281
-4.281
-4.281
-2.129
-1.87
-0.534
1.395
2.453
4.493
4.92
6.943
8.017
9.938
11.273
11.487
12.822
13.677
15.066
15.922
18.164
18.59
20.412
20.412
20.412
22.54
22.656
22.656
22.656
22.656
22.656
21.434
20.412
19.359
18.167
17.214
15.879
14.543
12.738
10.75
8.517
8.065
6.742
5.406
4.698
4.698
3.644
2.453
2.096
0.189
-1.698
-3.034
-4.37
-6.007
-8.163
-9.499
-9.893
-11.016
-11.016
-11.016
-10.344
-9.008
-8.771
-8.771
-7.967
-6.526
-6.526
-6.526
-4.281
-3.588
-1.477
-0.141
2.181
3.652
5.279
7.949
9.904
11.24
13.719
15.922
16.817
18.167
19.914
20.412
20.59
21.534
20.93
20.412
19.38
17.923
15.251
12.581
9.909
6.262
3.443
0.772
-2.391
-5.692
-7.445
-9.903
-11.238
-13.01
-14.383
-15.246
-16.581
-17.75
-18.13
-19.466
-19.995
-19.995
-21.117
-21.117
-20.625
-19.995
-19.995
-19.995
-19.995
-19.995
-18.83
-17.75
-15.777
-15.373
-13.261
-13.261
-11.916
-11.016
-11.016
-8.771
-8.771
-8.211
-6.887
-6.526
-6.526
-6.034
-4.281
-4.281
-2.578
-2.037
-2.037
-2.037
-2.037
-2.037
-2.037
-2.037
-2.037
-1.611
-0.287
0.208
2.27
3.687
5.324
6.943
8.376
9.188
11.429
11.432
11.432
12.037
13.361
13.677
12.643
13.387
12.062
11.432
11.432
11.432
10.132
8.426
6.36
5.035
2.725
0.142
-1.183
-2.507
-3.832
-4.281
-4.281
-4.281
-4.281
-3.161
-2.037
-1.072
0.252
1.577
2.453
3.753
4.698
5.752
6.943
6.943
8.018
9.188
9.188
10.331
11.432
11.432
11.432
11.432
9.37
8.965
6.317
4.183
2.859
0.615
-0.913
-2.237
-3.562
-4.281
-5.088
-5.404
-6.526
-6.526
-6.526
-6.526
-7.406
-8.728
-8.771
-8.771
-8.771
-9.525
-10.846
-11.016
-11.016
-11.016
-11.643
-12.965
-13.261
-14.486
-15.505
-16.508
-19.151
-20.895
-22.216
-22.416
-23.737
-24.485
-24.485
-26.43
-26.73
-26.73
-26.73
-26.083
-23.914
-22.317
-19.75
-16.785
-12.82
-9.576
-6.015
-3.167
-0.524
2.119
4.762
6.613
8.926
11.569
13.677
14.611
15.922
17.653
18.167
18.167
18.167
18.167
18.167
18.167
18.167
18.167
18.581
19.903
20.412
20.412
20.412
20.124
19.289
18.603
18.167
18.167
18.167
18.167
18.167
17.407
17.044
15.922
15.922
15.922
15.922
15.922
13.859
13.677
13.061
11.432
10.726
9.404
9.188
7.884
6.563
5.242
4.7
2.744
1.28
-0.041
-1.815
-3.152
-4.855
-6.446
-7.895
-10.537
-12.653
-13.971
-16.209
-17.729
-19.048
-20.751
-22.805
-24.123
-25.441
-25.587
-25.586
-25.143
-24.462
-25.296
-24.551
-24.459
-24.458
-24.457
-24.456
-22.672
-22.209
-22.208
-21.85
-20.53
-19.961
-19.96
-17.714
-17.713
-17.298
-15.978
-15.465
-15.464
-15.309
-13.218
-13.217
-11.883
-10.106
-8.787
-6.478
-6.148
-4.828
-3.508
-2.188
-0.868
0.262
0.649
1.969
2.509
2.51
2.512
2.267
1.393
0.755
-0.562
-1.88
-1.969
-1.967
-1.966
-1.964
-1.963
-1.961
-1.798
-0.478
0.288
1.792
2.536
4.803
6.124
7.859
10.497
13.137
13.769
16.17
18.262
18.733
20.054
20.511
20.512
20.38
19.063
18.272
17.551
16.234
14.916
13.789
13.404
12.086
11.548
11.55
11.551
11.553
12.439
13.801
13.802
13.804
13.805
13.807
13.31
11.992
11.566
10.48
9.173
7.867
7.083
7.084
7.086
6.011
4.844
4.844
4.844
4.843
4.843
4.842
4.842
5.155
6.462
7.086
7.085
7.085
7.084
7.084
7.083
6.411
5.102
2.752
2.487
1.179
-0.13
-0.776
-1.624
-2.931
-3.116
-4.145
-4.145
-3.496
-2.189
-1.902
0.343
0.879
3.04
4.347
6.479
7.075
9.319
9.576
10.884
11.563
10.75
10.44
10.439
10.193
9.316
9.316
9.315
8.328
8.142
7.069
7.069
7.068
7.068
6.092
5.945
5.944
5.535
4.821
4.821
4.82
4.82
4.819
4.818
4.816
4.814
3.86
2.55
1.242
-0.454
-2.499
-4.565
-6.239
-7.554
-10.17
-12.787
-14.843
-16.898
-18.584
-21.009
-22.504
-24.392
-24.942
-24.782
-25.316
-24.415
-24.399
-24.048
-22.742
-22.159
-20.344
-17.73
-15.272
-13.967
-12.131
-9.509
-6.884
-4.259
-1.801
-0.49
0.273
1.011
2.323
2.513
4.756
5.516
7.57
8.881
10.193
11.483
11.907
13.725
13.724
13.722
13.721
14.842
14.84
14.839
14.837
14.836
14.834
12.588
12.587
12.139
10.825
9.512
9.219
8.008
6.974
6.503
5.189
3.876
2.563
1.249
-0.366
-2.5
-4.496
-6.249
-7.562
-8.876
-10.189
-11.502
-12.11
-13.007
-13.233
-13.233
-13.233
-13.233
-13.234
-13.234
-12.124
-10.81
-9.498
-8.185
-6.872
-6.501
-4.256
-3.854
-1.62
-0.307
1.007
2.32
3.632
4.722
4.722
4.721
4.721
4.721
4.721
4.721
4.72
4.72
4.72
4.72
4.72
4.451
3.138
2.474
2.474
1.442
0.229
-0.062
-1.373
-2.684
-3.132
-4.183
-5.494
-6.491
-6.489
-6.486
-6.484
-6.481
-6.333
-5.018
-4.229
-4.226
-2.352
-1.94
0.271
0.273
-0.357
-1.682
-3.006
-4.332
-5.985
-8.103
-9.427
-11.696
-13.226
-15.647
-17.408
-19.418
-20.743
-22.068
-22.27
-23.256
-23.797
-24.374
-23.418
-22.053
-19.637
-18.306
-16.327
-13.671
-12.073
-10.601
-7.944
-6.39
-4.874
-3.179
-1.806
0.355
0.81
2.14
2.607
4.745
4.857
4.86
4.862
4.865
3.897
3.748
3.495
2.171
1.514
0.646
0.398
0.243
-1.08
-1.836
-1.832
-1.829
-2.948
-2.944
-2.941
-2.937
-2.934
-2.93
-2.926
-2.551
-1.797
-1.793
-1.79
-1.786
-2.057
-2.902
-2.215
-2.66
-2.891
-4.01
-4.006
-4.003
-3.999
-4.99
-6.237
-6.234
-6.23
-6.226
-7.12
-8.443
-8.461
-8.457
-8.454
-9.249
-9.569
-10.688
-10.684
-11.176
-12.5
-12.918
-12.915
-12.911
-12.908
-12.904
-12.093
-10.76
-9.426
-7.786
-5.123
-2.458
0.204
0.62
2.835
3.697
6.357
9.019
9.572
12.095
14.409
15.739
17.832
18.554
19.732
20.8
20.801
20.801
20.802
18.617
18.558
18.559
18.559
18.56
18.561
18.561
18.26
17.44
16.724
16.319
16.32
16.32
15.895
14.566
14.077
14.078
12.823
11.834
11.286
9.957
8.627
7.347
6.834
5.104
3.76
2.86
0.686
-0.678
-2.008
-3.337
-4.667
-4.993
-6.115
-6.114
-6.114
-6.113
-6.112
-6.116
-7.234
-7.233
-7.859
-8.354
-8.355
-8.355
-8.356
-8.356
-8.357
-8.358
-8.315
-6.985
-5.656
-4.326
-2.123
0.538
1.907
3.611
5.689
7.018
7.35
8.555
9.594
9.593
9.593
9.592
9.592
9.591
9.177
7.846
7.345
7.344
6.099
5.098
4.023
2.852
2.852
1.691
0.606
0.605
0.605
0.604
0.603
-1.642
-2.028
-3.362
-4.695
-6.029
-7.257
-7.573
-8.906
-9.503
-10.451
-10.661
-11.75
-12.206
-12.873
-12.874
-13.962
-14.173
-15.12
-15.121
-15.121
-15.12
-13.997
-13.68
-12.873
-12.873
-11.924
-10.626
-10.626
-10.169
-8.835
-8.379
-8.378
-7.255
-6.869
-6.131
-6.13
-7.147
-8.374
-8.689
-10.02
-11.353
-12.685
-12.894
-14.227
-15.559
-16.891
-17.346
-17.346
-18.643
-19.589
-19.588
-19.587
-19.587
-19.586
-19.585
-19.585
-18.847
-17.514
-17.268
-15.092
-14.18
-12.846
-11.092
-10.6
-8.003
-6.109
-4.915
-3.862
-1.827
-0.389
0.945
2.279
2.876
3.823
5.122
5.368
6.246
6.913
7.37
7.373
8.497
8.886
9.625
9.627
9.63
9.737
10.757
10.759
10.762
10.764
10.731
9.646
9.649
9.651
8.777
8.534
7.414
7.802
8.541
8.543
8.546
7.426
7.112
6.308
5.574
6.138
6.315
6.318
6.776
7.445
7.448
7.45
7.803
9.7
10.894
11.949
12.969
14.199
14.201
14.204
15.679
16.453
18.701
18.703
18.705
18.708
18.71
17.625
16.47
16.087
14.756
12.618
10.973
9.537
7.19
5.334
3.407
2.077
0.713
-1.703
-3.032
-4.36
-6.565
-8.139
-9.468
-10.797
-11.529
-12.331
-12.643
-12.638
-12.634
-12.63
-12.625
-12.621
-12.617
-12.367
-11.486
-10.815
-10.355
-10.35
-8.101
-8.097
-6.9
-5.844
-5.839
-3.59
-3.27
-1.933
-0.595
0.741
0.991
3.17
3.631
4.967
5.428
7.607
8.031
10.316
11.653
12.991
14.328
14.437
14.757
15.568
15.573
14.63
14.459
14.463
14.468
13.806
13.354
12.271
12.24
12.244
12.249
11.447
11.136
10.021
10.028
9.521
8.198
5.945
2.169
-0.483
-3.136
-5.789
-8.442
-11.095
-13.608
-14.931
-16.253
-17.576
-18.899
-19.1
-20.159
-20.623
-21.267
-21.26
-21.253
-22.19
-21.238
-20.044
-18.177
-16.84
-14.286
-11.92
-10.074
-8.123
-5.861
-3.194
-0.526
2.141
4.808
6.635
7.973
10.566
13.234
15.352
16.69
18.99
19.364
20.702
21.575
21.582
21.589
19.422
19.359
19.367
18.198
17.136
17.144
15.94
14.914
13.914
12.684
11.773
10.457
10.255
8.935
7.614
6.294
6.017
4.777
3.456
2.136
1.567
0.618
-0.658
-0.648
-1.097
-2.418
-2.864
-2.854
-2.844
-2.834
-2.824
-2.814
-2.804
-0.549
-0.539
-0.529
0.892
1.735
1.745
1.755
1.765
1.153
0.662
-0.365
-1.685
-3.005
-4.325
-5.645
-7.918
-9.408
-10.482
-10.929
-11.585
-11.575
-11.565
-11.555
-11.545
-10.939
-9.597
-9.271
-7.016
-6.374
-4.225
-2.882
-1.539
-0.197
1.146
2.489
3.165
4.051
4.303
4.308
3.929
3.198
2.397
3.105
3.216
3.222
3.228
2.497
2.117
0.966
-0.116
-0.11
-0.77
-2.097
-2.337
-2.331
-2.325
-2.915
-2.629
-2.307
-2.301
-2.611
-3.412
-4.142
-4.522
-4.552
-5.878
-6.749
-7.41
-8.737
-10.064
-11.391
-12.332
-12.922
-14.249
-14.559
-15.675
-15.669
-15.663
-15.657
-15.652
-15.646
-15.64
-15.634
-15.628
-15.622
-15.616
-14.663
-15.218
-14.476
-14.47
-14.464
-13.336
-13.33
-13.324
-13.318
-13.314
-13.242
-11.067
-11.066
-9.731
-8.819
-6.644
-6.222
-3.555
-2.081
-1.274
0.06
1.393
2.728
4.062
4.659
5.607
5.783
5.538
4.662
3.997
2.665
2.42
1.299
0.936
0.178
0.179
0.18
0.143
-0.941
-0.503
0.183
0.184
0.185
2.431
3.052
4.677
6.096
7.832
9.155
11.415
12.183
13.662
13.663
13.664
13.665
13.666
13.666
13.667
14.523
14.791
13.67
13.01
11.427
9.971
9.184
8.057
6.534
4.294
2.973
2.453
2.453
1.253
0.208
0.208
-0.467
-0.914
-1.987
-3.159
-3.508
-4.281
-5.029
-6.351
-7.649
-7.872
-8.771
-9.392
-9.893
-9.893
-9.991
-11.016
-11.511
-12.138
-12.138
-13.231
-13.261
-13.261
-13.261
-13.261
-13.261
-13.261
-13.261
-12.818
-11.497
-11.016
-11.016
-9.893
-9.577
-8.771
-8.771
-8.771
-6.545
-6.526
-6.526
-6.526
-4.951
-4.281
-4.281
-4.019
-2.697
-2.037
-2.037
-2.037
-1.901
-0.579
0.208
1.676
2.453
4.698
4.907
6.229
6.943
7.747
8.065
9.188
9.42
10.724
11.432
11.432
11.432
11.432
11.432
11.432
11.432
11.432
11.432
10.316
10.31
9.951
9.188
9.188
9.188
8.1
7.917
6.943
6.943
5.553
4.698
4.698
4.938
6.943
6.943
6.943
6.093
4.788
4.698
4.698
4.698
4.698
3.876
2.572
2.453
2.453
2.024
0.72
0.208
-0.767
-0.95
-2.037
-2.437
-3.159
-3.924
-4.281
-4.289
-5.404
-5.777
-6.526
-6.526
-7.446
-7.649
-8.771
-8.771
-8.771
-8.771
-9.663
-9.893
-11.016
-10.699
-9.893
-9.212
-8.771
-8.771
-8.771
-8.483
-7.649
-7.649
-7.649
-7.649
-8.771
-8.771
-8.771
-8.771
-8.771
-8.771
-8.771
-8.771
-8.771
-8.771
-7.991
-6.687
-6.526
-6.322
-5.018
-4.281
-4.281
-2.414
-2.037
-1.684
0.208
1.29
2.453
4.264
4.698
6.943
7.604
9.7
11.005
11.432
12.492
12.675
13.677
13.677
13.677
13.677
13.677
13.677
13.677
13.677
13.038
11.733
11.432
11.368
10.064
9.188
7.966
6.943
6.943
6.943
6.943
6.141
4.698
4.698
4.698
3.575
3.385
2.453
2.453
2.453
1.533
0.229
0.208
0.208
0.208
-0.501
-0.914
-1.988
-2.171
-3.475
-4.78
-6.085
-6.526
-8.618
-9.999
-11.304
-12.138
-13.444
-14.383
-15.401
-15.583
-16.628
-16.628
-16.628
-16.628
-16.628
-16.578
-15.505
-15.505
-14.312
-13.261
-11.337
-10.972
-8.567
-7.262
-5.957
-4.653
-4.281
-3.165
-3.159
-2.8
-2.037
-2.037
-2.037
-2.037
-2.037
-2.037
-2.037
-2.037
-1.159
-0.914
0.208
0.511
1.331
1.331
2.18
2.453
2.361
1.331
0.874
0.208
-0.613
-1.918
-2.1
-3.406
-4.713
-5.404
-6.206
-6.526
-6.576
-7.884
-9.191
-10.499
-11.016
-11.992
-11.016
-11.016
-11.016
-11.016
-9.457
-8.771
-6.526
-6.1
-3.884
-2.576
-0.5
0.208
0.224
1.532
2.453
3.025
4.333
6.582
6.948
8.065
8.44
9.188
9.188
9.188
9.188
9.188
9.188
9.188
9.188
9.188
9.188
8.065
7.712
6.943
6.219
5.82
4.727
3.575
3.234
1.926
0.619
0.208
-0.874
-2.182
-3.49
-4.797
-5.404
-6.29
-6.526
-6.66
-7.649
-7.649
-7.649
-7.649
-7.649
-7.649
-7.649
-8.142
-8.771
-7.908
-8.698
-8.771
-8.474
-7.649
-7.649
-7.649
-6.611
-6.526
-6.526
-6.055
-4.748
-4.281
-4.281
-2.037
-2.037
-1.118
0.208
0.208
0.208
2.453
2.716
4.023
4.698
4.698
5.701
6.943
6.943
6.943
6.943
6.135
5.82
4.698
4.698
4.261
2.951
1.641
-0.67
-2.103
-3.159
-3.601
-4.281
-4.281
-4.281
-5.404
-5.404
-5.404
-5.404
-4.58
-4.281
-4.281
-4.281
-4.281
-4.281
-4.281
-4.281
-4.117
-2.037
-2.037
-2.037
-2.871
-3.159
-4.281
-4.281
-4.281
-4.281
-4.281
-4.281
-4.281
-4.281
-4.281
-4.281
-4.281
-4.281
-4.379
-5.404
-5.878
-6.526
-7.376
-8.686
-8.771
-8.771
-8.771
-8.771
-8.771
-8.771
-6.526
-5.933
-4.286
-2.947
-2.053
0.038
0.407
2.418
3.392
4.651
6.377
6.884
9.122
9.424
10.728
11.349
11.343
11.337
10.208
9.89
9.074
8.379
7.939
7.933
6.805
6.799
6.793
6.787
5.899
5.652
5.511
4.518
4.512
4.506
3.613
3.371
2.243
1.908
0.592
-0.02
-0.026
-2.193
-2.283
-2.623
-3.939
-4.546
-5.444
-5.68
-6.809
-6.815
-7.839
-9.071
-9.958
-11.271
-12.585
-13.585
-13.591
-14.28
-14.726
-14.732
-13.615
-13.621
-13.627
-13.633
-13.639
-11.564
-11.407
-11.413
-11.419
