-6.07058E-5
3.3027E-5
1.94428E-4
7.22528E-4
8.43618E-4
7.42317E-4
8.569E-4
9.26257E-4
6.07156E-4
-6.37633E-5
-6.48809E-4
-0.00120102
-0.00125856
-0.00111933
-0.00102696
-4.77215E-5
-2.37088E-5
3.66394E-4
9.31105E-4
5.64656E-4
-1.50187E-4
-1.20053E-4
-6.55785E-4
-9.2625E-4
-0.00110153
-0.00128989
-0.0012093
-9.9473E-4
-2.63224E-4
4.25481E-5
2.04799E-4
2.81946E-4
5.52466E-4
0.00146959
0.0017669
0.00164435
0.00147186
0.00126618
0.00157956
0.00150657
0.00139408
0.0012335
0.0013495
0.00152938
0.00107704
3.9064E-4
-3.77945E-4
-0.001218
-0.001827
-0.00167975
-0.00202328
-0.00146499
-9.31583E-4
-5.84277E-4
-2.43762E-5
5.63103E-5
4.25208E-5
1.84646E-4
-2.05913E-4
-7.88111E-4
-9.76783E-4
-8.36478E-4
-8.76963E-4
-8.33097E-4
-8.11884E-4
-6.49409E-4
2.72046E-5
5.09148E-4
2.02618E-4
8.28846E-4
0.00159238
0.00165286
-4.46706E-4
-0.00119122
-6.45621E-4
-5.64851E-4
-8.43288E-4
-9.7614E-5
4.7609E-4
7.85705E-4
8.99071E-4
0.00124878
0.00144385
0.00144009
5.76459E-4
-4.13187E-4
-9.51257E-4
-9.59575E-4
-0.00114456
-6.44104E-4
-7.97773E-4
-3.37617E-4
-7.42996E-4
-8.77048E-4
-9.29163E-4
-6.2463E-4
-1.81683E-4
0.00100022
0.00236909
0.00328673
0.00297928
0.00274405
0.00149003
1.84923E-4
-5.12104E-5
-5.93985E-4
-4.82069E-4
8.64868E-4
0.00162696
0.00171665
9.4624E-4
1.75236E-4
-5.126E-4
-0.00146785
-0.00199933
-0.00166811
-0.00148181
-8.21586E-4
-7.24602E-4
-7.28023E-4
-8.10492E-4
-0.00167702
-0.00251179
-0.00172324
-5.85553E-4
6.29317E-4
0.00130067
0.00167715
0.00176345
9.5239E-4
5.70825E-4
8.17976E-4
1.50739E-4
7.82647E-4
0.00109801
0.00143427
0.0012208
3.24523E-4
-0.00138929
-0.00185376
-0.00321444
-0.00404749
-0.0037176
-0.00358522
-0.00336934
-0.00315019
-0.00289203
-0.00211776
-0.00267419
-0.00294213
-0.00325815
-0.0024534
-0.00208836
-0.00161155
-7.08438E-5
0.00138252
0.00249284
0.00304861
0.00279303
0.00251492
0.00256143
0.00284681
0.00396353
0.00394877
0.00273364
0.00189112
0.00210863
0.00191783
0.00184318
8.80247E-4
3.48173E-4
7.57066E-4
0.00141728
0.00209962
0.00365987
0.00393345
0.00266403
8.00858E-4
-8.34245E-4
-0.00122287
-0.00180197
-0.00214111
-0.00163103
-7.98592E-4
-0.00150137
-0.0030575
-0.00279089
-0.00290647
-0.00298122
-0.00254482
-0.00213608
-0.00160227
-6.09798E-4
-2.38655E-4
-5.86743E-4
-1.60888E-4
4.70295E-4
0.00105785
0.0017271
0.00238971
0.00395743
0.00467562
0.00495444
0.00489668
0.00386315
0.00210677
0.00100091
3.30412E-4
5.14678E-4
7.74147E-5
-2.85057E-4
-0.00128155
-0.00154566
-0.00213623
-0.00307775
-0.00284154
-0.00260129
-0.00256443
-0.00281469
-0.00363592
-0.00332337
-0.00232967
-0.00115985
2.66668E-4
9.5766E-4
0.00158309
0.00238678
0.00259314
0.00217241
0.00243531
0.00212393
0.00170718
0.00110773
0.00121654
8.27668E-4
-5.3331E-5
-0.00117354
-0.0011517
-0.00238159
-0.00413613
-0.00517437
-0.00536964
-0.00477445
-0.00380075
-0.00352809
-0.00331008
-0.00163843
6.0049E-4
0.00155881
0.00141995
0.00145365
0.00185813
0.00216719
0.00328916
0.00349469
0.00356333
0.00478523
0.00560743
0.00531009
0.00505266
0.0044331
0.00276619
0.00269017
0.00278814
0.00222293
0.00212514
0.00160496
0.00175866
5.84965E-4
-4.69022E-4
-0.00126156
-0.00199137
-0.00328118
-0.00328331
-0.00253819
-0.00204083
-0.00223253
-0.00335623
-0.00382662
-0.0028224
-0.00320239
-0.00330374
-0.00390371
-0.0037162
-0.00401375
-0.00102632
-1.31773E-4
-3.71675E-4
9.23559E-4
0.00210785
0.00292628
0.00286726
0.00249244
0.00222103
0.00166373
0.00150065
0.00325086
0.00363268
0.0033904
0.00249219
4.59508E-4
-0.00143413
-0.00217047
-0.00221704
-0.00221018
-0.00174768
-0.00131372
-6.75489E-4
-5.4039E-5
-9.96531E-4
-0.00203108
-0.00332938
-0.00294253
-0.00197279
-7.89073E-4
7.8859E-4
0.00228265
0.00334767
0.00405112
0.00408535
0.00315128
0.00147908
-4.05021E-4
-0.00158369
-0.00113212
-3.14615E-4
-1.94401E-4
-4.68456E-4
-1.87763E-4
-3.18053E-4
0.00176196
0.00320536
0.00442374
0.00475481
0.00450602
0.00373986
0.00182347
7.00427E-4
-7.57754E-4
-0.00245515
-0.00262649
-0.00236633
-0.00295693
-0.00353558
-0.0040848
-0.00493651
-0.00466857
-0.00371309
-0.00226123
-0.00122084
-4.3318E-4
-5.41119E-4
-4.47253E-4
-4.69919E-4
0.00100196
0.00212833
0.00269012
0.00277826
0.00185383
7.785E-4
-7.7492E-4
-1.44125E-4
0.00115732
0.00124492
0.00185667
0.00163268
0.00148058
9.00182E-4
8.72786E-4
-0.00200111
-0.00511923
-0.00584307
-0.00559386
-0.00478906
-0.00353739
-0.00189064
-8.13761E-4
-4.493E-4
-3.45845E-4
-6.93381E-7
0.00127251
0.00225064
0.0034288
0.00405169
0.00369434
0.00210908
9.27024E-4
0.00124502
0.0010494
0.00174169
0.00221026
0.00367384
0.0041016
0.00244627
-5.10854E-4
-0.00274376
-0.0033392
-0.00410063
-0.00525339
-0.00644379
-0.00590665
-0.00326729
-0.00212496
-0.0021781
-0.002053
-0.00175817
-0.00231848
-0.00268521
-0.00215279
-0.00224934
-0.0016965
-0.00118321
-0.0012993
-0.00106463
-0.00147187
-0.00127685
-9.70223E-4
-9.17814E-4
-4.90303E-4
-1.85218E-4
-7.89615E-4
-1.72972E-5
4.84833E-4
0.00101154
0.00195186
0.00351811
0.00447911
0.00513792
0.00488338
0.00447102
0.00393329
0.00327772
0.00186795
1.22822E-4
-8.0617E-4
-3.4922E-4
-3.08452E-4
3.005E-4
4.16926E-4
-9.54659E-4
-0.00198923
-0.00180137
-0.00165881
-0.0016557
-0.00150556
-0.00149523
-0.00146135
-0.00136173
-0.0013174
-0.00122549
-0.00129832
-9.90755E-4
-0.00199019
-0.00341634
-0.00383411
-0.00320679
-0.00146991
0.00219718
0.00499602
0.00653077
0.00730457
0.00668473
0.00358194
5.63669E-4
-6.90328E-4
-0.0013322
-0.00170281
-0.00195837
-4.46925E-4
0.00102997
0.00212468
0.0036866
0.00438846
0.00434835
0.00287798
0.00155896
7.84131E-4
3.83817E-4
-2.46566E-4
-9.62123E-4
-3.38652E-4
0.00187927
0.00478841
0.00715566
0.00832153
0.0069935
0.0046019
0.00107959
-6.33897E-4
-0.0019383
-0.00205571
-0.00351476
-0.00464661
-0.00587418
-0.00541435
-0.00397833
-0.00205619
3.17377E-4
0.00222242
0.00312942
0.00374381
0.00510219
0.00534335
0.00454053
0.00257249
5.98518E-4
-0.00160777
-0.00225916
-0.00230851
-0.00129324
9.04278E-5
0.00198812
0.00182805
5.85572E-4
8.55273E-6
8.41952E-4
0.00232344
0.00550551
0.00925145
0.0112509
0.0124028
0.0108771
0.00999007
0.00814298
0.00742044
0.00709093
0.0074672
0.00845108
0.0093886
0.0101289
0.0109841
0.010875
0.00957565
0.00548664
0.00196061
-8.57864E-4
-0.00408769
-0.00798337
-0.0120077
-0.0154981
-0.0169603
-0.0183256
-0.0172175
-0.0162207
-0.0187661
-0.0228705
-0.0250927
-0.0260596
-0.0239503
-0.0209018
-0.017818
-0.0151885
-0.012114
-0.00774736
-0.00451238
-0.00133891
9.26598E-4
0.00429766
0.00752226
0.0116352
0.0171933
0.0200909
0.0199795
0.0199305
0.0182407
0.0162744
0.0135661
0.0100253
0.00766629
0.0058369
0.00358164
-7.16749E-4
-0.00772271
-0.0160676
-0.0222879
-0.0239321
-0.0214592
-0.0175073
-0.0140682
-0.0108629
-0.00795033
-0.00727708
-0.00883631
-0.0100313
-0.0106266
-0.00813788
-1.24081E-4
0.0105688
0.017791
0.0194555
0.0183102
0.0162158
0.013746
0.00909295
0.00225199
-0.00549938
-0.0102065
-0.0105443
-0.00939332
-0.00711468
-0.00392757
-0.00173609
-0.00126959
-0.00151987
-0.00309357
-0.00280958
-8.60515E-4
0.00151015
0.0027528
0.00253697
8.48088E-4
-7.56315E-4
-0.0033075
-0.00493907
-0.00728226
-0.00856845
-0.00889182
-0.00695032
-0.00333532
0.00141086
0.00348485
0.00314138
7.87803E-4
-0.00296365
-0.00582369
-0.00657488
-0.00633343
-0.00780988
-0.00791152
-0.00678679
-0.0047271
-0.00167725
0.00262134
0.00729467
0.0126953
0.0173653
0.0211353
0.0250304
0.027116
0.0255866
0.0192971
0.00876474
-0.00206434
-0.0103803
-0.0127904
-0.0106293
-0.00512558
1.1762E-4
0.00445073
0.00777876
0.00898879
0.00874662
0.00725692
0.00430572
7.06084E-4
-0.00254863
-0.00511688
-0.00731846
-0.00771718
-0.00836425
-0.0106807
-0.0127243
-0.0140503
-0.0133979
-0.00868388
-0.00311251
1.62779E-4
6.80065E-4
6.00779E-6
-0.00140468
-0.00304414
-0.00424463
-0.00799617
-0.0124507
-0.0150688
-0.0152286
-0.0128881
-0.0106875
-0.00974157
-0.00781505
-0.00501323
-0.0012538
0.00388917
0.00738804
0.011573
0.015015
0.016909
0.0167872
0.0158325
0.0154566
0.0149681
0.0144365
0.0125715
0.00672258
-0.00227844
-0.00900591
-0.00967988
-0.00547455
-7.57404E-4
0.00229636
0.00404395
0.00471845
0.00633517
0.00670569
0.00596748
0.00594171
0.00642702
0.00965401
0.0139965
0.0164836
0.016246
0.0153273
0.0125867
0.00806621
0.0033241
-0.0017546
-0.00706652
-0.0117385
-0.0134028
-0.0127178
-0.00753399
-0.00136583
0.00428196
0.00680296
0.00520606
0.00306973
0.00206782
0.00374032
0.00446625
0.0031405
8.14521E-4
-0.00237975
-0.00723247
-0.00855946
-0.00672635
-0.002932
0.00174989
0.00583582
0.00905078
0.0116974
0.0133522
0.0134389
0.0120001
0.00892175
0.00571298
0.00299028
-3.03418E-4
-0.00188113
-0.0022278
-0.00225913
-0.00177945
2.41585E-4
0.0027884
0.00543186
0.00773294
0.00854288
0.00959882
0.00989201
0.00695586
0.00116656
-0.0069181
-0.0120763
-0.0142093
-0.0140326
-0.0124876
-0.0127368
-0.0143632
-0.0133862
-0.00982997
-0.00402774
6.61296E-4
0.00190836
7.52151E-4
-5.54252E-4
-6.56173E-4
-0.00115761
-9.5017E-4
-0.00144876
-0.00263047
-0.00456292
-0.00634616
-0.00859787
-0.00885143
-0.00726044
-0.00279451
0.0020796
0.00514331
0.00562047
0.00282851
-0.00189417
-0.00732908
-0.0112469
-0.0114134
-0.0090676
-0.00866122
-0.00850508
-0.00746496
-0.00234605
0.00441327
0.00934428
0.0136169
0.0175179
0.0213922
0.0245894
0.0241212
0.0210743
0.0151821
0.00824713
0.0014229
-0.00447575
-0.00696337
-0.00773659
-0.00556578
-0.00336493
-0.00331162
-0.00335352
-0.00395227
-0.0052339
-0.00688524
-0.0070596
-0.00437582
-6.6291E-4
0.00498411
0.0100688
0.0137085
0.0135449
0.0100496
0.00472532
0.00123291
-0.00138294
-0.00485507
-0.00965008
-0.0143205
-0.0162426
-0.0173428
-0.0187445
-0.0204426
-0.0189979
-0.013352
-0.00778168
-0.00651501
-0.00866067
-0.0139514
-0.0201924
-0.0247496
-0.0239151
-0.0174931
-0.00542355
0.0108567
0.0239307
0.0303659
0.0311605
0.027971
0.0240991
0.0200006
0.0175764
0.0150318
0.0127324
0.0118624
0.00914895
0.00638066
0.0033628
-0.00109768
-0.0107957
-0.0216761
-0.0256953
-0.0229842
-0.0179165
-0.00985089
-8.94504E-4
0.00724649
0.0113869
0.0115908
0.00991775
0.00902182
0.0086084
0.00961525
0.00942169
0.00820653
0.00490654
0.00159019
6.6509E-4
0.00229743
0.00832481
0.0148976
0.0189164
0.0192305
0.0176167
0.0150866
0.00981551
0.00362841
-0.00415626
-0.0129486
-0.0195155
-0.0217507
-0.0194305
-0.0134123
-0.00751322
-0.00651076
-0.00956673
-0.0139842
-0.0154297
-0.0119811
-0.00596159
-8.14706E-4
0.0029021
0.00490834
0.00355757
-8.85498E-4
-0.00600906
-0.0109241
-0.0141029
-0.0143833
-0.00838979
4.46877E-4
0.0078942
0.0107669
0.00927259
0.00520067
3.77938E-4
-0.00262141
-0.00308199
-0.0024754
-0.00179258
-2.62772E-4
3.38292E-4
0.0032764
0.0116567
0.0204971
0.0231891
0.0175257
0.00742967
-0.00251129
-0.0076888
-0.00906946
-0.0108412
-0.0117512
-0.0121087
-0.0125958
-0.0122748
-0.0118725
-0.0104116
-0.0076856
-0.00285819
0.00184474
0.0058864
0.00945982
0.0102183
0.00922683
0.0053517
-3.23092E-4
-0.00399911
-0.00502637
-0.00600035
-0.00763358
-0.00830626
-0.00506101
0.00158212
0.00735883
0.00952767
0.0094607
0.00767801
0.00623459
0.00396155
0.00333453
0.00222313
0.00356198
0.00715477
0.0137616
0.0164681
0.0160182
0.0148796
0.012997
0.0117402
0.00859643
0.00339637
-0.00439126
-0.0118603
-0.0177328
-0.0229614
-0.025878
-0.0278991
-0.0271718
-0.024048
-0.0178025
-0.010745
-0.00583159
-0.00425721
-0.00586523
-0.00923555
-0.0113591
-0.0100746
-0.00595546
-0.00155561
2.96799E-4
1.1957E-5
3.40159E-4
4.68298E-4
0.00285315
0.00712497
0.0107456
0.0123328
0.0117446
0.00910115
0.00303602
-0.00593325
-0.0167218
-0.02831
-0.036139
-0.0369779
-0.0275372
-0.00629111
0.0229717
0.0414811
0.0449491
0.0392557
0.0268718
0.0104622
5.58943E-4
-0.00362024
-0.00565145
-0.00766095
-0.00803865
-0.00800593
-0.00908663
-0.0102311
-0.0109127
-0.0102462
-0.00786508
-0.00810859
-0.0113041
-0.0180405
-0.0225613
-0.0234013
-0.0208274
-0.0166837
-0.0098897
-0.00177295
0.00889205
0.0204072
0.0341523
0.0437771
0.0478508
0.0474292
0.0447089
0.0411251
0.0392635
0.0386362
0.0391446
0.0422585
0.0429734
0.0426006
0.0401178
0.0353311
0.0281293
0.020205
0.0151613
0.0129581
0.0103268
0.00615806
-0.00466483
-0.0215459
-0.0389776
-0.0533111
-0.0617832
-0.065724
-0.0670806
-0.0670776
-0.0644285
-0.0608524
-0.0580019
-0.0592792
-0.0651305
-0.0759783
-0.0852802
-0.0866736
-0.0834266
-0.0743885
-0.0627374
-0.0503568
-0.0396077
-0.0253952
-0.00641287
0.0223372
0.0541364
0.0759366
0.0807126
0.0736455
0.0625675
0.0513171
0.0435007
0.0388162
0.0332371
0.0277813
0.0232971
0.0209711
0.019058
0.0169493
0.0136027
0.010861
0.00959669
0.0103939
0.0114777
0.011135
0.00767266
0.00286037
0.00108951
0.003502
0.00559792
0.00575874
0.00389052
0.00265516
0.00331183
0.0052078
0.00799495
0.0117403
0.0169016
0.0203362
0.0221109
0.0220751
0.0205857
0.0159417
0.00946606
0.00345949
-0.00131425
-0.00586081
-0.00999939
-0.0152752
-0.0205226
-0.0234696
-0.019419
-0.00469378
0.0228369
0.0541055
0.073749
0.0755366
0.0668607
0.0456308
0.0166127
-0.00900817
-0.0283654
-0.0382949
-0.0421829
-0.0423787
-0.0437236
-0.0458869
-0.0425334
-0.0349547
-0.028892
-0.0262675
-0.0216746
-0.013312
-0.00805316
-0.014487
-0.0229161
-0.0234108
-0.0185647
-0.0115177
-0.00690024
-0.00427026
-4.74669E-4
0.00592233
0.0109173
0.0109661
0.00728156
0.00380382
0.00304399
0.0032857
0.00357783
0.00345577
0.00315722
0.0037095
0.00687775
0.0144283
0.0207638
0.0226812
0.0193256
0.0138494
0.00784802
0.00515897
0.00474088
0.00529802
0.00646572
0.00653483
0.00406529
0.00198499
0.00273708
0.0074459
0.0170158
0.0289014
0.04006
0.0479099
0.0491359
0.0444171
0.0322463
0.01551
0.00176036
-0.00735867
-0.0131177
-0.0144819
-0.0151801
-0.0163079
-0.0195275
-0.0242812
-0.0288456
-0.0302558
-0.0267928
-0.0209527
-0.0134345
-0.00801224
-0.00216241
0.00342474
0.00631307
0.00487955
-0.00178417
-0.0104625
-0.0157071
-0.0162948
-0.014115
-0.00807214
0.00340123
0.0195187
0.03032
0.0317986
0.0275013
0.0181953
0.00901694
0.00423252
0.00243207
0.00143684
-9.91436E-4
-0.00407119
-0.00673234
-0.00424605
0.00524188
0.017298
0.0222283
0.0215799
0.0157745
0.00532461
-0.00790002
-0.0183679
-0.0239472
-0.0253385
-0.0231144
-0.018434
-0.0136452
-0.010226
-0.00693543
-7.20408E-5
0.00844975
0.0171045
0.0222756
0.0238895
0.0251334
0.0240932
0.0207794
0.0103705
-0.00919278
-0.0238593
-0.0262098
-0.0209963
-0.0110838
-0.00340264
0.0011546
0.00416655
0.00570733
0.00664411
0.00806014
0.00874701
0.0090627
0.00891615
0.00751672
0.00593132
0.00287834
3.07014E-4
-3.83881E-4
0.00352009
0.00921698
0.0123801
0.0110356
0.00667347
7.76625E-4
-5.6184E-4
0.00190307
0.00562812
0.00798608
0.00657316
0.00475239
0.00106646
-0.004043
-0.0102373
-0.0137808
-0.0150873
-0.0196529
-0.0267485
-0.031198
-0.0319026
-0.0286429
-0.0223375
-0.0159448
-0.0122005
-0.0139762
-0.0181633
-0.0250239
-0.0285074
-0.0308745
-0.0277439
-0.0177006
0.00260978
0.0225879
0.0311801
0.0284237
0.0205854
0.0130578
0.00709878
0.00266037
-0.00273602
-0.00922492
-0.0151224
-0.0214911
-0.0272221
-0.0315499
-0.0334323
-0.033039
-0.0298768
-0.02192
-0.0032085
0.0191865
0.0347271
0.0410923
0.0405303
0.0331929
0.0232154
0.0162862
0.0143847
0.0139562
0.00952876
-2.91725E-4
-0.0105614
-0.014867
-0.0132475
-0.010095
-0.00797273
-0.00573145
-0.00309348
0.00212387
0.00599458
0.0079585
0.00645093
9.49623E-4
-0.00562348
-0.00983426
-0.0124728
-0.0150336
-0.0169365
-0.0182034
-0.01864
-0.018778
-0.0180972
-0.0158001
-0.0127894
-0.00856775
-0.00335704
-0.00180041
-0.0042412
-0.00686752
-0.00630188
-0.00363256
0.00299689
0.0104329
0.0161352
0.0191463
0.019835
0.0177246
0.01413
0.00779781
7.36688E-4
-0.00391218
-0.00749037
-0.00870827
-0.00747311
-0.00167719
0.00706437
0.0172455
0.0214867
0.0189888
0.0131315
0.00666202
0.00258931
-1.025E-4
-0.00273514
-0.00439281
-0.0023059
0.0036449
0.011408
0.0192514
0.0228618
0.0249614
0.025359
0.0244549
0.0233203
0.0233398
0.0236937
0.0235381
0.0228256
0.0202302
0.0144674
0.0055137
-0.00291085
-0.00638423
-0.00883868
-0.0110268
-0.0139934
-0.0185518
-0.025098
-0.0312656
-0.0352062
-0.0359853
-0.0332177
-0.0295351
-0.0260645
-0.0247291
-0.0219757
-0.0184
-0.0153415
-0.0151555
-0.0173917
-0.02275
-0.0275399
-0.0300072
-0.027948
-0.0227816
-0.0148372
-0.00606968
0.00173358
0.00738483
0.00770988
0.00773055
0.00788504
0.00892576
0.01251
0.0197628
0.029381
0.0364981
0.0397595
0.0399477
0.0351535
0.0264543
0.0144294
0.00270355
-0.00609488
-0.0104747
-0.0122356
-0.0129751
-0.0110212
-0.00756098
-0.00385458
-8.97282E-4
0.0038331
0.00993944
0.0139372
0.0143604
0.00947082
-9.47021E-4
-0.0117178
-0.0155858
-0.014463
-0.0112166
-0.00787595
-0.00681458
-0.00751739
-0.00707826
-0.00445165
-0.0017297
-2.62864E-4
-1.50574E-4
-0.00509262
-0.0106175
-0.015555
-0.0192261
-0.0217128
-0.0236926
-0.0251741
-0.0256371
-0.0242172
-0.0194162
-0.0113734
-0.00144849
0.0103445
0.0185355
0.0215959
0.0224626
0.0207032
0.0171196
0.011029
0.00405492
-0.00169167
-0.00625467
-0.00828063
-0.0089446
-0.00945058
-0.00833315
-0.00632086
-0.00298229
0.00421448
0.00964558
0.00925195
0.0041737
-0.00483741
-0.00993552
-0.0126828
-0.0142755
-0.015485
-0.0149954
-0.0130325
-0.0087736
-0.00512916
-9.08288E-4
0.00281346
0.00600765
0.00950433
0.0115275
0.0121276
0.0104474
0.0096096
0.0106207
0.0118298
0.0103169
0.00623406
0.00347306
0.00461202
0.00979916
0.0170128
0.0232847
0.0271594
0.0297673
0.0303345
0.0314222
0.0295856
0.0275995
0.0239663
0.01951
0.0153986
0.0102269
0.00691609
0.00576749
0.00505286
0.00524984
0.00624946
0.00657915
0.00558433
0.00335213
2.71265E-6
-0.00223608
-0.00284864
-8.59912E-4
0.00215217
0.00387234
0.00184917
-0.00261556
-0.00687516
-0.00950638
-0.0101557
-0.00932689
-0.00847638
-0.0078831
-0.00680693
-0.00460864
-0.00232929
0.0016815
0.00752079
0.0119074
0.014478
0.0137324
0.0115854
0.0101019
0.00942801
0.00809433
0.00748129
0.00710062
0.00657221
0.00694374
0.00808643
0.00771466
0.00630601
0.00669597
0.00755774
0.007908
0.00658402
0.00364489
0.00156889
0.00148545
0.00228357
0.00233273
9.11647E-4
2.76502E-4
-0.00100522
-0.00214949
-0.00296576
-0.0052944
-0.00737879
-0.0114135
-0.0178148
-0.0239808
-0.0254342
-0.0249513
-0.0229227
-0.0216118
-0.0200584
-0.0180885
-0.0151823
-0.0115916
-0.00902444
-0.00891491
-0.0111852
-0.0166592
-0.0216456
-0.0253224
-0.0252398
-0.0196808
-0.0105248
0.00182249
0.0125006
0.0221024
0.0288174
0.0324055
0.0328216
0.0284259
0.0227643
0.0165484
0.0122098
0.00861377
0.00750085
0.00824857
0.0116612
0.0161411
0.0224045
0.0278014
0.0333308
0.0365654
0.034705
0.0282749
0.0195433
0.0113037
0.00722804
0.00823293
0.0108354
0.0124012
0.0113165
0.0071646
0.00128302
-0.00325699
-0.00496608
-0.00487791
-0.00560494
-0.00871657
-0.0144984
-0.0216298
-0.0263263
-0.0244259
-0.0179304
-0.00941348
-0.00197056
0.00299209
0.0044893
0.00329595
-3.37641E-4
-0.00546223
-0.0111578
-0.0142138
-0.0155425
-0.0157886
-0.0139949
-0.0120396
-0.00856444
-0.00490435
-0.00183218
-5.26559E-5
-7.46267E-4
-0.00295917
-0.00709023
-0.011161
-0.0148194
-0.0160546
-0.015559
-0.0166283
-0.019454
-0.0230938
-0.0264766
-0.0300067
-0.0317904
-0.0325406
-0.0317045
-0.0306025
-0.0277664
-0.0238372
-0.0189698
-0.0120687
-0.00180934
0.00999495
0.0203078
0.0286182
0.034425
0.0368275
0.0373334
0.0368532
0.0336916
0.0301306
0.0263374
0.0230672
0.0202731
0.0157037
0.007839
-7.113E-4
-0.00725503
-0.00995532
-0.00826776
-0.00570406
-0.00624815
-0.00909589
-0.0157609
-0.0223396
-0.0256951
-0.025944
-0.0247666
-0.0232344
-0.0177193
-0.00896975
0.00529119
0.0161392
0.0204496
0.0225626
0.0237912
0.0237357
0.0226979
0.0205614
0.0162106
0.0115623
0.00803481
0.00721509
0.00669275
0.00578036
0.00555785
0.00464116
0.00479403
0.00519081
0.00473328
0.00213087
-0.00214937
-0.00826057
-0.0167971
-0.027192
-0.0357115
-0.0379852
-0.0335414
-0.0222892
-0.0076211
0.00490155
0.011289
0.0152931
0.0159855
0.0156092
0.0137739
0.0102078
0.00605289
0.00175816
-0.00173631
-0.00321688
-0.00305193
-0.00413074
-0.00568386
-0.0066803
-0.0061956
-0.00317866
0.00117763
0.00488615
0.00556017
0.00309534
-5.21386E-4
-0.00314567
-0.00397354
-0.0034461
-0.00182199
8.12201E-4
0.00392526
0.00764864
0.0101475
0.00896602
0.00635206
0.00357944
0.00258329
0.00270401
0.00140247
-2.7041E-4
-5.97879E-4
0.00211592
0.00575465
0.00914184
0.0110896
0.0114331
0.0100071
0.00696849
0.00279927
-0.00260517
-0.00946064
-0.0137462
-0.0160929
-0.0176692
-0.018762
-0.0189621
-0.0169961
-0.0142884
-0.0115543
-0.00937053
-0.00800981
-0.00772642
-0.00754525
-0.00733728
-0.00579673
-0.00360636
-0.00203253
-3.9476E-4
9.42173E-4
0.00146947
9.91969E-4
-4.64339E-4
-0.00209622
-0.00157104
2.88938E-4
6.60155E-4
-0.00214686
-0.00483502
-0.00811476
-0.010651
-0.0117705
-0.0132565
-0.0141381
-0.015065
-0.015153
-0.0138411
-0.0136739
-0.013878
-0.0156075
-0.0186071
-0.0200964
-0.0186712
-0.0178267
-0.0170487
-0.017573
-0.0195147
-0.0203761
-0.0200578
-0.0202086
-0.0181898
-0.0161166
-0.013039
-0.00923584
-0.00558456
-0.00352558
-7.25169E-4
6.33643E-4
4.55514E-4
-0.00134201
-0.00301971
-0.00555189
-0.00787393
-0.00957182
-0.00860452
-0.00538992
-0.00225526
0.00124606
0.00531897
0.0097506
0.013656
0.016249
0.0188915
0.020979
0.0232544
0.0249195
0.0258967
0.0258892
0.0251833
0.0232839
0.0202724
0.0175026
0.015104
0.0130452
0.0119449
0.0107253
0.00925204
0.00650036
0.00347955
5.2808E-4
-0.00183788
-0.00392086
-0.00408132
-0.0024996
-5.09487E-4
0.00308543
0.00784307
0.0124268
0.0154445
0.0168335
0.0165975
0.0144767
0.0109742
0.00722604
0.00375043
-0.00134773
-0.00454667
-0.00555719
-0.00541894
-0.00515126
-0.00400955
-0.00104089
0.00200137
0.00374432
0.00369286
0.00242367
-5.04286E-4
-0.00412109
-0.00793089
-0.0108278
-0.0120665
-0.0113142
-0.0108009
-0.0098022
-0.00793448
-0.00508449
-0.00220622
0.0011758
0.00388321
0.00444114
0.00372406
0.00245899
0.0013237
0.00133274
0.00271536
0.00564088
0.00903832
0.0128368
0.0167021
0.0193146
0.0195368
0.0186358
0.0176292
0.0158312
0.0127506
0.00956866
0.00722206
0.00652741
0.00492833
0.00407505
0.00472643
0.00493428
0.00578853
0.00615285
0.00729106
0.00849899
0.00891544
0.00879031
0.00788979
0.00666449
0.00483244
0.00310934
0.00214666
0.00189635
0.00264533
0.00422736
0.00624045
0.00605767
0.00591194
0.00470076
0.00266164
1.90465E-4
-0.0027452
-0.00544685
-0.00561442
-0.00366266
2.82737E-4
0.00571777
0.0106696
0.0124844
0.0114482
0.0102095
0.00750774
0.00427636
0.00225261
-5.6966E-4
-0.00323363
-0.00483188
-0.00622132
-0.00906884
-0.0133056
-0.0157447
-0.0153999
-0.0140418
-0.0107051
-0.00564001
6.85848E-5
0.00567157
0.0111089
0.0151083
0.0178405
0.0193558
0.0197434
0.0190625
0.0167149
0.0144448
0.0125268
0.0106855
0.0106854
0.011058
0.0106998
0.0108656
0.0125537
0.0148148
0.0175484
0.0192191
0.0192498
0.0198101
0.0199191
0.0194044
0.0168958
0.0136185
0.00963681
0.00415082
-0.00213808
-0.00719267
-0.0123674
-0.0166344
-0.0217315
-0.0271131
-0.030763
-0.0323083
-0.0309421
-0.0264898
-0.0201263
-0.0142347
-0.00998817
-0.00842416
-0.00753458
-0.00688592
-0.0057967
-0.00507039
-0.00363555
-0.00266812
-0.00322566
-0.00598516
-0.00865988
-0.0117124
-0.0135565
-0.0141718
-0.0131757
-0.0122629
-0.00994467
-0.00755532
-0.00608801
-0.00586705
-0.00599211
-0.00707502
-0.00874132
-0.0117383
-0.0155039
-0.0181276
-0.0184798
-0.0156978
-0.00972902
-0.00261796
0.00339324
0.00614068
0.00642481
0.0062031
0.00560321
0.00546711
0.00467464
0.00294617
0.00216147
0.00231729
0.00197674
0.00108582
-3.51006E-4
-0.00300148
-0.00498408
-0.00616879
-0.00713637
-0.00883472
-0.0117751
-0.0143832
-0.0148596
-0.0140342
-0.012
-0.00911576
-0.00563255
-0.00320639
-9.51736E-4
-2.81635E-4
-0.00126522
-0.00323946
-0.00481925
-0.00436622
-0.00329215
-0.00268054
-0.00216803
-0.00162648
2.3709E-4
0.00279945
0.00345204
0.00425259
0.00424606
0.00315803
0.00217967
0.00187144
0.00107236
9.17277E-4
0.00152834
0.00257444
0.00391361
0.00574015
0.00605793
0.00642774
0.0049153
0.00344826
0.00137689
-0.001859
-0.00532024
-0.0103479
-0.0142817
-0.0158544
-0.0167558
-0.0158891
-0.0138207
-0.011558
-0.00841256
-0.00458452
-0.00133856
8.42436E-4
0.00323282
0.00529993
0.00720875
0.00927176
0.00949151
0.00664688
0.00139006
-0.00322418
-0.00613114
-0.00718646
-0.00643802
-0.00427784
-0.0019588
0.00169929
0.00463448
0.00591096
0.00679989
0.00591553
0.00524008
0.00415483
0.00326286
0.00356532
0.00248862
9.11276E-4
0.00106577
0.00207332
0.00407951
0.00566306
0.00680346
0.00813817
0.00953193
0.0101693
0.0107049
0.0107958
0.0103048
0.0108115
0.0104584
0.0109624
0.0118196
0.0118987
0.0115994
0.0111743
0.0104257
0.00945854
0.00752989
0.00576527
0.00428608
0.00187784
-0.0010922
-0.00468288
-0.0087381
-0.0118755
-0.0142181
-0.0154335
-0.0159254
-0.0145505
-0.012976
-0.0104745
-0.00693987
-0.00512231
-0.00434771
-0.00352897
-0.00347985
-0.0028102
-0.00249941
-0.0014603
1.73309E-4
0.00107489
0.00105681
0.00155545
0.00218546
0.00242153
0.00224063
0.0024303
0.00158599
5.90353E-4
-0.00171768
-0.00405464
-0.00733332
-0.00939699
-0.0102235
-0.0109213
-0.00959158
-0.00638952
-0.00457333
-0.00180659
0.00201872
0.00523176
0.00889474
0.0124074
0.01439
0.0149514
0.0136583
0.0123674
0.0121277
0.012081
0.0129885
0.0143076
0.0160227
0.0172709
0.0194754
0.0198725
0.0190224
0.016586
0.0152493
0.0138177
0.0112321
0.00847819
0.00648106
0.00442317
0.00285157
0.00159987
3.00922E-4
9.0047E-5
-0.00174261
-0.00248284
-0.00225603
-0.00267671
-0.00402191
-0.00563763
-0.00914385
-0.0147903
-0.019924
-0.0237242
-0.0260489
-0.0267544
-0.0250638
-0.0228183
-0.0202339
-0.0176032
-0.0164818
-0.0159294
-0.0147323
-0.01415
-0.0143733
-0.01351
-0.0120179
-0.00970401
-0.00791328
-0.00657878
-0.00536263
-0.00429903
-0.00239352
6.86019E-4
0.00419188
0.00680915
0.00710463
0.00664241
0.00584831
0.00566672
0.00642389
0.00757399
0.00794447
0.00819369
0.00844194
0.00814858
0.00636917
0.00510419
0.00496464
0.00460838
0.00430627
0.00621166
0.0089654
0.0116397
0.014486
0.0160056
0.0158445
0.014688
0.0131526
0.011718
0.00881184
0.00698317
0.00570975
0.00531032
0.00596955
0.00734849
0.00874829
0.00995208
0.0109723
0.01201
0.0125027
0.0111202
0.0103638
0.0100708
0.0107919
0.0113366
0.0120008
0.0121085
0.0114622
0.0108539
0.0102594
0.0097298
0.00833514
0.00632374
0.00552382
0.00350426
0.00242964
0.00308689
0.00328598
0.0028323
0.00183919
-5.16291E-5
-0.00271432
-0.00565268
-0.0089045
-0.0119582
-0.0161251
-0.0195727
-0.0230436
-0.0265298
-0.029048
-0.0301615
-0.0297381
-0.0283498
-0.0268599
-0.02448
-0.0228008
-0.0217495
-0.0192989
-0.0169006
-0.0163071
-0.0162972
-0.015812
-0.0157762
-0.0153431
-0.0149309
-0.0142655
-0.0131391
-0.0117656
-0.00925758
-0.0067713
-0.00488621
-0.00298644
-0.00152095
-3.1837E-4
1.47306E-4
9.75858E-4
0.00235275
0.00393317
0.00499917
0.0057656
0.00717475
0.00846219
0.00973243
0.00976378
0.00906491
0.0096465
0.010968
0.010805
0.0112115
0.0122824
0.0125096
0.012779
0.0127784
0.0123425
0.0111361
0.00812577
0.00549863
0.00341396
7.63628E-4
-6.20828E-4
-0.00234373
-0.00488612
-0.00713399
-0.00923907
-0.010676
-0.0116139
-0.011045
-0.0112196
-0.0106058
-0.0102995
-0.00931696
-0.0101151
-0.00975438
-0.007404
-0.0063214
-0.00455829
-0.00526143
-0.00600765
-0.00555921
-0.0049451
-0.00456927
-0.00162431
0.00163126
0.00418354
0.00684367
0.00883257
0.00854308
0.00728389
0.00584267
0.00381589
0.00256194
0.00244952
0.00220003
0.00352564
0.00574162
0.00788927
0.0100055
0.0112977
0.0111207
0.00940413
0.0069074
0.00491622
0.00267668
0.00123651
0.00113114
8.87711E-4
0.00217862
0.00362461
0.00422205
0.00594152
0.00747675
0.00909216
0.0106815
0.0120102
0.0115675
0.0112912
0.0098766
0.00860995
0.00751849
0.00756288
0.00733993
0.00800464
0.00955884
0.0118781
0.0141104
0.0156609
0.0167837
0.0168097
0.0162033
0.0139644
0.0110009
0.00794361
0.00584099
0.00513805
0.00525459
0.0060396
0.00831756
0.0102019
0.0122943
0.013731
0.0149079
0.0156735
0.0151176
0.0146289
0.0147773
0.0143514
0.0123695
0.00968028
0.00721618
0.00484831
0.00287949
0.00103239
-0.00103039
-0.00258451
-0.00512726
-0.00621014
-0.00586564
-0.00530469
-0.0051058
-0.00368339
-0.00240713
-0.00199579
-0.00286939
-0.00376954
-0.00536745
-0.00805287
-0.00967587
-0.011068
-0.0128807
-0.0155337
-0.0177143
-0.0201389
-0.0216525
-0.0225917
-0.0228332
-0.0238953
-0.0222754
-0.0198002
-0.0168155
-0.0141029
-0.010317
-0.00787826
-0.00663104
-0.00646778
-0.00636775
-0.00681573
-0.00649564
-0.0047253
-0.00330986
-0.00191219
1.16038E-4
9.90127E-4
0.00158042
0.00140945
2.20383E-4
-1.29719E-4
-0.00133855
-0.00252544
-0.00240472
-0.00330475
-0.00443367
-0.00562653
-0.0068883
-0.00929475
-0.0138195
-0.0193254
-0.0226629
-0.0241401
-0.0260427
-0.0274965
-0.0277489
-0.0265865
-0.0255375
-0.0233158
-0.0207748
-0.0182386
-0.0135204
-0.0097322
-0.00732436
-0.00635101
-0.00593853
-0.00556844
-0.00443286
-0.00284137
-0.00200552
-0.00210322
-3.35556E-4
4.92914E-4
6.95618E-4
-2.27848E-4
-0.00162156
-0.00394776
-0.00711332
-0.00908972
-0.00945802
-0.0099318
-0.0100993
-0.0094468
-0.00749654
-0.00527403
-0.00316038
4.66399E-4
0.00410121
0.00713944
0.00900724
0.0106343
0.0114055
0.011571
0.0114324
0.0112239
0.0105912
0.0105239
0.0102566
0.0104761
0.00999926
0.0100539
0.0114981
0.0118894
0.0119458
0.0131106
0.0130006
0.0125561
0.0122472
0.0120529
0.011489
0.0118759
0.0132339
0.0145418
0.0146558
0.0145322
0.0147144
0.0153014
0.0151455
0.0144708
0.0140093
0.013567
0.0129353
0.0130799
0.01425
0.0138434
0.0129107
0.0108214
0.00963467
0.00956145
0.00858109
0.00853556
0.00816457
0.00848857
0.00757777
0.00617462
0.00366696
0.00111298
-0.00123937
-0.00444313
-0.00702009
-0.00869672
-0.00921997
-0.0093593
-0.00932945
-0.00976968
-0.0106249
-0.01038
-0.0100363
-0.00864601
-0.0078893
-0.00782513
-0.00725857
-0.00621822
-0.00722064
-0.00800631
-0.00759663
-0.0069314
-0.00658777
-0.00414863
-0.00164241
-1.17582E-4
0.0011232
0.00265814
0.0029476
0.00271011
0.00273133
0.00263069
0.00250958
0.00248488
0.0010794
-7.28442E-4
-0.00199158
-0.00369867
-0.00474454
-0.00589423
-0.00630262
-0.00449599
-0.00281778
0.00113054
0.00496109
0.00826344
0.010493
0.0126767
0.0142339
0.0145464
0.0135171
0.0125504
0.0123979
0.0118955
0.0128261
0.012948
0.0123483
0.0116341
0.0113687
0.0103423
0.00865788
0.00735796
0.00687229
0.00467041
0.00227724
-4.81244E-4
-8.16853E-4
-0.00220078
-0.00317128
-0.00339455
-0.0030396
-0.00351256
-0.00311957
-0.00374648
-0.00480308
-0.00567604
-0.00578634
-0.00538225
-0.00516019
-0.00503165
-0.00419523
-0.00467556
-0.00507294
-0.00729648
-0.00879618
-0.00944166
-0.010441
-0.0109114
-0.0104634
-0.0100563
-0.00975633
-0.00943613
-0.00910923
-0.00879774
-0.00827741
-0.00726325
-0.00583109
-0.00533925
-0.00411803
-0.00273113
-0.00240773
-0.00245368
-0.00221773
-0.0021401
-0.00195303
-0.00265131
-0.00339546
-0.00493445
-0.00527372
-0.0049745
-0.00553509
-0.00534761
-0.00503661
-0.00470473
-0.00493762
-0.0053622
-0.00418988
-0.0035176
-0.0042654
-0.00464721
-0.00500962
-0.00513583
-0.00477045
-0.00444858
-0.0031606
-0.0013433
8.14508E-4
0.00289403
0.00436087
0.00605602
0.00709102
0.00867313
0.0097364
0.00999103
0.0103376
0.0103438
0.00927374
0.00830955
0.00750006
0.00587283
0.00546797
0.00506129
0.00508478
0.00608439
0.00671256
0.00777904
0.00832734
0.00795856
0.00726762
0.00610109
0.00566017
0.00451532
0.00418142
0.0037239
0.00408493
0.00519553
0.00690968
0.00802259
0.00912655
0.0102603
0.0115275
0.0125106
0.012749
0.0113496
0.00976946
0.00738435
0.00628106
0.00423192
0.00301166
0.00139129
2.74526E-4
-3.1472E-4
-3.78417E-4
-5.40319E-4
-6.63702E-4
-3.64338E-4
8.55602E-5
-1.01935E-5
-0.00136608
-0.00261791
-0.00351625
-0.00457788
-0.00391585
-0.00315838
-0.00208743
-3.97823E-4
0.00205343
0.00340452
0.00486809
0.00639481
0.00660184
0.00626513
0.00654934
0.00661783
0.00560633
0.00560907
0.00568864
0.00583496
0.00578569
0.00595098
0.00515404
0.00372829
0.00273328
0.00156893
0.00111487
0.00155595
0.00156096
0.00202668
9.83169E-4
0.00101538
7.00741E-4
-1.49349E-4
-0.00131809
-0.00241187
-0.00282008
-0.00383114
-0.00389108
-0.0041498
-0.00466127
-0.00585949
-0.00614141
-0.00596443
-0.00618718
-0.00650012
-0.00619386
-0.00671124
-0.00809851
-0.0079486
-0.00863798
-0.0101764
-0.0104638
-0.00998987
-0.0108266
-0.011016
-0.0106612
-0.0107122
-0.0111266
-0.0109849
-0.0115253
-0.0127701
-0.013538
-0.0143134
-0.0154806
-0.0159011
-0.0162844
-0.0159047
-0.0152247
-0.0139371
-0.0131895
-0.0128614
-0.0114737
-0.00990644
-0.00928566
-0.0087393
-0.00854609
-0.00760852
-0.00674749
-0.00581129
-0.00586888
-0.00555745
-0.00551102
-0.00549377
-0.00453175
-0.0038561
-0.00384601
-0.00371856
-0.00398258
-0.00408033
-0.00391101
-0.00455667
-0.00596965
-0.00655081
-0.00768672
-0.00831566
-0.00773718
-0.00730386
-0.00617095
-0.00399976
-0.00199359
-0.00124362
-0.00117821
-5.23388E-4
-5.37033E-4
-7.1664E-4
-3.23783E-4
-0.00143099
-0.00263946
-0.00350971
-0.00399804
-0.00487362
-0.00592113
-0.0062114
-0.0065995
-0.00673354
-0.00626032
-0.00586373
-0.00459283
-0.00289885
-0.00292617
-0.00191715
-0.00141325
-0.00121378
-8.92607E-4
-6.22362E-4
-7.31794E-4
-0.00148907
-0.00209983
-0.00164378
-0.00129203
-0.00100305
-7.11999E-4
-1.82241E-5
0.00150679
0.00279117
0.00263641
0.00392344
0.00549068
0.00715618
0.00798467
0.00789616
0.00785298
0.00790715
0.00720916
0.00755337
0.00655029
0.00608786
0.00794905
0.00831317
0.00920161
0.00977189
0.0107331
0.0119009
0.0123217
0.0138043
0.014032
0.0135437
0.0132506
0.0130486
0.0119898
0.0112543
0.010522
0.00916106
0.00823379
0.00713134
0.00690977
0.00675789
0.00768901
0.00880886
0.00931972
0.00939647
0.00829291
0.00733465
0.0050321
0.00333651
0.0018954
2.37131E-4
-0.00107586
-0.00273051
-0.00308477
-0.00351736
-0.00451122
-0.00433492
-0.00248981
-9.66188E-4
1.05366E-5
0.00129909
0.00305351
0.004793
0.00583108
0.00669267
0.0080098
0.00841107
0.00917321
0.0096554
0.0110522
0.0125656
0.0151871
0.0176016
0.0191997
0.0188082
0.0179066
0.0175756
0.0170934
0.0166802
0.0165565
0.0166308
0.0161219
0.0156054
0.0148929
0.0142536
0.0136148
0.0124759
0.0111692
0.0104065
0.00832955
0.00703306
0.00532439
0.00478502
0.00403526
0.00287615
0.00204155
0.00170802
0.0015953
6.46392E-4
-8.57495E-4
-0.00196871
-0.00289918
-0.00386598
-0.00399096
-0.00399272
-0.00343399
-0.00276931
-0.00219775
-4.22734E-4
-1.61117E-4
-4.02855E-4
-2.86084E-4
-4.96492E-4
-6.95695E-4
-8.95723E-4
-0.00105587
-0.00124723
-0.00141265
-0.00159079
-0.00132472
1.70364E-4
3.99988E-4
-3.8288E-5
-7.79335E-4
-0.00251975
-0.00364812
-0.00514326
-0.00557921
-0.0066702
-0.00744549
-0.0075247
-0.00880525
-0.00994406
-0.00989111
-0.0112961
-0.0119182
-0.0139597
-0.0159858
-0.0168221
-0.0181618
-0.0186335
-0.0195101
-0.0197925
-0.0187955
-0.0184276
-0.0180545
-0.0168416
-0.0165021
-0.0163959
-0.0157048
-0.0151053
-0.0145428
-0.0139684
-0.0133916
-0.012833
-0.0122854
-0.0117341
-0.0112195
-0.0106498
-0.0104593
-0.00992343
-0.00865683
-0.00829387
-0.0081558
-0.00765081
-0.00735922
-0.00863504
-0.00856373
-0.00776483
-0.00735407
-0.00692751
-0.00578649
-0.00308379
-0.0010741
-6.27919E-4
8.03161E-4
0.00337743
0.00498179
0.00637781
0.00742099
0.00870749
0.0092432
0.00969684
0.011204
0.0117261
0.0119299
0.0119167
0.0115029
0.0128077
0.0131593
0.0130581
0.0141201
0.0138321
0.0131338
0.012671
0.0122485
0.0114767
0.0108809
0.0107417
0.010296
0.00941367
0.0080825
0.00697013
0.00641916
0.00619744
0.00534484
0.00537323
0.00527293
0.00588212
0.00655238
0.00609929
0.00722496
0.00776295
0.00727925
0.00761613
0.00585646
0.00327076
0.00153213
-3.16034E-4
-0.00180154
-0.00337105
-0.00369084
-0.00474933
-0.00530886
-0.00601009
-0.00707731
-0.00695096
-0.00650547
-0.00706525
-0.00731432
-0.00756046
-0.00838853
-0.00905027
-0.0087292
-0.00750199
-0.00747336
-0.00646995
-0.00575165
-0.00554897
-0.00447185
-0.00303124
-0.0018377
-8.98508E-4
-9.817E-4
-7.69526E-4
-0.00164309
-0.0026807
-0.0035618
-0.00444355
-0.00535089
-0.00670789
-0.00723749
-0.00665975
-0.00630976
-0.00593593
-0.00587863
-0.00547764
-0.00482851
-0.0045287
-0.00341289
-0.00218598
-0.00162946
-0.001021
-0.00105843
-0.00146596
-0.00119983
-0.00124725
-0.0011544
-5.98894E-4
-4.77798E-4
6.32308E-4
0.00258866
0.00455005
0.00485445
0.00580762
0.00587195
0.00553796
0.00530703
0.00518932
0.00485414
0.00564118
0.00612745
0.00674757
0.00734527
0.00780487
0.00772778
0.00750932
0.00695996
0.00668314
0.00729467
0.00694115
0.00636816
0.00561538
0.00579082
0.00531673
0.00522117
0.00497848
0.00459024
0.0038103
0.00290945
0.00168702
8.56875E-4
2.33038E-4
-3.52722E-4
-6.7134E-4
-0.00163685
-0.00219365
-0.00291296
-0.00348147
-0.0042554
-0.00522404
-0.00571608
-0.00593627
-0.00674428
-0.00753569
-0.00829197
-0.00916446
-0.00973331
-0.00969883
-0.0094936
-0.00904326
-0.00843528
-0.0077705
-0.00716657
-0.00681914
-0.00624003
-0.00578303
-0.0052642
-0.00485951
-0.00435428
-0.00398864
-0.00350189
-0.00314614
-0.00245365
-0.00185001
-0.00101656
-8.09002E-4
7.37082E-5
6.64836E-4
0.00126474
0.00202264
0.00280589
0.00303573
0.00352726
0.00409601
0.00446682
0.00427956
0.00444778
0.00484347
0.00501988
0.00522962
0.00565151
0.00548266
0.0054019
0.00529032
0.00511559
0.00498079
0.00467152
0.00439473
0.00405661
0.00380961
0.00349073
0.00326536
0.00298981
0.00274824
0.00206905
0.00166967
0.00161299
0.00109128
6.56542E-4
4.81677E-4
1.4611E-4
1.64764E-4
-2.00674E-5
-1.12835E-4
-3.6579E-4
-5.89501E-4
-7.78653E-4
-0.00100238
-0.00126701
-0.00144493
-0.00174065
-0.00196995
-0.00230769
-0.00233377
-0.00220764
-0.00203238
-0.00167347
-0.0013912
-0.00112923
-8.16498E-4
-4.64342E-4
-2.3993E-5
2.2959E-4
5.37064E-4
7.16458E-4
8.80894E-4
9.55179E-4
0.00113175
0.00120309
0.00128024
0.00131309
0.00134791
0.00132774
0.00130996
0.00128565
0.0011925
0.0010862
9.31277E-4
7.74795E-4
5.85041E-4
4.73976E-4
3.11571E-4
9.94177E-5
-1.9955E-5
-1.1863E-4
-1.75408E-4
-2.36381E-4
-2.89555E-4
-3.70964E-4
-4.05195E-4
-4.20277E-4
-4.49211E-4
-4.81464E-4
-5.08097E-4
-5.40905E-4
-5.74349E-4
-5.49242E-4
-5.40634E-4
-5.1751E-4
-4.91077E-4
-4.55536E-4
-4.4418E-4
-4.38019E-4
-4.26682E-4
-4.18425E-4
-4.182E-4
