0.0020017029260756733
0.0055034084014418784
0.00580320496805739
0.006704634100329878
0.00580320496805739
0.004622373593428949
0.0033018410976225314
0.0030020445310070206
0.00210163511494751
0.00210163511494751
0.0038269949473061647
0.004403134607638693
0.006704634100329878
0.007078869950492778
0.0079048400830049
0.007354193327996818
0.005828697873381838
0.004403134607638693
0.0033018410976225314
0.0018263117374434693
0.0010003416049313475
3.40585215134628E-4
-0.0010003416049313475
-0.0013011578877598364
-0.0013011578877598364
-7.250182274273069E-4
0.0010003416049313475
0.0010003416049313475
0.0036271305695624906
0.0056033405903137155
0.0058439936165765064
0.007078869950492778
0.0079048400830049
0.0079048400830049
0.0079048400830049
0.0056033405903137155
0.005328017212809674
0.004062549392504066
0.002802180153263347
0.0022015673038193466
0.0022015673038193466
0.0022015673038193466
0.0034017732864943685
0.004282808094507299
0.0056033405903137155
0.004778390174014571
0.0022015673038193466
0.0
-0.0034017732864943685
-0.004602998985382368
-0.00580320496805739
-0.00580320496805739
-0.004702931174254205
-0.0051434485782606695
-0.0069044984780735515
-0.0069044984780735515
-0.00607852834556143
-0.004923189876257438
-0.004702931174254205
-0.004377641702314246
-0.0029622755987008813
-0.002301499492691184
-5.751199441195514E-4
0.0017610498998128822
0.004602998985382368
0.006553716100809144
0.010986422478624197
0.014909270749950288
0.017735924092325106
0.01831104403644466
0.01831104403644466
0.02061254352913584
0.019462303640896735
0.01831104403644466
0.016585684204086
0.01150749746345592
0.007104362855817226
0.0020516690205115914
-0.0034517393809302866
-0.006253919534193634
-0.006804566289201715
-0.0091060657818929
-0.009380369443183961
-0.010686625912008687
-0.011406545558371105
-0.013058485823395348
-0.012728097770390499
-0.011406545558371105
-0.008830742404388858
-0.006123395858932458
-0.001050307699367266
0.002926585531246654
0.0070044306669453885
0.010406203953439757
0.014358623994942206
0.01666012348763339
0.017971478537523004
0.018410976225316494
0.01731070243151331
0.015669979044831823
0.013308316295574942
0.01035623785900384
0.006653648289680982
0.004923189876257438
9.993218887183697E-5
-0.0024768906813233873
-0.003782127433935136
-0.004503066796510531
-0.0027766872479388985
-2.804219585689303E-4
0.0013011578877598364
0.007254261139124981
0.012967731080440314
0.016160462543274207
0.018136672564025434
0.019512269735332658
0.020812407906879514
0.018136672564025434
0.015609815788266125
0.011867457286637129
0.007954806177440817
0.0024014316815630207
-0.0019211453452504166
-0.006453783911937307
-0.010156373481260165
-0.012957533918310534
-0.014549310926769081
-0.015909612354881635
-0.015909612354881635
-0.015909612354881635
-0.015358965599873554
-0.013008519728959429
-0.008805249499064409
-0.004403134607638693
-1.4989828330775544E-4
0.003802521758194694
0.007605043516389388
0.01365807895662637
0.019612201924204493
0.024315133098458695
0.028267553139961148
0.02991847368877241
0.02991847368877241
0.029092503556260293
0.02541540689226188
0.018486435225076862
0.012788261026956198
0.007605043516389388
0.00335180719205845
-0.0010003416049313475
-0.00210163511494751
-0.0032019089087506948
-0.00210163511494751
0.0018212131563785797
0.007078869950492778
0.011707361841199594
0.012807635635002779
0.012807635635002779
0.012258008596207676
0.009980982292627961
0.007644812448695528
0.0048028633631260415
0.003702589569322857
0.003702589569322857
0.004362345959119576
0.0048028633631260415
0.003702589569322857
0.002501363870434858
0.002501363870434858
0.002501363870434858
0.002501363870434858
0.0035424941238853228
0.003802521758194694
0.002501363870434858
0.002501363870434858
0.003282466489575951
0.003802521758194694
0.003802521758194694
0.003802521758194694
0.0034772322862547354
0.0025513299648707763
9.503755104954292E-4
-0.001521416589763069
-0.0043021827025538795
-0.006503750006373227
-0.006503750006373227
-0.005403476212570042
-0.0034017732864943685
-0.0020017029260756733
4.007484717003258E-4
0.001776345643007551
0.0032019089087506948
0.003802521758194694
0.003802521758194694
0.003802521758194694
0.004077845135698735
0.005343312956004344
0.006653648289680982
0.008130197366073021
0.009505794537380246
0.011807294030071431
0.013208384106703103
0.014108793522762614
0.014108793522762614
0.012382413974190983
0.0073042272335609
0.0017008866432471842
-0.00275119434261445
-0.005853171062493308
-0.007379686233321267
-0.008805249499064409
-0.009906543009080572
-0.011657395746763676
-0.013908929145018942
-0.01516929838425966
-0.015609815788266125
-0.015609815788266125
-0.01238751255525587
-0.008130197366073021
-0.005303544023698204
-0.0024768906813233873
-0.0019007510209908584
-0.0018008188321190213
-0.0024014316815630207
-0.004642767917688507
-0.005303544023698204
-0.005303544023698204
-0.005203611834826367
-0.0020017029260756733
0.00275119434261445
0.010806952425140084
0.020512611340264005
0.025015678136774536
0.030218270255387925
0.031443969143387394
0.03195994554715422
0.03317034869195903
0.032895025314454984
0.03151942814314776
0.030218270255387925
0.026866463063329477
0.02061254352913584
0.014988808614562567
0.009731151820448368
0.0062039534397577145
0.0032274018140751428
-3.2019089087506944E-4
-0.00395242004150245
-0.008004772271876737
-0.01090688461401192
-0.01090688461401192
-0.009330403348748044
-0.007354193327996818
-0.0062039534397577145
-0.0062039534397577145
-0.0062039534397577145
-0.005983694737754483
-0.00482835626845049
-0.002802180153263347
0.001776345643007551
0.0063038856286295524
0.009805591103995757
0.012382413974190983
0.013858963050583022
0.014508522278249962
0.015334492410762084
0.01671008958206931
0.01813157398296054
0.019586709018880044
0.021913701416895675
0.022514314266339677
0.021633279458326746
0.019011589074760492
0.01393340233413041
0.010846721357446222
0.007605043516389388
0.004752897268690123
-4.007484717003258E-4
-0.0074643226789984345
-0.014083300617438167
-0.017610498998128818
-0.017610498998128818
-0.017610498998128818
-0.016310360826581962
-0.016310360826581962
-0.01723014485068805
-0.01916148735806825
-0.022338923077707473
-0.026616632591149884
-0.03131956376540408
-0.03299495750332682
-0.034721337051898456
-0.03538211315790815
-0.03582161084570164
-0.03582161084570164
-0.03342017916413862
-0.03342017916413862
-0.0345714387685907
-0.037523517205161804
-0.040324677642212176
-0.04152590334110017
-0.0403002044531007
-0.03797321205508507
-0.03434098290445769
-0.032595228747839475
-0.03121963157653225
-0.027967756573345635
-0.024055105464149327
-0.021413020756323512
-0.021638378039391636
-0.023834846762146093
-0.026516700402278045
-0.028818199894969226
-0.028818199894969226
-0.027377340886031415
-0.026416768213406206
-0.025315474703390045
-0.02667679584771558
-0.02856734970657666
-0.032820586030907595
-0.038723723187836824
-0.04564861599016993
-0.05513401620329062
-0.06429004807961944
-0.07619727429856271
-0.08687370304844162
-0.09573401722300683
-0.10196244385187601
-0.1042639433445672
-0.10368882340044765
-0.10021159111419292
-0.09335705873055529
-0.0879739768422448
-0.08365139981543136
-0.08195051317218417
-0.08014969434006515
-0.08069932137886025
-0.07959904758505708
-0.07784819484737397
-0.07674690133735781
-0.07357048533393155
-0.06814151621603708
-0.06251880101767678
-0.05463333554271846
-0.042326380568287844
-0.037082999801155335
-0.028317519234397067
-0.022914043021827025
-0.019011589074760492
-0.015409951410522451
-0.01030627176456792
-0.0069044984780735515
-0.0022515333982552656
0.004652965079818286
0.010806952425140084
0.016059510638189393
0.018410976225316494
0.02061254352913584
0.020061896774127758
0.01781138309208547
0.013848765888453242
0.0013256310768713067
-0.012407906879515429
-0.02719685111633432
-0.042226448379416005
-0.05428357288166703
-0.06213844687023601
-0.06566564525092666
-0.06624076519504621
-0.06255856994998292
-0.0533331973711716
-0.03417069029689037
-0.015849449098315937
0.004727404363365675
0.02301397521069886
0.04414759372466642
0.06741649798860977
0.08380129809873911
0.09479893745570607
0.10176257947413235
0.10556510123232704
0.1053448425303238
0.1041395379665839
0.10146278290751684
0.09772042440588784
0.09118098433206039
0.0849525577031912
0.07714764980905814
0.0720949559737525
0.06378936741904727
0.056354616510225206
0.05148139272840368
0.04612890232648254
0.044607485736719465
0.043751943834030985
0.04327675607878327
0.043552079456287314
0.04382740283379135
0.04382740283379135
0.04382740283379135
0.04325126317345882
0.03922440384840899
0.0335456042583349
0.027777069641518763
0.022113565794639353
0.01847113948188219
0.017510566809256983
0.019211453452504166
0.024440558192654983
0.030098963458469505
0.03592256275078646
0.03976485344128729
0.041250579963596136
0.039874982792288904
0.035872596656350536
0.030158106998822227
0.022213497983511188
0.011407565274584083
0.003577164475126572
-0.0019007510209908584
-0.0031019767198788573
-2.9979656661551087E-4
0.011907226218943268
0.02701636134663723
0.05053101721790826
0.07429550356135886
0.09288187097530756
0.10282308433562938
0.10686625912008688
0.10574049242095925
0.09824047967450658
0.08745392157362607
0.07174417359648809
0.059797178445238686
0.04751367694370656
0.03473663279509312
0.022513294550126697
0.010206339575696083
-0.002926585531246654
-0.014408590089378127
-0.025716223175090373
-0.03607246103409421
-0.04136580789566264
-0.044127199400406866
-0.043226789984347355
-0.039324336037280826
-0.02701636134663723
-0.00913053897100437
0.015630210112525682
0.03427062248576221
0.04837941600852483
0.06175809272279524
0.07844880769681797
0.09487847532031835
0.10336353392850768
0.111619156388777
0.11649645903545043
0.11737239526239847
0.11737239526239847
0.11118883614690031
0.10228773332381598
0.08825439880081373
0.07677239424268226
0.06496000163154594
0.05103169787848042
0.033570077447446375
0.010286897156521339
-0.013659098672839348
-0.04079986539745989
-0.060957615495607576
-0.07714764980905814
-0.08421224373256922
-0.08492706479786674
-0.08115003594499651
-0.06971799748130096
-0.05491375750128739
-0.04052556173616882
-0.031299169441144525
-0.025640764175330004
-0.019862032396384087
-0.013258350201139022
-0.008204636649620409
-0.0049027955519978786
-0.0049027955519978786
-0.006629175100569511
-0.014659440277770695
-0.0260659858361418
-0.04092529049165617
-0.048429382102960744
-0.056895066103103506
-0.05873667358374164
-0.05758541397928956
-0.055609203958538335
-0.051651685335971
-0.04612890232648254
-0.041505509016840615
-0.035296456996018
-0.028417451423268902
-0.018986096169436046
-0.009045902525327202
8.004772271876737E-4
0.011387170950324524
0.018611860319273144
0.028317519234397067
0.036372257600709716
0.04024513977759989
0.04092529049165617
0.03636206043857994
0.027441583007449026
0.0049027955519978786
-0.021988140700443064
-0.04780939464547016
-0.07124451265212892
-0.09229757358527121
-0.10641554455395064
-0.12277587147496852
-0.13996114881228552
-0.15523547796648193
-0.17300709212626125
-0.18107202765470368
-0.18628991551651172
-0.18801629506508338
-0.1888412454813825
-0.18823553405087365
-0.18671513717732352
-0.18337352714739488
-0.1779343608673706
-0.16675317259206762
-0.13694482825429682
-0.09996074092580035
-0.06203851468136417
-0.02301397521069886
0.013733537956386738
0.04963060780184874
0.07569659363799054
0.09579825934442444
0.11086864525602524
0.12253521844870571
0.12830375306552186
0.12867900863189774
0.1238017059852243
0.11413071742134165
0.09145630770956442
0.07564662754355463
0.05961159009447671
0.0433766882676551
0.027141786440833517
0.013588738254143872
-0.0020017029260756733
-0.019212473168717145
-0.04036546629073129
-0.05933626671697267
-0.07577205263775091
-0.08655351215756654
-0.09395767157999929
-0.09525882946775913
-0.09065583048237676
-0.08440191094818311
-0.07492058959991434
-0.0653403557789867
-0.057635380073725484
-0.048104092631020785
-0.042075530379895275
-0.04146574008453447
-0.04250075204070707
-0.04472781224985086
-0.051532378539052584
-0.06016223684948479
-0.06874212906548106
-0.07628700932530476
-0.08415208047600353
-0.09275746559732426
-0.0962397964646439
-0.09783565233795434
-0.09420852176839185
-0.08837472531394512
-0.07997430315143295
-0.07104362855817226
-0.049470512356411214
-0.03692290435571781
-0.01831104403644466
-0.0031519428143147762
0.00360265738045102
0.009205997970764736
0.01030627176456792
0.01030627176456792
0.010856918519576002
0.011406545558371105
0.01605033319227259
0.024115268720715025
0.03644771660047009
0.05319247653378065
0.07164424140761626
0.09195698837013659
0.10886694232994958
0.12367628089102801
0.13770961541403026
0.15257401865060952
0.16269980064548037
0.1706800997282456
0.1763089332238838
0.17760907139543067
0.16847853242442629
0.1593479934534219
0.1365440797825965
0.10569052632652333
0.07224485425706026
0.0431462324035221
0.03509659261827433
0.029317860839328413
0.028057491600087695
0.027616974196081227
0.024115268720715025
0.015248836248871939
0.0014510561710675918
-0.026416768213406206
-0.05390831731529115
-0.08134990032274018
-0.09946209969765414
-0.13035542208603346
-0.14406856571816062
-0.1589982307923705
-0.16780348029143488
-0.17296630347774214
-0.1761090688461401
-0.1764088654127556
-0.17542789841587086
-0.16745269791417047
-0.15291970244680905
-0.12107498483172133
-0.09255760121958059
-0.045352898288406336
0.006503750006373227
0.04030428331795261
0.07887300964141679
0.10896687451882141
0.12617764476146287
0.13933606277373006
0.15359475457980043
0.16686330194306923
0.18398841602382057
0.1936196356553971
0.20374541765026793
0.2077284291781597
0.20802822574477522
0.2074276128953312
0.2040503127979483
0.1983225668296513
0.19217877664645927
0.1774591731121229
0.1587983664146268
0.12993020042522166
0.1044444331142643
0.08165071660556866
0.05677473958997211
0.041775733813279765
0.022614246455211512
0.0042777095134424094
-0.007725370029520784
-0.019211453452504166
-0.030818883104831923
-0.04228559191976873
-0.05318227937165087
-0.060312135132792544
-0.06393926570235503
-0.06153783402079201
-0.054408997975863314
-0.049210484722101835
-0.04837941600852483
-0.04983047217959242
-0.0586367413948698
-0.0673410389888494
-0.0743954357502307
-0.08165071660556866
-0.0875538537624979
-0.09345801063564009
-0.09645903545043413
-0.09826087399876614
-0.09390770548556336
-0.0896554888774454
-0.08105010375612468
-0.06706571561134536
-0.047829788969729725
-0.029518744933285067
-0.0037015698531098792
0.02996843978320833
0.06641615638367843
0.09019491875411072
0.11467014729800697
0.13896590578841908
0.15827321256494317
0.18286264932469293
0.20917948534922728
0.218895341426481
0.22113667766260647
0.22326278596666546
0.2191951379930965
0.2086288385942192
0.18829059872637444
0.15589523435627864
0.12968036995304205
0.10333804102318325
0.07790733838772669
0.053483095654479354
0.024239674098698333
-0.010005455481739431
-0.042026584001672335
-0.07994982996232147
-0.11482004558131471
-0.15179393574768144
-0.18696496764950313
-0.21503265641172062
-0.24661224781143407
-0.26273702028725404
-0.2807227748517588
-0.2900185078492655
-0.29533224903509353
-0.2985841240382801
-0.3008856235309713
-0.3005858269643558
-0.2996843978320833
-0.2996843978320833
-0.2996843978320833
-0.297483850244477
-0.29077921614414703
-0.2837503122880902
-0.26316224194806587
-0.2415983031922216
-0.20550646755008078
-0.15689659567742298
-0.10551513513789111
-0.05201266487536518
-0.0032019089087506948
0.04858131981869446
0.08631285913130377
0.12727893827147904
0.16492686085462416
0.1994830038800202
0.23249427684275464
0.25610784518668456
0.2657635380073725
0.27046646918162676
0.27046646918162676
0.2693162292933876
0.2646826388216159
0.25815951420719613
0.24294942717441737
0.18744015540475084
0.14640983414315797
0.1025130906068841
0.047178190309636825
-0.0055023886852289
-0.06393926570235503
-0.10964294636802577
-0.15549652531700428
-0.19572025105413163
-0.23787226015000024
-0.28377376576098867
-0.29676291088190154
-0.3039621073455257
-0.30603824955514874
-0.3011354540031509
-0.29278091907022274
-0.2824746473056548
-0.25007928293555903
-0.20817812402808297
-0.1713051857668011
-0.13275685376759647
-0.09085569486012043
-0.048955555668857356
-0.013969092401584638
0.01305746610718237
0.037398092110965515
0.05863572167865683
0.07124451265212892
0.0826510582105
0.09415855567395592
0.10416401115569537
0.11647198584633896
0.1306807115579734
0.14651588462930765
0.1600189667215614
0.17135617157745
0.18161247724758198
0.18801629506508338
0.19141806835157776
0.18966721561389466
0.183413296079701
0.169924490014429
0.14711649747875166
0.11887341752790198
0.09451851549713715
0.08457730213681532
0.07344506023973528
0.06839236640442964
0.06894301315943772
0.07124349293591593
0.07402018018385483
0.07574655973242646
0.07436586398005435
0.06826694131023336
0.05403374240948743
0.027877001830390602
0.005078186740630083
-0.022113565794639353
-0.04930531832990878
-0.07644608505452932
-0.09836080618763798
-0.11124288110618814
-0.12347641651328435
-0.1308010380711048
-0.13433231531664738
-0.13488296207165545
-0.13130069901546398
-0.12204983353132823
-0.10116298634090132
-0.07682236033711819
-0.05633422218596564
-0.03312140231373609
-0.010180846670371635
0.0024014316815630207
0.0074643226789984345
0.010956850708447837
0.012807635635002779
0.016150265381144426
0.02271417864408335
0.03557280008973503
0.05015576165153238
0.06281859758429229
0.0711435607470441
0.08312624596574773
0.09175610427617993
0.09031524526724212
0.08425201266487536
0.0659409686284307
0.0460473250294443
0.029743082500140208
0.011807294030071431
3.997287554873479E-4
-0.007484717003257993
-0.013709064767275268
-0.01938684464113637
-0.02401431681563021
-0.027157082184028184
-0.03024376316071237
-0.030818883104831923
-0.03192017661484809
-0.03244023188346683
-0.032569735842515025
-0.03192017661484809
-0.029718609311028737
-0.02631581630832139
-0.016234901826821593
-0.0063038856286295524
0.012332447879755064
0.031699917912844856
0.053332177654958624
0.07597191701549459
0.09675883201704966
0.11447028292026329
0.12820382087665003
0.13508282644939912
0.13486358746360888
0.13253149648452833
0.12417594183538722
0.11244512652128912
0.10536523685458336
0.09505896509001545
0.07279550101206834
0.053483095654479354
0.044135357130110686
0.04147899639530318
0.03882365537670866
0.03882365537670866
0.03882365537670866
0.037723381582905474
0.03151942814314776
0.021713837039152004
0.013708045051062288
-0.0011257666991276328
-0.017461620431034042
-0.03251976974807911
-0.043767239577225656
-0.0515313588228396
-0.05818602682873356
-0.0635895030413036
-0.06926218433409982
-0.07534683097693912
-0.08014969434006515
-0.08255112602162817
-0.08255112602162817
-0.08134990032274018
-0.07932372420755304
-0.07674690133735781
-0.07454533403353847
-0.06941820091468544
-0.05963708299980115
-0.04647866498753397
-0.03266049058547007
-0.02071247571800768
-0.012382413974190983
-0.00635385172306547
-0.0033416100299286707
-0.002501363870434858
-0.002501363870434858
-0.002501363870434858
-0.002501363870434858
-0.0018507849265549396
0.0021760743984948986
0.011306613369499266
0.01811117965870098
0.04182569990771568
0.0646897768351068
0.08401237935482556
0.1042639433445672
0.12347641651328435
0.13633401824272307
0.1416069707800319
0.142388073399173
0.1366093416202271
0.11346994131533193
0.08767418027562929
0.06516598430656748
0.04447696206145829
0.037372599205641066
0.03652215588401748
0.04212549647433119
0.05618534361887086
0.07654703695961412
0.09663952522013124
0.11679727531827892
0.1382847353581498
0.15201827331453657
0.1559156286805382
0.1543452657125522
0.14426435123105238
0.12107396511550836
0.10036148939750068
0.07649707086517822
0.06158780011522793
0.04127607286892058
0.03097897855026946
0.02271417864408335
0.018611860319273144
0.014659440277770695
0.009455828442944328
0.002601296059306695
-0.008204636649620409
-0.014008861333890777
-0.027441583007449026
-0.03747355111072589
-0.048270306373736194
-0.06153783402079201
-0.07584751163751127
-0.08725405719588238
-0.10003619992556072
-0.11467116701421994
-0.12643767239577225
-0.1347830298827836
-0.13758521003604698
-0.13736495133404372
-0.1356334732044072
-0.13018003089740124
-0.1203744397934055
-0.1080664651027619
-0.09185603646505178
-0.06571561134536258
-0.034280819647891994
-0.01160640993611478
0.008979620971483636
0.02611595193057772
0.03171929252089144
0.030868849199267842
0.022614246455211512
0.008025166596136295
-0.01508466193858249
-0.03001840587764425
-0.057655774397985034
-0.08207593826638046
-0.104364895249652
-0.11989925203815778
-0.1272585439472195
-0.13078064374684525
-0.12737887046035087
-0.11539108666058236
-0.0969597161110063
-0.07069488561333381
-0.045367174315388024
-0.024315133098458695
-0.0019507171154267767
0.011686967516940035
0.023814452437886536
0.03702283654458964
0.04782876925351675
0.06394028541856801
0.07612181529880234
0.08960552278300948
0.0990807258340004
0.10711608959226647
0.11417048635364777
0.11703181004726385
0.11857362096128647
0.1148210652975277
0.10506442057175487
0.08907425063604799
0.06844233249886557
0.03261970193695095
0.005003747457082694
-0.018561894224837228
-0.04317682388991143
-0.06664049395053356
-0.07584751163751127
-0.08617825659119067
-0.09010518372736867
-0.09137676984495215
-0.09185705618126476
-0.08955555668857357
-0.08715412500701054
-0.08687880162950651
-0.08660347825200247
-0.08812897370661744
-0.09117588575099549
-0.09525882946775913
-0.10071227177476508
-0.10418440547995493
-0.10666537502613022
-0.10694069840363427
-0.09986182845314148
-0.09295631025885497
-0.06579005062890997
-0.03842290690500833
-0.009355896254072491
0.016936466581350413
0.03992494888672482
0.05583456124160646
0.06784171964942157
0.07529584516629022
0.0789688629654367
0.08240122773832043
0.08795358251798524
0.09405862348508409
0.10218780113494415
0.1107687130671534
0.11769768473433842
0.12159504010034007
0.12227519081439635
0.12017457541566182
0.11339550203178456
0.09475814880718696
0.06756639627191753
0.04424650619732528
0.02271417864408335
-8.5146303783657E-4
-0.027336552237512298
-0.03577164475126572
-0.038023178149520984
-0.03714316305772103
-0.02771690638495307
-0.006554735817022123
0.016649926325503613
0.03882467509292164
0.07046748889783973
0.08765378595136973
0.10046142158637252
0.11024355921746977
0.1124094364538349
0.11136830620038443
0.1036633304951232
0.0867543962515232
0.06954158657645577
0.0487546715749007
0.03870434857979024
0.034120724202454454
0.033020450408651265
0.03522201771247061
0.037523517205161804
0.04873019838578923
0.05885598038066006
0.06729107289441348
0.07126898584124039
0.07184410578535994
0.06734205870506238
0.057360056696221434
0.03982399698164001
0.022873254373307908
0.009180505065440287
-0.003702589569322857
-0.00940586234850841
-0.01220702278555878
-0.014008861333890777
-0.01395889523945486
-0.013908929145018942
-0.013908929145018942
-0.011607429652327755
-0.009931016198192043
-0.007104362855817226
-0.0039024539470665313
-7.749843218632255E-4
0.0033018410976225314
0.00486302661969174
0.006704634100329878
0.006153987345321797
0.002841949085569486
-0.0032773679085110613
-0.016210428637710123
-0.02991847368877241
-0.04135051215246797
-0.05563367714764981
-0.06450010961949289
-0.07284546710650426
-0.08365139981543136
-0.09027547633493599
-0.09425848786282778
-0.09570852431768238
-0.09445835224057145
-0.09113611681868936
-0.08355146762655953
-0.06920304079374709
-0.05813606073429764
-0.03437157439084702
-0.011447334206890224
0.016859987865377065
0.04232536085207486
0.07162486679956967
0.08697873381837834
0.10411404506125944
0.11704710579045852
0.121875462058909
0.12817934768753855
0.13854578270867215
0.1437381776651558
0.14539011793018003
0.1437381776651558
0.13854578270867215
0.1305807793691016
0.11955356824195826
0.11111847572820484
0.10481459009957528
0.09941111388700524
0.09760009789275643
0.09395767157999929
0.08822992561170226
0.08024962652893698
0.06639066347835397
0.04908098076305364
0.03442052076906997
0.017711450903213636
2.2535728306812214E-4
-0.013368479552140638
-0.02101227228462319
-0.026466734307842125
-0.02819719272126567
-0.028417451423268902
-0.023864418532322452
-0.017250539174947614
-0.007354193327996818
4.2522166081179606E-4
0.0031417456521849966
0.004702931174254205
0.0019262439263153064
-7.209393625753952E-4
-0.0038524878526306127
-0.010707020236268246
-0.018011247469829145
-0.023814452437886536
-0.02916796255602066
-0.03267986519351664
-0.034120724202454454
-0.033295773786155315
-0.031099305063400855
-0.02611595193057772
-0.020862374001315433
-0.018731167116191563
-0.01690995395981298
-0.0158096801660098
-0.018011247469829145
-0.021413020756323512
-0.02398984362651874
-0.024814794042817882
-0.02426516700402278
-0.0193623714520249
-0.011106748991755594
0.003402793002707347
0.021413020756323512
0.03798340921721485
0.053832858315530786
0.06704124242223389
0.07594642411017014
0.08044949090668067
0.08202597217194454
0.08189034991561848
0.07874860426343348
0.07284444739029129
0.06333967256912401
0.055332860864821316
0.03479679605165882
0.015769911233703658
-0.002452417492211917
-0.02308841449424625
-0.04362753845604768
-0.06023667613303218
-0.07747191956478512
-0.09323775193363687
-0.1042639433445672
-0.1105933218785212
-0.1139706219759041
-0.1139706219759041
-0.1139706219759041
-0.11341997522089603
-0.11286932846588793
-0.11286932846588793
-0.1139706219759041
-0.11387068978703226
-0.1157214747135872
-0.11852263515063757
-0.12237512300326818
-0.13190641044597287
-0.13788500660266248
-0.14138671207802866
-0.13941050205727745
-0.13393258656116
-0.1248968811979626
-0.10876701014107773
-0.09445835224057145
-0.08865412755630107
-0.0875538537624979
-0.089304706500181
-0.0944185833082653
-0.10356441802246434
-0.11156919029434109
-0.11617116956351047
-0.11672181631851855
-0.11332004303202418
-0.10604538756863965
-0.09125644333182076
-0.07404669280539225
-0.06073735679360434
-0.04370197773959507
-0.02906803036714882
-0.02357481912783672
-0.02048813815115253
-0.019911998490820006
-0.019812066301948164
-0.025014658420561556
-0.03332024697526678
-0.04327675607878327
-0.05450893016473515
-0.06554022015673037
-0.07584751163751127
-0.08300082087155145
-0.08779450678876068
-0.08845426317855741
-0.08762931276225826
-0.08359123655886566
-0.07924928492400564
-0.07238455537823824
-0.06661602076142209
-0.05978698128310891
-0.05198207338897584
-0.04420673726501914
-0.031019767198788576
-0.021693442714892444
-0.009030606782132532
0.005553374495877797
0.018591465995013587
0.031344036954515556
0.03992494888672482
0.04332672217321919
0.04432706377815054
0.041145549193659404
0.03141949595427593
0.01123217408595188
-0.008204636649620409
-0.030620038443301228
-0.05378289222109487
-0.07514594688298246
-0.09550967965615169
-0.11864806024483386
-0.13824598614205666
-0.14759066551778638
-0.15659679911080746
-0.16047376015254955
-0.16129973028506167
-0.16063895417905194
-0.15502031784554357
-0.14529018574130817
-0.13362259283241473
-0.1238017059852243
-0.11377075759816042
-0.1055854955565866
-0.10023708401951736
-0.09485808099605879
-0.0902561017268894
-0.08422753947576389
-0.07582711731325173
-0.0629888901918596
-0.046428698893098044
-0.02991847368877241
-0.016609137676984496
-9.993218887183697E-5
0.015089760519647381
0.02966864321659282
0.0462278147991414
0.055054478338678346
0.06093722117134801
0.06632132277587148
0.06991786185904462
0.07536212672013379
0.08240428688695936
0.08944746676999792
0.09886046713199716
0.10594545537976781
0.11291929456032386
0.1195239964717819
0.12591761712715352
0.13385712756139967
0.1458897788745392
0.15279427735261278
0.16157403394635272
0.16420082291098387
0.16365119587218876
0.15874840032019089
0.14018650609535366
0.1229747161364992
0.10118745953001279
0.0797091769360587
0.05918636843366491
0.042926993417731846
0.03702283654458964
0.035021133618513965
0.03135933269771023
0.030068371972080166
0.02756700810164531
0.023263805682878454
0.01881172469701682
0.011006816802883757
0.005963300413494924
0.0042022505136820425
0.0042022505136820425
0.00486302661969174
0.00792931327211637
0.011106748991755594
0.013308316295574942
0.015709747977137964
0.014749175304512753
0.011607429652327755
0.005703272779185553
-0.0015010222655035103
-0.0072042950446890635
-0.012307974690643594
-0.014508522278249962
-0.015109135127693962
-0.014284184711394818
-0.010246108508002222
-0.002501363870434858
0.006128494439997348
0.014069024590456477
0.019911998490820006
0.023264825399091433
0.025656059918524675
0.030718950915960087
0.03372099544696711
0.03764792258314511
0.043927335022663196
0.051632310727924416
0.05993687956641666
0.07144437702987258
0.08239103057619064
0.08953006378324913
0.10296380517302034
0.11695125246643859
0.13358180418389562
0.14308759872127585
0.1464903917239832
0.1473408350456068
0.14474973614842987
0.13473306378834768
0.11667185022408263
0.09845971866029683
0.07794812703624582
0.06531588258987524
0.05275195912977418
0.04647866498753397
0.040250238358664786
0.03640284908709906
0.031019767198788576
0.026496306078018488
0.019987457490580368
0.009355896254072491
-0.00210163511494751
-0.012566982608739986
-0.023814452437886536
-0.03682297216684596
-0.04550279657171409
-0.05523394839216245
-0.06017651287646648
-0.06318875456960328
-0.06493960730728637
-0.06425945659323011
-0.06093722117134801
-0.0562342899970938
-0.04997119301698338
-0.04420265840016723
-0.030519086538216413
-0.024714861853946044
-0.010431696858764206
0.0027613915047442297
0.014809338561078451
0.03029372925514829
0.04632876670422621
0.0635385172306547
0.08047498381200512
0.09397806590425885
0.10476462400513938
0.11454574192002366
0.12179490447808375
0.1265783932331632
0.1304604528559702
0.13293224495622868
0.13403251875003186
0.13265692157872466
0.13053999072058245
0.12667832542203505
0.1207945628731524
0.11239414071064023
0.0958094762227672
0.07680706459392352
0.045429377004379684
0.0134072287682338
-0.009965686549433292
-0.02856734970657666
-0.044877710533158616
-0.05587433017391259
-0.06291343119209925
-0.06544028796785854
-0.06544028796785854
-0.06146237502103165
-0.04963060780184874
-0.039675118414545234
-0.030168304160952005
-0.02301397521069886
-0.018410976225316494
-0.016935446865137434
-0.014959236844386206
-0.013808996956147103
-0.012007158407815105
-0.009205997970764736
-0.00580320496805739
-0.0025513299648707763
0.0
6.0163256565697764E-5
9.993218887183697E-5
-0.004402114891425717
-0.012728097770390499
-0.025666257080654453
-0.04332774188943217
-0.059156796663488546
-0.07181963259624846
-0.08565310274150703
-0.09213645842362071
-0.09513340437356282
-0.09595937450607496
-0.09595937450607496
-0.0958788169252497
-0.09475814880718696
-0.09197636297818317
-0.09005521763293274
-0.08950559059413765
-0.0906813233877012
-0.09213645842362071
-0.09575951012833128
-0.09983633554781704
-0.10200323250039514
-0.10381424849464393
-0.10579045851539516
-0.10596482998781438
-0.10596482998781438
-0.1025130906068841
-0.09537915598089051
-0.08760381985693382
-0.08017416752917662
-0.07614730820412678
-0.07384580871143562
-0.0726445830125476
-0.0732451958619916
-0.07588728056981742
-0.08062488209531288
-0.08635364777982286
-0.09321735760937731
-0.09898589222619344
-0.10576496561007072
-0.11186898686095659
-0.11719700407376626
-0.12177451015382419
-0.12153487684377437
-0.11969836794420112
-0.1148210652975277
-0.1052153385712756
-0.09491926396883747
-0.08154976470048385
-0.07214492206818841
-0.06205788928941075
-0.05518398229772654
-0.04827948381965298
-0.04528763645077575
-0.042626177134903354
-0.039098978754212706
-0.03476110598420459
-0.0316193603320196
-0.027367143723901637
-0.02301397521069886
-0.019612201924204493
-0.013258350201139022
-0.010206339575696083
-0.007505111327517552
-0.005253577929262287
-0.0034017732864943685
-0.0012012256988879993
-6.006128494439997E-4
0.0012012256988879993
0.0012012256988879993
0.0012012256988879993
0.0036016376642380426
0.005804224684270367
0.010080914481499798
0.015009202938822125
0.02007209393625754
0.025289981798065596
0.02991847368877241
0.034261445039845406
0.03857382490452907
0.041975598191023436
0.045767922787088355
0.05148139272840368
0.05633422218596564
0.06325911498829875
0.06891752025411327
0.07474621812749511
0.07877409716875794
0.08022923220467743
0.08155078441669683
0.08395221609825984
0.08491278877088505
0.08745392157362607
0.0920069544645725
0.09499880183344975
0.09776019333819398
0.10258854960664447
0.1049247194505769
0.109817317840445
0.11844819586709018
0.1279784635935819
0.13568343929884313
0.14641493272422285
0.15509577684530396
0.16021883109930507
0.16547648789341923
0.16900470599032288
0.17120525357792926
0.1709299302004252
0.169554333029118
0.1676229905217378
0.16415085681654795
0.1587983664146268
0.14731024355921746
0.13228064629613578
0.1027629210790637
0.07331963514553899
0.04854970861609214
0.020211795057435516
-0.004243039162201158
-0.018636333508384617
-0.03352113106922343
-0.043226789984347355
-0.047729856780857886
-0.04832944991408891
-0.048029653347473396
-0.046248209123400955
-0.04202556428545936
-0.03567171256239388
-0.029958242621078553
-0.021913701416895675
-0.01245787297395135
-0.004422509215685274
0.0039024539470665313
0.011056782897319676
0.012507839068387268
0.013608112862190453
0.011657395746763676
0.006253919534193634
0.0020812407906879516
-0.0013511239821957547
-0.004503066796510531
-0.0069044984780735515
-0.010531629047636042
-0.016510225204325633
-0.02091335981196433
-0.027892297573585273
-0.033020450408651265
-0.036902510031458245
-0.03879918218759719
-0.038173076432828745
-0.03558197753565182
-0.029868507594336496
-0.021513972661408327
-0.017630893322388378
-0.015434424599633921
-0.01515910122212988
-0.016610157393197475
-0.01963259624846405
-0.022513294550126697
-0.022294055564336442
-0.02083790081220396
-0.016810021770941146
-0.009331423064961021
-0.0021617983715132077
0.0072042950446890635
0.01703537905400927
0.024054085747936348
0.031969122993071024
0.045678187760346295
0.055434832486119114
0.06223837905910785
0.06604090081730253
0.06782132532516201
0.06809155012160116
0.06441445345760274
0.05783626416768214
0.05443347116497479
0.049255352235472866
0.04752897268690123
0.04758913594346693
0.04762890487577307
0.04873019838578923
0.050150663070467484
0.051331494445095924
0.05223190386115544
0.05223190386115544
0.05223190386115544
0.05113163006735225
0.048389613170654606
0.04545385019349115
0.03967409869833225
0.03569720546771833
0.03063839333513483
0.02611595193057772
0.01963259624846405
0.016059510638189393
0.011807294030071431
0.008305588554705225
0.004983353132823135
-1.9986437774367394E-4
-0.00608362692662632
-0.0130329929180709
-0.021313088567451677
-0.029593184216832456
-0.03374037005501369
-0.037923245960649145
-0.03754799039427328
-0.03440114616102338
-0.029217928650456575
-0.02151295294519535
-0.009207017686977714
-0.0034007535702813905
0.007529584516629022
0.014069024590456477
0.019562235829768574
0.02639127530808176
0.03442052076906997
0.044726792533637885
0.06001233856617703
0.07569659363799054
0.09061504183385763
0.10381322877843095
0.11236966752152876
0.11697164679069814
0.11807294030071432
0.11637205365746713
0.1113091626600317
0.10216332794583267
0.08845324346234443
0.0734440405235223
0.05495964473087139
0.03977403088720409
0.026856265901199695
0.014582961561797352
0.00480388307933902
-0.006784171964942156
-0.01488377784462584
-0.026017039457918858
-0.03797321205508507
-0.04818872907669795
-0.06373940132461135
-0.07332575344281686
-0.0816762095108931
-0.09175712399239291
-0.10003619992556072
-0.1042639433445672
-0.10596482998781438
-0.10574559100202413
-0.10371329658955912
-0.09741043067714254
-0.08547669183666186
-0.07292398525490355
-0.06133898935926131
-0.052457261144223555
-0.04890966843927335
-0.04697934564810613
-0.0472536493093972
-0.050251614975552306
-0.05433353897610295
-0.05833592511204132
-0.06149806508848587
-0.06408916398566279
-0.06463981074067086
-0.06353953694686769
-0.061138105265304665
-0.05545930567523058
-0.04963060780184874
-0.04528763645077575
-0.042200955474091556
-0.03702283654458964
-0.03362004354188229
-0.028993591083601434
-0.023263805682878454
-0.018211111847572823
-0.012957533918310534
-0.0072042950446890635
-0.003702589569322857
0.001676413454135714
0.00545344230700596
0.005883762548882645
0.00457750608005792
0.0032019089087506948
-0.005964320129707902
-0.018336536941769104
-0.032969464598002374
-0.045787297395134936
-0.05921084162277638
-0.07374587652256376
-0.08789341926141954
-0.10018609820886847
-0.10946755517939356
-0.11176905467208476
-0.11324968261332871
-0.11226973533265693
-0.10922894158555674
-0.10618814783845656
-0.10316366955076402
-0.10113749343557688
-0.09990159738544763
-0.09846073837650982
-0.09846073837650982
-0.09846073837650982
-0.09846073837650982
-0.10018711792508145
-0.10252328776901387
-0.10526530466571153
-0.10584042460983108
-0.10756680415840271
-0.10756680415840271
-0.10584042460983108
-0.10526530466571153
-0.10526428494949855
-0.10231322622914042
-0.09878092926738488
-0.0931571943528116
-0.0842775055701998
-0.07534683097693912
-0.06844233249886557
-0.05991138666109221
-0.05363299393778711
-0.049711165382674
-0.03927538965905788
-0.029517725217072088
-0.022614246455211512
-0.017210770242641473
-0.007754941799697144
-0.0015407911978096494
0.007129855761141674
0.015210087032778777
0.021013292000836167
0.026916429157765393
0.028417451423268902
0.028357288166703208
0.02694192206308984
0.022113565794639353
0.01667032064976317
0.012057124502251023
0.0078049078941330625
0.005278051118373757
0.004122712649069764
0.005002727740869716
0.006104021250885878
0.006704634100329878
0.009655692820688002
0.01245787297395135
0.014048630266196916
0.014308657900506288
0.014308657900506288
0.014749175304512753
0.015959578449317554
0.019137014168956776
0.0237746835055804
0.03031820244425976
0.040149286453579965
0.047569761335420346
0.05328323127673568
0.06081179607715173
0.06614083300617438
0.0705429478976001
0.07882406326319384
0.08975542106631723
0.09801002381037356
0.10483906328868675
0.11287034818210091
0.11977382694396149
0.12587784819484737
0.13243156429565653
0.13748425813096213
0.14273783606022444
0.14729086895117088
0.14859100712271772
0.1470410384789913
0.14398902785354836
0.13682450174116542
0.12847812453794108
0.11767321154522696
0.10906782642390622
0.09886046713199716
0.09030606782132532
0.08481183686580024
0.07992433705699704
0.07874860426343348
0.0760871449475611
0.07424553746692296
0.07309529757868385
0.07062350547842534
0.06801711083805377
0.06513947168503005
0.05973701518867299
0.05468432135336736
0.047429040498029394
0.041164923801705985
0.037198227733221845
0.03322031478639495
0.03187938796632897
0.03121963157653225
0.03212004099259176
0.03344057348839818
0.03784778696088878
0.04252624494603152
0.04929104230292709
0.05565917005297425
0.06253817562572336
0.06634069738391805
0.06856673787684887
0.0700432869532409
0.0700432869532409
0.06946816700912135
0.06774178746054973
0.06774178746054973
0.0660154079119781
0.06544028796785854
0.06433899445784239
0.06148786792635609
0.058475626233219294
0.05413367459835928
0.04665303645995319
0.038124130054605805
0.02901908398892588
0.018286570847333185
0.008424895351623643
-0.001051327415580244
-0.01220702278555878
-0.023614588060142862
-0.03271963412582279
-0.04390286183355172
-0.05259288340054963
-0.06013674394416033
-0.06706673532755833
-0.07000351802093478
-0.07164424140761626
-0.07164424140761626
-0.07164424140761626
-0.07099366246373634
-0.07034308351985642
-0.06946306842805647
-0.06924280972605323
-0.06924280972605323
-0.06921731682072879
-0.0691428775371814
-0.07094369636930042
-0.07146375163791915
-0.07254465082367577
-0.07616668281217337
-0.07737300709212626
-0.0793991832073134
-0.08225030973879968
-0.08373195739625662
-0.08385126419317504
-0.0836310054911718
-0.08190054707774826
-0.0770477176201863
-0.07066429412694447
-0.060137763660373315
-0.05073088159565193
-0.04492767662759454
-0.040324677642212176
-0.039724064792768174
-0.03984439130589956
-0.041975598191023436
-0.04592801823252589
-0.051732242916796255
-0.05738554960154589
-0.06193858249249234
-0.06441955203866763
-0.0653403557789867
-0.0653403557789867
-0.06193858249249234
-0.05440797825965034
-0.04697934564810613
-0.04124548138253124
-0.036372257600709716
-0.03432160829641111
-0.03322031478639495
-0.03322031478639495
-0.033660832190401405
-0.03487123533520621
-0.035421882090214296
-0.035421882090214296
-0.03532194990134246
-0.033120382597523104
-0.03176008116941055
-0.02851738361214074
-0.026491207496953596
-0.024375296355024396
-0.021513972661408327
-0.018736265697256452
-0.01605033319227259
-0.013508180673318614
-0.010681527330943798
-0.008185262041573828
-0.006603682195245063
-0.0055034084014418784
-0.004983353132823135
-0.0042022505136820425
-0.003377300097382898
-0.0022209419118659275
-8.004772271876737E-4
0.00210163511494751
0.00607852834556143
0.013007500012746453
0.020552380272570146
0.02849291042302927
0.037123788449674455
0.04514793532959777
0.050806340595412294
0.05658507237435821
0.06027746478155129
0.061238037454176504
0.061238037454176504
0.060556867023907245
0.056984801129845566
0.05323224546608679
0.04999056762502995
0.04352760626717584
0.038323994432349476
0.03151942814314776
0.026940902346876863
0.015559849693830207
0.007524485935564131
-0.0015509883599394286
-0.011907226218943268
-0.016410293015453797
-0.01878623179169237
-0.018711792508144982
-0.0158096801660098
-0.008629858310432205
-3.008162828284888E-4
0.01020735929190906
0.023439196871510658
0.03552181427908613
0.04712924393141389
0.05761090688461401
0.0638393335134832
0.06624076519504621
0.06881758806524144
0.06964253848154059
0.0691428775371814
0.06684137804449022
0.06440017743062106
0.060537492415860664
0.055734629052734616
0.049210484722101835
0.04287600760708295
0.03582161084570164
0.027937165086956296
0.014909270749950288
0.008105724176961551
-0.003953439757715427
-0.017660465092564737
-0.030544579443540863
-0.04136580789566264
-0.0468284276485854
-0.05323224546608679
-0.05655957946903377
-0.05878663967817756
-0.05936175962229711
-0.05933626671697267
-0.05933626671697267
-0.05859595274635069
-0.060437560226988825
-0.06158780011522793
-0.06405959221548642
-0.06839236640442964
-0.07294539929537609
-0.07678768998587693
-0.07884853645230532
-0.08084921966216801
-0.0826704328185466
-0.08315173887107218
-0.0831507191548592
-0.08195051317218417
-0.07914935273513381
-0.07509598078854655
-0.06870236013317493
-0.06076182998271581
-0.05213299138849658
-0.045228492910423024
-0.034020792013582615
-0.02316387349400662
-0.01242728148756201
-0.00332733400294698
0.009805591103995757
0.019011589074760492
0.030219289971600904
0.03990557427867824
0.04943074342410507
0.05861124848954536
0.06263912753080816
0.06614083300617438
0.06696578342247353
0.06522002926585531
0.06213844687023601
0.05443347116497479
0.04672849545971356
0.03982399698164001
0.03447150657971886
0.030768917010396003
0.028176798397006115
0.026466734307842125
0.023814452437886536
0.02281411083295519
0.020862374001315433
0.01831104403644466
0.01831104403644466
0.01831104403644466
0.01831104403644466
0.01941233754646082
0.02519106932540674
0.03096878138813968
0.03736240204351129
0.04530293219397041
0.05283353642681241
0.06077712572591047
0.06651506885633728
0.0711435607470441
0.07362555000943237
0.07454635374975145
0.07354499242860713
0.07024315133098459
0.06494062702349936
0.056934835035409644
0.04995079869272381
0.04385187602290282
0.03692290435571781
0.03261970193695095
0.028167620951089312
0.023864418532322452
0.020387186246067716
0.017090443729510078
0.014108793522762614
0.011667592908893454
0.010707020236268246
0.010707020236268246
0.012507839068387268
0.014949039682256427
0.021113224189708003
0.02819719272126567
0.0357216786568298
0.04347662045652695
0.04695385274278168
0.04945011803215165
0.04993040436846426
0.04647866498753397
0.04118531812596554
0.036723039977974124
0.03164485323734405
0.028597941192966
0.028217587045525228
0.026016019741705886
0.026016019741705886
0.026016019741705886
0.02428964019313425
0.023714520249014697
0.021413020756323512
0.018636333508384617
0.015549652531700427
0.011256647275063349
0.00547791549611743
-1.9986437774367394E-4
-0.0036016376642380426
-0.010256305670132002
-0.014168956779328312
-0.016760055676505226
-0.018135652847812454
-0.018410976225316494
-0.01831104403644466
-0.017210770242641473
-0.016770252838635008
-0.01610947673262531
-0.015134628033018412
-0.014809338561078451
-0.017110838053769638
-0.017685957997889187
-0.020512611340264005
-0.022994600602652283
-0.026466734307842125
-0.03191915689863511
-0.03532194990134246
-0.041049695869639476
-0.04787975506416564
-0.05403374240948743
-0.06101369988732136
-0.0673410389888494
-0.07184410578535994
-0.07694778543131446
-0.07989884415167259
-0.08309157561450647
-0.08527784717513116
-0.0855531705526352
-0.08655351215756654
-0.08517791498625933
-0.0826510582105
-0.08016906894811174
-0.07709768371462222
-0.07164424140761626
-0.06776218178480928
-0.06471526974043124
-0.05958711690536524
-0.05645454869909704
-0.0538828244099667
-0.05203203948341177
-0.04983047217959242
-0.04853033400804556
-0.047429040498029394
-0.04494705123564112
-0.043951808211774655
-0.043927335022663196
-0.040305303034165595
-0.03824853543258911
-0.03417069029689037
-0.03151942814314776
-0.02756700810164531
-0.02551533908113372
-0.01999255607164526
-0.015458897788745391
-0.01000647519795241
-0.005002727740869716
-0.001050307699367266
0.0033028608138355093
0.007144131788123365
0.009230471159876207
0.010756986330704163
0.011306613369499266
0.011306613369499266
0.011306613369499266
0.01004624413025855
0.008479960027124452
0.006253919534193634
0.004027879041262817
0.0015815798463287667
-0.002301499492691184
-0.005472816915052541
-0.009821906563403404
-0.014169976495541291
-0.018011247469829145
-0.021137697378819473
-0.023914384626758375
-0.02511561032564637
-0.024790320853706412
-0.023264825399091433
-0.020161828962999596
-0.016510225204325633
-0.01000647519795241
-0.0015407911978096494
0.002301499492691184
0.012908587540087594
0.0226886857387589
0.02801670295156858
0.03131956376540408
0.03376076437927324
0.034746829957222905
0.03417069029689037
0.03096878138813968
0.028357288166703208
0.022213497983511188
0.016549994136631774
0.010481662953200124
0.003402793002707347
-0.004578525796270898
-0.00998608087369285
-0.01781138309208547
-0.023213839588442538
-0.02826653342374817
-0.03547184818465021
-0.04170027481351939
-0.046428698893098044
-0.05203203948341177
-0.057435515695981806
-0.06161329302055237
-0.06333865285291103
-0.06416462298542315
-0.06267889646311431
-0.05983694737754482
-0.05638418828040156
-0.05113163006735225
-0.047279142214721646
-0.04267614322933927
-0.03776315051521162
-0.03342017916413862
-0.030619018727088252
-0.028377682490962765
-0.028267553139961148
-0.028818199894969226
-0.03065878765939439
-0.0345204529579418
-0.041875666002151604
-0.0448879076952884
-0.04757893878133715
-0.04898002885796883
-0.05011089413816135
-0.0492308790463614
-0.047804296064405276
-0.0468284276485854
-0.04572815385478221
-0.04372747064491952
-0.04246608168946582
-0.03992494888672482
-0.03712276873346148
-0.0339616484732299
-0.029618677122156902
-0.023864418532322452
-0.019031983399020052
-0.013608112862190453
-0.008355554649141145
-0.006183559115498157
-0.0043021827025538795
-0.0032019089087506948
-0.0032019089087506948
-0.0043021827025538795
-0.005303544023698204
-0.006224347764017274
-0.008805249499064409
-0.009931016198192043
-0.01210709059668694
-0.014408590089378127
-0.014408590089378127
-0.01484910749338459
-0.015509883599394288
-0.015509883599394288
-0.014549310926769081
-0.01090688461401192
-0.0048783223628864085
0.0017212809675067429
0.009204978254551757
0.019212473168717145
0.02701636134663723
0.03562072675174499
0.04637873279866213
0.0562342899970938
0.06478970902397863
0.07169420750205219
0.08095017156725283
0.0843519448537472
0.08780470395089046
0.09213645842362071
0.09465821661831512
0.09758480214956176
0.09936114779256933
0.10046244130258548
0.10193797066276454
0.1028037097275828
0.10286387298414851
0.10203790285163639
0.10176257947413235
0.10056237349145732
0.10028705011395328
0.09776019333819398
0.09467861094257468
0.0903805071048727
0.08585296711925071
0.08235126164388451
0.07442092865555515
0.06780195071711542
0.06013674394416033
0.051257055161548534
0.03962413260389633
0.02991847368877241
0.025816155363962208
0.01781138309208547
0.013648901510709568
0.010180846670371635
0.00940586234850841
0.0070044306669453885
0.007104362855817226
0.006553716100809144
0.005283149699438646
0.0048028633631260415
0.006004089062014041
0.006104021250885878
0.006653648289680982
0.008905181687936248
0.010226733899955641
0.014083300617438167
0.017610498998128818
0.023313771777314373
0.02904355717803735
0.03532194990134246
0.041705373394584286
0.04740354759270495
0.05313333299342793
0.056535106279922295
0.060887255076912096
0.06408916398566279
0.0654005190355524
0.06839236640442964
0.07044403542494122
0.07274451520141943
0.07417109818337556
0.07569659363799054
0.07624724039299863
0.07624724039299863
0.07284546710650426
0.06828223705342804
0.06178766449297161
0.05253272014398393
0.042001091096347885
0.03604288926391785
0.026016019741705886
0.015769911233703658
0.01005542157617535
0.006004089062014041
0.003752555663758776
0.0013613211443255341
9.004094160595106E-4
0.0012756649824353882
0.0025819214512601144
0.0033018410976225314
0.003377300097382898
0.0034017732864943685
0.0034017732864943685
5.25153849683633E-4
-0.002601296059306695
-0.0064038178175013895
-0.010656034425619349
-0.013708045051062288
-0.016009544543753473
-0.017110838053769638
-0.01706087195933372
-0.017010905864897796
-0.015359985316086533
-0.011406545558371105
-0.0067036143841169
0.0013256310768713067
0.00760402380017641
0.013268547363268803
0.018486435225076862
0.02091234009575135
0.02335456042583349
0.024315133098458695
0.024365099192894615
0.024415065287330538
0.024415065287330538
0.026616632591149884
0.026616632591149884
0.026641105780261354
0.025616290986218534
0.024514997476202373
0.021793374903764283
0.019911998490820006
0.01210709059668694
0.007379686233321267
5.506467550080812E-4
-0.00635385172306547
-0.011106748991755594
-0.01781138309208547
-0.02176278341737494
-0.023414723682399188
-0.023414723682399188
-0.023339264682638822
-0.022213497983511188
-0.021113224189708003
-0.019612201924204493
-0.018711792508144982
-0.018711792508144982
-0.019536742924444125
-0.021013292000836167
-0.021013292000836167
-0.023789979248775062
-0.02551533908113372
-0.02551533908113372
-0.02551533908113372
-0.02541540689226188
-0.02541540689226188
-0.02541540689226188
-0.026566666496713964
-0.02903743888075948
-0.02991847368877241
-0.0345204529579418
-0.039724064792768174
-0.043951808211774655
-0.04993142408467723
-0.054183640692795194
-0.05679513391423167
-0.05953715081092932
-0.062188412964671924
-0.06337944150143016
-0.06403919789122688
-0.06403919789122688
-0.062278147991413985
-0.060537492415860664
-0.057760805167921765
-0.055593908215343664
-0.053732926126658954
-0.050806340595412294
-0.04792972115860156
-0.04562822166591038
-0.04267614322933927
-0.04010441894020894
-0.036972870450153725
-0.0343960475799585
-0.030718950915960087
-0.029417793028200252
-0.026641105780261354
-0.024475228543896232
-0.02316387349400662
-0.020863393717528413
-0.02031274696252033
-0.02031274696252033
-0.01763599190345327
-0.016289966502322402
-0.015509883599394288
-0.015509883599394288
-0.015509883599394288
-0.015509883599394288
-0.01548439069406984
-0.015409951410522451
-0.015409951410522451
-0.015409951410522451
-0.014308657900506288
-0.011907226218943268
-0.008855215593500328
-0.005343312956004344
-0.0022015673038193466
0.00212610830405898
0.0038820596228069724
0.0064038178175013895
0.00908057287656845
0.009906543009080572
0.010456170047875675
0.011982685218703633
0.012307974690643594
0.014508522278249962
0.017185277337317024
0.018931031493935237
0.02151295294519535
0.024365099192894615
0.027216225724380906
0.029618677122156902
0.030718950915960087
0.030718950915960087
0.030168304160952005
0.028717247989884412
0.026656401523456018
0.02631581630832139
0.026016019741705886
0.02511561032564637
0.02511561032564637
0.02511561032564637
0.02607618299827158
0.026416768213406206
0.02611595193057772
0.024335527422718255
0.02186373532245976
0.018085686753376535
0.01270770344613094
0.0035017054753662055
-0.005602320874100737
-0.01610947673262531
-0.02611595193057772
-0.035072119429162864
-0.039244798172668544
-0.044426995967022376
-0.04672849545971356
-0.04672849545971356
-0.047829788969729725
-0.04893006276353291
-0.048850524898920625
-0.04662856327084172
-0.04662856327084172
-0.04522747319421005
-0.04252624494603152
-0.04027471154777625
-0.03692290435571781
-0.032820586030907595
-0.02671656478002172
-0.021113224189708003
-0.016110496448838288
-0.009831084009320206
-0.005903137156929226
-0.002901092625922206
-5.006806605721627E-4
-5.006806605721627E-4
-5.006806605721627E-4
-0.0014010900766316735
-0.004422509215685274
-0.0062039534397577145
-0.010731493425379716
-0.015069366195387823
-0.017661484808777717
-0.01881172469701682
-0.020492217016004444
-0.02091335981196433
-0.022388889172143392
-0.023213839588442538
-0.023213839588442538
-0.023213839588442538
-0.023213839588442538
-0.02321485930465551
-0.024475228543896232
-0.02549086589202225
-0.025966053647269963
-0.026516700402278045
-0.026516700402278045
-0.026516700402278045
-0.024715881570159023
-0.021338581472776123
-0.01731070243151331
-0.012187648177512198
-0.006928971667185022
0.0011002737938031846
0.0054238705368296
0.01028179857545645
0.015509883599394288
0.01853130273844789
0.022038106794878984
0.024115268720715025
0.027616974196081227
0.029293387650216943
0.03189978229058853
0.034421540485282946
0.03644771660047009
0.036723039977974124
0.036723039977974124
0.036723039977974124
0.03676280891028027
0.036272325411837884
0.03489672824053066
0.033660832190401405
0.03342017916413862
0.03231990537033543
0.03231990537033543
0.03287055212534352
0.0343960475799585
0.03648238695171134
0.040324677642212176
0.0436265187398347
0.048955555668857356
0.05648514018548638
0.06219861012680171
0.068792095159917
0.07484615031636695
0.0805494230955525
0.08545221864755038
0.08865412755630107
0.09365787501338377
0.09643456226132266
0.09675985173326263
0.09786012552706581
0.09675985173326263
0.09675985173326263
0.09615923888381862
0.09300729606950385
0.09105657895407708
0.08995528544406091
0.08737846257386568
0.08563270841724747
0.08370136590986728
0.08142535932250054
0.07900863189774285
0.07514696659919544
0.07226422886510685
0.06866768978193369
0.06488964121285046
0.06118807135974058
0.05849602055747885
0.05583456124160646
0.054192818138712
0.0521319716722836
0.05068091550121601
0.049470512356411214
0.04730463512004609
0.04562822166591038
0.04332672217321919
0.0404755956417329
0.03822406224347764
0.03696267328802394
0.03569720546771833
0.034221676107539276
0.03422065639132629
0.033120382597523104
0.033120382597523104
0.033120382597523104
0.033120382597523104
0.03212004099259176
0.029718609311028737
0.028117654856653393
0.025395012568002324
0.022914043021827025
0.019262439263153065
0.016570388460891334
0.011607429652327755
0.006463981074067087
0.0038524878526306127
-0.0015509883599394286
-0.007854873988568982
-0.012688328838084361
-0.017010905864897796
-0.019891604166560446
-0.023463670060622128
-0.0266665986855858
-0.028577546868706435
-0.03039366144402013
-0.032920518219779434
-0.03522201771247061
-0.03519652480714617
-0.0363222915062738
-0.03917443775397307
-0.04068463746539338
-0.04432706377815054
-0.04610850800222298
-0.04910545395216511
-0.051632310727924416
-0.05537364951334043
-0.059286300622536744
-0.06253817562572336
-0.06528019252242101
-0.06734205870506238
-0.068792095159917
-0.07000351802093478
-0.07134444484100075
-0.07164424140761626
-0.07154430921874443
-0.07154430921874443
-0.07154430921874443
-0.07154430921874443
-0.07056844080292454
-0.0691428775371814
-0.0675816920151122
-0.06514049140124303
-0.06223837905910785
-0.057655774397985034
-0.05278255061616352
-0.04612890232648254
-0.04202556428545936
-0.038372940810572416
-0.03527198380690654
-0.034661173795332754
-0.03462140486302662
-0.03462140486302662
-0.03462140486302662
-0.03519652480714617
-0.038023178149520984
-0.03912447165953715
-0.03912447165953715
-0.04142495143601536
-0.04142597115222833
-0.042001091096347885
-0.04372747064491952
-0.04432706377815054
-0.04555276266615001
-0.04712924393141389
-0.04834984423834846
-0.04953067561297691
-0.05043108502903642
-0.05043108502903642
-0.04953067561297691
-0.048129585536345235
-0.047909326834342
-0.046428698893098044
-0.04407723330597095
-0.043526586550962865
-0.040975256586092086
-0.03882365537670866
-0.03860339667470543
-0.03712276873346148
-0.03422065639132629
-0.031739686845150994
-0.027441583007449026
-0.02161390485028017
-0.017010905864897796
-0.008479960027124452
-0.001050307699367266
0.005343312956004344
0.011631902841439227
0.015009202938822125
0.015009202938822125
0.015009202938822125
0.013908929145018942
0.011426939882630664
0.00878077630995294
0.007104362855817226
0.006004089062014041
0.006004089062014041
0.006553716100809144
0.007765138961826923
0.010831425614251553
0.014008861333890777
0.01751158652546996
0.022588753549887066
0.02551533908113372
0.02803709727582814
0.029818541499900576
0.03121963157653225
0.03241983755920727
0.03389638663559931
0.036422223695145646
0.039563969347330634
0.0430768917010396
0.04963060780184874
0.051972895943059046
0.0576853461681614
0.06223837905910785
0.06477951186184884
0.06574008453447405
0.06343858504178287
0.058816211448353924
0.05230838257712878
0.03937430213171674
0.028437845747528463
0.013707025334849311
0.004003405852151347
-0.005363707280263902
-0.012256988879994697
-0.018861690791452737
-0.02366455415457878
-0.02643614282145279
-0.029217928650456575
-0.029217928650456575
-0.029217928650456575
-0.029217928650456575
-0.02915776539389088
-0.028217587045525228
-0.025716223175090373
-0.022254286632030308
-0.016460259109889717
-0.010756986330704163
-0.004152284419246124
0.0019415396695099752
0.008705317310192574
0.01215705669112286
0.016090102124578728
0.016810021770941146
0.016810021770941146
0.016810021770941146
0.015609815788266125
0.011987783799768524
0.010256305670132002
0.006553716100809144
0.003752555663758776
0.0032019089087506948
0.0032019089087506948
0.0032019089087506948
0.0032019089087506948
0.0032019089087506948
0.0032019089087506948
0.0032019089087506948
0.002000683209862695
-7.749843218632255E-4
-0.003422167610753927
-0.006503750006373227
-0.01083244533046453
-0.013468411741012477
-0.016209408921497147
-0.01788582237563286
-0.019612201924204493
-0.019612201924204493
-0.019612201924204493
-0.019612201924204493
-0.019612201924204493
-0.019512269735332658
-0.018591465995013587
-0.01666012348763339
-0.015284526316326166
-0.013708045051062288
-0.01150749746345592
-0.008330061743816695
-0.004342971351072996
-0.001151259604452081
0.0026267889646311433
0.004602998985382368
0.005703272779185553
0.005427949401681512
0.004052352230374287
0.001460233616984393
-0.0016254276434868177
-0.004503066796510531
-0.0067036143841169
-0.008280095649380776
-0.009055079971244002
-0.008345357487011363
-0.006178460534433267
-0.004503066796510531
-0.0010003416049313475
0.001050307699367266
0.004702931174254205
0.006584307587198482
0.007930332988329347
0.011607429652327755
0.014689012047947056
0.01796128137539323
0.020812407906879514
0.023394329358139627
0.02514008351475784
0.026516700402278045
0.026516700402278045
0.026265850213885472
0.024965712042338616
0.023633962668189443
0.022363396266818943
0.021013292000836167
0.019271616709069867
0.016935446865137434
0.014058827428326696
0.012082617407575472
0.009085671457633341
0.006003069345801063
0.0026522818699555913
-0.0016804923189876256
-0.004152284419246124
-0.007104362855817226
-0.008805249499064409
-0.009905523292867594
-0.009805591103995757
-0.011006816802883757
-0.01220702278555878
-0.01393340233413041
-0.014508522278249962
-0.01671008958206931
-0.019011589074760492
-0.02071247571800768
-0.023854221370192673
-0.025640764175330004
-0.028217587045525228
-0.028217587045525228
-0.028217587045525228
-0.028217587045525228
-0.02641574849719323
-0.025816155363962208
-0.025816155363962208
-0.025816155363962208
-0.026736959104281276
-0.028117654856653393
-0.02976857540546466
-0.0321598099248979
-0.03372099544696711
-0.03639775050603417
-0.03814350466265238
-0.039524200415024496
-0.039524200415024496
-0.039524200415024496
-0.039524200415024496
-0.03684744535595744
-0.03487123533520621
-0.03240046295116069
-0.028892639178516616
-0.024614929665074208
-0.023414723682399188
-0.02061254352913584
-0.01881172469701682
-0.01881172469701682
-0.017085345148445185
-0.016510225204325633
-0.015189692708519218
-0.013983368428566328
-0.011907226218943268
-0.009906543009080572
-0.006804566289201715
-0.005002727740869716
-0.002480969546175299
-0.0013256310768713067
6.505789438799182E-4
0.002701228248178532
0.003962617203632229
0.0042022505136820425
0.0042022505136820425
0.0042022505136820425
0.0042022505136820425
0.0042022505136820425
0.0030020445310070206
0.001901770737203836
-4.007484717003258E-4
-0.0012807635635002778
-0.003752555663758776
-0.0067036143841169
-0.009505794537380246
-0.009505794537380246
-0.012382413974190983
-0.014659440277770695
-0.015869843422575497
-0.017210770242641473
-0.017510566809256983
-0.016310360826581962
-0.016310360826581962
-0.016310360826581962
-0.01548439069406984
-0.014329052224765847
-0.014108793522762614
-0.014083300617438167
-0.014008861333890777
-0.014008861333890777
-0.014008861333890777
-0.014008861333890777
-0.016209408921497147
-0.01851090841418833
-0.01851090841418833
-0.01851090841418833
-0.01851090841418833
-0.01851090841418833
-0.01851090841418833
-0.016835514676265595
-0.012807635635002779
-0.009605726726252083
-0.005703272779185553
-0.0037015698531098792
6.505789438799182E-4
0.0037219641773694376
0.0056033405903137155
0.008429993932688533
0.010106407386824246
0.012407906879515429
0.014184252522522981
0.01706087195933372
0.018211111847572823
0.0199721617473857
0.020412679151392166
0.02281411083295519
0.02325462823696165
0.024514997476202373
0.025940560741945517
0.02731717762946572
0.02731717762946572
0.027341650818577187
0.028017722667781554
0.029443285933524698
0.029718609311028737
0.029718609311028737
0.031144172576771885
0.03212004099259176
0.03212004099259176
0.03212004099259176
0.03212004099259176
0.03212004099259176
0.03154390133225923
0.028617315801012577
0.027417109818337556
0.025656059918524675
0.022914043021827025
0.02151295294519535
0.01973252843733589
0.018410976225316494
0.018410976225316494
0.018410976225316494
0.018410976225316494
0.018686299602820533
0.018961622980324572
0.018410976225316494
0.018410976225316494
0.013807977239934125
0.010756986330704163
0.005853171062493308
8.004772271876737E-4
-0.004377641702314246
-0.009005113876808083
-0.01176752509776529
-0.013608112862190453
-0.013608112862190453
-0.013608112862190453
-0.012568002324952964
-0.010106407386824246
-0.008354534932928166
-0.005553374495877797
-0.0029622755987008813
-3.497626610514294E-4
0.0014010900766316735
0.005123054254001111
0.006579209006133593
0.008855215593500328
0.011206681180627431
0.013568343929884312
0.014008861333890777
0.01575971407157388
0.018061213564265065
0.018711792508144982
0.02036271305695625
0.023213839588442538
0.02343409829044577
0.024640422570398657
0.02671656478002172
0.029543218122396537
0.03011833806651609
0.03251976974807911
0.03419618320221482
0.03647218978958156
0.03702283654458964
0.03702283654458964
0.03712276873346148
0.036642482397148866
0.03417069029689037
0.032569735842515025
0.02999393268853278
0.025716223175090373
0.023414723682399188
0.017735924092325106
0.012507839068387268
0.008705317310192574
0.005653306684749633
0.0028011604370503686
2.2535728306812214E-4
-0.0010401105372374868
-0.0017008866432471842
-0.0017008866432471842
-6.006128494439997E-4
5.006806605721627E-4
5.25153849683633E-4
6.006128494439997E-4
6.006128494439997E-4
-2.804219585689303E-4
-0.0016009544543753474
6.006128494439997E-4
6.006128494439997E-4
0.001251191793323918
0.003552691286015102
0.005303544023698204
0.006863709829554435
0.009005113876808083
0.009906543009080572
0.011631902841439227
0.01433211137340478
0.016987452391999305
0.01938684464113637
0.021913701416895675
0.025716223175090373
0.02794226366802119
0.0316193603320196
0.03448170374184864
0.03659761488377784
0.03857382490452907
0.04145044434133981
0.04202556428545936
0.04202556428545936
0.04202556428545936
0.03977403088720409
0.037523517205161804
0.033840302243885526
0.028317519234397067
0.02266421254964743
0.017370865688079006
0.013508180673318614
0.010681527330943798
0.0077049757052612255
0.005523802725701437
0.005002727740869716
0.0032019089087506948
0.001475529360179062
9.004094160595106E-4
9.004094160595106E-4
9.004094160595106E-4
9.004094160595106E-4
9.605726726252083E-4
0.0019007510209908584
0.004403134607638693
0.00604385799432018
0.008405520743577062
0.011356579463935187
0.01333278948468641
0.016009544543753473
0.01941233754646082
0.02028725405719588
0.023464689776835104
0.02401431681563021
0.02401431681563021
0.02401431681563021
0.02401431681563021
0.023094532791524118
0.02061254352913584
0.019512269735332658
0.017210770242641473
0.014809338561078451
0.014358623994942206
0.01150749746345592
0.009481321348268776
0.006484375398326646
0.00580320496805739
0.0035017054753662055
0.0035017054753662055
0.002841949085569486
0.0032274018140751428
0.0035017054753662055
0.00486302661969174
0.005903137156929226
0.006453783911937307
0.007829381083244533
0.008104704460748574
0.00940586234850841
0.009905523292867594
0.008104704460748574
0.008104704460748574
0.00818016346050894
0.008204636649620409
0.008204636649620409
0.008204636649620409
0.007104362855817226
0.006004089062014041
0.006004089062014041
0.0032416778410568337
8.504433216235921E-4
-0.0019517368316397546
-0.0049027955519978786
-0.00726445830125476
-0.012307974690643594
-0.01508466193858249
-0.017730825511260217
-0.02021281477364849
-0.0231139073995707
-0.023714520249014697
-0.026016019741705886
-0.026291343119209925
-0.027616974196081227
-0.02991847368877241
-0.030519086538216413
-0.030419154349344574
-0.03184471761508772
-0.03370060112270755
-0.036172393222966046
-0.03904901265977678
-0.0407254261139125
-0.042286611635981707
-0.0444025227779109
-0.04582808604365405
-0.04807961944190931
-0.04863026619691739
-0.04863026619691739
-0.04863026619691739
-0.04863026619691739
-0.04863026619691739
-0.04855480719715703
-0.04853033400804556
-0.04720878179602616
-0.04632876670422621
-0.04632876670422621
-0.04632876670422621
-0.04632876670422621
-0.043927335022663196
-0.043927335022663196
-0.043927335022663196
-0.043927335022663196
-0.043927335022663196
-0.043927335022663196
-0.043927335022663196
-0.04365201164515915
-0.04217648228498008
-0.04152590334110017
-0.04152590334110017
-0.04152590334110017
-0.039324336037280826
-0.039324336037280826
-0.037883477028343014
-0.03609693422320568
-0.03462140486302662
-0.031939551222894665
-0.02916796255602066
-0.02541540689226188
-0.022564280360775596
-0.020172026125129375
-0.01731070243151331
-0.01453401518357441
-0.012258008596207676
-0.010927278938271478
-0.009581253537140615
-0.009305930159636572
-0.009526188861639806
-0.010707020236268246
-0.01215705669112286
-0.013533673578643064
-0.016110496448838288
-0.018410976225316494
-0.02061254352913584
-0.02061254352913584
-0.02061254352913584
-0.02061254352913584
-0.019512269735332658
-0.019031983399020052
-0.015984051638429024
-0.012057124502251023
-0.008880708498824776
-0.006804566289201715
-0.0034017732864943685
-3.26309188152937E-4
0.004002386135938368
0.007144131788123365
0.009831084009320206
0.013907909428805963
0.01725971662086441
0.021633279458326746
0.024165234815150944
0.025315474703390045
0.027616974196081227
0.02991847368877241
0.030218270255387925
0.031669326426455514
0.0322199731814636
0.03309998827326355
0.03462140486302662
0.03314587550284756
0.03231990537033543
0.03231990537033543
0.0305935258217638
0.03001840587764425
0.027816838573824904
0.025240015703629676
0.022663192833434456
0.018150948591007122
0.012933060729199064
0.0072042950446890635
0.001475529360179062
-0.0037413387854160185
-0.008805249499064409
-0.01275766954056686
-0.015609815788266125
-0.01671008958206931
-0.019286912452264535
-0.020112882584776656
-0.021553741593714468
-0.024239674098698333
-0.024815813759030858
-0.02759250100696976
-0.029317860839328413
-0.030469120443780494
-0.0316193603320196
-0.0316193603320196
-0.0316193603320196
-0.029217928650456575
-0.028067688762217474
-0.025595896661958974
-0.022914043021827025
-0.02001193067969184
-0.01606970780031917
-0.013733537956386738
-0.010256305670132002
-0.006779073383877266
-0.004002386135938368
-0.0017019063594601621
0.002076142209623062
0.004602998985382368
0.0070849882477706455
0.010156373481260165
0.01210709059668694
0.012587376932999545
0.014508522278249962
0.014508522278249962
0.013608112862190453
0.012208042501771757
0.01220702278555878
0.011632922557652204
0.009355896254072491
0.008144473393054713
0.0077049757052612255
0.0077049757052612255
0.0077049757052612255
0.0077049757052612255
0.007754941799697144
0.006004089062014041
0.005403476212570042
0.0031019767198788573
0.0025513299648707763
-2.498304721795924E-4
-0.0014010900766316735
-0.003127469625203306
-0.005903137156929226
-0.006143790183192018
-0.007379686233321267
-0.008755283404628491
-0.010206339575696083
-0.010506136142311596
-0.011607429652327755
-0.01270770344613094
-0.013308316295574942
-0.014568685534815662
-0.014183232806310004
-0.012607771257259105
-0.01216725385325264
-0.010406203953439757
-0.009255964065200654
-0.00727975404444943
-0.005963300413494924
-0.005703272779185553
-0.005427949401681512
-0.004162481581375903
-0.004052352230374287
-0.005427949401681512
-0.005703272779185553
-0.006164184507451576
-0.008579892215996287
-0.01030627176456792
-0.013683571861950818
-0.016649926325503613
-0.019311385641376005
-0.022288956983271557
-0.025375637959955746
-0.027966736857132656
-0.031068713577011516
-0.03532194990134246
-0.03862379099896499
-0.04250075204070707
-0.04502760881646637
-0.04762890487577307
-0.04881075596661449
-0.049029994952404746
-0.0487546715749007
-0.04744943482228895
-0.04497662300581748
-0.04157586943553609
-0.03762344939403364
-0.03291949850356646
-0.028292026329072618
-0.02321485930465551
-0.01941233754646082
-0.01373251824017376
-0.008804229782851433
-0.004303202418766857
0.0017263795485716325
0.007754941799697144
0.010886490289752361
0.012632244446370575
0.015308999505437636
0.015308999505437636
0.014734899277531062
0.013008519728959429
0.010456170047875675
0.006804566289201715
0.0027022479643915094
-0.0018263117374434693
-0.006604701911458041
-0.009856576914644654
-0.012732176635242412
-0.014408590089378127
-0.014408590089378127
-0.014408590089378127
-0.013008519728959429
-0.01035623785900384
-0.008905181687936248
-0.007505111327517552
-0.0064038178175013895
-0.005102659929741553
-0.005102659929741553
-0.006484375398326646
-0.007404159422432737
-0.009705658915123922
-0.009705658915123922
-0.010256305670132002
-0.012507839068387268
-0.01393340233413041
-0.014208725711634451
-0.014208725711634451
-0.014208725711634451
-0.014208725711634451
-0.014208725711634451
-0.014208725711634451
-0.014208725711634451
-0.014208725711634451
-0.013833470145258575
-0.012528233392646826
-0.010706000520055268
-0.0078049078941330625
-0.003802521758194694
-3.997287554873479E-4
0.004228763135219468
0.009956509103516491
0.013628507186450011
0.01803674037515359
0.022614246455211512
0.02633621063258095
0.02779236538471343
0.030619018727088252
0.03171929252089144
0.033640437866141855
0.03522201771247061
0.036422223695145646
0.03730325850315857
0.0392743699428449
0.04074989930302397
0.042126516190544167
0.04552726976082556
0.04850484110272111
0.051632310727924416
0.05483421963667511
0.05848582339534907
0.06283797219233887
0.06514049140124303
0.06799161793272933
0.07084274446421561
0.07270474626911332
0.07404567308917928
0.0755466953546828
0.07688762217474876
0.07784819484737397
0.07784819484737397
0.0786741649798861
0.07902902622200242
0.08014969434006515
0.08134990032274018
0.08134990032274018
0.08075030718950915
0.07932372420755304
0.07794812703624582
0.07804805922511765
0.07507150759943508
0.07334512805086345
0.07334512805086345
0.07169420750205219
0.07124349293591593
0.06884206125435291
0.0675164301774816
0.06566054666986178
0.06318875456960328
0.060312135132792544
0.057535447884853645
0.05523394839216245
0.0546588284480429
0.05205243380767132
0.05073088159565193
0.05073088159565193
0.05073088159565193
0.05073088159565193
0.04985596508491687
0.05083183350073674
0.05083183350073674
0.05165678391703589
0.05281212238633987
0.05303238108834311
0.05433353897610295
0.05385325263979034
0.053132313277214946
0.05230736286091581
0.05093176568960858
0.05093176568960858
0.05063094940678009
0.04929002258671412
0.04863026619691739
0.046903886648345765
0.04632876670422621
0.044127199400406866
0.04182569990771568
0.04002488107559666
0.03672202026176115
0.033495638163898986
0.029898079364512855
0.02581513564774923
0.02156291903963127
0.017611518714341797
0.014458556183814045
0.010781459519815635
0.008064935528442434
0.005303544023698204
0.0025268567757593063
-1.2032651313139553E-4
-0.002601296059306695
-0.004602998985382368
-0.008405520743577062
-0.011808313746284408
-0.01575971407157388
-0.01882702044021149
-0.022367475131670853
-0.025907929823130223
-0.030218270255387925
-0.031119699387660415
-0.036272325411837884
-0.03884404970096822
-0.040775392208348415
-0.04387736892822727
-0.045767922787088355
-0.048129585536345235
-0.049706066801609106
-0.05093176568960858
-0.0515313588228396
-0.0515313588228396
-0.05065134373103965
-0.049329791519020255
-0.04755446559222568
-0.04446778461554149
-0.04072440639769952
-0.03639673078982119
-0.03176008116941055
-0.027417109818337556
-0.021963667511331598
-0.018051016402135286
-0.014809338561078451
-0.012783162445891307
-0.012507839068387268
-0.012507839068387268
-0.013082959012506818
-0.015689353652878404
-0.017010905864897796
-0.020461625529615106
-0.02249391994208012
-0.026116971646790697
-0.02904355717803735
-0.03157959139971346
-0.03417171001310335
-0.03532194990134246
-0.03620196499314241
-0.038723723187836824
-0.040400136641972534
-0.04300653128234412
-0.04432706377815054
-0.04605344332672217
-0.048470170751479864
-0.04893006276353291
-0.05113163006735225
-0.05113163006735225
-0.05108166397291634
-0.05020572774596829
-0.0490503892766643
-0.04762890487577307
-0.0448277444387227
-0.04166560446227815
-0.03842392662122131
-0.03557178037352205
-0.033180545854088805
-0.03031922216047274
-0.027436484426384133
-0.023838925626998006
-0.020062916490340737
-0.016284867921257513
-0.012687309121871384
-0.008606404837533714
-0.0042532363243309385
-2.9979656661551087E-4
0.0035027251915791834
0.0070044306669453885
0.009366093416202271
0.011006816802883757
0.011557463557891837
0.013208384106703103
0.013258350201139022
0.011657395746763676
0.011106748991755594
0.011106748991755594
0.011106748991755594
0.011106748991755594
0.011156715086191513
0.00940586234850841
0.008885807079889667
0.006503750006373227
0.006603682195245063
0.00605405515644996
0.0032518750031866133
0.00210163511494751
0.00210163511494751
-1.9986437774367394E-4
0.0010003416049313475
0.0012756649824353882
0.0021516012093834285
0.00392794685239098
0.005383081888310483
0.0067036143841169
0.007183900720429504
0.0091060657818929
0.0091060657818929
0.0091060657818929
0.008304568838492248
0.006804566289201715
0.006823940897248295
0.006629175100569511
0.005253577929262287
0.004702931174254205
0.004702931174254205
0.0035017054753662055
0.0024014316815630207
0.0024014316815630207
0.0024513977759989393
0.002501363870434858
0.003382398678447788
0.0048028633631260415
0.005923531481188785
0.006279412439518082
0.008805249499064409
0.011482004558131472
0.012688328838084361
0.015209067316565798
0.016790647162894568
0.018711792508144982
0.018711792508144982
0.018711792508144982
0.018711792508144982
0.016410293015453797
0.015949381287187776
0.013559166483967511
0.010206339575696083
0.006779073383877266
0.003481311151106647
5.006806605721627E-4
-0.0026410649916128338
-0.006954464572509471
-0.009756644725772817
-0.01090688461401192
-0.012633264162583552
-0.014308657900506288
-0.012948356472393733
-0.011631902841439227
-0.010256305670132002
-0.007078869950492778
-0.003482330867319625
-4.007484717003258E-4
0.002341268424997323
0.0049782545517582455
0.008204636649620409
0.010456170047875675
0.012927962148134175
0.015709747977137964
0.01703028047294438
0.018511928130401308
0.020863393717528413
0.022194123375464607
0.023539129060382493
0.0249157459479027
0.02611595193057772
0.026141444835902167
0.026215884119449556
0.026215884119449556
0.026215884119449556
0.026215884119449556
0.025015678136774536
0.022513294550126697
0.020732870042267235
0.01826107794200874
0.016284867921257513
0.014808318844865474
0.012607771257259105
0.012032651313139554
0.009385468024248852
0.008004772271876737
0.00635385172306547
0.003962617203632229
0.0035017054753662055
6.505789438799182E-4
-0.0010003416049313475
-0.0021516012093834285
-0.005028220646194164
-0.0056033405903137155
-0.0078049078941330625
-0.008264799906186109
-0.010106407386824246
-0.010106407386824246
-0.010106407386824246
-0.010030948387063879
-0.01000647519795241
-0.01000647519795241
-0.01000647519795241
-0.01000647519795241
-0.01000647519795241
-0.011732854746524041
-0.014508522278249962
-0.014968414290303008
-0.017386161431273677
-0.01911152126363233
-0.020433073475651726
-0.02303946811602331
-0.025916087552834043
-0.028117654856653393
-0.030168304160952005
-0.03272065384203576
-0.034762125700417576
-0.03694737754482927
-0.039524200415024496
-0.04172576771884384
-0.042026584001672335
-0.04336649110552533
-0.04457791396654311
-0.04602795042139772
-0.04632876670422621
-0.04632876670422621
-0.04600347723228625
-0.04458709141245991
-0.043927335022663196
-0.042126516190544167
-0.04152590334110017
-0.04152590334110017
-0.04152590334110017
-0.04152590334110017
-0.04152590334110017
-0.04145044434133981
-0.04142597115222833
-0.04142597115222833
-0.04372747064491952
-0.04372747064491952
-0.04372747064491952
-0.04372747064491952
-0.0418063252996691
-0.04132501924714352
-0.04110578026135327
-0.039949422075836294
-0.03797321205508507
-0.03676280891028027
-0.036723039977974124
-0.03672202026176115
-0.03562174646795797
-0.0343960475799585
-0.03432160829641111
-0.03432160829641111
-0.03432160829641111
-0.03432160829641111
-0.03432160829641111
-0.03489570852431768
-0.03662208807288932
-0.03662208807288932
-0.03834948733767392
-0.04112515486939984
-0.04342665436209103
-0.04572815385478221
-0.04660918866279514
-0.04907996104684066
-0.05023122065129274
-0.05111123574309269
-0.05023122065129274
-0.05020572774596829
-0.049210484722101835
-0.047279142214721646
-0.045903545043414415
-0.04010441894020894
-0.035220997996257636
-0.02991847368877241
-0.026566666496713964
-0.023764486343450617
-0.0211733874462737
-0.018561894224837228
-0.015709747977137964
-0.013308316295574942
-0.012758689256779839
-0.009906543009080572
-0.008705317310192574
-0.008705317310192574
-0.008705317310192574
-0.006384443209454809
-0.0063038856286295524
-0.0063038856286295524
-0.0063038856286295524
-0.0063038856286295524
-0.0063038856286295524
-0.007504091611304574
-0.007779414988808614
-0.008605385121320737
-0.008605385121320737
-0.00852992612156037
-0.008505452932448898
-0.008505452932448898
-0.008505452932448898
-0.008064935528442434
-0.006753580478552818
-0.006104021250885878
-0.006104021250885878
-0.011907226218943268
-0.01726073633707739
-0.020732870042267235
-0.022113565794639353
-0.023839945343210985
-0.025296100095343464
-0.026616632591149884
-0.02707652460320293
-0.02891813208384107
-0.02891813208384107
-0.02891813208384107
-0.02699698673859065
-0.026516700402278045
-0.02607618299827158
-0.024315133098458695
-0.02366455415457878
-0.022189024794399718
-0.021913701416895675
-0.019612201924204493
-0.017070049405250518
-0.015259033411001719
-0.01210811031289992
-0.009466025605074107
-0.00727975404444943
-0.004602998985382368
-0.0035017054753662055
-0.0017508527376831028
5.506467550080812E-4
0.0012012256988879993
0.0012012256988879993
0.0012012256988879993
0.0012012256988879993
9.004094160595106E-4
-4.4051740400646497E-4
-0.0022515333982552656
-0.0034017732864943685
-0.0056033405903137155
-0.0079048400830049
-0.0079048400830049
-0.008825643823323967
-0.010206339575696083
-0.010206339575696083
-0.009166229038458597
-0.0078049078941330625
-0.0078049078941330625
-0.0073643904901265975
-0.00605405515644996
-0.005403476212570042
-0.005403476212570042
-0.005403476212570042
-0.005863368224623087
-0.0077049757052612255
-0.0077049757052612255
-0.007644812448695528
-0.007605043516389388
-0.008705317310192574
-0.008945970336455365
-0.009906543009080572
-0.009906543009080572
-0.009906543009080572
-0.009906543009080572
-0.01210709059668694
-0.012007158407815105
-0.012007158407815105
-0.012007158407815105
-0.012007158407815105
-0.012007158407815105
-0.012007158407815105
-0.01030627176456792
-0.007954806177440817
-0.007404159422432737
-0.007404159422432737
-0.007404159422432737
-0.007083968531557667
-0.005903137156929226
-0.005002727740869716
-0.004177777324570572
-0.0030214191390536015
-0.002701228248178532
1.7539118863220364E-4
0.0023810373573034623
0.0042532363243309385
0.00878077630995294
0.011007836519096734
0.014508522278249962
0.017685957997889187
0.020863393717528413
0.02279371650869563
0.02454049038152682
0.027217245440593882
0.029737983919075322
0.03121861186031927
0.03357109716365935
0.034946694334966576
0.036182590385095824
0.03862379099896499
0.038649283904289435
0.03964452692815589
0.04102522268052801
0.04185119281304013
0.04342665436209103
0.04342665436209103
0.04342665436209103
0.04342665436209103
0.04474718685789744
0.04562822166591038
0.048029653347473396
0.04848954535952644
0.050881799595172666
0.05253272014398393
0.05433353897610295
0.05493415182554695
0.05723565131823813
0.05778629807324621
0.0594361989058445
0.0606374246047325
0.06183763058740752
0.06183763058740752
0.06183763058740752
0.06424008198518352
0.06424008198518352
0.06489983837498024
0.0653403557789867
0.0653403557789867
0.0653403557789867
0.06506503240148266
0.06424008198518352
0.06431452126873091
0.06434001417405535
0.06434001417405535
0.06434001417405535
0.06434001417405535
0.06434001417405535
0.06434001417405535
0.06203851468136417
0.06203851468136417
0.06203851468136417
0.06203851468136417
0.06065781892899206
0.05973701518867299
0.05973701518867299
0.0575558422091132
0.057635380073725484
0.057635380073725484
0.057635380073725484
0.05667480740110027
0.056435174091050457
0.055609203958538335
0.056435174091050457
0.056651353928201774
0.05719384295350604
0.057735312262597316
0.057735312262597316
0.05801063564010136
0.05938623281140858
0.06065781892899206
0.06196305568160381
0.06343960475799584
0.06508032814467733
0.06684137804449022
0.06684137804449022
0.06684137804449022
0.06684137804449022
0.06814151621603708
0.06814151621603708
0.06814151621603708
0.06754192308280606
0.06694131023336206
0.06694131023336206
0.06473974292954271
0.06326421356936364
0.06128800354861242
0.058816211448353924
0.05620879709176936
0.05453340335384662
0.0533331973711716
0.0533331973711716
0.0533331973711716
0.0533331973711716
0.052452162563158676
0.05113163006735225
0.05113163006735225
0.050210826327033185
0.048830130574661075
0.048830130574661075
0.048830130574661075
0.048830130574661075
0.04893006276353291
0.04893006276353291
0.04893006276353291
0.04720470293117426
0.04662856327084172
0.046353239893337686
0.04508777207303207
0.044426995967022376
0.044426995967022376
0.044426995967022376
0.044426995967022376
0.04452794787210719
0.04562822166591038
0.04672849545971356
0.04672849545971356
0.049029994952404746
0.049029994952404746
0.04905548785772919
0.04912992714127658
0.04912992714127658
0.04824991204947663
0.0468284276485854
0.04655412398729434
0.04528763645077575
0.04462788006097903
0.04462788006097903
0.04462788006097903
0.04462788006097903
0.042326380568287844
0.042326380568287844
0.040945684815915734
0.04002488107559666
0.04002488107559666
0.04002488107559666
0.03974955769809262
0.03842392662122131
0.037923245960649145
0.03600210061539873
0.03552181427908613
0.03266966803138686
0.030538461146262994
0.028117654856653393
0.024764827948381966
0.021913701416895675
0.019512269735332658
0.016735582487393756
0.013858963050583022
0.011387170950324524
0.00878077630995294
0.005804224684270367
0.003702589569322857
0.003702589569322857
0.002502383586647836
0.0013011578877598364
0.0014010900766316735
0.0014010900766316735
0.001675393737922736
0.0020608464664283927
0.0014010900766316735
0.0014010900766316735
0.0014010900766316735
0.003702589569322857
0.003802521758194694
0.0031519428143147762
0.001676413454135714
0.0014010900766316735
-9.004094160595106E-4
-0.0013409268200659755
-0.003677096663998409
-0.005403476212570042
-0.00878077630995294
-0.011747130773505733
-0.0146084544671218
-0.01968766092396486
-0.022294055564336442
-0.024764827948381966
-0.02771690638495307
-0.03192017661484809
-0.032820586030907595
-0.0378977530553247
-0.0405449363442154
-0.0424762788515956
-0.04385187602290282
-0.04516832965385733
-0.046428698893098044
-0.046428698893098044
-0.046428698893098044
-0.046428698893098044
-0.046428698893098044
-0.046428698893098044
-0.046428698893098044
-0.04502760881646637
-0.04408743046810072
-0.04347662045652695
-0.04210102328521972
-0.04182569990771568
-0.04182671962392866
-0.04402726721153503
-0.04402726721153503
-0.04517852681598711
-0.04632876670422621
-0.04632876670422621
-0.04863026619691739
-0.05083183350073674
-0.05083183350073674
-0.05083183350073674
-0.05083183350073674
-0.05083183350073674
-0.05083183350073674
-0.05083183350073674
-0.05039131609673028
-0.049180912951925476
-0.046829447364798375
-0.045127541005338216
-0.042826041512647024
-0.039874982792288904
-0.0368627410991521
-0.03362004354188229
-0.03159386742669515
-0.029018064272712904
-0.02671656478002172
-0.024114249004502045
-0.023213839588442538
-0.023213839588442538
-0.023213839588442538
-0.023213839588442538
-0.023213839588442538
-0.02551533908113372
-0.0266665986855858
-0.027816838573824904
-0.027816838573824904
-0.027816838573824904
-0.03001840587764425
-0.03001840587764425
-0.03001840587764425
-0.03001840587764425
-0.03174478542621588
-0.03231990537033543
-0.03231990537033543
-0.032895025314454984
-0.035172051618034696
-0.0363824547628395
-0.03682297216684596
-0.03682297216684596
-0.039123451943324165
-0.03912447165953715
-0.03967409869833225
-0.040945684815915734
-0.04142597115222833
-0.04142597115222833
-0.04142597115222833
-0.041975598191023436
-0.04357655264539879
-0.043526586550962865
-0.043526586550962865
-0.043526586550962865
-0.043526586550962865
-0.04325126317345882
-0.04242631275715968
-0.041045617004787566
-0.040049354264708126
-0.03782331377177731
-0.03662310778910229
-0.035246490901582085
-0.034421540485282946
-0.034421540485282946
-0.034421540485282946
-0.034421540485282946
-0.034421540485282946
-0.034872255051419186
-0.03652215588401748
-0.03796301489295529
-0.04064996711415213
-0.04122610677448466
-0.04342665436209103
-0.044001774306210585
-0.04572815385478221
-0.04572815385478221
-0.04572815385478221
-0.04572815385478221
-0.045707759530522654
-0.045352898288406336
-0.0433766882676551
-0.04156567227340631
-0.03932331632106785
-0.03762344939403364
-0.034862057889289415
-0.03271963412582279
-0.03011833806651609
-0.027757695033472182
-0.02641574849719323
-0.02491472623168972
-0.02239398775320828
-0.021238649283904287
-0.020412679151392166
-0.018971820142454354
-0.018011247469829145
-0.018011247469829145
-0.018011247469829145
-0.018011247469829145
-0.018011247469829145
-0.018011247469829145
-0.018011247469829145
-0.018011247469829145
-0.02031274696252033
-0.02031274696252033
-0.02031274696252033
-0.020252583705954633
-0.021037765189947637
-0.021313088567451677
-0.02021281477364849
-0.02021281477364849
-0.02021281477364849
-0.019311385641376005
-0.018051016402135286
-0.01781138309208547
-0.016250197570016264
-0.014133266711874084
-0.012657737351695023
-0.010686625912008687
-0.008905181687936248
-0.007504091611304574
-0.004883420943951298
-0.004002386135938368
-0.002851126531486287
-0.0017008866432471842
6.0163256565697764E-5
5.006806605721627E-4
8.402461594938128E-4
