7.8379E-5
3.05706E-5
-2.01178E-5
-5.07156E-5
-3.58826E-5
-5.1981E-7
4.18069E-5
4.2594E-5
-1.19035E-6
-1.4884E-4
-3.74784E-4
-6.13589E-4
-7.66589E-4
-7.55185E-4
-5.91751E-4
-3.40735E-4
-7.56752E-5
8.0838E-5
1.62398E-4
6.38717E-5
8.2561E-5
2.98017E-4
5.72675E-4
5.79483E-4
2.79652E-4
-1.51039E-4
-3.75567E-4
-3.2631E-4
-2.64899E-4
-3.05341E-5
3.55234E-4
7.01935E-4
8.25731E-4
6.61832E-4
2.57713E-4
-2.40588E-4
-1.20836E-4
-1.19893E-4
-2.10267E-5
-5.42374E-5
-3.63951E-4
-6.22994E-4
-7.33937E-4
-5.38952E-4
-3.86168E-4
-1.24839E-4
-2.78897E-5
-2.02665E-4
-5.22918E-4
-0.00140882
-0.00262665
-0.00354361
-0.00304966
-8.53497E-4
0.00258183
0.00519351
0.00517777
0.00312617
0.00138301
5.09819E-5
-2.03791E-4
7.45908E-4
0.00131479
0.00156299
7.9601E-6
-0.00294744
-0.00520727
-0.00550429
-0.00425095
-0.00266575
-0.00122245
-2.3988E-4
1.14435E-4
2.91307E-5
4.98256E-4
0.00163384
0.00253706
0.00402755
0.00467195
0.00531649
0.00464263
0.0031097
4.12935E-4
-0.00172463
-0.00179385
-9.31248E-4
7.79703E-4
0.00270863
0.0027966
0.00178071
-1.95532E-4
-0.00105461
-0.00134347
-7.03527E-4
-9.03278E-4
-0.00207762
-0.00420562
-0.00604399
-0.00620566
-0.00421204
-0.00130092
0.0011727
0.00396313
0.00437019
0.00382422
2.71268E-4
-0.00435797
-0.00654288
-0.00691476
-0.00462651
-0.00310546
-0.00136941
1.73925E-4
-6.78983E-5
-0.00251344
-0.00355031
-0.00301902
-0.00115717
0.00280813
0.00512016
0.0057708
0.00562183
0.00398001
0.00120217
-0.00146115
-0.00308079
-0.00434072
-0.00297486
0.00152693
0.00556437
0.00934308
0.0128708
0.0143026
0.0136325
0.0115249
0.00633696
0.001335
-0.00337813
-0.0060617
-0.00667987
-0.00494068
-0.00241949
5.71696E-4
9.75579E-4
-0.00224536
-0.00501635
-0.00899543
-0.0098837
-0.00507578
-1.8788E-4
0.00312294
0.00405693
0.00291617
0.00317918
0.00413617
0.00500197
0.00436329
0.00352786
0.00269169
0.00143924
-5.74462E-4
-0.00423164
-0.00571194
-0.00463171
-4.02679E-4
0.00585974
0.00952451
0.00958165
0.00632402
0.00157023
-0.00266932
-0.00414968
-0.00435027
-0.00326619
-0.00461759
-0.00677162
-0.00823221
-0.0108385
-0.0095934
-0.00378305
0.00270888
0.00917525
0.011226
0.00626626
-8.64757E-4
-0.00849958
-0.00890212
-0.00266032
0.00251248
0.00340082
5.40944E-4
-0.00301197
-0.00496085
-0.00425169
-0.00101613
7.81519E-4
0.00106495
2.38978E-4
-8.34695E-5
-0.00132006
-0.00344665
-0.0081512
-0.0127023
-0.0140779
-0.0105508
-0.00322827
0.00371621
0.0114627
0.0105865
0.004329
-0.00223923
-0.00884964
-0.0107504
-0.00916993
-6.28752E-4
0.00867853
0.0163027
0.0197932
0.0182708
0.0138088
0.00796226
0.00197701
-0.00510007
-0.00940973
-0.0101347
-0.0100932
-0.00892395
-0.00737317
-0.00481593
-0.00242068
-0.00147521
0.00128631
0.00271688
0.00299482
0.00128038
-9.67603E-4
-0.00247246
-0.00253711
2.44564E-4
0.00298631
0.00317978
0.00315263
0.00327361
0.00590257
0.010101
0.0147073
0.0168783
0.0128149
0.00586885
-6.94035E-4
-0.0065389
-0.0084977
-0.00828326
-0.00716152
-0.00560199
-0.00666117
-0.00827862
-0.00713762
-0.00479961
0.00145995
0.00661126
0.0107778
0.0109008
0.00939873
0.00618559
3.11505E-4
-0.00577195
-0.0100963
-0.0118382
-0.0113343
-0.0108525
-0.010172
-0.0098079
-0.00871564
-0.00520453
-3.5111E-4
0.00398472
0.00975779
0.0157292
0.0180421
0.0183241
0.0168842
0.0169231
0.0170836
0.0165564
0.0155779
0.0150201
0.0120662
0.00878402
0.00459548
0.00199587
1.02308E-4
-0.00262053
-0.00647034
-0.00972008
-0.0123301
-0.0134371
-0.0116989
-0.00877411
-0.0061214
-0.00468107
-0.00369339
-0.0049409
-0.0053207
-0.00492478
-0.0040406
-0.00136544
0.00120941
0.00198244
1.4702E-4
-0.00279452
-0.00307416
4.30205E-4
0.00705595
0.0165153
0.0204116
0.0193143
0.0128254
0.00370348
-0.00768901
-0.0135431
-0.013295
-0.0102764
-0.00831006
-0.00845216
-0.0105843
-0.0148327
-0.019787
-0.0219011
-0.0199749
-0.0158363
-0.0105183
-0.00341557
0.00324709
0.00985766
0.0140594
0.0144396
0.0123782
0.00631461
7.33333E-4
-0.00131576
-1.67392E-4
0.00101146
0.00214428
0.00187331
9.15605E-4
-0.00104788
-0.00368045
-0.00839736
-0.0146674
-0.0190546
-0.0192694
-0.015752
-0.0120078
-0.0108924
-0.0124361
-0.016403
-0.0212863
-0.0212348
-0.0160119
-0.00683664
0.00762745
0.0201958
0.0241006
0.0215898
0.014796
0.00799644
0.00502323
0.00597542
0.00945008
0.0131187
0.016564
0.0170288
0.0152971
0.0132791
0.0111459
0.0082119
0.00548279
0.00328056
0.00179664
-3.90133E-4
-0.00439977
-0.0102152
-0.0158549
-0.0205818
-0.0245849
-0.0264817
-0.026888
-0.0252408
-0.0202583
-0.012031
-0.0014839
0.0110641
0.0242678
0.0308157
0.0308701
0.0235181
0.00972501
-0.0010257
-0.00616011
-0.00788095
-0.00899537
-0.011567
-0.0160816
-0.0194337
-0.0206481
-0.0170996
-0.00895708
0.00804851
0.0288752
0.0437446
0.0446649
0.0336642
0.0120536
-0.0119069
-0.0281149
-0.0342684
-0.0285041
-0.0173796
-0.00332136
0.00761292
0.0134877
0.0155141
0.0162902
0.0171093
0.019162
0.0238163
0.0306751
0.0359488
0.0367261
0.03059
0.0159458
-0.00991399
-0.0329064
-0.0451039
-0.0468472
-0.0430346
-0.035326
-0.0272236
-0.0218053
-0.0214575
-0.024695
-0.029215
-0.0319663
-0.0301359
-0.0213648
0.00147355
0.0275551
0.0454603
0.0552497
0.0538382
0.0449263
0.0260917
0.00501135
-0.012549
-0.0177372
-0.0134861
0.00185935
0.0214876
0.039034
0.0498668
0.0475244
0.0334882
0.011418
-0.0107856
-0.0245923
-0.029635
-0.030819
-0.0298451
-0.0261879
-0.0218053
-0.0150345
-0.00313555
0.0133536
0.0322021
0.0457209
0.0499634
0.0459747
0.0358763
0.0223972
0.0101761
0.00189336
-0.0037916
-0.00523564
-0.00255464
0.00339546
0.0105223
0.0158468
0.0177451
0.0149721
0.00310611
-0.0138099
-0.0301207
-0.0433644
-0.0483071
-0.0453078
-0.0387188
-0.0286367
-0.021732
-0.0180712
-0.0145019
-0.00951214
0.00115924
0.0118495
0.0185132
0.0224284
0.024508
0.0263058
0.025739
0.023411
0.0189983
0.00931566
-8.38321E-4
-0.00820072
-0.010417
-0.010372
-0.0101767
-0.00689955
-0.00121651
0.0098813
0.0231972
0.0328849
0.0357573
0.0340018
0.0288904
0.0186566
0.00802444
-0.00580194
-0.022687
-0.0436412
-0.05424
-0.0527919
-0.0436048
-0.0253705
-0.00369392
0.0131288
0.0231276
0.0312765
0.0349741
0.036061
0.0338128
0.0310959
0.0274083
0.022683
0.0166515
0.00880933
-0.00269871
-0.0176653
-0.0376146
-0.0544439
-0.0707765
-0.0806213
-0.0849811
-0.0836886
-0.0769308
-0.0630241
-0.0452393
-0.0283378
-0.0159058
-0.0114796
-0.0110766
-0.0117742
-0.00995149
-0.00677086
-0.0024711
9.97207E-4
0.00276058
0.00383286
0.00601809
0.00687045
0.00770583
0.010104
0.0134082
0.0171841
0.0226871
0.0258191
0.0286865
0.0278266
0.0214069
0.0123014
0.00392909
-0.00133958
-0.00258014
-0.00411265
-0.00589084
-0.00834881
-0.0115483
-0.0140524
-0.0156219
-0.0164575
-0.0149562
-0.0113807
-0.00628001
-0.0019807
0.00220783
0.00451532
0.00550878
0.00796083
0.0123029
0.0183965
0.0268655
0.0391005
0.053621
0.0636752
0.0697589
0.0722545
0.0667835
0.0543552
0.0331861
0.0110479
-0.00251184
-0.00898879
-0.0130385
-0.0169724
-0.0235391
-0.0328541
-0.0425601
-0.0518714
-0.0572143
-0.0559581
-0.0502065
-0.0376842
-0.0211269
-0.00545297
0.00842901
0.0178373
0.0277557
0.0360489
0.0455641
0.0559915
0.0677909
0.0731654
0.0737004
0.0689193
0.0578386
0.0422292
0.0237282
-5.97753E-4
-0.0203122
-0.0368067
-0.0495291
-0.0593429
-0.0655319
-0.0678417
-0.0635344
-0.0503486
-0.0262242
-0.0024932
0.0140131
0.0201752
0.0215667
0.0211699
0.0192542
0.0173118
0.0104657
-0.00370932
-0.0212848
-0.0384174
-0.0508912
-0.0548391
-0.0557217
-0.0530531
-0.0489339
-0.0441307
-0.0398372
-0.0336573
-0.0233728
8.03157E-4
0.0394309
0.0773488
0.101519
0.116284
0.123449
0.119317
0.107473
0.0859269
0.060167
0.0324547
0.00913011
-0.00805083
-0.0243897
-0.0360337
-0.0457985
-0.0516442
-0.0579102
-0.06577
-0.0740163
-0.0799149
-0.0829274
-0.0832106
-0.0808726
-0.0730318
-0.058829
-0.0355518
-0.0110552
0.0118644
0.0308715
0.0455382
0.0552391
0.0614274
0.0663445
0.0714889
0.073861
0.0732422
0.0697942
0.0637575
0.0487245
0.0304489
0.00552617
-0.0204098
-0.0406584
-0.0577516
-0.0647817
-0.0666821
-0.0644842
-0.0606181
-0.0539451
-0.0490757
-0.0446536
-0.0389229
-0.0278693
-0.010899
0.00722736
0.0181935
0.0219656
0.0221194
0.021601
0.0219199
0.0239741
0.0280015
0.0315761
0.0326441
0.0315058
0.0257362
0.0160303
0.0010759
-0.0154412
-0.0302756
-0.0418243
-0.0476364
-0.047767
-0.0450678
-0.0404464
-0.0339583
-0.0274222
-0.0186296
-0.00843495
0.00917193
0.0297974
0.050696
0.0645066
0.0727914
0.0785892
0.0791892
0.0747338
0.0666588
0.0562782
0.0423792
0.0242476
0.0064704
-0.00766495
-0.016803
-0.0226309
-0.024619
-0.0235205
-0.0219277
-0.0219584
-0.0249127
-0.0312323
-0.0397455
-0.0479689
-0.0537348
-0.0561314
-0.0543297
-0.0474774
-0.0344737
-0.0104744
0.0149792
0.0392712
0.0547994
0.0642668
0.0673433
0.0615174
0.0472401
0.0227182
-0.00303755
-0.0200889
-0.0274643
-0.0264822
-0.0209888
-0.0149341
-0.0116215
-0.00947929
-0.00712069
-0.00422487
-0.00102498
0.00364795
0.00792266
0.0125985
0.017062
0.0201985
0.0201076
0.0109167
-0.00804355
-0.0243601
-0.0318061
-0.034848
-0.0342578
-0.0308215
-0.0270501
-0.0246237
-0.0204656
-0.0128443
2.5572E-4
0.0145808
0.0262252
0.0329866
0.0353182
0.0338574
0.0309549
0.0269735
0.023472
0.0199055
0.0178705
0.0164042
0.015627
0.0137345
0.0115115
0.00656526
7.01499E-4
-0.00480895
-0.00867659
-0.0118528
-0.0119434
-0.0115903
-0.0106606
-0.0126595
-0.0175211
-0.0249249
-0.033086
-0.0410885
-0.0484695
-0.0554417
-0.0584517
-0.0606269
-0.0597913
-0.0546242
-0.0427667
-0.0231179
0.00353185
0.0293909
0.0534942
0.0678605
0.0691653
0.0627402
0.0476681
0.0308039
0.0162187
0.00385639
-0.00108097
-0.00111326
2.94404E-4
4.56674E-4
-0.00309878
-0.0150642
-0.0318172
-0.0468995
-0.0586949
-0.0661677
-0.0692291
-0.0678845
-0.0618892
-0.0496952
-0.0306796
-0.00638623
0.0146266
0.0247821
0.0261032
0.0225703
0.0192352
0.0170066
0.0161114
0.0148039
0.00881385
-0.00411716
-0.019717
-0.0303434
-0.0352391
-0.0329444
-0.0223015
-0.00499052
0.0200241
0.0394584
0.0502093
0.0526911
0.0492067
0.0396028
0.0281325
0.0202057
0.0174671
0.0192407
0.0241793
0.0329966
0.041605
0.0474355
0.0493922
0.0483705
0.0437499
0.0358217
0.0249808
0.013974
0.00475569
-0.00229864
-0.00565385
-0.0070838
-0.00636832
-0.00542868
-0.0054322
-0.00663332
-0.0105361
-0.0163427
-0.0235782
-0.0288044
-0.0311668
-0.0318904
-0.0290719
-0.0241213
-0.0172202
-0.0120071
-0.00452929
0.00562345
0.0232166
0.0392213
0.0531054
0.0579202
0.0522094
0.0339467
-0.00172584
-0.0335055
-0.0460962
-0.0486868
-0.0434881
-0.0295067
-0.00570961
0.016308
0.0361929
0.0529259
0.0634665
0.0687045
0.066918
0.0594148
0.0440212
0.0204839
-0.0117014
-0.0428027
-0.0677116
-0.0843046
-0.0908669
-0.0883348
-0.08065
-0.0611698
-0.033843
0.00466762
0.0382986
0.0546771
0.0563688
0.0487593
0.0279895
0.00266363
-0.0201646
-0.0355022
-0.0438125
-0.045932
-0.0447574
-0.0399154
-0.030216
-0.0119982
0.0108813
0.0365655
0.0543751
0.0618076
0.0640303
0.0615619
0.0579288
0.0564434
0.0600931
0.0676509
0.0729624
0.0722116
0.0680425
0.0572426
0.0414058
0.0237852
0.00802372
-0.00369793
-0.0124779
-0.0261074
-0.0425872
-0.058726
-0.0674142
-0.0693571
-0.0699156
-0.0671819
-0.0616035
-0.0518369
-0.0306153
-0.00184938
0.0215716
0.0369089
0.0444593
0.0434294
0.0369585
0.0274569
0.0198719
0.0154242
0.0124445
0.00928912
0.00594183
4.23316E-5
-0.00934285
-0.0222233
-0.0336701
-0.03691
-0.0334102
-0.0255245
-0.00946661
0.00730189
0.0216294
0.0329868
0.0414018
0.0448233
0.0442949
0.0403713
0.0339471
0.0244262
0.00734206
-0.0117593
-0.0327229
-0.0546392
-0.072739
-0.0869354
-0.0983645
-0.103918
-0.106835
-0.106088
-0.101494
-0.0920699
-0.0791438
-0.0585055
-0.0359373
-0.0102972
0.00829474
0.0176052
0.0208869
0.0196319
0.016667
0.0175625
0.0221098
0.0323146
0.0484344
0.0659594
0.0830743
0.0987482
0.101398
0.100437
0.0879971
0.0613845
0.0188431
-0.012718
-0.0257697
-0.0288026
-0.0238513
-0.0120263
-9.36084E-4
0.00411684
0.00344541
-0.00475129
-0.0171144
-0.0259325
-0.0287474
-0.0303576
-0.0311554
-0.0314268
-0.0302155
-0.0255399
-0.0188275
-0.00848192
0.00310615
0.0134643
0.0246815
0.034477
0.0400791
0.0359119
0.0208094
-0.0102517
-0.0445255
-0.0705214
-0.0869421
-0.0962342
-0.0982443
-0.0940497
-0.0804532
-0.0617421
-0.0394107
-0.0198304
-0.00549622
-0.00108019
-0.00332315
-0.0122311
-0.025168
-0.0387132
-0.0435758
-0.0403297
-0.0267693
-0.00313973
0.0201874
0.0337681
0.0376237
0.0399803
0.0398214
0.0368213
0.0313754
0.0236162
0.0109295
-0.00165786
-0.0113572
-0.0198629
-0.024319
-0.026045
-0.0248791
-0.0213246
-0.0141303
-0.003724
0.0102851
0.0187763
0.0241086
0.0276039
0.0318213
0.0396383
0.0516539
0.0636615
0.0720578
0.077357
0.0776799
0.0752881
0.0687899
0.0605386
0.0496381
0.0402818
0.0363569
0.0376283
0.0441026
0.0528602
0.0577169
0.0561674
0.0412263
0.0151597
-0.0121273
-0.0331435
-0.0466693
-0.0531473
-0.052997
-0.0473662
-0.0385029
-0.0290179
-0.0235068
-0.0218308
-0.0233893
-0.0260854
-0.0254667
-0.014659
0.00318976
0.0213761
0.0366789
0.0506124
0.0605201
0.0669524
0.0682215
0.0646724
0.0548669
0.0392598
0.0265401
0.0152996
0.00597004
-2.58433E-4
-0.00923883
-0.0238339
-0.0421769
-0.0582597
-0.0703172
-0.0781396
-0.0812652
-0.0804995
-0.0757972
-0.0691099
-0.0613132
-0.0560944
-0.0507449
-0.0457381
-0.0413796
-0.0357701
-0.0256591
-0.00590993
0.0127325
0.0214829
0.0258924
0.0264452
0.0211157
0.01462
0.0107183
0.00927992
0.00924851
0.0120513
0.0145913
0.0154327
0.0149974
0.0140212
0.01168
0.00829615
0.00274404
-0.00311099
-0.0110746
-0.016891
-0.0199405
-0.0203065
-0.0159728
-0.00654638
0.00850334
0.0227699
0.0293742
0.0304656
0.0285577
0.0226832
0.0148368
0.004148
-0.00612067
-0.0144004
-0.0170427
-0.0158518
-0.0120365
-0.00602747
0.00213214
0.010879
0.0189156
0.0248947
0.0280209
0.024868
0.0163283
0.0044513
-0.00154401
-0.0017467
0.00263274
0.00793204
0.0117999
0.0131119
0.0109006
0.0081547
0.00681178
0.00629522
0.00682776
0.0078073
0.00851771
0.00761643
0.00565807
-3.9612E-4
-0.00965998
-0.0209058
-0.0288426
-0.0323335
-0.033717
-0.0329413
-0.0326535
-0.0320429
-0.0320515
-0.0321864
-0.0313438
-0.029611
-0.0231728
-0.011121
0.00903432
0.029686
0.0458508
0.0563106
0.061088
0.0611334
0.0559659
0.0480212
0.0368651
0.0302186
0.0274987
0.0294446
0.0342688
0.0398399
0.0443091
0.0465055
0.0415024
0.0304188
0.0138031
-0.00172893
-0.0153056
-0.0242634
-0.0271471
-0.0278072
-0.0264752
-0.0260898
-0.0268985
-0.0298758
-0.0333855
-0.0361436
-0.0365791
-0.0349288
-0.0314343
-0.027656
-0.025564
-0.0245489
-0.0240359
-0.0233501
-0.0214858
-0.0192173
-0.0157888
-0.0129501
-0.0109218
-0.0101185
-0.00750175
-0.00257161
0.00300549
0.00702911
0.00886246
0.0075373
0.0031504
-0.00146132
-0.00586334
-0.00981365
-0.0123195
-0.0142566
-0.0161637
-0.0169023
-0.0172919
-0.0166452
-0.0150972
-0.0139298
-0.0134237
-0.0123523
-0.0107572
-0.00738088
-0.00311653
0.00203501
0.00638941
0.00850002
0.00802307
0.00688926
0.00251866
-0.00244357
-0.00710927
-0.012529
-0.018697
-0.0247394
-0.029662
-0.0310837
-0.0317082
-0.0306399
-0.0282187
-0.0241283
-0.0195693
-0.0144274
-0.00862266
-0.00168547
0.00517747
0.0116778
0.0191859
0.0262641
0.0305558
0.0340386
0.0380357
0.0427471
0.0482594
0.0558421
0.0633988
0.071252
0.0763507
0.0784997
0.0784265
0.0760522
0.0701362
0.0604806
0.0458248
0.0279205
0.0115311
-0.00301359
-0.0132088
-0.0183367
-0.0183663
-0.0129081
-0.00431774
0.0030232
0.00679898
0.00642682
0.002807
-9.08199E-4
-0.00353889
-0.0026466
8.72594E-4
0.00567628
0.00924284
0.00901658
0.00686543
0.00237653
-0.00194576
-0.00577704
-0.00929213
-0.0126061
-0.0150469
-0.0178176
-0.0212016
-0.0267177
-0.0333188
-0.0416731
-0.0497381
-0.0570075
-0.062725
-0.0634909
-0.0605577
-0.0550063
-0.0417783
-0.0198805
0.00140239
0.0171729
0.0283716
0.0346202
0.0365183
0.0369297
0.0354516
0.0341463
0.0311604
0.027041
0.018927
0.00633431
-0.00665378
-0.0166417
-0.0208473
-0.0216732
-0.0197013
-0.0165693
-0.0128174
-0.0106672
-0.0117088
-0.0136424
-0.0184815
-0.023845
-0.0257236
-0.026404
-0.0260852
-0.0229286
-0.0194707
-0.0140356
-0.00468575
0.00812684
0.0228345
0.0324244
0.0368677
0.0372909
0.0363186
0.0356269
0.0355306
0.0357248
0.0358933
0.0375954
0.0378606
0.0365701
0.0350883
0.0328087
0.0301115
0.0270863
0.0250787
0.0243714
0.0256976
0.0298561
0.0345016
0.0371792
0.0382695
0.0375474
0.0329558
0.0223798
0.0103005
4.65079E-4
-0.00874363
-0.0159167
-0.0201992
-0.0228012
-0.0261908
-0.0287161
-0.0309798
-0.0334433
-0.0348023
-0.0368559
-0.0396759
-0.0405517
-0.0410726
-0.0404948
-0.0381606
-0.0347389
-0.0317781
-0.0287493
-0.0258519
-0.0233683
-0.0205147
-0.0177758
-0.0125592
-0.00469772
0.0044024
0.0120345
0.0190196
0.0225284
0.0219435
0.0180355
0.00979233
0.00212844
-0.00454018
-0.00892296
-0.0105587
-0.00950989
-0.0058237
-6.75459E-4
0.00355349
0.00689598
0.00814123
0.00912835
0.00981561
0.0111415
0.0140428
0.0177146
0.0178127
0.0182149
0.0136554
0.00450632
-0.00758362
-0.0158657
-0.0195347
-0.0221003
-0.0217143
-0.0225437
-0.0225364
-0.0205201
-0.0165402
-0.0126948
-0.00769534
-0.00467924
-0.00257293
-0.00188177
-0.00464732
-0.00713296
-0.00690211
-0.00528707
-0.00272758
-0.00162145
-0.00112978
0.00155109
0.00569076
0.0116018
0.0182144
0.0236021
0.0275326
0.0311398
0.0328055
0.0330787
0.0328212
0.0312478
0.0268497
0.0195368
0.0107257
0.00191487
-0.00551207
-0.0108726
-0.0149667
-0.019563
-0.0230838
-0.0255867
-0.0272685
-0.0283185
-0.0274404
-0.0264296
-0.0257064
-0.025033
-0.0246593
-0.0264503
-0.0278325
-0.0282654
-0.0278788
-0.0265698
-0.0224248
-0.0146611
-0.00414793
0.00490841
0.0098552
0.0121487
0.0125271
0.0102354
0.00520638
-0.00199223
-0.008882
-0.0173713
-0.0264737
-0.0333762
-0.0371614
-0.0397676
-0.0399489
-0.0388323
-0.0351797
-0.030279
-0.0262251
-0.0234345
-0.0222057
-0.0235866
-0.0272105
-0.0307561
-0.0351491
-0.0396498
-0.043593
-0.0460069
-0.0486727
-0.0496277
-0.0488644
-0.0480735
-0.0438622
-0.0364633
-0.0258987
-0.0106349
0.00640173
0.017772
0.0253673
0.028581
0.0292007
0.0286949
0.0288694
0.0291689
0.0315689
0.0346734
0.0376588
0.0380256
0.0382635
0.0362683
0.0333757
0.0309894
0.0300651
0.0294213
0.0295686
0.0312496
0.0316676
0.0310455
0.0300954
0.0271187
0.0240452
0.0203593
0.0177748
0.0165199
0.0163379
0.0157035
0.0130646
0.00906254
0.00128952
-0.0066581
-0.0116116
-0.0143548
-0.0155528
-0.0152125
-0.0130459
-0.0108512
-0.00954397
-0.00843344
-0.00694773
-0.00592405
-0.0035223
9.52951E-5
0.00523203
0.0109162
0.0188674
0.0287278
0.0373127
0.0428833
0.0444091
0.0432241
0.0401882
0.0363004
0.0322023
0.0290893
0.027575
0.0281049
0.031697
0.0373637
0.0424421
0.0465648
0.0512351
0.0550139
0.0578042
0.0601939
0.0627065
0.0635047
0.061696
0.0587874
0.0532455
0.044524
0.0353501
0.0254309
0.0130868
-0.0012778
-0.0159742
-0.0269954
-0.0345712
-0.0363345
-0.0341544
-0.0288896
-0.0229255
-0.0175015
-0.0141812
-0.0123283
-0.0112332
-0.0110897
-0.0105622
-0.0102574
-0.0114038
-0.0127901
-0.0140856
-0.0161389
-0.0182361
-0.0197203
-0.021895
-0.0219295
-0.0198311
-0.0177404
-0.0155422
-0.0143294
-0.0138968
-0.0156404
-0.0197277
-0.0238579
-0.0257592
-0.0267195
-0.0262682
-0.0245788
-0.0207114
-0.0175161
-0.0145176
-0.0110305
-0.0071907
-0.00335438
-3.10108E-6
0.00455492
0.0109904
0.0151787
0.0175425
0.018018
0.0150399
0.0090401
0.00194914
-0.00252049
-0.00397901
-0.00299788
-5.09652E-4
0.00225408
0.00420364
0.00381205
0.0020954
-0.00101559
-0.00438937
-0.00670932
-0.00935878
-0.0121529
-0.0139276
-0.0160495
-0.0188091
-0.018938
-0.0183035
-0.0161357
-0.0138018
-0.00996766
-0.00672589
-0.00400071
-0.00189688
-4.97171E-4
-0.00108435
-0.00144629
-0.00414313
-0.00680686
-0.0101596
-0.0143087
-0.0175884
-0.0194577
-0.0214357
-0.023014
-0.0244919
-0.0254098
-0.0268756
-0.0280057
-0.0292394
-0.0292153
-0.0274547
-0.0251044
-0.0227229
-0.0190486
-0.014829
-0.0116776
-0.0108811
-0.0113505
-0.0124848
-0.0164758
-0.0204147
-0.0240294
-0.026803
-0.0303103
-0.0333753
-0.0349342
-0.0354365
-0.0347108
-0.0321181
-0.0271602
-0.0184859
-0.00671796
0.00635213
0.0166252
0.0233586
0.0278049
0.0304495
0.0317583
0.0316156
0.0317139
0.0327692
0.0340976
0.0347976
0.0360727
0.0370846
0.0381889
0.0408068
0.0418125
0.0444977
0.0465815
0.0475376
0.0462536
0.0427431
0.0355188
0.0258265
0.0166895
0.00997022
0.00629032
0.00334243
3.01146E-6
-0.00283639
-0.00741998
-0.0143827
-0.0214665
-0.0282908
-0.0340139
-0.0382209
-0.0413422
-0.0430998
-0.0434478
-0.0428143
-0.0418533
-0.0389998
-0.0358082
-0.0312374
-0.0241024
-0.0164529
-0.00913143
-0.00234897
0.00246529
0.00546295
0.00817113
0.010007
0.011383
0.0119204
0.0126308
0.0127842
0.0118771
0.0107907
0.00981842
0.00926261
0.0094108
0.00835616
0.00721092
0.00599502
0.00600175
0.0053621
0.0047715
0.00643265
0.00655036
0.00866754
0.0108413
0.0130262
0.0151666
0.0174653
0.0194138
0.021537
0.02294
0.0242097
0.0236296
0.0222255
0.0200614
0.0175604
0.0150156
0.0119289
0.00878253
0.00694431
0.00555868
0.00419385
0.00439043
0.00688256
0.0120105
0.0182187
0.02476
0.0286195
0.0300165
0.0296574
0.0279228
0.0260454
0.0239373
0.0221988
0.020199
0.0179186
0.0163323
0.0152656
0.0143428
0.0145973
0.0165377
0.0181791
0.0195153
0.01974
0.0193724
0.016374
0.011998
0.00540984
-9.81062E-4
-0.00734998
-0.0139584
-0.0186671
-0.0211334
-0.0208154
-0.0208602
-0.0201681
-0.0172841
-0.0140794
-0.010547
-0.00809505
-0.00669298
-0.0059026
-0.00534099
-0.00390562
-0.00293812
-0.00312105
-0.00366441
-0.00602375
-0.00836753
-0.0112519
-0.0147005
-0.0157821
-0.0156644
-0.0157329
-0.013462
-0.00983865
-0.00486419
0.0010848
0.00691413
0.0113133
0.0156705
0.0180826
0.0186031
0.0191378
0.018947
0.0185923
0.0184686
0.0177989
0.0168781
0.0176293
0.0173965
0.0185483
0.0204011
0.022264
0.0233032
0.0238725
0.0236725
0.0239878
0.0236199
0.0225265
0.022357
0.0201043
0.0170741
0.0148688
0.0107449
0.00739595
0.00407697
5.58464E-5
-0.00490469
-0.0103588
-0.0147494
-0.0183085
-0.0192434
-0.0192771
-0.0192603
-0.0192675
-0.0190996
-0.0194959
-0.0204894
-0.0214403
-0.0222889
-0.0245152
-0.0261922
-0.0280265
-0.0291378
-0.0302067
-0.0303009
-0.0315308
-0.0336184
-0.0366217
-0.0420697
-0.0469875
-0.0514209
-0.0561826
-0.0603446
-0.0624575
-0.0634076
-0.0640081
-0.0634567
-0.0623003
-0.0604021
-0.057294
-0.0533666
-0.0484159
-0.0428108
-0.0372426
-0.032225
-0.0282557
-0.0247074
-0.0215919
-0.0174553
-0.0130951
-0.00992436
-0.00695976
-0.00527714
-0.00328522
-0.00122062
0.00172061
0.00456943
0.00602091
0.00628482
0.0058148
0.00511181
0.00431318
0.0054298
0.00683017
0.0096312
0.0144558
0.0187179
0.0232672
0.0292395
0.0352768
0.0407333
0.0451537
0.0479738
0.0484192
0.0486447
0.0482639
0.046031
0.0442414
0.0410155
0.0381737
0.035451
0.0311143
0.0259924
0.0190046
0.0117603
0.00451168
-0.00138307
-0.00721804
-0.0110908
-0.0139188
-0.0159914
-0.0179949
-0.0187166
-0.0188867
-0.0192853
-0.018195
-0.0169834
-0.0152736
-0.0133916
-0.0107037
-0.00798486
-0.00615461
-0.00387498
-0.00225675
-7.97491E-4
8.64523E-4
0.00335628
0.00411957
0.00531753
0.00750546
0.00892385
0.00992013
0.0105555
0.0110796
0.0122625
0.0128607
0.0139229
0.0137526
0.0137203
0.0129014
0.0126114
0.0120977
0.011442
0.0120293
0.0125741
0.0111562
0.00925821
0.00629103
0.00235419
-4.18354E-6
-0.00156571
-0.00182715
-0.00123088
5.15855E-5
7.21366E-4
5.75709E-4
0.00130147
3.01121E-4
-0.00168122
-0.00323444
-0.00470917
-0.00643688
-0.0081356
-0.00806214
-0.00748373
-0.00868454
-0.00968108
-0.0102283
-0.010637
-0.0106475
-0.0108009
-0.00866229
-0.0060045
-0.00222145
0.00289402
0.00714942
0.00977224
0.0105504
0.00938812
0.00800636
0.00744986
0.00742687
0.00850051
0.00956247
0.0103284
0.0104407
0.00880868
0.00722271
0.00517296
0.00215067
-0.00208566
-0.00742163
-0.0137718
-0.0172078
-0.0195649
-0.0198143
-0.0188459
-0.0168473
-0.014667
-0.0120322
-0.0101745
-0.00831163
-0.00590784
-0.00293767
-4.78647E-5
0.00360358
0.00723352
0.0118089
0.0176998
0.0225658
0.0264299
0.0290239
0.0324116
0.0340328
0.0356759
0.0370278
0.0380859
0.038473
0.0377631
0.0356358
0.0326837
0.0295329
0.0258223
0.0215188
0.0174034
0.0115455
0.00700409
0.00296878
-0.00322974
-0.00931749
-0.0157769
-0.0210805
-0.0244922
-0.0269253
-0.028763
-0.0294884
-0.0287107
-0.0276437
-0.0259674
-0.0244136
-0.0214223
-0.0187004
-0.0156621
-0.0122691
-0.00894008
-0.0055488
-0.00284289
-3.75519E-4
2.73136E-4
0.00159851
0.00264604
0.00251114
0.0027248
0.00461174
0.00646459
0.0078212
0.0100243
0.0128441
0.0148571
0.0169039
0.01871
0.0203728
0.0216927
0.022861
0.023224
0.0225626
0.0217392
0.022417
0.0217169
0.0188922
0.0162694
0.0121915
0.00774598
0.00350311
-1.73788E-4
-0.00381343
-0.006164
-0.00784243
-0.00896351
-0.00810242
-0.00639857
-0.00603498
-0.00355085
-8.49329E-4
1.42108E-4
7.03836E-4
9.24334E-4
0.00236341
0.00462082
0.00647937
0.00745195
0.00760723
0.00703475
0.00631952
0.00491391
0.00203683
-5.62483E-4
-0.00275474
-0.0049269
-0.00596152
-0.00690644
-0.00704354
-0.0070088
-0.0070539
-0.00712328
-0.00728162
-0.00824813
-0.00941499
-0.00975582
-0.00934513
-0.00922736
-0.0091968
-0.0091371
-0.00903223
-0.00898686
-0.00876661
-0.0084724
-0.00866286
-0.0086412
-0.00964745
-0.0106565
-0.0108845
-0.0120412
-0.0122696
-0.0120837
-0.011153
-0.00941475
-0.00691822
-0.0048601
-0.0032512
-0.00235211
-0.00344996
-0.00591214
-0.00817018
-0.0104921
-0.0124618
-0.0140061
-0.0148717
-0.0150074
-0.0155239
-0.0157633
-0.0160974
-0.0181114
-0.0199163
-0.0224549
-0.024469
-0.025286
-0.0255238
-0.0235089
-0.0207085
-0.0171555
-0.0137252
-0.0109298
-0.00739315
-0.00305115
6.68167E-4
0.00360222
0.00645386
0.00909141
0.0101746
0.0110806
0.0114745
0.0112877
0.0111167
0.0115169
0.0124519
0.0126076
0.0132355
0.0145319
0.0145345
0.0151
0.0145448
0.0131083
0.0110071
0.00968157
0.00827829
0.00695087
0.00685854
0.00564458
0.0057562
0.00655711
0.00701885
0.00609204
0.00443816
0.00133254
-0.00222907
-0.00778509
-0.0131266
-0.0178015
-0.0223909
-0.026267
-0.0287932
-0.0304435
-0.0319416
-0.0323974
-0.0320067
-0.0315658
-0.0308858
-0.0306984
-0.0304768
-0.0294589
-0.0295038
-0.0299224
-0.0290017
-0.0289432
-0.0278896
-0.026292
-0.0237049
-0.0187249
-0.0144628
-0.00933927
-0.00451495
-0.00145917
0.00198065
0.00704917
0.0124661
0.01612
0.0187245
0.021487
0.0222369
0.0230568
0.0235967
0.0253866
0.0276575
0.0308004
0.0336006
0.0353421
0.0371729
0.0390372
0.0392946
0.0384297
0.0363252
0.0330228
0.0291453
0.0249328
0.0189534
0.0124731
0.00666297
0.0020797
-0.00182182
-0.0037322
-0.00422336
-0.00321914
-0.001402
7.34448E-4
0.00141816
0.00263678
0.00381968
0.0053418
0.00808697
0.0121615
0.0163601
0.0204437
0.0236193
0.0262255
0.0281533
0.0290497
0.0284527
0.0282277
0.0271115
0.025197
0.0241132
0.0225641
0.0219383
0.0211785
0.020377
0.0193502
0.0170779
0.0137158
0.0114981
0.00741262
0.00347622
-3.12325E-4
-0.00447281
-0.00911152
-0.0131784
-0.01652
-0.0199722
-0.0227801
-0.0240457
-0.0236143
-0.0226342
-0.020637
-0.0196504
-0.0188275
-0.0182377
-0.0179862
-0.0181568
-0.0168091
-0.0145861
-0.0116965
-0.00823778
-0.00410654
8.28086E-4
0.00564388
0.00998979
0.0147168
0.0179047
0.0191534
0.0196009
0.019901
0.0195786
0.0195665
0.0201556
0.0208588
0.0210891
0.021867
0.0221123
0.0225992
0.0221668
0.0217465
0.0203143
0.0170125
0.0140301
0.0104742
0.00690646
0.00300277
-0.00109568
-0.00463522
-0.00831965
-0.0117171
-0.0146794
-0.0163954
-0.0188456
-0.0208902
-0.0219197
-0.0233987
-0.0239575
-0.0238654
-0.0245151
-0.0242802
-0.0238143
-0.024092
-0.0231757
-0.0217803
-0.0209164
-0.0199294
-0.0180045
-0.0170918
-0.0155644
-0.0129116
-0.00964606
-0.00485111
-2.36414E-5
0.0037244
0.00575702
0.00704113
0.0083598
0.00817665
0.00790136
0.00673153
0.00625878
0.00632664
0.00621704
0.0061901
0.0060307
0.00534638
0.00347895
4.6075E-4
-0.00103097
-0.002188
-0.00426689
-0.00540105
-0.00538276
-0.00568206
-0.00624334
-0.00627908
-0.00530307
-0.00359131
-0.00248844
-0.00115704
-6.93483E-4
-0.00123977
-0.00320995
-0.00414522
-0.00678097
-0.00956849
-0.0115366
-0.0150073
-0.0166105
-0.0185721
-0.0200339
-0.0207187
-0.0219414
-0.0219552
-0.0214951
-0.0212956
-0.0212254
-0.0216225
-0.0222052
-0.0228772
-0.024508
-0.025576
-0.0266573
-0.0259118
-0.0262125
-0.0262614
-0.0258314
-0.0251047
-0.0238602
-0.0224834
-0.0213439
-0.0200253
-0.0188546
-0.0152211
-0.0119276
-0.0077512
-0.00167982
0.00430648
0.0103539
0.0157014
0.0199362
0.0238121
0.0270954
0.0301098
0.032329
0.0342976
0.036271
0.037107
0.038613
0.0396957
0.040216
0.0396093
0.0383711
0.0365116
0.0322441
0.0262564
0.0220133
0.0182319
0.0133297
0.00838585
0.00465577
8.04041E-4
-9.92085E-4
-0.00281471
-0.00481648
-0.00568087
-0.00707382
-0.00798918
-0.00823744
-0.00727658
-0.00633383
-0.00652753
-0.0068299
-0.00657201
-0.00605933
-0.0054707
-0.00181692
0.00226858
0.00835073
0.0133674
0.017435
0.0211013
0.023952
0.0255593
0.0248393
0.0230856
0.0209866
0.0186394
0.0175801
0.0178339
0.0181684
0.0175533
0.0161729
0.013991
0.0101226
0.00606682
0.001819
-0.00191
-0.00523749
-0.0079351
-0.00963815
-0.0100236
-0.00991405
-0.00889687
-0.0078472
-0.00719473
-0.00579166
-0.0038823
-0.00192121
-1.3164E-4
0.00206106
0.00318512
0.00311635
0.00180998
0.00123694
5.35977E-4
-9.14387E-4
-0.00194335
-0.00315523
-0.0045917
-0.00464908
-0.00413614
-0.00302329
-0.00156135
6.62399E-4
0.001912
0.00324704
0.00377284
0.00460549
0.00528206
0.00602298
0.00757212
0.00809244
0.00812314
0.00870195
0.00829224
0.0073368
0.00687165
0.00639643
0.00443883
0.00292651
0.00234525
4.15038E-5
-0.00281157
-0.00628887
-0.00944723
-0.0121798
-0.0142749
-0.0161539
-0.0175507
-0.0195095
-0.0214593
-0.0233628
-0.0254496
-0.0259292
-0.0249546
-0.024002
-0.0218753
-0.0191175
-0.0167713
-0.0143929
-0.0119757
-0.00942379
-0.00862763
-0.00682726
-0.00507092
-0.00462914
-0.00420974
-0.00360249
-0.00325051
-0.00367208
-0.00410859
-0.00588997
-0.00672528
-0.00776105
-0.00922744
-0.011651
-0.0133247
-0.0154973
-0.0185323
-0.0204963
-0.022142
-0.0232605
-0.0235945
-0.0234345
-0.0228974
-0.0214939
-0.0204625
-0.0190004
-0.0170801
-0.0155996
-0.0139546
-0.0131042
-0.0120476
-0.0113673
-0.0105564
-0.0111743
-0.0108462
-0.00985384
-0.00891628
-0.00667494
-0.00430957
-0.00254607
-5.4039E-4
4.69599E-4
0.00298204
0.00464131
0.00634856
0.00849216
0.0111469
0.0136769
0.0162424
0.0194479
0.0221202
0.0236478
0.0255219
0.0260318
0.0264362
0.0247796
0.0234415
0.0216029
0.01914
0.0173305
0.0163198
0.0162734
0.0162127
0.0156938
0.0160254
0.0160181
0.0150812
0.0130475
0.0109772
0.00859453
0.00621617
0.00390503
0.00169323
2.05554E-5
-0.00141213
-0.00126841
-0.00114751
3.31029E-5
0.0015719
0.00153665
0.00190684
0.00243499
0.00325577
0.00248423
0.00215633
0.00350164
0.00411896
0.0035273
0.00341992
0.00458888
0.00583051
0.00774446
0.010008
0.0131905
0.0162506
0.0192719
0.020952
0.0217695
0.0220521
0.0225447
0.0230584
0.0223691
0.0225848
0.0235707
0.0228335
0.021738
0.0208762
0.019991
0.0190985
0.0187488
0.0176257
0.0169773
0.0158336
0.0133862
0.0121737
0.01025
0.00941298
0.00877514
0.0081463
0.00723831
0.00665458
0.00535166
0.00343958
0.00275268
0.00235696
0.00147402
0.0014311
4.96449E-4
-2.98103E-4
-6.66801E-4
-0.00230639
-0.00401176
-0.00652993
-0.00981563
-0.0120415
-0.0147535
-0.0174025
-0.0190922
-0.0215028
-0.022585
-0.023655
-0.0247179
-0.0244574
-0.0225167
-0.020627
-0.0189895
-0.0171227
-0.0146628
-0.0128497
-0.0100202
-0.00810556
-0.00659886
-0.00646553
-0.00798129
-0.00921767
-0.00990766
-0.00991232
-0.00946545
-0.0083987
-0.00805357
-0.00621685
-0.00539466
-0.00551249
-0.00458824
-0.00309742
-0.00253462
-9.74553E-4
-3.16696E-4
9.4725E-4
0.00169832
0.00119654
0.00125214
-7.10908E-4
-0.00401661
-0.00712488
-0.00983425
-0.0115661
-0.0130053
-0.0147741
-0.0160016
-0.0185982
-0.0199226
-0.0204762
-0.0208896
-0.0208523
-0.019915
-0.0191474
-0.0183144
-0.0175808
-0.0166844
-0.0160493
-0.0150846
-0.0156019
-0.0163781
-0.015861
-0.0155752
-0.0158721
-0.0164897
-0.0170071
-0.0164475
-0.0156356
-0.0146233
-0.0142594
-0.0131676
-0.0113402
-0.00798343
-0.00516118
-0.00236463
0.00148847
0.00447887
0.00741892
0.00994868
0.0106746
0.0123479
0.0129999
0.0131349
0.0128799
0.0133435
0.0131987
0.0129147
0.0127492
0.0125005
0.0111903
0.00949038
0.00877726
0.00818771
0.00750472
0.00760864
0.00838104
0.00895605
0.0100059
0.0108551
0.00909623
0.00764017
0.0081067
0.00819326
0.00953067
0.0115325
0.0126193
0.0140001
0.0141937
0.0146511
0.0138502
0.0135054
0.0123046
0.0120507
0.0107326
0.0105367
0.0115691
0.0115854
0.0120677
0.0126465
0.0132256
0.0146679
0.0159824
0.0172547
0.0181018
0.0186955
0.0180289
0.0170884
0.015642
0.0151465
0.0145037
0.0149606
0.0142413
0.0143975
0.0135063
0.0123243
0.0120031
0.0112877
0.0107708
0.00929082
0.00777303
0.00670252
0.00563725
0.00500532
0.00477015
0.00350207
0.00300456
0.00202537
0.00117381
1.01097E-4
-3.30393E-4
-0.00145489
-0.00288343
-0.00269762
-0.00283528
-0.00189989
9.40935E-4
0.00415942
0.0059972
0.00787309
0.00879767
0.0089799
0.00866329
0.00765345
0.00666636
0.00617578
0.0056259
0.00506626
0.00416051
0.00390479
0.0037079
0.00241035
0.00133695
4.26077E-4
-0.00159349
-0.00298024
-0.00361598
-0.00508701
-0.00652355
-0.00815716
-0.00920841
-0.010271
-0.0114105
-0.0113182
-0.0121186
-0.0131826
-0.0136958
-0.0151954
-0.0168391
-0.0188702
-0.0208288
-0.0225402
-0.0250605
-0.0278266
-0.0294491
-0.0312323
-0.0318993
-0.0312279
-0.0310754
-0.0310292
-0.0303039
-0.0287056
-0.0276244
-0.0255212
-0.0233263
-0.0215168
-0.020174
-0.0193917
-0.018323
-0.0172558
-0.0159887
-0.0146104
-0.0140752
-0.0122486
-0.0101459
-0.0074715
-0.00418403
-0.00131473
0.00130983
0.00323212
0.00515007
0.00705767
0.00924885
0.0114693
0.0140575
0.0156556
0.0163403
0.0168602
0.017727
0.0173234
0.017095
0.0175614
0.0180636
0.0191982
0.0188482
0.0187905
0.0193809
0.0184156
0.0170435
0.0159356
0.0137104
0.0117297
0.0108506
0.00921275
0.00850977
0.00755323
0.00452955
0.0036544
0.00260007
-4.31697E-4
-0.00150884
-0.00218919
-0.00264206
-0.00388006
-0.00467626
-0.00457475
-0.00452808
-0.00437861
-0.00468123
-0.0053403
-0.00687229
-0.00881113
-0.0102312
-0.0120546
-0.0127849
-0.0128839
-0.0137756
-0.0136112
-0.0127668
-0.0119233
-0.0109302
-0.0103671
-0.00984435
-0.00967727
-0.00924843
-0.00783307
-0.00681276
-0.00646827
-0.0057126
-0.00606306
-0.00568624
-0.00556763
-0.00587306
-0.00588658
-0.0061975
-0.00595823
-0.00678875
-0.00692164
-0.00725585
-0.00883903
-0.0102993
-0.00979326
-0.0112717
-0.013269
-0.014208
-0.0135506
-0.0141608
-0.0141821
-0.0133661
-0.0127172
-0.0118374
-0.0109344
-0.00958358
-0.00799039
-0.00636414
-0.00598724
-0.00365511
-0.00199184
0.0012201
0.00446918
0.00898687
0.012895
0.0179657
0.0209009
0.0219151
0.0243008
0.0243501
0.0234981
0.0230366
0.0216499
0.0207425
0.0195558
0.0185966
0.0183036
0.0177358
0.0172902
0.0167307
0.0163208
0.0142589
0.0130273
0.0109665
0.00831096
0.00667279
0.00359358
0.00298626
0.00289755
0.00319198
0.00327066
0.0045659
0.00725755
0.00821372
0.0100269
0.0120836
0.0134866
0.0149483
0.0152324
0.0149844
0.015234
0.0161035
0.0168196
0.0173818
0.0168471
0.0170437
0.0166095
0.0169169
0.018051
0.0181842
0.017234
0.017595
0.0185358
0.0186835
0.019415
0.0204201
0.0204481
0.01975
0.019988
0.0190527
0.0167826
0.0149444
0.0133755
0.00935664
0.00559756
0.00150654
-0.00292526
-0.0062737
-0.00790864
-0.0108855
-0.0120324
-0.0134963
-0.0157804
-0.0159602
-0.0170965
-0.0185835
-0.018969
-0.0194416
-0.0206858
-0.0217165
-0.0202935
-0.0180719
-0.0159016
-0.0140387
-0.0111684
-0.00935907
-0.00806481
-0.00730407
-0.0076461
-0.00855408
-0.0105081
-0.0122993
-0.0133388
-0.0139479
-0.0143354
-0.0136369
-0.0127803
-0.0113806
-0.011753
-0.0108231
-0.00999042
-0.00972453
-0.00888271
-0.00848461
-0.00826557
-0.00783203
-0.00765398
-0.00638244
-0.00465208
-0.00325604
-0.00230344
-8.80035E-4
-1.66946E-4
5.23693E-4
0.00137307
0.00117071
3.55642E-4
-0.00151891
-0.00290987
-0.00379569
-0.00421396
-0.00391165
-0.00302953
-0.00208552
-0.00140401
-3.15244E-4
1.73572E-4
0.00150757
0.00112971
-6.5312E-6
-8.9816E-4
-0.00235612
-0.00331022
-0.00490823
-0.00526004
-0.00482981
-0.00469468
-0.00444202
-0.00418891
-0.00289569
-0.00108665
-3.62147E-5
4.60349E-4
0.00243413
0.00367699
0.00492877
0.00635909
0.00681254
0.00765857
0.00737003
0.00685299
0.00534542
0.0043926
0.00418912
0.00274275
0.00158825
4.06878E-4
6.86113E-5
9.15934E-5
3.75831E-5
8.28628E-4
0.00193633
0.00272882
0.00340404
0.00414455
0.0043353
0.00474943
0.00464463
0.00420737
0.00407536
0.00370311
0.00307835
0.00278572
0.00166505
0.00100509
5.28713E-4
3.43477E-4
2.33096E-4
5.26569E-4
-1.53825E-4
-3.3992E-4
-0.001169
-0.00236144
-0.00341998
-0.00463054
-0.00516054
-0.00551511
-0.0061847
-0.00590462
-0.00548116
-0.00541772
-0.00585621
-0.00598501
-0.00569339
-0.00642467
-0.00743512
-0.00737253
-0.00689144
-0.00657806
-0.00655713
-0.00606502
-0.00549888
-0.00510138
-0.00464596
-0.0045623
-0.00424052
-0.00411173
-0.0035191
-0.00335411
-0.00330036
-0.00303375
-0.0032222
-0.00348377
-0.0034035
-0.00322711
-0.00264598
-0.00224943
-0.00187478
-0.00134125
-3.28465E-4
3.12866E-4
6.25646E-4
4.05324E-4
4.62838E-4
5.50202E-4
2.71462E-4
5.75058E-4
0.00132532
0.00178577
0.00196322
0.00222471
0.00260644
0.00317317
0.00382378
0.00418862
0.0050164
0.00538032
0.00579378
0.00638055
0.00638745
0.00653194
0.00655595
0.00665787
0.00606745
0.00594656
0.00577252
0.00531866
0.00516421
0.00491846
0.00452397
0.00429088
0.00383252
0.00337961
0.00317288
0.00289147
0.00263443
0.00205976
0.00166279
0.00137172
0.00112173
8.4794E-4
5.7702E-4
4.82254E-4
4.01969E-4
8.19076E-5
-1.66979E-4
-3.94858E-4
-4.57705E-4
-6.02809E-4
-6.75544E-4
-6.33144E-4
-3.95534E-4
-5.72264E-5
1.10542E-4
1.16254E-4
5.4322E-5
6.22316E-5
-1.48213E-4
-4.06638E-4
-6.37469E-4
-6.68775E-4
-6.31128E-4
-6.0378E-4
-6.08634E-4
-6.6435E-4
-6.90423E-4
-6.33935E-4
-6.62319E-4
-6.30287E-4
-5.72805E-4
-4.85411E-4
-2.93031E-4
-2.14769E-4
-1.43044E-4
-9.65554E-5
-1.69425E-4
-1.49644E-4
-1.18652E-4
-1.31053E-4
-1.67748E-4
-1.42161E-4
-1.61729E-4
-2.16874E-4
-2.45588E-4
-2.67195E-4
-2.93405E-4
-3.15461E-4
