1.378
1.367
1.357
2.474
2.463
2.453
1.81
1.302
1.291
1.281
1.27
0.879
0.12
-0.621
-2.841
-4.379
-2.053
-1.063
-0.596
0.044
1.689
3.282
2.169
0.0010
-0.811
-2.278
-2.289
-2.3
-2.311
-2.322
-2.332
-3.34
-5.285
-5.75
-6.785
-5.701
-4.409
-3.116
-2.419
-1.658
-0.365
-0.194
-0.205
0.128
1.421
2.714
4.006
4.255
3.024
1.709
0.395
-0.92
-2.234
-4.516
-4.821
-2.224
0.0080
1.84
3.722
2.344
0.791
-0.523
-1.838
-3.152
-4.467
-6.594
-7.236
-4.92
-2.534
-1.241
0.612
2.473
2.855
1.758
-0.685
-1.999
-3.314
-5.287
-6.238
-9.275
-7.332
-6.039
-4.341
-2.906
-2.161
0.064
0.447
0.436
0.096
-0.21
-0.276
-2.445
-3.004
-3.015
-2.774
-1.908
-0.715
0.326
1.262
3.677
2.359
0.69
-0.885
-2.301
-3.175
-2.142
-1.983
-0.424
2.167
4.135
5.422
8.655
10.214
8.699
6.445
5.124
3.083
0.459
-2.165
-3.307
-1.727
0.396
1.683
2.151
-0.847
-2.396
-2.844
-5.077
-5.832
-5.848
-4.032
-3.624
-1.384
-0.773
1.329
1.952
2.774
3.047
1.902
1.649
0.74
-0.45
-1.55
-2.504
-1.6
0.657
0.974
2.261
2.864
2.847
1.795
-0.654
-1.46
-0.173
1.115
2.402
4.647
6.1
6.269
6.502
4.419
2.404
-0.21
-1.767
-5.334
-6.365
-5.918
-4.621
-2.519
-1.875
1.53
2.627
2.621
2.616
1.883
0.574
-0.74
-3.189
-4.185
-3.679
-1.673
0.067
1.376
0.428
0.793
-0.841
-0.847
0.894
1.398
0.264
0.258
-0.728
-3.364
-1.686
0.155
0.442
2.773
3.602
2.931
1.61
1.327
1.225
0.187
0.181
-0.48
-1.801
-2.094
-2.27
-4.363
-5.284
-8.564
-10.023
-7.995
-4.243
-1.619
1.005
2.995
5.123
6.743
4.544
3.229
1.478
-1.152
-2.972
-2.296
-0.981
0.573
3.202
5.22
5.736
3.766
2.265
-0.136
-1.451
-2.164
-1.376
-1.036
0.093
0.529
2.754
4.069
3.053
3.313
1.2
-0.323
-2.165
-3.325
-4.422
-5.374
-5.53
-3.097
-2.165
-1.026
0.092
0.092
1.22
1.22
1.22
0.661
0.091
-1.771
-2.166
-1.815
0.091
0.091
0.091
0.091
0.091
0.091
0.091
0.091
0.814
2.129
2.348
2.347
2.347
2.347
2.347
2.347
4.556
4.939
6.861
6.31
4.99
2.734
1.22
-0.1
-1.42
-2.741
-4.061
-4.424
-4.466
-6.681
-6.681
-6.681
-6.681
-6.681
-4.424
-3.953
-2.167
-0.929
1.712
4.353
6.927
7.732
6.411
4.449
2.642
0.297
-0.087
-2.167
-2.167
-2.167
-2.167
-4.263
-4.646
-6.681
-7.176
-7.809
-7.809
-6.739
-3.889
0.742
3.382
5.313
5.733
4.64
2.347
2.347
2.347
0.883
0.09
-1.026
-2.167
-2.908
-4.424
-4.424
-2.531
-2.167
-1.766
0.087
1.256
3.896
5.566
6.853
6.628
5.722
5.113
4.591
2.607
2.332
2.331
2.329
1.067
0.07
0.069
0.067
0.066
-0.396
-1.718
-2.194
-2.196
-2.397
-4.163
-2.844
-2.201
-2.202
-2.203
-0.953
0.051
1.063
3.004
4.323
7.806
9.219
9.527
6.883
3.51
0.459
-2.189
-5.016
-8.238
-7.854
-5.209
-2.563
0.107
3.636
3.301
0.548
-1.58
-3.23
-4.425
-3.362
-2.91
-0.94
0.019
1.056
3.506
4.528
4.523
3.831
2.503
1.175
-0.296
-3.285
-6.193
-6.066
-2.903
-0.055
2.77
5.979
6.726
5.954
4.627
2.198
1.971
0.227
-1.813
-0.721
0.92
2.171
2.429
3.747
5.717
6.667
6.663
5.316
2.967
1.639
0.311
-1.902
-4.553
-8.186
-9.854
-11.434
-10.708
-9.39
-6.952
-4.31
-1.668
0.974
2.846
6.093
7.679
5.901
1.927
-0.818
-2.955
-4.602
-7.058
-8.386
-8.795
-6.822
-4.18
-1.538
1.104
4.05
7.016
6.947
4.729
2.077
0.404
-2.54
-2.008
0.042
3.61
6.451
11.537
13.968
11.483
8.28
3.693
0.651
-4.648
-9.101
-9.284
-6.636
-3.98
-0.194
1.87
1.365
0.027
-2.216
-4.886
-7.371
-7.549
-4.303
-1.107
1.551
6.535
10.251
11.954
10.588
7.035
3.034
-0.806
-3.475
-7.279
-8.76
-7.435
-5.029
-4.532
-1.875
0.782
0.857
-0.48
-2.947
-4.284
-5.622
-5.464
-4.139
-1.659
0.769
1.663
1.022
-0.316
-2.694
-4.118
-6.09
-9.044
-9.653
-8.727
-5.142
-3.195
1.311
3.971
7.447
9.402
8.288
6.657
4.49
2.453
1.599
1.596
1.593
0.817
-0.67
-0.672
-3.663
-4.134
-5.195
-5.198
-3.84
-2.063
0.352
1.884
4.545
6.071
5.298
2.99
2.629
1.043
-0.714
-0.717
-1.581
-3.978
-5.24
-4.901
-3.572
-2.243
-0.914
-0.714
0.386
-0.048
-0.748
-1.589
-0.841
-0.64
0.688
2.017
4.071
5.804
6.001
5.998
5.586
3.639
2.605
1.577
1.261
-0.784
-1.833
-4.509
-7.184
-6.386
-3.943
-2.167
0.507
3.18
5.854
7.253
8.234
8.233
8.232
7.25
6.979
4.574
3.714
2.338
-0.338
-3.013
-4.56
-6.841
-6.973
-5.637
-3.28
-1.836
-0.189
0.928
-1.865
-3.069
-5.343
-6.681
-6.718
-4.044
-2.222
0.175
0.17
-1.169
-2.507
-4.612
-6.312
-8.778
-10.117
-10.508
-7.807
-3.796
-1.985
1.428
1.039
-0.3
-0.025
2.327
4.905
6.545
9.219
12.613
12.897
9.295
7.732
5.05
2.369
-0.312
0.17
1.636
3.616
3.057
2.474
-0.443
-3.182
-3.707
-6.388
-7.716
-9.494
-11.081
-12.076
-10.363
-8.287
-7.757
-5.745
-4.295
-2.666
-0.506
1.541
2.359
2.347
0.789
-1.047
-2.317
-4.158
-5.502
-5.459
-4.466
-3.38
-1.467
0.827
1.104
0.014
-0.451
-2.457
-4.262
-5.604
-5.356
-2.694
-0.031
1.859
2.21
1.02
-0.322
-1.663
-3.004
-3.467
-2.389
-1.061
0.635
2.722
3.267
3.257
2.118
1.838
0.018
-1.299
-3.971
-5.799
-4.375
-2.093
-0.186
2.472
4.136
4.188
2.844
1.499
0.154
-1.191
-1.434
0.042
2.315
4.23
6.889
9.547
9.788
9.492
7.163
4.545
3.2
-0.365
-1.559
-1.176
0.747
1.795
2.796
2.814
1.469
0.125
-1.22
-2.565
-3.91
-3.93
-3.539
-1.607
0.238
0.542
2.789
3.385
5.534
6.143
6.133
4.995
4.575
2.716
2.089
2.389
3.713
3.803
3.482
1.623
-1.051
-3.725
-7.527
-10.414
-14.841
-18.934
-19.116
-15.713
-11.829
-8.205
-2.064
3.27
9.54
13.874
13.205
8.769
3.427
-1.077
-6.13
-8.726
-8.074
-5.412
-2.754
-0.095
2.563
4.569
3.233
0.649
-2.524
-2.103
0.457
3.423
7.413
9.975
10.385
9.26
6.6
3.534
-1.067
-5.595
-9.594
-12.466
-15.61
-14.151
-10.161
-5.276
-2.15
0.508
3.167
4.668
3.882
1.561
1.149
-1.256
-2.127
-1.464
0.735
2.319
2.22
0.888
-1.0
-3.664
-7.29
-8.881
-7.549
-5.775
-3.112
-0.449
2.214
6.132
10.127
13.054
13.649
12.709
10.234
7.571
4.907
2.244
0.407
1.134
2.57
5.233
7.896
6.989
4.828
1.256
-3.673
-6.735
-10.129
-11.989
-14.328
-13.278
-10.615
-8.441
-5.727
-2.627
0.036
2.871
5.364
2.297
-1.467
-4.13
-5.665
-8.067
-10.33
-12.988
-12.576
-11.245
-8.635
-5.267
0.615
6.514
10.878
16.001
19.276
18.832
16.854
14.191
11.528
9.993
7.33
4.14
0.891
-1.761
-2.165
-4.422
-5.202
-6.679
-8.249
-9.918
-12.424
-14.826
-14.367
-11.676
-9.509
-6.856
-2.967
0.705
2.854
4.881
3.942
1.29
-2.49
-5.504
-8.363
-8.932
-7.978
-5.523
-3.976
-1.324
0.097
2.537
5.504
6.869
6.592
5.266
3.94
2.614
3.423
4.749
6.409
7.999
7.271
5.019
3.49
1.036
-1.07
-3.873
-3.628
-1.32
2.461
4.864
5.744
5.744
4.903
3.577
4.724
6.052
8.385
11.665
15.217
18.102
18.642
13.702
10.285
7.636
4.986
1.231
0.128
0.548
1.876
3.204
4.532
5.86
7.466
9.171
9.173
9.175
8.11
6.65
4.334
2.479
-0.899
-4.875
-6.604
-9.249
-11.119
-9.941
-8.857
-7.873
-5.416
-4.088
-2.313
0.985
4.124
7.817
11.689
14.953
18.751
18.679
16.457
12.726
7.506
2.585
-0.836
-3.464
-6.091
-6.559
-8.814
-8.812
-9.829
-11.065
-11.063
-11.06
-10.932
-9.616
-8.795
-8.103
-7.649
-5.526
-5.373
-5.664
-7.456
-9.403
-12.427
-16.361
-18.65
-16.301
-13.549
-9.604
-6.965
-3.292
-1.871
-2.418
-4.109
-4.099
-4.089
-2.033
0.606
2.711
2.267
0.962
-0.343
-1.648
-5.21
-6.259
-6.249
-5.612
-2.659
1.295
5.307
10.332
14.285
17.622
20.262
22.901
25.54
27.712
27.303
25.392
23.564
22.259
19.79
16.726
12.294
10.268
8.183
6.53
5.225
3.709
1.089
-2.114
-6.048
-10.938
-11.568
-6.499
-2.544
1.413
6.889
10.645
13.286
13.113
11.066
7.136
2.46
-2.783
-10.265
-17.961
-24.882
-32.755
-37.687
-42.144
-46.281
-45.997
-43.0
-39.041
-33.634
-27.956
-22.681
-18.536
-14.283
-13.479
-14.874
-17.477
-19.014
-17.697
-15.064
-11.951
-7.349
2.104
13.901
20.891
26.945
29.151
25.4
19.664
13.467
5.752
-3.187
-9.86
-14.342
-17.313
-15.815
-10.96
-6.673
1.262
10.962
18.931
26.339
32.9
34.238
31.75
26.178
17.647
7.092
-2.055
-8.801
-14.828
-17.879
-19.794
-20.018
-18.7
-18.511
-17.193
-15.875
-14.558
-12.49
-9.863
-7.236
-2.352
0.274
3.425
7.361
11.297
9.903
6.047
2.427
-0.182
-2.132
-4.273
-6.882
-9.491
-12.355
-15.839
-19.063
-22.186
-25.772
-27.266
-23.123
-17.489
-10.175
-1.876
6.423
14.352
20.761
26.006
29.678
29.586
25.629
21.468
16.184
9.648
3.111
-4.085
-10.25
-16.499
-20.487
-20.774
-17.272
-14.03
-9.299
-4.054
2.319
7.356
11.292
15.228
19.913
23.294
23.692
21.749
15.893
11.447
5.523
0.75
-4.224
-5.534
-3.66
0.721
5.309
12.496
21.64
28.441
34.531
37.254
37.255
34.993
29.211
22.681
13.736
5.226
-4.194
-10.645
-15.869
-21.093
-24.896
-25.926
-24.114
-19.519
-14.79
-8.578
-3.209
1.804
5.724
9.076
12.436
15.432
18.046
20.207
18.246
14.834
12.223
8.75
4.833
0.916
-2.736
-5.347
-7.336
-8.641
-9.946
-11.171
-8.761
-7.072
-4.458
-2.582
-2.19
-4.374
-6.985
-9.277
-10.582
-12.564
-15.176
-14.696
-12.181
-9.568
-6.519
-1.987
2.447
6.366
9.156
12.291
9.864
5.742
2.401
-0.611
-4.307
-9.087
-9.77
-7.974
-5.362
-2.749
-2.181
-0.909
1.454
2.333
2.938
3.462
2.502
0.048
-4.059
-9.283
-13.965
-17.884
-20.904
-21.364
-16.348
-11.123
-4.455
4.688
13.833
22.977
29.737
35.063
32.969
26.438
19.132
10.344
1.204
-4.2
-9.304
-7.938
-4.137
0.255
8.684
17.828
26.971
34.698
39.923
43.492
44.094
40.544
36.393
30.757
23.05
15.439
9.851
6.869
4.597
4.597
3.545
2.341
0.578
0.084
-3.627
-8.118
-14.185
-20.051
-26.582
-32.117
-32.41
-26.327
-21.202
-12.785
-5.156
1.375
6.794
10.242
9.223
3.752
-2.695
-8.793
-13.223
-16.941
-17.136
-12.762
-7.537
-3.123
-1.181
-3.412
-7.331
-10.856
-14.61
-19.835
-25.06
-28.076
-26.535
-22.948
-17.383
-7.194
2.994
13.183
23.208
30.238
32.816
31.567
25.744
19.867
12.356
6.032
1.577
0.09
-1.39
-2.167
-3.262
-4.569
-5.875
-8.182
-11.422
-14.891
-19.844
-23.939
-28.904
-32.822
-36.125
-37.943
-40.221
-42.812
-44.118
-45.425
-45.068
-41.724
-37.805
-30.596
-21.105
-9.589
0.951
10.772
18.178
22.57
25.395
29.0
31.635
36.446
44.863
54.085
64.109
70.696
74.033
69.793
64.125
54.419
41.735
25.081
9.939
-6.878
-21.37
-32.52
-38.021
-42.424
-39.447
-35.661
-29.302
-23.637
-16.696
-8.212
-2.183
3.834
4.802
1.233
-6.292
-11.936
-18.522
-24.355
-25.853
-22.457
-18.311
-11.992
-3.096
5.798
14.693
23.847
28.921
32.102
32.845
31.318
24.869
18.066
7.528
-2.619
-11.84
-20.291
-27.235
-30.277
-26.113
-20.444
-13.268
0.071
14.306
29.782
44.164
53.351
60.665
64.91
64.634
62.128
58.397
56.172
54.258
52.412
49.144
47.487
44.402
39.133
33.864
26.217
13.07
-1.508
-18.17
-32.241
-44.197
-52.339
-56.95
-57.179
-51.907
-46.636
-40.133
-33.835
-28.563
-23.399
-20.762
-18.123
-16.726
-18.346
-21.994
-28.289
-33.578
-39.791
-46.411
-51.7
-55.942
-59.907
-62.951
-62.445
-60.421
-57.77
-52.949
-47.652
-42.354
-37.057
-31.761
-25.533
-21.163
-21.34
-23.045
-26.268
-29.458
-33.07
-35.87
-38.051
-36.344
-31.667
-24.317
-14.862
-5.406
4.05
13.504
22.96
29.731
36.077
37.607
37.301
35.478
34.234
36.92
40.894
43.894
48.143
48.926
47.453
43.878
39.912
34.624
28.947
22.919
16.853
7.322
-2.17
-13.372
-21.736
-29.124
-33.592
-37.555
-39.025
-38.472
-35.819
-33.166
-30.512
-27.859
-25.088
-22.363
-23.679
-24.293
-23.39
-20.969
-18.001
-12.701
-5.76
2.025
14.265
29.946
39.609
51.915
64.567
74.921
84.191
89.99
95.666
96.565
94.694
89.911
84.625
75.872
68.987
61.996
56.711
52.285
49.376
46.737
44.097
40.948
36.28
30.994
25.722
19.192
12.291
4.93
-3.758
-12.482
-23.962
-36.226
-47.411
-55.293
-62.479
-65.517
-65.757
-63.116
-59.477
-57.339
-56.018
-52.955
-49.005
-47.772
-49.382
-52.006
-54.63
-55.535
-55.53
-51.932
-49.298
-46.663
-43.367
-39.417
-34.434
-29.077
-22.22
-13.861
-3.35
6.812
19.09
30.871
39.812
46.799
49.506
45.383
40.838
33.374
26.552
19.552
14.299
9.859
6.921
3.168
0.544
-2.08
-5.321
-8.456
-13.059
-15.915
-17.924
-21.919
-20.806
-17.649
-15.014
-11.215
-6.823
-1.059
4.079
6.755
5.794
3.331
0.497
-3.838
-8.509
-13.986
-18.644
-23.724
-28.779
-31.561
-29.268
-24.007
-18.749
-11.231
-3.344
4.168
9.619
13.562
17.504
19.208
21.473
21.471
21.469
19.997
19.209
19.207
20.83
24.069
25.382
27.419
31.866
33.835
35.148
35.099
31.153
26.494
21.234
13.803
8.313
2.067
-2.679
-6.625
-9.683
-13.388
-17.333
-20.644
-21.457
-21.458
-20.584
-17.146
-16.829
-15.823
-16.318
-17.634
-18.085
-18.087
-15.723
-14.115
-11.487
-6.856
-0.284
7.327
15.018
20.275
24.122
24.779
21.406
16.145
8.455
0.021
-9.581
-18.117
-25.663
-34.277
-36.339
-37.667
-33.728
-28.521
-20.042
-10.406
-1.047
2.891
5.958
7.889
8.896
10.88
14.843
22.725
30.607
38.49
46.373
53.272
55.119
53.748
47.097
41.947
33.796
25.559
18.823
12.677
9.129
6.494
5.409
3.481
3.103
0.468
-2.949
-9.369
-17.262
-26.107
-34.171
-40.556
-45.44
-49.39
-52.588
-55.223
-57.858
-57.689
-56.749
-55.645
-53.762
-51.526
-48.902
-46.107
-41.811
-36.558
-31.304
-26.051
-21.901
-19.09
-15.498
-12.342
-9.12
-7.4
-6.086
-11.051
-15.379
-20.677
-25.229
-30.142
-34.274
-30.508
-27.472
-22.917
-16.846
-8.276
0.982
10.241
20.366
30.385
39.143
51.456
58.45
61.579
58.734
50.791
39.396
24.047
11.545
-3.381
-14.268
-22.117
-26.932
-29.809
-28.421
-25.064
-20.88
-17.491
-17.293
-20.885
-23.738
-28.11
-33.999
-40.619
-47.239
-51.412
-51.528
-46.676
-41.449
-32.359
-19.736
-6.506
11.233
24.462
34.335
41.812
43.384
40.364
32.42
23.446
12.145
1.138
-8.351
-13.566
-16.096
-13.665
-8.949
-1.769
5.044
13.642
22.44
29.915
34.415
39.365
43.526
48.081
49.841
53.119
56.257
58.9
62.762
66.728
69.258
69.929
68.643
65.994
60.829
54.885
47.461
40.844
33.317
22.068
11.115
-1.392
-15.33
-29.342
-39.931
-48.206
-52.251
-49.204
-45.238
-37.309
-26.726
-16.304
-9.686
-3.951
0.024
3.157
3.729
2.165
-2.531
-5.186
-8.541
-13.42
-18.727
-23.869
-28.573
-31.851
-28.257
-22.956
-11.895
0.037
11.966
23.898
33.391
40.335
40.683
35.872
28.388
19.739
9.999
1.784
-8.566
-17.183
-23.284
-28.591
-32.971
-35.828
-38.289
-38.837
-35.75
-31.233
-25.291
-17.431
-8.649
-2.021
3.319
8.136
12.398
17.503
21.784
27.086
30.988
32.74
31.874
30.052
24.747
19.441
14.892
10.912
5.85
3.86
1.064
3.098
6.048
9.013
12.872
16.294
16.668
12.651
6.019
-0.613
-4.714
-8.027
-8.824
-6.64
-3.59
-2.064
2.646
1.628
-3.827
-8.59
-13.896
-19.15
-23.378
-27.344
-27.383
-23.534
-19.27
-11.585
-3.63
2.314
5.665
7.846
8.076
7.275
9.926
13.135
17.113
20.135
22.833
27.694
29.509
28.892
25.926
23.969
21.604
21.603
22.626
26.011
29.09
34.017
39.354
44.278
47.661
47.853
48.58
42.708
39.018
35.307
31.421
26.885
24.952
22.067
19.327
18.698
17.363
17.067
18.194
18.839
22.036
25.303
27.03
29.455
27.448
22.108
16.769
9.745
3.834
-2.508
-6.512
-9.978
-10.418
-10.034
-7.75
-6.649
-7.088
-9.712
-12.865
-15.535
-14.551
-13.872
-11.749
-11.167
-11.168
-12.368
-14.795
-16.577
-18.594
-20.788
-23.457
-26.412
-31.402
-35.406
-39.409
-43.412
-46.288
-50.043
-53.168
-55.849
-57.184
-56.372
-53.759
-50.377
-45.04
-38.934
-31.288
-24.565
-20.562
-17.488
-16.154
-17.447
-20.117
-22.945
-26.584
-29.825
-33.052
-36.704
-39.641
-44.445
-47.115
-49.784
-51.569
-50.724
-46.797
-42.42
-36.503
-29.833
-22.17
-14.163
-6.156
1.37
7.699
13.705
14.764
10.274
2.629
-5.286
-15.485
-24.145
-30.83
-35.541
-36.61
-33.774
-29.754
-22.198
-13.487
-4.776
3.935
10.422
16.882
18.333
18.882
16.327
12.307
9.317
9.007
8.317
9.657
11.746
16.346
21.705
27.066
31.96
35.303
37.983
40.663
42.03
42.975
43.582
44.922
46.262
46.36
46.035
44.695
41.857
36.877
27.834
13.599
0.139
-15.265
-29.116
-40.315
-48.988
-53.009
-56.421
-58.282
-60.653
-63.22
-64.56
-66.438
-69.118
-69.879
-69.75
-65.985
-63.305
-55.879
-44.71
-33.989
-23.268
-11.753
1.039
11.459
22.901
32.705
44.766
58.437
73.77
89.95
106.61
119.67
127.68
133.7
135.5
131.1
120.34
107.6
90.482
69.052
44.779
31.558
18.117
9.272
2.728
-3.592
-8.036
-14.993
-22.1
-30.849
-41.131
-50.513
-61.023
-70.009
-77.442
-83.303
-87.607
-90.205
-89.632
-86.975
-83.63
-81.419
-82.267
-83.596
-84.565
-82.884
-78.898
-73.951
-63.973
-52.446
-37.87
-22.437
-10.478
-1.623
9.628
15.965
21.28
26.595
30.095
34.968
40.283
45.598
52.072
59.264
65.909
70.189
74.175
77.708
80.365
80.46
77.023
74.039
69.049
64.008
56.638
50.52
42.948
37.631
31.916
24.672
15.898
5.595
-3.907
-13.721
-20.366
-26.337
-31.651
-35.894
-38.607
-40.573
-41.666
-42.831
-44.725
-46.255
-49.352
-55.086
-61.73
-67.554
-72.871
-77.818
-77.234
-73.098
-67.841
-62.962
-52.803
-41.603
-30.403
-19.203
-8.004
3.196
9.189
12.936
13.838
11.18
6.843
1.528
-3.564
-6.846
-11.136
-14.507
-16.667
-13.542
-9.37
-2.127
9.247
20.665
33.61
45.83
60.185
73.015
86.951
98.6
108.96
115.68
121.0
124.71
125.31
124.4
121.97
116.57
109.97
102.27
92.281
79.845
67.769
55.888
44.005
32.122
20.238
12.185
2.178
-5.532
-11.325
-15.882
-19.586
-22.227
-24.911
-28.637
-31.705
-35.665
-38.816
-42.459
-45.292
-47.963
-44.872
-40.269
-35.821
-28.783
-23.208
-17.167
-13.206
-9.908
-7.268
-5.675
-4.243
-1.602
0.544
1.864
4.063
6.704
9.345
12.311
15.237
15.849
15.849
14.756
13.436
12.115
11.335
13.532
16.569
19.209
23.158
27.119
30.518
33.158
36.746
38.421
38.421
37.634
34.993
32.353
26.805
16.69
2.569
-18.694
-35.526
-55.157
-69.673
-80.4
-87.829
-91.356
-89.465
-83.038
-76.128
-65.907
-54.806
-41.603
-28.181
-15.1
-3.03
8.554
16.184
22.787
26.011
23.408
16.27
9.354
1.055
-4.732
-9.24
-8.321
-4.598
0.637
5.919
9.612
9.496
5.462
0.192
-7.8
-17.714
-29.571
-38.539
-44.215
-48.385
-45.407
-38.819
-30.075
-18.218
-6.359
7.711
21.704
32.244
41.694
49.601
52.892
47.54
41.737
32.152
20.511
8.814
1.988
-4.398
-1.486
4.151
10.738
19.56
28.235
35.017
40.292
45.189
48.019
48.586
47.646
45.199
39.93
34.66
28.254
19.595
12.263
0.011
-11.461
-19.915
-26.502
-32.327
-35.695
-37.157
-34.521
-32.665
-33.243
-36.095
-41.961
-47.402
-52.672
-58.337
-63.172
-64.26
-62.336
-57.398
-52.128
-45.654
-37.611
-31.801
-26.532
-22.446
-19.521
-15.807
-12.817
-9.648
-7.986
-7.831
-8.276
-10.087
-8.885
-5.459
-2.485
1.318
5.042
7.678
10.313
12.152
13.47
13.705
16.106
17.424
19.354
21.989
22.644
26.081
27.159
27.159
25.923
20.867
15.276
11.079
4.749
-0.908
-7.453
-13.998
-20.544
-25.944
-30.785
-32.27
-29.286
-24.049
-18.813
-13.577
-8.189
-1.976
1.209
0.515
-0.794
-5.267
-8.139
-12.066
-15.525
-18.143
-20.761
-23.379
-24.745
-24.745
-23.899
-21.281
-18.662
-15.08
-11.136
-6.294
-2.92
1.2
4.557
5.727
4.627
0.605
-4.631
-8.841
-12.846
-18.082
-18.045
-14.372
-10.892
-3.644
4.865
13.374
21.884
29.797
36.925
41.697
47.037
51.748
55.056
55.368
53.664
50.115
46.939
43.012
38.166
32.93
30.103
26.84
25.531
23.529
22.659
20.55
16.697
13.057
9.503
4.267
0.689
-3.948
-9.185
-14.664
-20.785
-26.021
-29.69
-33.273
-34.91
-35.825
-34.894
-33.218
-31.508
-29.669
-28.151
-26.017
-26.994
-27.507
-28.816
-27.502
-24.884
-20.603
-11.728
-1.534
10.92
21.392
30.856
36.449
40.959
41.845
40.035
34.54
29.923
22.578
15.442
4.214
-9.436
-22.357
-34.139
-44.82
-54.838
-61.716
-69.057
-74.215
-76.394
-75.593
-71.601
-65.342
-57.767
-46.633
-36.16
-26.697
-16.467
-8.129
1.919
12.893
23.633
33.762
41.944
49.799
56.898
61.576
65.502
66.672
65.572
59.445
55.185
49.949
44.712
38.602
34.166
30.347
27.729
25.578
24.917
25.746
28.065
29.431
29.189
27.88
25.365
20.654
17.346
12.438
7.398
3.849
2.347
3.825
6.443
6.861
9.574
12.836
14.145
14.067
13.632
12.577
11.162
8.543
4.99
-0.246
-6.311
-13.867
-22.85
-30.948
-39.687
-48.144
-57.308
-65.507
-71.072
-75.52
-74.387
-70.459
-63.577
-53.495
-41.923
-27.528
-12.914
0.194
11.281
20.879
27.934
33.03
35.648
38.734
41.365
43.503
45.111
46.358
46.604
47.487
47.487
47.487
48.488
48.615
48.364
45.725
42.343
38.571
33.301
25.705
19.118
13.421
10.104
9.117
7.091
6.859
6.597
5.279
3.321
0.686
-2.968
-5.713
-8.616
-12.569
-15.875
-17.675
-14.896
-10.859
-5.315
1.738
8.99
14.737
18.976
18.911
13.64
8.37
3.1
-3.017
-7.534
-7.524
-3.286
1.035
3.669
6.305
8.94
11.371
11.371
11.371
11.371
13.086
13.628
13.735
14.46
13.628
11.604
6.788
0.466
-7.364
-14.967
-22.046
-28.591
-32.992
-38.003
-36.8
-33.155
-30.52
-27.886
-23.501
-20.359
-17.724
-15.089
-12.454
-10.51
-9.193
-6.807
-4.172
-2.174
-3.191
-5.826
-10.233
-17.654
-25.831
-35.395
-41.983
-47.167
-52.012
-54.039
-53.805
-50.84
-47.406
-44.063
-40.111
-35.072
-32.059
-27.461
-24.826
-21.477
-17.525
-14.663
-9.467
-4.197
1.603
8.91
15.907
22.494
27.954
34.194
39.463
44.734
49.089
54.145
57.158
61.37
62.146
59.953
56.0
49.83
41.606
31.424
22.748
16.316
11.046
8.005
9.631
13.219
16.961
22.232
27.502
32.771
30.773
24.555
17.049
5.762
-10.78
-22.47
-37.712
-48.443
-56.348
-61.24
-60.104
-56.338
-51.81
-44.286
-35.989
-27.725
-21.137
-14.576
-11.742
-8.177
-5.542
-2.907
-0.272
2.335
2.742
4.592
5.755
6.849
6.849
6.889
9.106
9.106
7.932
6.849
4.919
3.386
-0.566
-4.921
-9.599
-13.552
-16.534
-19.138
-20.455
-20.954
-20.235
-19.448
-19.106
-19.106
-19.332
-21.064
-23.095
-25.205
-27.841
-30.475
-33.11
-35.745
-37.77
-38.289
-38.289
-39.466
-40.546
-40.546
-41.161
-42.478
-43.795
-46.241
-47.559
-49.74
-53.692
-56.026
-56.343
-53.888
-49.927
-45.066
-37.501
-28.919
-20.336
-11.709
-3.309
2.445
7.718
11.679
14.593
18.362
21.306
24.773
28.101
32.061
34.952
37.593
40.233
42.874
46.225
51.088
56.369
63.091
69.969
74.471
79.752
82.262
82.467
80.801
77.21
72.882
65.526
56.657
45.127
32.127
20.243
7.773
-3.876
-12.502
-21.455
-25.64
-30.09
-32.731
-32.173
-28.541
-25.544
-17.622
-7.946
4.626
16.51
31.435
39.889
44.631
44.965
39.045
29.434
17.832
3.693
-7.607
-15.882
-21.133
-25.961
-27.006
-25.511
-21.864
-20.236
-21.632
-22.493
-22.494
-19.801
-16.177
-12.479
-6.478
0.124
7.831
11.863
15.824
18.13
18.13
17.195
17.001
15.682
14.744
14.169
12.849
12.486
12.486
12.059
9.824
7.907
6.053
3.752
1.154
-0.402
-2.616
-4.556
-6.388
-6.704
-3.247
-1.656
1.452
6.077
9.667
14.405
19.585
23.553
27.02
31.059
34.569
35.043
33.61
30.616
27.188
25.277
24.884
27.134
29.779
32.425
36.232
39.974
44.561
47.56
51.297
52.666
49.481
45.817
41.151
36.987
31.693
27.33
24.024
20.908
18.261
17.871
15.224
12.577
9.231
5.261
1.292
-1.55
-4.822
-6.69
-9.336
-10.117
-8.989
-5.604
-5.215
-4.477
-4.477
-6.423
-7.902
-9.459
-12.106
-14.753
-17.399
-20.045
-22.614
-23.937
-25.729
-28.376
-31.88
-35.849
-41.185
-47.487
-52.78
-56.669
-59.315
-61.962
-64.293
-63.589
-60.396
-56.427
-52.458
-45.096
-36.762
-25.784
-14.464
-4.659
5.578
13.781
19.922
23.891
25.983
24.342
20.68
17.758
13.016
9.899
5.93
1.96
-2.01
-3.119
-0.473
2.174
5.525
8.594
13.42
17.408
21.361
25.844
28.235
25.509
20.459
13.586
2.97
-12.056
-27.866
-42.762
-56.151
-63.832
-68.044
-67.736
-63.64
-56.531
-46.408
-36.828
-24.971
-14.208
-5.721
1.258
5.615
5.306
1.943
-2.775
-6.728
-11.613
-16.883
-21.793
-24.428
-27.064
-29.699
-29.524
-27.081
-22.003
-17.676
-11.842
-5.254
3.218
9.047
15.251
19.584
23.714
27.108
31.059
33.857
34.252
36.113
37.264
39.134
40.451
41.754
41.347
38.711
35.494
31.54
27.588
23.635
19.891
17.255
14.619
11.983
9.348
6.713
3.863
-0.09
-4.043
-7.997
-11.95
-14.775
-18.51
-20.738
-22.656
-25.292
-25.977
-25.942
-24.627
-23.312
-22.6
-23.395
-25.697
-29.462
-32.331
-35.865
-38.503
-37.147
-33.196
-30.279
-23.928
-16.531
-7.136
-2.159
1.792
4.56
6.464
4.713
2.076
0.248
-1.071
-3.579
-5.967
-7.287
-9.234
-11.055
-10.365
-7.922
-6.352
-2.833
1.171
3.804
6.437
8.999
10.055
9.155
7.793
7.791
9.821
11.249
12.299
12.297
12.295
11.46
9.119
5.19
-0.353
-7.866
-15.791
-22.379
-26.915
-31.824
-32.591
-29.415
-24.139
-15.973
-7.497
2.848
13.1
22.321
30.879
37.934
45.557
49.777
53.438
56.546
59.165
61.333
62.922
64.236
65.257
65.254
63.908
61.27
59.682
57.122
53.886
49.1
45.823
43.184
40.547
38.14
37.528
34.89
32.25
28.741
24.785
19.581
14.617
10.661
6.018
1.621
-2.333
-6.417
-11.689
-16.963
-21.542
-25.499
-29.453
-33.143
-34.464
-33.231
-30.062
-26.971
-20.864
-11.43
-1.879
7.667
15.629
22.214
25.548
23.93
18.99
13.467
5.561
-1.447
-8.04
-14.481
-18.738
-20.059
-19.221
-17.496
-15.075
-12.269
-7.953
-3.224
0.733
4.691
8.649
11.288
13.925
16.563
18.434
19.751
17.641
16.104
13.46
10.22
7.044
3.42
-1.672
-5.637
-9.174
-12.438
-14.78
-16.103
-16.166
-14.848
-13.082
-10.444
-9.474
-7.426
-4.966
-4.969
-4.5
-4.511
-4.979
-4.982
-6.225
-7.852
-9.506
-10.883
-11.769
-13.914
-16.692
-20.329
-24.009
-27.874
-31.42
-35.385
-36.622
-35.578
-32.698
-29.915
-25.032
-19.749
-11.945
-4.682
2.86
8.518
13.425
17.557
19.995
21.314
22.049
22.048
22.047
20.886
19.564
18.244
16.923
15.601
15.272
13.014
12.52
10.317
8.996
6.852
4.211
1.57
-1.072
-3.252
-4.573
-5.894
-7.216
-7.308
-7.309
-7.31
-7.31
-8.179
-9.499
-9.815
-12.142
-13.463
-15.482
-18.123
-18.601
-19.876
-20.86
-20.861
-20.137
-19.734
-20.849
-21.044
-22.368
-24.262
-26.908
-28.597
-29.945
-32.153
-32.153
-32.15
-32.146
-31.143
-29.88
-29.358
-27.161
-25.185
-22.534
-19.883
-17.025
-11.727
-5.939
-0.0040
6.175
12.796
17.014
21.635
22.155
18.058
14.613
10.854
6.889
3.302
0.659
-1.216
-2.535
-2.752
-4.95
-4.945
-5.553
-6.872
-7.189
-7.185
-7.443
-7.848
-7.172
-7.168
-5.082
-4.689
-2.037
0.613
3.264
5.914
8.565
8.666
8.33
7.01
4.961
2.319
-0.323
-4.094
-7.497
-12.209
-14.635
-13.061
-10.379
-6.631
-3.14
0.928
6.004
7.605
6.41
4.561
1.055
-1.589
-3.382
-4.702
-7.04
-6.733
-5.406
-4.079
-1.864
-0.298
-0.547
-2.502
-3.576
-6.218
-8.86
-11.504
-14.146
-16.79
-18.854
-20.174
-21.493
-20.456
-17.577
-14.027
-10.141
-4.831
0.498
5.735
10.03
13.361
15.473
17.66
18.994
17.706
15.991
13.921
12.593
10.268
8.738
6.625
6.629
7.993
10.66
11.154
13.899
17.896
21.326
23.993
28.606
32.568
30.488
26.072
20.783
13.656
0.617
-10.361
-21.323
-29.857
-37.684
-43.39
-47.537
-49.972
-51.304
-52.001
-50.326
-46.621
-43.524
-36.865
-29.164
-19.84
-10.521
1.054
8.632
13.548
18.768
21.348
20.329
17.869
16.536
15.704
15.001
14.575
15.683
17.96
18.346
19.678
20.216
21.212
22.472
22.472
23.425
26.088
27.868
30.286
31.498
32.226
33.755
32.214
29.55
25.71
21.966
18.393
13.724
9.729
4.669
0.611
-3.385
-6.835
-9.5
-12.162
-13.621
-12.29
-10.526
-7.863
-5.201
-2.537
1.486
6.496
10.49
13.761
17.353
20.217
24.007
27.079
29.851
31.186
28.416
25.535
21.206
15.858
9.044
1.02
-5.829
-10.948
-14.519
-17.842
-20.139
-19.344
-17.86
-15.54
-13.638
-11.736
-8.435
-5.614
-2.398
2.951
8.3
13.651
17.895
21.908
25.13
25.261
23.113
20.438
17.562
12.524
8.511
3.773
0.296
-2.377
-5.278
-8.421
-10.401
-11.371
-13.491
-13.768
-15.105
-15.883
-15.116
-13.778
-13.513
-11.103
-8.817
-6.17
-3.941
-1.266
0.283
2.57
3.312
3.314
2.301
2.094
0.758
-0.064
0.66
1.999
2.221
4.898
6.717
6.719
5.875
3.485
2.076
0.74
-1.148
-3.82
-6.492
-9.166
-11.579
-12.914
-13.573
-14.456
-15.792
-15.824
-15.822
-15.82
-16.619
-17.954
-18.071
-18.069
-17.56
-16.221
-14.881
-13.536
-11.289
-10.864
-9.525
-9.026
-7.975
-6.635
-5.296
-3.957
-2.618
-0.315
2.362
5.034
8.153
11.493
15.019
16.888
18.36
21.025
23.69
24.86
25.812
24.81
22.149
19.053
15.06
10.229
3.862
-1.667
-8.006
-12.287
-14.95
-17.611
-18.004
-15.753
-14.933
-12.268
-9.604
-6.939
-4.276
-1.612
1.052
3.716
6.38
9.045
11.709
13.6
14.781
17.445
17.121
15.72
13.331
11.523
8.181
4.187
0.193
-3.801
-7.795
-11.788
-15.012
-16.701
-19.112
-18.86
-17.072
-14.408
-11.743
-6.952
-4.436
-3.751
-2.177
-2.176
-4.076
-4.456
-5.787
-7.118
-8.448
-8.941
-8.94
-8.707
-6.681
-5.637
-2.973
-2.167
0.09
0.503
2.347
3.572
6.235
6.861
9.305
11.969
13.632
15.038
16.795
17.018
16.834
15.503
14.171
12.839
12.504
12.717
15.889
16.843
19.506
22.17
22.66
24.917
25.646
27.174
28.715
29.431
29.431
29.431
30.325
31.688
31.688
31.688
31.473
29.126
27.8
25.073
21.095
17.116
14.268
10.652
7.999
6.861
6.861
4.604
4.604
4.604
4.604
2.977
1.337
-1.198
-4.127
-7.63
-9.61
-10.936
-12.262
-12.323
-11.99
-11.195
-11.195
-10.269
-10.066
-10.259
-11.195
-11.195
-11.979
-12.323
-12.272
-11.195
-10.302
-8.938
-7.254
-4.602
-4.207
-1.556
0.09
0.09
0.989
2.314
2.347
2.347
2.347
3.862
4.604
6.861
7.302
9.955
12.606
15.259
15.889
18.305
20.126
18.8
16.802
15.02
13.693
11.239
9.579
7.459
5.404
4.604
2.357
-0.103
-1.818
-4.471
-6.337
-7.664
-9.041
-11.195
-11.195
-11.195
-11.195
-11.195
-8.938
-8.327
-6.681
-5.28
-4.423
-4.423
-4.095
-2.165
-2.165
-2.165
-2.164
-1.013
0.093
-0.742
-1.548
-1.846
-1.156
0.094
0.631
2.352
3.665
5.461
7.83
7.883
6.561
5.237
3.915
1.7
0.14
-1.183
-2.506
-3.828
-4.415
-3.484
-2.161
0.482
3.129
5.775
7.647
10.91
13.643
14.337
17.455
18.158
17.343
15.011
13.569
12.246
10.923
8.941
7.148
6.875
9.132
9.753
11.39
13.488
15.67
15.905
15.905
15.555
14.233
12.911
11.592
9.146
7.826
6.12
3.477
2.393
0.452
-0.983
-0.745
1.012
2.417
4.057
6.708
7.103
9.207
9.212
10.543
11.478
11.483
11.606
12.934
13.755
13.759
11.971
10.421
7.815
4.471
-0.271
-4.235
-8.2
-11.037
-14.805
-15.879
-13.228
-9.795
-5.822
-1.803
3.491
8.791
12.836
15.486
18.138
20.626
20.907
21.764
21.769
20.054
19.522
18.157
16.146
15.13
12.489
9.847
6.122
3.458
1.169
-0.662
-2.579
-2.996
-1.908
-0.58
1.073
3.716
4.271
3.853
3.866
1.623
1.637
1.651
2.349
4.549
5.078
5.321
7.663
9.478
11.449
11.058
9.758
7.225
4.609
1.517
-1.751
-6.062
-11.307
-15.332
-19.539
-23.392
-25.344
-27.123
-28.423
-26.258
-25.71
-23.067
-21.063
-18.909
-17.277
-14.89
-14.364
-12.605
-12.591
-12.578
-12.564
-10.293
-10.035
-8.706
-6.761
-4.92
-3.592
-1.182
-0.701
1.103
2.328
4.179
5.508
8.0
10.643
12.879
14.207
16.316
18.959
20.451
21.779
22.314
21.014
18.176
15.201
11.458
8.842
6.613
4.74
2.884
2.527
3.673
6.129
7.459
9.348
11.992
14.635
15.041
17.312
16.601
14.534
12.499
8.962
2.816
-2.451
-7.694
-12.939
-16.735
-19.349
-20.868
-20.886
-20.871
-20.857
-20.138
-18.814
-17.491
-16.286
-15.675
-14.001
-13.987
-13.972
-11.917
-11.541
-8.909
-6.277
-3.644
-1.012
-0.331
1.941
2.372
4.226
4.24
5.755
7.457
7.668
8.811
8.481
7.187
5.184
3.458
1.088
-2.771
-6.991
-11.745
-16.326
-20.718
-23.619
-26.234
-27.832
-25.643
-23.714
-21.091
-18.467
-16.974
-14.35
-12.117
-11.372
-11.367
-12.293
-13.597
-15.227
-18.119
-17.59
-15.218
-13.712
-12.519
-11.087
-9.062
-9.057
-7.733
-6.79
-6.785
-6.78
-6.775
-6.771
-5.536
-4.504
-2.547
0.075
2.282
3.064
5.118
4.932
3.628
1.212
-1.401
-4.703
-9.408
-12.626
-15.24
-17.854
-19.219
-20.225
-19.261
-17.958
-16.272
-13.65
-11.172
-10.662
-8.042
-6.036
-4.727
-2.441
-2.107
-0.797
0.123
0.124
0.874
2.184
2.383
2.383
2.384
1.859
0.548
-0.763
-2.075
-3.516
-6.139
-8.266
-10.257
-12.017
-14.375
-15.665
-15.094
-12.469
-9.844
-7.22
-4.596
-2.119
-1.603
0.139
0.14
0.141
-0.849
-2.161
-3.701
-6.325
-8.351
-8.884
-10.809
-11.139
-11.139
-10.37
-8.88
-8.129
-6.816
-5.503
-4.364
-4.007
-2.694
-2.105
-2.104
-3.193
-4.36
-4.359
-4.87
-6.182
-6.614
-7.675
-9.101
-11.121
-12.083
-14.035
-15.343
-15.617
-14.484
-14.208
-12.437
-11.085
-10.259
-8.942
-8.814
-8.81
-8.379
-7.062
-6.539
-4.581
-4.21
-1.582
1.047
3.675
6.304
7.034
9.296
9.3
8.934
8.181
9.659
10.446
10.451
12.712
12.717
12.721
12.726
11.838
10.53
7.964
5.03
1.1
-2.15
-4.77
-7.389
-8.778
-9.799
-8.857
-6.881
-4.728
-2.1
0.527
3.414
6.472
7.164
6.361
4.062
2.618
1.31
-0.41
-2.433
-3.74
-2.159
0.435
0.844
3.474
4.968
6.475
7.237
9.479
9.851
11.769
11.775
11.781
13.601
14.05
15.329
16.32
17.348
18.589
18.595
18.601
18.607
18.613
18.619
17.292
16.374
16.38
14.041
12.735
10.974
8.995
6.868
4.25
2.821
1.515
-0.217
-1.615
-1.609
-1.603
-1.597
-1.591
-1.585
-1.579
-1.572
-1.566
-1.56
-1.554
-1.548
-0.988
0.33
0.727
0.733
0.739
0.745
0.751
0.757
0.764
0.77
-0.483
-1.475
-1.469
-1.464
-2.325
-3.636
-3.817
-5.127
-6.437
-7.747
-8.221
-9.238
-9.421
-10.473
-10.471
-9.845
-8.531
-8.208
-8.114
-5.948
-5.533
-4.219
-3.685
-1.758
-1.388
0.835
0.837
0.838
0.84
1.777
3.091
3.103
3.461
4.775
5.365
5.367
7.548
7.628
7.63
7.632
8.329
9.642
10.956
12.153
12.455
13.769
13.749
12.439
12.163
9.819
8.51
6.744
5.399
3.757
3.146
3.148
3.15
3.151
4.374
5.412
4.437
3.159
3.161
2.365
0.323
-0.989
-2.301
-4.746
-7.371
-9.624
-11.49
-13.378
-15.611
-17.131
-18.444
-19.756
-21.068
-21.672
-21.672
-21.673
-21.673
-21.36
-20.049
-19.418
-19.419
-19.419
-18.189
-17.163
-17.164
-16.511
-15.2
-14.908
-14.761
-12.652
-12.653
-12.654
-12.654
-14.636
-14.958
-16.271
-17.583
-18.896
-20.208
-21.521
-21.704
-22.815
-22.816
-22.249
-21.689
-21.689
-19.454
-19.088
-16.82
-15.509
-12.752
-9.722
-6.011
-3.059
1.532
4.156
6.779
7.646
9.768
9.669
7.645
6.68
4.723
3.413
1.069
-0.337
-1.921
-3.632
-3.631
-5.273
-5.886
-5.885
-5.884
-5.883
-5.881
-5.058
-3.737
-1.364
-0.824
1.817
3.153
4.845
7.487
7.871
10.512
13.155
14.445
16.182
16.704
15.454
14.135
12.816
10.799
8.16
5.52
3.025
1.706
0.916
-0.526
-1.339
-1.338
-1.505
-2.824
-3.592
-4.334
-5.654
-6.972
-8.101
-8.1
-8.099
-8.098
-6.182
-3.582
-3.155
-0.513
2.128
3.194
2.215
1.98
-0.659
-3.297
-5.315
-6.632
-7.949
-8.005
-6.681
-4.908
-3.547
-1.877
0.767
1.155
3.238
3.241
1.916
0.991
-0.054
-1.482
-3.816
-5.133
-6.45
-6.888
-5.813
-4.49
-2.841
-0.196
2.447
3.289
5.478
5.709
6.685
6.148
5.563
5.567
5.57
5.573
5.577
6.706
7.841
8.791
10.104
10.511
12.368
12.372
13.929
14.636
14.703
16.899
16.903
16.906
16.91
16.913
16.861
15.545
14.227
12.911
12.416
11.405
11.295
11.298
11.301
11.305
12.153
12.44
14.701
15.288
16.965
18.32
19.229
20.292
21.493
21.497
21.501
20.108
18.361
15.961
13.325
10.351
6.922
4.285
2.56
1.244
-0.073
-0.671
0.102
1.591
2.366
3.496
4.248
2.376
1.806
0.489
0.13
-0.974
0.35
1.269
2.466
3.533
3.537
5.841
6.93
6.506
5.808
5.812
3.809
3.562
3.307
1.99
1.315
1.319
3.373
3.672
4.996
5.847
7.179
8.111
8.115
7.897
5.562
3.75
1.111
-1.527
-4.167
-5.677
-7.991
-9.31
-10.629
-11.948
-12.174
-12.172
-12.171
-12.17
-12.168
-10.32
-9.909
-9.907
-9.906
-9.905
-8.393
-7.645
-5.377
-4.055
-2.34
0.303
2.944
5.587
7.1
9.293
8.463
6.431
5.912
3.93
3.548
1.156
0.709
2.028
2.534
3.537
5.923
6.175
7.494
8.813
9.313
8.307
6.991
5.418
3.676
2.408
1.422
-0.603
-0.906
-2.222
-3.539
-4.855
-5.341
-5.34
-5.339
-5.337
-5.336
-6.628
-7.591
-7.594
-7.596
-7.598
-7.601
-7.603
-8.446
-9.766
-9.867
-9.87
-9.872
-9.874
-9.877
-9.879
-7.529
-5.928
-2.822
0.466
3.95
7.9
10.621
13.254
15.887
17.85
19.165
19.433
19.217
16.579
14.427
12.432
9.795
6.105
1.021
-3.842
-10.765
-14.677
-18.184
-21.08
-22.59
-24.92
-25.743
-25.059
-21.993
-19.108
-16.476
-13.217
-8.954
-4.937
-1.43
1.202
3.835
6.148
7.464
8.081
7.193
5.873
3.56
2.908
1.298
1.296
1.293
0.209
-0.971
-0.644
0.669
1.275
1.271
1.268
1.264
1.26
1.257
1.253
1.249
1.245
-0.052
-1.019
-1.023
-1.784
-2.158
-3.291
-3.295
-2.88
-1.558
-1.049
-1.052
-1.215
-3.317
-3.32
-3.324
-3.328
-3.332
-3.063
-1.082
-0.555
0.768
1.164
3.407
3.414
4.19
5.663
5.66
4.673
3.395
3.391
2.494
1.127
1.965
3.287
3.373
3.675
4.997
5.619
3.819
3.354
3.023
1.09
-0.032
-1.175
-2.132
-2.31
-2.312
-1.893
0.049
1.075
1.075
2.204
2.204
2.204
2.205
1.335
1.077
1.077
1.077
0.546
-0.05
-0.05
-0.05
-0.05
0.341
1.08
2.651
3.337
4.518
5.844
7.17
9.141
11.792
13.406
14.84
17.187
18.513
19.839
20.268
21.364
21.397
21.398
21.398
21.398
21.399
20.27
20.05
19.142
19.143
17.516
16.886
16.807
15.481
14.63
14.631
14.631
14.631
14.631
13.964
12.375
11.639
10.308
7.848
6.299
4.057
2.102
0.269
-2.09
-3.517
-4.845
-5.663
-5.66
-5.656
-3.412
-3.003
-1.133
-0.528
0.807
1.134
1.137
0.571
-1.113
-1.801
-3.13
-3.36
-4.658
-5.611
-5.608
-4.823
-3.488
-3.341
-3.338
-4.266
-5.588
-5.585
-6.657
-7.836
-7.832
-7.829
-7.826
-7.823
-7.745
-5.559
-5.556
-4.26
-3.292
-3.289
-1.029
-1.026
-0.489
0.846
1.241
3.501
3.505
4.349
5.768
4.945
3.616
3.312
0.959
-0.369
-1.697
-3.026
-4.354
-5.488
-5.483
-5.478
-5.473
-5.467
-5.462
-4.887
-3.194
-3.189
-2.289
-0.953
-0.916
-0.536
0.801
0.574
0.233
-0.89
-0.885
-0.879
-1.543
-2.87
-3.121
-3.115
-3.11
-2.549
-1.212
-0.837
-0.832
-0.827
-0.821
-0.816
-0.811
-2.911
-3.184
-4.511
-5.836
-7.16
-8.484
-9.802
-9.797
-9.792
-9.786
-9.781
-9.776
-8.564
-7.508
-6.546
-5.241
-3.477
-2.973
-1.688
-0.706
-0.7
-1.447
-1.818
-0.685
-0.679
-0.674
-0.669
0.162
1.497
1.802
3.87
4.873
6.14
7.944
8.41
9.717
11.424
13.516
14.852
14.243
12.877
10.47
8.703
6.052
3.401
0.749
-0.772
-3.106
-3.909
-4.621
-5.024
-5.018
-3.309
-0.49
0.7
1.78
1.787
4.115
5.45
6.321
6.328
5.469
4.147
1.696
0.374
-1.485
-4.137
-5.849
-7.182
-9.411
-9.815
-11.748
-12.776
-11.758
-11.551
-10.215
-8.396
-7.1
-5.323
-3.744
-2.252
-0.302
-0.296
0.469
1.804
1.981
1.988
1.994
1.997
0.337
-0.255
-0.357
-1.683
-2.506
-2.504
-2.502
-3.605
-4.755
-4.753
-4.751
-5.526
-5.875
-4.744
-4.742
-3.839
-2.481
-2.479
-0.374
-0.094
1.237
2.044
3.494
4.305
4.307
4.309
4.311
3.716
2.389
1.063
-0.195
-0.463
-1.789
-2.445
-2.443
-2.441
-2.153
-0.18
0.91
2.081
3.972
4.343
4.345
4.347
4.349
4.351
2.318
-0.248
-1.865
-4.031
-5.357
-6.683
-8.011
-9.174
-9.172
-9.17
-9.168
-7.238
-6.909
-6.911
-6.913
-6.916
-6.918
-6.92
-6.922
-6.925
-6.418
-5.091
-4.674
-4.677
-4.679
-4.681
-5.85
-6.943
-6.945
-9.204
-9.462
-10.794
-11.468
-11.471
-11.473
-12.604
-12.276
-11.48
-11.482
-11.484
-9.229
-9.232
-9.234
-9.236
-9.238
-9.241
-9.243
-9.245
-9.248
-9.926
-11.257
-11.511
-11.365
-10.387
-9.84
-9.263
-9.266
-7.011
-7.013
-7.016
-7.018
-6.197
-4.871
-4.768
-4.18
-2.515
-2.517
-2.52
-2.522
-2.697
-4.03
-4.787
-4.793
-5.785
-7.065
-7.072
-6.148
-4.83
-3.965
-2.641
-2.296
-0.345
0.759
1.897
3.814
4.14
4.132
4.125
2.825
1.853
0.793
-0.546
-1.885
-2.69
-2.698
-3.645
-4.969
-4.977
-4.984
-4.991
-4.999
-7.067
-7.27
-7.278
-7.285
-6.579
-5.254
-5.05
-4.667
-2.808
-2.214
-0.89
-0.573
-0.58
-0.587
-0.595
-0.602
-0.609
-0.617
-2.881
-2.888
-2.896
-2.903
-2.911
-2.918
-3.188
-4.527
-5.197
-5.204
-5.212
-5.519
-7.487
-7.5
-7.514
-5.602
-5.283
-4.816
-2.167
-0.808
0.877
1.423
3.667
4.314
5.897
6.621
7.939
8.115
8.102
8.509
9.828
10.319
9.276
8.036
8.023
7.499
6.154
4.809
3.465
1.925
-0.354
-2.3
-4.172
-5.516
-5.733
-7.077
-8.422
-8.384
-7.96
-6.878
-6.693
-5.018
-3.498
-3.511
-1.616
-1.28
-0.852
0.95
0.937
2.551
3.168
3.155
3.142
3.129
3.116
3.103
2.022
0.82
0.807
0.794
0.78
0.769
0.759
0.75
0.741
0.731
0.722
0.713
0.6
-1.563
-1.572
-1.581
-3.275
-3.857
-3.975
-5.004
-5.515
-5.451
-4.134
-1.721
-1.336
1.307
3.39
4.707
6.978
7.364
9.565
9.556
9.546
8.724
7.388
7.261
6.975
5.64
4.977
4.967
4.958
5.222
7.197
7.719
9.035
9.426
11.664
11.664
12.436
13.903
13.894
13.884
12.695
11.609
10.707
8.689
7.354
4.98
2.427
1.091
-0.244
-1.579
-2.017
-2.026
-2.035
-1.678
-0.354
0.213
1.166
2.512
4.721
5.555
7.589
8.913
11.247
11.641
13.736
14.683
15.988
15.986
15.984
15.982
15.98
15.978
15.975
15.973
15.971
16.329
18.224
18.791
20.112
20.474
20.472
20.47
20.883
20.985
20.464
20.461
20.459
20.457
19.547
18.196
16.507
15.934
13.467
11.416
10.428
9.155
7.388
6.893
6.891
6.889
6.887
6.885
6.883
6.88
6.878
6.876
7.447
8.767
9.127
9.125
9.122
9.12
7.895
6.861
6.861
6.727
4.604
3.691
2.347
0.655
0.09
-0.017
-1.34
-2.167
-2.167
-2.167
-2.167
-2.314
-3.636
-4.424
-4.424
-4.424
-4.424
-6.681
-6.681
-6.681
-6.681
-7.645
-8.938
-9.163
-10.486
-11.195
-12.813
-13.452
-14.651
-15.709
-15.709
-15.709
-15.709
-14.665
-13.233
-10.891
-9.068
-6.422
-3.775
-2.212
0.389
2.691
4.014
6.07
6.861
9.107
9.118
9.118
9.118
9.118
9.118
6.861
6.633
5.31
3.986
2.665
1.344
0.09
-0.426
-2.167
-2.167
-2.167
-2.167
-2.167
-2.167
-2.167
-2.167
-3.879
-4.424
-4.647
-6.984
-8.304
-10.312
-11.195
-11.195
-11.195
-11.195
-11.195
-10.486
-9.165
-7.845
-6.368
-4.076
-2.755
-2.167
-0.319
0.09
2.347
2.718
4.038
4.604
4.604
6.861
6.861
6.468
5.147
4.604
4.604
4.604
4.604
4.604
4.604
4.604
4.604
4.604
4.604
5.043
5.733
6.555
6.861
6.861
6.322
4.604
4.604
4.604
2.53
2.345
2.342
2.339
2.335
2.332
2.329
2.325
2.322
1.812
0.488
0.055
0.051
0.048
0.044
0.041
1.48
2.291
2.288
3.581
4.538
4.535
4.531
4.528
2.271
1.883
-0.379
-1.702
-3.026
-4.35
-4.566
-6.784
-6.787
-6.791
-6.794
-6.798
-6.714
-4.547
-4.551
-4.554
-4.557
-4.561
-3.403
-2.31
-2.314
-2.317
-3.809
-4.581
-4.584
-4.588
-4.591
-4.594
-4.598
-5.461
-6.771
-6.865
-6.868
-6.871
-6.875
-6.878
-6.881
-6.886
-6.891
-6.897
-6.902
-6.907
-6.913
-6.918
-6.924
-6.929
-6.934
-6.94
-6.945
-4.887
-4.537
-2.447
-1.579
-0.201
-0.207
-0.212
-0.217
-0.617
-2.485
-2.491
-3.957
-4.759
-4.764
-4.769
-4.775
-4.78
-4.786
-4.791
-4.796
-4.802
-4.807
-4.813
-4.818
-4.823
-5.792
-5.95
-4.84
-4.845
-4.851
-3.407
-2.604
-2.61
-2.615
-2.621
-2.626
-2.631
-1.796
-1.514
-0.391
-0.396
-0.401
0.796
1.845
1.839
4.091
4.086
4.08
3.535
2.227
0.022
-1.519
-4.079
-6.693
-7.873
-7.881
-9.189
-9.486
-7.231
-6.754
-4.561
-3.257
-1.18
1.43
1.785
4.04
4.393
5.164
5.862
6.288
6.286
4.027
4.025
4.023
4.021
3.261
1.961
1.758
1.617
0.318
-0.505
-0.507
-0.509
-0.511
0.643
1.742
1.74
1.737
2.441
2.862
2.86
1.729
1.727
1.725
1.723
1.721
1.719
1.717
1.715
1.713
1.711
1.709
1.707
1.705
1.703
1.296
-0.558
-1.644
-2.819
-4.583
-5.081
-7.34
-7.864
-9.601
-9.603
-9.605
-9.607
-9.609
-9.611
-8.974
-7.358
-7.36
-5.706
-5.107
-2.813
-1.517
0.156
1.656
3.088
3.908
6.019
6.161
6.159
6.157
6.155
6.153
4.261
3.892
1.633
0.98
-0.628
-0.63
-0.632
-1.638
-1.72
-0.638
-0.64
-0.642
0.078
1.374
1.608
1.709
2.733
2.731
2.729
2.727
2.725
2.723
1.592
1.59
1.588
1.586
0.744
-0.556
-0.677
-0.679
-0.681
-0.683
-0.685
-0.688
-0.69
-0.692
-0.694
-0.696
-0.698
-0.7
-0.702
-0.704
0.59
1.549
2.56
3.802
5.491
6.055
8.366
9.662
10.563
10.561
10.559
10.557
0.0
