-1.10464E-5
2.02243E-5
-1.98388E-6
1.84829E-5
-1.97333E-5
6.62638E-6
1.12572E-8
8.2462E-5
1.00602E-4
1.18009E-4
2.88687E-5
1.26477E-5
-5.31208E-6
6.86976E-5
1.70866E-4
4.18117E-4
2.21192E-4
-3.88541E-4
-8.19674E-4
-2.14282E-4
6.91705E-4
3.11766E-4
-1.22271E-4
1.52632E-4
-2.50826E-4
-9.36638E-4
-1.49134E-4
1.43055E-4
1.91412E-4
8.40437E-4
5.40107E-4
-0.00108033
-0.00294496
-0.0026448
-2.40203E-5
0.00159716
0.00123152
6.95128E-4
1.20325E-4
1.17498E-5
7.67119E-4
0.00223717
0.00323303
0.00260573
-0.00137127
-0.00628417
-0.0066642
-0.00237086
0.00410093
0.00630771
5.59453E-4
-0.00724385
-0.00745569
3.06895E-4
0.00901934
0.00973114
0.00245165
-0.00336506
-0.00355403
-0.00123698
0.00263884
0.00724976
0.00467218
-0.00317689
-0.00833605
-3.4945E-4
0.0175051
0.0276413
0.0128695
-0.0112892
-0.0250793
-0.0210089
-0.0063901
0.00394583
0.00279094
-0.00120725
0.00618942
0.0160005
0.00632524
-0.0132268
-0.0222166
-0.0143632
-0.001759
0.00232423
9.25585E-4
0.00405686
0.00897398
0.00815157
-0.00493253
-0.0100506
0.00270148
0.0184049
0.012905
-0.00809703
-0.0229563
-0.0139988
-7.52993E-5
0.00406803
0.00434909
0.00300151
0.00574407
0.0119594
0.0109799
-8.87232E-4
-0.00930969
-0.00705368
-0.00633296
-0.00952944
-0.0112622
-0.00203826
0.0148253
0.0196566
0.00668891
-0.0117671
-0.0227263
-0.0238096
-0.0153138
-0.00708791
-0.00827376
0.00122783
0.0145492
0.0167174
0.0123782
0.0128
0.00773261
-0.00367271
-0.00560313
0.00694959
0.0109282
-0.00102656
-0.0202534
-0.0331264
-0.0319725
-0.0135093
0.011903
0.0352444
0.0468206
0.0393653
9.94461E-4
-0.0360743
-0.0424944
-0.0267722
-0.00860196
0.00734001
0.0150948
0.0261245
0.0423455
0.0491646
0.0407952
0.0113358
-0.0206955
-0.0340198
-0.0159388
3.02013E-5
0.00532537
0.0101015
0.0215886
0.018948
-0.00338355
-0.0227618
-0.0285101
-0.0198939
-0.00800533
-0.0123319
-0.0179617
-0.013938
-0.00807387
-0.00888009
-0.0105561
0.00128158
0.0344017
0.0538666
0.0415425
0.0160599
-0.0075684
-0.0214725
-0.0253025
-0.0323847
-0.0320915
-0.00451546
0.0297226
0.0466975
0.0482188
0.0217803
-0.0143094
-0.0265278
-0.0268478
-0.024168
-0.00553355
0.00874727
0.00931015
0.011037
0.0118246
0.00738635
-0.0116604
-0.0211307
-0.0169955
-0.0105649
-0.00498174
-0.00552598
-0.00636054
0.0068299
0.0278312
0.0327607
0.0161555
-0.00652391
-0.0364733
-0.0413594
-0.00545375
0.0303911
0.0283096
-2.90353E-4
-0.00887978
-1.31422E-4
0.0056094
0.0112634
0.00573365
-0.00783157
-0.0185608
-0.026324
-0.0193697
-0.00930192
-0.0208671
-0.0324534
-0.0271404
-0.013669
-3.55924E-4
0.00129372
-0.00684372
-0.0187445
-0.0198242
4.48828E-4
0.0303848
0.0320751
0.00775142
-0.00254467
0.0119507
0.033399
0.0354698
0.0213925
0.0151629
0.015391
0.0156073
0.0101665
-0.011138
-0.0325996
-0.0339966
-0.0339892
-0.043706
-0.0501207
-0.0438406
-0.0298385
-0.015215
-0.0211973
-0.0197603
0.00281258
0.0394763
0.0687433
0.0824337
0.0873786
0.098051
0.100638
0.0765878
0.0427058
0.0245982
0.0302115
0.0457026
0.0510554
0.0499147
0.0456646
0.0421286
0.0401532
0.0292497
0.012896
0.00174767
-0.031155
-0.0839554
-0.134268
-0.148363
-0.135864
-0.119425
-0.106647
-0.106422
-0.119784
-0.107612
-0.0728921
-0.0491485
-0.0385344
-0.0388934
-0.0364448
-0.0485167
-0.0277973
0.0403534
0.0651101
0.0362555
0.00475945
-0.0133282
-0.0207545
-0.0129692
0.0158167
0.0250136
0.0202663
0.049871
0.0820917
0.0877989
0.0812051
0.0942081
0.104979
0.101667
0.10267
0.11172
0.104365
0.0881108
0.0511971
-0.0240594
-0.106797
-0.123981
-0.074463
0.0213042
0.075095
0.0806571
0.0738074
0.0449471
-0.0109872
-0.0477311
-0.0276628
0.0334928
0.0872856
0.102868
0.109518
0.115422
0.112767
0.099053
0.0808158
0.0402898
-0.00260967
-0.026587
-0.0510654
-0.107927
-0.165919
-0.19129
-0.188862
-0.168071
-0.149743
-0.14365
-0.152569
-0.161054
-0.151277
-0.126622
-0.105044
-0.0919812
-0.0801651
-0.07461
-0.0735787
-0.0716676
-0.0364711
0.0248393
0.0447613
0.0425224
0.0355428
0.0219439
0.00878917
-0.00353038
-0.00807044
0.00327714
0.0258102
0.0453965
0.0496161
0.0427425
0.0416327
0.0582748
0.0789575
0.0960332
0.100999
0.100304
0.111687
0.15253
0.187623
0.190371
0.181897
0.149113
0.116577
0.0893345
0.0341359
-0.0340362
-0.0684438
-0.0680716
-0.0517917
-0.0297145
-0.0477841
-0.11182
-0.171028
-0.206074
-0.223645
-0.224405
-0.206949
-0.190313
-0.194894
-0.209931
-0.197792
-0.116622
0.00719677
0.0750443
0.0994291
0.122249
0.145446
0.17353
0.202033
0.227332
0.231425
0.212247
0.193476
0.188899
0.193396
0.200205
0.220001
0.223019
0.203945
0.162231
0.0948777
0.026544
-0.0413105
-0.11928
-0.164993
-0.180131
-0.195449
-0.232234
-0.275088
-0.326652
-0.291964
-0.180646
-0.131377
-0.127011
-0.119165
-0.0848802
-0.0315394
0.021029
0.0679183
0.0995925
0.119934
0.137479
0.168617
0.205449
0.215946
0.241529
0.300437
0.337583
0.331235
0.311369
0.301374
0.289855
0.253517
0.199979
0.143405
0.0906386
0.0645486
0.0413516
-1.2264E-5
-0.0569824
-0.114294
-0.152548
-0.182558
-0.21929
-0.27373
-0.341943
-0.402793
-0.461076
-0.496496
-0.495917
-0.46529
-0.426794
-0.38909
-0.351331
-0.282184
-0.208858
-0.165295
-0.13719
-0.120086
-0.123448
-0.113068
-0.0838988
-0.0532444
-0.0244037
0.00503941
0.0240772
0.0338971
0.0332665
0.0265487
0.0317008
0.0540148
0.0830004
0.0947731
0.100633
0.1144
0.124119
0.1303
0.138832
0.13461
0.127305
0.145063
0.181696
0.222134
0.249014
0.24406
0.168349
0.0585191
-0.00359171
-0.0294239
-0.0601614
-0.0902779
-0.0812312
0.0422799
0.204589
0.276653
0.309326
0.31957
0.311885
0.339395
0.399042
0.435235
0.444069
0.365644
0.272998
0.242762
0.243211
0.222178
0.1783
0.14023
0.0933193
0.0458176
-0.0168319
-0.0741299
-0.136234
-0.195138
-0.279359
-0.348991
-0.384705
-0.401708
-0.421732
-0.422742
-0.437666
-0.433555
-0.510337
-0.566755
-0.840653
-0.877379
-0.53028
-0.300281
-0.212932
-0.159216
-0.108717
-0.0776038
-0.0523412
-0.0304541
-0.00449849
0.0164776
0.0262626
0.0298749
0.0420352
0.0522396
0.0667042
0.0999166
0.151524
0.172901
0.173738
0.189991
0.219127
0.215751
0.195757
0.200194
0.226711
0.232354
0.22808
0.220217
0.200967
0.186536
0.18921
0.196614
0.189654
0.177908
0.184826
0.197842
0.201047
0.205179
0.237731
0.294478
0.390837
0.449247
0.424977
0.285658
0.15862
0.116099
0.0702806
0.0301888
0.0048824
-0.0243884
-0.053492
-0.104281
-0.166368
-0.24088
-0.300016
-0.348831
-0.378766
-0.3952
-0.402229
-0.396381
-0.336712
-0.182189
-0.0588584
-0.00896706
0.0170479
0.0106473
0.0167217
0.0650075
0.0923617
0.095112
0.0911968
0.0603384
-0.00185461
-0.0439267
-0.0654447
-0.0858832
-0.0787334
-0.0705261
-0.0760261
-0.0816549
-0.0739154
-0.0548314
0.0168153
0.10134
0.147002
0.177944
0.204794
0.212918
0.193639
0.165788
0.135312
0.123159
0.122726
0.132888
0.132515
0.102135
0.0563349
0.0122425
-0.0416834
-0.088408
-0.137471
-0.183199
-0.227016
-0.265631
-0.297227
-0.3112
-0.325343
-0.336725
-0.339036
-0.340995
-0.346943
-0.352569
-0.38823
-0.444739
-0.3838
-0.220228
-0.147328
-0.129432
-0.0740171
-0.0126456
0.0353547
0.0755199
0.106108
0.11694
0.111256
0.0937109
0.0623696
0.0342277
0.022771
0.00360048
-8.55093E-4
0.0217251
0.0485294
0.0966098
0.144026
0.144051
0.129923
0.119763
0.113407
0.113064
0.113881
0.103853
0.084628
0.0675332
0.0510695
0.0361274
0.0228466
0.0214422
0.0263124
0.0606189
0.152614
0.207712
0.206273
0.20513
0.201798
0.193459
0.187525
0.192649
0.198101
0.204108
0.209433
0.217932
0.23049
0.262078
0.284899
0.27761
0.265449
0.255702
0.235823
0.194404
0.140133
0.104838
0.075534
0.0438708
0.0126381
-0.0175105
-0.0481844
-0.0936162
-0.144768
-0.184405
-0.217812
-0.249276
-0.282264
-0.302887
-0.320961
-0.34517
-0.381389
-0.36498
-0.294324
-0.186397
-0.0843949
0.00134336
0.0714774
0.111919
0.125133
0.12675
0.127139
0.118727
0.111671
0.111644
0.113008
0.111809
0.103588
0.0740687
0.0318774
-0.0134606
-0.0501882
-0.0922103
-0.168085
-0.218504
-0.231258
-0.236448
-0.242959
-0.264817
-0.292889
-0.285903
-0.260746
-0.171049
-0.0433709
0.0435097
0.0947414
0.107114
0.106304
0.0976843
0.0879222
0.0827928
0.0821036
0.0800724
0.0733527
0.063587
0.0496902
0.0384244
0.033021
0.0508385
0.0634304
0.051849
0.0455076
0.0420998
0.0438143
0.045987
0.0575072
0.0816881
0.10556
0.110233
0.106928
0.105378
0.10154
0.0885012
0.0720664
0.047161
0.0161496
-0.0221108
-0.0661674
-0.105967
-0.143453
-0.172663
-0.199474
-0.21784
-0.234542
-0.250489
-0.260024
-0.280986
-0.300081
-0.311737
-0.305507
-0.304162
-0.323164
-0.345264
-0.324606
-0.261976
-0.180101
-0.0997464
-0.0317696
0.0233257
0.0600771
0.0830379
0.11015
0.139563
0.169955
0.185341
0.184572
0.172594
0.160319
0.154596
0.152233
0.15261
0.159581
0.166639
0.170527
0.174111
0.17711
0.182308
0.196212
0.211793
0.224966
0.232172
0.228217
0.211663
0.185473
0.15893
0.144148
0.146881
0.152298
0.155873
0.157003
0.146412
0.117918
0.0738147
0.0327813
0.00746513
0.0140503
0.0298297
0.0414604
0.0372817
0.015307
-0.0189163
-0.0501228
-0.0765877
-0.095699
-0.117059
-0.13455
-0.152413
-0.163381
-0.167482
-0.158327
-0.131018
-0.0928089
-0.0591861
-0.0417331
-0.0359886
-0.0377569
-0.0340477
-0.0216741
0.0134774
0.0458704
0.0590748
0.0639555
0.0658307
0.0665841
0.0677814
0.0651411
0.0589487
0.043908
0.0177311
-0.007732
-0.0263103
-0.0275737
-0.0128734
0.00229203
0.0152263
0.0155503
0.0089415
-0.00703064
-0.0278602
-0.0462927
-0.0530154
-0.0446367
-0.0211253
0.00250171
0.0191435
0.0173071
0.00853533
-0.00149194
-0.014205
-0.0277953
-0.038789
-0.0482451
-0.0580743
-0.0634104
-0.0669068
-0.0704312
-0.0729415
-0.0720575
-0.0690748
-0.0657167
-0.0676404
-0.0738956
-0.0880992
-0.101595
-0.112519
-0.117773
-0.116647
-0.112633
-0.108647
-0.103582
-0.0973879
-0.0890659
-0.0681697
-0.0356657
-0.00718536
0.00893867
0.0173376
0.0273831
0.0442662
0.0641731
0.0749653
0.0710856
0.0522275
0.0267142
0.00346546
-0.00574342
-4.07482E-4
0.0116356
0.0230749
0.0300737
0.0340929
0.0389964
0.0435586
0.0471039
0.046684
0.0398965
0.0278834
0.0130697
0.00477853
0.00895829
0.0264532
0.0511442
0.0669524
0.0710885
0.0712686
0.0702775
0.0688495
0.0678805
0.0667869
0.0656398
0.0641642
0.0622601
0.0589825
0.0548071
0.049167
0.0439767
0.0440753
0.0456495
0.0453716
0.0406532
0.0273948
0.00543975
-0.0261815
-0.0505671
-0.0710863
-0.0872822
-0.100176
-0.111201
-0.120002
-0.125755
-0.123632
-0.111438
-0.0945308
-0.0758754
-0.0611563
-0.0523669
-0.0421371
-0.0271656
-0.00593465
0.0178554
0.0353471
0.0438308
0.0456445
0.0475229
0.0459813
0.0378265
0.0314064
0.0247009
0.0131999
0.00198914
-0.00211898
-0.00134927
0.00161037
0.00527397
0.00678637
0.00479473
1.58997E-6
-0.00800348
-0.0170776
-0.0293559
-0.0435325
-0.0484705
-0.0460011
-0.0374844
-0.0236024
-0.0101553
0.00444326
0.0201199
0.0334495
0.0456529
0.052367
0.0567474
0.0624022
0.0683214
0.073177
0.0761562
0.0740642
0.0658474
0.0535763
0.0417264
0.033861
0.0294035
0.0253381
0.0181766
0.00619638
-0.00315341
-0.00886442
-0.0143901
-0.0204789
-0.0289971
-0.0387367
-0.0460861
-0.0482188
-0.0447796
-0.0375409
-0.0191637
0.00643205
0.0275598
0.0373768
0.0411936
0.0417664
0.0393473
0.0357248
0.0358152
0.0394823
0.0414031
0.0354605
0.0198906
-0.00313579
-0.0237628
-0.0320219
-0.0295104
-0.0165868
-0.00155319
0.00475091
0.00261615
-0.00125747
-0.0059914
-0.0104893
-0.0127511
-0.0155989
-0.0203749
-0.0252211
-0.0254675
-0.0213305
-0.0151608
-0.0107492
-0.00856139
-0.00888425
-0.00966766
-0.00803002
-0.0061277
-0.00589569
-0.00965465
-0.0197534
-0.0335194
-0.0410382
-0.0393093
-0.0303435
-0.0197618
-0.013248
-0.0103933
-0.011274
-0.0134727
-0.0127106
-0.00885065
-0.00148472
0.00632897
0.00995242
0.00934133
0.00511117
-0.00612984
-0.0239062
-0.0411352
-0.0513431
-0.0551889
-0.0573925
-0.0585264
-0.0596773
-0.0609295
-0.0646092
-0.0697395
-0.0715857
-0.0689481
-0.0610762
-0.0481486
-0.0285081
-7.22443E-4
0.0253167
0.047955
0.0624887
0.0678569
0.0702267
0.0694169
0.0671375
0.0617245
0.0551182
0.0469067
0.0369947
0.0212698
0.00653911
2.20587E-4
-6.38958E-4
0.00111786
0.00317072
0.00356566
0.00242123
0.00169724
0.00349074
0.00606353
0.0089905
0.0114702
0.0160991
0.0231619
0.0352726
0.0489973
0.0569076
0.0580493
0.0553894
0.0528425
0.0512318
0.0509438
0.0529424
0.0543853
0.0607381
0.0701001
0.0782134
0.0852078
0.0891109
0.0919273
0.0932577
0.0922578
0.0907825
0.0882772
0.0827311
0.0727586
0.0589694
0.0416208
0.0218641
2.79601E-4
-0.0198565
-0.0368257
-0.050264
-0.0625905
-0.0825591
-0.107624
-0.128927
-0.146439
-0.154143
-0.15695
-0.15845
-0.159929
-0.161306
-0.15586
-0.14355
-0.127411
-0.10699
-0.0857883
-0.0692063
-0.0540478
-0.0377589
-0.0202159
-0.0040678
0.00784151
0.0117193
0.010713
0.00854107
0.0107767
0.0176997
0.0294032
0.0403273
0.0468814
0.0469962
0.0449055
0.0400969
0.0319794
0.0122436
-0.0157227
-0.0335756
-0.0362987
-0.033266
-0.0251356
-0.0118774
0.00530766
0.0239979
0.0400154
0.054605
0.0582158
0.0506938
0.0445934
0.0415441
0.0436173
0.0499895
0.0506998
0.047392
0.0441823
0.0421453
0.0394961
0.0352908
0.027304
0.0194773
0.00835827
-0.00891932
-0.0249065
-0.0363152
-0.0390035
-0.0367321
-0.0311806
-0.0239321
-0.0164327
-0.00958626
-0.00347273
0.00223969
0.010916
0.0182052
0.0209016
0.0207526
0.016713
0.0107152
0.00872786
0.010089
0.0125359
0.0145525
0.0144384
0.0117895
0.00491045
-0.00724861
-0.0193859
-0.0236157
-0.0235849
-0.0200922
-0.0140007
-0.00430225
0.00688494
0.0140384
0.0150616
0.00939784
9.63539E-4
-0.00512868
-0.00739568
-0.00230843
0.010682
0.023092
0.0346213
0.0401775
0.034243
0.0222514
0.00920888
3.56827E-5
-0.00269054
-0.00154301
0.00212314
0.00561621
0.00460639
-0.00300081
-0.0142496
-0.0235195
-0.0281966
-0.0312353
-0.0317754
-0.0317132
-0.0308162
-0.0295975
-0.0254053
-0.0167951
-0.00512883
0.00673201
0.0174497
0.023852
0.026714
0.0265657
0.0231101
0.0166201
0.00854061
0.00402908
0.00680174
0.012048
0.0177433
0.0205371
0.0156349
0.00467539
-0.00675083
-0.0148556
-0.0183208
-0.0179431
-0.0131173
-0.00699438
-0.00222975
0.00222354
0.0074093
0.0153165
0.0235073
0.0268327
0.0278601
0.0260426
0.0231226
0.0215541
0.0193058
0.0154117
0.00977351
0.00387406
-2.77926E-4
3.05841E-4
0.00292266
0.00584786
0.00731014
0.00566182
-0.00163971
-0.0122205
-0.0244947
-0.0353596
-0.0417024
-0.0442768
-0.0421331
-0.0372369
-0.0314383
-0.0272396
-0.0269837
-0.0292385
-0.033899
-0.0384481
-0.0424869
-0.0463224
-0.0507442
-0.0509511
-0.0469663
-0.0390431
-0.0277793
-0.0171623
-0.0119797
-0.0126221
-0.013718
-0.0141566
-0.0128436
-0.0102552
-0.00314705
0.00665838
0.0135007
0.0178807
0.0203555
0.0199312
0.0194085
0.0190899
0.0191064
0.0186983
0.0184662
0.0190074
0.0258505
0.0345752
0.0401819
0.0446855
0.0504805
0.0522195
0.0495126
0.0411002
0.023746
0.00584915
-0.00933522
-0.0152103
-0.00858041
-0.00221593
-0.00224239
-0.0082163
-0.0189868
-0.0245131
-0.0263728
-0.0256405
-0.0251003
-0.025923
-0.0285413
-0.0312005
-0.029871
-0.0239645
-0.0177852
-0.0113406
-0.006754
-0.00234472
0.00119047
0.00573256
0.0121283
0.022162
0.0331819
0.0421274
0.0508546
0.0580828
0.06161
0.0597131
0.0558476
0.0528363
0.0523334
0.0522266
0.0507898
0.0485546
0.0425783
0.0336362
0.0214198
0.00598491
-0.00893328
-0.0210932
-0.0284392
-0.0322648
-0.034413
-0.0370872
-0.0403779
-0.043345
-0.0437837
-0.0414954
-0.0391844
-0.037358
-0.0337115
-0.0267431
-0.0134513
0.00441632
0.020127
0.0273203
0.0322194
0.0354623
0.0378853
0.038111
0.0345687
0.024973
0.00862551
-0.0124329
-0.0293953
-0.0381644
-0.0431519
-0.0484043
-0.0534659
-0.0552562
-0.0554802
-0.0529065
-0.0460399
-0.0323366
-0.0140897
0.00372647
0.0129716
0.0192213
0.0208964
0.0192183
0.0157192
0.00988436
0.00213167
-1.2633E-4
0.00497718
0.0163266
0.0258846
0.0279098
0.0264226
0.0213565
0.014375
0.00861199
0.00467501
0.00132301
0.00179953
0.00402484
0.00572888
0.00735134
0.00842891
0.00883665
0.00879419
0.0056709
0.00293407
-8.26288E-4
-0.00266416
-0.00342842
-0.005044
-0.00380394
-0.00161873
-1.01564E-4
-0.00177077
-0.00475903
-0.00843103
-0.0120975
-0.0124065
-0.0110912
-0.00995437
-0.0103266
-0.00950529
-0.00663539
0.00134513
0.0069858
0.00832004
0.00434461
0.00251797
0.00220964
0.00284379
0.00427067
0.00365991
0.00390678
0.00496913
0.00591782
0.00447539
6.7057E-4
-0.00440894
-0.00871517
-0.0123359
-0.0163075
-0.0216841
-0.0252021
-0.0264166
-0.0263582
-0.024528
-0.0221881
-0.0200437
-0.0201184
-0.0209487
-0.019451
-0.0138531
-0.00566017
0.0025739
0.00750335
0.0105546
0.0102815
0.00816705
0.00710331
0.00878883
0.0137118
0.0191399
0.0217582
0.0207979
0.0176039
0.0104966
0.00205042
-0.00787956
-0.0142053
-0.015364
-0.0161953
-0.0140511
-0.0113425
-0.00537031
9.11277E-4
0.00564416
0.00782786
0.00900638
0.0123567
0.0161709
0.0176136
0.014791
0.0118178
0.0112174
0.0137782
0.0201118
0.027627
0.0350021
0.0387484
0.0403623
0.0405711
0.0365749
0.0297928
0.0207987
0.00788347
-0.00578762
-0.011808
-0.0143076
-0.0164064
-0.0168185
-0.0159277
-0.0159525
-0.0121934
-0.00497096
0.00105718
0.00739371
0.0137237
0.0210519
0.0273077
0.0318705
0.0355809
0.0353526
0.030851
0.0252358
0.0225025
0.0209408
0.0194619
0.0162619
0.0138666
0.00851685
2.08497E-5
-0.0133065
-0.0262383
-0.0375146
-0.0481082
-0.0573616
-0.0653819
-0.0701576
-0.0696494
-0.0645152
-0.0564332
-0.0466277
-0.037092
-0.0283937
-0.0222993
-0.0197836
-0.0187808
-0.0167186
-0.0133232
-0.010159
-0.00934704
-0.00933191
-0.00746507
-0.00279515
0.00417072
0.0123709
0.0175189
0.0196018
0.0229555
0.0276688
0.03015
0.0294945
0.0263954
0.0199085
0.0110186
0.00238486
-0.00363135
-0.00853624
-0.0120115
-0.0153079
-0.0157362
-0.00947668
-7.54193E-4
0.00518968
0.00655908
0.00453744
0.00267774
6.37931E-4
0.00112252
0.00535515
0.00834388
0.00852352
0.00980824
0.0138754
0.0201458
0.0247814
0.0244792
0.0223048
0.0185298
0.0118165
0.00348605
-0.00470586
-0.00769453
-0.00873131
-0.0123561
-0.0163903
-0.0193986
-0.0224756
-0.0259609
-0.0275103
-0.0279672
-0.025686
-0.0226423
-0.0166534
-0.00766383
0.00160659
0.00819994
0.0111742
0.0131529
0.0156168
0.0179322
0.0210214
0.0234502
0.024347
0.0241855
0.0219209
0.0180242
0.0153401
0.0120437
0.00753807
0.00207068
-0.00393677
-0.00865148
-0.0109156
-0.0113622
-0.0128915
-0.0153875
-0.0186524
-0.0222656
-0.0237632
-0.0228405
-0.0200142
-0.0175048
-0.0111041
-0.00274652
0.00762683
0.0174665
0.0247306
0.0268327
0.0276253
0.0268812
0.0260111
0.0254166
0.0239021
0.0232598
0.0234417
0.0223721
0.0212111
0.0187558
0.0147314
0.00919079
0.00191712
-0.00354959
-0.00489097
-0.00464745
-0.00382852
-0.00534796
-0.0101399
-0.018109
-0.0276577
-0.0339136
-0.0364913
-0.0359434
-0.0346876
-0.0338523
-0.0338841
-0.0338801
-0.033335
-0.0316111
-0.0288505
-0.0252591
-0.0211923
-0.0150286
-0.00133115
0.0136258
0.0271409
0.0352927
0.0351683
0.0318739
0.0283952
0.0260944
0.0227664
0.0221735
0.022388
0.0252799
0.027355
0.0287309
0.0287282
0.0279397
0.0254588
0.0226564
0.0170895
0.0118645
0.00528865
-0.0024371
-0.0133247
-0.020181
-0.0193825
-0.0153042
-0.00948664
-0.00537973
-0.00585113
-0.00825933
-0.00885252
-0.00750031
-0.00512801
-0.00148931
0.00150215
0.00334295
0.0037112
0.00257967
-0.00115824
-0.00587521
-0.00631553
-0.00583567
-0.00322933
-1.64272E-4
0.00346462
0.00745737
0.0118978
0.0185288
0.0240043
0.0243681
0.0215682
0.0180356
0.0162228
0.0174374
0.0166257
0.0134722
0.00650747
-0.00447657
-0.0179511
-0.0305127
-0.04146
-0.0469463
-0.0493969
-0.0492806
-0.045537
-0.0405384
-0.031843
-0.0204687
-0.0102593
-0.00111586
0.00550205
0.0118241
0.0158472
0.0176802
0.0182426
0.0175254
0.0154551
0.011883
0.00797385
0.00366653
-0.00370828
-0.0168568
-0.023452
-0.0253436
-0.0273923
-0.0277517
-0.0279767
-0.0274341
-0.0258231
-0.0232271
-0.0196967
-0.0157239
-0.0108714
-0.00306349
0.00781313
0.0167223
0.021746
0.0239209
0.0273032
0.0279476
0.0276279
0.0244808
0.0195556
0.0134641
0.0087091
0.00692218
0.00467631
0.00193654
2.19726E-4
-0.00221596
-0.00240727
-0.00320419
-0.00729748
-0.0137561
-0.017843
-0.0225302
-0.0253331
-0.0270935
-0.0284351
-0.0259689
-0.0215414
-0.0169009
-0.0131037
-0.00955128
-0.00549989
0.00124908
0.00938592
0.0188701
0.0266606
0.0323995
0.0360784
0.0381397
0.0377545
0.0353164
0.0311585
0.0248144
0.0178253
0.00975967
0.00437322
0.00277516
0.00474229
0.00654883
0.00749593
0.00857321
0.00974754
0.0116363
0.0157038
0.0166922
0.0146404
0.00909489
0.00367617
0.00159684
0.00114299
7.02971E-4
-0.0013654
-0.00577856
-0.00857605
-0.0081465
-0.00519058
-8.97891E-4
0.00470794
0.0104687
0.0172748
0.0207808
0.02101
0.0191993
0.0139415
0.00851304
0.00120624
-0.00925532
-0.0180039
-0.024221
-0.0297681
-0.0358784
-0.0402863
-0.0394854
-0.0327917
-0.0212223
-0.00946517
-3.5494E-4
0.00203413
0.00226593
0.00225434
-2.53554E-4
-0.00329575
-0.00680182
-0.00890525
-0.00774142
-0.00283251
0.00413251
0.0115867
0.0201608
0.026984
0.03024
0.0312397
0.0278996
0.0222246
0.0185353
0.0163113
0.0138473
0.0117391
0.00876291
0.00395683
-0.00135434
-0.00912053
-0.0192683
-0.0266456
-0.0312393
-0.0348805
-0.0360457
-0.0343238
-0.0298548
-0.0244351
-0.0148741
-0.00438239
0.00494644
0.0126589
0.0150094
0.013574
0.0122169
0.0110211
0.0103479
0.0118465
0.0116435
0.0120464
0.0120084
0.0111171
0.00972818
0.00611521
-0.00240122
-0.013787
-0.0230123
-0.0260884
-0.0248424
-0.0214781
-0.0188028
-0.0149165
-0.0121941
-0.00886349
-0.00604194
-0.00580398
-0.00506341
-0.00480673
-0.0023596
0.00239603
0.00734293
0.0092035
0.0097525
0.00903358
0.00663303
0.00452402
0.00394156
0.00349447
0.00388606
0.00232416
-0.00134247
-0.00340441
-0.00327275
-0.00214113
5.03602E-4
5.39786E-4
-1.46496E-4
-0.00338224
-0.00560854
-0.00783617
-0.00866457
-0.0101407
-0.0139315
-0.0203454
-0.0251179
-0.0267379
-0.0244472
-0.0204127
-0.0163036
-0.0132235
-0.010002
-0.00586553
-0.0031237
-6.79004E-4
0.00277064
0.00513268
0.00838157
0.012216
0.0153302
0.0189549
0.0235806
0.02511
0.0248333
0.0243476
0.0212239
0.0186199
0.0173811
0.0156144
0.0125011
0.00718019
0.00197812
-0.00188297
-0.0042058
-0.00327516
-0.00155136
-7.19673E-4
-5.04152E-4
0.00151758
0.00236171
0.00214498
0.00204004
0.002484
0.00270548
0.00241778
0.00462305
0.00795221
0.0110478
0.014359
0.0166879
0.0164425
0.016371
0.0175798
0.0189167
0.0186535
0.0159171
0.0148838
0.0142486
0.0124702
0.00898711
0.00470203
-0.00124997
-0.00556737
-0.00886045
-0.0103578
-0.0124072
-0.0150536
-0.0181656
-0.0215397
-0.0232414
-0.0233018
-0.0221821
-0.0204096
-0.018951
-0.0172967
-0.0175859
-0.0181535
-0.0193941
-0.0210936
-0.0231325
-0.0232037
-0.0208614
-0.016029
-0.00948275
-2.91768E-5
0.0111034
0.0206381
0.0250895
0.0274576
0.0266962
0.0244692
0.022581
0.0203224
0.0162352
0.0111427
0.00667607
0.00283749
4.72891E-4
-0.0025133
-0.00569798
-0.00806573
-0.0104597
-0.0103484
-0.00758974
-0.0063394
-0.00719334
-0.00758865
-0.00879769
-0.00953949
-0.00858228
-0.00932381
-0.0104245
-0.00989696
-0.0108845
-0.010748
-0.00806543
-0.00256822
0.00413844
0.0119122
0.0181225
0.0207249
0.0215723
0.0211365
0.019836
0.0182515
0.0167438
0.0152793
0.0138783
0.0121683
0.00925907
0.00633533
0.00133971
-0.00465644
-0.0104071
-0.0124098
-0.0119154
-0.0109377
-0.00665649
-0.00125454
0.00398639
0.00695902
0.00838323
0.00878298
0.0103736
0.0107709
0.0116033
0.0121604
0.0107825
0.00954333
0.00583954
6.81632E-4
-0.00759394
-0.0144599
-0.0175015
-0.018248
-0.0133539
-0.00537715
-2.08633E-6
0.00284902
0.00526097
0.00721509
0.00804535
0.00713487
0.00426988
8.18471E-4
-8.16376E-4
-0.00201051
-0.00460969
-0.00766175
-0.0100662
-0.00992303
-0.00944929
-0.00727015
-0.00625527
-0.00676898
-0.00652674
-0.00514952
-0.00289798
4.41599E-4
0.00383766
0.00508466
0.00348196
-0.00123698
-0.00596247
-0.00848941
-0.00756077
-0.00554548
-0.0018356
9.64934E-4
0.00222378
0.00227927
0.00133954
2.6762E-6
-0.00130909
-0.00422414
-0.00559423
-0.00552526
-0.00551362
-0.00575914
-0.00809396
-0.0106223
-0.0130831
-0.0161902
-0.0155797
-0.0158548
-0.0150119
-0.0129855
-0.010022
-0.00820597
-0.00476617
-0.00257362
-7.60257E-4
7.14525E-4
0.0028082
0.00344979
0.00622284
0.00781368
0.00788389
0.00716102
0.00483819
0.00212748
0.00111524
-0.00113863
-0.002404
-0.00424936
-0.00554328
-0.00503802
-0.00659907
-0.00701469
-0.00618456
-0.00569651
-0.00380567
-0.00221593
-8.2871E-4
0.00195078
0.00441677
0.00606162
0.00971478
0.0134967
0.0161816
0.0189027
0.0215652
0.0233003
0.0240572
0.0237119
0.0206475
0.0172151
0.0140731
0.00988197
0.00414571
-6.03159E-4
-0.00366439
-0.00591958
-0.00832079
-0.0111189
-0.01244
-0.0093408
-0.00674777
-0.00396113
-0.0011748
-0.00100639
-0.00311487
-0.00444642
-0.00506591
-0.00564712
-0.00548328
-0.00452348
-0.00142089
0.00190232
0.00578841
0.00907862
0.0110821
0.0115118
0.0121684
0.0132256
0.0131289
0.013906
0.0143599
0.013314
0.0110931
0.00798327
0.00438126
-1.53622E-4
-0.00414816
-0.00699984
-0.0086679
-0.0105751
-0.012431
-0.0139355
-0.014564
-0.0144111
-0.0128019
-0.00976569
-0.00724463
-0.00601349
-0.0048712
-0.00238388
0.0010882
0.00380594
0.00534437
0.00417752
0.00248954
0.00183123
6.25992E-4
-0.00169698
-0.00383083
-0.00617221
-0.00597401
-0.00445615
-0.00182762
-7.35971E-4
3.45236E-4
0.0015191
0.00287835
0.00378781
0.0049654
0.00575544
0.00532134
0.00338027
0.00164656
-1.30453E-4
-0.00112966
-0.00139648
-9.74419E-4
-6.02282E-4
0.00146121
0.0034598
0.00458243
0.00559062
0.00626559
0.00574019
0.00387198
0.00112586
-0.00123469
-0.00220954
-0.00179036
-6.57454E-4
0.00125337
0.00277876
0.00371575
0.00387592
0.00390656
0.00329554
0.00244605
0.00145905
-0.00106336
-0.00389396
-0.00700631
-0.00945187
-0.01052
-0.0104295
-0.00856448
-0.00651551
-0.00438029
-0.00254059
-4.84533E-4
0.00230612
0.00431368
0.00515363
0.00467182
0.00341638
0.00220358
4.45033E-4
-0.00161183
-0.00353409
-0.00591268
-0.00744441
-0.0077441
-0.00725429
-0.00636088
-0.00558953
-0.00502914
-0.00416575
-0.00364282
-0.00336447
-0.00288801
-0.00200192
-5.24112E-4
0.00100941
0.00240117
0.00334674
0.00364601
0.00408556
0.00419157
0.00451076
0.00461686
0.00470299
0.0046492
0.00457646
0.00404464
0.00344251
0.00295958
0.00244249
0.00186012
0.00116348
6.72208E-4
1.51769E-4
-5.05869E-4
-0.00117535
-0.00160407
-0.00181093
-0.00164524
-0.00137865
-0.00119434
-8.35437E-4
-3.72087E-4
2.22407E-4
6.33331E-4
9.09159E-4
9.29766E-4
7.18111E-4
5.21834E-4
3.57617E-4
2.13216E-4
1.36945E-4
3.99751E-5
-5.71263E-5
-9.61401E-5
-1.93823E-4
-3.30456E-4
-5.35255E-4
-7.7855E-4
-9.48854E-4
-9.6823E-4
-8.83205E-4
-7.75697E-4
-6.687E-4
-5.68839E-4
-4.75346E-4
-3.91285E-4
-3.42323E-4
-2.84016E-4
-2.03232E-4
-1.4501E-4
-5.91429E-5
2.96933E-5
9.55108E-5
1.26514E-4
1.4944E-4
1.54074E-4
1.52611E-4
1.59769E-4
1.60558E-4
