-7.60925E-5
-1.44605E-5
-1.44E-5
-1.97943E-4
-7.39474E-5
4.15977E-4
2.29501E-4
-1.38877E-4
-7.66421E-5
4.61538E-5
4.58896E-5
-7.69227E-5
-3.21041E-4
1.0957E-4
-1.41339E-5
-5.64391E-4
-1.93552E-4
-1.31364E-4
1.14547E-4
5.42156E-4
7.22356E-4
3.50397E-4
-2.6345E-4
-3.84185E-4
-7.49057E-4
-4.37912E-4
2.37706E-4
5.42376E-4
0.0012123
9.59332E-4
-5.1548E-4
-0.00142949
-3.79562E-4
6.00956E-4
-2.59733E-4
1.71431E-4
0.00133257
0.00114048
7.05022E-4
-2.17358E-4
-1.53914E-4
0.00100965
8.18839E-4
-5.324E-4
-7.12209E-4
-0.00119813
-0.00100581
7.74299E-4
-4.55381E-4
8.96565E-4
0.00370415
0.00190568
0.00109941
-8.06178E-4
-0.00349292
-0.00365447
-0.0021013
-6.21343E-4
-0.00104465
0.0045944
0.00498806
-9.76117E-4
0.00111289
1.23349E-4
-0.00152709
-1.72511E-4
-0.00274321
-0.00223281
0.00432888
0.00178591
-0.0051965
0.00212248
0.00522381
0.00348114
0.00590673
0.00335971
0.00266786
0.00166974
-0.00378888
-0.00847571
-0.00468712
-4.4002E-4
-0.00208994
-2.39785E-4
3.7177E-4
5.53927E-4
-4.30861E-4
-0.00244571
0.00130404
0.00404784
0.00420611
0.00166885
-0.00427762
-0.00534955
-0.00470814
-0.0104326
-0.00675067
8.74091E-4
-0.00102854
0.00546988
0.00714163
-6.10486E-4
0.00111049
0.00110045
5.56921E-5
0.00140109
0.00108656
0.0026114
0.00712493
0.00493138
-0.00837678
1.94922E-4
0.00990933
-0.0057589
-0.00314047
0.00274411
-0.00234945
0.00629943
0.0112097
0.0042244
0.0032856
0.00417816
-0.00698933
-0.0124482
-0.0124356
-0.00525008
0.0188304
0.0115337
-0.00694527
-0.00273911
-0.0065827
-0.00500681
-0.00418678
-0.00225539
0.013485
0.0102073
-0.00545965
-0.0146627
-0.00985316
0.00434326
0.0149631
0.0194563
0.0145016
0.0148436
0.00433634
-0.0183911
-0.0183894
-0.00757123
-0.00918602
-0.0191653
-0.0173894
-0.0150253
-0.0225836
-0.0253186
-0.0203823
0.0112141
0.0463213
0.0400241
0.0211827
0.0161626
0.0102454
-0.00389455
-0.00918578
0.00317476
0.0125126
0.0169035
0.0112176
-0.0212314
-0.0325852
-0.0184374
-0.0175309
0.00505084
0.0253806
0.0156149
0.0180351
0.00511616
-0.0222011
-0.0210145
-0.014709
-0.00580217
0.00506123
0.0111519
0.0199548
0.00917096
-0.0182416
-0.0345202
-0.0210147
0.00671012
0.0149809
0.0106058
0.0102391
0.0120092
-0.00306712
-0.0166831
-0.00274184
0.0158778
0.0318714
0.021928
-0.00616989
-0.0192848
-0.028285
-0.0285374
-0.0303249
-0.0173921
0.022126
0.0378873
0.041086
0.035438
0.0153359
0.0121251
-0.00669206
-0.0320384
-0.0274255
-0.00761164
0.00582387
-0.0141761
-0.0275958
-0.00924606
0.00120432
-0.0022334
-0.00711216
-5.14136E-4
0.00762453
0.0109454
0.0121582
-6.46943E-4
0.00432975
0.0210653
0.0253418
0.0300782
0.00937759
-0.0178436
-0.0239695
-0.0124327
0.00685336
0.0083945
0.012573
0.0233853
0.0196214
-0.00382536
-0.0340298
-0.0336187
-0.00287443
0.00507566
-0.0196841
-0.0282999
-0.0190716
-0.0222664
-0.022611
-0.00857749
0.00720507
0.0231301
0.0112838
-0.00982448
-0.00192011
0.00977758
0.012589
0.00474112
0.0181928
0.0388161
0.0348411
0.0297908
0.00548641
-0.00731956
1.83595E-4
-0.0161672
-0.0143951
0.0206389
0.0332178
0.00681048
-0.0181924
-0.0281764
-0.0244469
-0.00532761
-9.61481E-4
0.00597202
0.0283266
0.00750084
-0.033904
-0.0337995
-0.00868283
0.0193349
0.0332194
0.0287886
0.0165503
-0.0145894
-0.0452109
-0.0402682
-0.0117437
0.0263923
0.0395488
0.0214979
0.0179437
-0.00617627
-0.0353131
-0.0224797
-0.00680377
0.0123348
0.0220979
0.0118625
0.00597807
0.00557779
0.0142313
-0.00356485
-0.0401941
-0.0407261
-0.0200384
-0.00419293
0.00329418
0.00149415
-0.016273
-0.0517324
-0.0672447
-0.0414242
-0.0122276
0.0234163
0.0627359
0.0563966
0.0351336
0.0296585
0.0102512
-0.0138544
-0.0112463
0.0108559
0.0250382
0.0172263
7.80573E-4
-0.0167897
-0.0255508
-0.0117433
-0.0111367
-0.0244039
-0.0109002
0.00439252
-0.00825018
-0.0205522
-0.0139927
0.00163933
0.0129459
0.00771979
2.14714E-4
0.0122175
0.0212507
0.00287394
-0.0175733
-0.00679945
0.0231043
0.0223888
-0.0169836
-0.0447058
-0.027276
0.0156087
0.0448155
0.0499191
0.039084
0.0311436
0.0459542
0.0555127
0.0442735
0.0324359
0.029488
0.0490803
0.0647319
0.0368317
-0.00874277
-0.0335326
-0.0460021
-0.0508644
-0.0568733
-0.0758055
-0.0537781
-0.0156509
-0.024817
-0.0392251
-0.0509264
-0.0659722
-0.0650123
-0.0608234
-0.0615526
-0.054678
-0.026792
0.0102785
0.0417949
0.061306
0.0715229
0.0791049
0.0680853
0.0373765
0.0218637
0.0277321
0.0412749
0.0649515
0.0792929
0.091359
0.113742
0.10727
0.0854988
0.0730321
0.0475988
0.0149794
-0.0405277
-0.105639
-0.107665
-0.0797973
-0.085333
-0.0939316
-0.0924491
-0.0928057
-0.0747303
-0.0558073
-0.0636765
-0.0593531
-0.0222006
0.0192417
0.0539458
0.0834185
0.0989965
0.0982665
0.0976068
0.0861597
0.0336543
-0.018739
-0.018793
-0.007742
-0.0167023
-0.0269513
-0.0539774
-0.089326
-0.104382
-0.101902
-0.0664426
-0.0125547
0.0206191
0.041239
0.0568362
0.0709944
0.0756904
0.0613331
0.0661136
0.0844248
0.0707906
0.043675
0.03331
0.021891
8.81052E-4
-0.00261072
0.00252994
-0.0106002
-0.024615
-0.0310865
-0.0525804
-0.0771671
-0.0757137
-0.0666943
-0.057782
-0.0342324
0.00386141
0.0540803
0.0935145
0.111413
0.110901
0.0797244
0.0248811
-0.0275992
-0.0684399
-0.104138
-0.127858
-0.120642
-0.0871055
-0.0611306
-0.0547072
-0.0516794
-0.0437118
-0.0354908
-0.0368075
-0.0421462
-0.0361264
-0.0251949
-0.0292692
-0.046281
-0.0468978
-0.0380436
-0.0510318
-0.0586529
-0.0356925
-0.00707357
0.00429136
-0.00797439
-0.0382107
-0.056799
-0.0419862
-0.0294273
-0.0289854
-0.0115896
0.00574829
0.0128232
0.00216097
-0.024519
-0.0420342
-0.0528364
-0.055001
-0.0479129
-0.0313789
-0.00613745
0.0121502
0.0197434
0.030971
0.0565713
0.0821887
0.100921
0.120947
0.144092
0.1606
0.167158
0.168955
0.140794
0.0816117
0.0337558
-0.00702929
-0.0426565
-0.0457511
-0.0441987
-0.0573968
-0.0630988
-0.0560393
-0.0422913
-0.0202407
0.00644441
0.0292939
0.0490668
0.0638843
0.08676
0.117007
0.108063
0.0594769
0.0157891
-0.0164993
-0.041064
-0.0581959
-0.062612
-0.0583187
-0.0576613
-0.0538828
-0.0435738
-0.0087786
0.0326331
0.0346778
0.0148214
0.00323287
0.0124661
0.0377238
0.0422501
0.0310995
0.0326281
0.0412991
0.0388904
0.014101
-0.011566
-0.0346364
-0.0593948
-0.0683311
-0.0727562
-0.0856595
-0.0949202
-0.0715561
-0.0309775
-0.0128654
-0.00231713
-8.40629E-4
-0.0180927
-0.0284947
-0.0212098
-0.00381511
0.0127339
0.0225131
0.0379927
0.0544655
0.0510714
0.0524244
0.0603045
0.0702892
0.0989942
0.108897
0.0945181
0.0755749
0.0478711
0.0146445
-0.0257849
-0.0593471
-0.0717118
-0.0596411
-0.0234749
0.0189488
0.0570745
0.089642
0.11491
0.128881
0.127222
0.116211
0.0998183
0.0838981
0.0825799
0.0815575
0.0507285
8.25703E-4
-0.0411178
-0.079449
-0.133953
-0.19484
-0.235029
-0.253493
-0.263708
-0.274467
-0.260165
-0.195216
-0.110608
-0.0491125
-0.0295414
-0.0281835
-0.0192417
-0.00742049
0.0046348
0.0169252
0.0442041
0.0798662
0.081696
0.0442965
-0.00351009
-0.0364509
-0.0483891
-0.0530361
-0.0416728
-0.0163147
-0.00103038
0.00559681
4.89699E-4
-0.0227004
-0.0549198
-0.0744484
-0.0770321
-0.0646621
-0.031808
-0.00155311
0.0168941
0.030213
0.050988
0.0915854
0.142943
0.186936
0.205811
0.212645
0.220169
0.228743
0.228137
0.219149
0.175606
0.0726761
-0.0130057
-0.0639752
-0.102942
-0.117313
-0.123406
-0.132028
-0.128528
-0.101184
-0.066791
-0.0330356
-0.00952842
-0.00139944
-0.0059889
-0.0183745
-0.0192365
-0.0259859
-0.059251
-0.0911303
-0.101334
-0.0995467
-0.0923245
-0.08876
-0.0918839
-0.0967597
-0.0994001
-0.106803
-0.119901
-0.100708
-0.0462736
0.010206
0.0657351
0.121594
0.165111
0.189266
0.196626
0.1887
0.163008
0.119422
0.0837032
0.0750662
0.0798705
0.0730057
0.0499105
0.0341867
0.0269336
0.0118854
-0.0111438
-0.0236813
-0.0278309
-0.0398483
-0.0436433
-0.043695
-0.0701953
-0.124609
-0.153503
-0.126847
-0.0933989
-0.0586071
-0.0125935
0.00809659
0.0137505
0.0371814
0.0504681
0.0238371
-0.00799506
-0.0249486
-0.0280243
-0.0123605
-0.00770258
-0.0250343
-0.0356347
-0.0217528
0.00274449
0.0260506
0.0426013
0.0523856
0.0619226
0.0585464
0.0586304
0.0624308
0.043194
0.0230513
0.0134852
-0.0141473
-0.0432391
-0.0372074
-0.0249309
-0.0258818
-0.0273731
-0.027815
-0.026233
-0.0216621
-0.0177942
-0.0121076
0.00897065
0.0396418
0.0604486
0.0682215
0.0781516
0.0692738
0.0228801
-0.0306812
-0.0722234
-0.0915375
-0.0899312
-0.076034
-0.0502247
-0.0134351
0.0273479
0.0574718
0.0687462
0.0712097
0.0800841
0.083632
0.0833072
0.0720132
0.0258443
-0.0232664
-0.062109
-0.0904244
-0.0982523
-0.0909101
-0.0541148
-0.0326934
-0.0456487
-0.0336598
-0.0132624
-0.00889555
-0.00553005
-0.00812767
-0.0276636
-0.0511022
-0.0423179
-0.00428525
0.0407903
0.0778744
0.109906
0.147798
0.179452
0.197446
0.199475
0.174062
0.106759
0.0304647
-0.0304362
-0.0681265
-0.067713
-0.0709346
-0.0858107
-0.0866951
-0.0696452
-0.0541196
-0.046937
-0.0148171
0.0331859
0.0656453
0.0635095
0.0375927
0.00259153
-0.0417399
-0.0855532
-0.116786
-0.110796
-0.0794572
-0.0391316
-0.0102664
-0.00347293
0.00713592
-0.013739
-0.066957
-0.100372
-0.103048
-0.0909118
-0.105058
-0.146577
-0.178585
-0.177953
-0.143059
-0.0964492
-0.0414913
0.00650734
0.0279652
0.054082
0.080081
0.0765422
0.0542463
0.0285398
0.00464388
-0.00514488
0.00317057
0.0057974
0.0118477
0.0269097
0.0390061
0.0632723
0.0850494
0.0925614
0.101869
0.119563
0.13432
0.118438
0.0785542
0.0485926
0.0332494
0.019401
0.00478232
-0.00944539
-0.0341154
-0.0599102
-0.0771644
-0.080103
-0.04385
0.0157251
0.0665442
0.102429
0.129775
0.161856
0.197157
0.220178
0.225983
0.224535
0.228603
0.235267
0.233806
0.228867
0.227381
0.227795
0.233592
0.245527
0.259037
0.263756
0.224735
0.153349
0.079031
-0.00977607
-0.118793
-0.255227
-0.34904
-0.367642
-0.373474
-0.367634
-0.370897
-0.38721
-0.387685
-0.359865
-0.284722
-0.201369
-0.142938
-0.0974569
-0.0490013
0.00742169
0.0661896
0.112777
0.129948
0.13056
0.120759
0.0955932
0.0494002
-0.0114946
-0.0590949
-0.0855993
-0.0959733
-0.104943
-0.111401
-0.105334
-0.0939206
-0.0789627
-0.0611592
-0.0461581
-0.0346107
-0.0220927
-0.015897
-0.0167126
-0.0254209
-0.0422703
-0.0525856
-0.0538421
-0.0473199
-0.0410237
-0.0313316
-0.0142369
-0.0069228
-0.0112136
-0.0129629
-0.0126891
-0.0221459
-0.017146
0.00978137
0.029865
0.0387506
0.0358313
0.0293875
0.0300218
0.038852
0.049579
0.0480577
0.0368807
0.0267562
0.0325492
0.0506579
0.0625322
0.0743398
0.0900486
0.0976985
0.0949626
0.0934086
0.0932654
0.0891437
0.0815569
0.0699766
0.0587125
0.0497185
0.0396742
0.0230784
-0.00149363
-0.0292186
-0.0609996
-0.0973572
-0.133062
-0.165057
-0.1881
-0.193371
-0.175225
-0.133325
-0.085508
-0.0513861
-0.0248078
-0.00218788
0.011911
0.0206623
0.0259959
0.0330122
0.0418201
0.0513071
0.0479941
0.0173484
-0.0164012
-0.0445661
-0.078067
-0.105418
-0.114055
-0.105077
-0.0848328
-0.0589004
-0.0361876
-0.0162404
0.00627967
0.0308651
0.0577488
0.0852009
0.111872
0.133052
0.14688
0.150275
0.138594
0.125152
0.102599
0.0622565
0.0288404
0.00681997
-0.017336
-0.0440333
-0.0608301
-0.0614926
-0.0613648
-0.0715169
-0.083804
-0.0911163
-0.0831378
-0.0555058
-0.0296425
-0.0129899
0.00485113
0.0245999
0.0360214
0.0331775
0.0296242
0.0328232
0.0416319
0.0520963
0.0609058
0.0683738
0.0719409
0.0802024
0.0944666
0.102578
0.102502
0.100529
0.0912173
0.0731525
0.0531151
0.0251181
-0.00514993
-0.0281956
-0.0464506
-0.0595147
-0.0709089
-0.0750043
-0.0627953
-0.043506
-0.0238434
-0.00221909
0.0166377
0.0244236
0.0280075
0.0334018
0.0293335
0.017217
0.00811535
0.00573948
0.0105385
0.0216702
0.0293009
0.0314432
0.039449
0.0426828
0.0324375
0.0266685
0.0244133
0.010909
-0.00679055
-0.0202808
-0.0279966
-0.0307103
-0.0328566
-0.0291715
-0.0192092
-0.0151266
-0.019694
-0.0215348
-0.0195747
-0.0228291
-0.0238538
-0.0171628
-0.00726921
0.006909
0.0198955
0.028213
0.0299287
0.0224557
0.0138078
0.00416854
-0.0112262
-0.0286045
-0.0428158
-0.0555343
-0.0655393
-0.0664245
-0.0613687
-0.0469755
-0.0235553
-0.00450647
0.00414648
0.00975381
0.0200394
0.0285437
0.0330821
0.0410226
0.0572997
0.0805104
0.0978193
0.104804
0.10936
0.105863
0.0869038
0.0621895
0.0389093
0.0160759
-0.00539383
-0.0222647
-0.0387922
-0.0582762
-0.0724345
-0.0759791
-0.0704443
-0.0549656
-0.0299747
-0.00422202
0.0169062
0.0314169
0.0350667
0.0292109
0.0191076
0.00539379
-0.0074371
-0.0155408
-0.0267192
-0.0381916
-0.0455559
-0.0509156
-0.0507936
-0.0455325
-0.0373657
-0.0272897
-0.0147652
-0.00391184
5.12091E-4
0.00491252
0.00916064
0.00903727
0.00303768
-0.0117985
-0.0265366
-0.0268596
-0.0140293
-0.00526249
-0.00499089
-0.00747396
-0.0130008
-0.0150626
-0.0124027
-0.0141694
-0.0240632
-0.0345642
-0.0390637
-0.0390699
-0.042018
-0.0514917
-0.0517185
-0.0390971
-0.0246573
-0.0077944
0.0106169
0.0273841
0.0364573
0.0380125
0.037721
0.0295337
0.0190158
0.0133948
0.00627466
-0.00398355
-0.0145446
-0.0212455
-0.0265013
-0.0358871
-0.0467417
-0.0514065
-0.0488842
-0.0438069
-0.0337399
-0.022637
-0.0158837
-0.00727119
0.00453192
0.0199359
0.0376298
0.052093
0.0650621
0.0786242
0.092469
0.102737
0.106332
0.106661
0.100189
0.081821
0.0592859
0.0421517
0.0265234
0.00670636
-0.0117016
-0.0236929
-0.0276546
-0.0229633
-0.0134079
-0.0085054
-0.0132389
-0.0182435
-0.0188129
-0.0201145
-0.0190782
-0.0116238
-0.00648388
-0.00626846
-0.0070945
-0.0117112
-0.0184994
-0.0191226
-0.0139935
-0.013489
-0.0169001
-0.0178408
-0.0154705
-0.00962729
-0.00553569
-0.00354755
-0.00200082
-0.00346274
-0.00791423
-0.0144793
-0.0208201
-0.0273669
-0.0302594
-0.0267709
-0.0242249
-0.0237718
-0.0185453
-0.011642
-0.0109004
-0.00887241
-0.00257592
0.00160062
0.00752975
0.0175219
0.0287367
0.0392705
0.0496788
0.0576335
0.0590516
0.0547076
0.0429217
0.0271721
0.0136604
0.00194387
-0.00792686
-0.0170653
-0.0274336
-0.038288
-0.0479127
-0.0563151
-0.0622168
-0.0652059
-0.0678092
-0.067394
-0.0614127
-0.0546727
-0.0463172
-0.0328721
-0.0208594
-0.0160787
-0.0084429
0.00844611
0.0242475
0.0340783
0.040422
0.0412785
0.0375413
0.0310102
0.0185197
0.00206889
-0.0114024
-0.0175699
-0.0192958
-0.0176435
-0.0109228
-0.00522489
3.19133E-4
0.00864382
0.0177741
0.0277665
0.0381867
0.0460925
0.0481359
0.0490068
0.051645
0.0520617
0.0507628
0.048981
0.0457393
0.0398239
0.0309445
0.0162418
-0.00436678
-0.0236227
-0.0400086
-0.0536612
-0.0627626
-0.0676456
-0.0661937
-0.0608357
-0.0548354
-0.0451361
-0.0311507
-0.0157831
-0.00363162
0.0039182
0.00940361
0.011855
0.00859989
0.00328705
0.00174115
0.00344618
0.00513996
0.00614974
0.00439838
0.00155862
-2.86365E-4
-0.00634443
-0.0139534
-0.0196189
-0.0235352
-0.0242452
-0.021277
-0.0101249
0.00321763
0.0100523
0.0127469
0.0109556
0.00219847
-0.00992878
-0.0168377
-0.0156886
-0.00928421
0.00136462
0.0135379
0.0222071
0.0247042
0.0269451
0.0328429
0.0385186
0.0411594
0.0401122
0.0377869
0.0354138
0.0325031
0.0289983
0.0271676
0.0251613
0.0196787
0.0134347
0.00575849
-0.00284852
-0.00993458
-0.0165489
-0.0206737
-0.0219586
-0.0212771
-0.01956
-0.0178526
-0.0149314
-0.0130692
-0.0119513
-0.010718
-0.00887888
-0.00582813
-0.00610253
-0.00900406
-0.00900942
-0.00565037
-0.00335389
-0.00119099
0.00518181
0.0115731
0.0124168
0.010259
0.00774696
0.0059859
0.00815287
0.0125075
0.0161619
0.0182628
0.0162496
0.0115576
0.00640422
9.15619E-4
-0.00245802
-0.00317918
0.00185837
0.0104718
0.0145627
0.0140404
0.0119313
0.0111824
0.0121501
0.0107228
0.00526581
-3.39146E-4
-0.00272743
-0.00345025
-0.00453629
-0.00604361
-0.00760332
-0.0108674
-0.0131908
-0.013115
-0.0157342
-0.0217017
-0.0264059
-0.0273485
-0.027491
-0.0265899
-0.0218996
-0.0165051
-0.0110195
-0.00550795
-0.00590695
-0.00990981
-0.0106435
-0.0113148
-0.0155307
-0.0203312
-0.0246126
-0.02654
-0.0227636
-0.0166258
-0.0111982
-0.0049455
0.00298254
0.0114734
0.0175238
0.01858
0.0167553
0.0161665
0.0159464
0.0145042
0.0159496
0.024363
0.0362089
0.0437575
0.0474669
0.0488878
0.0464439
0.0420571
0.0386156
0.0380091
0.0362396
0.0292173
0.0196686
0.00919821
-6.56094E-4
-0.00843188
-0.0163441
-0.0208387
-0.017595
-0.0114981
-0.00702969
-0.00528202
-0.00807366
-0.0136617
-0.0200722
-0.0291986
-0.0405924
-0.048119
-0.0489902
-0.0478999
-0.0477941
-0.0460345
-0.0431238
-0.0421274
-0.0410123
-0.0394762
-0.0386209
-0.0340346
-0.0256224
-0.0175679
-0.00913216
0.00243519
0.0135002
0.0183769
0.0180233
0.0136934
0.00657645
4.21503E-4
-0.00606471
-0.0125706
-0.0158543
-0.019365
-0.0237703
-0.0263119
-0.0267567
-0.0238931
-0.0174971
-0.00783554
0.00250026
0.0124676
0.0205975
0.0242713
0.0251698
0.0257575
0.02634
0.0236739
0.02017
0.0199916
0.0195669
0.0177377
0.0161646
0.0153966
0.0162245
0.0184539
0.0203017
0.0233026
0.0284867
0.0325962
0.033069
0.0288873
0.0214884
0.0134009
0.0071995
0.00415657
0.00259941
1.05337E-5
-0.00323487
-0.00627705
-0.00960685
-0.0138956
-0.0171153
-0.0153577
-0.0125738
-0.013295
-0.0152952
-0.0169767
-0.0184032
-0.0199428
-0.0195743
-0.0165768
-0.0115773
-0.00403834
0.00179981
0.00460534
0.00782293
0.00936616
0.00698395
0.00394453
3.71478E-4
-0.00575038
-0.0121384
-0.0137122
-0.0111172
-0.00902839
-0.00529738
0.00146909
0.00427391
0.00118892
-0.00169121
-0.00345332
-0.00453043
-0.00235678
0.00133159
0.00377327
0.00522093
0.0048845
0.00369465
0.00355238
0.00347155
0.00259493
-7.2458E-4
-0.0031639
-9.37628E-4
0.00298693
0.00694856
0.0105186
0.0135159
0.0147803
0.0139568
0.0127713
0.0105517
0.00748967
0.00658949
0.00844755
0.00986413
0.0106615
0.0136572
0.0165716
0.0189183
0.0223519
0.0257024
0.0284199
0.0300799
0.0306277
0.0296412
0.0263957
0.0201703
0.0108006
9.38533E-4
-0.00782303
-0.0142048
-0.0184681
-0.0230728
-0.0256272
-0.0231476
-0.0199514
-0.0182419
-0.015563
-0.0138196
-0.0138602
-0.0120015
-0.00899341
-0.00851318
-0.00938063
-0.0101816
-0.0117735
-0.0136606
-0.0139439
-0.0109201
-0.00491662
0.00147725
0.00495423
0.00259538
-0.00501056
-0.0133633
-0.0198903
-0.0253372
-0.0293425
-0.0300782
-0.024994
-0.0146179
-0.00338887
0.0050167
0.00927099
0.00970502
0.00603606
-2.40699E-4
-0.00562078
-0.0079693
-0.00865207
-0.00755469
-0.00279175
0.004389
0.011831
0.0166558
0.017963
0.0165695
0.0128595
0.0099077
0.00819685
0.00716968
0.00602496
0.00286755
-0.00112682
-0.00589283
-0.0113634
-0.0149631
-0.0154813
-0.0145278
-0.0109473
-0.00573833
-0.00417338
-0.00573699
-0.00722896
-0.00797716
-0.00688391
-0.00298231
0.00205734
0.00780116
0.0133857
0.0144671
0.0115044
0.00770384
0.0036812
1.12497E-4
-2.51369E-4
6.69414E-4
-0.00178217
-0.0054404
-0.00797509
-0.0106168
-0.0115882
-0.00802435
-0.00258773
9.1848E-4
0.00391469
0.0060961
0.00606071
0.00351643
-5.4148E-4
-0.00426785
-0.00509337
1.45179E-4
0.00742864
0.0112399
0.0127646
0.0131174
0.0125493
0.00763727
-0.00140368
-0.00775541
-0.0102753
-0.0115571
-0.0143007
-0.0180662
-0.0205843
-0.0217399
-0.0200114
-0.016642
-0.0132315
-0.00947447
-0.00616899
-0.00392391
-0.00285521
-0.00283297
-0.00274895
-0.00180871
-0.00185476
-0.00312269
-0.00181189
-0.00118509
-0.00306974
-0.00371755
-0.0034448
-0.00427525
-0.00479369
-0.00598381
-0.00955242
-0.0111384
-0.00996228
-0.00879328
-0.00622325
-0.00434368
-0.00363684
-0.00256741
-0.00193249
2.90785E-4
0.00433585
0.00884507
0.0113056
0.00952824
0.0047024
-0.00205166
-0.0075386
-0.00882995
-0.0058301
-9.5278E-4
0.00413953
0.00779164
0.00787221
0.00709715
0.00693843
0.0066579
0.00637927
0.00653057
0.00619054
0.00487378
0.0041776
0.00403571
0.00334361
0.00259517
0.00356565
0.00703905
0.0115916
0.0139113
0.0124843
0.0101493
0.00709283
0.00277063
-4.84274E-4
-0.00261795
-0.00216704
0.00176874
0.00665827
0.00998701
0.0107864
0.00968388
0.00693568
0.00377697
0.00259634
0.00313587
0.00581476
0.0111081
0.0170412
0.0212843
0.0221351
0.0202274
0.0172299
0.0127195
0.00621745
7.35981E-4
-0.00171381
-0.00335456
-0.00547465
-0.0077655
-0.00973512
-0.00771317
-0.00276841
4.9265E-4
0.00159248
0.00182975
0.00280013
0.00266133
-1.68893E-4
-0.00322513
-0.0041813
-0.00250024
0.00131218
0.00620227
0.0107558
0.0133223
0.0129968
0.0103479
0.00606286
0.0019278
0.00149115
0.00503368
0.00953243
0.0136364
0.0175317
0.0209743
0.0234774
0.0250471
0.0263624
0.0269952
0.0252978
0.0218975
0.0178445
0.01302
0.00730677
0.0016286
-0.00462787
-0.0112121
-0.0142046
-0.0117938
-0.00689036
-0.00232323
0.00123677
0.00349016
0.00597564
0.0096083
0.0125442
0.0128302
0.0114631
0.0105331
0.00997519
0.00954326
0.0100931
0.0108835
0.0105668
0.00878316
0.00615401
0.00360216
0.00124927
-9.67022E-4
-0.00341479
-0.00572468
-0.00691868
-0.00773897
-0.00873706
-0.00752483
-0.00473006
-0.00244228
-0.0013315
-0.00187959
-0.00223924
-4.54714E-4
0.00168468
0.00228083
0.00122095
-0.00142342
-0.00496925
-0.00867675
-0.0119939
-0.0135153
-0.0134983
-0.0136651
-0.0140754
-0.0149114
-0.0153128
-0.0142428
-0.0122613
-0.00925113
-0.005954
-0.00390114
-0.00332941
-0.00441353
-0.00695937
-0.009366
-0.00973797
-0.00833304
-0.00467176
4.34758E-4
0.00471421
0.00835583
0.0108731
0.0119064
0.012199
0.0113876
0.00868353
0.00336398
-0.00388072
-0.0106517
-0.0156064
-0.0180822
-0.0168703
-0.0119944
-0.0062931
-0.00283022
-0.00165207
-0.00176591
-0.00304178
-0.00522766
-0.00850178
-0.010897
-0.00997326
-0.00832192
-0.00723146
-0.00792296
-0.0103842
-0.0139931
-0.0188646
-0.0232155
-0.0253359
-0.024934
-0.0222698
-0.0179698
-0.0136965
-0.0106118
-0.00834067
-0.00583816
-0.00335105
-6.33608E-4
0.00347517
0.00823116
0.0121622
0.0151512
0.0166522
0.0150226
0.0119353
0.00868269
0.00496042
0.0024858
0.00253521
0.00392971
0.00549903
0.00693612
0.00762962
0.00703365
0.00638094
0.00640479
0.00557105
0.00413093
0.00227054
-0.0011087
-0.00538476
-0.00994061
-0.0137944
-0.0148087
-0.0133083
-0.0102871
-0.00648908
-0.00326529
-4.88899E-4
0.00208658
0.00274832
0.0012037
3.69678E-5
2.84591E-4
0.00120358
0.00193267
0.00118831
-3.46412E-4
-0.00211676
-0.00430447
-0.00605
-0.0072956
-0.00908478
-0.0119031
-0.0144583
-0.0146714
-0.0129255
-0.0107008
-0.00708084
-0.00146397
0.00356656
0.00599571
0.00577891
0.00421782
0.00315667
0.00406057
0.00630434
0.0080441
0.00903917
0.0101507
0.0103973
0.00764306
0.00270336
-0.00238898
-0.00567465
-0.00624779
-0.00516549
-0.00243711
0.00162054
0.00626539
0.0111261
0.0144876
0.0163604
0.018467
0.0210495
0.0226976
0.0240299
0.0243733
0.0218373
0.0165018
0.00979199
0.00434797
0.00120095
-3.97178E-4
-1.49459E-4
0.00174871
0.00455292
0.00727811
0.00821104
0.00687447
0.00566959
0.00526682
0.00425412
0.00300311
0.00175942
4.01138E-4
-3.36619E-4
-3.96937E-4
-3.96047E-4
-8.84851E-4
-0.00155388
-0.00172903
-0.00141369
-0.00116174
-0.00103347
-9.06212E-4
-0.00126926
-0.00120102
-2.15494E-4
8.24845E-4
0.00179787
0.00270331
0.00201133
1.00736E-4
-6.95964E-4
-2.64295E-4
6.54084E-4
0.00187291
0.00369639
0.00581426
0.00730683
0.00793351
0.00806691
0.00856713
0.0101044
0.0116927
0.0123527
0.0110495
0.00706154
0.00187494
-0.00260645
-0.00553026
-0.00684551
-0.00754098
-0.00780375
-0.00824886
-0.009303
-0.0105951
-0.0117566
-0.0124212
-0.0128983
-0.0135557
-0.0136576
-0.0128408
-0.0113556
-0.00908367
-0.00615222
-0.00262662
0.00148974
0.00643771
0.0108646
0.0120199
0.00955804
0.0052758
1.01936E-4
-0.00461133
-0.00843952
-0.0117544
-0.0127833
-0.0100728
-0.00511543
5.57973E-5
0.00366469
0.00419148
0.00288037
0.0015775
4.66289E-4
7.70153E-4
0.00247872
0.00319679
0.0031158
0.00383124
0.00558258
0.00842478
0.0118608
0.0139897
0.0146372
0.0143624
0.0120075
0.00691312
1.36692E-4
-0.00702627
-0.013227
-0.0176149
-0.0197111
-0.0186728
-0.0145199
-0.00953693
-0.00574688
-0.00265275
-9.24298E-4
-9.19508E-4
-0.00121981
-5.38935E-4
7.55204E-5
-9.66243E-4
-0.00255147
-0.00357615
-0.0039212
-0.00359126
-0.00314075
-0.00122331
0.00184388
0.00268787
7.73604E-4
-0.00216873
-0.00527637
-0.00763019
-0.00850056
-0.00759086
-0.00558544
-0.00291893
5.26949E-4
0.0040125
0.00735488
0.0113499
0.0144013
0.0155372
0.0165444
0.0177895
0.0179246
0.0167125
0.0150793
0.0133948
0.0115977
0.00968902
0.00748557
0.00480576
0.00128522
-0.00288692
-0.00813568
-0.0142083
-0.0196315
-0.0234905
-0.0240816
-0.0211809
-0.0159727
-0.0100622
-0.00449358
4.90283E-4
0.0041581
0.00553915
0.00532115
0.00449288
0.00360824
0.00193313
6.97765E-4
0.00124448
0.00246027
0.00317872
0.00346467
0.00338126
0.00182905
-0.00173324
-0.00600691
-0.00884664
-0.0115476
-0.0138634
-0.0137168
-0.0122255
-0.0104983
-0.00859799
-0.00701514
-0.00501262
-0.00167615
5.98096E-4
0.00108494
0.00267131
0.00479767
0.00642166
0.00815805
0.00976145
0.0122735
0.0154424
0.0174894
0.0171977
0.014215
0.00916986
0.00329937
-0.00106578
-0.00393649
-0.00605492
-0.00650802
-0.00640819
-0.00557365
-0.00303085
-8.71892E-4
1.72977E-4
0.00145664
0.00273212
0.00387757
0.00458702
0.00333309
1.29203E-4
-0.00250303
-0.00309983
-0.00283696
-0.00251447
-0.00225529
-0.00279364
-0.00467507
-0.00764623
-0.0107821
-0.0125517
-0.0128421
-0.0124575
-0.0114631
-0.0103524
-0.00918685
-0.00686484
-0.00308836
0.001338
0.00561445
0.00778299
0.0068786
0.00396067
1.43153E-4
-0.00224223
-0.00204329
-0.00111204
-4.92821E-4
-0.00146912
-0.00396865
-0.00651362
-0.0085532
-0.00904956
-0.00721741
-0.00496943
-0.00457137
-0.00552123
-0.00634223
-0.00660752
-0.00656497
-0.00505295
-0.00104095
0.00435329
0.00971423
0.0141852
0.01765
0.0205424
0.0213351
0.019247
0.0166214
0.0140725
0.0112329
0.0082879
0.00523827
0.00208474
-6.20742E-4
-0.00184082
-0.00231984
-0.00255067
-0.00143355
-1.40548E-4
0.00126796
0.00401388
0.00606886
0.00780643
0.0102058
0.011182
0.0105001
0.00804709
0.00401845
5.04764E-4
-0.00200884
-0.00444632
-0.00735859
-0.00976223
-0.00921303
-0.0075063
-0.00678847
-0.00454382
-9.67372E-4
0.00307712
0.00697337
0.00815254
0.00816327
0.00847948
0.00812006
0.0065384
0.00337542
6.61371E-4
-1.39235E-4
4.72655E-4
0.00340663
0.00693277
0.00817257
0.00793689
0.00782545
0.0077751
0.00650061
0.00462252
0.00287812
0.0015119
0.00143922
0.00197835
0.00282047
0.00433036
0.00527946
0.0051213
0.00373966
4.69257E-4
-0.00339211
-0.00618937
-0.00823527
-0.00837057
-0.00740524
-0.00871043
-0.00982179
-0.00896847
-0.0075697
-0.00526104
-0.00259995
-0.00105687
2.33056E-4
0.00169775
2.14636E-4
-0.00382803
-0.00723321
-0.00988353
-0.0114153
-0.0110408
-0.0103631
-0.00962785
-0.00895872
-0.00927246
-0.0092775
-0.00909928
-0.00879905
-0.00746009
-0.00594612
-0.00486967
-0.00422808
-0.00401864
-0.00387123
-0.0028675
-0.00138107
-0.00100552
-8.76185E-4
-8.09525E-4
-0.00135457
-4.26896E-4
5.54765E-4
9.1965E-4
0.00268982
0.00383601
0.00418034
0.00415487
0.00321178
0.00270353
0.00342225
0.00480919
0.00575883
0.00645832
0.00727536
0.00655665
0.00437418
0.00214418
1.11149E-4
-0.0010518
8.52896E-4
0.00470268
0.00803894
0.0105589
0.0106758
0.00852859
0.00614986
0.00298942
-6.40656E-4
-0.00326913
-0.00520891
-0.00701436
-0.0083802
-0.00881916
-0.00699036
-0.00309277
7.1915E-4
0.00395739
0.00680835
0.00811141
0.00799948
0.00745987
0.00618868
0.0041912
0.0024508
7.20703E-4
-5.6996E-4
-0.00111883
-0.00227695
-0.00428435
-0.00578909
-0.00606089
-0.00614777
-0.00586637
-0.0050974
-0.00476168
-0.00467239
-0.0047674
-0.00535119
-0.00550237
-0.00497978
-0.00464406
-0.00437135
-0.00434521
-0.00438002
-0.00447622
-0.00585729
-0.00790208
-0.00895484
-0.00987956
-0.0112873
-0.0112783
-0.0105968
-0.00900013
-0.00527161
-0.00187286
0.00113894
0.00400918
0.00508695
0.00560836
0.00612594
0.0057836
0.00525977
0.00388182
0.00226834
0.00109238
-0.00130078
-0.00318804
-0.00273859
-0.00143563
7.77672E-4
0.0032214
0.00473223
0.00623461
0.00858421
0.00987785
0.00951175
0.0087809
0.00793192
0.00727183
0.00722771
0.00767314
0.00829898
0.00812481
0.00685022
0.0049715
0.00267564
-4.01992E-4
-0.00370511
-0.00643721
-0.0079279
-0.00720654
-0.00630711
-0.00602456
-0.00562119
-0.00558763
-0.00573732
-0.00515126
-0.00346707
-8.1409E-4
0.00212814
0.00346034
0.00325557
0.00329685
0.00248054
0.00203784
0.00392329
0.00653032
0.00808066
0.00827498
0.00644798
0.00255192
-0.00125818
-0.00406622
-0.00636734
-0.00681771
-0.00555254
-0.0041118
-0.00267966
-0.00144002
-9.42467E-4
-0.00148838
-0.00331615
-0.00574391
-0.00711599
-0.00805214
-0.00941044
-0.00984198
-0.010578
-0.0120425
-0.0109876
-0.00834947
-0.00627805
-0.00366769
-5.22941E-4
0.00162283
0.00234835
0.00264146
0.00299412
0.00420185
0.00619699
0.00713893
0.00746377
0.00735751
0.00584424
0.00366735
0.00138119
-0.00125841
-0.00431003
-0.00654674
-0.00766862
-0.00841631
-0.0074448
-0.00439919
-0.00118887
0.00273672
0.00565727
0.0058071
0.00724285
0.00854441
0.0057991
0.00350183
0.00286865
-8.66354E-5
-0.00155205
4.77977E-4
4.12385E-4
-0.00185349
-0.00196294
-0.00231861
-0.0038335
-0.00454363
-0.00543308
-0.00503086
-0.00340803
-0.00173368
3.58647E-4
0.0012134
0.0011461
0.00120104
-8.26019E-4
-0.00418557
-0.00679012
-0.00925651
-0.0106053
-0.0102326
-0.0089442
-0.00741917
-0.00620926
-0.00506762
-0.00368791
-0.00243935
-0.00144271
-2.37127E-5
0.0016316
0.00431748
0.00698559
0.00688254
0.00439454
0.00192238
7.72684E-5
-4.70963E-4
8.81196E-4
0.00314229
0.00545079
0.0072547
0.00653795
0.00490916
0.00396302
0.00296154
0.00337434
0.00464017
0.00498007
0.00544108
0.00663321
0.00757278
0.0078332
0.00674509
0.00407277
0.00172377
1.45542E-8
-0.00299868
-0.0056104
-0.00618669
-0.0054134
-0.0039107
-0.00247862
-0.00160604
-4.93116E-4
0.00171426
0.00323407
0.0039498
0.00521212
0.00646614
0.00752916
0.00883026
0.00963334
0.00981954
0.00939236
0.008662
0.00775202
0.00641941
0.00570691
0.00475319
0.00368357
0.00341583
0.00345556
0.00447465
0.00677229
0.00899375
0.0101612
0.0107095
0.00972367
0.00733706
0.00582237
0.00511165
0.00409896
0.00315397
0.00270411
0.00207299
0.00107867
2.91755E-5
-0.0012588
-0.00253865
-0.00350478
-0.00464884
-0.00578534
-0.00605809
-0.00669709
-0.00739203
-0.00600171
-0.00456022
-0.00435076
-0.00371363
-0.00295829
-0.00214611
-0.00121656
-2.31372E-4
6.86404E-4
0.00153772
0.00268949
0.00224196
3.29647E-4
-0.00102012
-0.00285177
-0.00430399
-0.00470751
-0.00486353
-0.00379421
-0.00236511
-0.00149518
-3.85516E-4
5.94616E-4
0.00114051
0.00162203
0.00185545
0.0014144
0.00134378
0.0014563
3.77107E-5
-0.00235055
-0.00429551
-0.00580041
-0.00723504
-0.00859933
-0.00879186
-0.00757566
-0.00508162
-0.00186884
9.56777E-4
0.00241841
0.00240279
0.00171426
6.0175E-4
4.72949E-5
4.64082E-5
-5.66672E-4
-8.69159E-4
-3.74787E-4
-4.95895E-4
-0.00141164
-0.00250494
-0.00334693
-0.00467365
-0.00642028
-0.00772723
-0.00755706
-0.00653187
-0.00588017
-0.00553826
-0.00568794
-0.00589742
-0.00598346
-0.00680348
-0.00786252
-0.00824175
-0.00855783
-0.00887131
-0.00808078
-0.00668366
-0.00511094
-0.00269097
-4.69931E-4
0.00124846
0.00295609
0.00336765
0.00334936
0.00388155
0.00398184
0.0042044
0.00509857
0.00586433
0.00625848
0.00695626
0.00771049
0.00772534
0.00706709
0.00586165
0.00374576
0.002623
0.00242365
6.33771E-4
-0.00169474
-0.0027236
-0.00276742
-0.00226019
-0.00151151
-8.2843E-4
2.1781E-4
0.00119609
0.00174003
0.00172976
0.00165899
0.00220026
0.00206461
0.0021142
0.00216242
0.00159929
0.00269222
0.0032258
0.00204352
0.0019099
0.00312264
0.00402135
0.00442529
0.00476543
0.00449108
0.00397437
0.00499116
0.00655115
0.00681626
0.00677439
0.00673223
0.00620083
0.00591749
0.00563565
0.00590662
0.00629738
0.00527765
0.00267316
-2.81804E-4
-0.00211705
-0.00369709
-0.00526677
-0.00529653
-0.00483759
-0.0052993
-0.00606374
-0.00651705
-0.00580453
-0.00515876
-0.00616892
-0.00643694
-0.0056641
-0.00581389
-0.00553347
-0.0044593
-0.00228961
4.77825E-4
0.00175928
0.0026668
0.00356799
0.00330094
0.00315865
0.00356765
0.00440275
0.00572175
0.0059917
0.00570994
0.00542938
0.00417105
0.00273759
0.00259835
0.00380604
0.00592387
0.00735449
0.00730807
0.00744609
0.00770484
0.00661498
0.00430842
0.00256724
0.00114179
-5.19288E-4
-8.23386E-4
-6.98484E-4
-0.00155332
-0.00234129
-0.00330854
-0.00518791
-0.00760606
-0.00964192
-0.0111144
-0.0111083
-0.00981788
-0.00884129
-0.00664519
-0.00225986
0.00179147
0.00379839
0.00414123
0.0036253
0.00207191
-8.34085E-5
-0.00149073
-0.00203307
-0.00214362
-0.00151911
-8.98981E-4
-0.00107833
-0.00223575
-0.00418142
-0.00605332
-0.00601566
-0.00377587
-0.00197926
-8.65789E-4
6.07756E-4
5.41474E-4
-6.85951E-4
-0.00129381
-0.00232708
-0.00396539
-0.00510394
-0.00641964
-0.00797148
-0.00877912
-0.00884746
-0.00830336
-0.00776283
-0.00765369
-0.00736113
-0.00639696
-0.00507171
-0.00393808
-0.00299493
-0.00248586
-0.00191823
-0.00123198
-9.78177E-4
-1.74549E-4
7.45563E-4
3.75055E-4
4.97442E-4
0.00116893
0.00116321
0.00121896
0.00102922
5.96196E-4
4.10511E-4
-2.02842E-4
-0.00148543
-0.00288238
-0.00427078
-0.00522182
-0.00500419
-0.00423751
-0.00316908
-0.00118916
7.78105E-4
0.00236646
0.00339379
0.00294612
0.00237971
0.00218335
0.00149863
0.00124698
0.00154725
0.00178424
0.00165257
0.00139945
0.00102526
3.47517E-4
-8.10953E-5
-3.85121E-4
-0.00136061
-0.00245201
-0.00304709
-0.00296513
-0.00190447
-2.38617E-4
0.00141702
0.00336874
0.00487929
0.00478944
0.0036601
0.00247698
0.00215787
0.00239131
0.00354154
0.00523481
0.00624421
0.00651308
0.0058621
0.00490972
0.00469742
0.00454719
0.00482666
0.00534832
0.00445878
0.00277976
0.00117214
-5.81626E-5
-3.01828E-4
-1.15933E-4
3.74874E-4
8.0113E-4
7.35157E-4
-3.73385E-6
-0.0012273
-0.00183094
-0.00188068
-0.0026036
-0.00350496
-0.00348259
-0.00266502
-0.00166904
-6.79041E-4
1.21087E-4
3.04414E-4
6.09535E-4
0.00146348
0.00261808
0.00376539
0.00459966
0.005184
0.0053974
0.00511983
0.00429302
0.00310428
0.00222892
0.0017872
0.00202152
0.00304976
0.00400988
0.00398476
0.00340951
0.00351136
0.00416266
0.00432025
0.0045996
0.00487678
0.0050913
0.0054878
0.00575953
0.0063968
0.00684597
0.0066192
0.00578158
0.00396983
0.0021084
4.41569E-4
-0.00109242
-0.00169889
-0.00156762
-0.00143745
-0.00149148
-0.00154526
-0.00202724
-0.00281198
-0.00340817
-0.00381716
-0.00354983
-0.00181543
3.36158E-4
0.00192364
0.00288962
0.00329871
0.00272611
0.00179015
6.7609E-4
-8.59664E-4
-0.00293685
-0.00524588
-0.0071732
-0.00792574
-0.00775588
-0.00660754
-0.00479345
-0.0032353
-0.00236009
-0.0027753
-0.00343183
-0.0030437
-0.00161767
4.72608E-4
0.00242734
0.00363566
0.00404106
0.00377078
0.00258389
4.86538E-4
-0.00147516
-0.00269043
-0.0030415
-0.00277872
-0.00251763
-0.00195178
-0.00108364
-2.81889E-4
9.43569E-4
0.00228356
0.00337059
0.00396104
0.00356873
0.00299572
0.00279323
0.002408
0.00159678
8.52014E-4
7.85088E-4
0.00102403
9.55624E-4
0.0011938
0.00118511
4.42268E-4
-6.01957E-4
-0.00200704
-0.0034644
-0.00430066
-0.00458118
-0.00437021
-0.00367101
-0.00260868
-8.18405E-4
8.99231E-4
0.00230076
0.00381604
0.00507715
0.00620822
0.00708723
0.00741
0.00705734
0.00603387
0.00544535
0.00516582
0.00482695
0.00491843
0.00507026
0.00558865
0.00653173
0.00685663
0.00650639
0.00560741
0.00440804
0.00327716
0.00233672
0.00176923
0.00151103
0.00143794
0.00130379
5.58351E-4
-3.04468E-4
-7.94983E-4
-0.0015276
-0.00256155
-0.00365032
-0.0045486
-0.00495173
-0.00480147
-0.00397894
-0.00297807
-0.00222807
-0.00148233
-5.57773E-4
-6.1861E-4
-0.00171893
-0.00324088
-0.00475294
-0.00509275
-0.00481895
-0.00454686
-0.00445997
-0.00437332
-0.00391985
-0.00346948
-0.00345006
-0.00349181
-0.00377814
-0.00418492
-0.00452786
-0.00437882
-0.00368002
-0.00304696
-0.002846
-0.00270727
-0.00275306
-0.00292078
-0.00308743
-0.00306927
-0.00305154
-0.00370716
-0.00466437
-0.00561567
-0.00613217
-0.00560527
-0.00514323
-0.00462214
-0.00355359
-0.0025528
-0.00131301
-1.98781E-5
0.00126573
0.00278795
0.00325991
0.00268907
0.00163205
-3.05052E-5
-0.00186624
-0.00332339
-0.00428213
-0.00511278
-0.00581567
-0.00602459
-0.00598745
-0.00570562
-0.00536433
-0.00490247
-0.00413727
-0.00282574
-0.00115532
-1.07487E-4
1.38846E-4
6.28754E-4
8.70324E-4
5.59948E-4
3.12765E-4
-1.78061E-4
-0.00140024
-0.00261445
-0.00357663
-0.00416533
-0.00389371
-0.0032567
-0.00250123
-0.00205654
-0.00216527
-0.00257907
-0.00299023
-0.00315388
-0.00301062
-0.00268444
-0.00193188
-0.00124529
-8.07741E-4
-0.00135249
-0.0030562
-0.00456518
-0.0050245
-0.0049306
-0.00465339
-0.00364331
-0.00227246
-7.26169E-4
9.94114E-4
0.00239783
0.00367076
0.00469086
0.00521514
0.00561396
0.0058264
0.00548674
0.0052106
0.00493564
0.00417285
0.0039047
0.00388225
0.00361543
0.0035947
0.00265566
0.00153958
0.00110324
6.69309E-4
4.83177E-4
0.0010325
0.00170041
0.00199703
0.00210835
0.00203524
0.00165667
0.00146416
0.00121126
5.31539E-4
-1.43759E-4
-5.70274E-4
-0.00117793
-0.00190413
-0.0027484
-0.00370971
-0.00435895
-0.00463698
-0.00454607
-0.00414975
-0.00369464
-0.00318101
-0.00273168
-0.00197869
-7.40932E-4
3.6675E-4
0.0013454
0.00231809
0.00322354
0.00375604
0.00367335
0.00353021
0.0030814
0.00177857
1.78045E-4
-9.22838E-4
-0.00128276
-0.00102845
-3.47604E-4
1.45404E-4
6.96828E-4
0.00148967
0.00258372
0.00385441
0.00456623
0.00478432
0.00444988
0.00319964
0.00183491
4.17E-4
-0.00117565
-0.00226875
-0.00298835
-0.00388715
-0.00465775
-0.00481144
-0.00447485
-0.00401771
-0.00313489
-0.00207393
-0.00101949
-9.37551E-5
8.87535E-4
0.00174043
0.00277197
0.00434795
0.00579127
0.00649159
0.00724891
0.00745024
0.00703857
0.0060782
0.00420572
0.00222266
7.412E-4
-5.47804E-4
-0.0012778
-0.0011467
-4.65766E-4
8.81709E-5
2.68905E-5
-3.37284E-5
-9.42331E-5
-5.21568E-4
-0.00100723
-0.00112255
-6.25197E-4
5.23938E-5
6.03548E-4
0.00121259
0.0020628
0.00309119
0.00380713
0.00402896
0.00351495
0.00245349
0.00158245
0.00126726
8.31328E-4
5.82068E-4
0.00100742
0.00167469
0.00221537
0.00244667
0.00224806
0.00162236
9.39375E-4
1.54906E-5
-9.63468E-4
-0.00107953
-7.66908E-4
-5.17456E-4
-4.53117E-4
-3.27754E-4
-8.09169E-5
-1.92287E-5
-8.02331E-5
-2.0206E-4
-3.84342E-4
-5.04171E-4
-3.7852E-4
-3.76214E-4
-3.12371E-4
1.18093E-4
4.84694E-4
0.00103272
0.0013323
0.00150804
0.00186605
0.00203832
0.0026382
0.00353998
0.00406889
0.0044724
0.0049344
0.00496499
0.00475074
0.00447642
0.00408138
0.00374985
0.00323655
0.00260407
0.00209784
0.0019008
0.00207193
0.00224191
0.00271701
0.00331119
0.00365704
0.0040619
0.00428059
0.00468172
0.00514117
0.0052918
0.00538029
0.00522319
0.00476108
0.00430181
0.00384516
0.0034526
0.00336827
0.00316172
0.00283424
0.00269223
0.00248977
0.00253354
0.00294403
0.0035356
0.0043682
0.0050118
0.00534554
0.00549353
0.00533451
0.00499282
0.00453078
0.00419397
0.00385888
0.00321978
0.00264596
0.00225902
0.00193571
0.00210405
0.00257703
0.00292457
0.00308641
0.00330847
0.00352907
0.00387078
0.00408755
0.00356846
0.00256314
0.00138029
-1.62673E-4
-0.0018184
-0.00328043
-0.00442737
-0.00495527
-0.00486781
-0.00404656
-0.00298569
-0.00205376
-0.00137215
-6.33403E-4
-2.16685E-5
4.64053E-4
0.00100807
0.00154859
0.00196357
0.00255952
0.0027843
0.00270187
0.00200754
3.99522E-4
-0.00181051
-0.00394549
-0.00570031
-0.00695464
-0.00771176
-0.00779068
-0.00701246
-0.00593306
-0.00486028
-0.00416122
-0.00364969
-0.00301879
-0.00263674
-0.00262403
-0.00297873
-0.0040656
-0.00539016
-0.0064618
-0.00752691
-0.00827911
-0.00841462
-0.00818224
-0.00831871
-0.009066
-0.0100532
-0.0108504
-0.011153
-0.0107801
-0.00961392
-0.00827138
-0.0071205
-0.00628252
-0.00575546
-0.00541499
-0.00495394
-0.00418959
-0.00312384
-0.00206479
-0.00144059
-0.00130981
-0.00197548
-0.00306504
-0.00402549
-0.00485754
-0.00519464
-0.00485655
-0.0043984
-0.00431015
-0.00434458
-0.00444006
-0.00484087
-0.00511637
-0.00490061
-0.00462509
-0.00428979
-0.00371171
-0.00325971
-0.00317753
-0.00321809
-0.00338078
-0.0036647
-0.00382436
-0.00398316
-0.00444694
-0.00509132
-0.00597659
-0.00710102
-0.00797341
-0.00816705
-0.00780881
-0.00702411
-0.00575463
-0.00443165
-0.00311669
-0.00211579
-0.00136549
-5.58496E-4
5.977E-5
2.45943E-4
2.47524E-4
1.87898E-4
6.74427E-5
-2.97251E-4
-0.00108801
-0.00175117
-0.00204325
-0.0023336
-0.00262215
-0.00315385
-0.00392684
-0.00445008
-0.00460291
-0.00450993
-0.0042339
-0.00377583
-0.00325945
-0.00292973
-0.00266308
-0.00221421
-0.00133967
-3.48218E-4
3.31009E-4
5.16637E-4
5.78879E-4
5.79525E-4
5.18929E-4
1.52582E-4
-2.72361E-4
-2.05059E-4
1.06372E-4
2.32236E-4
4.1879E-4
6.65122E-4
5.42805E-4
5.43883E-4
6.05893E-4
4.2276E-4
2.40872E-4
-1.29013E-6
-3.02845E-4
2.54503E-4
0.001175
0.00172274
0.00232857
0.00293035
0.00261015
0.00217043
0.00258987
0.00288393
0.00287022
0.00255059
0.00241691
0.00320206
0.004104
0.00420481
0.00369305
0.00318499
0.00372037
0.00443544
0.00490135
0.00493571
0.00460303
0.00494584
0.00565304
0.00555985
0.004427
0.00348553
0.00401844
0.0046694
0.00439846
0.00400726
0.00435291
0.00494054
0.00460626
0.00396877
0.00413069
0.00459721
0.00506073
0.00509272
0.00451245
0.00320124
0.00183742
0.00133866
8.42189E-4
-1.40447E-4
-3.21038E-4
1.72235E-4
0.00102971
0.00151401
9.55383E-4
9.5174E-4
0.00198813
0.00307883
0.00342831
0.00322514
0.00283948
0.00178275
4.88197E-4
-3.08895E-4
-8.56443E-4
-8.49542E-4
-1.08538E-4
6.88853E-4
0.00111401
8.02174E-4
4.92879E-4
7.97249E-4
9.77013E-4
7.88505E-4
4.17763E-4
4.77904E-4
5.98271E-4
1.67368E-4
2.29077E-4
4.12215E-4
5.33555E-4
0.00151092
0.00211424
0.0021026
0.00258052
0.00238165
0.00157262
0.0011971
0.00119079
0.00112319
0.00123984
0.00166157
0.00220318
0.0029249
0.0031522
0.00270519
0.00268991
0.00395984
0.00571084
0.00677763
0.00734859
0.00791606
0.00860228
0.00854907
0.00696628
0.00490388
0.00285413
0.00136785
3.7974E-4
-9.69733E-4
-0.00194306
-0.00199284
-0.00210382
-0.00233636
-0.00268987
-0.00279601
-0.00198334
-5.64026E-4
7.8536E-4
0.00218777
0.00321408
0.0036222
0.0035995
0.00339341
0.00312733
0.00304657
0.00314966
0.00306835
0.002804
0.00260247
0.002402
0.00214158
0.00206646
0.00254268
0.00350535
0.00470685
0.00583949
0.00690421
0.00832947
0.00950073
0.00999152
0.0100509
0.00992626
0.00961852
0.00863884
0.00644111
0.00407374
0.00208776
4.81151E-4
-5.65011E-4
-0.00148268
-0.00239454
-0.00274989
-0.00273602
-0.00235496
-0.00191523
-0.00129423
-1.87478E-4
0.00115716
0.00212605
0.00266098
0.00331499
0.00371995
0.00369403
0.00354604
0.00345995
0.00331327
0.00341217
0.00308157
0.00226371
0.00181825
0.00131362
-4.46576E-5
-0.00139413
-0.00218457
-0.00241946
-0.00246958
-0.00264167
-0.00244518
-0.00163799
-7.136E-4
8.29031E-5
0.00111944
0.00214943
0.00311206
0.00388478
0.00361213
0.00254595
0.00148642
3.10648E-4
-0.00104133
-0.00207899
-0.00292684
-0.00352453
-0.00375147
-0.00397708
-0.00401747
-0.00381285
-0.00342582
-0.00316379
-0.00339278
-0.00343628
-0.00299013
-0.00291421
-0.00308306
-0.0028836
-0.00256308
-0.00236698
-0.0025393
-0.00295506
-0.00287834
-0.00243531
-0.00242349
-0.00277875
-0.00331532
-0.00390971
-0.00437794
-0.00484338
-0.00518326
-0.00521517
-0.00512427
-0.00466673
-0.00439572
-0.00418727
-0.00398013
-0.00389652
-0.00381336
-0.00397564
-0.00450382
-0.00459999
-0.00445113
-0.00454789
-0.00470503
-0.00461615
-0.00428319
-0.00395205
-0.00337814
-0.00317519
-0.00340153
-0.00350381
-0.00317698
-0.00260749
-0.00210267
-0.00172336
-0.00177482
-0.00194797
-0.0020591
-0.00259791
-0.00307191
-0.00354322
-0.00425634
-0.00502616
-0.00566872
-0.00612371
-0.00645342
-0.00653614
-0.00643482
-0.00645637
-0.00641645
-0.00656043
-0.00688685
-0.00721111
-0.00734955
-0.00705855
-0.00603467
-0.00465007
-0.00364133
-0.00331183
-0.00335113
-0.00332889
-0.00336798
-0.00334545
-0.00326194
-0.00336242
-0.00315593
-0.00270628
-0.00274893
-0.00272971
-0.00264963
-0.00250848
-0.0020011
-0.00174179
-0.0015449
-0.0010432
-4.22239E-4
7.23804E-5
1.3078E-5
-3.51486E-4
-4.68941E-4
-5.24673E-4
-7.63685E-4
-0.00118478
-0.00154187
-0.00134576
-5.39036E-4
1.39939E-4
3.25402E-4
6.32363E-4
9.37234E-4
0.00130166
0.00166351
0.00153361
0.00134347
0.00109318
8.44472E-4
4.13443E-4
-3.82013E-4
-9.88738E-4
-0.00116342
-0.00109231
-8.38034E-4
-5.85426E-4
-4.56659E-4
-2.67452E-4
-2.63145E-4
-3.19773E-4
-1.92612E-4
-3.11091E-4
-3.0609E-4
1.88426E-4
8.02078E-4
0.00135092
0.00201869
0.00225374
0.00230414
0.00247641
0.0024028
0.00239096
0.00225648
0.00193945
0.00205289
0.00241009
0.00264268
0.00293509
0.00316432
0.00326988
0.00386462
0.00494494
0.00595732
0.00708599
0.00826865
0.00907662
0.00932873
0.00902839
0.00824023
0.00733445
0.00631154
0.00505006
0.00410243
0.00358873
0.00326156
0.00263004
0.00181921
0.00174777
0.00185987
0.00197154
0.0023883
0.00219001
0.0012589
4.56163E-4
2.53802E-5
-5.25471E-4
-0.00125631
-0.00192159
-0.00258258
-0.00256608
-0.00199915
-0.00112955
3.46832E-4
0.0021199
0.00363714
0.00441048
0.00438374
0.00405113
0.00329214
0.002783
0.00313371
0.00378758
0.00370289
0.00337431
0.00310871
0.00272229
0.002277
0.00177311
9.66218E-4
3.48211E-4
3.96336E-5
-1.44339E-4
6.52134E-4
0.00156533
0.00186118
0.00221666
0.00256968
0.00285948
0.00326983
0.00343256
0.00304349
0.00235088
0.00154009
7.34276E-4
5.58057E-5
-2.51211E-4
5.56715E-5
9.11333E-4
0.0018226
0.00199358
0.00136826
8.69523E-4
7.40906E-4
9.80285E-4
0.00140153
0.00163657
0.00174777
0.00173589
0.00172415
0.00207988
0.002984
0.0038211
0.00459201
0.0052355
0.00544668
0.00553413
0.00525359
0.00448508
0.00323169
0.00216982
0.00135886
4.30505E-4
-2.47319E-4
-7.988E-4
-0.0014081
-0.00189114
-0.00200397
-0.00168766
-0.00112872
-6.34268E-4
1.63236E-4
8.3316E-4
0.00113182
9.39008E-4
6.25327E-4
4.3568E-4
-3.03811E-4
-0.00140567
-0.00250083
-0.00371164
-0.00467007
-0.00543911
-0.00577471
-0.00561884
-0.00534144
-0.00482081
-0.00405846
-0.00305592
-0.00193706
-6.41332E-4
7.68843E-4
0.00204785
0.00282932
0.00293277
0.00248499
0.0019788
0.00104694
-1.84783E-4
-9.8062E-4
-0.00171055
-0.00206854
-0.00205743
-0.00210756
-0.00203489
-0.00196272
-0.00164583
-7.80231E-4
-1.65071E-4
1.40602E-4
4.44446E-4
8.07664E-4
0.00116857
0.00146608
0.00139422
5.88556E-4
-2.73122E-4
-0.00137476
-0.0031427
-0.00465445
-0.00523896
-0.00520806
-0.00481019
-0.00459865
-0.00493884
-0.00509301
-0.00506274
-0.00491006
-0.00451344
-0.00387434
-0.00305556
-0.00224177
-0.00155533
-0.00105664
-7.44526E-4
-4.9546E-4
-4.92839E-4
-6.12328E-4
-4.251E-4
-2.39159E-4
-5.42529E-5
6.90775E-6
-4.21922E-4
-0.00115397
-0.00200385
-0.00260354
-0.00295494
-0.00324288
-0.00334542
-0.00338616
-0.00348786
-0.00371122
-0.00381059
-0.00341956
-0.00260269
-0.00179088
-0.00141261
-0.00170963
-0.00188203
-0.0022988
-0.00350821
-0.00434252
-0.00443732
-0.00373591
-0.0028556
-0.00228654
-0.00190451
-0.00176947
-0.00151265
-0.00138015
-0.00173781
-0.00166442
-0.00134722
-0.00152149
-0.00181689
-0.0021717
-0.00240167
-0.00207936
-0.00157572
-0.00125864
-7.59704E-4
-3.2536E-4
-5.66924E-4
-0.0011126
-0.00153259
-0.00207239
-0.0021801
-0.00173665
-0.00123465
-3.07107E-4
9.81763E-4
0.00201762
0.00212899
0.00144433
2.74321E-4
-8.88147E-4
-0.00149276
-0.00191032
-0.00226398
-0.00224817
-0.0021716
-0.00252381
-0.00287357
-0.00297632
-0.00271111
-0.00195787
-8.42162E-4
2.05417E-4
0.00118553
0.00191458
0.00190477
0.00165062
0.00170404
0.00194056
0.00211431
0.00204213
0.00172559
0.00110488
1.20835E-4
-7.95821E-4
-0.00164578
-0.00206171
-0.00161853
-0.00111716
-6.18593E-4
1.82923E-4
7.95606E-4
0.00109887
0.00152259
0.00163764
0.00187466
0.00223237
0.00252676
0.00281923
0.00292626
0.00291024
0.00277181
0.00251187
0.00225343
0.00181288
0.00137516
0.00118495
0.00148556
0.00208999
0.00238455
0.00261645
0.00321403
0.00374647
0.0040921
0.00431314
0.00422658
0.00352855
0.00283506
0.00226794
0.00158187
0.00102247
8.33759E-4
0.00101321
0.0011914
0.00112358
8.1155E-4
6.23818E-4
1.92205E-4
-3.58889E-4
-6.61796E-4
-5.34326E-4
2.05487E-5
5.1071E-4
8.75469E-4
9.93211E-4
0.00129416
0.00189895
0.0021939
0.0024261
0.00271785
0.00276302
0.00293042
0.00291277
0.00234454
0.00177999
0.00146363
0.00145519
0.00163024
0.00186544
0.00240521
0.00294136
0.00304578
0.00296612
0.00307067
0.00372538
0.00431423
0.00441023
0.00505654
0.00539206
0.00480777
0.00410481
0.0033448
0.00283445
0.00275531
0.00255404
0.0022316
0.00178872
0.00165482
0.00213355
0.00242515
0.00191954
0.00178486
0.00238498
0.00304247
0.00375699
0.00373226
0.00321878
0.00338159
0.0032979
0.00260297
0.00185118
0.00134887
0.00127794
0.00139087
0.00156425
0.00167527
0.00172448
0.00177329
0.0016381
0.0012589
7.59765E-4
5.69795E-4
7.48058E-4
0.00110873
0.00146708
0.00176209
0.00205524
0.00222408
0.00208577
0.00164243
0.00144681
0.00149687
0.00136295
0.00116874
0.00103687
9.05766E-4
9.59162E-4
0.00107316
0.00100294
9.33125E-4
8.63771E-4
9.17236E-4
9.70253E-4
9.00507E-4
8.31277E-4
7.62317E-4
5.7141E-4
1.36652E-4
-7.8495E-4
-0.0016394
-0.00199901
-0.00223438
-0.00271296
-0.00306609
-0.00329465
-0.00346066
-0.00368675
-0.00385022
-0.00401256
-0.00399024
-0.00396806
-0.00382347
-0.00374108
-0.00365888
-0.00320988
-0.00264145
-0.00238243
-0.00218605
-0.00235828
-0.00289636
-0.00361481
-0.00451222
-0.00503672
-0.00531343
-0.0055882
-0.00543272
-0.0053397
-0.0053692
-0.00496999
-0.00445099
-0.00424114
-0.00403218
-0.00370225
-0.00361904
-0.00353615
-0.00345379
-0.003433
-0.00322859
-0.00296434
-0.00270151
-0.00237918
-0.00236485
-0.00259523
-0.00270153
-0.00219495
-0.00114096
-4.60955E-4
-2.13144E-4
3.3189E-5
1.5557E-4
9.35819E-5
-9.03061E-5
-2.11849E-4
-2.71458E-4
-3.30781E-4
-5.73379E-4
-0.00112058
-0.0020315
-0.00287544
-0.00346939
-0.0036924
-0.00354687
-0.00321865
-0.00276998
-0.00238538
-0.00230897
-0.0019879
-0.00142428
-0.00123135
-0.00110043
-7.25588E-4
-4.14312E-4
-2.27348E-4
-4.70106E-4
-0.00113948
-0.00155975
-0.00179403
-0.00202683
-0.00231946
-0.00254886
-0.00234837
-0.00178194
-0.00109675
-7.21798E-4
-4.71242E-4
-3.86271E-5
2.68772E-4
3.90841E-4
5.12145E-4
5.71534E-4
7.53028E-4
9.33253E-4
9.90032E-4
0.00104649
0.00128634
0.00183054
0.00194262
0.00174849
0.00180016
0.00142286
0.00104837
0.00116551
9.14338E-4
4.81633E-4
5.41049E-4
4.16146E-4
1.69932E-4
1.08702E-4
-7.46434E-5
-2.56707E-4
-2.54067E-4
-2.51568E-4
-3.71452E-4
-4.29268E-4
-4.25717E-4
-7.28198E-4
-9.67367E-4
-0.00114409
-0.00150323
-0.00167639
-0.00166501
-0.00159236
-0.00109163
-3.49363E-4
4.49603E-4
9.98628E-4
0.00111611
0.0011717
0.00110455
0.00103781
8.49001E-4
6.61502E-4
7.19907E-4
5.94027E-4
1.63193E-4
-2.01329E-5
-8.00459E-5
1.05348E-4
6.56774E-4
0.00138825
0.00205408
0.00289947
0.00337201
0.00310747
0.00278356
0.00246139
0.00201885
0.00164018
0.00126379
9.50816E-4
3.33526E-4
-4.02047E-4
-7.6595E-4
-0.00106656
-0.00105904
-6.23421E-4
-3.12936E-4
2.40747E-4
9.74323E-4
0.00139741
0.00169558
0.00180823
0.00192046
0.00246034
0.00281287
0.00261251
0.00210742
0.00148311
0.00104632
0.00110182
0.00146271
0.00188261
0.00242229
0.00289732
0.00318585
0.00335018
0.00332982
0.00318719
0.00298423
0.00308869
0.00355938
0.0037209
0.0035756
0.00361492
0.00371478
0.00326305
0.00263077
0.00181842
8.88997E-4
4.5475E-4
2.28889E-5
-2.83677E-4
-1.6006E-4
-3.74462E-5
1.45917E-4
5.72701E-4
6.29563E-4
6.2515E-4
7.43077E-4
7.98983E-4
4.87195E-4
-2.50968E-4
-9.23151E-4
-0.00128532
-0.00152288
-0.00151416
-0.00132184
-8.24743E-4
-5.14516E-4
-1.44523E-4
5.90185E-4
0.00144292
0.00265756
0.00361959
0.00414753
0.00467228
0.0048875
0.00467301
0.0041538
0.00339296
0.00257555
0.00157929
2.83184E-4
-8.82423E-4
-0.001735
-0.00239877
-0.00275243
-0.00292042
-0.0029036
-0.00245849
-0.00213883
-0.00224935
-0.00248148
-0.00295705
-0.00367435
-0.0042646
-0.00436151
-0.00409075
-0.0035767
-0.0028211
-0.00225374
-0.00187334
-0.00161754
-0.00136328
-0.00117172
-9.20107E-4
-8.53693E-4
-6.64988E-4
-2.94055E-4
-4.77289E-5
3.19603E-4
6.23209E-4
5.57877E-4
5.54277E-4
3.66862E-4
1.19676E-4
5.74825E-5
1.1813E-4
3.00696E-4
4.82134E-4
5.39967E-4
4.75168E-4
3.49491E-4
1.63483E-4
-2.14918E-5
-3.88925E-4
-8.76565E-4
-0.001606
-0.00226958
-0.00262301
-0.00254588
-0.00216325
-0.00172195
-0.00158927
-0.00151849
-0.00169305
-0.00192745
-0.00197684
-0.00196473
-0.0020752
-0.0022459
-0.00210954
-0.00197411
-0.0017782
-0.00164477
-0.00151194
-0.00113508
-6.38238E-4
-3.89315E-4
-8.03486E-5
5.32547E-4
0.00101918
0.00131929
0.00161764
0.00166903
0.00116947
6.73113E-4
1.79675E-4
-3.10723E-4
-7.98114E-4
-0.00109882
-0.00115295
-0.00120689
-0.00150532
-0.0019854
-0.00240117
-0.00250835
-0.00230885
-0.00198836
-0.00191456
-0.00171857
-0.00152402
-0.00163663
-0.00205445
-0.00259198
-0.00300364
-0.00304552
-0.00284239
-0.00245686
-0.00207375
-0.00163161
-0.00119229
-9.39172E-4
-7.48775E-4
-6.20626E-4
-2.48323E-4
3.05103E-4
4.87723E-4
3.02313E-4
2.40509E-4
1.17718E-4
-1.8792E-4
-6.75259E-4
-0.00103695
-0.00102934
-0.00108316
-0.00125891
-0.00143356
-0.00148458
-0.00116807
-7.31253E-4
-2.96999E-4
3.18268E-4
9.29539E-4
0.00116989
0.00140898
0.00158519
0.00157686
0.00169101
0.00192679
0.00216102
0.00221013
0.00219791
0.0024305
0.00253898
0.00246337
0.00257186
0.00280193
0.00303056
0.00331898
0.00366675
0.00407353
0.00447774
0.00475689
0.00466702
0.00439417
0.00400047
0.0036705
0.00346467
0.00301515
0.00238481
0.00175836
0.00125808
8.21959E-4
3.88492E-4
2.02642E-4
5.07512E-4
0.00117757
0.00190457
0.00250469
0.00279497
0.00271639
0.00251588
0.00225545
0.00218018
0.00198273
0.00184798
0.00195854
0.0017011
0.00144549
0.00100731
-3.46128E-4
-0.00132321
-0.00107054
-8.5171E-5
0.00138349
0.00235311
0.00246016
0.00207714
0.00145168
0.00107526
0.00180279
0.00289233
0.00324053
0.00272997
0.00179422
5.5826E-4
-5.47582E-4
-0.00109561
-3.55004E-4
5.63666E-4
6.81371E-4
6.14907E-4
3.03997E-4
-6.6118E-5
-6.79042E-4
-0.00159386
-0.00164577
-8.41109E-4
-1.02774E-4
2.63769E-4
7.7301E-5
-4.75078E-4
-0.00114642
-0.00181352
-0.00180292
-8.13395E-4
5.36988E-4
0.00138902
0.00101188
2.55668E-5
-5.87173E-4
-5.23157E-4
-2.7616E-4
-3.06294E-5
3.97108E-4
8.83204E-4
0.00118283
0.00148055
0.00140906
0.00103224
8.41436E-4
8.96472E-4
9.51034E-4
6.9908E-4
-4.08921E-5
-9.59767E-4
-0.00162801
-0.00180263
-0.00167026
-0.00147764
-0.00122479
-7.90036E-4
-6.64038E-4
-7.83503E-4
-0.00114699
-0.0016306
-0.00223357
-0.00252657
-0.00232827
-0.00194774
-0.00175319
-0.00162077
-0.00124436
-0.00111541
-0.00153777
-0.00165113
-0.00115189
-4.11167E-4
-1.64875E-4
-5.93014E-4
-9.56988E-4
-0.00107406
-0.00112925
-0.00142911
-0.00166531
-9.8215E-4
-3.64922E-4
-1.79699E-4
-3.01575E-4
-6.06198E-4
-0.00103137
-0.00157628
-0.00199526
-0.001922
-0.00154342
-0.0013509
-0.00140417
-0.00139585
-0.00157134
-0.00199038
-0.00222302
-0.00202581
-0.00140136
-5.97396E-4
-1.04319E-4
3.2462E-4
3.83612E-4
4.42608E-4
5.62155E-4
5.58756E-4
6.77679E-4
6.1219E-4
3.63494E-4
-2.50974E-4
-9.22521E-4
-0.00128413
-0.00182724
-0.00199927
-0.00125236
-2.65616E-4
2.86523E-4
2.23371E-4
-8.38964E-5
-1.44325E-4
2.85171E-4
5.89154E-4
4.6323E-4
7.05398E-4
7.62017E-4
3.28901E-4
-4.01194E-5
-3.97025E-5
2.66667E-4
7.54596E-4
9.33329E-4
6.21431E-4
1.28095E-4
-1.17439E-4
-3.61577E-4
-2.97961E-4
9.69681E-6
-1.1305E-4
-2.95772E-4
1.20846E-5
1.1673E-5
-4.93557E-5
5.0189E-4
9.88153E-4
0.00110443
0.00128126
0.00115071
6.53927E-4
-2.34213E-5
-5.73991E-4
-8.76613E-4
-0.00136109
-0.00196484
-0.00231995
-0.00248944
-0.00271911
-0.00313099
-0.00354007
-0.00339551
-0.00227266
-0.00127991
-0.00127202
-0.00108001
-5.22295E-4
-4.57888E-4
-6.99338E-4
-6.33425E-4
-8.1288E-4
-9.90943E-4
-9.23184E-4
-9.17189E-4
-9.10986E-4
-7.82622E-4
-9.60996E-4
-8.31866E-4
-1.52931E-4
4.60337E-4
6.41573E-4
8.83128E-4
0.00106177
0.00105585
0.00111117
0.00110485
0.00103739
9.09085E-4
7.81693E-4
8.38596E-4
8.33855E-4
7.67926E-4
3.96264E-4
2.72446E-5
1.50077E-4
6.39272E-4
0.00130893
0.00185197
0.00214687
0.00225642
0.00230409
0.00216771
0.00197119
0.00195925
0.00151873
8.9764E-4
2.80084E-4
-5.78328E-4
-0.00106411
-0.00136361
-0.00178363
-0.00207854
-0.00231061
-0.00266353
-0.00270804
-0.00232394
-0.00175868
-0.00107435
-2.71925E-4
2.19487E-4
4.63249E-4
3.99376E-4
3.01421E-5
-3.05948E-5
3.3728E-4
5.80195E-4
4.54531E-4
2.68549E-4
2.2376E-5
-4.6709E-4
-9.53367E-4
-0.00119188
-0.00124534
-0.00105359
-6.79578E-4
-6.14012E-4
-6.09638E-4
-2.38187E-4
-1.75348E-4
-4.18491E-4
-1.70325E-4
3.20732E-4
6.25226E-4
8.66586E-4
5.55445E-4
1.92237E-6
-5.86297E-5
-1.19178E-4
-4.23993E-4
-5.43186E-4
-6.00692E-4
-9.63844E-4
-0.00138577
-0.00162149
-0.00173341
-0.00178343
-0.00177189
-0.00157671
-0.00126046
-0.00106854
-0.00100015
-9.32026E-4
-6.19472E-4
-3.70307E-4
-4.89706E-4
-3.63282E-4
-5.42906E-5
2.52929E-4
6.19361E-4
7.99889E-4
6.12045E-4
3.64517E-4
4.24331E-4
3.00028E-4
1.76769E-4
5.4396E-4
0.00109206
0.00133088
0.00150705
0.00143731
0.00149059
0.00166576
0.00196233
0.00237937
0.00267129
0.00277796
0.00306755
0.00304899
0.00272482
0.00246374
0.00214297
0.00176297
0.00150765
9.47558E-4
2.68912E-4
2.27541E-5
2.28455E-5
8.38823E-5
-2.22642E-4
-4.65759E-4
-1.56436E-4
7.62785E-4
0.00143108
0.00154483
0.00196421
0.00280908
0.00328129
0.0033836
0.00330155
0.00297527
0.00277341
0.00245004
0.00176153
0.00119981
7.02348E-4
-2.20476E-4
-0.00119872
-0.00217093
-0.00246359
-0.0022042
-0.00212993
-0.00193356
-0.00186097
-0.00184965
-0.00134877
-8.51198E-4
-1.72685E-4
7.46135E-4
0.00135336
0.00183446
0.00194537
0.00205585
0.00204282
0.00141796
0.00104217
0.00103551
0.00109015
0.00126668
0.00125855
0.00131171
0.00124197
8.05309E-4
-5.68701E-5
-2.39931E-4
7.40532E-4
0.00195949
0.00341594
0.00455676
0.00434427
0.00388882
0.0027007
5.18289E-5
-5.59595E-4
6.66512E-4
1.10043E-4
4.77013E-4
0.00206381
0.00192731
0.00185366
8.61163E-4
-7.96709E-4
-4.25056E-4
-6.69189E-4
-0.00133871
-7.80542E-4
-5.32299E-4
-2.85033E-4
-1.62293E-4
-7.74303E-4
-4.63767E-4
7.62021E-4
0.00136794
0.00123595
6.15264E-4
-4.30114E-4
-0.00189729
-0.00262039
-0.00211553
-0.00198173
-0.00239881
-0.00213995
-0.00200571
-0.00248395
-0.00277527
-0.00257529
-0.002438
-0.00248484
-0.00210283
-0.00172358
-0.00146853
-8.48207E-4
-0.00133371
-0.00199868
-0.00180312
-0.00173145
-0.00165982
-9.76486E-4
6.95078E-5
4.96697E-4
2.48622E-4
2.46906E-4
-3.67323E-4
-0.00134431
-0.00225454
-0.00352602
-0.0036875
-0.00293071
-0.0022397
-0.00161435
-0.00221711
-0.00293731
-0.00279686
-0.00296329
-0.00251614
-0.00182766
-0.00181641
-0.00192743
-0.00240507
-0.00269561
-0.00255637
-0.0026014
-0.00191126
-7.97642E-4
-4.86531E-4
-3.60322E-4
-1.12737E-4
-5.01377E-5
1.34457E-4
7.29655E-5
-1.10276E-4
-4.76306E-5
-2.30498E-4
-6.56677E-4
-8.35466E-4
-0.00113579
-0.00167892
-0.00178988
-0.00141108
-0.00164678
-0.00206414
-0.00211161
-0.00166924
-9.84805E-4
-5.98334E-5
3.69537E-4
5.52098E-4
0.00128433
0.00201168
0.00236749
0.00272118
0.00288895
0.00305587
0.00322157
0.00344756
0.00361063
0.00352809
0.00350706
0.00293504
0.00187715
8.87082E-4
3.92807E-4
5.1332E-4
6.32855E-4
0.00105804
0.00178612
0.00195886
0.00206968
0.0021795
0.00192152
0.00184892
0.00177637
0.00133715
0.00102324
0.00120088
0.00162185
0.00173423
0.00196852
0.0021398
0.00175918
0.00119761
7.6164E-4
-2.22678E-4
-0.00120046
-0.00186651
-0.00228341
-0.0020859
-0.00195101
-0.0015717
-7.05339E-4
3.31574E-5
3.9987E-4
2.13602E-4
-9.36294E-5
-3.37912E-4
-5.80571E-4
-5.1571E-4
-4.51479E-4
-4.48632E-4
-2.62289E-4
-2.60765E-4
-1.40713E-5
5.36728E-4
6.55613E-4
6.51712E-4
0.00119862
0.00204736
0.00252342
0.00293519
0.00316038
0.0032008
0.00348487
0.00327796
0.00264584
0.00244481
0.00200095
0.00125628
8.82164E-4
5.10625E-4
3.85127E-4
4.42114E-4
2.56446E-4
3.74859E-4
-1.12884E-4
-7.76823E-4
-5.30521E-4
-6.48407E-4
-0.00112557
-0.00123805
-0.00104934
-5.03214E-4
-5.00481E-4
-4.97178E-4
-1.96135E-4
-1.6956E-5
2.79423E-4
6.31953E-4
6.85108E-4
6.78677E-4
3.18427E-4
-1.55393E-4
-2.72362E-4
-4.46838E-4
-8.53154E-4
-0.00113811
-6.05742E-4
9.43321E-5
2.08044E-4
8.98723E-5
-2.6991E-5
2.02228E-4
7.14591E-4
4.21323E-4
-3.87489E-5
-2.09815E-4
-5.48666E-4
-7.70406E-4
-9.89556E-4
-0.00126186
-0.00136298
-0.00168581
-0.00200394
-0.00176429
-0.00163823
-0.00173323
-0.00177205
-0.00180999
-0.00141207
-0.00129086
-0.00203438
-0.00249796
-0.00193739
-0.00143857
-0.00174296
-0.00161927
-0.00186654
-0.00200404
-0.00146093
-0.00201806
-0.00241013
-0.00171391
-0.001131
-8.62977E-4
-5.98839E-4
-3.38764E-4
-4.35261E-4
-5.79881E-4
-6.72653E-4
-0.00125968
-0.0010961
-3.95602E-4
-9.7244E-5
-4.67337E-5
-4.80256E-4
-7.1365E-4
-4.65296E-4
-6.96774E-4
-0.00111254
-6.74837E-4
-5.83432E-5
-5.66404E-5
-5.62645E-4
-9.21376E-4
-8.63058E-4
-8.5104E-4
-6.13508E-4
-2.21042E-5
8.6984E-4
0.0018771
0.00176651
8.29539E-4
5.60853E-4
7.70317E-4
9.32812E-4
0.00134678
0.00187856
0.00227364
0.00220284
0.0014728
6.34888E-4
3.83508E-4
4.59834E-4
5.74597E-4
0.00100486
0.00146493
0.00160166
0.0015021
0.001019
2.02573E-4
-3.68234E-4
-5.50432E-4
-5.04785E-4
-2.3827E-4
-1.24673E-4
-3.76739E-4
-2.98446E-4
-7.94318E-5
-1.48626E-4
-3.21198E-4
-3.15633E-4
-3.47248E-5
6.85786E-5
5.88068E-7
1.16076E-6
-9.76888E-5
6.88331E-5
3.61048E-4
7.74682E-4
0.00130475
0.00134703
9.50701E-4
7.19195E-4
4.62734E-4
1.82937E-4
3.30049E-4
5.02373E-4
4.64698E-4
4.85958E-4
5.06362E-4
5.82826E-4
7.40885E-4
6.16812E-4
2.77039E-4
1.63802E-4
1.87366E-4
-2.78732E-5
-1.31974E-4
-5.23975E-5
