-0.002442220330082138
-0.0025462313838058867
-0.0014255632657431436
-0.0018344694671472927
-0.003437463353948596
-0.0035414744076723444
-0.0036077559615159097
-0.003738279636777085
-0.004138008392264432
-0.004695793160763359
-0.004648886214966375
-0.004781449322653506
-0.004771252160523726
-0.0039442623117986264
4.2216251217286224E-4
0.0034007535702813905
0.0012991184553338806
-0.0017284189809975883
-0.002572744005343313
2.3351501277194556E-4
0.0012593495230277414
-0.005116935956723244
-0.005854190778706286
-0.0035812433399784837
5.037398092110966E-4
0.0050170037678514065
1.621348778634906E-4
-0.0033548663406973837
0.0021373251824017376
0.002644124140251768
-0.0062528998179806556
-0.013439859687049093
-0.008428974216475555
0.002230119357782729
0.0035924602183212413
-7.464322678998435E-4
-0.006759698775830686
-0.008750184823563602
-0.007469421260063325
-0.010007494914165388
-0.013888534820759382
-0.011325987977545847
0.001120668118062743
0.0051434485782606695
0.004755956417329057
0.003279407340937017
-0.0031233907603513945
-0.004262413770247739
-0.009098927768402054
-0.026040492930817352
-0.027540495480107886
-0.014367801440859009
-0.0029061912069870957
0.002242355952338464
0.0015224363059760469
0.011701243543921725
0.01680900205472817
0.0060244833862736005
-0.006709732681394767
-0.009747467279856014
-0.006056094588875916
-0.007138013490845497
-0.011500359449965076
-0.014247474927727613
-0.01394461921247317
-0.006036719980829335
-2.0700239123451944E-4
-0.0025217581946944162
-0.006433389587677749
-0.004022780460197927
-0.008486078324402317
-0.00876038198569338
-0.008422855919197687
-0.011249509261572505
-0.009030606782132532
-0.004980293984184201
-0.007090086828835535
-0.02409385468024249
-0.039320257172428916
-0.02575089352633162
-0.011437137044760442
-0.009991179454757741
-0.013675414132246995
-0.013482687767994167
-0.011113887005246438
-0.010875273411409604
-0.005215848429382103
-5.078186740630083E-4
-0.00556153222558162
-0.021381409553721198
-0.034766204565269486
-0.0432522828896718
-0.043107483187428935
-0.03821590451377381
-0.00337628038116992
0.02171587647157796
0.008921497147343894
-0.010840603060168355
-0.029833837243095247
-0.026923567171256237
-0.017936808186281756
-0.011922521962137937
-0.009844340320088919
-0.014383097184053678
-0.007331759571311304
-0.013454135714030785
-0.02130085197289594
-0.01906563403404832
-0.01573524088246241
0.02106529752769804
0.04545792905834306
0.0363732773169227
0.013429662524919315
0.002755273207466362
0.008798111485573565
0.010500017845033727
-0.003357925489336318
-0.007942569582885082
0.004441883823731855
0.02386645796474841
0.018369167860584398
0.006081587494200364
0.014560527805111837
0.015386497937623958
0.027268231251242777
0.04718226917448874
0.036046968128769764
0.016803903473663277
0.019483717681369275
0.046810072756751794
0.05910479113662668
0.060507920645684304
0.08756099177598874
0.11424594535340815
0.13790642064313502
0.1493700703094329
0.14922221145855108
0.1456358695375077
0.14826061906971288
0.15099345852049376
0.1513095705465169
0.1483615709747977
0.16080006934070248
0.17987895968551953
0.1751760285112653
0.14707061024916765
0.1415906553206243
0.11933636868859396
0.08332916949213034
0.05167819795750843
0.02897013761070294
0.04116798295034492
0.050379079502174545
0.005890900562373492
-0.06146849331830951
-0.12280238409650593
-0.17394829019083988
-0.1385865713571913
-0.012187648177512198
0.0814641085385937
0.06118909107595356
-0.026796102644633994
-0.08775881672130645
-0.09980064548036281
-0.07056844080292454
-0.052834556143025395
-0.03466729209261062
-0.047684989267486856
-0.08890497774469365
-0.13139553262327092
-0.164748410517353
-0.17104719756491768
-0.15538435653357668
-0.061635726777237894
0.0348069932137886
-0.016480653434149273
-0.04940525051878063
-0.030158106998822227
0.008070034109507324
0.013401110470955931
0.039473214604375605
0.07980401054386563
0.11580815059169033
0.13509200389531592
0.13219499013424565
0.1135504988961572
0.10598420459586097
0.08662387257626201
0.06355585240627533
0.04167478190819495
0.03660475289726869
0.0897064746880943
0.14037209444611562
0.12748594066271357
0.07427205008846037
-0.04118021954490065
-0.1182024442597625
-0.1488602122029439
-0.1711420311727246
-0.15794486394436427
-0.12987921461457275
-0.11767219182901399
-0.1101273115691903
-0.08285194230445667
-0.043743786104327165
0.045756705908745594
0.09093727215715866
0.006880025288962081
-0.06114932214364742
-0.03163363635900129
0.03865132333671539
-0.012637343027435464
-0.12533230002090417
-0.1787664492971606
-0.205960241264856
-0.23613874258793777
-0.28940361897283984
-0.3195076810123742
-0.30787883731957394
-0.2193389179791264
-0.12600225357283068
-0.08124283012037749
-0.016285887637470492
0.016677458663254017
0.030472179592419428
0.06311839415090781
0.07282711221467066
0.06830467081011354
0.06910412832108824
0.06791921808160788
0.055751964228355246
-0.008131217082285999
-0.10777176711721127
-0.14316713658588814
-0.13708656880790077
-0.12395364370095802
-0.0800232495296559
-0.01322469956611075
0.06475911753758928
0.10671840026920508
0.10317182728046785
0.0868420918458393
0.08173637276745882
0.07380196091427756
0.03777538710976735
0.01155134526061397
-0.008178124028082984
-0.04317274502505952
-0.08835535070589855
-0.11822487801644802
-0.08851136728648416
-0.02237359342894872
0.013214502403980971
0.02872438600337526
0.022534708590599237
0.021804591782107037
0.04257213217561553
0.06967007081929098
0.0847904228253277
0.08241856291394105
0.07223057823007857
0.06845558880963429
0.04596064915134118
0.0033150974083912444
0.008755283404628491
0.03248102053198595
0.041604421489499464
0.047982746401676414
0.05159967980910912
0.05306807115579734
0.0479276817261756
0.05835224057144896
0.07895764608709395
0.08579586301132394
0.08331591318136163
0.09073332891456307
0.11360148470680609
0.104689165005379
0.06495388333426808
0.050331152840164574
0.052019802888856034
0.038960297349247705
0.01639499727225913
0.013069702701738106
0.024217240342012815
0.04853033400804556
0.06336414575823549
0.057539526749705555
0.05561226310717727
0.06873805020062917
0.08986555041731886
0.0968393895978749
0.07853446385870812
0.04486241478996395
0.038283205783830355
0.04270163613466372
0.02644124140251768
-0.0031264499089903278
-0.015227422208399401
-0.012478267298210907
0.007119658599011895
0.0336751082173831
0.049036113249682614
0.04957146426149602
0.03868089510689175
0.0297757134189555
0.02526958747380604
0.0020526887367245694
-0.03749496515119842
-0.04633080613665217
-0.03986988421122401
-0.032589110450561606
-0.017243401161456767
-0.022964009116262944
-0.06129004298103837
-0.11900700035180209
-0.16788505758847314
-0.18966925504632062
-0.18398841602382057
-0.15932250054809743
-0.1179536335037959
-0.1074291424696507
-0.10590568644746168
-0.08245527269760826
-0.0642135693636461
-0.042244803271249604
-0.01680696262230221
-0.010555082520534536
-0.007161466963743989
0.02238073144243957
0.031030984077131334
-0.006798447991923847
-0.0876048395731468
-0.19009549642334536
-0.21681002177094114
-0.2023596233168309
-0.14944858845783218
-0.06583287870985505
0.01142388073399173
0.07351542065843075
0.08460075560971382
0.05438146563811291
0.006697496086839032
-0.014282145278968863
-0.011545226963336102
0.00658532730341146
0.05254087787368775
0.09885128968608035
0.08309565447935839
0.0030081628282848886
-0.0784569654265218
-0.11270923302045041
-0.10293831226769588
-0.07695798259344425
-0.037576542448236654
0.007248142841847114
0.04843244125159968
0.061927365614149577
0.05218907578021036
0.035774703899904656
-0.009896345846950793
-0.03716049823334166
0.012611850122111017
0.0349548520646704
0.0070238052749919695
-0.03862277128275201
-0.055971203214145504
-0.04635222017712471
-0.019277735006347732
0.008664528661673455
0.01757480893067459
0.02435796117940377
0.04501945108676255
0.06997088710211948
0.08167111092982822
0.08414596217872566
0.07782882023932738
0.05593755257911723
-0.022859998062539192
-0.058375694044347455
-0.05553170552635201
-0.0744321455338979
-0.08877139492079354
-0.0724691918239154
-0.01710471975649177
0.016465357690954606
0.019892623882773422
0.03540454691459367
0.0464817241361729
0.04945419689700356
0.04092019191059128
0.0643471521875462
0.09954367699469237
0.10066740426139405
0.0594780072705766
-0.009599608428974216
-0.044303610305252046
-0.023524853033400805
-0.012800497621511933
-0.0041390281084774105
0.007326660990246414
0.02389602973492477
0.05464455242106122
0.08636792380680455
0.10250493287718027
0.10226122070227855
0.09614598257304992
0.09582579168217485
0.09431151310590262
0.0817414713485237
0.05672477349553619
0.03301637154379936
0.03178965293958691
0.052932448899471275
0.07650013001381716
0.08664528661673455
0.08216465357690954
0.07396001692728914
0.07136381944904732
0.06446034068718676
0.0394222287937267
0.011431018747482575
-0.002612512937649452
-0.002742016896697649
-0.004303202418766857
-0.008856235309713308
-0.010452091183023765
-0.011806274313858452
-0.01457888269694544
-0.01428724386003375
-0.008715514472322354
0.004217546256876711
0.008905181687936248
-0.00766316734052913
-0.034337923755818754
-0.06045183625397052
-0.08030775035307673
-0.0980222604049293
-0.12047539169849031
-0.14141628384820504
-0.15105668092569838
-0.15318584837839627
-0.14713893123543717
-0.11589890533464536
-0.060758770834076874
-0.025086038555470012
-4.3847797158050913E-4
0.017918453294448154
0.027840292046723395
0.026285224821932057
0.002331071262867544
-0.029863409013271607
-0.04957758255877389
-0.05582130493083774
-0.05902423355580142
-0.06317549825883456
-0.0709263611936798
-0.07704669790397332
-0.0758699453941968
-0.05534917632422897
-0.024016356248056165
0.002258671411746111
0.02173321164719858
0.0479276817261756
0.06898278209174387
0.061606155007061535
0.03820978621649594
0.015246796816445982
0.001378656319946159
-0.010980304181346332
-0.02147012486425028
-0.036632285235019095
-0.058761146772853115
-0.07160243304288416
-0.06925504632060897
-0.05602932703828524
-0.03749904401605033
-0.02352689246582676
-0.016724365609051
-0.015244757384020025
-0.012197845339641977
0.001676413454135714
0.027708748655249242
0.04585459866519148
0.05096235717599792
0.05387160753162395
0.05371049236997343
0.0455160528824828
0.02519514819025865
0.008443250243457245
0.008031284893414163
0.009553721199390209
0.014147542738855776
0.022453131293561
0.027826016019741703
0.027362045142836747
0.02558467978361622
0.02699698673859065
0.038212845365134876
0.05718772465622817
0.0707550488698995
0.07504091611304574
0.06641309723503949
0.04539470665313843
0.016510225204325633
-0.003663840353229696
-0.0059123146028460275
0.001475529360179062
0.014368821157071986
0.02398882391030576
0.01873830512968241
0.005118975389149199
-0.00601938480520871
-0.011296416207369488
-0.005914354035271983
0.006889202734878883
0.011651277449485808
0.0035710461778487045
-0.011186286856367873
-0.023437157439084703
-0.025576522053912396
-0.025575502337699417
-0.019748843896743536
-0.007645832164908506
-0.0027318197345678696
-0.009788255928375133
-0.027948381965299057
-0.04115166749093727
-0.036325350654912734
-0.01698541295957335
0.003340590313715693
0.015536396220931715
0.022942595075790405
0.029890941351022007
0.036021475223445315
0.03980768152223236
0.04334915592990471
0.046024891272758786
0.04966119928823808
0.04771660047008917
0.0347009427276389
0.012925922715708218
7.892603488449165E-4
-0.0024065302626279103
-0.004655004512244243
-0.00763359557035277
-0.012305935258217637
-0.015928986962928215
-0.018489494373715797
-0.023661495005939847
-0.025541851702671144
-0.019931373098866584
-0.011328027409971804
-0.003663840353229696
-0.001533653184318804
-0.005890900562373492
-0.01492762564178389
-0.024182569990771566
-0.028431727450250594
-0.02955647443316525
-0.030896381537018246
-0.02936374806891242
-0.023096572223950073
-0.015841291368612113
-0.009002054728169149
0.0014449378737897243
0.012891252364466968
0.020223011935778273
0.029553415284526315
0.03695451555832012
0.03720434603049971
0.033531328231353213
0.027311059332187852
0.019094186088011708
0.008040462339330964
-0.0037668316907404666
-0.01373251824017376
-0.018903499156184833
-0.017878684362142017
-0.014496285683694227
-0.011923541678350915
-0.011605390219901802
-0.010377651899476375
-0.010962969005725706
-0.015142785762722233
-0.017194454783233823
-0.014517699724166763
-0.010328705521253435
-0.008109803041813463
-0.007478598705980125
-0.006425231857973925
-8.983699836335547E-4
0.004829375984663467
-0.0016448022515333982
-0.013921165739574675
-0.009712796928614766
0.011210760045479343
0.023495281263224446
0.026530976429259737
0.028164561802450378
0.030907598415361004
0.03115946831996655
0.027028597941192965
0.022564280360775596
0.0260659858361418
0.035669673129967924
0.03823731855424635
0.03050073164638281
0.016211448353923102
-8.055758082525633E-5
-0.01016962979202888
-0.008231149271157836
6.852492951211678E-4
0.007431691760183141
0.00976480245547664
0.0066006230466061295
0.003348748043419516
0.0012267186042124478
-3.018359990414667E-4
-0.002046570439446702
-0.006037739697042313
-0.014760392182855511
-0.021856597308968915
-0.02297012741354081
-0.022096230619018727
-0.016273651042914755
-0.004117614068004875
0.004399055742786782
0.006715850978672636
0.004130870378773587
-0.0018742383994534322
-0.0056981741981206625
-0.005924551197401763
-0.005351470685708167
-0.007721291164668872
-0.011712460422264485
-0.01672028674419909
-0.017758357849010618
-0.01388955453697236
-0.007713133434965049
0.0013847746172240265
0.0089582069310111
0.011073098356727323
0.008526866972921435
0.004932367322174239
0.0027022479643915094
0.004678457985142734
0.0064374684525296605
0.004361326242906599
0.0016784528865616698
-0.0013399071038529978
-0.005863368224623087
-0.007289951206579209
-0.0012063242799528892
0.007458204381720567
0.01505101130355422
0.018541499900577667
0.016701931852365487
0.01486440323657926
0.01577908867962046
0.01809282476686738
0.02284266288691857
0.029268914461105473
0.03466627237639765
0.03571759979197789
0.03556974094109609
0.03541576379293643
0.03439910672859743
0.029935808864393038
0.02549494475687416
0.023658435857300913
0.02337903361494496
0.021429336215731162
0.01575359577429601
0.00658532730341146
-5.39429876665324E-4
-0.003197830043898783
-0.004164521013801858
-0.007527545084203066
-0.013124767377238914
-0.01683755410869155
-0.018359990414667595
-0.019960944869042943
-0.02626381078145952
-0.033889248622108466
-0.037329771124695994
-0.035645199940856465
-0.031139073995706992
-0.027176456792074765
-0.027497667399162814
-0.0323260236676133
-0.03358945205549295
-0.03324478797550641
-0.033871913446487836
-0.033614944960817406
-0.030113239485451197
-0.024620028246139097
-0.018344694671472928
-0.011914364232434112
-0.006509868303651094
-0.0031488836656758425
9.167248754671575E-4
0.008459565702864892
0.0174820147552936
0.024562924138212334
0.025364421081612985
0.02004864046335905
0.008038422906905008
-0.0017834836564983964
-7.831420515670488E-4
0.0070849882477706455
0.014610493899547754
0.018487454941289838
0.015716885990628808
0.011238292383229747
0.009662830834178848
0.007144131788123365
0.0024728118164714756
-0.002586000316112026
-0.007419455165627405
-0.010799814411649237
-0.013725380226682914
-0.014373919738136875
-0.014033334523002249
-0.013433741389771225
-0.009157051592541796
-0.0036709783667205416
-2.6512621537426136E-4
7.760040380762034E-4
3.528218096903631E-4
-7.107422004456159E-4
-0.003821896366241275
-0.006417074128270102
-0.006313063074546353
-0.0034333844890966844
6.220268899165362E-5
0.0014072083739095408
0.002853165963912243
0.004319517878174504
0.00505473326773159
0.0044286275129631425
0.00473046351200461
0.005011905186786517
0.002016998669270342
-0.0028592842611901105
-0.0047325029444305645
-0.0019925254801588716
0.0036250911371365348
0.006471119087557932
0.004199191365043108
-0.0016437825353204203
-0.007760040380762034
-0.011102670126903682
-0.012112189177751831
-0.010899746600521074
-0.009523129713000872
-0.007200216179837151
-0.0017243401161456766
6.913675923990353E-4
0.0010339922399596193
0.002598236910667761
0.0018416074806381383
0.0015000025492905324
0.0036189728398586672
0.0041267915139216755
-2.855205396338199E-5
-0.014014979631168645
-0.024269245868874693
-0.013902810847741073
0.007433731192609097
0.02664314521268731
0.024291679625560204
0.012695466851575205
0.007838558529161335
0.011226055788674012
0.01906563403404832
0.02803505784340218
0.027408952088633733
0.02007719251732243
0.017166922445483422
0.01570668882849903
0.016627492568818097
0.02274375041425971
0.02847863439604758
0.027757695033472182
0.020920497825455173
0.011898048773026465
0.0023484064384881684
-0.0013521436984087329
-3.324274854308046E-4
-0.0014561547521324814
-0.005149566875538537
-0.006653648289680982
-0.010529589615210087
-0.01463802623729816
-0.013699887321358465
-0.01061626549331321
-0.009388527172887786
-0.010204300143270128
-0.01582905477405638
-0.02425904870674491
-0.031488836656758425
-0.034506176930960114
-0.032359674302641576
-0.02511764975807233
-0.015028577546868706
-0.006100962102246944
-0.003421147894540949
-0.004135968959838477
-0.003938144014520759
-0.003848408987778701
-0.002723662004864046
5.118975389149199E-4
0.00457750608005792
0.006111159264376724
0.004873223781821518
0.003526178664477676
0.004132909811199543
0.006382403777028853
0.00856357675658864
0.008510551513513789
0.009507833969806203
0.01334400636302917
0.012817832797132557
0.008011910285367583
-0.0010717217398398026
-0.011012935100161625
-0.015481331545430906
-0.015001045209118302
-0.012490503892766644
-0.007911978096495745
-0.0029490192879321683
0.0020139395206314084
0.006564932979151902
0.009481321348268776
0.010371533602198507
0.013197167228360347
0.013818174402063906
0.009835162874172116
0.001789601953776264
-0.0036312094344144023
-0.004619314444790015
-0.003969755217123074
-0.0018558835076198294
0.001691709197330383
0.004147185838181234
0.005661464414453457
0.009131558687217347
0.014096556928206879
0.016571408177104313
0.015087721087221425
0.009805591103995757
0.0022933417629873607
-0.004893618106081078
-0.008464664283929783
-0.010921160640993612
-0.011155695369978534
-0.008736928512794888
-0.0038280146635191427
-0.0012583298068147633
-0.002597217194454783
-0.004269551783738586
-0.0041726787435056815
-0.003439502786374552
-0.0017426950079792794
-0.0017671681970907497
-0.0018823961291572556
-0.0020353535611039447
-0.0019690720072603795
-0.002055747885363503
-0.0025074821677127253
-0.004594841255678545
-0.007514288773434353
-0.010634620385146813
-0.011599271922623933
-0.008362692662631989
-0.0030499711930169833
0.004026859325049838
0.008532985270199304
0.008714494756109374
0.008604365405107759
0.007798789596855194
0.005522783009488459
0.0023249529655896763
5.863368224623087E-4
-0.005099600781102619
-0.008199538068555522
-0.004384779715805091
3.569006745422749E-5
0.004806942227977954
0.011666573192680477
0.017446324687839375
0.019765159356151182
0.019416416411312733
0.015345709289104842
0.007703955989048247
0.0011359638612574122
-0.003837192109435944
-0.007266497733680717
-0.008386146135530482
-0.007318503260542591
-0.004359286810480643
-7.882406326319385E-4
8.361672946419011E-4
-3.334472016437825E-4
-0.001985387466668026
-0.001208363712378845
-0.004835494281941336
-0.009928976765766087
-0.012404847730876495
-0.02528794236563964
-0.036798498977734496
-0.033270280880830866
-0.02675531399611488
-0.02445585393584965
-0.02139160671585098
-0.016703971284791442
-0.014985749465923633
-0.014310697332932245
-0.013940540347621256
-0.012725038621751564
-0.008167926865953204
-0.0026380058429739004
9.891247265885904E-4
0.004067647973568955
0.005265814523818021
0.005437126847598313
0.01014923546776932
0.015871882855001452
0.021624102012409944
0.024676112637852885
0.024137702477400536
0.0217046595932352
0.016298124232026225
0.012828029959262337
0.009940193644108843
0.009011232174085951
0.009116262944022678
0.006657727154532893
0.0037219641773694376
0.0024575160732768072
-0.0013684591578163798
-0.001946638250574865
-0.0019945649125848275
-6.434409303890726E-4
-0.0036852543937022325
-0.0066444708437641805
-0.009694442036781162
-0.012695466851575205
-0.01607582609759704
-0.01630118338066516
-0.012953455053458622
-0.010253246521493068
-0.008725711634452132
-0.006139711318340106
-0.004414351485981451
-0.0010329725237466412
0.0017590104673869263
0.006898380180795684
0.010884450857326405
0.013644822645857658
0.012813753932280646
0.010148215751556342
0.008142433960628756
0.009934075346830978
0.009261062646265545
0.007983358231404199
0.0067464424650619725
0.003488449164597492
0.0021791335471338324
-0.0013001381715468583
-0.00602958196733849
-0.009388527172887786
-0.011508517179668897
-0.009058139119882935
-0.005801165535631434
-0.005086344470333906
-0.005151606307964493
-0.0065496372359572326
-0.005533999887831216
-0.0056859376035649275
-0.005693075617055773
-0.004404154323851672
-0.003977912946826897
-0.0043705036888234
-0.005573768820137355
-0.007771257259104792
-0.007199196463624173
-0.0021658772363651194
0.002951058720358124
0.006220268899165361
0.008248484446778462
0.009259023213839588
0.008442230527244268
0.00683617749180403
0.004705990322893139
0.0036189728398586672
0.0034466407998653974
-2.8857968827275364E-4
-0.0047080297553190945
-0.006192736561414959
-0.005006806605721627
-0.003052010625442939
-0.002289262898135449
-0.003339570597502715
-0.0030438528957391154
-0.0018395680482121825
7.770237542891813E-4
0.0032019089087506948
0.005981655305328526
0.007675403935084865
0.010730473709166738
0.012213141082836646
0.015339590991826973
0.01492762564178389
0.01543034573478201
0.015015321236099992
0.012261067744846608
0.006765817073108553
0.005402456496357064
0.007347055314505972
0.01268424997323245
0.017775693024631244
0.021270260486506605
0.019724370707632066
0.016421509893796555
0.013463313159947586
0.007161466963743989
8.52482754049548E-4
0.004797764782061152
0.01179811658415463
0.003880020190381017
-0.01080389327650115
-0.013127826525877849
-0.004196132216404175
-0.0015978953057364134
-0.005920472332549851
-0.003894296217362708
-0.0014847068060958634
-4.4867513371028836E-5
-0.004432706377815054
-0.011081256086431146
-0.010947673262531038
-0.007386824246812112
-0.004046233933096419
7.535702813906889E-4
0.0026318875456960325
0.0017712470619426614
0.0017019063594601621
0.0017712470619426614
0.0032845059220019067
0.005220947010446992
0.005611498320017539
0.004695793160763359
0.001237935482555205
-0.002658400167233459
-0.0051363105647698245
-0.007542840827397735
-0.008588049945700112
-0.010088052494990644
-0.012405867447089474
-0.013767188591415009
-0.014385136616479633
-0.013765149158989054
-0.01101497453258758
-0.006411975547205213
-0.002397352816711109
-0.0012828029959262336
-0.003792324596064915
-0.006666904600449695
-0.010324626656401523
-0.01113836019435791
-0.010961949289512728
-0.010333804102318324
-0.008261740757547174
-0.005422850820616621
-0.0023993922491370653
0.0014163858198263423
0.005323938347957764
0.008944950620242387
0.012499681338683443
0.013372558416992551
0.010962969005725706
0.006448685330872418
4.884440660164276E-4
-0.004458199283139502
-0.007027884139843881
-0.007110481153095093
-0.005814421846400146
-0.003234539827565988
1.3154339147415273E-4
0.0027981012884114352
0.0013959914955667836
-0.002462614654341697
-0.007470440976276301
-0.011587035328068198
-0.013815115253424971
-0.013667256402543172
-0.011129182748441107
-0.008359633513993056
-0.005754258589834449
-0.005549295631025885
-0.004384779715805091
-7.392942544089979E-4
0.0019140073317595713
0.002525837059546328
-1.4581941845584373E-4
-0.002356564168191992
-0.002384096505942396
-0.002272947438727802
-0.0015601658058562301
7.729448894372696E-4
0.00309585842260099
0.00471006918774505
0.007349094746931928
0.008503413500022945
0.0079048400830049
0.005613537752443495
0.003035695166035292
4.3235967430264155E-4
-5.353510118134123E-4
5.486073225821254E-4
0.0011696144962856836
-1.84568634549005E-4
-0.00122060030693458
-0.004009524149429213
-0.006035700264616356
-0.00726955688231965
-0.007863031718272805
-0.007457184665507589
-0.006944267410379691
-0.0070482784641034395
-0.007892603488449165
-0.007065613639724065
-0.004576486363844942
-0.0023759387762385727
-7.95378646122784E-4
1.3970112117797618E-4
6.485395114539624E-4
0.0010299133751077074
0.0011012935100161625
0.0020781816420490174
0.005324958064170741
0.010135979157000605
0.014286224143820773
0.015127490019527566
0.014325993076126912
0.014982690317284698
0.01811831767219183
0.01974986361295651
0.019897722463838315
0.01906359460162237
0.019246123803745414
0.017486093620145512
0.01334400636302917
0.012253929731355763
0.013994585306909087
0.012787241310743219
0.0074031397062197584
0.0014673716304752387
-0.0017641090484518157
-0.0031611202602315775
-0.00485792803862685
-0.005422850820616621
-0.007644812448695528
-0.009488459361759622
-0.006672003181514585
-0.004495928783019685
-0.002288243181922471
-0.003689333258554144
-0.005693075617055773
-0.004053371946587264
-0.0012970790229079247
-0.0017100640891639857
-0.004961939092350598
-0.008090428433766882
-0.010540806493552844
-0.012493563041405578
-0.012300836677152748
-0.010535707912487955
-0.008931694309473673
-0.007463302962785456
-0.002314755803459897
-0.001789601953776264
-0.001508160278994356
0.00412475208149572
0.007070712220788955
0.002386135938368352
-5.373904442393682E-4
7.015647545288145E-4
1.0910963478863831E-4
-5.955142683791101E-4
-2.946979855506212E-4
0.0021189702905681346
0.008054738366312654
0.012732176635242412
0.013836529293897509
0.015093839384499293
0.016865086446441958
0.013099274471914465
0.006169283088516465
0.0021679166687910752
-0.0010982343613772287
-0.004093140878893404
-0.004433726094028032
-0.005548275914812907
-0.006808645154053626
-0.007713133434965049
-0.007302187801134943
-0.006036719980829335
-0.0048028633631260415
-0.004185935054274396
-0.004213467392024799
-0.006166223939877532
-0.00969138288814223
-0.01216623413703966
-0.013605053713551519
-0.01322469956611075
-0.010068677886944063
-0.006818842316183406
-0.00451326395864031
-6.036719980829334E-4
0.0021893307092636116
0.0017559513187479924
-4.741680390347366E-4
-0.0034129901648371256
-0.0030509909092299612
-0.004191033635339285
-0.006392600939158632
-0.006999332085880499
-0.006379344628389919
-0.0063089842096944425
-0.007438829773673986
-0.007832440231883467
-0.007140052923271453
-0.006017345372782754
-0.00818016346050894
-0.008905181687936248
-0.01237833510933907
-0.014109813238975592
-0.0173158010125782
-0.017962301091606205
-0.01575971407157388
-0.01338275557912233
-0.013173713755461855
-0.012375275960700136
-0.010216536737825863
-0.008358613797780077
-0.007224689368948621
-0.005706331927824486
-0.005181178078140854
-0.004484711904676928
-0.005475876063691474
-0.006010207359291909
-0.005021082632703319
-0.003479271718680691
2.4779103975363655E-4
0.003509863205070029
0.006056094588875916
0.007875268312828539
0.008680844121081104
0.009765822171689618
0.010320547791549612
0.01057751627722005
0.010913002911289788
0.010637679533785747
0.011132241897080042
0.011470787679788715
0.011452432787955111
0.011865417854211172
0.01165025773327283
0.01120158259956254
0.009680166009799472
0.008698179296701728
0.0076274772730749035
0.006908577342925464
0.006573090708855725
0.004879342079099387
0.001973150872112291
0.0016478614001723322
0.0017131232378029193
0.001601974170588325
0.001519377157337113
0.0014214844008912319
5.098581064889641E-6
-0.002964315031126837
-0.0036301897182014244
-0.0034354239215226403
-0.002860303977403089
3.97689323061392E-4
0.0025645862756394897
0.004548954026094538
0.005555413928303753
0.004500007647871598
0.004150244986820168
0.00507920645684306
0.006552696384596167
0.009280437254312126
0.010576496561007072
0.009890227549672925
0.008600286540255846
0.005380022739671549
0.00392284827132609
0.0035129223537089626
0.0032977622327706197
0.0016672360082189126
3.8035414744076723E-4
-3.4568379619951767E-4
-9.717895509679655E-4
-4.8028633631260414E-4
5.363707280263902E-4
8.647193486052831E-4
-3.599598231812086E-4
-0.002746095761549561
-0.004717207201235896
-0.006920813937481198
-0.008704297593979594
-0.007952766745014862
-0.006587366735837416
-0.005540118185109084
-0.006018365088995732
-0.00827397735210291
-0.009579214104714658
-0.008966364660714921
-0.007390903111664023
-0.005864387940836066
-0.003892256784936752
-0.00201801838548332
-7.138013490845497E-4
6.689338357135209E-4
0.0014102675225484747
0.0020669647637062607
0.0026033354917326507
0.0027746478155129426
0.0010207359291909061
1.957855128917622E-4
1.4581941845584373E-4
-7.545899976036668E-5
5.496270387951033E-4
0.001021755645403884
1.4683913466882165E-4
5.598242009248826E-4
3.018359990414667E-4
-6.10810011573779E-4
-0.0023229135331637204
-0.004608097566447257
-0.005756298022260404
-0.006862690113341457
-0.007629516705500859
-0.007337877868589171
-0.005322918631744785
-0.0030346754498223145
-0.0014643124818363047
-0.0012114228610177788
-7.056436193807262E-4
-3.997287554873479E-4
7.158407815105055E-4
0.001878317264305344
0.002738957748058715
0.0025492905324448205
0.003042833179526138
0.005201572402400411
0.008579892215996287
0.011090433532347947
0.014656381129131762
0.01755645403884099
0.019224709763272882
0.01962851738361214
0.018178480928757526
0.01520396873550091
0.012601652959981237
0.009367113132415249
0.006177440818220289
0.003482330867319625
0.002326992398015632
0.001307276185037704
0.0022372573712735743
0.0030336557336093366
0.001405168941483585
4.6397087690495736E-4
-0.0010421499696634427
-0.0036434460289701373
-0.005049634686666701
-0.005841954184150551
-0.006818842316183406
-0.007112520585521049
-0.00688104500517506
-0.006344674277148669
-0.004867105484543651
-0.003461936543060066
-0.0021801532633468103
-0.001449016738641636
-0.0010717217398398026
-0.0013745774550942473
-0.0012950395904819689
-0.0015958558733104576
-0.0014245435495301656
-0.002370840195173683
-0.00441027262112954
-0.0056910361846298175
-0.006333457398805913
-0.006915715356416309
-0.006867788694406346
-0.006217209750526429
-0.004960919376137621
-0.0036393671641182256
-0.0035618687319319033
-0.0037800880015091795
-0.003504764624005139
-0.003208027206028562
-0.0027858646938557
-0.0025870200323250036
-0.002032294412465011
-8.453447405587024E-4
5.873565386752866E-4
0.0018038779807579548
0.0019588748451306003
0.0017549316025350144
0.002331071262867544
0.0038881779200848404
0.006558814681874034
0.007563235151657293
0.008903142255510291
0.009865754360561457
0.011039447721699052
0.011958212029592165
0.011557463557891837
0.009603687293826126
0.007252221706699025
0.004574446931418986
0.001236915766342227
0.0011033329424421183
0.0023800176410904844
0.0047641141470328805
0.006249840669341721
0.0060316213997644455
0.004781449322653506
0.004237940581136269
0.0024503780597859614
9.24882605170981E-4
1.2338566177032932E-4
-2.457516073276807E-4
-4.017681879133037E-4
-9.350797673007602E-4
9.687304023290318E-5
4.588722958400677E-5
0.001901770737203836
0.0021159111419292013
2.732839450780848E-4
0.0010533668480061998
0.003293683367918708
0.004174718175931638
0.003768871123166423
0.004059490243865132
0.00394732146043756
0.0034894688808104705
0.0024248851544615133
0.0020720633447711503
0.0016845711838395373
9.044882809114223E-4
0.0019527565478527325
0.0024891272758791228
0.001990486047732916
0.002572744005343313
0.003040793747100182
0.0029102700718390074
0.0018395680482121825
9.513952267084071E-4
0.0010003416049313475
6.923873086120133E-4
-8.738967945220845E-4
-0.0030907598415361006
-0.005063910713648392
-0.005259696226540154
-0.002866422274680956
-0.0027308000183548916
-0.0029704333284047047
-0.0021821926957727666
-0.001743714724192257
-0.0025105413163516595
-0.0019670325748344236
-7.209393625753952E-4
-4.670300255438911E-4
0.00278076611279081
0.004298103837701967
0.0037454176502679302
0.0038769610417420833
0.0029092503556260294
0.003421147894540949
0.004543855445029649
0.004480633039825017
0.004616255296151081
0.0046009595529564115
0.004707010039106116
0.004711088903958029
0.004768193011884792
0.003746437366480908
0.0016957880621822946
8.820545242259079E-4
3.038754314674226E-4
1.519377157337113E-4
2.641064991612834E-4
3.0489514768040053E-4
3.6709783667205416E-4
4.1502449868201674E-4
4.578525796270898E-4
2.4677132354065863E-4
5.812382413974191E-5
6.301846196203596E-4
6.96466173463925E-4
7.199196463624172E-4
8.178124028082984E-4
7.963983623357619E-4
2.600276343093717E-4
-0.0027777069641518764
-0.0041002788923842496
-0.0033344720164378253
-0.002276006587366736
9.177445916801353E-6
5.445284577302137E-4
0.002187291276837656
0.0026971493833266203
0.002139364614827693
6.128494439997348E-4
-6.96466173463925E-4
-0.002204626452458281
-0.0029316841123115437
-0.004699872025615271
-0.006520065465780873
-0.006763777640682598
-0.005690016468416839
-0.004726384647152697
-0.003971794649549031
-0.0027440563291236046
-0.0014357604278729228
-4.089062014041492E-4
0.0010737611722657584
-2.2943614792003385E-4
-0.0011145498207848754
1.9374608046580637E-4
0.001176752509776529
7.331759571311304E-4
-7.95378646122784E-5
3.110134449582681E-4
7.178802139364614E-4
2.141404047253649E-4
1.7335175620624782E-5
-9.269220375969368E-4
-0.0010492879831542881
-6.96466173463925E-4
1.3256310768713067E-5
2.3249529655896764E-4
6.96466173463925E-4
0.0015601658058562301
0.0018263117374434693
0.001630526224551707
8.137335379563868E-4
-2.590079180963938E-4
-7.188999301494393E-4
-6.587366735837417E-4
-6.566972411577858E-4
-6.587366735837417E-4
-5.54725619859993E-4
1.0910963478863831E-4
6.801507140562781E-4
9.615923888381862E-4
0.0018630215211106749
0.0031488836656758425
0.0037617331096755774
0.0026971493833266203
0.0022525531144682435
0.0016111516165051266
0.001008499334635171
7.851814839930048E-4
3.9666960684841407E-4
-0.0017192415350807868
-0.003881039906593995
-0.005137330280982803
-0.005575808252563311
-0.0060387594132552905
-0.005665543279305369
-0.006769895937960466
-0.007350114463144907
-0.0075030718950915955
-0.007664187056742109
-0.008328022311390739
-0.008611503418598603
-0.008956167498585143
-0.011259706423702283
-0.013561205916393466
-0.013997644455548021
-0.01531613751892848
-0.01699968898655504
-0.016817159784431993
-0.015369162762003332
-0.01435250569766434
-0.013366440119714683
-0.012268205758337454
-0.010396006791309979
-0.008519728959430591
-0.007916056961347657
-0.007460243814146523
-0.007242024544569246
-0.005609458887591583
-0.004038076203392596
-0.0032630918815293704
-7.280773760662407E-4
0.0015744418328379212
0.0024901469920921007
0.004230802567645424
0.005247459631984418
0.006294708182712751
0.006489473979391535
0.007532643665267955
0.006555755533235101
0.006163164791238598
0.0059551426837911
0.005969418710772792
0.005889880846160513
0.005913334319059006
0.006635293397847379
0.008750184823563602
0.010533668480061998
0.010676428749878909
0.01066113300668424
0.010587713439349828
0.010420479980421447
0.010363375872494685
0.010456170047875675
0.010583634574497916
0.010342981548235127
0.010373573034624464
0.01075494689827821
0.01056222053402538
0.009842300887662962
0.007754941799697144
0.006287570169221906
0.005511566131145702
0.0046305313231327725
0.003462956259273044
0.0035598292995059474
0.0038535075688435907
0.004979274267971223
0.005883762548882645
0.005897018859651359
0.006312043358333376
0.0054452845773021365
0.0055523547796648195
0.004255275756756894
0.0024646540867676522
5.985734170180438E-4
-5.037398092110966E-4
-0.0022984403440522503
-0.003082602111832277
-0.002940861558228345
-0.0021699561012170315
-7.81102619141093E-4
3.2121060708804736E-4
5.791988089714631E-4
0.0017926611024151977
0.0026074143565845624
0.001109451239719986
3.6505840424609827E-4
6.83209862695212E-5
-0.0015173377249111573
-0.0032518750031866133
-0.004374582553675312
-0.004358267094267665
-0.004310340432257703
-0.004322577026813438
-0.004223664554154579
-0.0042144871082377775
-0.004037056487179618
-0.0041655407300148365
-0.004260374337821784
-0.004219585689302667
-0.00431136014847068
-0.005074107875778171
-0.006748481897487929
-0.008204636649620409
-0.007737606624076519
-0.007040120734399616
-0.00537492415860666
-0.004071726838420867
-0.004113535203152962
-0.00414922527060719
-0.003993208690021567
-0.0035557504346540357
-0.0036261108533495127
-0.0028970137610702944
0.0019813086018161145
0.0032630918815293704
8.830742404388858E-4
8.004772271876737E-4
8.341278622159452E-4
8.759362269480403E-4
8.218912676602101E-4
9.65671253690098E-4
6.96466173463925E-4
7.005450383158367E-4
-3.6505840424609827E-4
-0.0014133266711874083
-9.38138915939694E-4
6.556775249448078E-4
0.0012909607256300572
0.001038071104811531
5.608439171378606E-4
-0.001946638250574865
-0.003653643191099917
-0.0033293734353729357
-0.003591440502108263
-0.0035679870292097708
-0.003580223623765506
-0.0035037449077921614
-0.0033874972595126776
-0.001973150872112291
0.001079879469543626
0.0017406555755533236
0.001601974170588325
0.001618289629995972
0.0016458219677463763
0.001703945791886118
0.0017273992647846104
0.0016957880621822946
0.0017681879133037274
0.0017977596834800873
0.001788582237563286
0.0014010900766316735
0.0014510561710675918
0.0020496295880856356
0.0018823961291572556
0.003087700692897167
0.004616255296151081
0.004271591216164541
0.0026451438564647455
0.0017926611024151977
0.0014877659547347973
0.0014357604278729228
0.001291980441843035
-1.1114906721459418E-4
4.282808094507298E-4
0.0022372573712735743
0.002226040492930817
0.0023616627492568814
0.003737259920564107
0.0065374006414014975
0.007728429178159717
0.0072552808553379596
0.004609117282660235
0.002343307857423279
0.0019058496020557477
7.127816328715718E-4
7.943589299098061E-4
0.002365741614108793
0.0029378024095894108
0.0013827351847980707
-8.840939566518637E-4
-0.0016570388460891332
-0.0016804923189876256
-0.0018120357104617784
-0.0017080246567380299
-0.0024065302626279103
-0.004181856189422483
-0.005113876808084309
-0.006107080399524812
-0.006450724763298373
-0.006603682195245063
-0.007367449638765531
-0.007648891313547439
-0.00689532103215675
-0.006785191681155134
-0.006745422748848995
-0.006027542534912533
-0.006040798845681247
-0.004639708769049573
-0.0028470476666343754
-0.0016988472108212284
-0.001291980441843035
-0.0010625442939230013
-8.810348080129299E-4
-9.136657268282237E-4
-8.769559431610183E-4
-8.52482754049548E-4
-7.719251732242917E-4
-7.617280110945124E-4
-3.8851187714459065E-4
1.549968643726451E-4
3.41604931347606E-4
5.200552686187433E-5
-7.52550565177711E-4
-4.894637822294055E-4
-4.333793905156195E-4
3.191711746620915E-4
8.575813351144376E-4
0.0017559513187479924
0.002062885898854349
0.0013021776039728143
-6.220268899165362E-5
-4.486751337102884E-4
-2.426924586887469E-4
-2.641064991612834E-4
-2.4473189111470274E-4
-1.8354891833602708E-4
-4.7926662009962624E-5
-3.354866340697384E-4
-0.0010452091183023762
-0.0017641090484518157
-0.0020261761151871434
-0.0020496295880856356
-0.002584980599899048
-0.0034313450566707286
-0.004924209592470415
-0.0045499737423075155
-0.004574446931418986
-0.0037556148123977094
-0.0034425619350134857
-0.003938144014520759
-0.004160442148949947
-0.003415029597263082
-0.0025472511000188647
-0.0023371895601454113
-0.0027104056940953332
-0.002287223465709493
-0.0020516690205115914
-0.0016407233866814865
-0.001748813305257147
-9.034685646984444E-4
4.415371202194429E-4
4.853849173774938E-4
5.302524307485227E-4
5.628833495638164E-4
6.2508603855547E-4
6.475197952409844E-4
6.332437682592934E-4
7.719251732242917E-4
8.096546731044751E-4
8.80015091799952E-4
0.0023331106952934996
0.004559151188224317
0.005658405265814524
0.005814421846400146
0.0059561624000040786
0.0063110236421203975
0.0059051765893551825
0.005737943130426802
0.005794027522140589
0.005795047238353565
0.005086344470333906
0.0034772322862547354
0.0036567023397388503
0.005244400483345485
0.006122376142719481
0.005833796454446727
0.006049976291598048
0.005950044102726211
0.006002049629588085
0.005289267996716514
0.0036740375153594754
0.0023514655871271026
9.575135239862745E-4
0.0013419465362789536
0.001208363712378845
6.791309978433002E-4
-4.864046335904717E-4
-0.0011849102394803524
-6.658746870745871E-4
7.729448894372696E-4
0.0016417431028944644
0.0014612533331973712
0.0014826673736699075
5.404495928783019E-4
-0.0010431696858764204
-0.0010808991857566039
-0.002235217938847619
-0.0030734246659154755
-0.002714484558947245
-0.0021495617769574727
-0.0019843677504550483
-0.003152962530527754
-0.0032284215302881207
-0.0030061233958589323
-0.0030203994228406236
-0.0031182921792865044
-0.0030601683551467625
-0.0030734246659154755
-0.003069345801063564
-0.0030020445310070206
-0.0026451438564647455
-0.002468732951619564
-0.0030346754498223145
-0.0027909632749205894
-0.0029021123421351836
-0.0031142133144345927
-0.004206329378533954
-0.004692734012124426
-0.004418430350833363
-0.0027746478155129426
-0.002746095761549561
-0.003653643191099917
-0.004698852309402293
-0.00272672115350298
-0.0030244782876925353
-0.004157383000311013
-0.004037056487179618
-0.003313057975965289
-0.004160442148949947
-0.005211769564530191
-0.005513605563571658
-0.004589742674613655
-0.003765811974527489
-0.004618294728577037
-0.005981655305328526
-0.006491513411817491
-0.007469421260063325
-0.007632575854139793
-0.0070605150586591755
-0.006669963749088629
-0.006212111169461538
-0.005446304293515115
-0.004616255296151081
-0.0031733568547873126
-0.0022790657360056694
-0.0016804923189876256
-1.9986437774367394E-4
6.118297277867568E-5
6.0163256565697764E-5
2.345347289849235E-5
6.730127005654326E-5
2.5390933703150413E-4
0.002325972681802654
0.005160783753881295
0.005088383902759862
0.005071048727139237
0.005051674119092656
0.005083285321694973
0.005059831848796479
0.005089403618972839
0.005070029010926259
0.005094502200037729
0.00507920645684306
0.00510367964595453
0.0051434485782606695
0.00513834999719578
0.004279748945868364
0.002700208531965554
0.0013399071038529978
2.243375668551442E-4
2.5390933703150413E-4
3.283486205788929E-4
3.181514584491136E-4
3.171317422361357E-4
3.2325003951400326E-4
3.181514584491136E-4
3.2732890436591494E-4
3.2121060708804736E-4
3.3038805300484876E-4
3.252894719399591E-4
3.3446691785676044E-4
3.283486205788929E-4
3.3650635028271633E-4
3.681175528850321E-4
9.22843172745025E-4
0.002269888290088868
0.0035690067454227487
0.00480898166040391
0.005409594509847909
0.005336174942513498
0.005339234091152432
0.005341273523578389
0.005337194658726476
0.005343312956004344
0.005337194658726476
0.005344332672217321
0.00534025380736541
0.005308642604763094
0.004854868889987916
0.0037280824746473056
0.0025635665594265114
0.0011420821585352797
3.191711746620915E-4
4.486751337102884E-4
4.598920120530456E-4
4.1502449868201674E-4
4.945623632942952E-4
3.8545272850565684E-4
1.0197162129779283E-4
-0.0030458923281650716
-0.004948682781581885
-0.004273630648590497
-0.0045601709044372956
-0.004375602269888291
-0.004505106228936487
-0.004409252904916562
-0.004480633039825017
-0.004461258431778436
-0.004567308917928141
-0.004539776580177736
-0.004552013174733472
-0.0045448751612426255
-0.0045448751612426255
-0.0045499737423075155
-0.004541816012603692
-0.004550993458520494
-0.004543855445029649
-0.0045448751612426255
-0.004448002121009723
-0.004436785242666966
-0.004450041553435678
-0.0044673767290563035
-0.004554052607159427
-0.004532638566686891
-0.004557111755798361
-0.004524480836983068
-0.004531618850473913
-0.003851468136417635
-0.001999663493649717
-1.774306210581595E-4
3.619992556071645E-4
2.528896208185262E-4
2.610473505223496E-4
2.641064991612834E-4
2.5594876945745997E-4
3.252894719399591E-4
0.0016723345892838022
0.003153982246740732
1.2134622934437345E-4
1.4683913466882165E-4
1.2338566177032932E-4
5.873565386752866E-4
0.0017233203999326987
0.004042155068244508
0.005484033793395298
0.0050659501460743476
0.0052749919697348225
0.005209730132104235
0.0051730203484370305
0.004963978524776555
0.004491849918167774
9.38138915939694E-4
2.753233775040406E-5
3.171317422361357E-4
2.498304721795924E-4
2.732839450780848E-4
6.261057547684479E-4
0.0016998669270342063
0.002272947438727802
0.001873218683240454
0.0012318171852773372
5.424890253042579E-4
8.586010513274155E-4
