7.872
6.964
11.062
9.339
11.232
11.156
10.618
13.652
9.07
12.554
10.29
7.062
4.803
4.476
1.358
5.982
5.127
5.63
7.482
9.679
12.368
6.552
8.462
7.774
12.689
-4.745
1.585
5.658
-4.318
-7.993
-1.166
10.999
3.757
-7.703
16.42
35.293
12.755
19.155
23.659
15.347
13.783
17.945
16.941
6.061
5.218
3.463
12.513
30.445
20.407
41.655
17.811
1.152
8.404
18.759
29.032
-7.38
5.802
17.2
19.301
-29.024
-36.162
32.989
51.249
3.872
-9.185
32.5
31.095
21.705
14.971
21.454
-1.078
-42.003
-13.026
26.319
31.882
43.916
69.414
47.912
-15.972
-36.456
27.992
72.851
36.578
8.855
16.987
46.426
26.042
-33.992
-27.822
22.888
15.831
-15.608
-6.556
60.457
121.353
95.438
-2.465
-26.003
-20.387
10.853
43.537
23.011
1.289
10.226
36.447
10.258
1.078
-32.053
-28.898
4.224
15.161
23.051
63.404
72.458
38.45
13.508
-11.815
-12.719
-3.407
-18.91
12.859
78.503
46.25
0.848
-65.992
-28.096
45.434
91.667
74.147
68.336
32.8
30.344
49.103
60.528
-4.132
-114.834
-120.49
-75.63
-52.719
-105.13
-155.044
-202.604
-245.843
-288.111
-279.657
-258.935
-287.616
-340.291
-327.266
-326.841
-325.691
-351.896
-364.813
-388.759
-415.069
-414.32
-402.059
-370.096
-355.445
-336.922
-269.879
-158.657
-88.317
1.573
47.564
92.693
126.7
221.951
254.952
257.965
306.454
420.78
466.23
506.855
562.798
567.787
542.532
484.712
539.638
556.125
453.721
331.065
255.964
196.253
71.27
-36.211
-114.739
-168.941
-249.197
-379.441
-466.202
-462.272
-406.367
-313.155
-244.645
-243.598
-292.233
-323.947
-348.407
-335.792
-315.63
-165.253
-135.634
-56.13
-111.159
-37.393
83.52
113.581
151.032
190.385
279.503
370.348
428.653
443.205
456.542
486.079
521.675
506.617
500.741
537.227
592.349
405.243
162.3
-64.917
-177.355
-297.775
-391.154
-378.277
-342.919
-282.498
-303.438
-348.881
-324.605
-291.085
-267.749
-225.333
-206.911
-167.432
-147.258
30.177
237.22
189.498
275.596
371.115
422.424
373.085
173.917
-29.326
-124.423
-213.645
-186.681
-141.083
-94.452
-19.586
17.505
68.396
85.654
74.025
81.323
82.099
10.095
-27.578
74.352
145.394
89.559
22.693
3.374
-5.41
-85.761
-175.987
-215.073
-190.556
-175.121
-180.287
-167.031
-237.743
-298.009
-301.487
-83.876
164.934
85.809
19.291
-70.568
-32.701
49.916
116.225
118.164
152.847
144.892
214.269
270.963
351.582
381.051
403.257
372.749
319.486
231.712
163.643
88.988
86.308
107.548
100.892
52.264
77.73
-12.611
-69.401
-47.834
-36.751
-126.725
-159.985
-171.65
-204.135
-179.142
-172.964
-266.833
-286.2
-282.414
-44.64
91.064
51.953
20.258
35.336
96.949
164.451
185.601
188.227
102.562
-54.201
-177.747
-285.344
-357.165
-388.09
-385.96
-401.091
-437.989
-442.749
-423.435
-391.432
-315.276
-103.794
120.244
283.514
385.464
381.31
311.22
36.545
-175.001
-144.639
-116.645
18.83
161.653
283.749
288.355
335.16
362.055
381.331
420.112
479.265
495.826
463.959
401.874
324.393
238.357
209.875
136.058
54.106
-25.897
-243.183
-325.145
-293.886
-229.02
-170.825
-132.154
-110.276
-100.099
-115.095
-181.75
-200.602
-224.941
-235.67
-234.52
-216.238
-259.809
-284.559
-314.751
-346.759
-324.711
-312.164
-316.916
-173.108
-63.224
56.944
94.544
140.992
196.909
250.687
266.549
279.534
273.837
253.865
241.436
218.588
196.513
194.043
171.931
116.015
63.818
27.235
-66.483
-232.634
-287.601
-283.5
-221.791
-117.16
-49.716
-30.266
-28.737
-51.297
-76.152
-32.717
44.305
91.695
114.199
66.787
-6.946
-23.504
2.679
39.955
51.742
63.08
64.427
75.549
91.001
91.072
59.446
7.33
-39.783
-64.874
-7.081
147.338
191.677
206.079
143.282
187.611
225.005
218.38
101.47
9.472
-89.911
-202.276
-282.954
-302.598
-396.539
-347.211
-280.366
-242.716
-192.242
-146.021
-45.868
101.807
144.703
240.045
208.809
58.314
11.244
29.286
72.636
105.567
110.492
100.828
107.791
95.737
29.362
-37.179
-175.698
-44.287
143.889
124.224
89.778
1.626
-41.828
-48.891
-37.379
-69.056
-85.295
-99.884
-103.675
-141.577
-174.168
-193.142
-194.851
-151.525
-96.097
-67.4
-39.69
0.785
57.903
108.983
126.166
115.182
98.672
90.956
97.913
119.518
123.722
102.97
76.796
41.03
10.245
-13.127
-25.254
-34.483
-56.446
-39.052
-6.428
-27.657
-52.145
-81.648
-76.884
-58.856
-66.675
-113.879
-144.836
-159.616
-143.725
-125.39
-133.717
-133.369
-105.718
-42.33
4.12
39.905
64.77
85.245
94.788
102.494
109.286
124.299
146.366
164.973
172.095
171.49
162.132
145.56
112.093
73.786
36.515
13.594
3.655
-8.177
-24.369
-48.823
-64.898
-65.836
-46.551
-6.534
6.233
4.692
5.498
8.944
10.908
11.43
10.97
13.427
34.348
64.331
76.604
78.436
82.201
80.989
80.703
68.805
31.74
10.015
-5.05
-17.034
-38.935
-64.612
-86.131
-94.318
-89.217
-78.649
-58.105
-36.201
-28.06
-28.607
-36.103
-52.153
-59.699
-45.825
-14.965
-24.077
-32.896
-33.61
-40.216
-51.605
-65.332
-73.541
-55.015
-14.869
4.389
15.872
13.027
-0.495
8.604
29.221
45.126
56.083
80.932
90.609
46.513
-11.879
-41.418
-32.115
9.612
28.546
18.643
-15.604
-52.212
-67.628
-65.622
-48.815
-44.03
-52.546
-51.624
-34.781
-31.334
-27.454
-18.574
-11.7
-7.751
-1.006
8.559
18.394
20.804
20.788
19.355
16.128
12.685
30.038
53.62
63.254
64.038
59.767
57.087
57.34
56.341
46.308
30.921
15.714
5.245
-2.338
-7.247
-4.096
-1.164
-13.715
-27.566
-45.277
-56.692
-58.497
-60.002
-52.111
-24.068
5.544
18.478
31.85
49.735
71.983
86.123
85.836
68.936
54.367
49.884
55.369
47.096
22.68
-1.268
-19.329
-26.864
-33.449
-45.787
-61.371
-70.984
-74.283
-68.201
-52.632
-42.273
-39.208
-29.349
-11.616
-3.283
-4.778
0.861
15.373
28.655
29.602
14.001
4.083
13.06
28.529
31.401
22.569
13.214
2.965
-11.529
-14.132
-11.687
-8.124
-8.142
-9.991
-16.033
-18.443
-28.209
-37.802
-41.517
-45.298
-46.811
-41.69
-28.875
-11.363
1.683
4.288
3.926
7.804
16.066
15.387
12.377
14.99
15.386
14.368
19.852
32.92
42.122
44.581
37.778
29.728
17.805
-1.361
-20.056
-34.16
-47.74
-53.916
-49.201
-36.999
-25.909
-24.933
-26.427
-21.004
7.214
38.491
55.86
59.295
61.922
70.277
75.918
81.167
74.847
58.948
45.19
35.094
22.438
9.422
-9.321
-23.875
-35.146
-44.304
-44.644
-32.749
-11.663
7.587
19.233
25.545
25.41
27.246
31.759
29.11
28.509
23.583
9.604
8.162
-8.664
-32.279
-34.171
-33.353
-44.189
-39.959
-38.031
-44.187
-38.234
-34.631
-50.945
-59.541
-54.982
-32.294
5.359
31.026
37.68
44.975
55.53
54.166
48.424
45.533
34.74
24.976
16.506
5.813
-11.608
-27.564
-30.7
-31.463
-29.542
-29.941
-33.303
-33.565
-24.462
-8.647
11.099
29.653
42.855
49.143
49.115
43.596
33.605
15.697
-1.281
-13.625
-15.111
-6.333
0.597
2.834
6.582
15.391
22.244
21.702
14.567
1.462
-6.139
-5.696
-2.33
-5.551
-19.367
-38.256
-56.788
-65.745
-62.468
-46.824
-22.973
-2.402
16.005
36.149
52.841
59.932
59.862
60.255
58.89
51.811
38.9
17.636
-4.217
-22.197
-43.099
-60.332
-70.672
-73.918
-74.437
-67.612
-51.467
-30.067
-15.959
-5.353
10.264
27.096
40.268
49.31
57.049
55.737
45.999
36.982
28.891
23.809
20.458
14.412
3.567
-6.515
-13.265
-21.436
-36.729
-49.683
-51.683
-34.923
-20.45
-17.522
-19.151
-16.09
-12.172
-5.443
8.574
23.677
33.118
32.199
27.876
28.176
32.779
36.578
40.642
43.968
41.198
30.137
19.106
8.887
-2.706
-13.889
-25.197
-36.074
-43.875
-50.596
-53.494
-53.216
-50.773
-49.265
-44.634
-34.899
-27.809
-9.987
19.358
38.119
45.593
47.88
51.445
56.782
57.317
48.303
33.699
21.783
9.776
-7.185
-15.662
-15.981
-19.031
-26.481
-32.115
-30.428
-17.213
-2.451
1.773
2.768
7.355
17.449
30.521
37.339
37.001
31.284
21.384
7.236
0.56
-1.823
0.941
9.896
9.561
-0.529
-12.417
-22.566
-25.442
-16.931
-5.448
0.581
-2.13
-10.236
-18.393
-19.673
-16.679
-17.329
-19.139
-19.133
-15.358
-7.873
1.571
10.426
7.587
3.325
7.77
15.577
20.592
19.389
13.62
6.801
0.146
-3.916
-7.951
-7.82
-7.927
-4.253
-3.927
-8.778
-15.894
-20.323
-24.043
-30.147
-37.589
-39.202
-36.311
-28.11
-20.167
-17.684
-20.449
-24.927
-27.526
-20.419
-8.857
2.574
12.303
23.803
35.224
37.939
30.126
16.869
5.691
-1.724
-9.892
-18.531
-23.337
-21.397
-18.357
-11.685
-8.256
-8.387
-7.175
-3.872
3.762
15.248
24.808
26.768
21.188
15.03
9.256
5.266
1.608
-5.345
-10.029
-15.351
-20.592
-23.213
-22.992
-33.126
-50.98
-53.435
-24.595
-4.673
1.083
0.983
-1.459
-0.805
5.267
10.46
12.508
14.244
18.228
20.583
16.266
11.068
9.763
4.656
-4.699
-10.703
-2.601
13.587
23.237
20.943
15.128
10.693
9.147
1.548
-7.323
-11.467
-14.278
-15.133
-12.804
-16.379
-21.989
-23.259
-18.507
-10.464
-6.047
-3.056
4.471
11.237
16.507
22.619
28.847
31.199
24.249
9.42
-1.951
-8.469
-9.792
-7.477
-8.233
-10.56
-16.821
-21.306
-21.086
-13.562
-0.933
4.264
3.924
1.176
3.049
6.769
4.992
-2.116
-7.881
-8.933
-6.314
-2.264
3.79
8.991
15.336
18.586
17.548
17.626
21.78
22.536
16.981
6.582
-3.528
-9.674
-10.673
-8.93
-5.363
2.998
12.208
17.999
19.689
19.733
19.461
16.694
11.409
6.429
6.52
6.729
2.322
-4.407
-7.737
-7.885
-9.223
-15.376
-24.632
-29.066
-26.206
-19.374
-12.785
-4.014
6.87
14.516
15.682
11.058
14.039
18.16
24.625
25.778
21.913
19.344
20.1
23.972
26.342
22.963
19.29
15.948
11.149
3.394
-5.254
-8.039
-2.771
-1.078
-1.283
0.828
4.073
3.908
-4.018
-18.649
-27.293
-14.736
1.45
-1.234
-8.686
-8.314
-3.031
-6.657
-16.114
-17.938
-11.217
-9.066
-14.686
-20.322
-23.144
-24.394
-29.649
-33.237
-25.404
-3.869
7.14
10.847
7.487
8.09
15.349
21.17
19.261
4.818
-9.487
-18.287
-22.25
-21.542
-14.375
-5.988
-1.738
-3.627
-5.784
-2.988
-2.041
2.164
7.474
10.144
14.002
18.837
24.465
29.957
28.927
24.366
22.55
26.313
32.879
39.588
39.726
36.185
26.816
18.032
11.913
7.767
2.952
-2.113
-10.628
-16.257
-18.357
-19.259
-19.345
-19.068
-21.316
-24.341
-21.72
-15.913
-7.969
-3.142
-2.404
-2.161
1.719
6.198
10.662
13.845
15.859
17.438
15.216
9.345
5.56
3.217
2.24
6.136
10.239
10.492
6.472
0.432
-5.079
-10.963
-11.898
-11.85
-9.653
-10.257
-9.83
-5.349
1.54
6.512
9.161
10.872
10.56
7.737
1.57
-5.575
-9.381
-8.145
-4.908
-4.967
-3.788
-1.714
-0.468
-3.397
-7.242
-9.253
-6.9
-6.515
-8.033
-7.888
-9.268
-9.457
-7.923
-5.627
-2.707
-2.407
1.402
5.282
8.521
11.471
14.171
13.595
14.067
14.012
13.498
9.121
8.672
5.851
3.273
3.164
3.029
3.117
0.584
-4.689
-10.367
-12.833
-6.519
-0.701
3.573
9.481
13.806
7.106
-3.131
-6.983
-4.529
-5.44
-3.155
2.358
4.053
3.984
1.876
-0.901
3.845
11.135
14.694
14.351
12.069
9.341
11.446
14.075
14.571
14.561
14.793
13.926
10.423
5.645
-0.61
-5.676
-6.71
-4.688
1.199
2.942
-4.355
-14.225
-23.325
-27.47
-27.339
-21.85
-15.391
-8.858
-6.409
-3.815
0.665
6.538
11.699
13.858
10.624
4.688
-3.131
-8.466
-13.211
-14.272
-14.09
-12.786
-13.073
-16.308
-17.099
-15.354
-11.005
-7.262
-5.864
-6.316
-7.108
-8.84
-8.673
-9.622
-11.051
-14.731
-16.811
-16.457
-13.065
-4.533
2.788
6.42
8.562
8.864
7.81
7.237
8.984
9.753
9.216
6.584
4.317
8.369
14.197
19.066
21.014
21.458
17.03
8.899
-0.048
-4.911
-7.957
-10.727
-10.092
-8.599
-10.19
-11.011
-12.032
-12.586
-9.523
-3.835
-0.18
4.862
9.28
11.663
13.598
10.723
10.326
9.166
7.781
6.117
2.372
-0.742
-0.526
-0.49
-2.621
-6.207
-7.475
-9.407
-9.378
-9.53
-10.65
-11.326
-11.198
-11.244
-11.367
-10.375
-3.25
3.525
4.666
4.88
1.465
-0.56
-2.343
-5.756
-6.423
-10.498
-9.572
-6.42
-5.36
-7.759
-14.434
-18.832
-19.299
-17.662
-16.013
-12.54
-11.792
-11.704
-9.181
-6.359
-5.756
-1.662
-1.2
0.591
4.08
4.291
3.87
0.898
0.663
-0.282
-2.231
-6.121
-4.465
-0.857
4.426
8.784
10.993
13.847
13.066
12.383
13.941
12.458
11.246
10.509
9.797
7.11
2.491
-2.818
-5.085
-3.947
-1.723
-1.148
-1.594
-4.201
-8.455
-11.877
-14.951
-17.595
-17.338
-17.247
-13.44
-9.83
-6.577
-4.307
-4.069
-2.824
-1.522
1.375
3.634
3.655
3.569
4.027
4.643
5.194
8.25
8.494
4.132
3.417
3.142
4.028
5.711
6.724
4.382
5.894
9.891
13.952
14.284
16.341
18.732
16.239
8.003
1.32
-2.78
-6.491
-12.267
-17.275
-19.801
-19.466
-14.695
-6.415
0.203
3.258
3.179
3.301
3.255
3.246
3.327
3.442
2.432
-1.171
-1.723
-4.464
-4.215
-2.178
1.298
4.578
7.915
8.691
8.422
9.028
5.822
3.59
0.343
-2.356
-4.96
-8.512
-10.507
-11.09
-9.293
-9.364
-11.716
-9.508
-3.889
1.668
2.93
6.123
8.255
8.694
12.83
16.982
22.936
26.505
30.017
28.216
24.446
18.756
13.725
10.048
6.629
3.292
0.398
-2.604
-3.885
-7.701
-9.012
-12.389
-9.327
-6.306
-0.119
4.569
9.503
13.14
13.568
14.195
13.794
13.716
13.466
13.835
8.894
3.338
2.453
-0.801
-2.67
-2.028
-1.171
-4.406
-9.841
-14.688
-18.592
-18.45
-17.292
-15.812
-13.762
-13.753
-10.536
-8.323
-6.396
-2.89
-1.695
2.564
2.193
5.292
3.604
2.098
-2.511
-2.524
-4.551
-3.692
-2.915
-2.123
2.155
6.629
7.965
2.897
-1.755
-2.099
2.379
8.291
9.641
8.226
5.501
4.674
8.252
7.877
8.515
6.089
6.619
9.038
10.536
9.268
8.119
6.09
7.839
12.331
13.472
13.604
14.126
17.534
18.355
18.745
17.153
13.858
10.302
8.189
8.403
8.387
5.124
0.359
-2.182
-2.216
-2.39
-2.342
-2.45
-2.435
-3.95
-6.058
-4.451
-5.249
-7.61
-8.25
-9.983
-8.145
-4.384
-0.576
2.708
3.085
3.264
3.113
3.224
3.023
3.292
4.471
4.605
0.336
-6.67
-11.269
-14.104
-17.568
-16.16
-13.144
-10.948
-7.378
-7.423
-5.633
-2.165
-2.107
-5.741
-7.132
-7.321
-9.446
-11.002
-11.852
-13.411
-16.468
-18.977
-19.335
-17.121
-13.294
-9.892
-6.058
1.132
6.817
9.769
11.652
7.804
3.928
4.509
4.347
6.893
5.009
4.43
4.283
2.682
-0.235
-3.766
-5.015
-5.068
-3.07
1.031
0.308
-3.942
-2.383
1.337
2.785
4.054
5.745
9.515
10.23
10.32
10.448
10.528
9.318
2.1
-1.363
1.646
4.929
3.187
-1.146
-1.52
0.134
0.483
-2.712
-5.039
-7.589
-11.437
-13.699
-10.919
-10.595
-10.543
-10.734
-10.501
-10.634
-9.737
-6.421
-3.105
0.892
2.799
1.949
2.138
1.726
0.073
-2.215
-3.2
-2.85
-4.613
-6.928
-6.947
-7.07
-7.283
-7.875
-7.846
-6.813
-7.079
-7.806
-4.131
-1.625
0.545
-0.715
-1.689
-3.184
-3.394
-2.334
-1.325
-1.388
-0.481
1.617
4.938
8.993
10.156
10.361
9.332
9.483
10.526
9.391
7.56
5.126
3.948
3.99
3.076
0.086
-5.485
-7.274
-7.82
-7.49
-6.088
-6.15
-6.142
-6.313
-7.302
-5.016
-2.154
-3.47
-2.973
-1.929
0.933
0.33
0.147
-0.33
0.095
1.786
1.726
1.01
0.805
-0.267
0.24
0.133
1.616
1.894
-0.27
-0.466
-0.262
1.137
1.651
1.735
1.992
2.327
2.088
3.042
2.498
2.027
2.381
1.869
3.962
7.778
8.242
7.793
4.32
3.102
2.792
4.907
6.498
7.687
5.847
2.814
1.873
-0.498
-1.632
-1.633
-2.621
-0.152
1.825
3.516
4.233
6.198
6.639
6.874
5.626
3.541
-0.937
-1.819
2.059
3.664
-2.07
-7.095
-7.796
-7.01
-4.346
-1.507
-2.557
-2.79
-2.966
-3.805
-3.068
-2.644
-2.905
-5.118
-6.058
-5.559
-3.032
-1.757
-1.777
-1.821
-1.572
-0.873
-0.554
1.088
1.409
2.397
1.978
0.058
-1.506
-4.869
-7.336
-7.94
-8.773
-8.307
-5.795
-3.294
-0.334
-0.533
-2.057
-0.939
0.208
1.312
4.947
7.564
10.379
10.577
8.992
7.226
5.987
4.504
2.431
0.816
-1.723
-2.771
-3.058
-3.784
-5.397
-7.468
-8.202
-8.469
-10.012
-9.76
-8.787
-6.466
-4.777
-4.861
-1.665
1.17
1.945
3.514
4.968
6.358
8.059
8.591
7.449
5.007
3.308
3.148
1.774
1.437
1.565
-0.08
-0.643
-1.448
0.158
1.195
1.709
-0.275
-1.394
-1.025
-2.142
-3.301
-2.342
-1.581
-0.2
2.895
4.54
4.599
3.699
1.999
1.598
2.527
3.161
3.734
2.952
1.594
1.949
0.207
-2.087
-1.859
-1.385
-3.293
-5.449
-5.754
-5.861
-6.867
-6.962
-6.196
-5.801
-5.932
-3.4
-0.219
-0.164
-0.058
-0.079
-0.181
-0.145
-1.376
-0.87
-1.102
-0.903
0.751
3.733
6.365
7.315
5.531
4.713
2.973
1.826
0.269
-0.797
-1.036
-4.215
-4.78
-0.771
4.195
6.836
5.881
3.303
0.703
3.501
3.675
1.147
-0.265
0.018
-0.75
-0.722
-0.055
-0.119
0.376
1.817
4.038
6.477
7.703
7.665
6.742
5.293
4.209
3.996
2.67
0.642
-0.215
1.321
2.236
0.523
1.405
