0.002837870220717574
9.269220375969368E-4
-0.0029581967338489696
-0.0028266533423748166
-0.0027440563291236046
-0.0028072787343282365
0.0019445988181489092
0.0050537135515186125
0.001521416589763069
-0.0031448048008239308
-0.0024585357894897847
-0.003138686503546063
7.117619166585939E-4
0.0056104786038045605
0.0075030718950915955
0.0029949065175161747
-2.7022479643915096E-4
6.10810011573779E-4
-5.118975389149199E-4
0.003407891583772236
0.006584307587198482
0.005269893388669933
5.302524307485227E-4
0.0041584027165239915
0.004293005256637078
0.0026502424375296355
0.004762074714606925
0.002929644679885588
8.596207675403934E-4
4.864046335904717E-4
-5.373904442393682E-4
-0.0033232551380950677
-0.001676413454135714
-7.678463083723799E-4
8.65739064818261E-4
0.0039493608928635165
0.003940183446946715
0.0025268567757593063
0.001901770737203836
-7.933392136968281E-4
-0.004187974486700352
-0.007995594825959936
-0.007946648447736994
0.004118633784217852
0.0074908353005358605
0.0025482708162318426
-0.004005445284577302
-0.002260710844172067
0.003293683367918708
0.006994233504815609
0.008279075933167799
-0.0023871556545813303
-0.008337199757307541
-0.007690699678279535
-0.005888861129947536
7.607082948815345E-4
0.001607072751653215
-1.662137427154023E-4
-2.569684856704379E-4
-0.0028868165989405148
-0.004111495770727006
-0.009330403348748044
-0.006346713709574625
-0.002502383586647836
-3.283486205788929E-4
0.007147190936762299
0.006168263372303488
-0.002374919060025595
-0.009150933295263928
-0.009228431727450252
-0.004345010783498952
0.003023458571479557
0.004206329378533954
0.0028521462476992655
0.00513325141613089
8.5146303783657E-4
-0.006039779129468269
-0.01078451866845457
-0.005699193914333641
0.004582604661122809
0.008750184823563602
0.00528111026701269
0.0023371895601454113
-0.0017722667781556393
-3.283486205788929E-4
4.578525796270898E-4
0.006818842316183406
0.007803888177920084
-0.00675765934340473
-0.007417415733201449
-0.011657395746763676
-0.01090688461401192
-0.005545216766173974
0.0011706342124986615
0.007881386610106407
0.004535697715325825
-6.373226331112051E-4
-0.004679477701355713
-0.0032335201113530103
0.00372094446115646
0.0017702273457296832
0.004103338041023183
0.011317830247842026
0.008657390648182611
0.005899058292077315
-0.0058439936165765064
-0.005856230211132242
-0.0010197162129779282
-0.0019598945613435777
0.004442903539944833
0.004621353877215971
0.0074959338816007505
0.005019043200277362
-0.007366429922552553
-0.0093416202270908
-0.005825638724742904
-0.002555408829722688
0.0024789301137493436
0.00789464292087512
0.0016111516165051266
-1.9272636425282842E-4
0.005052693835305634
0.001901770737203836
-0.003335491732650803
-0.005888861129947536
-0.0037892654474259812
-2.9061912069870953E-4
0.006343654560935692
0.006409936114779256
-3.9870903927436996E-4
0.002843988517995442
0.009416059510638189
0.006441547317381573
0.001108431523507008
0.002157719506661296
0.001520396873550091
-0.003262072165316392
-0.0018834158453702333
-0.0020516690205115914
-0.006395660087797566
-0.008509531797300811
-0.006776014235238333
-0.003991169257595611
0.0019568354127046444
-4.343991067285974E-4
-0.003478252002467713
-0.005668602427944303
-0.005642089806406877
-0.003157041395379666
-0.0015367123329577377
0.004826316836024534
0.0027909632749205894
-0.0018426271968511162
-0.0029561573014230138
-0.0029235263826077203
-0.0027858646938557
-0.004622373593428949
-0.008988798417400436
-0.007939510434246148
-0.0020965365338826204
-4.3847797158050913E-4
-0.006796408559497892
-0.0038106794878985176
0.005259696226540154
0.008282135081806733
0.002019038101696298
-0.003779068285296202
-0.0022403165199125085
-0.0033722015163180083
-0.005613537752443495
-0.0029898079364512856
0.005802185251844412
0.005055752983944568
-4.078864851911713E-6
-0.0021944292903285016
-0.0035486124211631903
-0.007315444111903657
-0.00835249550050221
6.617958222226754E-4
0.004870164633182585
0.0028623434098290442
6.52618376305874E-5
-0.0028888560313664706
-0.00515364574039045
-0.005492191523099122
-0.001878317264305344
-0.0019191059128244607
-8.341278622159452E-4
0.0035343363941814994
-5.679819306287061E-4
-7.423534030479317E-4
0.003182534300704114
0.0010258345102557957
-0.003029576868757425
-0.002030254980039055
0.003210066638454518
-0.004094160595106381
-0.007500012746452662
-0.005023122065129275
-0.002758332356105296
0.004836513998154314
0.0032406581248438557
-5.455481739431916E-4
0.00460197926916939
0.010610147196035343
0.010170649508241855
0.006372206614899073
0.0047151677688099395
0.002838889936930552
0.0015010222655035103
0.006080567777987386
0.007321562409181524
0.006554735817022123
0.010573437412368138
0.015019400100951904
0.015534356788505758
0.009982002008840939
9.146854430412016E-4
-0.0032579933004644804
-0.006470099371344954
-0.0047957253496351965
-0.0042532363243309385
0.001748813305257147
0.002326992398015632
-0.00782122335354071
-0.004981313700397179
-0.011666573192680477
-0.011414703288074928
-0.003121351327925438
0.0010982343613772287
0.0034986463267272718
-0.0034384830701615736
-0.005056772700157546
-0.0044989879316586195
-0.004138008392264432
-0.00701360811286219
-0.014862363804153303
-0.01636950436693468
-0.00843203336511449
-1.0401105372374867E-4
0.016101319002921485
0.027170338494796897
0.02729168472414127
0.018570051954541048
0.0167335430549678
0.02109996787893929
0.010979284465133353
0.005855210494919264
-0.0015632249544951639
-0.0011808313746284407
-0.0023626824654698598
-0.004347050215924908
-0.01027669999439156
-0.02427026558508767
-0.02364925841138411
-0.007243044260782224
0.009392606037739696
0.012069361096806758
0.010975205600281441
0.014417767535294926
0.011951074016101319
0.003338550881289737
-0.0025329750730371738
0.003040793747100182
0.017188336485955958
0.015791325274176198
0.010900766316734051
0.0010707020236268247
0.0037097275828137026
0.01528248688390021
0.009032646214558489
-0.0026186312349273195
-0.018508868981762374
-0.01653775754207604
-0.0062335252099340755
-0.0030509909092299612
-0.005106738794593464
-0.019588748451306003
-0.019956866004191033
-0.009563918361519989
0.008530945837773347
-0.0028888560313664706
-0.02843274716646357
-0.026803240658124842
-0.021211116946153883
-0.007886485191171296
-0.015028577546868706
-0.012129524353372455
0.010454130615449721
0.021892287376423143
0.007438829773673986
-0.008769559431610181
0.009739309550152193
0.024590456475962738
0.022822268562659013
0.012246791717864917
0.009642436509919288
0.018223348442128553
0.0240377702885287
0.02264891680645276
0.022190044510612694
0.016651965757929564
-0.0014724702115401283
-0.0033171368408172006
0.003421147894540949
-0.013359302106223839
-0.03608775677728888
-0.03745825536753122
-0.021633279458326746
-0.005316800334466918
-0.005326997496596697
-0.014213824292699342
-0.008615582283450515
0.007008509531797301
0.011587035328068198
0.013238975593092442
0.0055472561985999294
-0.010024830089786012
-0.016514304069177546
-0.025405209730132106
-0.023769584924515506
-0.011914364232434112
-0.0092631020786915
-0.002966354463552793
0.0024259048706744913
0.002069004196132216
0.014723682399188306
0.02996436091835642
0.022138038983750823
0.009918779603636308
0.009698520901633074
0.01344087940326207
0.012626126149092707
0.0028745800043847797
-0.013302197998297073
-0.019415396695099753
-0.017361688242162207
-0.020717574299072568
-0.026623770604640728
-0.012741354081159213
2.743036612910627E-4
-0.0011033329424421183
-0.004033997338540684
-0.015241698235381093
-0.021978963254526262
-0.01493272422284878
-2.345347289849235E-4
-5.649227819897722E-4
0.0032783876247240392
0.015052031019767197
0.02046570439446702
0.013957875523241882
0.0020506493042986135
-0.005225025875298904
-0.012062223083315914
-0.0030214191390536015
0.01945516562740589
0.023271963412582277
0.010336863250957258
0.014612533331973711
0.015782147828259395
0.013856923618157067
0.017391260012338566
0.015319196667567415
0.010825307316973686
0.01192048252971198
0.0029214869501817645
-0.02641574849719323
-0.03415437483748273
-0.027770951344240898
-0.018346734103898886
-0.0064476656146594405
0.0018528243589808955
-0.006472138803770911
-0.02683077299587525
-0.026966395252201313
-0.023244431074831876
-0.023279101426073125
-0.018901459723758878
-0.017042517067500117
-0.016556112433909642
-0.0020639056150673265
0.009368132848628226
-1.0605048614970453E-4
-0.004777370457801593
0.014811377993504408
0.02671656478002172
0.023004797764782058
0.02572234147236824
0.029061912069870955
0.01824578219881407
0.008628838594219227
0.019295070181968358
0.02762003334472016
0.01573014230139752
-0.009310009024488485
-0.02058501119138544
-0.016032998016651964
-0.020427974894586837
-0.02399086334273172
-0.02335456042583349
-0.02457414101655509
-0.03215471134383301
-0.021627161161048878
0.012423202622710098
0.014486088521564447
-0.003267170746381282
-0.004849770308923027
0.012891252364466968
0.028363406463981073
0.036797479261521514
0.04607893623204662
0.05124277913456685
0.05077167024417104
0.04950518270765246
0.05895387313710594
0.0656309748996854
0.060280523930190226
0.04361530186149194
0.02253266915817328
0.015409951410522451
0.015373241626855246
0.015424227437504141
0.005628833495638163
-4.140047824690389E-4
0.004927268741109349
0.004193073067765241
0.005997970764736174
0.007241004828356268
-0.002525837059546328
-0.030679181983653946
-0.05816461278826102
-0.06279616382760678
-0.06155822834505157
-0.06916225214522799
-0.0775188265105821
-0.07909326834342001
-0.07441583007449026
-0.06566258610228773
-0.05475978035312772
-0.04212753590675715
-0.03040691775478884
-0.02817883782943207
-0.027235600332427484
-0.022462308739477802
-0.012696486567788184
0.0020486098718726577
0.008120000203943243
0.009879010671330169
0.018958563831685638
0.02847251609876971
0.032763481922980835
0.03896947479516451
0.044260782224306974
0.04959491773439452
0.05512381904116084
0.05904870674491289
0.05925774856857337
0.05461396093467188
0.049868201679472604
0.04585765781383041
0.035389251171398996
0.022436815834153353
0.006892261883517817
-0.0050802261730560384
-0.004570368066567075
0.003948341176650538
0.012775004716187486
0.0069605828697873375
-0.00675765934340473
-0.014799141398948673
-0.00281033788296717
0.015742378895953257
0.01751158652546996
0.009869833225413367
-0.0038106794878985176
-0.004853849173774938
0.0023789979248775065
-0.0034700942727638896
-0.023645179546532197
-0.044984780735521306
-0.055009610825307316
-0.05426929685468534
-0.048725099804724344
-0.044501435250569765
-0.04659899150066536
-0.05778731778945919
-0.05957080144595758
-0.05084610952771843
-0.04618396700198334
-0.04286784987737913
-0.04082943716763624
-0.033221334502607926
-0.01975190304538247
-0.01229063951502297
-0.007326660990246414
-0.0013847746172240265
0.00833210117624265
0.013468411741012477
0.0072114330581799085
-0.00922333314638536
-0.02232056818587387
-0.02284776146798346
-0.007472480408702258
0.015429326018569032
0.03750414259711522
0.056286295523955684
0.06643349155929905
0.07100080047722719
0.06824960613461274
0.06626421866794471
0.06535667123839435
0.05930465551437035
0.03318972330000561
0.012853522864586785
0.013257330484926043
0.021902484538552917
0.032620721653163924
0.037883477028343014
0.03241167982950345
0.02208909260552788
0.024919824812754607
0.03512208552359878
0.03699938307169114
0.02675021541504999
0.012785201878317264
0.0020282155476130993
-0.004303202418766857
-0.007731488326798651
-0.006440527601168595
-0.004314419297109614
-0.012946317039967776
-0.031344036954515556
-0.04085493007296069
-0.044250585062177196
-0.04751367694370656
-0.04797458867197259
-0.041803266151030166
-0.03379441501430152
-0.0329684448817894
-0.03583996573753524
-0.038912370687237734
-0.03266456945032198
-0.018741364278321345
-0.014304579035654377
-0.023784880667710173
-0.03612242712853013
-0.042965742633825
-0.04227029617657406
-0.03442256020149592
-0.02396333100498131
-0.014997986060479368
-0.00474983812005119
0.007223669652735643
0.015322255816206349
0.026947020644154728
0.04216832455527627
0.046171730407427614
0.03936410496958696
0.030829080266961705
0.0232709436963693
0.023549326222512275
0.023816491870312494
0.017757338132797642
0.008733869364155955
2.590079180963938E-4
0.0030040839634329765
0.011127143316015154
0.014743057007234887
0.016656044622781477
0.020570735164403744
0.020020088409395665
0.00902652791728062
-0.0031601005440185996
-0.008146512825480668
-0.00903162649834551
-0.007219590787883732
-0.005380022739671549
-0.006991174356176676
-0.01644904223154696
-0.027127510413851825
-0.03950278637455196
-0.04844569756236839
-0.048729178669576254
-0.0411271943018258
-0.02808400422162512
-0.02266523226586041
-0.02422029949065175
-0.022894668413780447
-0.005646168671258788
0.0098637149281355
0.007856913420994937
-0.005967379278346836
-0.01303809149913579
-0.003538415259033411
0.008159769136249382
0.013442918835688027
0.01831104403644466
0.024271285301300648
0.03346300724508369
0.043385865713571906
0.046514355054988195
0.04058572499273452
0.023056803291643935
0.017478955606654665
0.023647218978958155
0.028779450678876068
0.029417793028200252
0.016528580096159238
-3.252894719399591E-4
-0.006016325656569777
-0.004678457985142734
0.003526178664477676
0.013192068647295456
0.010283838007882407
0.006449705047085396
0.0015418109140226273
-0.004027879041262817
-0.0020496295880856356
0.005985734170180439
0.010261404251196891
0.0036434460289701373
-0.005954122967578124
-0.009548622618325321
-0.0057807712113718745
-0.0069095970591384415
-0.010937476100401258
-0.010433736291190161
-0.007742705205141409
-0.0034833505835326025
1.7947005348411534E-4
-0.005326997496596697
-0.01820601326650793
-0.02475157163761325
-0.01659690108242876
-0.0029449404230802567
-0.007370508787404465
-0.016263453880784977
-0.015329393829697195
-0.016352169191314058
-0.015601658058562302
-0.012790300459382153
-0.00942115809170308
7.3827453819602E-4
0.010087032778777665
0.009046922241540179
0.005831757022020771
0.0053626875640509246
0.0069921940723896535
0.005819520427465036
6.709732681394768E-4
0.004231822283858403
0.014569705251028638
0.021738310228263474
0.025080939974405123
0.02730596075112296
0.028735602881718017
0.02785762722234402
0.027078564035628885
0.020512611340264005
0.009735230685300281
3.3650635028271633E-4
-0.0016774331703486918
0.005435087415172357
0.0051312119837049345
1.6009544543753472E-4
1.8558835076198292E-4
0.003980972095465832
0.004412312053555495
-0.0029316841123115437
-0.0074979733140267055
-0.0076856010972146446
-0.010776360938750744
-0.015010222655035104
-0.0172556377560125
-0.02062274069126562
-0.022760065873667357
-0.017209750526428494
-0.010723335695675892
-0.011696144962856836
-0.015249855965084916
-0.016368484650721705
-0.021678146971697777
-0.02996843978320833
-0.028240020802210743
-0.02041063971896621
-0.019199216857948433
-0.007076830518066822
0.003731141623286239
0.001576481265263877
6.954464572509471E-4
8.167926865953205E-4
-0.001660097994728067
-0.0041655407300148365
-0.0010543865642191777
0.0123538619202276
0.02355238537115121
0.01628180877261858
0.0080526989338867
0.006089745223904187
0.009028567349706576
0.011381052653046656
0.008813407228768234
0.0034048324351333022
9.208037403190692E-4
0.003052010625442939
0.008832781836814815
0.016324636853563654
0.01703435933779629
0.01462782907516838
0.008917418282491981
0.0047008917418282494
0.007700896840409314
0.008707356742618529
0.006957523721148404
0.0033426297461416486
-0.0022617305603850448
-0.007689679962066557
-0.00940586234850841
-0.0074031397062197584
-0.006597563897967195
-0.006866768978193369
-0.004237940581136269
-0.0011594173341559044
-0.0019089087506946817
-0.0013817154685850928
2.2433756685514418E-5
-0.0038881779200848404
-0.012639382459861419
-0.016675419230828062
-0.014705327507354702
-0.011464669382510848
-0.00659042588447635
-0.0014010900766316735
-2.6920508022617304E-4
-0.0024340626003783146
-0.008924556295982829
-0.017385141715060698
-0.01882600072399851
-0.01110878842418155
-0.0063864826418807644
-0.006962622302213294
-9.585332401992524E-4
0.007086007963983623
0.011769564530191247
0.015800502720092997
0.016534698393437106
0.013947678361112104
0.010122722846231893
0.012224357961179403
0.024532332651822995
0.029737983919075322
0.024208062896096012
0.02197998297073924
0.019982358909515482
0.014264810103348239
0.010235911345872444
-0.002772608383086987
-0.02094293158214069
-0.024484405989813034
-0.019769238221003096
-0.014683913466882166
-0.011928640259415804
-0.007345015882080017
0.003566967312996793
0.007847735975078134
0.005949024386513233
0.0037698908393794008
1.366419725390424E-4
0.003492528029449404
0.011485063706770405
0.016229803245756704
0.014014979631168645
0.0059194526163368726
-0.0013419465362789536
-0.005456501455644894
-0.0011981665502490658
0.006589406168263372
0.008107763609387506
0.007944609015311039
0.007791651583364349
0.00718594015285546
-0.0025737637215562906
-0.014331091657191803
-0.02109996787893929
-0.02629950084891375
-0.026452458280860434
-0.021097928446513335
-0.016610157393197475
-0.016293025650961336
-0.010876293127622583
-0.005303544023698204
-0.0032253623816491865
-0.0026706367617891943
-0.005618636333508384
-0.014411649238017058
-0.023906226897054548
-0.027770951344240898
-0.027580264412414023
-0.02811867457286637
-0.02675531399611488
-0.021564958472057225
-0.01432803250855287
-0.0038137386365374518
0.0036985107044709455
0.0077121137187520705
0.013982348712353352
0.024164215098937965
0.03175600230455864
0.03410848760789872
0.03566457454890304
0.03419006490493696
0.027314118480826786
0.023152656615663857
0.025254291730611368
0.028515344179714783
0.026745116833985103
0.022972166845966764
0.023266864831517388
0.025575502337699417
0.024280462747217447
0.017495271066062315
0.011431018747482575
0.006510888019864072
0.0030030642472199985
-0.00341095073241117
-0.010176767805519724
-0.012514977081878112
-0.015792344990389173
-0.02030356951660353
-0.019212473168717145
-0.013410287916872734
-0.011965350043083009
-0.014882758128412863
-0.016794726027746475
-0.01876583746743281
-0.02075530379895275
-0.016278749623979648
-0.009300831578571684
-0.0055523547796648195
-0.00869715958048875
-0.012754610391927925
-0.013935441766556367
-0.011885812178470732
-0.003523119515838742
-2.0292352638260773E-4
-0.0024371217490172484
-0.002455476640850851
-0.0013541831308346887
8.636996323923052E-4
-0.00351904065098683
-0.013629526902662987
-0.02024850484110272
-0.02139568558070289
-0.01695482147318401
-0.006720949559737525
0.0052311441725767715
0.00833210117624265
0.005333115793874565
0.003475192853828779
0.0028745800043847797
0.005221966726659971
0.0035985785155991084
-0.0021230491554200463
-0.009941213360321822
-0.010337882967170236
-3.7831471501481134E-4
0.004693753728337404
0.008751204539776581
0.009394645470165651
0.008390225000382393
0.008154670555184491
0.009471124186138997
0.016341972029184276
0.020915399244390284
0.02133246317549826
0.015861685692871674
0.01360403399733854
0.01377126745626692
0.010023810373573035
0.0047763507415886156
-0.0015744418328379212
-0.0022056461686712583
0.0032314806789270544
0.009380369443183961
0.009735230685300281
0.004343991067285974
-3.26309188152937E-4
-0.002442220330082138
-0.006052015724024003
-0.006448685330872418
-0.001858942656258763
2.243375668551442E-4
-0.0039881101089566775
-0.011501379166178051
-0.011396348396241325
-0.008403481311151106
-0.0076876405296406
-9.360994835137381E-4
0.005731824833148935
0.006961602586000316
0.009742368698791127
0.011271943018258018
0.011161813667256403
0.010797774979223282
0.00653638092518852
-0.0012409946311941387
-0.006520065465780873
-0.008439171378605333
-0.006611839924948886
-0.0016397036704685086
0.0021108125608643113
0.002755273207466362
0.002914348936690919
0.002222981344291884
0.0016784528865616698
0.004502047080297553
0.004230802567645424
0.001734537278275456
1.6111516165051267E-4
-9.850458617366787E-4
-0.006400758668862455
-0.01109349268098688
-0.01133006684239776
-0.008032304609627141
-0.005004767173295672
-0.004256295472969873
-0.0070166672615011244
-0.012462971555016238
-0.014105734374123682
-0.011561542422743749
-0.005311701753402028
-0.002178113830920855
3.5078237726440727E-4
0.002056767601576481
-9.136657268282237E-4
-0.005667582711731325
-0.00825868160890824
-0.007554057705740492
-0.003152962530527754
0.004357247378054687
0.00974134898257815
0.009850458617366787
0.005414693090912798
0.0020231169665482097
0.0035292378131166094
0.0055666308066465095
0.005027200929981186
4.5479343098815597E-4
-0.003195790611472827
-0.0028174758964580157
-0.0023331106952934996
-2.375938776238573E-4
0.00212610830405898
0.0032569735842515025
0.0023626824654698598
-1.7845033727113742E-4
0.002199527871393391
0.0023514655871271026
9.483360780694733E-5
-0.001379676036159137
-0.0017794047916464847
-0.002624749532205187
-0.002031274696252033
0.0021934095741155232
0.002681853640131951
0.0032702298950202154
0.005801165535631434
0.009089750322485251
0.011312731666777135
0.012976908526357115
0.011780781408534006
0.007656029327038285
0.004831415417089424
0.002681853640131951
9.483360780694732E-4
0.0013552028470476666
3.8545272850565684E-4
1.4276026981690996E-5
1.407208373909541E-4
6.96466173463925E-4
0.0022749868711537577
0.005639030657767943
0.005458540888070849
0.002346367006062213
8.555419026884817E-4
-4.598920120530456E-4
-0.005479954928543386
-0.012119327191242677
-0.012372216812061201
-0.009262082362478522
-0.0037454176502679302
0.0030968781388139677
0.005648208103684744
0.004596880688104501
2.5594876945745997E-4
-0.003851468136417635
-0.0033038805300484877
-0.002343307857423279
-0.005444264861089159
-0.010678468182304864
-0.00959247041548337
-0.0036393671641182256
-0.003450719664717309
-0.009330403348748044
-0.01489805387160753
-0.015194791289584108
-0.009244747186857898
-0.005404495928783019
-0.0059551426837911
-0.006583287870985505
-0.0027654703695961414
0.003677096663998409
0.011161813667256403
0.013688670443015707
0.009678126577373516
0.005236242753641661
0.0028195153288839716
0.004263433486460718
0.0060142862241438205
0.005624754630786252
0.002649222721316657
-8.891925377167534E-4
-0.004598920120530456
-0.004270571499951563
-6.617958222226754E-4
9.38138915939694E-4
-6.118297277867568E-5
-0.0018038779807579548
-0.0010319528075336632
0.0016815120352006035
0.0029765516256825726
0.0011023132262291404
0.0013745774550942473
0.005991852467458306
0.008100625595896662
0.006493552844243447
0.006667924316662672
0.00886949162048202
0.012005118975389148
0.01162986340901327
0.009761743306837708
0.009339580794664844
0.006884104153813994
0.0030581289227208067
-0.0016549994136631774
-0.00578790922486272
-0.010324626656401523
-0.011114906721459417
-0.00803740319069203
-0.0067464424650619725
-0.006635293397847379
-0.006488454263178557
-0.005094502200037729
-0.006081587494200364
-0.008276016784528864
-0.006583287870985505
-0.005255617361688242
-0.0067902902622200235
-0.006242702655850876
-0.002727740869715958
0.001122707550488699
0.0015173377249111573
5.037398092110966E-4
6.332437682592934E-4
1.56016580585623E-4
-0.0027858646938557
-0.0041216929328567855
-0.0033987141378554347
-0.0029571770176359917
-9.014291322724886E-4
-3.5690067454227485E-4
-4.068667689781934E-4
2.3249529655896764E-4
7.23998511214329E-4
0.0015142785762722235
0.004220605405515645
0.007747803786206298
0.010965008438151663
0.015264131992066606
0.015652643869211197
0.008393284149021327
-1.804897696970933E-4
-0.005972477859411725
-0.006057114305088894
-0.0018864749940091673
0.0016641768595799787
0.002863363126042022
0.002898033477283272
0.0010768203209046922
-0.0013082959012506818
-0.0027032676806044873
-4.4561598507135463E-4
-2.9571770176359914E-4
-0.0015071405627813778
-3.83413296079701E-4
0.0011125103883589196
0.0027471154777625384
0.0028521462476992655
0.0014938842520126649
3.83413296079701E-4
0.0026604395996594147
0.002225020776717839
-5.353510118134123E-4
-0.002384096505942396
-0.0010452091183023762
9.870852941626345E-4
-0.0034680548403379337
-0.012808655351215757
-0.0193623714520249
-0.021058159514207194
-0.02099595682521554
-0.01840689736046458
-0.014861344087940325
-0.012042848475269333
-0.00818016346050894
-0.004272610932377519
-1.5703629679860093E-4
0.002966354463552793
0.002398372532924087
0.0023514655871271026
0.004780429606440527
0.00675765934340473
0.009379349726970984
0.011510556612094854
0.010140058021852518
0.0058684668056879765
0.003500685759153227
0.003487429448384514
0.0032702298950202154
0.0035241392320517198
0.0054646591853487175
0.007972141353061441
0.007144131788123365
0.004907894133062768
0.002029235263826077
9.901444428015683E-4
0.003028557152544447
0.004219585689302667
0.005469757766413607
0.004651945363605308
0.0015224363059760469
-0.0030020445310070206
-0.005235223037428684
-0.0033620043541882296
5.455481739431916E-4
0.0027868844100686777
0.003109114733369703
0.0029449404230802567
0.0025819214512601144
0.003139706219759041
0.002682873356344929
0.004879342079099387
0.006470099371344954
0.005415712807125776
0.0021566997904483185
-0.001748813305257147
-0.002566625708065445
-0.00212610830405898
-2.100615398734532E-4
0.0011023132262291404
0.0020282155476130993
8.66758781031239E-5
-0.0039442623117986264
-0.005036378375897987
-0.004948682781581885
-0.004972136254480378
-0.005058812132583502
-0.0031733568547873126
-0.0021679166687910752
-0.0031743765710002905
-0.004296064405276012
-0.00525663707790122
-0.0044286275129631425
-0.0017661484808777716
-1.3868140496499826E-4
6.189677412776024E-4
9.177445916801353E-6
-0.002611493221436474
-0.0035343363941814994
-0.0017233203999326987
-0.0023167952358858525
-0.0011196484018497653
-7.107422004456159E-4
-0.0024228457220355575
-8.320884297899893E-4
0.0021628180877261856
0.005101640213528575
0.006557794965661056
0.008216873244176146
0.008590089378126067
0.00882462410711099
0.006756639627191753
0.002998985382368087
4.5581314720113394E-4
-5.4044959287830194E-5
-4.69069457969847E-4
-1.2134622934437345E-4
1.9272636425282842E-4
0.0016876303324784713
0.003990149541382632
0.004383759999592114
0.004645827066327441
0.0036903529747671225
0.0032641115977423483
0.0031193118954994823
0.0016244079272738395
0.003428285908031795
0.004150244986820168
0.0023361698439324334
-7.800829029281151E-4
-0.003106055584730769
-0.004993550294952915
-0.005934748359531543
-0.008062896096016478
-0.00897248295799279
-0.007489815584322882
-0.006384443209454809
-0.005670641860370258
-0.0043164587295355696
-0.0012756649824353882
0.0017233203999326987
0.00401156358185517
0.004441883823731855
0.003935084865881825
0.0019140073317595713
0.0010309330913206853
5.017003767851406E-4
0.0024921864245180565
0.005036378375897987
0.0036271305695624906
8.555419026884817E-4
-5.649227819897722E-4
5.832776738233749E-4
0.002417747140970668
0.0015224363059760469
-3.059148638933784E-5
-5.710410792676398E-5
-7.076830518066822E-4
-0.0022851840332835374
-0.004595860971891522
-0.007049298180316418
-0.005850111913854374
-0.0025758031539822464
2.345347289849235E-5
5.363707280263902E-4
-0.0010819189019695818
3.018359990414667E-4
0.0022331785064216626
0.0022556122631071773
-2.100615398734532E-4
-0.005114896524297288
-0.006286550453008927
-0.007730468610585674
-0.007847735975078134
-0.0062478012369157655
-0.003364043786614185
0.0010452091183023762
0.001095175212738295
0.0021403843310406714
0.0038891976362978183
0.00372094446115646
8.922516863556872E-4
-0.003621012272284623
-0.004585663809761743
-0.004686615714846558
-0.006626115951930578
-0.008551340162032905
-0.00863801604013603
-0.00578790922486272
-0.0034140098810501035
-0.0015509883599394286
-3.1611202602315776E-4
-2.2535728306812214E-4
-2.518699046055483E-4
1.0401105372374867E-4
5.924551197401762E-4
-5.914354035271984E-5
5.363707280263902E-4
0.003449699948504331
0.0029051714907741178
0.003491508313236426
0.006662825735597783
0.006980977194046897
0.0069044984780735515
0.007166565544808879
0.0064813162496877115
0.007409258003497626
0.0077804347050215925
0.007068672788362999
0.008861333890778195
0.011453452504168089
0.01277704414861344
0.012578199487082746
0.011642100003569007
0.008230129554944858
0.0039636369198452065
0.0017702273457296832
0.0027083662616693774
0.004815099957681777
0.005712450225102354
0.003734200771925173
0.0023045586413301174
6.781112816303223E-4
-0.002082260506900929
-0.003437463353948596
-0.0053259777803837186
-0.004169619594866749
-0.0057175488061672435
-0.008030265177201184
-0.0077223108808818506
-0.010259364818770935
-0.011856240408294371
-0.008736928512794888
-0.0024932061407310344
-0.0018140751428877343
-0.0035414744076723444
-0.0034700942727638896
-7.341956733441083E-4
5.853171062493308E-4
-0.0011859299556933305
-0.002966354463552793
-0.00412475208149572
-0.005163842902520229
-0.006771935370386421
-0.008794032620721653
-0.009596549280335282
-0.008982680120122568
-0.007212452774392887
-0.0047641141470328805
-0.00439497687793487
-0.004496948499232664
-0.005359628415411991
-0.00488749980880321
-0.003702589569322857
-0.0026665578969372826
-7.005450383158367E-4
1.1726736449246175E-4
-1.662137427154023E-4
8.463644567716803E-4
7.739646056502475E-4
9.279417538099147E-4
0.002216863047014016
0.003958538338780317
0.005216868145595081
0.004087022581615536
0.002868461707106912
0.0024850484110272106
0.0011186286856367871
0.0010411302534504645
0.004295044689063034
0.006441547317381573
0.006234544926147053
0.0041145549193659404
0.004660103093309132
0.00695956315357436
0.006729107289441348
0.007699877124196336
0.006370167182473118
0.002700208531965554
8.647193486052831E-4
-0.0014102675225484747
-0.002599256626880739
-0.0032865453544278626
-0.004200211081256086
-0.0015142785762722235
0.001873218683240454
0.0019221650614633947
9.78927564458811E-4
-5.200552686187433E-5
-4.343991067285974E-4
-0.0016876303324784713
-0.0029347432609504774
-0.0019802888856031366
3.9666960684841407E-4
0.0018263117374434693
0.0038402512580748777
0.00454793430988156
0.003873901893103149
0.0051485471593255595
0.006645490559977159
0.006958543437361382
0.00425731518918285
0.0024585357894897847
0.0026165918025013637
0.0024728118164714756
0.0025635665594265114
8.94291118781643E-4
-0.002542152518953975
-0.005276011685947801
-0.005417752239551732
-0.0026063946403715845
0.0026135326538624304
0.004413331769768473
0.00196397342619549
0.0012012256988879993
-5.506467550080812E-4
-0.002218902479439972
-0.003509863205070029
-0.00320394834117665
-0.002371859911386661
-0.003168258273722423
-0.0017110838053769634
-0.0015560869410043184
-0.0022943614792003382
-0.003485390015958559
-0.00542896911789449
-0.00720531476090204
-0.009013271606511908
-0.010471465791070346
-0.01080389327650115
-0.01079879469543626
-0.0098637149281355
-0.00834739691943732
-0.006655687722106937
-0.003079542963193343
-8.463644567716803E-4
0.002005781790927585
0.004964998240989532
0.0072328470986524444
0.007718232016029939
0.008481999459550407
0.007986417380043133
0.005562551941794599
0.00465602422845722
0.00593066949467963
0.008107763609387506
0.007815105056262841
0.006340595412296758
0.0040635691087170436
0.0028582645449771325
0.0014092478063354966
3.6403868803312035E-4
-5.853171062493308E-4
-6.220268899165362E-4
-0.0012073439961658669
-0.0026859325049838627
-0.0036465051776090715
-0.0051434485782606695
-0.006582268154772527
-0.006939168829314801
-0.003692392407193078
-0.001561185522069208
-0.003325294570521024
-0.004317478445748548
-0.004128830946347631
-0.0038106794878985176
-0.003022438855266579
-0.0026910310860487523
-0.0025380736541020634
-0.0019262439263153064
-7.443928354738875E-4
-2.641064991612834E-4
-0.0011135301045718977
-5.69001646841684E-4
0.0011431018747482574
8.586010513274155E-4
-2.457516073276807E-4
-0.0010360316723855751
-0.0020904182366047524
-0.0020608464664283927
-0.0018110159942488005
-0.001350104265982777
5.404495928783019E-4
0.0023902148032202636
0.0036495643262480053
0.002191370141689568
0.0012195805907216021
0.002972472760830661
0.005271932821095888
0.0048589477548398275
0.0055962025768228705
0.0042654729188866735
0.0016682557244318903
0.0020720633447711503
0.001663157143367001
0.0030122416931368003
0.0043705036888234
0.0056961347656947076
0.005501368969015923
0.0048395731467932475
0.003948341176650538
0.0034038127189203243
0.0026502424375296355
8.606404837533714E-4
-0.0011879693881192864
-0.0013939520631408278
-0.0016162501975700162
-0.0010972146451642508
-1.84568634549005E-4
7.036041869547705E-5
-5.54725619859993E-4
-0.0015887178598196121
-0.0010472485507283323
-1.2746452662224103E-4
-0.0018721989670274762
-0.004598920120530456
-0.0056084391713786055
-0.006271254709814259
-0.004623393309641927
-0.003099937287452902
-9.106065781892899E-4
9.738289833939213E-4
5.017003767851406E-4
-6.475197952409844E-4
9.044882809114223E-4
-1.5703629679860093E-4
-3.3038805300484876E-4
0.0011451413071742133
0.0010880371992474493
0.001901770737203836
0.0013806957523721148
0.0023779782086645286
0.004052352230374287
0.004378661418527223
0.003407891583772236
0.0014449378737897243
-3.8953159335756857E-4
-0.0018324300347213368
-0.002353505019553058
-0.003350787475845472
-0.004317478445748548
-0.0026634987482983485
-0.0013144141985285494
-5.812382413974191E-4
9.177445916801354E-4
0.001633585373190641
0.0016876303324784713
-1.7845033727113742E-4
-0.0023443275736362568
-0.0015968755895234357
1.631545940764685E-4
0.003042833179526138
0.004691714295911448
0.006027542534912533
0.005682878454925994
0.004116594351791896
0.003353846624484406
0.002840929369356508
0.0024666935191936085
7.95378646122784E-4
5.200552686187434E-4
3.181514584491136E-4
0.0013378676714270417
4.007484717003258E-4
-6.689338357135209E-4
-0.0025686651404914014
-0.0027756675317259206
-0.0033426297461416486
-0.004638689052836596
-0.004536717431538802
-0.004238960297349248
-0.002484028694814233
-0.002019038101696298
-3.997287554873479E-4
3.110134449582681E-4
0.0012144820096567125
0.0018609820886847188
0.0018997313047778802
0.004155343567885057
0.005633932076703054
0.0032590130166774587
-2.2739671549407798E-4
-0.0023759387762385727
-0.002933723544737499
-0.003667919218081608
-0.003111154165795659
2.0394324259558565E-4
0.0028613236936160667
0.003790285163638959
0.0030030642472199985
0.0016937486297563388
6.791309978433002E-4
7.290970922792186E-4
0.001038071104811531
0.001604013603014281
0.00335180719205845
0.005090423335185818
0.004694773444550382
0.0023331106952934996
7.046239031677483E-4
0.0010003416049313475
0.0012358960501292488
-1.305236752611748E-4
-6.842295789081899E-4
-0.0015856587111806784
-0.002386135938368352
-0.0033110185435393327
-0.004071726838420867
-0.003699530420683924
-0.003523119515838742
-0.0038208766500282968
-0.002512580748777615
-0.002373899343812617
-0.004268532067525608
-0.005492191523099122
-0.007228768233800534
-0.006956504004935426
-0.005347391820856255
-0.0036016376642380426
-0.002200547587606369
-0.004550993458520494
-0.005234203321215706
-0.004679477701355713
-0.004791646484783285
-0.004615235579938103
-0.004398036026573804
-0.0025482708162318426
-0.0021097928446513333
-9.52414942921385E-4
-9.177445916801354E-5
2.2229813442918835E-4
2.518699046055483E-4
2.2025870200323249E-4
5.526861874340371E-4
0.0017916413862022198
0.005086344470333906
0.005954122967578124
0.004014622730494103
0.0011604370503688823
2.9571770176359914E-4
0.0022331785064216626
0.0034354239215226403
0.003223322949223231
0.003274308759872127
0.001718221818867809
0.0020802210744749737
0.002259691127959089
0.0017141429540158974
0.0012675072527315648
6.750521329913885E-4
3.038754314674226E-4
0.002070023912345194
0.004643787633901485
0.005554394212090775
0.005541137901322062
0.004524480836983068
0.002827673058587795
0.0012012256988879993
-2.243375668551442E-4
-0.0018385483319992046
-0.0014989828330775545
-0.003395654989216501
-0.005469757766413607
-0.006229446345082163
-0.005341273523578389
-0.0045622103368632505
-0.003134607638694151
-0.001406188657696563
-5.067989578500303E-4
-2.9979656661551087E-4
-4.354188229415753E-4
9.330403348748043E-4
1.6009544543753472E-4
-1.9374608046580637E-4
-2.3861359383683522E-4
1.9476579667878429E-4
0.001063564010135979
0.0012185608745086242
0.001479608225030974
0.0015968755895234357
0.003337531165076759
0.003255953868038525
0.00341095073241117
0.0027950421397725015
-4.935426470813173E-4
-0.0018212131563785797
-0.0024279443031004467
-0.002372879627599639
-0.0020812407906879516
-0.0030601683551467625
-0.0034996660429402497
-0.0029796107743215064
-0.0015407911978096494
7.974180785487399E-4
0.0021699561012170315
0.0035496321373761678
0.003462956259273044
0.004682536849994646
0.004298103837701967
0.003734200771925173
0.003395654989216501
0.0020394324259558564
6.097902953608011E-4
-0.002173015249855965
-0.003380359246021832
-0.0046499059311793526
-0.00441027262112954
-0.003969755217123074
-0.0014327012792339892
3.2121060708804736E-4
6.607761060096975E-4
7.851814839930048E-4
5.384101604523461E-4
5.465678901561696E-4
5.261735658966109E-4
8.096546731044751E-4
8.422855919197686E-4
6.424212141760947E-5
-9.666909699030759E-4
-0.0016937486297563388
-0.004226723702793512
-0.0029051714907741178
-0.0017416752917663013
-0.002444259762508094
-0.0011849102394803524
5.873565386752866E-4
1.529574319466892E-5
-0.0014021097928446514
-9.748486996068993E-4
-6.087705791478231E-4
3.8545272850565684E-4
0.0024717921002584977
0.003641406596544182
0.003677096663998409
0.0035424941238853228
0.0034517393809302866
0.00423284200007138
0.005848072481428418
0.006356910871704404
0.006502730290160248
0.005573768820137355
0.003734200771925173
0.003749496515119842
0.002644124140251768
0.0030254980039055132
0.0021883109930506336
0.0014225041171042098
0.0012328369014903153
8.5146303783657E-4
0.0012042848475269333
0.0020944971014566645
0.0028908954637924264
7.617280110945124E-4
-0.0011614567665818602
-0.0017641090484518157
-0.001460233616984393
-4.3847797158050913E-4
-1.1522793206650589E-4
2.171995533642987E-4
4.721286066087808E-4
3.6709783667205416E-4
3.518020934773852E-4
0.0012868818607781453
0.0012185608745086242
1.407208373909541E-4
-0.0019955846287978054
-0.003500685759153227
-0.00477940989022755
-0.005450383158367026
-0.004208368810959909
-0.002868461707106912
-0.002034333844890967
-0.001433720995446967
-7.52550565177711E-4
-0.0013582619956866004
-0.002174034966068943
-0.0025207384784814383
-9.401783483656499E-4
-0.0014112872387614525
-0.002308637506182029
-0.0032090469222415398
-0.0020353535611039447
-4.588722958400677E-5
9.432374970045836E-4
-2.4473189111470274E-4
-0.0022647897090239785
-0.0029367826933764333
-0.0036740375153594754
-0.0021352857499757814
-0.0015948361570974799
-0.0015397714815966715
-0.0012297777528513813
-0.0014510561710675918
-0.0016927289135433606
2.8959940448573156E-4
0.0011522793206650587
4.486751337102884E-4
-4.2420194459881814E-4
-0.002069004196132216
-0.0034894688808104705
-0.004390898013082959
-0.003349767759632494
-0.0026053749241586066
-0.0013878337658629603
9.320206186618264E-4
0.0013021776039728143
0.0014184252522522981
-1.9374608046580637E-5
-8.912319701427093E-4
-0.0013225719282323727
-0.0013297099417232184
-0.001095175212738295
-5.017003767851406E-4
-7.138013490845497E-4
-0.0010594851452840673
4.486751337102884E-4
0.0011900088205452422
0.001633585373190641
0.0016233882110608618
0.0017906216699892419
0.002089398520391775
0.0025085018839257033
0.002076142209623062
0.002738957748058715
0.00224439538476442
0.002276006587366736
0.0025462313838058867
0.0019547959802786886
0.0015030616979294662
0.0017212809675067429
6.628155384356534E-4
-5.200552686187433E-5
0.0014724702115401283
0.0019140073317595713
0.0024932061407310344
0.0021985081551804133
0.0026063946403715845
0.001878317264305344
3.2936833679187084E-4
-2.743036612910627E-4
-1.2848424283521895E-4
-5.577847684989268E-4
-7.250182274273069E-4
-2.1516012093834286E-4
2.0394324259558564E-5
-3.670978366720541E-5
0.0014806279412439517
0.0035139420699219406
0.0032253623816491865
0.0016478614001723322
1.2032651313139553E-4
-4.445962688583767E-4
-8.004772271876737E-4
-4.925229308683393E-4
-1.3460254011308652E-4
1.0197162129779282E-5
7.647871597334461E-5
-5.812382413974191E-4
-8.851136728648416E-4
-1.84568634549005E-4
-4.762074714606925E-4
-3.7321613394992174E-4
-9.78927564458811E-5
-1.9374608046580637E-4
0.0010411302534504645
0.0026380058429739004
0.0011186286856367871
3.12033161171246E-4
-3.609795393941866E-4
-0.0023004797764782058
-0.0015377320491707157
2.426924586887469E-4
7.036041869547705E-5
-0.0013317493741491742
-0.0020965365338826204
-0.002044531007020746
-0.0018385483319992046
-0.0036444657451831152
-0.004783488755079461
-0.004179816756996528
-0.0014785885088179958
-5.53705903647015E-4
-9.748486996068993E-4
-4.5479343098815597E-4
-0.0018028582645449771
-0.0015489489275134728
-0.0025809017350471365
-0.002972472760830661
-0.003508843488857051
-0.0044286275129631425
-0.004585663809761743
-0.0031284893414162836
-1.0707020236268245E-4
0.0010768203209046922
0.001734537278275456
0.001776345643007551
0.0017834836564983964
0.0015356926167447598
0.0015887178598196121
1.56016580585623E-4
-4.2216251217286224E-4
0.0011329047126184782
0.0021495617769574727
0.0027950421397725015
0.002853165963912243
0.0030316163011833803
0.0032661510301683037
0.002330051546654566
0.0025176793298425045
0.0026624790320853705
0.002259691127959089
0.0017253598323586545
6.2508603855547E-4
-1.5295743194668922E-4
-6.719929843524547E-4
-4.945623632942952E-4
6.699535519264989E-4
3.2223032330102534E-4
-6.505789438799182E-4
-9.157051592541796E-4
-9.167248754671575E-4
5.027200929981185E-4
0.001776345643007551
5.54725619859993E-4
-6.414014979631168E-4
-0.002029235263826077
-0.0018375286157862266
-0.0014388195765118567
-0.0015397714815966715
4.0380762033925957E-4
0.001006459902209215
4.741680390347366E-4
-6.862690113341457E-4
-9.279417538099147E-4
-4.741680390347366E-4
1.3256310768713068E-4
-2.681853640131951E-4
-0.001148200455813147
-2.1210097229940907E-4
4.2318222838584016E-4
-3.9666960684841407E-4
-6.485395114539624E-4
-2.1821926957727662E-4
0.001463292765623327
0.0018518046427679177
0.0015815798463287667
0.0015571066572172964
-2.3249529655896764E-4
-0.001419444968465276
-0.0016804923189876256
-0.0018130554266747563
2.518699046055483E-4
8.259701325121219E-4
-3.8953159335756857E-4
-5.149566875538537E-4
7.025844707417925E-4
0.0016855909000525154
0.003068326084850586
0.0032029286249636727
0.0017681879133037274
0.002147522344531517
0.002121009722994091
0.0025115610325646374
0.001546909495087517
9.81986713097745E-4
0.0013205324958064169
0.001505101130355422
0.0012409946311941387
0.0010696823074138465
0.0012848424283521895
6.52618376305874E-5
-9.187643078931133E-4
-9.044882809114223E-4
-2.0802210744749733E-4
-6.842295789081899E-4
-0.001233856617703293
-0.0010390908210245087
-7.984377947617178E-4
-7.362351057700642E-4
-3.864724447186348E-4
-7.800829029281151E-4
-0.0012685269689445427
-9.544543753473409E-4
-0.0021832124119857445
-0.0029469798555062125
-0.001955815696491666
-0.0012675072527315648
-0.0012226397393605359
-4.272610932377519E-4
-4.4969484992326636E-4
9.07547429550356E-5
3.569006745422749E-5
6.118297277867569E-6
-2.2841643170705593E-4
-3.864724447186348E-4
-2.0190381016962978E-4
5.067989578500303E-4
-2.0394324259558564E-5
-6.903478761860574E-4
-5.139369713408758E-4
-5.924551197401762E-4
-6.96466173463925E-4
-0.002226040492930817
-0.0026889916536227965
-0.0032182243681583415
-0.0031550019629537096
-0.0035302575293295877
-0.0031305287738422395
-0.0010482682669413102
-3.905513095705465E-4
9.65671253690098E-4
0.0017692076295167055
5.180158361927876E-4
-3.191711746620915E-4
-3.7321613394992174E-4
-8.269898487250998E-4
-9.289614700228926E-4
-0.0013735577388812692
-4.1808364732095056E-4
-7.505111327517552E-4
-0.001547929211300495
-2.457516073276807E-4
-2.3861359383683522E-4
-1.4989828330775544E-4
0.0012807635635002778
0.002331071262867544
0.0026971493833266203
0.0025778425864082027
0.0025492905324448205
0.0037403190692030406
0.00482835626845049
0.005324958064170741
0.005446304293515115
0.0051097979432323986
0.0038769610417420833
0.0031182921792865044
0.002954117868997058
0.0026859325049838627
0.002984709355386396
0.0026257692484181654
0.0011339244288314562
5.506467550080812E-4
0.0015061208465684001
0.0026502424375296355
0.0024197865733966237
0.001021755645403884
-6.424212141760947E-5
2.243375668551442E-4
6.934070248249913E-5
0.0011492201720261252
0.0017253598323586545
6.944267410379691E-4
-1.4785885088179957E-4
-0.002145482912105561
-0.003382398678447788
-0.00406050996007811
-0.003488449164597492
-0.0027797463965778322
-0.0027206028562251124
-0.003248815854547679
-0.0029765516256825726
-0.004329715040304284
-0.005377983307245593
-0.005220947010446992
-0.005343312956004344
-0.0033344720164378253
-0.002159758939087252
-0.0010696823074138465
-4.3847797158050913E-4
-9.717895509679655E-4
-0.0014163858198263423
5.292327145355448E-4
6.760718492043664E-4
0.0014612533331973712
0.0022627502765980227
0.002599256626880739
0.0018987115885649023
-3.2936833679187084E-4
-4.384779715805091E-5
-1.6417431028944646E-4
2.6512621537426134E-5
4.2420194459881814E-4
7.474519841128214E-4
0.0015030616979294662
0.0013562225632606445
4.078864851911713E-4
6.046917142959113E-4
0.0014500364548546139
0.0020659450474932823
0.0030458923281650716
0.002301499492691184
6.760718492043664E-4
2.508501883925703E-4
-0.0015061208465684001
-0.0029367826933764333
-0.0022933417629873607
-0.0021985081551804133
-0.0014388195765118567
-4.751877552477146E-4
9.483360780694733E-5
1.8354891833602708E-4
0.0020506493042986135
0.0032294412465010986
0.002866422274680956
0.002914348936690919
0.0014398392927248344
7.188999301494393E-4
4.5683286341411186E-4
6.281451871944037E-4
4.445962688583767E-4
7.443928354738875E-4
0.0026084340727975403
0.0030581289227208067
0.0018120357104617784
8.687982134571948E-4
1.662137427154023E-4
-4.935426470813173E-4
-0.0013409268200659755
-0.0018813764129442774
-0.0018140751428877343
-0.0028786588692366914
-0.002512580748777615
-0.0016621374271540228
-3.0591486389337845E-6
7.586688624555786E-4
8.871531052907975E-5
-0.0010747808884787363
-0.0016315459407646852
-8.993896998465327E-4
-0.001334808522788108
-0.0011318849964055003
-0.0011747130773505732
-0.0015530277923653845
-0.0013847746172240265
-0.002260710844172067
-0.0032875650706408405
-0.0027940224235595236
-0.0036169334074327114
-0.004064588824930022
-0.004017681879133037
-0.0025207384784814383
-0.001492864535799687
6.118297277867568E-5
0.0014133266711874083
0.001179811658415463
0.0021658772363651194
0.0012736255500094323
0.0010972146451642508
-4.598920120530456E-4
-0.001717202102654831
-0.0015091799952073337
-0.0017192415350807868
-0.0016641768595799787
-0.001733517562062478
-5.82257957610397E-4
5.577847684989268E-4
0.0010533668480061998
0.0011278061315535886
0.0015244757384020027
0.0013399071038529978
9.289614700228926E-4
0.001165535631433772
9.065277133373782E-4
0.0020363732773169226
0.0032732890436591496
0.0033885169757256555
0.002758332356105296
0.002959216450061948
0.0034547985295692208
0.0023065980737560737
0.001433720995446967
0.0013745774550942473
0.0012389551987681828
0.0014734899277531062
0.001148200455813147
9.218234565320471E-4
0.0015173377249111573
6.770915654173443E-4
6.709732681394768E-4
0.0011104709559329638
6.454803628150286E-4
-8.677784972442169E-4
-9.748486996068993E-4
-9.636318212641421E-4
-3.008162828284888E-4
-5.25153849683633E-4
-0.0017957202510541315
-0.0011706342124986615
-0.002340248708784345
-0.003077503530767387
-0.002981650206747462
-0.0029469798555062125
-0.0026135326538624304
-0.0019231847776763724
-8.789953755869741E-4
-6.801507140562781E-4
-6.424212141760947E-5
2.0394324259558565E-4
5.180158361927876E-4
0.0013113550498896156
0.0019527565478527325
0.00257886230262118
0.0019262439263153064
8.473841729846582E-4
3.7219641773694376E-4
2.681853640131951E-4
4.5479343098815597E-4
9.554740915603188E-4
0.00147654907639204
0.0015520080761524068
7.209393625753952E-4
-1.9782494531771807E-4
-0.0015265151708279585
-0.0012838227121392115
-0.0022617305603850448
-0.002745076045336583
-0.002056767601576481
-0.002558467978361622
-0.0021424237634666272
-0.003488449164597492
-0.003734200771925173
-0.0033620043541882296
-0.0023514655871271026
-0.001932362223593174
-0.0021087731284383554
-0.0010543865642191777
9.106065781892899E-4
-6.220268899165362E-5
4.1808364732095055E-5
7.505111327517552E-4
0.0010482682669413102
0.0017875625213503081
0.001291980441843035
0.002365741614108793
0.001747793589044169
0.0029286249636726095
0.0035955193669601746
0.0031305287738422395
0.002713464842734267
0.0016233882110608618
0.0011257666991276328
0.0010013613211443254
7.739646056502475E-4
4.486751337102884E-4
0.0010574457128581115
8.351475784289232E-4
0.0011532990368780369
-6.770915654173443E-4
-0.0017651287646647939
-0.001434740711659945
-0.0018324300347213368
-0.0017059852243120738
-0.0017926611024151977
-0.001743714724192257
-4.660103093309132E-4
-3.7219641773694376E-4
-0.0012573100906017856
-1.3256310768713068E-4
-8.769559431610182E-5
6.403817817501389E-4
0.0012307974690643595
0.001318493063380461
0.0011696144962856836
9.605726726252083E-4
1.305236752611748E-4
2.9979656661551087E-4
0.0014561547521324814
0.00110741180729403
0.0010870174830344716
-3.701569853109879E-4
-9.126460106152458E-4
-0.0013970112117797618
-0.0032284215302881207
-0.0034486802322913532
-0.0029123095042649628
-0.0033008213814095535
-0.002428964019313425
-6.995253221028588E-4
-2.9571770176359914E-4
2.100615398734532E-4
0.0016427628191074423
0.002341268424997323
0.002642084707825812
0.0035017054753662055
0.0027297803021419137
0.002543172235166953
0.002473831532684454
0.002599256626880739
0.0022688685738758902
0.002370840195173683
9.911641590145462E-4
2.5492905324448206E-5
6.373226331112051E-4
0.0017977596834800873
0.0024830089786012552
0.0018395680482121825
0.0026594198834464368
0.002257651695533133
0.0021485420607444948
0.0015999347381623692
8.616601999663493E-4
7.250182274273069E-4
3.314077692178267E-4
2.753233775040406E-5
-6.322240520463155E-4
-0.0017528921701090586
-0.0018946327237129906
-0.001519377157337113
-0.0015866784273936563
-0.0018925932912870348
-0.0013643802929644681
-0.0013704985902423356
-0.0018966721561389465
-0.0018946327237129906
-0.0017355569944884337
-0.0016437825353204203
-0.0019445988181489092
-0.0018079568456098665
-9.93203591440502E-4
3.528218096903631E-4
0.001008499334635171
9.646515374771201E-4
0.0018711792508144982
4.1196535004308304E-4
-6.373226331112051E-4
-0.0010747808884787363
-4.649905931179353E-4
-0.0010441894020893985
-0.0019089087506946817
-0.0015418109140226273
-0.0015234560221890248
-0.0010125781994870828
-0.0018395680482121825
-0.0029826699229604397
-0.0038769610417420833
-0.002484028694814233
-0.0014500364548546139
-1.6519402650242438E-4
8.188321190212764E-4
8.861333890778197E-4
8.229109838731882E-4
3.6709783667205416E-4
-1.4174055360393202E-4
3.1611202602315776E-5
-4.089062014041492E-4
-4.1604421489499467E-4
-8.769559431610182E-5
-9.208037403190692E-4
-7.209393625753952E-4
-8.983699836335547E-4
-8.351475784289232E-4
2.2841643170705593E-4
-5.710410792676399E-4
-7.95378646122784E-4
3.864724447186348E-4
0.0011471807396001691
0.0019496973992137985
0.00190482988584277
4.343991067285974E-4
-5.883762548882645E-4
-0.0014704307791141725
-0.001006459902209215
1.3970112117797618E-4
7.036041869547704E-4
9.840261455237008E-4
0.0012613889554536973
0.0017304584134235441
0.001276684698648366
0.002203606736245303
0.0012603692392407191
3.1407259359720187E-4
0.001193067969184176
0.0010594851452840673
0.001005440185996237
5.190355524057655E-4
6.230466061295141E-4
7.882406326319385E-4
7.851814839930048E-4
6.83209862695212E-4
4.343991067285974E-4
0.0016641768595799787
9.289614700228926E-4
2.9979656661551087E-4
-1.3154339147415273E-4
-6.210071737035583E-4
2.875599720597757E-4
-2.2433756685514418E-5
8.37187010854879E-4
2.528896208185262E-4
4.2318222838584016E-4
4.884440660164276E-4
5.384101604523461E-4
4.282808094507298E-4
6.566972411577858E-4
5.465678901561696E-4
-1.9374608046580637E-5
-7.127816328715718E-4
-0.001846706061703028
-0.0025737637215562906
-0.0021985081551804133
-0.0018365088995732487
-6.607761060096975E-4
5.373904442393682E-4
6.985056058898809E-4
0.001630526224551707
8.147532541693647E-4
0.0013419465362789536
0.0013552028470476666
0.001462273049410349
0.001976210020751225
0.002346367006062213
0.0022209419118659275
0.0018293708860824033
0.001307276185037704
0.0011012935100161625
0.0013806957523721148
8.045560920395854E-4
3.497626610514294E-4
0.0010166570643389944
5.628833495638164E-4
1.886474994009167E-4
1.2746452662224103E-4
5.486073225821254E-4
7.882406326319385E-4
6.83209862695212E-5
-9.758684158198773E-4
-4.945623632942952E-4
-6.148888764256907E-4
-9.748486996068993E-4
6.016325656569776E-4
-9.38138915939694E-5
8.198518352342543E-4
0.0015866784273936563
0.001237935482555205
0.0010441894020893985
9.666909699030759E-4
4.3235967430264155E-4
0.0010472485507283323
7.260379436402849E-4
-8.769559431610182E-5
-5.914354035271984E-5
-9.646515374771201E-4
-8.5146303783657E-4
-5.384101604523461E-4
-0.0013531634146217108
-0.0015254954546149806
-6.944267410379691E-4
-7.617280110945124E-4
-0.001291980441843035
-0.0017967399672671094
-9.483360780694732E-4
-7.229787950013511E-4
-9.52414942921385E-4
-9.901444428015683E-4
3.4364436377356183E-4
0.0011553384693039927
0.001193067969184176
0.0012970790229079247
1.7233203999326987E-4
3.3038805300484876E-4
0.0015601658058562301
0.0015438503464485834
0.0014163858198263423
0.0010605048614970454
0.0011165892532108313
0.0012746452662224103
-6.985056058898809E-4
-0.0019068693182687259
-0.002917408085329853
-0.00403093818990175
-0.004151264703033146
-0.0025462313838058867
-0.001408228090122519
-0.0015703629679860096
-0.001492864535799687
-0.0027481351939755163
-0.002443240046295116
-0.0014724702115401283
-0.0017855230889243523
-0.0017416752917663013
-7.974180785487399E-4
6.556775249448078E-4
8.045560920395854E-4
9.320206186618264E-4
0.0011125103883589196
7.311365247051745E-4
6.414014979631168E-4
-3.8035414744076723E-4
-7.688660245853578E-4
-0.0011787919422024849
-0.0019792691693901587
-0.0018314103185083591
-0.0016947683459693165
-0.0014836870898828857
-0.001999663493649717
-0.0017151626702288751
-0.0020261761151871434
-0.0018365088995732487
-0.002088378804178797
-0.002247454533403354
-0.002243375668551442
-0.0023422881412103014
-0.0024350823165912925
-0.0022902826143484266
-0.002170975817430009
-1.876277831879388E-4
0.0012236594555735138
6.026522818699555E-4
2.804219585689303E-4
-5.098581064889641E-6
1.2134622934437345E-4
2.4473189111470276E-5
9.07547429550356E-5
6.628155384356534E-5
4.0278790412628165E-4
2.4473189111470274E-4
4.26241377024774E-4
3.4670351241249564E-5
-1.7335175620624782E-5
-6.322240520463155E-5
-1.7335175620624782E-5
1.121687834275721E-4
3.6403868803312035E-4
6.770915654173443E-4
1.4683913466882165E-4
-6.83209862695212E-5
-1.9986437774367394E-4
-2.3249529655896764E-4
-6.24066322342492E-4
-3.354866340697384E-4
-3.6913726909801E-4
-3.110134449582681E-4
-7.515308489647331E-4
-5.373904442393682E-4
-3.874921609316127E-5
0.0010849780506085158
0.0021383448986147155
0.002415707708544712
0.003208027206028562
0.002725701437290002
0.003054050057868895
0.0016957880621822946
0.0013093156174636598
0.0011257666991276328
8.157729703823426E-6
-6.322240520463155E-4
-6.628155384356534E-5
7.443928354738876E-5
-3.97689323061392E-5
0.0010339922399596193
9.697501185420097E-4
0.0020261761151871434
0.0012144820096567125
5.027200929981185E-4
3.7831471501481134E-4
-3.242697557269812E-4
-1.1012935100161624E-4
0.0010329725237466412
3.538415259033411E-4
7.229787950013511E-4
2.345347289849235E-4
-4.282808094507298E-4
-3.609795393941866E-4
-4.69069457969847E-5
6.587366735837417E-4
9.289614700228926E-4
0.0010931357803123391
4.2930052566370774E-4
-5.343312956004344E-4
-7.403139706219758E-4
-7.148210652975276E-4
-6.220268899165362E-5
7.433731192609096E-4
1.774306210581595E-4
0.0010339922399596193
9.493557942824512E-4
0.0011961271178231097
5.465678901561696E-4
5.486073225821254E-4
0.0011420821585352797
1.7947005348411534E-4
-3.26309188152937E-5
2.3351501277194556E-4
-9.636318212641421E-4
-6.424212141760947E-4
-6.444606466020507E-4
-6.770915654173443E-4
-3.171317422361357E-4
-8.718573620961286E-4
-0.0010564259966451336
-0.0013490845497697989
-5.608439171378606E-4
-0.0010441894020893985
-2.6512621537426136E-4
6.454803628150286E-4
0.0010472485507283323
0.0021526209255964064
0.0018089765618228447
8.504433216235921E-4
0.0012185608745086242
9.401783483656499E-4
0.0015397714815966715
0.001375597171307225
8.983699836335547E-4
0.001578520697689833
9.983021725053917E-4
0.0016998669270342063
0.0010452091183023762
9.014291322724886E-4
9.330403348748043E-4
8.494236054106142E-4
4.1502449868201674E-4
-1.733517562062478E-4
-4.303202418766857E-4
-0.0017059852243120738
-9.442572132175615E-4
-8.647193486052831E-4
-6.597563897967196E-4
2.3045586413301177E-4
6.934070248249913E-5
5.047595254240745E-4
3.099937287452902E-4
1.9476579667878429E-4
1.733517562062478E-4
-9.666909699030759E-4
-0.0015836192787547225
-5.944945521661321E-4
-0.001051327415580244
-0.001889534142648101
-0.0018772975480923658
-0.0012715861175834765
-0.0011910285367582201
-0.0012093834285918227
-9.911641590145462E-4
-1.9986437774367394E-4
0.0010533668480061998
6.648549708616092E-4
0.0013144141985285494
9.972824562924137E-4
9.106065781892899E-4
5.914354035271983E-4
0.0011706342124986615
0.0013531634146217108
0.0016968077783952725
0.0018864749940091673
0.0017804245078594627
0.0026665578969372826
0.0023045586413301174
0.0016366445218295748
0.0010125781994870828
5.261735658966109E-4
-0.0011757327935635513
-7.209393625753952E-4
-4.0380762033925957E-4
-3.518020934773852E-4
-9.004094160595106E-4
-0.0015152982924852012
-6.118297277867569E-4
-7.23998511214329E-4
-3.7219641773694376E-4
-0.001021755645403884
-6.199874574905804E-4
-3.038754314674226E-4
-5.608439171378606E-4
-5.893959711012424E-4
3.181514584491136E-4
9.605726726252083E-4
7.52550565177711E-4
4.915032146553614E-4
-8.38206727067857E-4
-0.0016978274946082505
-0.0015581263734302743
-0.001208363712378845
-0.0011247469829146549
-0.0011961271178231097
-8.616601999663493E-4
-1.1522793206650589E-4
-2.518699046055483E-4
-7.362351057700642E-4
-2.0700239123451944E-4
-5.904156873142204E-4
-2.3351501277194556E-4
1.366419725390424E-4
2.8654025584679785E-4
-2.0496295880856357E-4
-2.8348110720786404E-4
0.0010135979157000607
9.738289833939213E-4
0.0020659450474932823
0.0014428984413637684
0.0012165214420826684
9.891247265885904E-4
0.001008499334635171
1.804897696970933E-4
-9.77907848245833E-4
-0.0015509883599394286
-4.97621511933229E-4
-9.993218887183697E-5
2.84500823420842E-4
3.0693458010635637E-4
-3.079542963193343E-4
8.698179296701727E-4
-1.0299133751077076E-4
1.917066480398505E-4
8.392264432808349E-4
5.271932821095889E-4
8.004772271876737E-4
2.457516073276807E-4
8.157729703823425E-5
2.753233775040406E-4
-8.749165107350624E-4
-5.608439171378606E-4
-0.001492864535799687
-0.00181611457531369
-9.034685646984444E-4
-0.001291980441843035
-6.465000790280065E-4
-5.241341334706551E-4
2.375938776238573E-4
7.851814839930048E-4
8.626799161793273E-4
9.034685646984444E-4
0.001106392091081052
0.0011787919422024849
0.0013450056849178872
0.0018630215211106749
0.001138003293683368
7.413336868349538E-4
-7.95378646122784E-5
-6.261057547684479E-4
-0.0013817154685850928
-0.0015846389949677004
-7.637674435204682E-4
4.425568364324208E-4
9.208037403190692E-4
6.587366735837417E-4
-3.426246475605839E-4
-0.0016366445218295748
-0.0018518046427679177
-0.0019068693182687259
-0.0018599623724717411
-0.001890553858861079
-0.0019089087506946817
-0.0015010222655035103
-0.0014225041171042098
-0.0014225041171042098
-8.840939566518637E-4
-0.001375597171307225
-0.001858942656258763
-0.00190482988584277
-0.0023759387762385727
-0.0013011578877598364
-0.0019231847776763724
-9.238628889580029E-4
6.821901464822341E-4
3.7219641773694376E-4
7.443928354738875E-4
2.4473189111470274E-4
1.366419725390424E-4
5.363707280263902E-4
9.52414942921385E-4
5.873565386752866E-4
7.158407815105055E-4
0.001106392091081052
9.666909699030759E-4
9.830064293107228E-4
8.94291118781643E-4
8.626799161793273E-4
8.076152406785191E-4
0.001078859753330648
6.923873086120133E-4
7.627477273074903E-4
6.403817817501389E-4
1.0605048614970453E-4
-1.5397714815966715E-4
-8.902122539297313E-4
-5.598242009248826E-4
-0.001463292765623327
-0.0018293708860824033
-8.239307000861661E-4
3.2019089087506944E-4
7.709054570113137E-4
0.0010758006046917143
9.52414942921385E-4
0.0011665553476467498
0.0016315459407646852
7.841617677800269E-4
0.0013133944823155717
0.001277704414861344
0.0016825317514135814
0.0012715861175834765
0.0010819189019695818
3.0591486389337845E-6
-3.150923098101798E-4
-5.934748359531542E-4
-7.056436193807262E-4
-4.078864851911713E-5
2.579882018834158E-4
8.830742404388858E-4
8.738967945220845E-4
4.0482733655223754E-4
7.505111327517552E-4
-5.700213630546619E-4
-0.0010023810373573033
1.957855128917622E-4
-0.0019425593857229533
-0.0016376642380425527
-0.0010248147940428178
-6.903478761860574E-4
-0.0011859299556933305
-0.0016152304813570383
-0.002497285005582946
-0.0027104056940953332
-0.0023382092763583897
-0.0028266533423748166
-0.0025951777620288274
-0.0018630215211106749
-0.0018956524399259685
-0.001436780144085901
-0.0015591460896432522
-5.639030657767943E-4
4.69069457969847E-5
-1.3868140496499826E-4
5.10877822701942E-4
9.473163618564953E-4
9.095868619763119E-4
7.168604977234835E-4
1.0605048614970453E-4
-2.426924586887469E-4
7.790631867151371E-4
4.843652011645159E-4
0.0012124425772307567
0.0010013613211443254
0.0010554062804321556
0.0011390230098963458
0.0014418787251507905
0.0012542509419628516
0.0014724702115401283
0.001519377157337113
9.269220375969368E-4
0.0010605048614970454
9.371191997267161E-4
9.422177807916057E-4
-1.366419725390424E-4
-8.861333890778197E-4
-7.95378646122784E-4
-9.350797673007602E-4
-0.001078859753330648
-0.0010829386181825597
-0.0015316137518928481
-0.0010176767805519724
-8.65739064818261E-4
-8.902122539297313E-4
-8.586010513274155E-4
-7.515308489647331E-4
-3.487429448384515E-4
-8.137335379563868E-4
-5.302524307485227E-4
3.609795393941866E-4
0.0011777722259895072
0.0012104031448048008
0.0017732864943686172
0.0019966043450107833
0.0018140751428877343
0.0014418787251507905
0.0013582619956866004
0.0022535728306812214
0.001817134291526668
0.002544191951379931
0.002372879627599639
0.001379676036159137
0.0015387517653836936
0.001561185522069208
1.733517562062478E-4
2.661459315872393E-4
9.605726726252083E-4
9.962627400794358E-4
0.0010707020236268247
2.814416747819082E-4
9.626121050511642E-4
0.0011889891043322643
0.0013490845497697989
0.0011991862664620435
8.820545242259079E-4
5.231144172576772E-4
-4.517342823492222E-4
-0.0013684591578163798
-8.565616189014596E-4
-0.0010900766316734051
-8.820545242259079E-4
-0.0013704985902423356
-0.0026482030051036796
-0.002473831532684454
-0.0027104056940953332
-0.0024350823165912925
-0.0020985759663085762
-8.718573620961286E-4
-2.4167274247576898E-4
5.618636333508385E-4
0.0012950395904819689
2.2229813442918835E-4
0.0010452091183023762
0.0013113550498896156
0.0010900766316734051
7.117619166585939E-4
2.508501883925703E-4
9.136657268282237E-4
-3.609795393941866E-4
-6.730127005654327E-4
-3.426246475605839E-4
2.2025870200323249E-4
8.993896998465327E-4
6.077508629348452E-4
2.875599720597757E-4
0.0010044204697832592
0.0011359638612574122
0.0012746452662224103
0.0013327690903621521
9.962627400794358E-4
2.5390933703150413E-4
-3.4466407998653975E-4
-8.259701325121219E-5
-2.6512621537426134E-5
-7.403139706219758E-4
-5.873565386752866E-4
-3.8851187714459065E-4
-8.157729703823425E-5
1.7335175620624782E-5
-7.709054570113137E-4
-3.660781204590762E-4
-2.3351501277194556E-4
-1.815094859100712E-4
3.6709783667205416E-4
5.159764037668316E-4
8.239307000861661E-4
0.002055747885363503
0.0022362376550605968
0.0025268567757593063
0.0029581967338489696
0.0021352857499757814
4.925229308683393E-4
3.9870903927436996E-4
1.519377157337113E-4
-6.118297277867568E-5
-6.852492951211678E-4
-0.0010166570643389944
-8.66758781031239E-4
-0.0010676428749878907
-6.312043358333376E-4
-4.904834984423834E-4
-3.5078237726440727E-4
9.993218887183697E-5
2.212784182162104E-4
3.54861242116319E-4
1.2236594555735137E-4
2.0802210744749733E-4
-3.12033161171246E-4
-2.9163883691168746E-4
-2.8654025584679785E-4
-8.5146303783657E-4
-0.0010441894020893985
-0.0013572422794736225
-0.001420464684678254
-0.002164857520152142
-0.0021118322770772896
-0.0020068015071405625
-0.0015856587111806784
-9.044882809114223E-4
-4.2930052566370774E-4
-4.1502449868201674E-4
-2.1414040472536494E-5
7.627477273074903E-4
7.943589299098061E-4
6.261057547684479E-4
9.340600510877822E-4
0.001121687834275721
9.748486996068993E-4
-2.396333100498131E-4
-0.001193067969184176
-4.955820795072731E-4
-0.0011828708070543965
-0.0013450056849178872
-6.505789438799182E-4
-9.38138915939694E-4
-0.0011951074016101318
-0.0014949039682256428
-8.341278622159452E-4
2.661459315872393E-4
6.954464572509471E-4
8.157729703823426E-4
-1.0197162129779282E-6
-3.018359990414667E-4
3.874921609316127E-5
9.08567145763334E-4
6.995253221028588E-4
0.0011023132262291404
8.779756593739962E-4
4.792666200996262E-4
8.24950416299144E-4
6.220268899165362E-4
1.631545940764685E-4
3.823935798667231E-4
6.985056058898809E-4
0.0010533668480061998
0.0012889212932041014
7.872209164189606E-4
-0.001123727266701677
-0.0038535075688435907
-0.004497968215445641
-0.0031774357196392242
-0.0012858621445651674
-0.0010125781994870828
-5.659424982027502E-4
-0.0013327690903621521
-0.0014143463874003864
-6.199874574905804E-4
-4.1808364732095055E-5
0.0016295065083387294
4.4765541749731047E-4
