6.98487E-4
5.90291E-4
6.73022E-4
5.70189E-4
5.81449E-4
4.59935E-4
6.14992E-4
5.82094E-4
4.091E-4
-1.33534E-4
6.75812E-5
0.00105154
0.0019063
0.00165087
0.00124155
7.17177E-4
5.33974E-4
4.33881E-4
8.32148E-4
0.00114962
0.0018849
0.00212473
0.00219937
0.00118846
1.5718E-4
-5.50882E-4
-0.00119633
-0.00250202
-0.00120099
0.00143917
0.00143442
-0.00114979
-0.00241071
-0.00147556
7.1971E-4
0.0028621
0.00527955
0.00646239
0.00464421
-1.60933E-4
-0.00328439
-0.00399254
-3.55456E-4
0.00425113
0.00681618
0.00464298
-0.003621
-0.0132153
-0.0177218
-0.0149612
-0.00239762
0.0116391
0.0199598
0.0146027
0.00178349
-0.0119177
-0.021583
-0.0183002
-0.0054261
0.00854895
0.021053
0.0276073
0.024314
0.00880526
-0.00826124
-0.023624
-0.0196078
-0.00205829
0.00394446
0.00589294
0.0206042
0.0328954
0.0340442
0.0196028
-0.00145212
-0.0350726
-0.0595851
-0.0592443
-0.0286828
0.0134382
0.0315896
0.0295565
0.0186993
0.0039042
-0.00351048
-0.00484446
0.0108071
0.0291027
0.0260474
0.00578
-0.00754237
-0.0095885
-0.00879134
-0.00562699
-0.00882745
-0.030857
-0.0453964
-0.0425786
-0.0157121
0.0357068
0.0617793
0.0353268
-0.0128684
-0.0433697
-0.0432767
-0.0368897
-0.0186392
0.0153534
0.0485321
0.0549195
0.0393822
0.0107558
-0.0132591
-0.0176166
-0.00244917
0.0125957
0.0170618
0.0124957
0.00420479
-0.00350815
-0.010534
-0.00956859
-0.00830267
-0.0181272
-0.0290686
-0.0257568
-0.0012629
0.0177992
0.0150618
5.31752E-4
-0.00996314
-0.00695513
-8.97149E-4
-0.00407468
-0.00923281
-0.00312929
0.0264669
0.0540479
0.0259454
-0.0230183
-0.0612732
-0.0686752
0.00792217
0.0650202
0.0400481
0.00190937
-0.022268
-0.0145276
0.00533706
-0.00980714
-0.0444147
-0.0683253
-0.0413616
0.0107452
0.0463748
0.0440544
0.0154104
-0.0163891
-0.0279558
-0.0063287
0.0297003
0.0485689
0.0516379
0.0446114
0.0244308
0.00745893
0.00423372
0.0122853
0.0128327
-0.0216763
-0.0706096
-0.0851814
-0.0357719
0.004655
-6.73969E-4
-0.0137744
-0.00422407
0.0301062
0.05241
0.0323819
-0.00148703
-0.00385713
0.0150544
0.047293
0.0666604
0.0581108
0.023165
-0.0216131
-0.0427961
-0.0447287
-0.0363626
-0.0204293
-0.00968341
-0.0195494
-0.0247707
-0.00683264
0.0522497
0.0893498
0.0355772
-0.0248601
-0.0650063
-0.0435145
3.37401E-4
0.00539042
-0.00242229
-0.0132438
-0.0138108
-0.00317044
0.00441563
0.00398123
0.00644708
0.0114798
0.0179255
0.0212475
0.0183568
0.00707694
-0.0101473
-0.0249517
-0.0382107
-0.0296179
-0.0210172
-0.0348497
-0.0698187
-0.0899116
-0.0786956
-0.0677132
-0.0672639
-0.065722
-0.057168
0.00440408
0.0991751
0.101485
0.0402842
-0.02043
-0.0609483
-0.0734455
-0.0231144
0.0473154
0.0634493
0.0537463
0.040992
0.0225348
0.00811628
0.0123947
0.0620914
0.125025
0.127692
0.0949597
0.0669441
0.0323824
-0.0135856
-0.0603946
-0.0865294
-0.0931589
-0.0934581
-0.0751662
-0.0356612
-0.0223126
-0.030656
-0.0554969
-0.09088
-0.127692
-0.151808
-0.164877
-0.124086
-0.0269995
0.0699254
0.0829242
0.0423008
-0.00513228
-0.027628
-0.0198084
0.0184235
0.0541219
0.0628797
0.0568701
0.043277
0.0447906
0.0587676
0.0767236
0.0957139
0.11856
0.152464
0.170161
0.152048
0.1131
0.0706472
0.0478365
0.0384844
0.0258515
-0.0154605
-0.0739483
-0.109909
-0.134001
-0.135577
-0.10362
-0.08025
-0.0563056
-0.0494284
-0.0629526
-0.0780761
-0.087508
-0.0979733
-0.097847
-0.0878815
-0.0421259
0.0172502
0.0551811
0.0934166
0.1401
0.164669
0.164127
0.13906
0.0788463
0.0175323
-0.0442234
-0.104427
-0.161698
-0.16865
-0.136748
-0.104012
-0.0718918
-0.0492149
-0.041441
-0.0505024
-0.065225
-0.068713
-0.0393495
-0.0153398
0.00831291
0.0542103
0.11445
0.128886
0.133016
0.169617
0.22766
0.28212
0.306892
0.307204
0.303607
0.2725
0.220363
0.170815
0.12829
0.089283
0.042682
-0.00745411
-0.0547211
-0.102212
-0.144044
-0.161696
-0.167474
-0.155004
-0.112453
-0.0676205
-0.0252815
0.0196855
0.0551901
0.0647391
0.0634599
0.0464683
-0.0112925
-0.0793034
-0.142477
-0.184679
-0.197914
-0.203275
-0.195182
-0.165562
-0.138334
-0.124685
-0.0994059
-0.0665353
-0.0410674
-0.0159095
0.00450251
0.0148717
0.013798
0.0262569
0.0613843
0.0851548
0.100148
0.114064
0.134442
0.157732
0.149986
0.1021
0.0507756
-0.00888978
-0.0595539
-0.0918436
-0.0905543
-0.0591167
0.00656131
0.0537399
0.056869
0.0346742
0.00669357
-0.0333706
-0.076551
-0.116641
-0.150303
-0.181901
-0.190761
-0.170568
-0.14133
-0.125896
-0.108158
-0.0713415
0.025802
0.163267
0.239104
0.271508
0.307191
0.318491
0.305738
0.274753
0.238943
0.187162
0.126987
0.0455347
-0.0507979
-0.145876
-0.231865
-0.320405
-0.379166
-0.414408
-0.439156
-0.444393
-0.439005
-0.428602
-0.39873
-0.317631
-0.185252
-0.0127211
0.162391
0.25809
0.315631
0.370379
0.389944
0.391517
0.370856
0.342698
0.296977
0.241875
0.169698
0.086873
0.0177202
-0.0341803
-0.0714795
-0.090963
-0.0929458
-0.0636088
-0.0409876
-0.0391618
-0.0213141
0.0172336
0.0516862
0.0575374
0.0370134
0.00932179
-0.0280779
-0.0795102
-0.116146
-0.117528
-0.0870352
-0.0283106
-0.0017112
-0.0194284
-0.055102
-0.0765558
-0.0886973
-0.112478
-0.146301
-0.17286
-0.176269
-0.113408
-0.00681197
0.0522822
0.0993382
0.123491
0.113467
0.0737584
0.0323156
-0.0220569
-0.0846028
-0.119748
-0.120367
-0.0739469
0.0335708
0.107876
0.177707
0.261562
0.301176
0.329693
0.359348
0.366448
0.333611
0.247624
0.149473
0.0654666
-0.0230332
-0.101547
-0.166009
-0.233283
-0.309683
-0.335291
-0.321877
-0.277778
-0.206167
-0.177932
-0.147433
-0.0899458
0.00155616
0.0620485
0.0894078
0.100162
0.0951904
0.0809198
0.0717348
0.079536
0.0973519
0.107717
0.103282
0.100447
0.0951513
0.0893898
0.0672496
0.0444909
0.0171154
-0.00928284
-0.0424494
-0.0805112
-0.127537
-0.169181
-0.182429
-0.178688
-0.172039
-0.138406
-0.124765
-0.116287
-0.0661102
-0.0125332
0.0370584
0.0578502
0.044512
0.0102393
-0.0310924
-0.0613686
-0.0557038
-0.029247
-0.0123094
0.0307914
0.0707582
0.0817282
0.0840141
0.0874949
0.0913404
0.107179
0.11962
0.121371
0.116175
0.10565
0.0856121
0.0651383
0.0447333
0.0249005
0.0153092
0.0178638
0.0396137
0.0791041
0.100421
0.075665
0.0280616
-0.0261332
-0.072247
-0.101136
-0.123642
-0.160648
-0.18294
-0.184601
-0.167671
-0.109989
-0.0384751
0.0211473
0.0579279
0.0641733
0.0537777
0.0263097
-0.0060164
-0.0220688
-0.046902
-0.0854852
-0.116314
-0.133309
-0.132021
-0.0922608
-0.0363493
3.23745E-4
0.0201643
0.0437216
0.0584552
0.0674889
0.0791688
0.0740183
0.0495941
0.0266167
0.00598062
-0.011448
-0.0252624
-0.0222907
-0.00701506
0.0585745
0.122751
0.12142
0.0815541
0.0257795
-0.00860105
-0.0242126
-0.0279339
-0.0145398
1.33676E-4
0.00588149
0.00369862
-0.0177818
-0.0513136
-0.0687765
-0.0724482
-0.0618687
-0.0517144
-0.0423968
-0.0266076
0.00905499
0.0386553
0.0462759
0.0402495
0.0244932
0.0162358
0.0135606
0.00378676
-0.0237491
-0.0599135
-0.0728506
-0.0630924
-0.0390768
-0.0173196
-0.0145394
-0.0195624
-0.0314799
-0.0410561
-0.0465058
-0.0547784
-0.0646934
-0.067549
-0.0577266
-0.0369513
9.98128E-5
0.0487787
0.0865165
0.0971872
0.0926284
0.0662791
0.0398613
0.0432731
0.0839533
0.156315
0.202242
0.206175
0.195357
0.161575
0.100053
0.0351189
-0.0233101
-0.0642618
-0.0768319
-0.0579284
-0.0200927
-0.010799
-0.0163795
-0.0236823
-0.0332693
-0.0452074
-0.0565067
-0.0744781
-0.0966695
-0.117001
-0.145441
-0.17044
-0.162073
-0.086901
0.00370387
0.137783
0.254041
0.242719
0.165497
0.0918941
0.0129974
-0.0525996
-0.0858865
-0.102306
-0.11737
-0.134175
-0.154989
-0.166127
-0.141954
-0.0893886
-0.0269978
0.0922271
0.211397
0.248889
0.253777
0.253016
0.25149
0.242021
0.223607
0.185644
0.133535
0.0723372
0.00935499
-0.0526076
-0.0988341
-0.133211
-0.151733
-0.144674
-0.13951
-0.155907
-0.176154
-0.212529
-0.260268
-0.276731
-0.260435
-0.205051
-0.126152
-0.0506579
0.0222953
0.0650272
0.0743536
0.0669943
0.0647016
0.0772172
0.0948839
0.108893
0.112298
0.110763
0.109762
0.107447
0.0901952
0.0510122
-0.00931337
-0.0772117
-0.140239
-0.184353
-0.232857
-0.253948
-0.245602
-0.245227
-0.251506
-0.251246
-0.244992
-0.217286
-0.179351
-0.151327
-0.130484
-0.116635
-0.107369
-0.0973664
-0.076538
-0.0352747
0.0166971
0.0911917
0.20082
0.266778
0.316283
0.345378
0.354769
0.362458
0.361539
0.356925
0.34855
0.329635
0.295066
0.256903
0.21614
0.172516
0.126262
0.0830061
0.0448511
0.0207341
0.00668296
4.47459E-4
-0.00944577
-0.0296304
-0.05896
-0.0798485
-0.0833925
-0.0791286
-0.0715303
-0.0513539
-0.0216361
-0.00378537
-0.00598133
-0.0328726
-0.0664457
-0.095916
-0.121647
-0.149074
-0.175637
-0.203757
-0.227773
-0.227195
-0.199322
-0.164407
-0.121775
-0.0781399
-0.0350449
0.00880441
0.0507019
0.0814359
0.106716
0.139568
0.163484
0.166728
0.161089
0.135074
0.0879522
0.0404122
-0.00556095
-0.0474645
-0.057617
-0.0445361
-0.0117474
0.0226553
0.042556
0.0514529
0.047694
0.019424
-0.0222176
-0.0634342
-0.0898784
-0.0931011
-0.0720217
-0.0264434
0.0169654
0.0673174
0.122667
0.174391
0.212267
0.221728
0.215655
0.194718
0.137
0.0675303
0.0206703
-0.0271779
-0.0757393
-0.121156
-0.140806
-0.132164
-0.108556
-0.072113
-0.0384245
-0.0131789
0.020064
0.0662547
0.10369
0.111204
0.0996835
0.0708165
0.0378985
0.0100826
-0.0172586
-0.0400084
-0.0609629
-0.0727657
-0.0728589
-0.0718701
-0.0678898
-0.05928
-0.0410323
-0.0111175
0.0179187
0.041598
0.0562659
0.0605972
0.0559841
0.0366123
0.00242507
-0.0293211
-0.0609559
-0.0796187
-0.0818332
-0.0681689
-0.0271233
0.0174767
0.0448892
0.0507149
0.0515374
0.0521191
0.0569683
0.058961
0.0533486
0.0287918
-0.00839129
-0.0525571
-0.10341
-0.141903
-0.171456
-0.184224
-0.182729
-0.180649
-0.158713
-0.114732
-0.0609211
-0.00320174
0.0451155
0.0535058
0.0351375
-0.0135371
-0.0665208
-0.108874
-0.141274
-0.169049
-0.174485
-0.1679
-0.142936
-0.108291
-0.0784116
-0.0503296
-0.0321731
-0.0200561
-0.00893916
0.0115458
0.0385945
0.0652993
0.090995
0.118034
0.135493
0.146209
0.162347
0.176171
0.185521
0.189503
0.181034
0.159395
0.135385
0.114402
0.103672
0.0910578
0.0763496
0.0624971
0.0427329
0.0206449
-0.00156957
-0.0324728
-0.0622288
-0.0977824
-0.133292
-0.169739
-0.207537
-0.241588
-0.247881
-0.241713
-0.210986
-0.16684
-0.130471
-0.0951821
-0.0574509
-0.0331226
-0.00656822
0.0260323
0.0563911
0.0868418
0.115966
0.132477
0.129731
0.116657
0.0923546
0.0631814
0.0421797
0.0284135
0.00582795
-0.00956975
-0.014607
-0.0160382
-0.0156892
-0.0134802
-0.0107302
-0.00687043
0.00640217
0.0246983
0.046733
0.0665814
0.0729398
0.0705864
0.061011
0.0407592
0.0172552
-0.00435409
-0.0234486
-0.0403201
-0.051673
-0.0590687
-0.0569013
-0.0364742
1.50182E-4
0.0349347
0.0710303
0.107131
0.141999
0.159167
0.159901
0.149113
0.122309
0.0882109
0.0552182
0.0229893
-0.0105367
-0.0375063
-0.058384
-0.0765817
-0.0857545
-0.0829988
-0.0730912
-0.0591056
-0.0509053
-0.0455184
-0.0469172
-0.0524947
-0.0632516
-0.0783587
-0.0925497
-0.103868
-0.110596
-0.101132
-0.0765503
-0.0457275
-0.0235779
-0.0041606
0.018783
0.047972
0.0822751
0.110065
0.120712
0.120541
0.11356
0.103385
0.0906189
0.0772339
0.0647096
0.050741
0.0413995
0.0370062
0.0350589
0.0345048
0.0369318
0.04208
0.0461121
0.0454207
0.0422618
0.0399169
0.0381767
0.0338053
0.0237736
0.0123999
9.62852E-4
-0.00950856
-0.0201143
-0.0299138
-0.0374731
-0.0437766
-0.0506559
-0.058
-0.060116
-0.0570216
-0.0436046
-0.0236709
-0.00518222
0.00464593
0.00736854
0.00813013
0.00512038
0.00499497
0.0144579
0.0272864
0.0357726
0.0421422
0.0407099
0.0365225
0.0334993
0.0291738
0.0251741
0.0238316
0.0236932
0.0233651
0.023032
0.0229333
0.0204429
0.00758934
-0.0136841
-0.0346783
-0.0552394
-0.0762692
-0.0870767
-0.0856967
-0.0810492
-0.076471
-0.0761349
-0.0791995
-0.0822138
-0.0815453
-0.0760513
-0.0714055
-0.0653885
-0.0576372
-0.0499187
-0.0467329
-0.0402848
-0.0240449
-0.00560815
0.0117413
0.0277247
0.0331679
0.0275869
0.0183243
0.0132778
0.0150989
0.0217414
0.0347088
0.0485352
0.0579661
0.0610389
0.0667148
0.0748367
0.0781294
0.0774059
0.0721223
0.0613851
0.0507254
0.0400614
0.0284165
0.0146095
0.00466602
-0.0010703
-0.00649526
-0.0105908
-0.0113932
-0.010981
-0.0135399
-0.0159426
-0.0152013
-0.00793363
0.00813336
0.0239356
0.030318
0.027105
0.0191802
0.00980743
0.00343864
-0.00193794
-0.00764962
-0.0156796
-0.0259189
-0.0351396
-0.0415385
-0.0449585
-0.0508292
-0.061713
-0.0749191
-0.0829683
-0.0824315
-0.073688
-0.0541851
-0.0357437
-0.0169197
-0.00758787
-0.0077427
-0.0103834
-0.0153887
-0.019229
-0.0202121
-0.0144728
0.00107158
0.0185994
0.0347565
0.051882
0.0613762
0.0627386
0.0591343
0.0446483
0.0259946
0.00909576
-0.00917326
-0.0270937
-0.0409118
-0.0427645
-0.0339968
-0.0215862
-0.0141687
-0.00964696
-0.00715166
-0.0111374
-0.0176212
-0.0231995
-0.0238264
-0.0229987
-0.0216987
-0.0215974
-0.0255797
-0.0336376
-0.0455135
-0.0599235
-0.0681497
-0.0662159
-0.0495836
-0.028264
-0.008325
0.012686
0.0335766
0.042694
0.0402838
0.0317512
0.0207515
0.0175214
0.0226071
0.0360453
0.047082
0.0528788
0.0523475
0.0451252
0.0302958
0.0178352
0.014155
0.0129894
0.0108924
0.0082553
0.00499076
0.00149411
0.00218882
0.00753367
0.00949071
0.00520729
-0.00627442
-0.0225462
-0.034747
-0.0374069
-0.0349435
-0.0274107
-0.0146622
-0.00378919
0.00174832
8.63415E-4
-0.00865451
-0.0183031
-0.0225867
-0.0196641
-0.00629622
0.0144067
0.0348343
0.0519004
0.0554756
0.0485919
0.0365683
0.0252488
0.0180724
0.00786617
-0.00262837
-0.0105994
-0.0158623
-0.0208308
-0.0227892
-0.0208876
-0.0132613
-0.00760778
-0.00169915
0.00938718
0.0228245
0.035991
0.0466623
0.050481
0.0510862
0.0510914
0.0506105
0.0478991
0.0438815
0.0402146
0.037227
0.0320848
0.0229211
0.00850292
-0.0081018
-0.0236684
-0.0398346
-0.0541345
-0.060879
-0.0581115
-0.050675
-0.0385587
-0.0246832
-0.00944982
0.00497
0.0196345
0.0341569
0.0484395
0.0578072
0.0602215
0.0535265
0.0402616
0.0266899
0.0135546
-3.73978E-4
-0.0127048
-0.0212594
-0.024849
-0.0265061
-0.0269833
-0.0247603
-0.019049
-0.0106251
-0.00446518
-0.00301839
-0.0102808
-0.0190016
-0.0264578
-0.0337351
-0.0374937
-0.0387036
-0.0447468
-0.052206
-0.0610524
-0.0688548
-0.0693268
-0.0607826
-0.043819
-0.0248782
-0.00611562
0.0127717
0.029043
0.0348771
0.0346329
0.0342208
0.028366
0.0178906
0.00778189
-0.00363719
-0.0145942
-0.0209615
-0.02731
-0.0373819
-0.0484333
-0.0559816
-0.0572968
-0.052594
-0.0454486
-0.0375643
-0.0297708
-0.0221535
-0.0096991
0.00322365
0.0148324
0.0216374
0.0247019
0.0247256
0.026185
0.028945
0.0311826
0.0314057
0.0273676
0.0197398
0.0113683
0.00435743
3.392E-4
-3.5295E-5
0.00274932
0.0073336
0.0125371
0.0171897
0.0185581
0.014467
0.00692789
-0.00354233
-0.0143613
-0.0245426
-0.0373109
-0.0494884
-0.0567766
-0.0584721
-0.0552061
-0.0457791
-0.0316917
-0.0158866
-3.50468E-4
0.0151495
0.0308985
0.0462945
0.0597
0.0670732
0.0724349
0.0735164
0.0683737
0.0599374
0.0498072
0.0388772
0.029452
0.0199446
0.0123534
0.00664133
0.00284099
-0.00239039
-0.00683643
-0.00858908
-0.00786016
-0.00652599
-0.00666899
-0.00476029
0.00411814
0.0185108
0.0319433
0.0457817
0.0521251
0.0529757
0.0491535
0.0386491
0.0253357
0.0118538
-1.06929E-5
-0.00714481
-0.0132318
-0.0185681
-0.0220294
-0.0251023
-0.0277906
-0.0302192
-0.0328054
-0.0349944
-0.0351573
-0.0340724
-0.0292783
-0.0205491
-0.0117985
-0.00435956
-0.00245805
-0.00416183
-0.00586579
-0.00381715
0.0033817
0.0146098
0.0257469
0.0316096
0.0346442
0.0354145
0.035237
0.0350769
0.0378888
0.0425635
0.0430475
0.0419461
0.0403764
0.0382851
0.0374367
0.0365778
0.0335387
0.0290461
0.0225168
0.0107937
-0.00204059
-0.0147269
-0.0224757
-0.0227202
-0.0187916
-0.012289
-0.00619299
-0.00233161
-0.00376284
-0.00481107
-0.00610497
-0.00477938
-0.00191189
1.42833E-4
1.62682E-4
5.12697E-4
0.00199234
0.00689427
0.0163356
0.0253446
0.0316541
0.0332831
0.0304636
0.0253504
0.0221946
0.0194383
0.0184548
0.0168236
0.0130163
0.00767816
-0.00105482
-0.0130004
-0.0266998
-0.0381743
-0.0452851
-0.0493093
-0.0523909
-0.049898
-0.0459483
-0.0420558
-0.0363128
-0.0280812
-0.0170882
-0.0102888
-0.0102411
-0.0126173
-0.0154848
-0.01689
-0.0188195
-0.0214219
-0.0260963
-0.0282698
-0.0274671
-0.0159051
-8.15786E-4
0.0131091
0.0272646
0.0411783
0.0504329
0.0568677
0.0643912
0.0704229
0.0723042
0.070204
0.0583875
0.0405288
0.0230888
0.00617404
-0.0120425
-0.0257901
-0.0313059
-0.0299948
-0.0205657
-0.00876708
-0.00192581
1.18923E-5
5.7645E-7
-0.00134486
-0.00612683
-0.0152873
-0.0236936
-0.0320332
-0.0375675
-0.0403114
-0.0410384
-0.04085
-0.0407184
-0.0414727
-0.0428014
-0.0423805
-0.0419498
-0.0383302
-0.0324878
-0.0289002
-0.0284929
-0.0307515
-0.0338579
-0.0337456
-0.0292673
-0.0221648
-0.0123084
-0.00461224
-0.00332452
-0.00435597
-0.00859619
-0.013379
-0.0156669
-0.0161903
-0.0133228
-0.00610454
0.00425355
0.0142045
0.0205778
0.0235058
0.0241979
0.0214629
0.0163708
0.0112913
0.00810923
0.00636817
0.00385052
3.6681E-4
-0.00231681
-0.00213038
0.00136024
0.00812058
0.0135404
0.0149865
0.0118776
0.00688764
2.68049E-4
-0.00646438
-0.0120581
-0.0162543
-0.0185923
-0.0183239
-0.0185085
-0.0152096
-0.00765337
0.00284947
0.0143635
0.0236637
0.0278141
0.0293104
0.0294173
0.0282119
0.024251
0.0208931
0.0177708
0.0142114
0.00934781
0.00396867
-0.00208677
-0.0069612
-0.0103404
-0.0119738
-0.0116363
-0.0119951
-0.0120412
-0.0160072
-0.0213547
-0.0272834
-0.0292716
-0.0290309
-0.0279466
-0.0242658
-0.0166037
-0.0074854
-0.00211313
0.00471054
0.0105947
0.0156022
0.0223862
0.0307339
0.037681
0.0403737
0.0378796
0.0307471
0.0192867
0.00963003
0.00439285
6.98994E-4
0.00157543
0.00585985
0.00989576
0.0144833
0.01813
0.0210844
0.0211964
0.0210595
0.018596
0.01247
0.0035906
-0.00676543
-0.0170808
-0.0246331
-0.0318794
-0.0366476
-0.0363568
-0.0336421
-0.0257922
-0.0140511
-0.00329533
0.00468083
0.00906036
0.00829283
0.00719491
0.00578247
0.00600198
0.00974683
0.0141018
0.0184532
0.021618
0.0237425
0.0270006
0.0299356
0.0290271
0.0220892
0.013186
0.00303621
-0.0098729
-0.0190613
-0.0237828
-0.0250723
-0.0234551
-0.0212414
-0.0189555
-0.0142531
-0.00720171
0.00254753
0.0142607
0.0265206
0.0340536
0.0346974
0.0271827
0.0137829
0.00260953
-0.00336412
-0.00301161
-0.00178073
-0.00268506
-0.00694035
-0.0117775
-0.0132437
-0.0118984
-0.00671011
1.99188E-4
0.00168358
-3.16409E-4
-0.00461439
-0.00745106
-0.0102524
-0.0110172
-0.0113246
-0.00974179
-0.0106247
-0.0113281
-0.0111579
-0.00940693
-0.00775471
-0.00505314
-0.00564931
-0.00627223
-0.00460891
0.00128301
0.00718957
0.011639
0.0129659
0.0104618
0.00370418
-0.00563229
-0.014957
-0.0204178
-0.0254887
-0.0273354
-0.0265856
-0.0270236
-0.0245278
-0.0202109
-0.0145737
-0.0099832
-0.00580248
-0.00461865
-0.0047055
-0.0045481
-0.00509885
-0.00772242
-0.0102112
-0.0131024
-0.0161455
-0.018418
-0.0195452
-0.0198322
-0.0182497
-0.0144587
-0.00824605
-0.00308333
0.00329269
0.00995203
0.0149434
0.0131632
0.00638186
-0.00333424
-0.0123302
-0.0194698
-0.0232851
-0.0260697
-0.0279582
-0.0286557
-0.0255387
-0.0203078
-0.0093589
0.00200466
0.0116569
0.0228724
0.0314009
0.0349139
0.0346754
0.032369
0.0225239
0.0111155
0.00128078
-0.00705772
-0.0118265
-0.0142116
-0.0144497
-0.0144233
-0.0143236
-0.0115373
-0.0077775
-0.00459444
-9.68823E-4
9.81407E-5
-0.00138435
-0.00137438
9.01995E-4
0.00592608
0.0128934
0.0189238
0.020565
0.0147201
0.0032084
-0.0071213
-0.0139768
-0.018946
-0.0179586
-0.0117283
-0.00653089
-0.00199163
0.00127472
0.0045453
0.0081116
0.0104842
0.0107341
0.010517
0.00848301
0.00608414
0.00462043
0.00528728
0.0088526
0.0132702
0.0160632
0.0181434
0.0211341
0.0232697
0.0261034
0.0295598
0.0311074
0.0281965
0.0236204
0.0155342
0.00603212
-0.00241745
-0.00526422
-0.00496924
-0.00547209
-0.00482744
-0.00169556
8.75056E-4
0.00619421
0.0133547
0.0190207
0.0204779
0.0193584
0.0148626
0.00846129
0.00351567
0.00225685
0.0040063
0.00547431
0.00628295
0.00594563
0.00606969
0.00355208
-3.34481E-4
-0.00293792
-0.0049223
-0.00714067
-0.00852597
-0.0113511
-0.0134675
-0.0127519
-0.0099144
-0.00443529
0.00229427
0.011461
0.0204923
0.0279232
0.0347777
0.0429661
0.0434511
0.0369797
0.0244724
0.00840599
-0.00637485
-0.0215218
-0.0353167
-0.040568
-0.0393699
-0.0358111
-0.0295148
-0.0231451
-0.0127602
1.55533E-5
0.0135732
0.0222703
0.0239964
0.0187075
0.0122776
0.00708328
0.00397679
0.00405799
0.00835964
0.0121964
0.0137308
0.013599
0.0137429
0.0129221
0.0101783
0.00744133
0.00549612
0.00238442
4.74326E-4
-0.00219652
-0.00108592
0.00311798
0.00788654
0.0119872
0.0152098
0.0164158
0.0169262
0.0168925
0.0151776
0.0136816
0.0137738
0.0104261
0.00863063
0.00649865
0.00241659
-2.3815E-4
-0.00184032
-0.00265546
-0.00166564
-6.78801E-5
0.00289302
0.00425721
0.00430053
0.00285363
-0.00135722
-0.0069947
-0.00975261
-0.00901155
-0.00393743
0.00317854
0.00878837
0.0117314
0.0118749
0.00946687
0.00503234
0.00111769
-0.00422103
-0.00909794
-0.0121552
-0.0151342
-0.0203163
-0.0268972
-0.0324916
-0.0324591
-0.0314528
-0.0254102
-0.0185767
-0.0132657
-0.0101837
-0.010139
-0.00807838
-0.00757534
-0.0057805
-0.00301133
-0.00118049
-0.00143127
8.87275E-5
0.00279936
0.00606294
0.00805555
0.00830278
0.00519352
1.23E-5
-0.00618934
-0.0122434
-0.0160727
-0.0162301
-0.0130229
-0.00979195
-0.0086588
-0.0102328
-0.0137094
-0.0164429
-0.0172317
-0.01506
-0.0113261
-0.00566017
-0.00186415
0.00155953
0.00243216
0.00240457
8.40162E-4
5.00633E-5
-0.00108459
-0.00221459
-0.00227261
-3.93594E-4
0.00435712
0.00867832
0.0113611
0.013875
0.0128803
0.00889811
0.00478553
6.62974E-5
-0.00520953
-0.00773343
-0.00751512
-0.0067118
-0.00374432
-0.00154398
0.00183319
0.00432322
0.00812546
0.0110137
0.0134283
0.015512
0.0176001
0.0192511
0.0199012
0.0173326
0.0119998
0.00439027
-0.00479753
-0.0120689
-0.0188917
-0.0250682
-0.0299066
-0.0321603
-0.0334807
-0.032473
-0.0307611
-0.0264512
-0.0210321
-0.0163683
-0.0125215
-0.00900844
-0.00649935
-0.0062871
-0.00629368
-0.0067305
-0.00843538
-0.0085036
-0.00835016
-0.00685547
-0.00610903
-0.00644509
-0.00631803
-0.00633027
-0.00631075
-0.00637341
-0.00642943
-0.00571288
-0.00408765
-0.00410353
-0.00282473
-9.6483E-4
0.00125845
0.00586486
0.0120279
0.0183685
0.0236184
0.0258636
0.0255155
0.0217939
0.0176426
0.0149266
0.0142998
0.0129361
0.0103507
0.00678933
0.00197856
-0.00131671
-0.0027959
-0.00191905
-1.1513E-4
0.00388583
0.00660237
0.00646513
0.00438597
-5.0208E-4
-0.00382882
-0.00471289
-0.00393999
-0.00129139
9.35183E-4
0.00166556
0.00122581
0.00172874
-1.14491E-4
-0.00284578
-0.00568053
-0.00779368
-0.00948283
-0.00777875
-6.23935E-4
0.0105517
0.0175133
0.0232115
0.0270286
0.0267198
0.0235776
0.0201182
0.0127432
0.00573107
8.11129E-4
-0.00208832
-0.00237035
-0.00228195
-2.8421E-4
0.00324777
0.00399575
0.00289406
-2.17296E-4
-0.00386338
-0.00531598
-0.00506528
-0.00535633
-0.00396566
-0.00275802
-0.00149531
-0.00104432
-0.00106246
0.00135505
0.0032384
0.00346914
0.00628017
0.0101724
0.0116722
0.0112828
0.0113934
0.00976074
0.0055368
-5.31334E-5
-0.00621244
-0.0102094
-0.0125049
-0.0152606
-0.0157646
-0.0141799
-0.0115969
-0.00719681
-0.00225752
0.00131473
0.00484642
0.00651058
0.00618201
0.00352711
2.1233E-4
-1.63023E-5
1.93805E-4
-0.00381852
-0.00914541
-0.0132596
-0.0159211
-0.0160734
-0.0177902
-0.0166908
-0.012873
-0.0086974
-0.0054079
2.3661E-4
0.00576332
0.00956073
0.0125262
0.0135742
0.0123682
0.0109177
0.0125842
0.0132847
0.0126365
0.0109228
0.00736765
0.00430296
0.00359602
0.00365321
0.00470812
0.00547299
0.00219089
2.17993E-4
5.47617E-4
0.00393807
0.0104839
0.0136683
0.012964
0.0122058
0.00949566
0.00834723
0.00842503
0.0104221
0.0128283
0.0155395
0.0157749
0.0143773
0.0106162
0.00571189
-0.00101969
-0.00893837
-0.0156459
-0.018479
-0.0182163
-0.0181832
-0.0182051
-0.0166898
-0.0138915
-0.0129339
-0.010447
-0.00731744
-0.00292112
0.00445685
0.0107374
0.0169119
0.0212323
0.0261557
0.0297612
0.0314588
0.0312213
0.0296105
0.0264009
0.0223316
0.0207062
0.0180745
0.0136087
0.00940841
0.00427388
-0.00476223
-0.0112471
-0.0161739
-0.0217296
-0.0250117
-0.0243981
-0.0232513
-0.0175433
-0.0116965
-0.0045923
0.0036572
0.0113304
0.0174662
0.0217281
0.0223621
0.0212522
0.0208278
0.0182951
0.0136023
0.00959874
0.00457987
-1.20332E-4
-0.00519266
-0.00975251
-0.012098
-0.0141731
-0.0135784
-0.0121839
-0.0110024
-0.0108842
-0.0107877
-0.0106403
-0.0105405
-0.0104623
-0.0113516
-0.0128322
-0.0131383
-0.0137697
-0.0136656
-0.0133345
-0.013268
-0.0139949
-0.0138838
-0.0139181
-0.0151304
-0.0156751
-0.0160806
-0.0165758
-0.0170503
-0.0173562
-0.0174254
-0.0154457
-0.0127778
-0.00904695
-0.00554619
-0.00329262
-0.00160626
-2.85484E-4
3.24575E-4
9.39809E-4
0.0020453
0.0020193
0.00170958
3.95822E-4
-0.00159962
-0.0034614
-0.00558959
-0.00687028
-0.00683143
-0.00645375
-0.00683078
-0.00732215
-0.00744602
-0.00784165
-0.00760807
-0.00678024
-0.00556035
-0.00407865
-0.00293862
-0.00199878
-0.00180857
-0.00153429
-0.00110371
-5.23218E-4
-4.08569E-5
5.2081E-4
8.48462E-4
9.07173E-4
0.00110538
9.04947E-4
8.94387E-4
0.00157997
0.00215716
0.00275451
0.00346097
0.00390047
0.00436891
0.00468527
0.00477878
0.00458653
0.00450546
0.00456031
0.00426042
0.003817
0.00322797
0.00261142
0.00199333
0.00157745
0.00131774
0.0012028
0.00117921
0.00114023
0.00127446
0.00152583
0.00174421
0.00205645
0.00238579
0.00258958
0.00267488
0.0027054
0.00266899
0.00267036
0.00262426
0.00258435
0.00258207
0.002538
0.00249823
0.00243542
0.00234769
0.00223281
0.00214452
0.00199906
0.00184029
0.0016884
0.00158586
0.00154353
0.00155128
0.00151816
0.00149664
0.00145577
0.00142324
0.00138623
0.00134029
0.00128995
0.00123899
0.00118695
0.00113959
0.00109581
0.00106636
0.00103534
0.00100244
9.65714E-4
9.26323E-4
8.82929E-4
8.39978E-4
7.96714E-4
7.53385E-4
7.08766E-4
6.6488E-4
6.21237E-4
5.79236E-4
5.38041E-4
4.98828E-4
4.59527E-4
4.20418E-4
3.8081E-4
3.41435E-4
3.01796E-4
2.62145E-4
2.22277E-4
1.824E-4
1.42451E-4
1.02524E-4
6.25932E-5
2.26776E-5
