6.10886E-6
8.14938E-6
5.08991E-6
2.03904E-5
-4.14129E-4
-1.10169E-4
8.2612E-5
-6.01875E-5
8.3633E-5
-8.97665E-5
2.37654E-4
4.92654E-4
5.55895E-4
3.04976E-4
-2.24439E-5
1.01966E-5
-3.64143E-4
-3.07022E-4
-3.13142E-4
5.50786E-5
4.07915E-6
-1.12203E-5
4.5186E-4
9.89407E-5
-2.34588E-5
2.04017E-5
3.16222E-5
-5.30397E-4
-0.0011424
-3.02936E-4
3.67242E-5
2.34647E-5
-2.95748E-5
1.71366E-4
9.75126E-4
9.93487E-4
9.99607E-4
8.80268E-4
-1.26472E-4
-0.00108017
-0.00159935
-0.00112301
1.8463E-4
9.73091E-4
0.00100573
5.74272E-4
4.66152E-4
9.18013E-4
0.00105367
8.82314E-4
0.00236947
7.01775E-4
-6.41565E-4
3.77554E-5
6.32559E-5
0.00122096
0.00138008
3.78437E-4
-5.98722E-4
-0.0011842
-0.00190228
-0.00197062
-0.00192472
-0.0019645
-0.00192982
-0.0019543
-0.00195532
-0.00144022
-1.73377E-4
0.00159734
0.00207776
0.00179012
0.0010139
6.12025E-4
2.94805E-4
-4.05416E-6
-2.44537E-5
5.81427E-4
0.00120057
0.00207063
0.00297537
0.00293253
0.00251025
5.7939E-4
-0.00124641
-0.00177273
-4.40609E-4
2.46871E-4
0.00145353
0.00269793
0.00295905
0.00297741
0.00244701
0.00115365
-1.08086E-4
-0.00161973
-0.00360566
-0.00393308
-0.00390248
-0.00379028
-0.00286616
-0.0030467
-0.00205934
2.58099E-4
5.12079E-4
4.44759E-4
-8.0678E-4
-0.00203996
-0.00364034
-0.00496532
-0.00477458
-0.0027254
4.74343E-4
0.00277546
0.00398722
0.00392296
0.00343132
0.00218488
2.47905E-4
-7.58834E-4
-0.00177781
-0.00205423
-0.00135043
-3.48793E-4
6.07968E-4
0.00173507
0.00359453
0.00402293
0.00328751
0.00104045
-0.00114439
-0.00191245
-0.00196039
-0.00185023
-2.87588E-4
0.00165857
0.00205943
0.00130259
-2.92686E-4
-3.05946E-4
5.47794E-4
0.00174935
0.00131688
-7.19044E-4
-0.00271722
-0.00397488
-0.00337002
-0.00212052
-4.27322E-4
8.38498E-4
0.00199518
0.00240114
0.00160962
-2.74803E-5
-0.00193284
-0.0024561
-0.00312726
-0.00260604
-0.00217662
-5.60938E-4
0.00162084
0.00265716
0.00276222
4.24384E-4
-5.85416E-4
-0.00160746
-0.00200015
-0.00232044
-0.00210011
-0.00181349
-0.00255605
-0.00352301
-0.00395855
-0.00193691
0.00234811
0.00638731
0.00796831
0.00712375
0.00282343
-0.00313949
-0.00676559
-0.00722969
-0.00440837
-4.63008E-4
0.00284281
0.00393319
0.00394543
0.00391891
0.00395155
0.00384241
0.00227263
6.69195E-4
-0.00158603
-0.00321802
-0.00369844
-0.00243772
-0.0012688
-3.81403E-4
2.10197E-4
0.00161168
0.00325694
0.003821
0.00393218
0.00222776
-2.09021E-4
-0.00342712
-0.00547426
-0.00643612
-0.00556096
-0.00169312
9.17062E-4
0.00197786
0.00194624
0.00252968
0.00301418
0.00109454
-0.001789
-0.00460624
-0.00476842
-0.00378921
-0.00280899
-0.00132183
8.49746E-4
0.00201357
0.00191055
0.00287853
0.00209415
0.00251949
0.00244401
1.21468E-4
-0.00159825
-0.00326187
-0.00315783
-7.9959E-4
8.4975E-4
0.00258171
0.00307845
0.00465741
0.00592935
0.00596811
0.00463293
0.00213495
-2.42667E-4
-0.00282531
-0.00447261
-0.00451239
-0.00261417
-0.00120249
9.99695E-4
-1.92848E-5
-8.79144E-4
5.82359E-5
-2.84638E-5
-4.31363E-4
-0.00184202
-0.00339446
-0.00479186
-0.00580778
-0.00640346
-0.00512948
-0.00212354
-3.82401E-4
1.2352E-4
-9.37402E-5
6.9472E-4
0.00307846
0.00297442
0.00177694
5.24381E-4
-7.30218E-4
-8.64858E-4
2.18382E-4
0.00267352
0.00413314
0.00497056
0.00605278
0.00692386
0.00806218
0.00813868
0.00599974
0.00266434
-3.09974E-4
-0.00161761
-0.00208477
-0.00129937
-0.00103723
-0.00250195
-0.00350971
-0.00279265
-0.00201847
-0.00144115
-0.00208579
-0.00236221
-0.00185323
-0.00200827
-0.00192565
-0.00190423
-1.7635E-4
0.00277451
0.00396893
0.00332633
4.64212E-4
-0.00268963
-0.00251929
-0.00276613
-0.00168391
-4.27269E-5
5.65193E-4
0.00108335
9.38514E-4
5.82534E-4
4.75435E-4
3.46915E-4
-6.92448E-5
1.74554E-5
-6.51643E-5
-0.00165228
-0.00141156
-8.41383E-4
7.14117E-4
0.00210438
0.00313356
0.00374148
0.00444834
0.00343752
-2.12041E-4
-0.00211536
-0.00452052
-0.00551604
-0.00590772
-0.00406254
-6.3228E-4
0.00358032
0.00594978
0.00575088
0.00422394
0.00221046
-3.17098E-4
-0.00280182
-0.00456132
-0.00423594
-0.00108312
9.38523E-4
0.00356298
0.0048339
0.00511542
0.0057162
0.00667092
0.00735637
0.00596814
0.00284083
-0.00244787
-0.00564965
-0.00577103
-0.00481529
-0.00321389
1.51087E-4
0.00250627
0.00272863
0.00169231
-3.95206E-6
-6.71918E-5
6.10088E-4
8.51829E-4
0.00154951
-6.75111E-4
-0.00232955
-0.00320063
-0.00362597
-0.00285689
-0.00368717
-0.00486221
-0.00618107
-0.00573839
-0.00437771
-0.00380141
-0.00405539
-0.00325163
-6.94487E-4
0.00176371
0.00173311
0.00153115
0.00265417
0.00467173
0.00641287
0.00751549
0.00774295
0.00627517
0.0052205
0.00426374
0.00377108
0.00402403
0.0031346
0.00181166
0.00266234
0.00402098
0.00365888
0.00299282
0.00282146
0.0031091
0.00384044
0.00383942
0.00221864
-2.94642E-4
-0.00302314
-0.00551194
-0.00778246
-0.00879328
-0.00849034
-0.00616066
-0.00215716
0.00134246
0.00295916
0.0011762
-7.32219E-4
-0.0027814
-0.0040309
-0.00380038
-0.0023887
2.58202E-4
0.00149138
8.07982E-4
-0.00178384
-0.0034444
-0.00291502
7.28309E-6
0.00369968
0.00686984
0.00644654
0.00345998
6.23364E-4
-0.00366268
-0.0067237
-0.00780898
-0.00665128
-0.00467145
-0.00249375
-0.00127995
-0.00142581
-0.00162981
-0.00228261
-0.00275079
-0.00201843
-2.23233E-4
9.28347E-4
0.00101403
1.92927E-4
-0.00113205
-3.88472E-4
0.00236247
0.00622827
0.00881601
0.00729417
0.00396081
2.40869E-4
-0.00217755
-0.00352293
-0.00405231
-0.00159615
0.00243999
0.00560199
0.00517155
0.00301731
-3.92549E-4
-0.00279567
-0.00521715
-0.00781713
-0.00890343
-0.00776613
-0.00385545
-0.00123813
0.00109461
0.00265113
0.00279597
0.00125577
-0.00128913
-0.00220407
-0.00186033
-0.00278241
-0.00459801
-0.00443481
3.95914E-4
0.00581109
0.00787353
0.00694227
0.00358341
4.55075E-4
-0.0016961
-0.00213573
-0.00180524
-0.00161042
-0.00278444
-0.00422672
-0.00478262
-0.00391052
-0.00283136
-0.00247334
-0.00215612
-0.001895
-0.00326894
-0.0060005
-0.00794768
-0.0072755
-0.00464084
-0.00167264
0.00128026
0.0036895
0.00537964
0.0059845
0.00454222
0.00142918
-2.67081E-4
7.51899E-4
0.00454324
0.00722176
0.00812446
0.0065557
0.00250426
6.8764E-4
0.00173314
0.00521236
0.0091108
0.00959734
0.00632518
7.26401E-4
-0.00355352
-0.00626468
-0.00494174
-0.00196232
0.00285718
0.00525418
0.00357424
0.0037252
0.0010681
-0.00290684
-0.0063881
-0.0070562
-0.00626468
-0.00421652
-0.00243662
-0.00143906
-5.44517E-4
-0.00112898
-0.00269672
-0.004853
-0.00558434
-0.00535484
-0.00423692
-0.00283952
-0.0020378
-0.00274976
-0.00367388
-0.00201331
0.00107117
0.0057142
0.00873647
0.0104215
0.00986969
0.00694331
0.00274907
-0.00330871
-0.00673387
-0.00629527
-0.00195313
0.00179639
0.00325193
0.00238493
-7.14854E-4
-0.00369325
-0.00408901
-0.00399517
-0.00402577
-0.00452965
-0.00571489
-0.00554761
-0.00355045
-1.11013E-4
0.00246857
0.00514709
0.00755531
0.00937295
0.0113875
0.0109509
0.00662609
4.94868E-4
-0.00393601
-0.00492643
-0.00339235
-7.76051E-4
0.00182699
0.00449123
0.00594983
0.00486863
0.00204017
-0.00156961
-0.00490297
-0.00592501
-0.00472141
-0.00298945
-0.00141763
6.5195E-4
0.00245735
0.00242675
8.2841E-4
-0.00168385
-0.00448273
-0.00619021
-0.00754783
-0.00746317
-0.00488665
-0.00133399
0.00226865
0.00634049
0.0117016
0.0154991
0.0141598
0.00955757
0.00344267
-7.42885E-5
-0.00219793
-0.00471019
-0.00571795
-0.00536707
-0.00333829
-7.55648E-4
0.00113441
0.00177089
0.00182087
0.00190145
0.00103751
-0.00249475
-0.00651967
-0.00793747
-0.00626569
-0.00249679
4.50528E-5
0.00150467
0.00294695
0.00268379
0.00294491
0.00204629
1.89893E-4
-0.00248149
-0.00425221
-0.00332197
-8.79066E-4
0.00232169
0.00388739
0.00361199
0.00231557
0.00109361
8.72274E-4
2.57214E-4
-3.11946E-4
-0.00174301
-0.00387583
-0.00524875
-0.00537216
-0.00274974
3.14335E-4
0.00435251
0.00682193
0.0042852
4.14295E-4
-0.00370344
-0.00609229
-0.00640543
-0.0060729
-0.0042063
-7.42385E-4
0.00346001
0.00768689
0.00968507
0.00906186
0.00618852
0.00290616
-4.75145E-4
-0.00280482
-0.00326994
-0.00351576
-0.00284154
-0.00157062
7.83536E-4
0.0018015
0.00365484
0.00408936
0.00199734
-0.00209898
-0.00707658
-0.00978571
-0.0096123
-0.00800376
-0.0055119
-5.60824E-4
0.0030204
0.00401286
0.00294492
0.0021993
0.00195858
0.00163218
3.41876E-4
-4.30264E-4
-0.00110448
-0.00286296
-0.00465816
-0.00501516
-0.00149514
0.00314484
0.00554796
0.00511038
0.00484212
0.00572646
0.00570606
0.0034539
0.00152202
8.59017E-4
0.0014955
0.00295614
0.0025716
0.0014547
0.00166788
0.00189534
0.0017811
0.00125886
-0.00154308
-0.0038442
-0.00536502
-0.0070929
-0.00806292
-0.00966636
-0.0105395
-0.0089442
-0.00585156
-0.00254676
-4.59843E-4
0.00176478
0.00486354
0.00657306
0.006519
0.00572442
0.00401694
0.00212382
-5.59226E-5
-0.00284052
-0.0034005
-0.0024264
7.99857E-4
0.00523074
0.00847842
0.0079317
0.00431682
4.02058E-4
-0.00173178
-0.00284562
-0.00425628
-0.00501618
-0.00490602
-0.00396354
-0.00232746
0.00131802
0.00469014
0.0051216
0.00247572
-4.41482E-4
-0.00124626
-0.00101472
-0.00130542
-0.00204798
-0.00203268
-4.82282E-4
-9.06025E-5
-1.08963E-4
-1.94643E-4
4.93857E-4
8.06997E-4
-2.79303E-4
-0.00160938
-0.00230094
-8.63762E-4
1.48077E-4
8.18217E-4
7.54977E-4
-6.26103E-4
-0.00193986
-0.00195924
-0.0036912
-0.0041502
-0.00212142
5.48937E-4
0.00253386
0.00285618
0.00224622
-5.64903E-4
-0.0022071
-0.0014166
0.00121704
0.00363444
0.00540516
0.0057285
0.00461976
0.00324888
4.44897E-4
-0.0017532
-0.00209286
2.87817E-4
0.00424032
0.00694536
0.00807756
0.0052134
-5.31243E-4
-0.00548946
-0.0087351
-0.00815472
-0.00448068
0.00100998
0.00523074
0.00757266
0.0087834
0.0081765
0.00695454
0.00567342
0.00632214
0.00518178
0.00263484
9.99776E-4
-1.06924E-4
-1.03864E-4
-2.43037E-5
-7.95424E-4
-0.00219384
-0.00133704
0.00109056
0.00252162
0.00156384
-0.00239886
-0.00639114
-0.00911964
-0.0101243
-0.0085974
-0.00535176
-5.18442E-5
0.00502572
0.00864366
0.00977076
0.00905063
0.00731051
0.00376296
0.00242063
3.42896E-4
-0.00137478
-0.00189294
-0.00212856
-0.00193273
-0.00211327
-0.0019266
-0.00215203
-0.00128298
6.39715E-4
0.00260015
0.00276029
0.0018423
-2.67065E-4
-0.00354229
-0.00729283
-0.00900744
-0.00642175
-0.00264366
-1.44666E-4
9.17155E-4
8.91654E-4
-8.02566E-4
-0.00215407
-0.00307615
-0.00212347
6.46854E-4
0.00275111
0.00338147
0.00206567
-0.00149107
-0.00478363
-0.00598927
-0.00580261
-0.00601885
-0.00365245
-4.78207E-4
-1.01827E-4
-1.32427E-4
-0.00111877
-0.00215101
-0.00290887
-0.00306901
-0.00212857
7.24373E-4
0.00304691
0.00474725
0.00420461
0.00485027
0.00509201
0.00487883
0.00598349
0.00579377
0.00781439
0.00977585
0.00976055
0.00744005
0.00387821
0.00133229
-8.48468E-4
-0.00198067
-0.00194905
-0.00197863
-0.00190315
-0.00261511
-0.00471529
-0.00589339
-0.00348313
-1.05909E-4
0.00145979
-9.00916E-6
-0.00416959
-0.00816697
-0.01067
-0.0117329
-0.0111953
-0.00776815
-0.00267223
0.00263075
0.00553163
0.00546737
0.00219317
-0.00208981
-0.00618307
-0.0106649
-0.0115483
-0.00882691
-0.00447355
-3.86411E-4
0.00326111
0.00598247
0.00783887
0.00785825
0.00554795
0.00143837
-0.00175219
-0.00295477
-0.00273649
-0.00191437
-0.00192661
-0.00189397
-0.00146965
4.74468E-4
0.00265523
0.00400367
0.00471869
0.00501143
0.00429641
0.00222275
2.52107E-4
-0.00283543
-0.00539971
-0.00596071
-0.00548743
-0.00321079
0.00115481
0.00543473
0.00714323
0.00553265
0.00149141
-0.00172669
-0.00339643
-0.00447763
-0.00265081
4.99965E-4
0.00335087
0.0062548
0.0072136
0.00736967
0.00568055
0.00255832
9.10005E-4
0.00179027
0.00370174
0.00347224
5.60144E-4
-0.0031955
-0.00559148
-0.00510188
-0.00310574
-5.75116E-4
0.00188104
0.00141796
-0.00117998
-0.00421754
-0.00659414
-0.00778652
-0.00759476
-0.00612596
-0.00395336
-0.00233054
-5.14938E-4
0.00194224
0.00319378
0.00407404
0.00346918
0.0024451
0.00143122
0.0010528
0.00100792
-1.10587E-5
-0.00138296
-0.0020021
-0.00119426
-2.93599E-4
8.08001E-4
0.00160972
0.0029806
0.00309076
0.00271234
0.00213196
3.5308E-4
-0.00151964
-0.00353924
-0.00314654
-9.37221E-4
0.00187696
0.00365074
0.00464524
0.0038068
0.00202384
5.23418E-4
1.66418E-4
0.00179332
0.00399142
0.00661894
0.00761548
0.00813364
0.00677296
0.00310912
-3.56843E-4
-0.00192254
-0.00162776
-7.27103E-4
1.98037E-4
1.13765E-5
-9.33144E-4
-0.0019205
-0.00321692
-0.00285992
-0.00274262
-0.00326486
-0.00461738
-0.00567206
-0.00630752
-0.00674307
-0.00680631
-0.00727142
-0.00751316
-0.00773552
-0.00484689
-0.00128709
9.46714E-4
0.00220743
0.00247263
0.00235227
0.00135063
-4.32327E-4
-8.20947E-4
5.34633E-4
0.00205749
0.00259605
0.00213093
9.28352E-4
2.04152E-4
-0.00155739
-0.00140439
-9.20908E-4
-4.16008E-4
9.66091E-4
0.00291735
0.00411075
0.00426579
0.00452385
0.00347121
0.00288573
0.00225129
0.00143325
-9.3213E-4
-0.00311493
-0.00375549
-0.00191541
9.31409E-4
0.00326109
0.00453507
0.00422601
0.00311013
0.00313461
0.00309279
0.00329373
0.00359055
0.00226047
-0.00117897
-0.00526407
-0.00838221
-0.00808233
-0.00703683
-0.00639627
-0.00585567
-0.00477345
-0.00252129
6.0326E-5
0.00224007
0.00208299
0.00221966
0.00151892
-0.00123507
-0.00514065
-0.00684303
-0.00592606
-0.00389728
-8.34216E-4
0.0017219
0.0028184
0.00318764
0.00299996
0.00202076
6.85583E-4
-6.41437E-4
-0.00181342
-0.00164002
-6.49598E-4
2.58202E-4
0.00186572
0.00375374
0.00471458
0.00528272
0.00623744
0.00883232
0.0117046
0.0107754
0.00788984
0.0036803
-0.00145234
-0.00431752
-0.0047908
-0.00222448
0.00321824
0.00755528
0.00913322
0.00830498
0.00619256
0.00323558
-3.96417E-5
-0.00320368
-0.00307618
-0.00159004
-1.44703E-4
0.00133022
5.39717E-4
-4.20103E-4
-9.17863E-4
-2.12023E-4
8.29396E-4
0.00115172
-5.46584E-4
-0.00237952
-0.00339136
-0.00372898
-0.00251621
-0.00184198
5.60115E-4
0.00276638
0.00379249
0.00398629
0.00270415
4.2138E-6
-0.00544157
-0.0104875
-0.013011
-0.0108404
-0.00683489
-0.00341687
-9.39288E-4
3.07152E-4
0.00168619
0.00228595
0.00189835
7.52891E-4
-7.72009E-4
-0.00167063
-0.00249683
-0.00219797
-0.00175121
-0.00172469
-0.00253253
-0.00390953
-0.00491525
-0.00510395
-0.00468371
-0.00469085
-0.00543137
-0.00731429
-0.00785183
-0.00635855
-0.00442157
-0.00394931
-0.00523859
-0.00646871
-0.00845669
-0.00970619
-0.00944711
-0.00626165
-6.93474E-4
0.00366397
0.00673111
0.00701262
0.00657301
0.0045279
7.24325E-4
-0.00383507
-0.00596586
-0.00493668
-7.61816E-4
0.00545202
0.0125563
0.0173381
0.0170545
0.0131744
0.0068892
0.00249912
-5.95558E-4
-7.21018E-4
6.68222E-4
0.00413316
0.00852324
0.0123391
0.0161885
0.0185947
0.0197432
0.0197035
0.0196331
0.0179817
0.0143403
0.0105255
0.00806322
0.0071442
0.00977886
0.0125757
0.0146341
0.0153266
0.0140924
0.0128664
0.00926784
0.0054816
0.00325392
0.00189222
5.95796E-4
-1.23304E-4
0.0014322
0.00387203
0.00557951
0.00613542
0.00525209
0.00323658
-4.63985E-4
-0.00531817
-0.00857809
-0.00970315
-0.00964807
-0.00747853
-0.00480103
-0.00214495
-2.52847E-4
2.20432E-4
-2.47748E-4
-0.00195013
-0.00537733
-0.00972355
-0.0145665
-0.0191463
-0.0227724
-0.0246349
-0.0236251
-0.0212699
-0.0177948
-0.0137179
-0.0109353
-0.00956341
-0.010459
-0.0123551
-0.0144523
-0.0156242
-0.0151051
-0.0137678
-0.0121746
-0.0111587
-0.0110506
-0.013572
-0.0164566
-0.0192473
-0.0211894
-0.0213597
-0.0204407
-0.0187842
-0.0174082
-0.0160149
-0.0155447
-0.015102
-0.0143625
-0.0136373
-0.0119645
-0.00997958
-0.00802832
-0.00653708
-0.00598934
-0.00453686
-0.00196646
0.00138322
0.00591508
0.00933514
0.0115496
0.013561
0.015245
0.0170565
0.0194189
0.0218618
0.0244118
0.026463
0.0263161
0.023304
0.0192699
0.0163701
0.0151002
0.0139608
0.0120891
0.00995734
0.00935452
0.0101042
0.0106142
0.00967276
0.00645669
6.44735E-4
-0.0060995
-0.0113474
-0.0143819
-0.0140178
-0.010002
-0.00378207
0.00231855
0.00740223
0.0106662
0.0117831
0.0117668
0.0117719
0.0117495
0.0118209
0.0111028
0.00896895
0.00499707
-3.55889E-4
-0.00540489
-0.00866481
-0.00976641
-0.00745815
-0.00338631
9.75209E-4
0.00561315
0.00849363
0.0106305
0.0122595
0.0134988
0.0130551
0.0109335
0.00729819
0.00237873
-7.93474E-4
-0.00206847
-0.00125451
7.92626E-4
0.00487568
0.0094973
0.0123717
0.0122584
0.00870578
0.00414638
-0.0021766
-0.00735616
-0.00945634
-0.0098317
-0.00792226
-0.00569866
-0.0049765
-0.0071797
-0.0119278
-0.0185802
-0.0254193
-0.0312364
-0.036163
-0.0393301
-0.0400084
-0.0367699
-0.0309508
-0.0224624
-0.0133262
-0.00583228
-6.25182E-4
5.61078E-4
0.00128834
8.05877E-4
0.00144746
0.00396278
0.0082835
0.0137711
0.0187548
0.0223432
0.0223319
0.0209896
0.0176491
0.0136334
0.0084467
0.00341809
-5.26246E-4
-0.00143915
8.11993E-4
0.00250927
0.00293461
0.00120571
-7.78188E-4
-0.00216437
-0.00356687
-0.00574763
-0.00744593
-0.00803243
-0.00703589
-0.00401975
-0.00134021
0.00161983
0.00269797
0.00301621
0.00163717
-3.86512E-4
-8.12872E-4
0.00110881
0.00678511
0.0151532
0.0235794
0.0287559
0.0310315
0.0289528
0.0249707
0.0204266
0.0165536
0.0140852
0.0136609
0.0153623
0.0176787
0.0177736
0.016927
0.0141903
0.0108396
0.00974106
0.00978288
0.00955338
0.006525
0.00168204
-0.00409728
-0.0083925
-0.0126887
-0.0157304
-0.0164954
-0.0157069
-0.0163801
-0.0203571
-0.0265822
-0.0327328
-0.0366598
-0.0362742
-0.0312925
-0.022798
-0.0137108
-0.00601386
-3.66638E-5
0.001731
0.0036435
0.00546828
0.00590687
0.00335279
-0.00210829
-0.00886579
-0.0154428
-0.0181488
-0.0171104
-0.0118483
-0.00220111
0.00675449
0.01285
0.0142729
0.0105744
0.00622511
8.38491E-4
-0.00348325
-0.00790291
-0.0124368
-0.0149991
-0.0149664
-0.0131324
-0.0121533
-0.0115637
-0.011272
-0.0102724
-0.00552019
0.00128423
0.00996137
0.018204
0.0238099
0.0246983
0.021164
0.0162894
0.0118565
0.0101164
0.0102969
0.0129979
0.0143372
0.0146666
0.0129204
0.0110823
0.00838648
0.0061741
0.00522346
0.00478894
0.00497866
0.00660148
0.0103428
0.00992974
0.00740524
0.00284278
-0.00211748
-0.00644228
-0.00781112
-0.00665138
-0.00412586
-0.00113726
0.00185644
0.00453598
0.00721042
0.00953398
0.0116617
0.0136884
0.0114077
0.00650253
-4.15105E-4
-0.00653
-0.00935235
-0.00871485
-0.00592617
-0.00158505
0.00250209
0.00566205
0.00751233
0.00960129
0.0112721
0.0125746
0.0136915
0.0137578
0.0133886
0.0112353
0.00760413
0.00219711
-0.00474501
-0.0127632
-0.0205367
-0.025451
-0.0267872
-0.0243045
-0.019791
-0.0153907
-0.0129122
-0.0133701
-0.016015
-0.0188618
-0.020349
-0.0200266
-0.0189353
-0.0156641
-0.0110425
-0.00590374
-7.92516E-4
0.00349352
0.00668408
0.00791522
0.00762656
0.00701048
0.00839258
0.0113689
0.0162833
0.0209712
0.0232234
0.0229806
0.0199318
0.015195
0.0113088
0.00681872
0.00167894
-0.0064627
-0.0163353
-0.024377
-0.0281306
-0.0266026
-0.0207254
-0.0131692
-0.00675442
-0.00342922
-0.00378724
-0.00540293
-0.00654023
-0.00731645
-0.00680441
-0.00581501
-0.00532439
-0.00285803
-4.63068E-4
0.00272341
0.00614959
0.00960943
0.0152541
0.0211895
0.0254011
0.0264129
0.0260722
0.0239975
0.0224288
0.0202797
0.0155173
0.00891073
9.94508E-4
-0.00634337
-0.012138
-0.0143983
-0.0141831
-0.0128887
-0.011426
-0.00963797
-0.0087873
-0.00885156
-0.0105488
-0.0136629
-0.0181274
-0.0230204
-0.0267566
-0.0291394
-0.0286355
-0.0248288
-0.0194891
-0.0126449
-0.00558246
2.07061E-4
0.00434724
0.00678912
0.00790704
0.00966042
0.0106641
0.0102459
0.0075837
0.00350472
0.00115566
7.03798E-4
0.00457776
0.00989808
0.0167076
0.0234243
0.0265547
0.0257122
0.0196534
0.010759
0.0032079
-0.00131377
-2.21346E-4
0.00344759
0.00743069
0.0141331
0.0180336
0.0203857
0.0216485
0.0192351
0.0150929
0.0101561
0.00372503
-0.00148411
-0.00472669
-0.00570589
-0.00429727
-8.39471E-4
0.00346085
0.00568241
0.00514283
-1.03032E-4
-0.00618325
-0.0129499
-0.0181417
-0.020856
-0.0201175
-0.0154704
-0.00872407
6.34425E-4
0.00891376
0.0136894
0.012753
0.0067279
-9.25157E-4
-0.00804986
-0.0114128
-0.0117769
-0.010913
-0.00781832
-0.00514388
-0.00313346
-0.0030233
-0.00330788
-0.0026969
-0.00353432
-0.00404636
-0.00707372
-0.0100429
-0.0132447
-0.0163139
-0.0187884
-0.019581
-0.0173441
-0.0134191
-0.00800702
-0.00401984
-0.00290907
-0.0045584
-0.00604556
-0.00663411
-0.00519693
-0.00247659
0.00226539
0.00710019
0.0105743
0.0113281
0.00913917
0.00541719
0.00363525
0.00311811
6.8439E-4
-0.00218181
-0.00490623
-0.00673815
-0.00676977
-0.00454923
-0.00148617
8.42488E-4
4.00828E-4
-0.00162183
-0.00113427
0.00430641
0.0117341
0.0211691
0.0279041
0.0300104
0.0317036
0.0299523
0.0259008
0.0187027
0.0091055
-0.00176464
-0.0100409
-0.0151399
-0.0164231
-0.0137639
-0.00848338
-0.0011914
0.00473378
0.0100113
0.0125562
0.0127704
0.0106345
0.00742454
0.00578438
0.007193
0.0103122
0.0125378
0.0122563
0.00930644
0.003827
-0.00212776
-0.00799582
-0.0132723
-0.0162323
-0.0166383
-0.0165067
-0.0167148
-0.0181071
-0.0209305
-0.0225757
-0.0216506
-0.0146034
-0.00843647
-0.00302333
-0.00163307
-0.00427079
-0.00623225
-0.00924737
-0.00753989
-0.00238787
0.00597205
0.015354
0.0230489
0.0254296
0.0217514
0.0133803
0.00207055
-0.00782039
-0.0118484
-0.00918617
-0.00311105
0.00344245
0.00831805
0.0104876
0.00920952
0.00482148
-0.00105372
-0.00577224
-0.00911478
-0.0098145
-0.00906786
-0.00633732
-0.00224406
0.00312114
0.0100898
0.0144697
0.0157212
0.0134109
0.00701958
-9.20101E-4
-0.00810702
-0.0129388
-0.0144004
-0.0151154
-0.0102908
-0.00336198
0.00389838
0.0127816
0.0189424
0.0218585
0.02081
0.0173185
0.0152632
0.0146094
0.0129784
0.0104886
0.00397997
-0.00548155
-0.0147686
-0.0210621
-0.0241373
-0.0237038
-0.0198054
-0.0128286
-0.00428815
0.00284675
0.00763055
0.0100031
0.00919829
0.00657995
0.00232961
-0.00309373
-0.00988591
-0.0174778
-0.0242781
-0.0300523
-0.0345057
-0.0368996
-0.0365416
-0.0336754
-0.0303951
-0.0292577
-0.0292894
-0.0293781
-0.0304287
-0.0312111
-0.0316568
-0.0312876
-0.0258428
-0.0191944
-0.0119218
-0.00591914
-0.00385772
-0.00426164
-0.00568454
-0.00676268
-0.0066821
-0.00500318
0.00147892
0.0123827
0.0243932
0.035498
0.0422963
0.0459081
0.0471168
0.0471668
0.0458214
0.0413833
0.0352521
0.0293208
0.0263302
0.0247594
0.0241984
0.0219299
0.0168636
0.010866
0.00542529
0.00164211
-4.68268E-4
1.54951E-4
0.00132693
0.00369027
0.00526719
0.00585471
0.00625251
0.00865767
0.0118237
0.0139933
0.0141636
0.0114147
0.00690633
0.00191853
-0.00295401
-0.00733593
-0.0110589
-0.0157479
-0.0213681
-0.0258061
-0.0288559
-0.0287253
-0.0240272
-0.0172177
-0.00985738
-0.00347932
0.001637
0.00489692
0.0076601
0.00730004
0.00513152
0.00169922
-8.7016E-4
-5.3458E-4
7.6898E-4
0.00217964
0.00198074
0.00203378
3.60978E-4
-0.00160966
-0.00348238
-0.00421678
-0.00210538
0.00342098
0.0122991
0.0213862
0.0287659
0.0327847
0.0350757
0.0334436
0.0285058
0.01862
0.00477655
-0.00941165
-0.0214976
-0.0295597
-0.0346566
-0.0362795
-0.0357991
-0.0336417
-0.0306899
-0.0273443
-0.022845
-0.0173585
-0.00983699
-0.00283673
0.00152275
0.00525799
0.00671965
0.00644323
0.00526105
0.00264577
-0.00143423
-0.00464825
-0.00564275
-0.00233489
0.00603114
0.0178111
0.0287516
0.0374482
0.0425308
0.042695
0.0379408
0.0325185
0.0264036
0.0202081
0.0178346
0.0145339
0.0113362
0.00700218
0.00161862
-0.0050685
-0.0124666
-0.0193332
-0.0257439
-0.0306491
-0.0328604
-0.0309908
-0.0254756
-0.0168699
-0.00699018
-1.84744E-4
0.0028008
0.00421145
0.00558233
0.00782531
0.0089208
0.00885653
0.00668393
0.00176141
-0.00343855
-0.00871909
-0.0114211
-0.0117301
-0.0104674
-0.00707383
-0.00221659
0.00248969
0.00698585
0.00926453
0.00982247
0.00931757
0.00715313
0.00721637
0.00962357
0.0132558
0.0154457
0.0158088
0.0135016
0.0105538
0.00738467
0.00421247
0.00289463
0.0039799
0.00852707
0.0151856
0.0218034
0.0273695
0.0277979
0.0231263
0.0140381
0.00146458
-0.0111742
-0.0215742
-0.0259081
-0.0282949
-0.0275361
-0.0239406
-0.0199156
-0.0163283
-0.0147697
-0.015242
-0.0173728
-0.020344
-0.0212396
-0.0205766
-0.017127
-0.0097697
-0.00153422
0.00721942
0.0142207
0.0166697
0.014288
0.00815476
-6.31525E-4
-0.0102348
-0.0162202
-0.0174636
-0.0152165
-0.00871299
-0.00143325
0.00515799
0.00923595
0.0105793
0.0108475
0.00921045
0.00670737
0.00345255
2.7117E-4
-8.5083E-4
8.33189E-4
0.00275283
0.00484281
0.00599133
0.00611067
0.00696237
0.00704805
0.00811599
0.00887589
0.00888405
0.00718371
0.00584546
0.00433077
0.00280382
0.00195824
-0.00126292
-0.0054031
-0.0103215
-0.0145535
-0.0171341
-0.0174697
-0.0139701
-0.00691678
0.0012014
0.00815474
0.0140962
0.0192809
0.0224449
0.0237077
0.0228968
0.0209384
0.0184027
0.0158914
0.0141656
0.0118992
0.00921554
0.00678794
0.0046082
0.00211838
-6.41744E-4
-0.00202384
-0.0033886
-0.00343553
-0.00196162
-3.43905E-4
1.98734E-4
-0.00218807
-0.00562241
-0.00947801
-0.0116986
-0.0138895
-0.0164191
-0.0180868
-0.0190558
-0.0184214
-0.0174177
-0.015905
-0.0137457
-0.00976259
-0.00503183
-0.00230231
-0.00165563
-0.00264809
-0.00441677
-0.00435353
-0.00116195
0.00390949
0.00927979
0.0119603
0.0111749
0.00608005
-0.00362831
-0.0127461
-0.0214477
-0.0267476
-0.0301085
-0.0319313
-0.0311234
-0.0296373
-0.0270536
-0.0229339
-0.0181715
-0.0123361
-0.00548676
-3.08219E-4
0.00272016
0.00309144
0.00294762
0.00370242
0.00584544
0.00871878
0.0098316
0.00816186
0.00392682
-0.00273786
-0.0089568
-0.0125788
-0.0130378
-0.0101206
-0.00513282
-8.67184E-4
0.0033291
0.00572507
0.00596375
0.00589133
0.00421242
5.95494E-4
-0.00274501
-0.00433417
-0.00549493
-0.00395167
-0.00173011
-3.39848E-4
1.42612E-4
6.43432E-4
0.00347393
0.00792521
0.0130109
0.0166534
0.0176703
0.0176764
0.015873
0.0125764
0.00926855
0.00605861
0.00371159
0.00268649
0.00104123
0.00141047
7.52567E-4
-0.00241759
-0.00264709
-0.00307447
-0.00198613
8.65786E-4
0.00432155
0.00674812
0.0085321
0.00832606
0.00604126
0.00446332
0.00323932
0.0030955
0.00459592
0.00683584
0.0100937
0.0127437
0.0137188
0.0137341
0.0120501
0.0101335
0.008068
0.0063646
0.00514672
0.0032944
0.00110344
-0.0016934
-0.00544496
-0.0097208
-0.0129318
-0.0178502
-0.0212723
-0.0233031
-0.0238498
-0.0215467
-0.0188396
-0.0169465
-0.0164365
-0.015135
-0.0138681
-0.0120036
-0.00988503
-0.00651393
-0.00400881
-0.00233703
-0.00187497
-0.00370689
-0.00491049
-0.00474423
-0.00329685
-4.50029E-4
0.00241515
0.00394311
0.00516303
0.00531297
0.00420117
0.00219891
3.88409E-4
-8.18111E-5
1.78289E-4
0.00158487
0.00390435
0.00664611
0.00981627
0.0117736
0.0116819
0.0101111
0.00805473
0.00665733
0.0059474
0.00534152
0.00462141
0.00406959
0.00331172
0.0051365
0.0077885
0.0110872
0.0134209
0.0143338
0.0142502
0.012914
0.0110056
0.00970508
0.00983564
0.00976934
0.00969386
0.00858104
0.00567302
0.0025304
0.00189188
0.00201938
0.0035861
0.0032852
0.00120542
-0.00131194
-0.00322036
-0.00206674
0.0013064
0.00547718
0.0085739
0.010364
0.0113881
0.011792
0.0117114
0.0112289
0.00996212
0.00799147
0.00446023
-1.12426E-4
-0.00446477
-0.00653435
-0.00691583
-0.00506147
-0.00173321
9.14712E-4
0.00165421
-0.00103859
-0.00398333
-0.00729833
-0.00735443
-0.00456677
-0.00154655
0.00185107
0.00283843
0.00287719
0.00114115
-6.68331E-4
-0.00350801
-0.00672407
-0.00858455
-0.0105368
-0.0104461
-0.0106164
-0.00935465
-0.00821837
-0.00767981
-0.00749417
-0.00803885
-0.00769001
-0.00689543
-0.00523283
-0.00328668
-7.57076E-4
0.00181434
0.00283026
0.00292206
0.00268236
0.00183576
1.94583E-4
-0.00179748
-0.0032724
-0.00389562
-0.00412206
-0.0037416
-0.00327546
-0.00386196
-0.00479016
-0.00599376
-0.00646602
-0.00765738
-0.00786546
-0.00629364
-0.00411492
-0.00121608
0.00165114
0.00339432
0.0045102
0.00468564
0.0038217
0.00330354
0.00205404
1.48677E-4
-0.00171486
-0.0025992
-0.00150984
8.13716E-4
0.00408383
0.00898596
0.0141553
0.0173204
0.0190676
0.0196113
0.0187422
0.0166768
0.0136535
0.0109525
0.00884417
0.00767525
0.00770585
0.00770789
0.00768749
0.00763751
0.00602591
0.00393695
8.98371E-4
-0.00176689
-0.00393031
-0.00501457
-0.00513391
-0.00428935
-0.00302353
-0.00263695
-9.21311E-4
-0.00154453
-0.00290929
-0.00478099
-0.00665065
-0.00763087
-0.00799807
-0.00628039
-0.00435463
-0.00223609
9.35086E-4
8.38186E-4
-3.25634E-4
-0.00183013
-0.00550009
-0.00773186
-0.00980348
-0.0110183
-0.0126789
-0.0138876
-0.0144741
-0.0147688
-0.0149116
-0.0166854
-0.0172383
-0.0190896
-0.0205216
-0.0213448
-0.0249474
-0.0259287
-0.0252269
-0.0232104
-0.020183
-0.0169272
-0.0140977
-0.00998096
-0.00553478
-0.00290726
-9.00207E-5
0.0022774
0.00528436
0.0083668
0.0103538
0.0121428
0.013071
0.0124407
0.0114462
0.00991108
0.00784048
0.00592186
0.00454486
0.00494368
0.005521
0.00642676
0.00779355
0.00870339
0.0100794
0.0113789
0.0125539
0.0125009
0.0120388
0.0106771
0.00956325
0.00954795
0.0100896
0.0113309
0.0127181
0.0134107
0.0136698
0.0139462
0.0126538
0.0115002
0.0114176
0.0104282
0.00885435
0.00504771
2.1903E-4
-0.00300519
-0.00417105
-0.00225243
3.3531E-4
0.00470499
0.00471009
0.00474477
0.00509973
0.00457341
0.00404913
0.00201321
0.00104217
-5.32712E-4
-0.00109881
-0.00135585
-5.52093E-4
-7.40793E-4
-0.00148641
-0.00224223
-0.00336831
-0.00462801
-0.00549501
-0.00582039
-0.00580204
-0.00619473
-0.00559192
-0.00446379
-0.00413434
-0.0041884
-0.00413536
-0.00441076
-0.00638956
-0.00869884
-0.0108969
-0.012023
-0.0119394
-0.0103104
-0.00895486
-0.00965866
-0.0107603
-0.0128084
-0.0140273
-0.0139223
-0.0140498
-0.0132827
-0.0113457
-0.0109785
-0.0115518
-0.0128217
-0.0140712
-0.0132899
-0.0111734
-0.00778288
-0.00530122
-0.0039946
-0.00336118
-0.00425878
-0.00540016
-0.00506866
-0.00546748
-0.00470146
-0.0022249
4.52597E-4
0.00172046
0.00274352
0.00402974
0.00497528
0.00650018
0.00808628
0.00871154
0.0079241
0.00656647
0.00533024
0.00384206
0.0043337
0.00588919
0.00825865
0.00968155
0.0106995
0.0107332
0.00946429
0.00940105
0.00902365
0.0103272
0.0121449
0.0142491
0.0154384
0.015366
0.0154221
0.0152895
0.0142134
0.0140665
0.013938
0.0136667
0.0141797
0.0153527
0.0158066
0.0161953
0.0165278
0.016131
0.0154027
0.0136677
0.0118664
0.010875
0.00985597
0.00939595
0.00783637
0.00643489
0.00443875
0.00172861
2.40428E-4
-0.00100091
-0.00125285
-0.00123755
-0.00176693
-0.00249521
-0.00358355
-0.00559601
-0.00788489
-0.00970151
-0.0106358
-0.0112254
-0.0102278
-0.00897323
-0.00740243
-0.00589283
-0.00570821
-0.00691079
-0.00877637
-0.010849
-0.0125534
-0.0136918
-0.0138805
-0.0124647
-0.0112427
-0.00933126
-0.00774516
-0.00604584
-0.00510336
-0.00568782
-0.00682308
-0.00671292
-0.00693426
-0.00536754
-0.00239424
-5.57217E-4
0.00145422
0.00110028
-0.00106824
-0.00282774
-0.00505848
-0.00594894
-0.00512988
-0.00335712
-0.0023157
-0.00316638
-0.00323064
-0.00252174
-3.31799E-4
0.002463
0.0042888
0.0047784
0.00446322
0.00325044
0.00181122
7.851E-4
6.525E-4
0.00146442
0.00341772
0.0054414
0.0072825
0.00944796
0.0104884
0.0111748
0.0110769
0.00973968
0.00801282
0.00689592
0.00534552
0.00537918
0.00560664
0.0063849
0.0081138
0.00770988
0.00745794
0.00617478
0.00481716
0.00367578
0.00382776
0.00482124
0.0061707
0.00734778
0.00768132
0.00701526
0.00473352
0.00199176
-0.00165882
-0.00545628
-0.00789612
-0.00907524
-0.00833371
-0.0062835
-0.0043557
-0.00297972
-0.00385896
-0.00571333
-0.00622435
-0.00709645
-0.00640285
-0.00605503
-0.00546343
-0.0050187
-0.00504523
-0.00511458
-0.00295117
-0.00118045
-8.37727E-4
6.17813E-4
7.99373E-4
8.08553E-4
9.41153E-4
0.00189893
0.00331979
0.00440303
0.00482429
0.00466619
0.00483041
0.00484469
0.00245993
3.88312E-4
-0.00189139
-0.00380287
-0.00570823
-0.00640795
-0.00725659
-0.00814909
-0.00777169
-0.00691183
-0.00587653
-0.00490039
-0.00397321
-0.00282163
-0.00333367
-0.00599281
-0.00925273
-0.0130073
-0.0143762
-0.0163774
-0.0166763
-0.0158001
-0.015641
-0.0147393
-0.0131002
-0.0116977
-0.0102421
-0.00825619
-0.00736063
-0.00681697
-0.00717193
-0.00796345
-0.00954139
-0.00993715
-0.00988003
-0.00988207
-0.00990859
-0.00937615
-0.00770641
-0.00611419
-0.00439855
-0.00378145
-0.00304297
-0.00304909
-0.00244831
-0.00192811
-0.00210049
-0.00198013
-0.00208723
-0.00148339
-3.72612E-4
5.57875E-5
0.00112781
0.00125939
9.82967E-4
0.00201317
0.00353297
0.00559949
0.00753749
0.00897977
0.00970193
0.00968459
0.00807707
0.00607685
0.00410621
0.00267107
0.00208253
0.00292097
0.00283223
0.00312191
0.00375329
0.00468149
0.00583001
0.00693263
0.00867377
0.0104649
0.0118704
0.0115226
0.0107127
0.00910217
0.00702238
0.00581062
0.00598097
0.00750179
0.00958258
0.0113808
0.011849
0.0111972
0.0100191
0.00811481
0.00569231
0.00415006
0.00403072
0.00505582
0.0058708
0.00638387
0.00762827
0.00728963
0.00671434
0.00524045
0.00330958
0.00233242
0.00203051
0.0031168
0.00457336
0.00623596
0.00661438
0.00614212
0.00673984
0.00580246
0.00445198
0.0031219
0.00201112
0.00147052
8.68724E-4
0.00167452
0.0020917
0.0014746
2.82224E-4
-0.00163436
-0.00360908
-0.00556136
-0.00741878
-0.00831638
-0.00953834
-0.0108552
-0.0121873
-0.0133276
-0.013704
-0.0130818
-0.0119027
-0.00994022
-0.00812462
-0.00749834
-0.00735962
-0.0078584
-0.00764726
-0.00784718
-0.00750344
-0.00687308
-0.00612644
-0.0052421
-0.00393956
-0.00286244
-0.00224636
-0.00176696
-0.00188324
-0.00184142
-0.0021158
-0.00150176
-0.0019883
-0.00108458
3.01604E-4
0.0012094
0.00208966
0.00216718
0.00324532
0.00398278
0.0046009
0.00529042
0.00588916
0.00672556
0.00830452
0.0100232
0.0110157
0.0124549
0.0129812
0.0127946
0.0129578
0.0126864
0.0118521
0.0103129
0.00938879
0.0082474
0.00803422
0.00774352
0.00768436
0.00746608
0.00691732
0.00693874
0.0059932
0.00607786
0.00601258
0.00605848
0.00603808
0.00602788
0.00647872
0.00614416
0.00600136
0.00607786
0.00602992
0.0060697
0.00596464
0.0043867
0.0024997
0.00141442
-6.25356E-5
-7.37776E-4
-7.17376E-4
2.34285E-4
9.30945E-4
5.65785E-4
-6.60255E-4
-0.00122839
-0.00253706
-0.00507686
-0.00556135
-0.00616315
-0.00575515
-0.00565111
-0.00559399
-0.00461888
-0.00481675
-0.00480145
-0.00507686
-0.00524515
-0.00388346
-0.00213517
-0.0015701
-6.45975E-4
1.04745E-4
-9.32594E-4
-0.00180163
-0.00343465
-0.00492283
-0.00557665
-0.00624679
-0.00677515
-0.00640897
-0.00578167
-0.00491773
-0.00352033
-0.00220351
-0.00158845
-0.00186487
-0.00159049
-0.00243199
-0.00296647
-0.00247585
-0.00217495
-0.00164353
-0.00127531
-7.88773E-4
-0.00113761
-0.00219841
-0.00276655
-0.00346423
-0.00369475
-0.00371209
-0.00355705
-0.00259723
-0.00157621
-0.00125695
-0.00207601
-0.00197503
-0.00229939
-0.00274207
-0.00334897
-0.00494119
-0.00555319
-0.00568783
-0.00563377
-0.00512071
-0.00439957
-0.00364987
-0.00250135
-0.00177511
-0.00167719
-0.00224533
-0.00304093
-0.00185569
-0.00335407
-0.00370087
-0.00217801
-0.00266047
-0.00271861
-0.00263905
-0.00338467
-0.00529717
-0.00622333
-0.00683635
-0.00757993
-0.00705565
-0.00646711
-0.00672517
-0.00649771
-0.00675679
-0.00592957
-0.00565723
-0.00505543
-0.00407419
-0.00289201
-0.00155479
-1.39029E-4
0.00209273
0.00320759
0.00616049
0.00665927
0.00687653
0.00727739
0.00643793
0.00558317
0.00442955
0.00424493
0.00530675
0.00605645
0.00671741
0.00706829
0.00604421
0.00611663
0.00437549
0.00262415
0.00151541
0.00121553
0.00107171
3.62814E-4
0.00127163
0.00112781
0.00147869
0.00144503
5.40295E-4
9.77875E-4
0.00162149
0.00187547
0.00279756
0.00330144
0.00305562
0.00382368
0.004197
0.00416334
0.00411438
0.00472434
0.00527514
0.00452544
0.00357174
0.00251604
0.0021468
0.00221616
0.00218658
0.00219882
0.00219678
0.00218862
0.00220698
0.00217536
0.00222126
0.00215802
0.00224166
0.00212844
0.00228042
0.00205908
0.00249156
0.0024477
0.00237222
0.0029424
0.00242832
0.00254562
0.00205092
6.066E-4
2.26141E-4
-8.36699E-4
-0.00264414
-0.0037896
-0.0052125
-0.00592242
-0.00603054
-0.00503502
-0.00406602
-0.00307356
-0.00251154
-0.00174858
-0.00185058
-0.002841
-0.00382836
-0.00467802
-0.00466578
-0.00469944
-0.00416394
-0.00337038
-0.00341322
-0.00367536
-0.00429756
-0.00474329
-0.00469536
-0.00413844
-0.00308273
-0.00208721
-0.00169145
-0.00175979
-0.00177815
-0.00158231
-0.00122531
-7.64273E-4
3.93427E-4
0.00162967
0.00301381
0.00424903
0.00514153
0.00500791
0.00533431
0.00545773
0.00530473
0.00429391
0.00337387
0.00270577
0.00171025
8.1571E-4
-2.5631E-4
-5.0621E-4
-6.8981E-4
2.05751E-4
1.63931E-4
2.27171E-4
2.41913E-5
-7.60189E-4
-0.00125081
-7.53048E-4
2.15952E-4
6.54552E-4
0.00151135
0.00137161
-5.29667E-4
-0.00251765
-0.00449747
-0.00580409
-0.00551441
-0.00465251
-0.00356824
-0.00280223
-0.0027451
-0.00279101
-0.0027502
-0.00279202
-0.00276346
-0.00230956
-9.19304E-4
1.22117E-4
7.49417E-4
8.41217E-4
4.14857E-4
1.25178E-4
1.80258E-4
1.06818E-4
7.07598E-4
0.00176738
0.00231512
0.0030485
0.003125
0.0029414
0.00238958
0.00126962
5.0156E-4
1.54761E-4
0.00135326
0.00196526
0.00285368
0.00452546
0.00465806
0.00518642
0.0043643
0.00405218
0.0034922
0.00285266
0.00199586
0.00107072
0.00153788
0.0013247
0.00213254
0.00374517
0.00576068
0.00770582
0.00956631
0.00999471
0.00973767
0.00886455
0.00726111
0.00525783
0.00287307
0.00161847
9.56082E-5
-0.00108351
-0.00178425
-0.00192603
-0.00174549
-0.00260025
-0.00400377
-0.00527061
-0.00659151
-0.00791649
-0.00869577
-0.00872943
-0.00871311
-0.00873249
-0.00871311
-0.00872739
-0.00920781
-0.0104614
-0.0106032
-0.0113702
-0.0111183
-0.0106348
-0.0101768
-0.00909051
-0.00799298
-0.00658028
-0.00572144
-0.00468308
-0.00372938
-0.00283892
-0.00302762
-0.00382118
-0.00438524
-0.00501254
-0.00456272
-0.0040058
-0.00349172
-0.00197192
-0.00177914
-2.726E-4
0.0013186
0.00189592
0.00210808
0.00190204
0.00214276
0.00132574
0.0011299
0.0020173
0.00196426
0.0025375
0.00364624
0.00402262
0.00387574
0.00456731
0.00458873
0.00476723
0.00503957
0.00480497
0.00557099
0.00593921
0.00592595
0.00535169
0.00468257
0.00389921
0.00235289
0.00189287
0.00204485
0.00150017
0.00191021
0.00206933
0.00317399
0.00327701
0.00343613
0.00408893
0.00380129
0.00405731
0.00327599
0.00280373
0.00181229
5.14854E-4
-7.34645E-4
-0.0015333
-0.00392418
-0.00516552
-0.00751458
-0.00698622
-0.00643134
-0.00745338
-0.00502782
-0.00319386
-0.00194844
-0.00130176
1.16039E-4
-9.61202E-5
-4.3884E-4
-0.0018342
-0.001212
-1.24786E-5
1.45622E-4
8.57582E-4
0.00233454
6.26043E-4
-1.95057E-4
-9.50962E-5
-9.19256E-4
-2.36954E-5
4.90385E-4
0.00156241
0.00270787
0.00351571
0.00376765
0.00340759
0.00260791
0.00190819
7.24988E-4
-7.16313E-5
-0.00125687
-0.00186581
-0.00277157
-0.00403331
-0.00391397
-0.00402515
-0.00379157
-0.00341927
-0.00313979
-0.00237377
-0.00183521
-9.29446E-4
6.30142E-5
0.00105649
0.00190105
0.00188372
0.0019184
0.00185312
0.00243656
0.00353918
0.00391046
0.00381152
0.00389822
0.00369932
0.00275888
0.00185516
0.00155834
0.00111872
0.00107384
0.00141452
0.00183068
0.0017654
8.88203E-4
9.20844E-4
8.66784E-4
0.00142982
0.00216933
0.00231927
0.00286497
0.00226827
0.00179295
0.00190107
0.00195717
0.00302409
0.00378909
0.00387681
0.00327705
0.00220503
0.00128703
2.32351E-4
-1.60349E-4
-4.1008E-5
-1.73608E-4
5.16933E-4
9.33094E-4
0.00137679
0.00216219
0.00270688
0.00307306
0.00332602
0.00375238
0.0038503
0.00368302
0.00280888
0.00289354
0.0026569
0.00188374
0.00183784
0.00185008
0.00234988
0.0031771
0.00300982
0.00178378
0.00192862
0.0012493
7.72964E-4
0.00102694
0.00195515
0.003325
0.00463163
0.00580565
0.00565061
0.00460715
0.00388601
0.00318833
0.00276605
0.00281501
0.00327605
0.00277625
0.00180215
0.00177767
6.71992E-4
-1.54207E-4
-0.00133435
-0.00193819
-0.00268279
-0.00171787
-0.001215
-0.00107424
-6.43804E-4
-7.37643E-4
2.95617E-4
1.00798E-4
4.20059E-4
0.0011004
0.00176646
0.00229584
0.00191946
0.001794
0.0018756
0.00176646
0.00243558
0.00288336
0.00319344
0.00334542
0.00331788
0.00234787
0.00165529
0.00197659
0.00159205
9.47408E-4
6.77108E-4
-2.03151E-4
-0.00127517
-0.00204221
-0.00260117
-0.00377825
-0.00400673
-0.00464321
-0.00507161
-0.00513383
-0.00601307
-0.00599063
-0.00599776
-0.0060151
-0.00597022
-0.0060559
-0.00581824
-0.00506854
-0.00495736
-0.00520828
-0.00594268
-0.0060814
-0.00538372
-0.00496042
-0.00502876
-0.00505324
-0.00445348
-0.003919
-0.00414034
-0.00383433
-0.00312135
-0.00300201
-0.00314787
-0.00282657
-0.00269805
-0.00314583
-0.00291123
-0.00204525
-0.00218805
-0.00131595
-6.44079E-5
-1.56207E-4
3.81333E-4
0.00160227
0.00176241
0.00249783
0.00278956
0.00305374
0.00314146
0.00283036
0.00260596
0.00246928
0.00284362
0.00335362
0.00443482
0.00500398
0.0056782
0.00594952
0.00668902
0.00679918
0.00656254
0.00579244
0.00573941
0.00578327
0.00573737
0.00580061
0.00524267
0.00398399
0.00266717
0.00133811
2.02851E-4
-6.69248E-4
-0.00177085
-0.00208195
-0.00258685
-0.00332736
-0.00390774
-0.00461562
-0.00562746
-0.00607524
-0.00591204
-0.00604158
-0.00591816
-0.00604974
-0.00580086
-0.00501546
-0.00501342
-0.00493692
-0.005604
-0.0060273
-0.0060069
-0.00539081
-0.00445547
-0.00205949
-0.00219719
-0.00187181
-0.00114047
7.11849E-4
0.00145441
-4.87669E-4
1.31472E-4
-2.53068E-4
1.92729E-5
-1.59226E-4
-5.52946E-4
-0.0014026
-0.00189628
-0.0022798
-0.00305194
-0.00416068
-0.0035701
-0.00282448
-0.00410458
-0.0034171
-0.00279898
-0.00209416
-0.0020095
-0.00207784
-0.00200236
-0.00209313
-0.00197379
-0.00215433
-9.90513E-4
-8.01812E-4
3.45886E-5
3.76289E-4
-2.6835E-4
2.15131E-4
2.37572E-4
-1.08208E-4
-1.05147E-4
4.74214E-4
0.00114435
0.00183082
0.00190732
0.00187264
0.00188692
0.00189406
0.0018604
0.00194812
0.00128818
8.31221E-4
9.35262E-4
9.14863E-4
8.55704E-4
0.00152278
0.00183286
8.89366E-4
4.18127E-4
-3.65233E-4
-9.35412E-4
-0.00113941
-8.5789E-4
6.05042E-6
0.00107909
0.00197465
0.00303749
0.00385655
0.00333431
0.00221435
0.00133002
5.82357E-4
-0.00156066
-0.00214002
-0.00194724
-0.0020574
-0.00200946
-0.00150252
-3.66238E-4
1.35603E-4
8.58784E-4
0.00153403
0.00146262
6.17046E-4
4.6867E-5
-1.02052E-4
-4.28451E-4
-2.10171E-4
1.5805E-4
9.06731E-4
8.89392E-4
0.00153301
0.00185737
0.00129127
0.00112196
2.99836E-4
-6.25303E-4
-0.00166672
-0.00211144
-0.00176362
-0.00165652
-0.00164428
-0.0018646
-0.00206656
-0.00196252
-0.00201454
-0.00200331
-0.00195945
-0.00217467
-0.00252351
-0.00251025
-0.00230829
-0.00235419
-0.00254085
-0.00206043
-0.00192987
-0.00210735
-9.19046E-4
-8.88445E-4
-0.00100064
-0.00161162
-0.0019115
-0.00152084
-0.0020798
-1.9178E-4
0.00146062
0.00274378
0.00444004
0.0055447
0.00589048
0.00583439
0.00585887
0.00584255
0.00585989
0.00583847
0.00586907
0.00582623
0.00589457
0.00577625
0.00646781
0.00688907
0.00684828
0.00628625
0.00563346
0.00478992
0.00386988
0.00392394
0.00388416
0.00390558
0.00390456
0.0038862
0.00392598
0.0038658
0.00395251
0.00383317
0.00400759
0.00365977
0.00307327
0.00222361
0.00212059
0.00232153
0.00188701
0.00193393
0.00212671
0.00236336
0.00181664
0.00207266
0.00131684
9.1598E-4
9.95541E-4
9.60861E-4
9.83302E-4
5.85503E-4
2.93784E-4
-5.09748E-5
1.02261E-5
1.32871E-5
-5.25272E-4
-0.00165543
-0.00211035
-0.00307119
-0.00392595
-0.00387189
-0.00448593
-0.00501836
-0.00477968
-0.00551918
-0.00595166
-0.005408
-0.00580886
-0.00538556
-0.00457466
-0.0040769
-0.00322622
-0.00304058
-0.0039188
-0.00388411
-0.00442573
-0.00559567
-0.00585577
-0.00641575
-0.00708997
-0.00776521
-0.00786313
-0.00778255
-0.00788352
-0.00763872
-0.00690534
-0.00627906
-0.00562626
-0.00494388
-0.00474498
-0.00385656
-0.00411156
-0.00429006
-0.00379026
-0.00408299
-0.00488063
-0.00474497
-0.00389429
-0.00393101
-0.00337409
-0.00262337
-0.00211439
-0.00113417
2.35351E-5
4.62136E-4
8.06571E-5
4.39381E-5
-1.70261E-4
-4.63E-4
-0.00144424
-0.00210112
-0.00133918
-3.21216E-4
8.88253E-5
-1.11336E-5
3.78274E-5
1.33484E-5
2.55895E-5
-3.60989E-4
-6.64948E-4
-0.00100155
-9.41366E-4
-9.60745E-4
-9.75024E-4
-4.34423E-4
3.17318E-4
8.52819E-4
0.00167494
0.00196258
0.00257458
0.0030295
0.00295198
0.00293465
0.00304073
0.00233183
0.00196361
0.00182897
0.00106397
4.13212E-4
-6.10872E-5
8.06938E-5
-5.05805E-4
-0.00126774
-0.001638
-0.00164106
-0.00142584
-7.047E-4
-1.31386E-5
8.28252E-6
5.73364E-4
0.00117007
3.44886E-4
1.74669E-5
-5.22112E-4
-0.00108209
-8.6075E-4
-0.00103415
-8.68908E-4
-0.00105251
-7.32225E-4
-6.20843E-5
2.22497E-4
9.45678E-4
0.0015434
0.00306218
0.0036293
0.00467174
0.00612014
0.00695042
0.00791229
0.00819177
0.00820503
0.00817035
0.00781131
0.00752571
0.00661383
0.00572541
0.00602428
0.0061732
0.00670564
0.00678316
0.00714526
0.00767566
0.00833152
0.0085855
0.00761854
0.00676582
0.00632927
0.00600287
0.00586313
0.00591821
0.00590087
0.00589067
0.00593351
0.00575399
0.00492168
0.00494004
0.00489108
0.00498492
0.00433008
0.0038517
0.00400572
0.00378948
0.00293778
0.00313567
0.00349573
0.00385681
0.00387211
0.00288271
0.00308875
0.00229009
0.00201572
0.00135272
0.00111404
0.0014384
8.81479E-4
0.00104978
0.00218504
0.00195656
0.00184028
0.00263793
0.00301431
0.00282255
0.00197799
0.00151185
2.30732E-4
2.06253E-4
5.21434E-4
9.38615E-4
0.00147922
0.00250432
0.00266548
0.00190048
0.00136192
-2.85377E-4
-8.22916E-4
-0.0011789
-0.00187657
-0.00198265
-0.00189595
-0.00198265
-0.00188575
-0.00201121
-0.00143389
-0.00202855
-0.00291186
-0.00304038
-0.00392064
-0.00386148
-0.003939
-0.00384924
-0.00395634
-0.00382578
-0.00399305
-0.00376967
-0.00409913
-0.00339125
-0.00285575
-0.00325967
-0.00346571
-0.0034708
-0.00222946
-0.00175618
-0.0010279
-3.75099E-4
1.04302E-4
-3.13569E-5
4.51444E-5
-9.93426E-6
4.0047E-5
-2.21717E-5
8.18696E-5
-5.88269E-4
-0.00103299
-0.00135021
-0.00110643
-8.73864E-4
-0.00144302
-7.58601E-4
-0.00130124
-0.00109418
-0.0013655
-0.00366764
-0.00387061
-0.00407971
-0.00484777
-0.00491713
-0.00484573
-0.00492937
-0.00484165
-0.00445915
-0.00336162
-0.00312702
-0.00288324
-0.0019326
-0.00194688
-0.00197034
-0.00190098
-0.00250481
-0.00356969
-0.00447647
-0.00558419
-0.00505481
-0.00563825
-0.00598709
-0.00578105
-0.00594628
-0.00569638
-0.00488446
-0.00495382
-0.00463762
-0.00508132
-0.00606766
-0.00575247
-0.00595341
-0.00580347
-0.00592485
-0.00581877
-0.00593199
-0.00569433
-0.00530264
-0.0055505
-0.00596666
-0.0056627
-0.00508334
-0.00533528
-0.00460802
-0.00403477
-0.00369307
-0.00302395
-0.00272917
-0.00213247
-0.00252211
-0.00276385
-0.00360432
-0.00391746
-0.00408066
-0.00482322
-0.0055209
-0.0053985
-0.0047406
-0.00452129
-0.00297599
-0.00204473
-0.00174281
-0.00106655
-8.70708E-4
-0.00124505
-0.00129707
-9.89023E-4
-3.95382E-4
5.34198E-5
4.98141E-4
0.00126722
0.00136922
3.04346E-4
-9.81298E-6
-5.60611E-4
-0.00110019
-9.03329E-4
-0.00107469
-3.75986E-4
7.68958E-5
-5.36627E-5
2.28388E-5
6.87402E-5
0.00114892
0.00201184
0.00311549
0.00464141
0.00488723
0.00581849
0.00592661
0.00571241
0.00477707
0.00388865
0.00393252
0.00388356
0.0040131
0.00507186
0.00576648
0.00651312
0.00683136
0.00744949
0.00785443
0.00789115
0.00717511
0.00687319
0.00621122
0.00587666
0.00565226
0.00502292
0.0046343
0.0056237
0.00537788
0.00369998
0.00509331
0.00467817
0.00562065
0.00528915
0.00482199
0.00439257
0.00321856
0.00236992
0.00128668
7.79741E-4
9.6424E-6
-4.3396E-5
5.35055E-5
-6.32953E-4
-0.00102259
-0.00154483
-0.00208339
-0.00230677
-0.00229453
-0.00233736
-0.00175086
-0.00106746
-8.22659E-4
-4.43972E-5
3.54436E-6
-4.54141E-5
2.39475E-5
-9.02909E-5
2.05511E-4
3.41172E-4
1.78339E-5
0.00104395
8.57297E-4
0.0011837
0.00184568
0.00214454
0.00284324
0.00310028
0.00386223
0.00354501
0.00317373
0.00293811
0.00234855
0.0018202
0.00204562
0.0013153
8.92E-4
9.90941E-4
9.36883E-4
9.73605E-4
9.48106E-4
9.54228E-4
0.00107051
0.00198647
0.00184061
0.00257093
0.00295752
0.00292182
0.00326352
0.00367254
0.0037266
0.00339102
0.00296059
0.00295549
0.00272395
0.00201709
0.00180391
0.00265867
0.00220478
9.98118E-4
0.00199058
0.00191204
0.00143978
6.61524E-4
3.62599E-6
-0.00168345
-0.00205269
-0.00325017
-0.00347865
-0.00320732
-0.0040937
-0.00387644
-0.00387032
-0.00286766
-0.00359492
-0.00396619
-0.00447925
-0.00466693
-0.00417019
-0.00342559
-0.00275647
-0.00317467
-0.00258816
-0.0028656
-0.0038652
-0.00457818
-0.00493314
-0.00506982
-0.00587765
-0.00553595
-0.00520139
-0.00478523
-0.00387947
-0.00444454
-0.00395596
-0.00400084
-0.00374278
-0.00303694
-0.00278398
-0.00200673
-0.00199041
-0.00155079
-0.00190371
-0.00158241
-0.00189759
-0.00117746
-0.00174458
-0.0021077
-0.00189146
-0.00215564
-0.00297367
-0.00288697
-0.00358975
-0.00398143
-0.00349795
-0.00267379
-0.001971
-0.00354078
-0.00314196
-0.00391512
-0.00396714
-0.00390593
-0.00398141
-0.00391307
-0.00347039
-0.00261869
-0.00217295
-0.00167926
-0.00120904
-1.5538E-4
5.24961E-4
8.69723E-4
0.00136443
0.00162657
0.00199071
0.00189891
0.00196929
0.00188463
0.00201826
0.00131038
9.1156E-4
9.20742E-4
0.00154192
0.00199481
0.00205703
0.00240179
0.00173267
0.00223757
0.00224573
0.00189792
0.00194076
0.00193566
0.00192954
0.00193872
0.00193057
0.00193567
0.00193771
0.00192241
0.00197341
0.00138284
7.12697E-4
2.52189E-5
-2.27192E-5
-5.52097E-4
-0.00117633
-7.43854E-4
-1.44092E-4
5.8623E-4
0.00154197
0.00257115
0.00351364
0.00401752
0.00378598
0.00402874
0.00322702
0.00291796
0.00274763
0.00207749
0.00293837
0.00285473
0.00349325
0.00411138
0.00485394
0.0048468
0.0050406
0.00541699
0.00574543
0.00591883
0.00578317
0.00642985
0.00668077
0.00707756
0.00682868
0.00671138
0.00582296
0.00593006
0.00524769
0.00480705
0.00489069
0.00498963
0.00588927
0.00579238
0.00643906
0.00695008
0.00674098
0.00694906
0.00659513
0.00598007
0.00560879
0.00502025
0.00420221
0.00391968
0.0037116
0.00298944
0.00283134
0.00305472
0.00261613
0.00266815
0.00273037
0.00219691
0.00177157
2.34436E-4
-5.54022E-4
-0.00167806
-0.00200752
-0.00206464
-0.00303975
-0.00232371
-0.00193101
-0.00188511
-8.20226E-4
-4.59144E-4
-1.20502E-4
4.67801E-5
-6.43979E-5
3.35242E-5
-6.13338E-5
3.96483E-5
-8.47897E-5
1.78372E-4
9.06654E-4
0.00112902
0.00193176
0.0019491
0.001944
0.00195319
0.00193381
0.00198379
0.00140239
7.08793E-4
8.14951E-5
-1.93903E-4
-9.59921E-4
-0.00100786
-5.86596E-4
-3.38734E-4
1.84528E-4
9.5463E-4
9.56672E-4
0.00101787
4.04856E-4
-2.23462E-4
-0.00106904
-0.00201764
-0.00188095
-0.00257455
-0.00302437
-0.00288667
-0.00309883
-0.00392809
-0.00388626
-0.00399234
-0.0037047
-0.00345888
-0.00282239
-0.00251741
-0.00306719
-0.00284891
-0.00312533
-0.00389746
-0.00391684
-0.0039301
-0.004282
-0.0046288
-0.00490827
-0.00493173
-0.00473283
-0.00395253
-0.00377504
-0.00331196
-0.00364346
-0.00393416
-0.00393212
-0.00387601
-0.00399535
-0.00329563
-0.00288763
-0.00292129
-0.00308754
-0.0038913
-0.00394842
-0.0038352
-0.00455429
-0.00439823
-0.00385559
-0.00509591
-0.00411773
-0.00455836
-0.00473992
-0.0041269
-0.00424726
-0.00440943
-0.00500103
-0.00535803
-0.00608325
-0.00556611
-0.00553958
-0.00595064
-0.00530192
-0.00426458
-0.00328435
-0.00284167
-0.00299569
-0.00284473
-0.00353323
-0.00399324
-0.00384738
-0.00397794
-0.00371376
-0.00299771
-0.00235409
-0.00172679
-9.94427E-4
-9.88305E-4
-5.05842E-4
-0.00101074
-0.0020746
-0.00319353
-0.00447975
-0.00472659
-0.00501219
-0.00425127
-0.00382082
-0.00437876
-0.00393914
-0.00443996
-0.00501931
-0.00476227
-0.00550177
-0.00594241
-0.00578634
-0.00596892
-0.00518862
-0.0053967
-0.00599136
-0.00567821
-0.00485099
-0.00547727
-0.00581285
-0.0048316
-0.00480916
-0.00381466
-0.0040156
-0.0036382
-0.00317715
-0.00326589
-0.00286299
-0.00290787
-0.00346682
-0.00402782
-0.00379628
-0.00400334
-0.00366673
-0.00302719
-0.00228667
-0.00189295
-0.00184296
-8.04603E-4
2.16E-5
-1.71577E-5
5.90765E-4
0.00112321
9.1105E-4
0.00109873
8.75354E-4
0.00167096
0.00197492
0.00216056
0.00288476
0.00357225
0.00400677
0.00393129
0.00392211
0.00400678
0.00372424
0.00357328
0.00440458
0.00459227
0.00537155
0.00558269
0.00595499
0.00627936
0.00655986
0.00739218
0.00691278
0.00694135
0.00626713
0.00626611
0.00603049
0.00586831
0.00579998
0.00491564
0.00482894
0.00390074
0.00400989
0.00387117
0.00414453
0.00486873
0.00508804
0.00591526
0.00578062
0.00490342
0.00499421
0.00434447
0.00383447
0.00445667
0.00396504
0.00451278
0.00504318
0.00486468
0.00498403
0.00489121
0.00496771
0.00490855
0.00456788
0.00424352
0.00390182
0.00400178
0.00387837
0.00456585
0.00500241
0.00491469
0.00493306
0.00496876
0.00477904
0.00397732
0.00393959
0.00398753
0.00390491
0.00413441
0.00490044
0.00497898
0.00486576
0.00554101
0.00599797
0.00587557
0.00595105
0.00588884
0.00595106
0.0058817
0.00597044
0.00584193
0.00613467
0.00640905
0.00685785
0.00686398
0.00709042
0.0077065
0.00693028
0.00686603
0.00697313
0.00629381
0.00585317
0.00594906
0.00591438
0.00592254
0.00593172
0.00591337
0.00555637
0.00522385
0.00491785
0.00494642
0.00526364
0.0039305
0.002528
0.00290439
0.00303189
0.00295029
0.00302986
0.0029401
0.0030574
0.00280852
0.00195683
8.14429E-4
1.71832E-4
-6.02345E-4
-9.22623E-4
-0.00150096
-0.00200076
-0.0018549
-0.00194261
-0.00186713
-0.00196199
-0.00171718
-0.00138466
-9.96039E-4
-0.00131836
-0.00142443
-0.00157233
-0.00114393
-0.00161619
-0.00210374
-0.00159782
-0.00158558
-0.00195787
-0.00185077
-0.00207823
-0.00282079
-0.00346542
-0.00395196
-0.00381528
-0.00387342
-0.00388667
-0.00329405
-0.00277181
-0.00294214
-0.00284626
-0.00287584
-0.00341644
-0.00400599
-0.00373365
-0.00408555
-0.00475263
-0.00501272
-0.00580628
-0.00577772
-0.00639277
-0.00688951
-0.00675895
-0.00639276
-0.00669162
-0.00672018
-0.0057777
-0.00543803
-0.00566243
-0.00592151
-0.00562469
-0.00484438
-0.00496984
-0.00580726
-0.0058348
-0.00575217
-0.00604185
-0.00546351
-0.00651206
-0.00692312
-0.00670994
-0.00685783
-0.00673645
-0.00685681
-0.00632029
-0.00673134
-0.00642024
-0.00612138
-0.00573173
-0.00591227
-0.00517685
-0.00481985
-0.00427924
-0.00374374
-0.00391816
-0.00381207
-0.00388653
-0.00382941
-0.00425985
-0.00451688
-0.00490652
-0.004778
-0.00491366
-0.00422923
-0.00377533
-0.00389569
-0.00382836
-0.00387324
-0.00384468
-0.00385793
-0.00386099
-0.00383651
-0.00389975
-0.00367942
-0.0033214
-0.00297766
-0.00282262
-0.00292053
-0.00282975
-0.00295011
-0.00227792
-0.0018077
-0.00196376
-0.00173425
-9.20291E-4
-9.51908E-4
-7.62185E-4
4.46376E-5
7.32005E-5
3.75035E-5
1.00746E-4
-1.45106E-5
2.90472E-4
4.09815E-4
4.11858E-4
2.05821E-4
-2.16358E-5
1.21167E-4
5.91014E-6
1.10973E-4
6.9361E-6
1.19139E-4
-1.34579E-5
1.66065E-4
-5.78532E-4
-9.62049E-4
-9.16146E-4
-9.17163E-4
-5.265E-4
-7.52937E-4
-0.00116195
-0.00181271
-0.00197795
-0.00181679
-0.00200344
-0.00167602
-0.00101404
-7.27413E-4
2.02502E-5
7.22732E-5
7.60776E-4
-7.03941E-4
-0.00102116
-8.70195E-4
-8.43672E-4
1.07991E-4
4.75195E-4
0.0019593
0.00252438
0.00295176
0.00295279
0.00358009
0.00406255
0.0039269
0.00400136
0.00395444
0.00398097
0.00397281
0.00395853
0.00400749
0.00351076
0.00392284
0.00383614
0.00311501
0.00361583
0.00325373
0.00297324
0.00298854
0.00299874
0.00298243
0.00299977
0.00298243
0.00299876
0.00298244
0.00299774
0.00298142
0.00300387
0.00296103
0.00313341
0.00396574
0.00404938
0.0051469
0.00544373
0.00588029
0.00580685
0.00494292
0.00485112
0.00389844
0.00408408
0.00330481
0.00298759
0.00289682
0.00365774
0.00380666
0.00360674
0.00348741
0.00283359
0.00307227
0.00293152
0.00301006
0.00300088
0.00243275
0.00187481
0.00210329
0.00189012
0.00263982
0.00303354
0.00297133
0.00297745
0.00301111
0.0028367
0.0020003
0.00202784
0.00186566
0.00100173
0.00107517
8.43635E-4
4.74398E-4
5.73341E-4
9.49648E-5
2.45881E-5
6.13113E-5
-7.94454E-5
-9.83162E-4
-8.42399E-4
-0.00157578
-0.00194705
-0.00196133
-0.00170837
-0.00155536
-0.00188176
-8.59716E-4
-0.00104943
-3.01769E-4
6.3394E-5
5.68297E-4
0.00118234
7.71284E-4
1.42967E-4
-1.7629E-4
-4.72086E-4
-8.53563E-4
-0.00101268
-3.63956E-4
1.59307E-4
-8.85496E-5
6.89714E-4
0.00101918
0.0015761
0.00210446
0.00192699
0.00204123
0.00195759
0.0016363
0.00129052
9.73304E-4
0.00103859
9.77391E-4
0.00108041
4.11297E-4
-4.56593E-5
6.65441E-5
1.75875E-5
2.98308E-5
5.83942E-5
-1.17042E-4
-9.40179E-4
-9.50376E-4
-9.40172E-4
-9.65669E-4
-9.14666E-4
-0.00139814
-0.00103808
-5.19915E-4
-6.98412E-4
-4.46468E-4
-5.0705E-5
6.55785E-5
6.42189E-6
4.62053E-5
1.45887E-5
4.21322E-5
1.66356E-5
4.0099E-5
1.76625E-5
3.80659E-5
1.97094E-5
3.29728E-5
2.58363E-5
2.17598E-5
4.82832E-5
-4.10713E-4
-6.90099E-5
7.07336E-5
-6.62925E-7
4.42205E-5
1.5664E-5
3.09675E-5
2.9951E-5
1.26145E-5
5.4438E-5
-3.73586E-5
6.21565E-4
0.00108975
9.60212E-4
0.00103365
9.90819E-4
9.23502E-4
-1.66874E-4
-8.6251E-4
-0.00157447
-0.00196716
-0.00246696
-0.00304938
-0.00282191
-0.00298613
-0.00285353
-0.00258016
-0.00219052
-0.00190492
-0.00235677
-0.00204975
-0.00187124
-0.00197528
-0.00192428
-0.00143059
-6.5743E-4
-1.04587E-4
2.50377E-4
5.2884E-4
9.10324E-4
0.00108781
3.91151E-4
-2.50053E-5
-4.77882E-4
-0.00123778
-0.00184467
-0.00199665
-0.00188241
-0.0019844
-0.00188036
-0.00201092
-0.00172021
-0.00153967
-0.00207109
-0.00169878
-0.00153252
-0.00258617
-0.00298193
-0.00287177
-0.00295234
-0.0028738
-0.00296866
-0.00274629
-0.00195171
-0.00193335
-0.00192926
-0.0019466
-0.00191293
-0.00196903
-0.00188029
-0.00203226
-0.00128868
-9.58196E-4
-3.72713E-4
8.93511E-5
1.24035E-4
0.00102878
9.80842E-4
0.00101757
9.9819E-4
0.00100125
0.00101554
9.72701E-4
0.0011512
0.00198251
0.00197129
0.00199782
0.00196314
0.00201108
0.00193561
0.00214981
0.00293929
0.00297908
0.00294134
0.00299234
0.00291279
0.00312801
0.0039226
0.00394912
0.00393892
0.00393893
0.00395831
0.00389507
0.00413886
0.00433776
0.00383797
0.00400015
0.00390835
0.00432452
0.0057566
0.00431739
0.00375129
0.00408585
0.0038074
0.0040981
0.00325865
0.00297713
0.00279557
0.0020265
0.001848
8.79004E-4
1.91476E-5
-5.42886E-5
-0.0010651
-6.52001E-4
-0.00119056
-0.00209325
-0.00184947
-0.00199022
-0.00189026
-0.00196778
-0.00190249
-0.00196063
-0.00190249
-0.00235128
-0.00256446
-0.00312852
-0.00384455
-0.00391901
-0.00386392
-0.00391798
-0.00385779
-0.00393735
-0.00373233
-0.00295967
-0.00338832
-0.00307519
-0.00290055
-0.00301838
-0.00291467
-0.00301875
-0.00290642
-0.00303752
-0.00285848
-0.00360558
-0.0039607
-0.00407284
-0.00490764
-0.0049136
-0.0052734
-0.00561821
-0.00546875
-0.00577368
-0.00588765
-0.00588105
-0.00528756
-0.0047492
-0.00494849
-0.0046689
-0.00388895
-0.00388387
-0.00370303
-0.00329508
-0.00299491
-0.00277904
-0.00293587
-0.00236358
-0.00240809
-0.00216115
-0.00181346
-0.00186016
-0.00183998
-0.00183279
-0.00145239
-0.00114121
-7.96378E-4
-8.89099E-4
-2.77373E-4
2.66561E-4
3.25542E-5
2.60982E-4
1.99242E-7
4.58E-4
4.06565E-4
7.12686E-4
0.00120799
0.00109295
0.00114699
0.00111593
0.00115272
0.00109961
0.00120294
6.21265E-4
0.00235
0.00143941
0.00100421
0.00159082
0.00176213
0.00214056
0.00220199
0.00264636
0.00290231
0.00309986
0.00296538
0.00306835
0.00257779
0.00281384
0.00203218
0.00261009
0.00307473
0.00295814
0.00248128
0.00187062
0.00215345
0.0019032
0.00177938
0.00120715
0.00133124
0.00135772
0.00108872
9.74646E-4
0.00171272
0.00184523
0.00161476
0.00206252
0.00194389
0.00197152
0.0019902
0.00180957
0.0010487
0.0010152
0.00104469
9.98735E-4
0.00104798
9.83929E-4
0.00104808
9.70772E-4
0.00104784
9.56416E-4
0.00105009
9.24876E-4
0.00116661
0.00184281
0.00192296
0.00172852
9.54612E-4
0.00137075
0.00101009
0.00107238
0.00135855
7.86428E-4
0.00106268
7.93575E-4
0.00117552
0.00164852
0.00217686
0.00259411
0.00210728
0.00262152
0.00261419
0.00227276
0.00197439
0.00167343
0.00170921
0.0016804
0.00167956
0.00165962
0.00166029
0.0016267
0.00166381
0.0014755
7.86968E-4
6.10486E-4
-9.16893E-5
-1.61377E-4
0.00126808
-6.2973E-4
-0.00111986
-8.78768E-4
-9.21741E-4
-4.87802E-5
-1.09812E-4
9.45814E-4
9.91473E-4
6.30917E-4
0.00117118
0.00171431
0.00228083
0.00232479
0.00228319
0.00225532
0.00229821
0.00172576
0.00168318
0.00150773
0.0013117
0.00130197
4.71939E-4
5.98842E-4
4.38101E-4
6.1118E-4
2.83464E-4
2.21461E-4
5.37134E-4
1.27764E-4
3.73107E-4
5.44314E-4
2.90298E-4
-2.92646E-4
-3.75798E-4
-3.09111E-4
-3.77905E-4
-3.16411E-4
-3.7752E-4
-3.29243E-4
-3.66632E-4
-3.63564E-4
2.88951E-4
-8.70592E-5
3.156E-4
4.29304E-4
3.52814E-4
3.83415E-4
3.54641E-4
3.61325E-4
-3.44072E-5
-6.82653E-4
-8.83124E-4
-0.00136455
-0.00197915
-0.00184285
-0.00217751
-0.00198158
-0.00162985
-0.00159313
-0.00184242
-0.00181261
-0.00206466
-0.00230055
-0.00251747
-0.00236338
-0.00202341
-0.00183202
-0.00190518
-0.00197639
-0.00214257
-0.00186637
-0.00225152
-0.00238332
-0.0012208
-0.00153467
-0.00241282
-0.0024997
-0.00234044
-0.00216654
-0.00221333
-0.00245369
-0.00223404
-0.00208659
-0.00213617
-0.00206673
-0.00208686
-0.00195806
-0.00132197
-0.00149803
-0.00156503
-0.00135356
-0.00172036
-0.00178324
-0.00238903
-0.00243176
-0.00215435
-0.00189195
-0.00179269
-0.00179257
-0.00178478
-0.00164061
-0.00137122
-0.00114805
-0.00102225
-0.00107287
-0.00101284
-7.78848E-4
-6.41696E-4
-9.82243E-4
-9.54262E-4
-9.8646E-4
-8.99583E-4
-9.96773E-4
-6.79076E-4
-7.74951E-5
-3.47555E-4
-2.53815E-4
-2.98299E-4
-2.5332E-4
-2.6917E-4
-2.51904E-4
9.609E-7
-1.65251E-4
-2.72881E-4
-4.08241E-4
-6.45311E-4
-7.52342E-4
-7.93786E-4
-6.02145E-4
-5.11414E-4
-7.47591E-4
-6.70746E-4
-6.79371E-4
-6.6698E-4
-5.58991E-4
-3.11228E-4
-1.56278E-4
5.59473E-5
4.49571E-4
4.99824E-4
4.65106E-4
4.94292E-4
4.72004E-4
4.86629E-4
4.85241E-4
4.62832E-4
9.4105E-4
5.81484E-4
4.3246E-4
5.01032E-4
5.2193E-4
0.00101916
8.69937E-4
5.51613E-4
7.79788E-4
5.80239E-4
7.46322E-4
9.87002E-4
9.86325E-4
0.00143475
0.00138162
0.00140079
0.00135647
0.00136632
0.00132626
0.00134261
0.00123502
0.00101458
0.00114762
0.00128411
0.00124804
0.00123686
0.00121904
0.00125379
0.00166253
0.00155668
0.00188707
0.00198815
0.00205915
0.002266
0.00216792
0.00232454
0.00224301
0.00221688
0.0021853
0.00212419
0.00213296
0.00196963
0.00187574
0.00214696
0.00157168
0.00151575
0.00148955
0.00146003
0.00142485
0.00144558
0.00177978
0.00166997
0.00226472
0.0021245
0.00192347
0.00196591
0.00185825
0.00186698
0.00177637
0.00177696
0.00168958
0.00169402
0.00159105
0.00167021
0.00166857
0.001468
0.00146632
0.00139994
0.00138018
0.00127834
9.36995E-4
9.3897E-4
6.67071E-4
5.05352E-4
3.12416E-4
8.98858E-5
1.67835E-4
-1.10752E-4
-2.44246E-4
-2.42133E-4
-2.49148E-4
-2.74693E-4
-2.56831E-4
-3.48145E-4
-4.54639E-4
-5.88227E-4
-6.06239E-4
-6.6494E-4
-7.77152E-4
-8.85169E-4
-9.12185E-4
-9.1266E-4
-8.42681E-4
-7.80997E-4
-9.22379E-4
-8.72533E-4
-8.94412E-4
-8.75681E-4
-8.74658E-4
-9.88625E-4
-8.94695E-4
-8.45652E-4
-8.6568E-4
-9.4588E-4
