-7.943589299098061E-4
4.2318222838584016E-4
0.0023116966548209633
0.0023993922491370653
2.2025870200323249E-4
-0.001731478129636522
-9.07547429550356E-5
0.0019119678993336155
-0.0011247469829146549
-0.002727740869715958
-6.271254709814258E-4
7.494914165387772E-4
0.001193067969184176
5.914354035271984E-5
-5.975537008050659E-4
-9.65671253690098E-4
-7.352153895570862E-4
-0.002283144600857581
-0.003969755217123074
-0.0031009570036658798
-5.180158361927876E-4
0.0013082959012506818
0.001846706061703028
1.1522793206650589E-4
-9.77907848245833E-4
7.862012002059827E-4
0.003067306368637608
0.004184915338061417
0.0025472511000188647
-0.0016366445218295748
-0.0025758031539822464
-0.0016784528865616698
-2.7226422886510686E-4
0.0011053723748680742
-2.5492905324448205E-4
0.0015968755895234357
-3.4772322862547356E-4
-0.002938822125802389
-0.003360984637975251
-0.0013154339147415275
4.6193144447900146E-4
0.0010584654290710896
0.0015010222655035103
0.0013806957523721148
0.0035863419210433733
0.002241336236125486
0.0014225041171042098
-0.0010615245777100232
-0.004067647973568955
-0.0021546603580223623
-0.0033987141378554347
-0.005008846038147583
-0.0068586112484895455
-0.007203275328476085
-0.0017080246567380299
0.0023637021816828377
0.006693417221987121
0.004381720567166157
1.7437147241922574E-4
-0.002283144600857581
-0.0027634309371701855
0.001505101130355422
0.005885801981308602
0.006219249182952385
0.0040951803113193595
0.004204289946107998
0.004526520269409024
0.0019680522910474015
-0.00438070085095318
-0.0029806304905344843
0.0011420821585352797
0.0014581941845584372
0.001748813305257147
-9.707698347549876E-4
-0.004330734756517261
-0.0027440563291236046
-3.3038805300484876E-4
0.0013939520631408278
0.0019293030749542401
-0.001123727266701677
-0.0026002763430937165
-0.0018711792508144982
-5.924551197401762E-4
-2.3147558034598972E-4
-0.0034119704486241477
-0.002964315031126837
-0.0032161849357323856
-0.0035832827724044396
1.2032651313139553E-4
0.004362345959119576
0.0071675852610218575
0.005823599292316948
0.0020384127097428785
0.0026257692484181654
0.00412475208149572
0.005663503846879413
0.006604701911458041
0.001475529360179062
3.54861242116319E-4
0.0016723345892838022
-0.0025951777620288274
-0.0016947683459693165
8.5146303783657E-4
-6.342634844722714E-4
0.0017814442240724406
0.00335180719205845
0.003192731462833893
-3.97689323061392E-4
-0.003935084865881825
-0.002525837059546328
-0.0035873616372563513
-0.002768529518235075
-0.005493211239312098
-0.008156709987610448
-0.006887163302452926
-3.8137386365374515E-4
0.008296411108788423
0.01178791942202485
0.012220279096327492
0.003803541474407672
-0.0010166570643389944
5.39429876665324E-4
0.003867783595825282
-2.0394324259558564E-5
-0.008960246363437056
-0.01328384310646347
-0.01086201710064089
-0.0021424237634666272
0.0014898053871607532
9.983021725053917E-4
0.0026502424375296355
0.001079879469543626
0.003441542218800508
0.007463302962785456
0.0053453523884302995
0.0024656738029806306
-0.0010737611722657584
-2.0292352638260773E-4
0.0011665553476467498
-1.050307699367266E-4
5.934748359531542E-4
-0.002171995533642987
-0.007201235896050129
-0.010771262357685857
-0.01061626549331321
-0.006692397505774142
-0.006796408559497892
-0.00940076376744352
-0.009227412011237272
-0.001264448104092631
0.009685264590864362
0.012931021296773107
0.009324285051470175
-0.002339228992571367
-0.005370845293754748
0.003087700692897167
0.0014551350359195037
-0.005278051118373757
-0.009772960185180464
-0.0121274849209465
-0.00848097974333743
-0.0022678488576629123
-0.006696476370626055
-0.008371870108548791
-0.0021067336960123996
0.005965339845920879
0.015055090168406131
0.017055773378268826
0.011976566921425767
0.012568002324952964
0.0127189203244737
0.007311365247051745
0.005379003023458571
0.004687635431059536
0.0012746452662224103
-0.005255617361688242
-0.011499339733752096
-0.009220273997746426
-0.003079542963193343
-5.486073225821254E-4
0.004179816756996528
0.005406535361208975
0.001038071104811531
-1.0197162129779282E-6
-6.750521329913885E-4
-6.515986600928961E-4
0.0
1.2440537798330724E-4
0.0036526234748869386
0.0043674445401844664
-1.3562225632606447E-4
-0.003415029597263082
-0.002870501139532868
-0.0034843702997455804
-0.00446431758041737
-0.003848408987778701
-0.004486751337102884
-0.007209393625753953
8.677784972442169E-4
0.012375275960700136
0.014103694941697725
0.007705995421474204
0.0028480673828473538
0.0029694136121917267
0.004990491146313981
0.0035292378131166094
8.229109838731882E-4
-0.00811184247423942
-0.018269235671712562
-0.01487867926356095
-0.0063283588177410225
0.002518699046055483
0.004484711904676928
0.0023096572223950075
-5.149566875538537E-4
-0.00442964722917612
-0.008776697445101027
-5.842973900363528E-4
0.00937221171348014
0.0071237374638638065
0.006753580478552818
2.396333100498131E-4
-0.007784513569873504
-0.007045219315464505
-0.00890926055278816
-0.011577857882151396
-0.006967720883278183
-0.0010166570643389944
0.0038667638796123036
0.008715514472322354
0.005518704144636548
8.647193486052831E-4
-0.0019670325748344236
-0.007783493853660526
-0.006035700264616356
-9.38138915939694E-5
6.923873086120133E-4
0.0013133944823155717
0.002764450653383163
0.0031478639494628645
0.002513600464990593
2.0292352638260773E-4
8.422855919197686E-4
0.008429993932688533
0.01159009447670713
0.007659088475677219
0.002426924586887469
-0.005020062916490341
-0.009347738524368668
-0.005973497575624703
-0.001350104265982777
0.004608097566447257
0.00784569654265218
0.002622710099779231
-0.0015101997114203118
-0.0017957202510541315
0.0037851865825740696
0.006526183763058741
0.008370850392335812
0.007949707596375928
0.004087022581615536
0.0017722667781556393
-0.004930327889748283
-0.004982333416610157
-0.005380022739671549
-0.0038433104067138115
0.0017783850754335068
0.0010941554965253168
5.720607954806178E-4
0.0010248147940428178
0.0010584654290710896
0.004838553430580269
0.0037729499880183345
-0.004388858580657003
-0.005543177333748018
-0.0032437172734827895
0.001265467820305609
0.007856913420994937
0.010687645628221665
0.010070717319370018
0.00435622766184171
-0.005870506238113932
-0.0070849882477706455
-0.0012155017258696904
4.7722718767367043E-4
0.0010747808884787363
0.0033813789622348096
0.004046233933096419
0.003352826908271428
0.0038891976362978183
0.002657380451020481
-0.0029479995717191904
-0.007235906247291379
-0.01000137661688752
-0.012659776784120978
-0.009860655779496566
-0.007777375556382658
-0.0028592842611901105
0.0064109558309922345
0.011282140180387798
0.012149918677632014
0.005940866656809409
-9.860655779496566E-4
-0.004584644093548766
-0.0030153008417757336
0.004047253649309397
0.009381389159396939
0.008212794379324234
0.006706673532755834
0.005210749848317213
-4.2318222838584016E-4
-0.0018925932912870348
-0.005392259334227285
-0.008750184823563602
-0.006852492951211677
-0.005331076361448609
-0.0045112245262143545
0.0010074796184221932
0.003380359246021832
0.0028908954637924264
-6.96466173463925E-4
-0.007330739855098326
-0.00899185756603937
-0.005177099213288941
8.565616189014596E-4
-0.0015520080761524068
-0.010127821427296783
-0.012096893434557162
-0.010115584832741048
-0.008309667419557135
-0.004703950890467184
4.721286066087808E-4
0.006380364344602896
0.007303207517347921
0.003360984637975251
0.0014500364548546139
0.003978932663039876
0.007103343139604248
0.0092722795246083
0.008577852783570332
0.007618299827158102
0.005581926549841179
0.00579300780592761
0.010010554062804322
0.01042455884527336
0.007798789596855194
0.01141878215292684
0.017622735592684555
0.01781750138936334
0.010074796184221932
9.340600510877822E-4
-0.0030377345984612483
-0.012159096123548815
-0.023159794629154705
-0.029754299378482965
-0.028130911167422105
-0.017765495862501465
-0.010192063548714391
-0.011356579463935187
-0.01097010701921655
-0.004992530578739936
0.0012573100906017856
0.013063584404460237
0.023666593587004736
0.022978285143244633
0.012797438472872999
0.004268532067525608
-4.354188229415753E-4
-0.0028490870990603313
0.0021485420607444948
0.009079553160355473
0.010377651899476375
-0.004873223781821518
-0.02433858657135719
-0.03182840215568007
-0.033723034879393064
-0.025892634079935552
-0.01095583099223486
4.4867513371028836E-5
0.0044163909184074075
0.008373909540974746
0.010172688940667812
0.004980293984184201
0.001436780144085901
0.003794364028490871
0.013468411741012477
0.022765164454732246
0.025508201067642875
0.02366965273564367
0.018852513345535934
0.01401294019874269
0.009221293713959404
0.003758673961036643
0.002737938031845737
0.007081929099131711
0.005727745968297023
-0.007370508787404465
-0.0228875304002896
-0.033859676851932106
-0.04057552783060474
-0.03396470762186883
-0.022628522482193204
-0.005540118185109084
0.01410063579305879
0.030409976903427775
0.04541102211254608
0.05155889116059
0.04868839002105714
0.0447584037362402
0.03883895111990333
0.039688374725313946
0.02244905242870909
-0.013286902255102404
-0.04216118654178542
-0.07410277719710605
-0.09515073954918346
-0.10313919636165254
-0.1018196835820591
-0.09527208577852783
-0.07891175885750995
-0.056470864158504684
-0.02082362478522227
0.022215537415937146
0.04550687543656601
0.05684713944109354
0.06100554215761753
0.0604620334161003
0.05561022367475131
0.05395012568002324
0.05848990226020098
0.04220809348758241
0.022993580886439303
0.02119888035159815
0.00536472699647688
-0.025925264998750846
-0.03435627864765236
-0.04692224154017937
-0.05925774856857337
-0.052744821116283334
-0.055264539878551795
-0.06559222568359226
-0.06667414458556184
-0.05078186740630082
-0.03045076555194689
0.010219595886464797
0.05375739931577042
0.07674690133735781
0.08563780699831236
0.09036521136167804
0.08045255005531961
0.062344429545257554
0.05935156246016733
0.05271932821095889
0.05472511000188648
0.033836223379033616
1.3562225632606447E-4
-0.014158759617198534
-0.034810052362427533
-0.050285265610580575
-0.050542234096251006
-0.04381414652302264
-0.04614113892103828
-0.04909933565488724
-0.047305654836259065
-0.035044587091412456
-0.00590109772450327
0.016735582487393756
0.019892623882773422
0.020232189381695076
0.021156052270653078
0.019668286315918278
0.0162716116104888
0.02479134056991939
0.026338250065006907
0.010516333304441374
-2.661459315872393E-4
-0.0020741027771971057
-0.0043358333375821505
-0.004282808094507299
2.7838252614297444E-4
-0.0011604370503688823
-0.009147874146624994
-0.017441226106774482
-0.030219289971600904
-0.035751250427006165
-0.02151805152626024
-0.010194102981140348
-0.0011023132262291404
0.013913008009870852
0.020862374001315433
0.003437463353948596
-0.010963988721938685
-0.01215195811005797
-0.004545894877455604
0.0012756649824353882
-2.3555444519790143E-4
0.003526178664477676
0.00796296390714464
0.00894800976888132
8.840939566518637E-4
-0.004642767917688507
-0.00869206099942386
-0.016557132150122618
-0.02666761840179878
-0.028069728194643432
-0.0035465729887372345
0.02048813815115253
0.026641105780261354
0.03410848760789872
0.039038815497647004
0.0383596844998037
0.04036138742587938
0.028609158071308753
-0.008590089378126067
-0.0380272570143729
-0.049004502047080296
-0.05390423845043924
-0.054207094165693685
-0.052828437845747526
-0.05267548041380083
-0.0535412194786191
-0.055039182595483675
-0.03804765133863246
-0.00823420841979677
0.012758689256779839
0.022530629725747323
0.021948371768136927
0.025044230190737916
0.0296094996762401
0.03982399698164001
0.04791646484783285
0.04699668082372675
0.04199599251528299
0.0272488566431962
0.015096898533138227
0.01316147716090612
0.023145518602173013
0.0501312884624209
0.060905609968745694
0.05822375632861374
0.03938449929384652
-0.005911294886633049
-0.02698678957646087
-0.028161502653811444
-0.027108135805805244
-0.018338576374195063
-0.004456159850713546
0.01117303054559916
0.021963667511331598
0.02258059582018324
0.00983822202281105
-0.00272672115350298
-0.010540806493552844
-0.0037199247449434822
0.007951747028801885
0.001010538767061127
-0.014670657156113454
-0.018105061361423116
-0.009143795281773082
-0.01192048252971198
-0.019060535452983435
-0.029292367934003964
-0.028732543733079083
-0.02144871082377774
-0.021834163552283396
-0.015067326762961866
-0.011553384693039927
-0.012281462069106167
-0.007062554491085131
1.5703629679860093E-4
0.005066969862287326
0.011777722259895072
0.0068341380593780745
-0.002782805545216766
-0.007849775407504091
-0.010928298654484457
-0.009771940468967486
-0.010605048614970454
-0.012266166325911498
-0.008346377203224342
0.014497305399907207
0.04350925137534224
0.059373996216852847
0.06161737188540429
0.047534071267966126
0.025665237364441474
0.0048008239307000865
-0.004244058878414137
-0.005050654402879678
-0.01926039983072711
-0.04307179311997471
-0.05906604192053351
-0.06469079655131976
-0.055754003660781204
-0.048587438115972326
-0.05013332789484686
-0.055473581702212275
-0.05153339825526556
-0.03293275481433517
-0.011288258477665665
0.006720949559737525
0.01923592664161564
0.02668699300984536
0.028687676219708053
0.03338958767774928
0.03903575634900807
0.03736750062457618
0.029006847394370146
0.030471159876206452
0.031871230236625143
0.011558483274104817
-0.008713475039896397
-0.016121713327181045
-0.01710471975649177
-0.010187984683862481
0.002398372532924087
0.009579214104714658
0.016495949177343944
0.03033859676851932
0.03413500022943615
0.0345622613226739
0.032265860411047606
0.02547658986504056
0.015300841775733813
0.0010839583343955376
-0.0073042272335609
-0.02026991888157526
-0.03310916571918035
-0.0367801440859009
-0.033634319568863986
-0.028304262923628355
-0.0179347687538558
-0.007646851881121484
-0.0012195805907216021
0.00741231715213656
0.02423049665278153
0.03931107972651211
0.042334538297991664
0.03075158183477538
0.017616617295406686
0.009255964065200654
0.0034609168268470883
0.005770574049242095
0.010806952425140084
0.022863057211178126
0.021451769972416674
0.014698189493863856
0.010763104627982032
-0.0033456888947805824
-0.02326584511530441
-0.03169583904799294
-0.03260032732890436
-0.025986447971529523
-0.007628496989287881
0.009212116268042605
0.024645521151463547
0.027349808548281014
0.012327349298690175
-0.006112178980589702
-0.02083484166356503
-0.027584343277265933
-0.03319380216485752
-0.04093446793757297
-0.046714219432731866
-0.04896983169583905
-0.04983761019308326
-0.03766933662361765
-0.028154364640320596
-0.014271948116839083
0.007543860543610712
0.017205671661576584
0.022928319048808717
0.028431727450250594
0.036499722127331956
0.04275364166152559
0.05007928293555903
0.05511974017630893
0.05066052117695645
0.028962999597212092
0.012582278351934657
0.002288243181922471
0.0017549316025350144
0.004997629159804826
0.0049731559706933555
0.004757995849755013
0.0032447369896957674
0.005341273523578389
0.01745244298511724
0.03906022953811954
0.04919009039784228
0.043837599995921135
0.021236609851478332
0.001277704414861344
-0.012876976337485278
-0.017883782943206906
-0.010093151076055533
0.001066623158774913
0.007530604232842
0.0034303253404577502
-0.009645495658558222
-0.024920844528967586
-0.037576542448236654
-0.051362085931485266
-0.059777803837192105
-0.062289364869756746
-0.057539526749705555
-0.050674797203938145
-0.048621088751000595
-0.0478491635777763
-0.04286581044495317
-0.0299929129723198
-0.018069371293968888
-0.010858957952001957
-0.009834143157959139
-0.011718578719542351
-0.012505799635961311
-8.851136728648416E-4
0.02039636369198452
0.032475921950921055
0.0322199731814636
0.02249290022586714
0.008358613797780077
0.0035159815023478964
0.010029928670850901
0.020373929935299007
0.03491406341615128
0.044090489616739656
0.047114967904432196
0.04685188112148389
0.044646234952812634
0.03756940443474581
0.03168564188586316
0.024764827948381966
0.015894316611686967
0.012639382459861419
0.015815798463287668
0.022673389995564234
0.02390010859977668
0.018095883915506313
0.005813402130187168
-0.006497631709095358
-0.013683571861950818
-0.023724717411144475
-0.03466423294397169
-0.039598639698571886
-0.03657518112709233
-0.027865784952047844
-0.019290991317116445
-0.013470451173438432
-0.010063579305879174
-0.004874243498034497
9.126460106152458E-4
0.0021383448986147155
0.0019211453452504166
0.001192048252971198
-0.0022678488576629123
-0.0040003467035124125
-0.01114753764027471
-0.01857413081939296
-0.01921961118220799
-0.010684586479582732
-0.0013939520631408278
0.002850106815273309
0.0058368556030856614
0.005284169415651624
0.006372206614899073
0.014649243115640916
0.03268496377458153
0.044229171021704664
0.043354254510969595
0.02970025441919514
0.012206003069345802
0.004918091295192548
8.025166596136295E-4
2.773628099299965E-4
-0.0014000703604186953
-0.008905181687936248
-0.018344694671472928
-0.023023152656615663
-0.024716901286372002
-0.028685636787282098
-0.036029632953149135
-0.0421530288120816
-0.04362957788847364
-0.04321659282221758
-0.04045928018232526
-0.03809965686549433
-0.040511285709187134
-0.04002692050802262
-0.02963907144641646
-0.014142444157790887
-0.002806259018115258
0.0020832802231139074
0.00281543646403206
0.007782474137447547
0.01583925193618616
0.025268567757593063
0.033082653097642925
0.03687803684234677
0.027135668143555648
0.009227412011237272
0.0018711792508144982
8.677784972442169E-4
0.007726389745733762
0.012188667893725176
0.013182891201378657
0.015630210112525682
0.019330760249422586
0.020471822691744888
0.023537089627956538
0.024741374475483472
0.015240678519168115
8.545221864755038E-4
-0.007187979585281416
-0.007694778543131446
-0.0097158560772537
-0.010470446074857368
-0.011817491192201211
-0.01098132389755931
-0.002059826750215415
0.010403144804800823
0.014969434006515986
0.009181524781653265
0.002202587020032325
-0.0010166570643389944
-0.0021046942635864437
-0.0030724049497024976
-0.0011451413071742133
3.905513095705465E-4
-0.0032569735842515025
-0.00921313598425558
-0.017228105418262096
-0.020198538746666803
-0.01605645148955046
-0.006400758668862455
0.0063548714392784485
0.012562903743888076
0.0146869726155211
0.015712807125776895
0.011390230098963458
0.0043725431212493565
0.003778048569083224
0.0062284266288691855
0.008104704460748574
0.006012246791717865
-7.749843218632255E-4
-0.01003604696812877
-0.017125114080751326
-0.0192145126011431
-0.018338576374195063
-0.010317488642910677
-7.443928354738875E-4
0.003733181055712195
8.789953755869741E-4
-0.0067821325325162
-0.01443612242712853
-0.01921961118220799
-0.018519066143892156
-0.01132496826133287
-0.0038891976362978183
-2.9979656661551087E-4
0.0010574457128581115
5.904156873142204E-4
0.0021291674526979143
0.005446304293515115
0.00974032926636517
0.014473851927008714
0.0165163435016035
0.01906257488540939
0.022112546078426373
0.027780128790157697
0.027510923709931523
0.022333824496642583
0.010539786777339867
-0.006541479506253409
-0.016317498840072806
-0.018071410726394847
-0.015417089424013297
-0.009998317468248585
-0.002033314128677989
0.003998307271086457
0.010383770196754242
0.015364064180938445
0.020302549800390552
0.02232158790208685
0.021811729795597885
0.017475896458015734
0.013470451173438432
0.012664875365185868
0.010687645628221665
0.007615240678519168
4.089062014041492E-4
-0.00622638719644323
-0.014276026981690995
-0.02288243181922471
-0.027589441858330826
-0.029651308040972196
-0.026849127887708848
-0.021845380430626154
-0.015614914369331016
-0.00935181738922058
-0.008483019175763386
-0.009331423064961021
-0.009445631280814548
-0.006861670397128479
-0.004295044689063034
-0.0037892654474259812
-0.008394303865234305
-0.016093161273217662
-0.01869853619737627
-0.017696155160018965
-0.008644134337413898
-4.7722718767367043E-4
0.002723662004864046
7.923194974838502E-4
-0.0011502398882391029
0.005174040064650007
0.017509547093044003
0.028354229018064274
0.03473663279509312
0.03755920727261603
0.034638740038647246
0.023653337276236024
0.011327007693758826
0.005041476956962877
-0.00616214507502562
-0.022041165943517918
-0.03352011135301045
-0.03453472898492349
-0.028948723570230404
-0.015066307046748889
0.0023076177899690516
0.009693422320568185
0.013798799794017325
0.014184252522522981
0.012105051164260985
0.0098637149281355
0.007575471746213029
0.007823262785966664
0.008655351215756654
0.007151269801614211
0.004298103837701967
0.004509185093788398
0.003469074556550912
-0.0013674394416034017
-0.006508848587438116
-0.008237267568435704
-0.008615582283450515
-0.010826327033186665
-0.012451754676673482
-0.011962290894444075
-0.007873228880402584
-8.647193486052831E-4
0.004267512351312629
0.007426593179118251
0.012281462069106167
0.01567711705832267
0.014651282548066873
0.010262423967409869
0.007917076677560635
0.01116793196453427
0.01597079532766031
0.020620701258839667
0.02234402165877236
0.01757990751173948
0.0048446717278581375
-0.010603009182544497
-0.0247678870970209
-0.033726094028032
-0.03344057348839818
-0.024130564463909696
-0.01216623413703966
-0.0017875625213503081
0.0066954566544130765
0.011334145707249672
0.014551350359195034
0.01575563520672197
0.013092136458423621
0.009714836361040721
0.00688104500517506
0.007159427531318034
0.010642778114850636
0.01410165550927177
0.015212126465204732
0.013584659389291959
0.009918779603636308
0.005804224684270367
0.002557448262148644
-1.529574319466892E-5
-0.0013409268200659755
-0.004908913849275746
-0.007591787205620676
-0.007987437096256112
-0.003157041395379666
0.009025508201067643
0.016304242529304094
0.01643374648835229
0.012149918677632014
0.005846033049002462
-9.870852941626345E-4
-0.006684239776070319
-0.011393289247602393
-0.017943946199772604
-0.022530629725747323
-0.023279101426073125
-0.021556800742353402
-0.022362376550605967
-0.024642462002824612
-0.02463022540826888
-0.02046060581340213
-0.01475019502072573
-0.00841571790570684
-0.0023361698439324334
0.003226382097862165
0.004458199283139502
0.0041726787435056815
0.00553196045540526
0.004213467392024799
-4.384779715805091E-5
-0.010963988721938685
-0.0195979258972228
-0.02383178761350716
-0.025371559095103833
-0.02169446243110542
-0.01291470583736546
-0.0040635691087170436
0.0015846389949677004
0.006055074872662937
0.008891925377167535
0.010533668480061998
0.011243390964294636
0.013031973201857922
0.013699887321358465
0.012926942431921195
0.009673027996308628
0.005816461278826102
0.002978591058108528
-7.015647545288145E-4
-0.004908913849275746
-0.007911978096495745
-0.006667924316662672
-0.0034293056242447727
0.002468732951619564
0.009093829187337163
0.013548969321837733
0.013509200389531592
0.010651955560767437
0.0038402512580748777
-0.006686279208496276
-0.013894653118037248
-0.0173943191609775
-0.016981334094721436
-0.012706683729917963
-0.00580320496805739
-4.282808094507298E-4
0.0017702273457296832
0.001431681563021011
-0.003296742516557642
-0.008704297593979594
-0.012784182162104286
-0.010446992601958874
-0.004242019445988182
-8.259701325121219E-5
0.003941203163159693
0.004714148052596962
0.00491197299791468
0.005977576440476615
0.008516669810791657
0.011396348396241325
0.015147884343787124
0.017621715876471575
0.01795924194296727
0.01334400636302917
0.007360311625274686
0.0027756675317259206
-7.290970922792186E-4
-8.320884297899893E-4
-3.365063502827163E-5
0.0010329725237466412
0.0015938164408845017
0.002199527871393391
0.0014683913466882166
-2.0802210744749733E-4
0.0010584654290710896
0.005390219901801328
0.007577511178638984
0.008439171378605333
0.003997287554873478
-0.0031182921792865044
-0.006942227977953735
-0.008114901622878352
-0.008141414244415779
-0.007928293555903392
-0.008954128066159188
-0.010686625912008687
-0.009752565860920905
-0.004408233188703584
-2.946979855506212E-4
-3.365063502827163E-5
-2.753233775040406E-5
0.001109451239719986
0.004952761646433797
0.006017345372782754
0.004683556566207624
8.820545242259079E-4
-0.0018314103185083591
-0.004194092783978219
-0.0050537135515186125
-0.0024942258569440124
2.5594876945745997E-4
0.005648208103684744
0.007415376300775494
0.008657390648182611
0.008233188703583793
0.007251201990486047
0.005517684428423569
0.004959899659924643
0.008543182432329082
0.013198186944573325
0.018633274359745683
0.02188107049808038
0.024095894112668444
0.025882436917805774
0.028412352842204013
0.02858060601734537
0.02788312012766847
0.026137365971050257
0.018293708860824032
0.00321414550330643
-0.011553384693039927
-0.020482019853874666
-0.025754972391183534
-0.030622077875727186
-0.03505478425354224
-0.03629271973609744
-0.037196188300795886
-0.03828830436489525
-0.03828830436489525
-0.03696777186908883
-0.03474784967343588
-0.03142153538670188
-0.027107116089592265
-0.021908602835830786
-0.01568731422045245
-0.00957819438850168
-0.005812382413974191
-0.0029673741797657713
-0.002797081572198457
-0.003736240204351129
-0.0043021827025538795
-0.002998985382368087
-0.001079879469543626
-0.0012328369014903153
-0.001050307699367266
-8.014969434006516E-4
0.002990827652664263
0.005458540888070849
0.0056155771848694505
0.00976480245547664
0.012942238175115865
0.015841291368612113
0.018445646576557742
0.017229125134475075
0.014525857453870587
0.013055426674756416
0.012735235783881346
0.013898731982889162
0.018064272712904
0.020006832098626953
0.01933891797912641
0.017288268674827797
0.018078548739885687
0.020885827474213924
0.022654015387517653
0.02200547587606369
0.01872300938648774
0.015278408019048298
0.01317575318788781
0.015607776355840168
0.01741879235008897
0.01636950436693468
0.012911646688726528
0.005716529089954265
0.0011339244288314562
6.179480250646244E-4
0.001990486047732916
0.0026043552079456286
0.001237935482555205
9.330403348748043E-4
9.279417538099146E-5
-0.002452417492211917
-0.0049027955519978786
-0.0045448751612426255
-0.004272610932377519
-0.004077845135698735
-0.0017834836564983964
3.2325003951400326E-4
0.002737938031845737
0.0033314128677988915
0.0036628206370167182
0.0014123069549744306
-0.00491197299791468
-0.011983704934916612
-0.016115595029903177
-0.01697929466229548
-0.014754273885577643
-0.008935773174325585
-0.004282808094507299
-0.0017416752917663013
-0.001544870062661561
-3.0591486389337845E-6
6.53638092518852E-4
5.455481739431916E-4
5.220947010446993E-4
4.986412281462069E-4
-0.001534672900531782
-0.006008167926865953
-0.010048283562684503
-0.011883772746044775
-0.013187989782443545
-0.013477589186929278
-0.01131069223435118
-0.009781117914884287
-0.009387507456674807
-0.007266497733680717
-0.0027409971804846713
0.002929644679885588
0.007351134179357884
0.008518709243217612
0.007772276975317768
0.00417879704078355
0.001901770737203836
0.0019823283180290924
0.005929649778466653
0.008765480566758271
0.008879688782611798
0.009277378105673192
0.008905181687936248
0.007856913420994937
0.006486414830752601
0.0048273365522375124
0.0027868844100686777
7.647871597334461E-5
-0.005448343725941071
-0.008565616189014597
-0.009160110741180729
-0.007468401543850346
-0.004815099957681777
-0.004324616459239393
-0.0037892654474259812
-0.0025605074107875776
4.384779715805091E-5
9.921838752275241E-4
0.0016203290624219279
-9.575135239862745E-4
-0.0040441945006704635
-0.00818016346050894
-0.014036393671641183
-0.016328715718415567
-0.017369845971866027
-0.017166922445483422
-0.016982353810934415
-0.01486440323657926
-0.011853181259655439
-0.00931204845691444
-0.005805244400483345
-0.0010411302534504645
0.0043215573106004605
0.007146171220549321
0.009579214104714658
0.010722315979462915
0.008588049945700112
0.007393962260302958
0.008022107447497361
0.010014632927656232
0.011142439059209822
0.009350797673007602
0.006195795710053891
0.0016509205488112657
-0.0022780460197926915
-0.00201801838548332
-0.001676413454135714
-0.001605033319227259
-0.003079542963193343
-0.005860309075984153
-0.005854190778706286
-0.004369483972610422
-0.004456159850713546
-0.003981991811678809
-0.0024146879923317337
-0.002501363870434858
-0.003481311151106647
-0.0037484767989068644
-7.433731192609096E-4
0.001208363712378845
9.442572132175615E-4
0.002231139073995707
0.004818159106320711
0.008330061743816695
0.010902805749160008
0.011735913895162976
0.011687987233153013
0.010458209480301631
0.00816078885246236
0.0054891323744601875
0.0021893307092636116
-0.0012522115095368958
-0.003393615556790545
-0.0013562225632606445
0.002938822125802389
0.0071502500854012324
0.010677448466091886
0.011681868935875145
0.010525510750358173
0.007385804530599134
0.0061142184130156575
0.006559834398087012
0.005355549550560079
0.002596197478241805
-2.100615398734532E-4
-0.0031162527468605486
-0.005727745968297023
-0.006416054412057124
-0.006217209750526429
-0.006453783911937307
-0.007600964651537477
-0.009408921497147343
-0.011334145707249672
-0.011186286856367873
-0.01260981068968506
-0.014409609805591103
-0.016262434164571998
-0.018067331861542933
-0.01682939637898773
-0.014219942589977209
-0.009939173927895867
-0.005653306684749633
-0.003086680976684189
-5.618636333508385E-4
7.698857407983358E-4
0.001578520697689833
0.0021403843310406714
0.0015846389949677004
7.545899976036668E-5
-0.001193067969184176
-0.0017692076295167055
-0.003357925489336318
-0.003736240204351129
-0.0036974909882579675
-0.0042409997297752034
-0.005539098468896106
-0.00738784396302509
-0.0073766270846823325
-0.006105040967098856
-0.0048344745657283575
-0.002853165963912243
-5.802185251844411E-4
6.923873086120133E-4
0.0028174758964580157
0.00405541137901322
0.005270913104882911
0.006889202734878883
0.005764455751964228
0.004109456338301051
0.0035180209347738527
0.002173015249855965
8.096546731044751E-4
-0.0021067336960123996
-0.004020741027771971
-0.004717207201235896
-0.004983353132823135
-0.0036444657451831152
-0.0031356273549071295
-0.0016244079272738395
-9.39158632152672E-4
8.055758082525633E-5
9.401783483656499E-4
-2.84500823420842E-4
-0.0024462991949340497
-0.005657385549601546
-0.006299806763777641
-0.0038779807579550607
-0.0018966721561389465
-3.6403868803312035E-4
0.0015275348870409365
0.001734537278275456
0.0027940224235595236
0.004848750592710048
0.006814763451331494
0.00827397735210291
0.008245425298139528
0.006508848587438116
0.004021760743984948
0.002467713235406586
4.445962688583767E-4
-9.075474295503561E-4
6.893281599730795E-4
0.0032906242192797743
0.006624076519504622
0.010127821427296783
0.012522115095368958
0.011052704032467765
0.009654673104475025
0.008905181687936248
0.005554394212090775
0.004783488755079461
0.003965676352271162
0.0022943614792003382
0.002397352816711109
0.0019711114396863353
0.00196397342619549
0.002260710844172067
0.0030611880713597404
0.004962958808563576
0.004259354621608806
0.002174034966068943
-5.730805116935957E-4
-0.0037219641773694376
-0.005099600781102619
-0.0069799574778339184
-0.007789612150938394
-0.00645786277678922
-0.004594841255678545
-0.0018354891833602708
-2.4473189111470274E-4
0.0012165214420826684
0.0017824639402854185
0.0013266507930842846
0.001590757292245568
8.402461594938128E-4
1.0910963478863831E-4
2.0394324259558564E-5
4.1604421489499467E-4
-2.212784182162104E-4
-0.003492528029449404
-0.005927610346040696
-0.009537405739982562
-0.013044209796413657
-0.015504785018329399
-0.016363386069656816
-0.014670657156113454
-0.012284521217745101
-0.00992795704955311
-0.006888183018665905
-0.002939841842015367
8.973502674205767E-5
0.0030081628282848886
0.004054391662800243
0.0032906242192797743
0.002768529518235075
0.0016254276434868177
0.0022841643170705595
0.002671656478002172
0.0032202638005842973
0.0027195831400121345
0.0013582619956866004
0.002218902479439972
2.661459315872393E-4
-0.0019170664803985049
-0.001520396873550091
-4.1298506625606096E-4
4.5581314720113394E-4
7.862012002059827E-4
0.001604013603014281
0.001377636603733181
0.0010839583343955376
0.001307276185037704
0.002938822125802389
0.004990491146313981
0.008100625595896662
0.012049986488760179
0.014835851182615876
0.014304579035654377
0.013514298970596483
0.013419465362789535
0.013540811592133908
0.015325314964845283
0.01836406927951951
0.020586030907598415
0.021744428525541343
0.02360439089801308
0.023224036750572313
0.022788617927630737
0.021623082296196965
0.021353877215970794
0.022662173117221476
0.023152656615663857
0.021855577592755936
0.020111862868563677
0.016431707055926337
0.013890574253185338
0.01362340860538512
0.010202260710844173
0.006171322520942421
0.0015927967246715238
-0.0048273365522375124
-0.010191043832501414
-0.015209067316565798
-0.0174911922012104
-0.01811831767219183
-0.019641773694380853
-0.02107039610876293
-0.02213294040268593
-0.022611187306572578
-0.021583313363890827
-0.019021786236890274
-0.015741359179740278
-0.012884114350976122
-0.010393967358884022
-0.00788954433981023
-0.004528559701834979
-0.0014092478063354966
-2.3249529655896764E-4
-8.484038891976363E-4
-0.0019721311558993132
-0.0027817858290037885
-0.0028052393019022803
-0.004022780460197927
-0.00442964722917612
-0.005209730132104235
-0.007599944935324499
-0.010068677886944063
-0.011904167070304334
-0.012340605609458887
-0.012143800380354147
-0.011652297165698785
-0.01142388073399173
-0.011934758556693672
-0.013113550498896157
-0.013339927498177258
-0.012574120622230832
-0.010294035170012187
-0.009880030387543147
-0.010489820682903949
-0.011348421734231362
-0.010899746600521074
-0.010418440547995494
-0.011825648921905033
-0.012251890298929808
-0.012282481785319144
-0.01133006684239776
-0.009339580794664844
-0.006756639627191753
-0.0029235263826077203
-1.0910963478863831E-4
0.0017661484808777716
0.004698852309402293
0.006098922669820988
0.007216531639244798
0.007563235151657293
0.006899399897008662
0.008227070406305924
0.007268537166106672
0.005942906089235366
0.004045214216883441
0.0022617305603850448
0.0018008188321190213
0.0011961271178231097
0.0034384830701615736
0.003819856933815319
0.00622638719644323
0.006667924316662672
0.007314424395690679
0.009104026349466944
0.010163511494751011
0.013338907781964279
0.014356584562516251
0.013907909428805963
0.012422182906497123
0.01073557229023163
0.009147874146624994
0.00958329296956657
0.009830064293107229
0.00891843799870496
0.009279417538099147
0.008816466377407168
0.007989476528682067
0.007136993774632519
0.006778053667664289
0.006012246791717865
0.007176762706938659
0.008267859054825043
0.006678121478792452
0.007496953597813729
0.004952761646433797
0.002569684856704379
0.001590757292245568
4.0584705276521546E-4
0.0013939520631408278
0.0018507849265549396
0.0014571744683454595
0.0015673038193470756
8.08634956891497E-4
-3.089740125323122E-4
-0.0018803566967312997
-0.0036954515558320117
-0.005375943874819638
-0.005882742832669668
-0.005750179724982538
-0.005710410792676398
-0.00642829100661286
-0.007324621557820458
-0.009077513727929516
-0.011043526586550962
-0.012556785446610208
-0.014225041171042098
-0.015148904060000102
-0.01767576083575941
-0.020331101854353932
-0.021307989986386788
-0.01965401028893659
-0.0189096174534627
-0.017874605497290103
-0.015520080761524068
-0.012456853257738371
-0.0113096725181382
-0.010533668480061998
-0.009108105214318854
-0.007828361367031555
-0.005996951048523196
-0.0062478012369157655
-0.005937807508170476
-0.00720531476090204
-0.008141414244415779
-0.006609800492522931
-0.006195795710053891
-0.0038545272850565686
-0.0018201934401656018
-2.6920508022617304E-4
0.0016784528865616698
0.002576822870195225
0.0039514003252894715
0.004132909811199543
0.004676418552716779
0.003850448420204657
0.0019517368316397546
0.0015418109140226273
9.891247265885904E-4
5.914354035271984E-5
1.7845033727113742E-4
7.749843218632255E-5
0.0020792013582619957
0.005291307429142469
0.006510888019864072
0.008862353606991174
0.011476905977066583
0.01483993004746779
0.018055095266987196
0.01973252843733589
0.019725390423845045
0.019861012680171108
0.020020088409395665
0.01789499982154966
0.017657405943925803
0.016560191298761552
0.015148904060000102
0.014220962306190186
0.010546924790830711
0.009270240092182344
0.006828019762100207
0.004877302646673431
0.004766153579458837
0.0034843702997455804
0.003506804056431095
0.004222644837941601
0.006913675923990353
0.008065955244655412
0.00887459020154691
0.009345699091942711
0.008782815742378896
0.007574452030000051
0.0054014367801440855
0.003052010625442939
9.962627400794358E-4
2.518699046055483E-4
-9.78927564458811E-4
-7.188999301494393E-4
-0.0020842999393268853
-0.003153982246740732
-0.003641406596544182
-0.005633932076703054
-0.005909255454207094
-0.005582946266054156
-0.005278051118373757
-0.004445962688583768
-0.004824277403598578
-0.0054401859962372465
-0.005785869792436765
-0.00567981930628706
-0.0037749894204442904
-0.0028776391530237135
-4.4969484992326636E-4
0.0010197162129779282
0.0012817832797132557
-6.271254709814258E-4
-0.0039636369198452065
-0.005833796454446727
-0.00828315479801971
-0.009653653388262047
-0.010300153467290053
-0.01084264249259431
-0.011421841301565774
-0.012576160054656789
-0.01261898813560186
-0.011853181259655439
-0.009796413658078956
-0.007457184665507589
-0.005644129238832832
-0.004868125200756629
-0.0038830793390199504
-0.002173015249855965
-0.0029021123421351836
-0.0034201281783279715
-0.0032722693274461717
-0.0036883135423411663
-0.004568328634141119
-0.004982333416610157
-0.004468396445269281
-0.0024952455731569903
-3.0591486389337845E-4
7.494914165387772E-4
0.0014826673736699075
3.6505840424609827E-4
3.018359990414667E-4
6.434409303890726E-4
4.201230797469064E-4
0.0011145498207848754
0.0013266507930842846
3.936104582094803E-4
1.295039590481969E-4
-1.590757292245568E-4
-1.4479970224286578E-4
-5.618636333508385E-4
-0.001987426899093982
-0.002282124884644603
-0.0020904182366047524
-0.0019486776830008208
-0.002100615398734532
-0.0035853222048303954
-0.004304222134979835
-0.0026512621537426134
-0.0015101997114203118
0.0011583976179429262
0.002582941167473092
0.004023800176410905
0.0063671080338341835
0.007656029327038285
0.00926820065975639
0.009864734644348477
0.009654673104475025
0.008600286540255846
0.008729790499304044
0.007711094002539093
0.007355213044209797
0.004989471430101002
2.804219585689303E-4
-0.0024055105464149324
-0.004393957161721892
-0.004280768662081343
-0.0038259752310931864
-0.0017661484808777716
-0.0013827351847980707
-7.81102619141093E-4
7.586688624555786E-4
0.001649900832598288
0.002668597329363238
0.0012307974690643595
8.677784972442169E-4
-0.001208363712378845
-0.0020679844799192386
-0.002680833923918973
-0.003819856933815319
-0.0035424941238853228
-0.004120673216643808
-0.005841954184150551
-0.006246781520702789
-0.006480296533474734
-0.005664523563092391
-0.004076825419485757
-0.0030397740308872037
5.496270387951033E-4
0.004020741027771971
0.006807625437840649
0.008723672202026175
0.009121361525087569
0.009276358389460213
0.009418098943064146
0.00911014464674481
0.009180505065440287
0.00932734420010911
0.010997639356966956
0.0104041645210138
0.008618641432089449
0.007912997812708723
0.006089745223904187
0.003038754314674226
2.13120688512387E-4
-0.0020934773852436866
-0.004135968959838477
-0.0047590155659679905
-0.004892598389868099
-0.004862006903478762
-0.004623393309641927
-0.0033752606649569425
-0.0023575838844049697
-0.001111490672145942
2.1617983715132078E-4
3.2325003951400326E-4
-4.884440660164276E-4
-0.0012267186042124478
7.821223353540709E-4
0.0020730830609841278
0.0017967399672671094
0.0021832124119857445
0.0015387517653836936
-4.843652011645159E-4
-0.0014000703604186953
-0.003054050057868895
-0.0033874972595126776
-0.003977912946826897
-0.00497621511933229
-0.004949702497794864
-0.005711430508889376
-0.005524822441914415
-0.004357247378054687
-0.002170975817430009
-8.045560920395854E-4
-0.001253231225749874
-0.0017304584134235441
-0.0011808313746284407
3.752555663758776E-4
0.0035588095832929695
0.004845691444071115
0.005066969862287326
0.005582946266054156
0.004761054998393946
0.005285189131864602
0.005704292495398531
0.005521763293275481
0.004521421688344134
0.0028766194368107356
0.0021699561012170315
0.00221482361458806
0.0023331106952934996
0.0032447369896957674
0.003056089490294851
0.0018028582645449771
0.002330051546654566
0.0035465729887372345
0.005527881590553349
0.005329036929022653
0.0057246868196580885
0.004422509215685274
0.0024473189111470276
6.750521329913885E-4
1.407208373909541E-4
-0.0017977596834800873
-0.004820198538746667
-0.006124415575145437
-0.008070034109507324
-0.007170644409660791
-0.008665548377886433
-0.010388868777819133
-0.010140058021852518
-0.00843203336511449
-0.0047763507415886156
-0.001532633468105826
0.0013164536309545052
0.0032131257870934514
0.005920472332549851
0.007564254867870272
0.00831782514926096
0.008507492364874854
0.007888524623597253
0.006422172709334992
0.0051434485782606695
0.0035720658940616825
0.0028745800043847797
0.0015642446707081418
-4.5377371477517804E-4
-0.0029796107743215064
-0.0047151677688099395
-0.004962958808563576
-0.006866768978193369
-0.005319859483105851
-0.0046499059311793526
-0.004536717431538802
-0.006149908480469884
-0.007287911774153253
-0.008288253379084601
-0.009224352862598338
-0.00957309580743679
-0.00953842545619554
-0.010043184981619616
-0.012497641906257488
-0.014639045953511138
-0.01702416217566651
-0.01665910377142041
-0.01908704807452086
-0.018837217602341267
-0.01881988242672064
-0.01801940519953297
-0.017174060458974266
-0.01719649421565978
-0.015406892261883517
-0.01349594407876288
-0.00993713449546991
-0.006869828126832302
-0.004456159850713546
-0.0022974206278392724
0.0012705664013704986
0.003803541474407672
0.006036719980829335
0.007847735975078134
0.010087032778777665
0.010898726884308096
0.011228095221099967
0.01331851345770472
0.014447339305471285
0.01593714469263204
0.016368484650721705
0.0146869726155211
0.013107432201618288
0.010927278938271478
0.010737611722657584
0.011128163032228132
0.011233193802164858
0.011198523450923608
0.011220957207609121
0.010915042343715745
0.011386151234111547
0.011447334206890224
0.011869496719063085
0.01344189911947505
0.013448017416752918
0.014809338561078451
0.015304920640585725
0.013680512713311886
0.012133603218224367
0.010745769452361408
0.010074796184221932
0.009778058766245355
0.010141077738065496
0.010047263846471526
0.0079140175289217
0.007145151504336342
0.005957182116217056
0.004829375984663467
0.004179816756996528
0.0023810373573034623
9.707698347549876E-4
7.025844707417925E-4
-8.810348080129299E-4
-4.986412281462069E-4
-0.0013847746172240265
-0.001717202102654831
-0.002330051546654566
-0.0038443301229267894
-0.00520769069967828
-0.007007489815584323
-0.006793349410858958
-0.008197498636129565
-0.010365415304920638
-0.012588396649212524
-0.013314434592852809
-0.015744418328379212
-0.015579224301876788
-0.014832792033976944
-0.014906211601311354
-0.014273987549265038
-0.013518377835448394
-0.013894653118037248
-0.014295401589737576
-0.013974190982649529
-0.014214844008912318
-0.012573100906017855
-0.010895667735669164
-0.008994916714678305
-0.008771598864036138
-0.007593826638046632
-0.007120678315224872
-0.004906874416849791
-0.003903473663279509
-0.0030061233958589323
-0.001394971779353806
-3.8545272850565684E-4
-1.631545940764685E-5
-0.0010462288345153543
-4.8028633631260414E-4
-8.392264432808349E-4
0.0010707020236268247
0.001748813305257147
0.0018711792508144982
0.0018191737239526239
-5.4044959287830194E-5
-7.739646056502475E-4
-0.0023422881412103014
-0.0022535728306812214
-5.669622144157281E-4
-7.627477273074903E-4
-5.414693090912798E-4
5.812382413974191E-5
3.9564989063543615E-4
0.0018150948591007122
0.0016274670759127735
0.004156363284098035
0.006749501613700907
0.0075662943002962274
0.008587030229487133
0.008727751066878087
0.009518031131935981
0.008953108349946209
0.009274318957034258
0.00822503097387997
0.00842081648677173
0.0076856010972146446
0.006338555979870802
0.007669285637806998
0.007132914909780608
0.006725028424589437
0.006312043358333376
0.00590619630556816
0.006045897426746136
0.005304563739911183
0.006177440818220289
0.0067821325325162
0.006924892802333111
0.006658746870745871
0.005520743577062503
0.003407891583772236
0.0021770941147078765
0.0024575160732768072
0.0020526887367245694
0.0017161823864418533
0.0018966721561389465
0.0031050358685177915
0.004290965824211122
0.003957518622567339
0.005512585847358679
0.006213130885674516
0.005820540143678015
0.006938149113101824
0.006951405423870537
0.0071563683826791
0.006779073383877266
0.007057455910020241
0.006873906991684214
0.006438488168742639
0.006021424237634666
0.005838895035511617
0.006149908480469884
0.005015984051638428
0.004369483972610422
0.004571387782780051
0.004415371202194429
0.004543855445029649
0.004477573891186083
0.0035292378131166094
0.0014612533331973712
-2.508501883925703E-4
-0.002121009722994091
-0.0037229838935824155
-0.006244742088276832
-0.007807967042771996
-0.008216873244176146
-0.01057241769615516
-0.010632580952720856
-0.010300153467290053
-0.01053876706112689
-0.011291317626304599
-0.012266166325911498
-0.012736255500094324
-0.012999342283042628
-0.011943936002610471
-0.012197845339641977
-0.013130885674516783
-0.013901791131528094
-0.015324295248632306
-0.01530186149194679
-0.015777049247194506
-0.015052031019767197
-0.012933060729199064
-0.012814773648493623
-0.011561542422743749
-0.0107692229252599
-0.009146854430412016
-0.0077121137187520705
-0.006200894291118782
-0.0040635691087170436
-0.001233856617703293
2.7124451265212894E-4
5.873565386752866E-4
0.00201291980441843
0.0011165892532108313
0.00187525811566641
0.002599256626880739
0.002927605247459632
0.003165199125083489
0.0030601683551467625
0.002965334747339815
0.0030061233958589323
0.0015265151708279585
2.3861359383683522E-4
-9.238628889580029E-4
-0.0017131232378029193
-0.001746773872831191
-0.0020720633447711503
-0.0012389551987681828
-8.779756593739962E-4
-4.343991067285974E-4
-5.96533984592088E-4
2.967374179765771E-4
-5.435087415172358E-4
-8.025166596136295E-4
-9.717895509679655E-4
-0.0010166570643389944
-1.2542509419628516E-4
5.057792416370524E-4
0.0013042170363987702
0.001447997022428658
0.0016937486297563388
0.0015530277923653845
0.0018936130075000127
0.002811357599180148
0.003986070676530721
0.0038433104067138115
0.00425221660811796
0.0039514003252894715
0.004285867243146233
0.004539776580177736
0.004272610932377519
0.0038545272850565686
0.0024666935191936085
0.0016937486297563388
-3.97689323061392E-5
-6.118297277867569E-4
-3.2325003951400326E-4
-0.0020608464664283927
-0.003450719664717309
-0.005027200929981186
-0.007505111327517552
-0.008724691918239153
-0.009244747186857898
-0.008954128066159188
-0.008752224255989557
-0.008545221864755039
-0.007724350313307806
-0.006891242167304839
-0.006036719980829335
-0.006011227075504886
-0.005797086670779521
-0.004652965079818286
-0.003610815110154844
-0.0035924602183212413
-0.003823935798667231
-0.0036454854613960936
-0.002501363870434858
-0.0014357604278729228
5.098581064889641E-5
0.0018354891833602708
0.004507145661362443
0.006977918045407963
0.00877057914782316
0.010116604548954026
0.011762426516700402
0.012145839812780102
0.01306256468824726
0.014259711522283348
0.014323953643700957
0.014146523022642797
0.012493563041405578
0.012563923460101054
0.011724697016820218
0.010441894020893985
0.010476564372135233
0.010256305670132002
0.010129860859722738
0.010236931062085421
0.010026869522211969
0.008233188703583793
0.007563235151657293
0.007923194974838501
0.007823262785966664
0.007623398408222991
0.007703955989048247
0.007591787205620676
0.00778655300229946
0.006425231857973925
0.005033319227259053
0.005322918631744785
0.004667241106799978
0.004546914593668581
0.005090423335185818
0.005336174942513498
0.005323938347957764
0.00533515522630052
0.00534025380736541
0.005474856347478497
0.005241341334706551
0.005200552686187433
0.005493211239312098
0.00510367964595453
0.0038698230282512374
0.003293683367918708
0.0032539144356125687
0.001079879469543626
7.81102619141093E-4
4.6091172826602354E-4
-9.38138915939694E-4
-0.002269888290088868
-0.004111495770727006
-0.004714148052596962
-0.008081250987850081
-0.009269220375969367
-0.010498998128820748
-0.011077177221579233
-0.010988461911050153
-0.011716539287116395
-0.010545905074617733
-0.010034007535702813
-0.009432374970045836
-0.009136657268282238
-0.009141755849347127
-0.009135637552069259
-0.009030606782132532
-0.00913053897100437
-0.009147874146624994
-0.009161130457393706
-0.00914073613313415
-0.009324285051470175
-0.009347738524368668
-0.008956167498585143
-0.010893628303243207
-0.01176752509776529
-0.011667592908893454
-0.011854200975868416
-0.011684928084514079
-0.011977586637638746
-0.012697506284001162
-0.013524496132726261
-0.013174733471674832
-0.013174733471674832
-0.012074459677871647
-0.0119011079216654
-0.010823267884547731
-0.008787914323443785
-0.006906537910499507
-0.005276011685947801
-0.003971794649549031
-0.0017284189809975883
-7.158407815105055E-4
0.0017814442240724406
0.0037749894204442904
0.0056369912253419864
0.006365068601408228
0.007355213044209797
0.009504774821167268
0.010406203953439757
0.0113790132206207
0.01120158259956254
0.011864398137998194
0.012574120622230832
0.01239872943359863
0.012952435337245645
0.01340213018716891
0.013838568726323464
0.012857601729438697
0.01184706296237757
0.011568680436234597
0.010246108508002222
0.007838558529161335
0.006056094588875916
0.0034547985295692208
0.001546909495087517
4.782469038866483E-4
-0.0011716539287116394
-0.0010992540775902066
-0.002020057817909276
-0.0015407911978096494
-0.0024320231679523584
-0.0018640412373236528
-0.0011471807396001691
-2.6920508022617304E-4
0.0014000703604186953
0.001876277831879388
0.004625432742067882
0.005897018859651359
0.005427949401681512
0.006143790183192018
0.0065180260333549175
0.006249840669341721
0.006763777640682598
0.006724008708376459
0.006710752397607746
0.00635895030413036
0.00484773087649707
0.003686274109915211
0.003991169257595611
0.0032019089087506948
0.0019007510209908584
0.0013806957523721148
-5.700213630546619E-4
-0.0027165239913732007
-0.004556092039585383
-0.006439507884955617
-0.00763869415141766
-0.008325982878964782
-0.009125440389939479
-0.008680844121081104
-0.009232510592302162
-0.009187643078931133
-0.008962285795863011
-0.009313068173127418
-0.009184583930292199
-0.008941891471603453
-0.008395323581447284
-0.007360311625274686
-0.006672003181514585
-0.006681180627431386
-0.006591445600689329
-0.00567981930628706
-0.004378661418527223
-0.003152962530527754
-0.0013256310768713067
-9.687304023290317E-4
3.630189718201424E-4
0.0015775009814768548
0.0030917795577490785
0.0041900139191263066
0.0046203341610029924
0.006198854858692825
0.006141750750766061
0.005983694737754483
0.005512585847358679
0.0038555470012695465
0.0035690067454227487
0.0036373277316922702
0.0035486124211631903
0.0036393671641182256
0.0036046968128769763
0.004375602269888291
0.004096200027532338
0.0034864097321715367
0.0036526234748869386
0.0035343363941814994
0.0036301897182014244
0.003551671569802124
0.003747457082693886
0.0035863419210433733
0.0038718624606771937
0.0038779807579550607
0.003676076947785431
0.003647524893822049
0.0037607133934625995
0.003450719664717309
0.0033161171246042223
0.003576144758913594
0.002391234519433242
0.0016254276434868177
0.0011573779017299485
6.179480250646244E-4
-2.4167274247576898E-4
-0.0015387517653836936
-0.0012848424283521895
3.0591486389337845E-6
1.4683913466882165E-4
5.047595254240745E-4
7.647871597334462E-4
9.972824562924137E-4
9.259023213839589E-4
0.001008499334635171
9.014291322724886E-4
0.0010707020236268247
9.22843172745025E-4
9.024488484854665E-4
-2.84500823420842E-4
-0.0016009544543753474
-0.0013154339147415275
-0.0034129901648371256
-0.003961597487419251
-0.004485731620889906
-0.005126113402640045
-0.0053504509694951895
-0.004791646484783285
-0.005427949401681512
-0.005174040064650007
-0.004831415417089424
-0.0065180260333549175
-0.006900419613221641
-0.006951405423870537
-0.00718594015285546
-0.00648233596590069
-0.006110139548163746
-0.005973497575624703
-0.005536039320257173
-0.0060244833862736005
-0.006269215277388302
-0.0060948438049690775
-0.005587025130906069
-0.005307622888550116
-0.0054401859962372465
-0.004845691444071115
-0.004271591216164541
-0.004568328634141119
-0.004251196891904983
-0.004140047824690388
-0.002840929369356508
-0.0024330428841653367
-0.0021057139797994217
-0.003074444382128454
-0.002347386722275191
-0.002062885898854349
-0.002513600464990593
-0.0015642446707081418
-0.0018803566967312997
-0.0012307974690643595
-0.0011777722259895072
-8.402461594938128E-4
-1.0808991857566039E-4
-2.926585531246654E-4
-8.993896998465327E-4
-6.087705791478231E-4
-6.638352546486313E-4
-6.087705791478231E-4
-2.4167274247576898E-4
-0.0011685947800727057
-0.001010538767061127
-6.036719980829334E-4
-5.424890253042579E-4
-0.0010594851452840673
-0.0016519402650242438
-0.001375597171307225
-0.0011961271178231097
-6.730127005654327E-4
7.698857407983358E-4
0.001106392091081052
0.0011104709559329638
8.504433216235921E-4
7.423534030479317E-4
9.432374970045836E-4
0.0011451413071742133
0.001163496199007816
0.002959216450061948
0.003892256784936752
0.004361326242906599
0.0056808390225000375
0.005217887861808059
0.0061896774127760245
0.00645276419572433
0.006515986600928961
0.005985734170180439
0.005754258589834449
0.004998648876017804
0.004163501297588881
0.003985050960317743
0.0038820596228069724
0.00403603677096664
0.003680155812637343
0.0038779807579550607
0.0040707071222078894
0.004045214216883441
0.003993208690021567
0.0028266533423748166
0.0029000729097092277
0.0036852543937022325
0.003985050960317743
0.004115574635578918
0.003994228406234545
0.005184237226779786
0.005283149699438646
0.005706331927824486
0.006211091453248561
0.006926932234759067
0.0078120459076239076
0.008143453676841734
0.00885929445835224
0.00922333314638536
0.009432374970045836
0.009128499538578413
0.009419118659277123
0.00952924801027874
0.00992693733334013
0.01081816930348284
0.011995941529472347
0.012192746758577087
0.012298797244726791
0.012246791717864917
0.010782479236028613
0.009181524781653265
0.007750862934845232
0.006670983465301606
0.0050221023489162965
0.003450719664717309
0.002334130411506478
8.851136728648416E-4
-4.170639311079726E-4
-0.0015173377249111573
-0.0025299159243982396
-0.003593479934534219
-0.004691714295911448
-0.0056349517929160315
-0.006999332085880499
-0.008610483702385626
-0.010274660561965606
-0.011251548693998461
-0.012797438472872999
-0.01331851345770472
-0.013508180673318614
-0.013372558416992551
-0.013445977984326962
-0.013127826525877849
-0.01201021755645404
-0.011315790815416069
-0.010425578561486338
-0.011333125991036695
-0.01038071104811531
-0.010122722846231893
-0.008863373323204152
-0.007675403935084865
-0.007911978096495745
-0.007015647545288146
-0.006402798101288411
-0.005332096077661587
-0.005356569266773057
-0.004998648876017804
-0.0051046993621675085
-0.005379003023458571
-0.005190355524057655
-0.005002727740869716
-0.0066179582222267545
-0.006945287126592669
-0.005276011685947801
-0.005358608699199013
-0.004829375984663467
-0.005059831848796479
-0.003848408987778701
-0.002669617045576216
-0.00309585842260099
-0.0023331106952934996
-0.0018609820886847188
-3.752555663758776E-4
7.025844707417925E-4
0.002570704572917357
0.0026981690995395977
0.0038657441633993257
0.005268873672456955
0.006891242167304839
0.008118980487730264
0.007979279366552289
0.008386146135530482
0.009379349726970984
0.009865754360561457
0.009318166754192309
0.010221635318890752
0.008639035756349007
0.007569353448935161
0.006124415575145437
0.005778731778945919
0.006627135668143555
0.006416054412057124
0.007236925963504357
0.00822503097387997
0.007400080557580824
0.007402119990006781
0.006419113560696058
0.005402456496357064
0.004559151188224317
0.002803199869476325
0.0017273992647846104
-5.506467550080812E-5
-0.001521416589763069
-0.0018854552777961891
-0.0025115610325646374
-0.002997965666155109
-0.0030754640983414313
-0.0038586061499084803
-0.005102659929741553
-0.005447324009728092
-0.006276353290879148
-0.007457184665507589
-0.008293351960149489
-0.008634956891497096
-0.008922516863556872
-0.00901735047136382
-0.009241688038218964
-0.009074454579290582
-0.00910096720082801
-0.008773638296462093
-0.008041482055543942
-0.00793849071803317
-0.007618299827158102
-0.007327680706459392
-0.006610820208735908
-0.006292668750286795
-0.00628043215573106
-0.006578189289920614
-0.005755278306047427
-0.005154665456603427
-0.004659083377096154
-0.004168599878653771
-0.0036454854613960936
-0.0029163883691168744
-0.0027481351939755163
-0.0023229135331637204
-0.0023677810465347494
-0.0029612558824879034
-0.0020017029260756733
-0.0020271958314001214
-0.0021699561012170315
-0.002358603600617948
-0.0016998669270342063
-5.088383902759862E-4
-8.65739064818261E-4
1.0197162129779283E-4
6.52618376305874E-4
0.0020924576690307087
0.0018252920212304916
0.0024350823165912925
0.004469416161482259
0.004431686661602076
0.0057807712113718745
0.007078869950492778
0.007847735975078134
0.009370172281054183
0.009593490131696348
0.01037051388598553
0.010800834127862216
0.01123625295080379
0.012056104786038045
0.012013276705092973
0.012694447135362228
0.013386834443974241
0.013915047442296808
0.014759372466642533
0.014624769926529446
0.014725721831614262
0.014914369331015177
0.012666914797611825
0.011510556612094854
0.010452091183023765
0.008424895351623643
0.006554735817022123
0.004014622730494103
0.0019395002370840193
7.851814839930048E-4
-0.001051327415580244
-0.0022851840332835374
-0.004004425568364324
-0.0046305313231327725
-0.005409594509847909
-0.006539440073827454
-0.006887163302452926
-0.007317483544329613
-0.007047258747890461
-0.0069972926534545435
-0.008452427689374046
-0.008113881906665375
-0.00882462410711099
-0.008000693407024825
-0.00841163904085493
-0.007599944935324499
-0.005926590629827719
-0.006095863521182055
-0.0047202663498748295
-0.004982333416610157
-0.004806942227977954
-0.004866085768330673
-0.004786547903718395
-0.00471006918774505
-0.004538756863964758
-0.004448002121009723
-0.003545553272524256
-0.0036332488668403586
-0.0036628206370167182
-0.003068326084850586
-0.003349767759632494
-0.0028460279504213975
-0.002100615398734532
-0.002076142209623062
-0.001462273049410349
-0.0011665553476467498
4.955820795072731E-4
9.95243023866458E-4
0.001251191793323918
0.0017528921701090586
0.0023167952358858525
0.002917408085329853
0.002972472760830661
0.0033620043541882296
0.0036842346774892546
0.0045428357288166705
0.004745759255199278
0.004636649620410639
0.005815441562613125
0.006522104898206828
0.006595524465541239
0.006983016626472852
0.006707693248968812
0.006786211397368113
0.006755619910978774
0.006813743735118517
0.006944267410379691
0.0059806355891155495
0.006967720883278183
0.006927951950972044
0.0070238052749919695
0.007620339259584058
0.007649911029760417
0.007421494598053361
0.007121698031437851
0.007733527759224607
0.008231149271157836
0.007462283246572478
0.0076417533000565935
0.0072063344771150185
0.006986075775111786
0.007133934625993586
0.006192736561414959
0.006436448736316683
0.005705312211611508
0.005616596901082429
0.004602998985382368
0.0047590155659679905
0.003099937287452902
0.002596197478241805
0.0019293030749542401
4.9966094435918486E-5
-5.078186740630083E-4
-0.0018772975480923658
-0.0031366470711201074
-0.00500068830844376
-0.004784508471292439
-0.006573090708855725
-0.007226728801374577
-0.008245425298139528
-0.009670988563882672
-0.01026752254847476
-0.01178689970581187
-0.013045229512626634
-0.01301259859381134
-0.012732176635242412
-0.014200567981930628
-0.014941901668765582
-0.016047274043633656
-0.016576506758169202
-0.0174728373093768
-0.017784870470548046
-0.01774918040309382
-0.01771858891670448
-0.01737290512050496
-0.01691607225709085
-0.016840613257330484
-0.0164888111638531
-0.015370182478216312
-0.014630888223807315
-0.013887515104546404
-0.011452432787955111
-0.00998608087369285
-0.008626799161793274
-0.006463981074067087
-0.0041706393110797265
-0.0023331106952934996
-0.0010584654290710896
5.384101604523461E-4
0.001573422116624943
0.002694090234687686
0.003806600623046606
0.004860987187265784
0.006850453518785721
0.007127816328715718
0.008546241580968016
0.009707698347549877
0.010128841143509761
0.010979284465133353
0.011703282976347682
0.012136662366863301
0.012238633988161095
0.013497983511188836
0.012264126893485541
0.012305935258217637
0.012597574095129325
0.012434419501052858
0.012634283878796532
0.011614567665818603
0.010658073858045305
0.010114565116528071
0.00953332687513065
0.008498314918958054
0.007726389745733762
0.006920813937481198
0.00559110399575798
0.004375602269888291
0.0026594198834464368
0.001703945791886118
6.067311467218673E-4
-6.077508629348452E-4
-0.0011777722259895072
-0.0018548637914068513
-0.002302519208904162
-0.002069004196132216
-0.00187525811566641
-0.0013603014281125562
-7.831420515670488E-4
-8.259701325121219E-4
-0.0014133266711874083
-0.0022494939658293097
-5.96533984592088E-4
-1.9374608046580637E-4
-5.812382413974191E-4
-5.863368224623087E-4
2.3555444519790143E-4
7.331759571311304E-4
0.0010237950778298399
0.0020363732773169226
0.0021414040472536493
0.0026165918025013637
0.0022270602091437955
0.002468732951619564
0.0021893307092636116
0.0022627502765980227
0.0019476579667878427
7.046239031677483E-4
5.985734170180438E-4
-2.8857968827275364E-4
-9.38138915939694E-4
-0.0023004797764782058
-0.0026665578969372826
-0.0029225066663947424
-0.0039177496902612005
-0.004392937445508915
-0.005052693835305634
-0.004999668592230781
-0.006062212886153783
-0.0069483462752316025
-0.00757955061106494
-0.00817506487944405
-0.009425236956554991
-0.010450051750597808
-0.010815110154843906
-0.010452091183023765
-0.01161558738203158
-0.012603692392407191
-0.012158076407335837
-0.012642441608500353
-0.01339193302503913
-0.013503082092253727
-0.013699887321358465
-0.014270928400626104
-0.013827351847980706
-0.013379696430483397
-0.012311033839282528
-0.011996961245685327
-0.011662494327828564
-0.01037051388598553
-0.009984041441266895
-0.009569016942584878
-0.00901735047136382
-0.007300148368708988
-0.006634273681634401
-0.006103001534672901
-0.0041216929328567855
-0.0030183599904146674
-0.002954117868997058
-0.0014724702115401283
-5.730805116935957E-4
7.270576598532628E-4
0.0013082959012506818
0.0018518046427679177
0.00329266365170573
0.0034313450566707286
0.004276689797229431
0.005332096077661587
0.005879683684030734
0.006110139548163746
0.006944267410379691
0.007892603488449165
0.008713475039896397
0.008964325228288968
0.009440532699749659
0.009638357645067378
0.009571056375010833
0.010373573034624464
0.01098132389755931
0.010445972885745896
0.010130880575935718
0.010704980803842289
0.011148557356487688
0.011209740329266365
0.011053723748680742
0.01127602188310993
0.011904167070304334
0.011854200975868416
0.012552706581758296
0.012851483432160828
0.012971809945292226
0.013872219361351735
0.013590777686569827
0.014417767535294926
0.014110832955188569
0.013989486725844196
0.014280105846542906
0.013789622348100522
0.013709064767275268
0.013817154685850928
0.012517016514304069
0.01201021755645404
0.01165535631433772
0.01078451866845457
0.00997690342777605
0.009280437254312126
0.008384106703104525
0.007808986758984974
0.00598471445396746
0.00507920645684306
0.004942564484304019
0.00309585842260099
0.0024575160732768072
0.0017661484808777716
0.0012144820096567125
0.0014949039682256428
4.3235967430264155E-4
1.6417431028944646E-4
6.597563897967196E-4
-7.545899976036668E-5
4.915032146553614E-4
-1.8966721561389466E-4
-1.4276026981690996E-5
2.4473189111470276E-5
-2.2841643170705593E-4
-2.2535728306812214E-4
-7.056436193807262E-4
-4.211427959598843E-4
2.957177017635992E-5
8.463644567716804E-5
-3.905513095705465E-4
7.95378646122784E-5
2.0598267502154152E-4
-2.1108125608643112E-4
-7.087027680196601E-4
-6.66894403287565E-4
-4.1502449868201674E-4
-0.001035011956172597
-8.08634956891497E-4
-8.565616189014596E-4
-0.0014276026981690994
-0.001224679171786492
-0.0017610498998128822
-0.0026196509511402974
-0.002671656478002172
-0.003734200771925173
-0.003752555663758776
-0.0048518097413489825
-0.004806942227977954
-0.004500007647871598
-0.005206670983465301
-0.00600918764307893
-0.005617616617295406
-0.005094502200037729
-0.004891578673655121
-0.004238960297349248
-0.004342971351072996
-0.005034338943472032
-0.006293688466499772
-0.006224347764017274
-0.006709732681394767
-0.007418435449414428
-0.006822921181035318
-0.006615918789800799
-0.006411975547205213
-0.006521085181993851
-0.006776014235238333
-0.006021424237634666
-0.005821559859890991
-0.0052821299832256675
-0.004832435133302402
-0.00420327022989502
-0.0038881779200848404
-0.002724681721077024
-0.0014408590089378126
-0.001960914277556556
-0.0013144141985285494
-0.0010125781994870828
-2.498304721795924E-4
2.243375668551442E-4
-2.528896208185262E-4
5.302524307485227E-5
7.454125516868654E-4
-1.1012935100161624E-4
-5.832776738233749E-4
-4.272610932377519E-4
-3.079542963193343E-4
-2.2229813442918835E-4
-2.0292352638260773E-4
-4.945623632942952E-4
-0.0013868140496499824
-7.709054570113137E-4
-0.0011186286856367871
-0.001208363712378845
-0.001163496199007816
-7.423534030479317E-4
-8.932714025686651E-4
-0.0011196484018497653
-7.963983623357619E-4
-3.772949988018334E-4
-9.24882605170981E-4
-7.168604977234835E-4
4.741680390347366E-4
3.467035124124956E-4
6.821901464822341E-4
7.127816328715718E-4
0.0015713826841989873
0.0014581941845584372
0.0013399071038529978
0.002243375668551442
0.0018721989670274762
0.002313736087246919
0.0030754640983414313
0.003707688150387747
0.00326819046259426
0.003279407340937017
0.0026186312349273195
0.001878317264305344
0.0014847068060958634
7.138013490845497E-4
-6.169283088516465E-4
-0.0013654000091774458
-0.0015112194276332895
-0.003092799273962056
-0.003539434975246389
-0.004412312053555495
-0.005925570913614741
-0.005472816915052541
-0.0054768957799044525
-0.00630490534484253
-0.00680660572162767
-0.007031963004695793
-0.007406198854858693
-0.008219932392815078
-0.008951068917520254
-0.00928655555158999
-0.009896345846950793
-0.009594509847909327
-0.009184583930292199
-0.009889207833459947
-0.00962714076672462
-0.010200221278418216
-0.010039106116767704
-0.009701580050272008
-0.009090770038698228
-0.009384448308035873
-0.00918866279514411
-0.008987778701187459
-0.00886439303941713
-0.00812101992015622
-0.007866090866911738
-0.00722061050409671
-0.0063671080338341835
-0.005971458143198748
-0.006402798101288411
-0.00582257957610397
-0.004722305782300785
-0.004143106973329322
-0.004424548648111231
-0.0036403868803312036
-0.0028786588692366914
-0.0017579907511739482
-0.0013388873876400197
-0.0012746452662224103
5.414693090912798E-4
9.371191997267161E-4
0.0013980309279927395
0.0023993922491370653
0.0025900791809639378
0.00318457373313007
0.003636308015479292
0.0037749894204442904
0.0036954515558320117
0.004018701595346015
0.004097219743745315
0.004020741027771971
0.0037576542448236653
0.003935084865881825
0.004303202418766857
0.004477573891186083
0.003862685014760392
0.003920808838900134
0.003756634528610688
0.002358603600617948
0.0013694788740293575
-5.271932821095889E-4
-0.001138003293683368
-0.0014785885088179958
-0.0026961296671136423
-0.0035730856102746604
-0.004304222134979835
-0.004552013174733472
-0.005266834240030999
-0.0059051765893551825
-0.005497290104164011
-0.0057685346168161395
-0.006365068601408228
-0.007201235896050129
-0.00667404261394054
-0.006465000790280065
-0.007244063976995202
-0.007343996165867039
-0.006607761060096975
-0.005210749848317213
-0.0052749919697348225
-0.005090423335185818
-0.004930327889748283
-0.004932367322174239
-0.004753916984903101
-0.0037484767989068644
-0.003363024070401207
-0.0029796107743215064
-0.002488107559666145
-0.00184568634549005
1.2542509419628516E-4
5.598242009248826E-4
0.0018711792508144982
0.003053030341655917
0.0038280146635191427
0.004778390174014571
0.005932708927105586
0.006700555235477966
0.007089067112622557
0.007789612150938394
0.008270918203463977
0.009591450699270393
0.01089158887081725
0.011692066098004925
0.01222639739360536
0.01330423743072303
0.013453115997817806
0.015037754992785507
0.015290644613604033
0.015323275532419326
0.015688333936665425
0.016273651042914755
0.017504448511979114
0.01720159279672467
0.017072088837676476
0.01837324672543631
0.018210092131359844
0.017954143361902382
0.019670325748344233
0.019764139639938207
0.020153671233295773
0.019881407004430664
0.020340279300270735
0.019247143519958394
0.0189697807100284
0.019791671977688607
0.01861899833276399
0.019078890344817037
0.019586709018880044
0.019204315439013322
0.019225729479485858
0.01813769228023841
0.018221309009702598
0.018322260914787412
0.016736602203606735
0.016018721989670272
0.01624713842137733
0.015475213248153038
0.01510505626284205
0.015013281803674037
0.014693090912798967
0.014814437142143342
0.013569363646097291
0.01291470583736546
0.012179490447808375
0.011215858626544234
0.011569700152447574
0.0103164689266977
0.009742368698791127
0.009020409620002752
0.008035363758266073
0.007504091611304574
0.006217209750526429
0.00510367964595453
0.0036291700019884464
0.0032457567059087453
0.0015744418328379212
0.0018436469130640942
0.0014806279412439517
3.609795393941866E-4
-0.0011675750638597277
-0.002134266033762804
-0.0025870200323250036
-0.0035373955428204327
-0.003916729974048222
-0.004781449322653506
-0.005272952537308867
-0.006235564642360031
-0.00619171684520198
-0.007003410950732411
-0.008611503418598603
-0.009183564214079221
-0.00961796332080782
-0.010442913737106962
-0.010451071466810787
-0.011470787679788715
-0.013037071782922812
-0.013232857295814575
-0.013388873876400198
-0.014037413387854159
-0.014244415779088679
-0.014105734374123682
-0.014129187847022173
-0.013967052969158681
-0.014167937063115334
-0.014945980533617493
-0.015639387558442484
-0.015163180086981792
-0.016169639989191006
-0.016057471205763434
-0.016146186516292516
-0.016899756797683206
-0.01704353678371309
-0.017359648809736252
-0.01770941147078768
-0.01866794471098693
-0.018880045683286342
-0.018684260170394578
-0.018372227009223332
-0.01911661984469722
-0.018542519616790647
-0.018867809088730605
-0.01983042119378177
-0.019389903789775304
-0.020066995355192647
-0.019934432247505518
-0.02036271305695625
-0.01995176742312614
-0.01863837294081057
-0.01961424135663045
-0.01978555368041074
-0.01925428153344924
-0.018571071670754027
-0.018350812968750796
-0.01850682954933642
-0.018596564576078476
-0.018325320063426347
-0.01795618279432834
-0.017777732457057202
-0.017525862552451654
-0.01725359832358655
-0.017437147241922572
-0.01721790825613232
-0.016201251191793324
-0.016031978300438985
-0.014280105846542906
-0.014215863725125297
-0.013340947214390235
-0.012065282231954848
-0.011302534504647356
-0.010706000520055268
-0.010248147940428179
-0.008512590945939745
-0.007152289517827188
-0.007353173611783841
-0.0073766270846823325
-0.0066638454518107605
-0.005893959711012425
-0.0047641141470328805
-0.004275670081016453
-0.0032019089087506948
-0.0024095894112668445
-0.0020679844799192386
-0.0019966043450107833
-8.52482754049548E-4
-2.0394324259558564E-5
1.2134622934437345E-4
8.535024702625259E-4
0.0015591460896432522
0.001974170588325269
0.0025809017350471365
0.0031366470711201074
0.003427266191818817
0.0036648600694426737
0.003521080083412786
0.004341951634860018
0.004171659027292705
0.005351470685708167
0.005855210494919264
0.005311701753402028
0.005701233346759597
0.005546236482386952
0.006343654560935692
0.006346713709574625
0.00681170430269256
0.006279412439518082
0.007002391234519433
0.006917754788842265
0.006884104153813994
0.00822401125766699
0.007863031718272805
0.008377988405826658
0.008257661892695263
0.008640055472561987
0.009060178552308892
0.009128499538578413
0.010025849805998991
0.010199201562205239
0.011085334951283058
0.011461610233871914
0.011752229354570622
0.011816471475988232
0.012061203367102934
0.012879015769911234
0.012988125404699872
0.013422524511428469
0.01348982578148501
0.013699887321358465
0.014234218616958899
0.014425925264998751
0.014659440277770695
0.014695130345224922
0.015034695844146573
0.01577908867962046
0.015806621017370865
0.01571484655820285
0.015894316611686967
0.015548632815487448
0.015189692708519218
0.015052031019767197
0.014517699724166763
0.014954138263321317
0.014321914211275
0.014202607414356585
0.014954138263321317
0.01565672273406311
0.015731162017610496
0.016146186516292516
0.01614414708386656
0.015598598909923368
0.015699550815008182
0.015351827586382708
0.01577399009855557
0.015744418328379212
0.01614924566493145
0.015323275532419326
0.014906211601311354
0.01554761309927447
0.015969775611447332
0.014358623994942206
0.013359302106223839
0.013606073429764496
0.01339193302503913
0.013588738254143872
0.013366440119714683
0.013539791875920932
0.013044209796413657
0.013227758714749684
0.013626467754024055
0.013279764241611558
0.012558824879036165
0.011537069233632279
0.011113887005246438
0.010603009182544497
0.009159091024967751
0.008631897742858162
0.008388185567956438
0.008364732095057944
0.0072042950446890635
0.005949024386513233
0.005415712807125776
0.004210408243385865
0.0036444657451831152
0.0026339269781219888
0.001403129509057629
3.9870903927436996E-4
-8.157729703823425E-5
-7.52550565177711E-4
-0.0016825317514135814
-0.0023331106952934996
-0.0033467086109935603
-0.004694773444550382
-0.005405515644995997
-0.006528223195484697
-0.006999332085880499
-0.007624418124435969
-0.008056777798738611
-0.0078120459076239076
-0.007955825893653795
-0.007925234407264458
-0.008057797514951589
-0.008639035756349007
-0.00866758781031239
-0.009410960929573298
-0.010259364818770935
-0.010444953169532919
-0.010838563627742399
-0.011189346005006807
-0.01216725385325264
-0.014031295090576292
-0.014545232061917168
-0.01492762564178389
-0.015708728260924985
-0.01590247434139079
-0.016049313476059614
-0.016846731554608353
-0.017662504524990696
-0.018174402063905616
-0.018350812968750796
-0.018345714387685907
-0.017787929619186977
-0.01781240280829845
-0.018687319319033512
-0.018607781454421234
-0.0197967705587535
-0.02027807661127908
-0.020629878704756466
-0.0205635971509129
-0.020524847934819738
-0.02090520208226051
-0.0206237604074786
-0.020343338448909665
-0.020171006408916396
-0.020394324259558564
-0.019994595504071216
-0.019405199532969975
-0.018258018793369805
-0.01843239026578903
-0.01778283103812209
-0.01744326553920044
-0.017450403552691285
-0.016727424757689933
-0.016992550973064197
-0.015379359924133114
-0.01519887015443602
-0.01532633468105826
-0.013164536309545054
-0.010653994993193394
-0.01026752254847476
-0.009539445172408519
-0.00962204218565973
-0.00952924801027874
-0.007104362855817226
-0.005727745968297023
-0.00515364574039045
-0.005154665456603427
-0.004461258431778436
-0.004052352230374287
-0.0036964712720449896
-0.0029123095042649628
-0.0021923898579025453
-0.0013745774550942473
-1.1930679691841761E-4
1.9680522910474015E-4
7.321562409181524E-4
0.0013766168875202032
0.001943579101935931
0.0026624790320853705
0.003464995691699
0.005038417808323943
0.005204631551039346
0.005597222293035848
0.005686957319777906
0.006522104898206828
0.006475197952409844
0.0066903580733481864
0.007742705205141409
0.00811592133909133
0.008435092513753422
0.009032646214558489
0.00943543411868477
0.010536727628700933
0.010782479236028613
0.01056731911509027
0.011449373639316177
0.011596212773985
0.011958212029592165
0.012052025921186134
0.012682210540806493
0.013037071782922812
0.012414025176793297
0.011672691489958344
0.012576160054656789
0.012911646688726528
0.012994243701977739
0.013134964539368693
0.012031631596926575
0.011873575583914995
0.012047947056334222
0.011395328680028348
0.012779083581039396
0.013807977239934125
0.01388445595590747
0.014345367684173493
0.014375959170562832
0.013503082092253727
0.013561205916393466
0.01335318380894597
0.013801858942656259
0.014697169777650879
0.013980309279927397
0.013633605767514899
0.0130238154721541
0.012819872229558512
0.012436458933478813
0.013200226376999281
0.013327690903621521
0.012441557514543702
0.011584995895642243
0.011073098356727323
0.010807972141353062
0.01053876706112689
0.008816466377407168
0.00835249550050221
0.007000351802093478
0.004383759999592114
0.003500685759153227
0.002884777166514559
0.0033681226514660966
0.0037138064476656143
0.005458540888070849
0.005342293239791366
0.004248137743266049
0.0042848475269332545
0.0036271305695624906
0.00446431758041737
0.005383081888310483
0.004810001376616887
0.004418430350833363
0.0023443275736362568
0.0012624086716666752
-5.791988089714631E-4
-0.0023494261547011464
-0.001479608225030974
-0.0022515333982552656
-0.0021046942635864437
-0.003380359246021832
-0.0026971493833266203
-0.0015101997114203118
-0.0018538440751938736
-0.0020802210744749737
-0.004489810485741818
-0.00648233596590069
-0.007193078166346306
-0.006833118343165096
-0.007542840827397735
-0.009290634416441904
-0.009724013806957523
-0.009899404995589728
-0.00951905084814896
-0.009719934942105612
-0.009451749578092417
-0.010476564372135233
-0.012192746758577087
-0.0125802389195087
-0.014755293601790622
-0.014714504953271503
-0.016131910489310824
-0.017391260012338566
-0.017765495862501465
-0.019491875411073094
-0.019669306032131257
-0.01889432171026803
-0.01735556994488434
-0.01700580728383291
-0.01698439324336037
-0.015426266869930098
-0.013997644455548021
-0.012895331229318881
-0.01164006057114305
-0.010402125088587845
-0.009910621873932483
-0.009078533444142495
-0.009003074444382128
-0.008995936430891282
-0.007266497733680717
-0.0062528998179806556
-0.006180499966859223
-0.005384101604523461
-0.004163501297588881
-0.0033569057731233395
-0.003469074556550912
-0.002170975817430009
-5.659424982027502E-4
1.6723345892838022E-4
0.001986407182881004
0.0014826673736699075
0.0032029286249636727
0.0043286953240913055
0.004445962688583768
0.004339912202434063
0.005320879199318829
0.006134612737275216
0.005210749848317213
0.006180499966859223
0.006857591532276567
0.007133934625993586
0.007110481153095093
0.007122717747650829
0.007136993774632519
0.007122717747650829
0.0072889314903662305
0.007095185409900425
0.00681170430269256
0.007000351802093478
0.005565611090433532
0.004592801823252588
0.004580565228696853
0.004438824675092921
0.004475534458760127
0.0044306669453890975
0.004477573891186083
0.004437804958879944
0.0044724753101211935
0.00445921899935248
0.004426588080537187
0.003608775677728888
0.003424207043179883
0.0038779807579550607
0.0033885169757256555
0.0031968103276858047
0.0025880397485379815
0.002020057817909276
0.0018365088995732487
0.0016478614001723322
0.0022841643170705595
0.0019333819398061518
0.0013939520631408278
0.0020353535611039447
0.002519718762268461
0.002442220330082138
6.66894403287565E-4
-8.055758082525633E-5
8.361672946419011E-5
-2.5492905324448206E-5
1.692728913543361E-4
8.259701325121219E-5
-1.631545940764685E-5
-7.025844707417925E-4
-0.0020955168176696425
-9.738289833939213E-4
3.089740125323122E-4
-7.443928354738876E-5
3.5588095832929693E-4
-2.610473505223496E-4
-9.442572132175615E-4
3.467035124124956E-4
1.0197162129779283E-4
6.169283088516465E-4
7.535702813906889E-4
6.617958222226754E-4
0.002467713235406586
0.002959216450061948
0.00397689323061392
0.005090423335185818
0.0050435163893888324
0.004399055742786782
0.005658405265814524
0.005523802725701437
0.005764455751964228
0.005245420199558462
0.003463975975486022
0.0032090469222415398
0.0033446691785676045
0.002972472760830661
0.0025074821677127253
0.0022811051684316253
4.96601795720251E-4
5.924551197401762E-4
3.8851187714459065E-4
6.862690113341457E-4
-4.374582553675312E-4
-0.0022749868711537577
-0.0020220972503352318
-0.002276006587366736
-0.0019191059128244607
-0.003396674705429479
-0.0046009595529564115
-0.004655004512244243
-0.006519045749567895
-0.007319522976755569
-0.007040120734399616
-0.007296069503857076
-0.007070712220788955
-0.006996272937241565
-0.006917754788842265
-0.007219590787883732
-0.006812724018905539
-0.005264794807605043
-0.006074449480709518
-0.004815099957681777
-0.004220605405515645
-0.00471006918774505
-0.004721286066087808
-0.004566289201715162
-0.003954459473928406
-0.0033089791111133773
-0.0029581967338489696
-0.0028266533423748166
-0.0024768906813233873
-0.0017906216699892419
-0.001903810169629792
-0.0016366445218295748
3.660781204590762E-4
8.38206727067857E-4
7.270576598532628E-4
8.208715514472322E-4
0.0018314103185083591
0.00147654907639204
5.55745336072971E-4
0.001079879469543626
0.0010615245777100232
0.0011461610233871914
0.0021985081551804133
0.0010044204697832592
7.515308489647331E-4
0.0011563581855169704
0.002228079925356773
0.003532296961755543
0.0036189728398586672
0.003859625866121458
0.0038392315418618998
0.004027879041262817
0.003987090392743699
0.004142087257116345
0.004108436622088073
0.004154323851672079
0.005296406010207359
0.006081587494200364
0.006491513411817491
0.006490493695604513
0.006063232602366761
0.005573768820137355
0.005425909969255556
0.005916393467697939
0.006093824088756099
0.005911294886633049
0.006122376142719481
0.005468738050200629
0.005285189131864602
0.005873565386752867
0.005528901306766326
0.0060581340213018715
0.004865066052117695
0.003532296961755543
0.003539434975246389
0.0034547985295692208
0.0033681226514660966
0.0026380058429739004
0.0016009544543753474
9.177445916801354E-4
9.636318212641421E-4
-6.923873086120133E-4
-0.002033314128677989
-0.0031855934493430476
-0.00432665589166535
-0.004215506824450756
-0.004371523405036378
-0.0041900139191263066
-0.004431686661602076
-0.0031070753009437473
-0.003466015407911978
-0.002428964019313425
-0.0027981012884114352
-0.0045448751612426255
-0.004033997338540684
-0.004480633039825017
-0.004035017054753662
-0.004817139390107733
-0.005907216021781138
-0.006287570169221906
-0.006859630964702523
-0.006631214532995467
-0.0070554164775942846
-0.007824282502179643
-0.006664865168023738
-0.007093145977474469
-0.007402119990006781
-0.00674338331642304
-0.007191038733920349
-0.007837538812948356
-0.008081250987850081
-0.007910958380282766
-0.0067831522487291785
-0.0068708478430452805
-0.007942569582885082
-0.008323943446538829
-0.0077875727185124375
-0.006763777640682598
-0.00675765934340473
-0.006693417221987121
-0.006719929843524547
-0.0066250962357175995
-0.006626115951930578
-0.006604701911458041
-0.006607761060096975
-0.006640391978912268
-0.006286550453008927
-0.00542896911789449
-0.004718226917448874
-0.003779068285296202
-0.004272610932377519
-0.0035241392320517198
-0.001675393737922736
-0.0011125103883589196
-3.181514584491136E-4
-9.360994835137381E-4
-0.001462273049410349
-6.281451871944037E-4
0.0010849780506085158
0.0015071405627813778
0.0015101997114203118
0.0017712470619426614
0.0022688685738758902
0.0016641768595799787
0.0023688007627477273
0.0042919855404240995
0.004445962688583768
0.0047080297553190945
0.004543855445029649
0.004775331025375637
0.005419791671977689
0.006384443209454809
0.007271596314745606
0.007348075030718951
0.0073205426929685465
0.007416396016988472
0.009577174672288701
0.009950390806238623
0.0099422330765348
0.009946311941386711
0.00996160768458138
0.01020328042705715
0.011035368856847139
0.01249662219004451
0.012749511810863036
0.012048966772547201
0.011949034583675362
0.013050328093691525
0.01287085804020741
0.013174733471674832
0.012943257891328842
0.013411307633085711
0.013357262673797882
0.013310355728000897
0.013134964539368693
0.012736255500094324
0.013080919580080862
0.011855220692081392
0.010968067586790597
0.010520412169293286
0.009960587968368403
0.008624759729367317
0.007923194974838501
0.008120000203943243
0.007314424395690679
0.0062478012369157655
0.0055472561985999294
0.004960919376137621
0.0034547985295692208
0.003305919962474443
0.0028174758964580157
0.001901770737203836
0.0018915735750740569
8.300489973640335E-4
5.322918631744786E-4
3.385457827086722E-4
-2.498304721795924E-4
-2.3147558034598972E-4
-9.626121050511642E-4
-0.0018079568456098665
-0.0017804245078594627
-0.0018232525888045358
-0.001775325926794573
-0.0022076856010972146
-0.003152962530527754
-0.0042216251217286225
-0.004899736403358944
-0.0058103429815482355
-0.0055156449959976135
-0.006169283088516465
-0.006702594667903922
-0.007404159422432737
-0.008004772271876737
-0.00805167921767372
-0.007838558529161335
-0.008481999459550407
-0.008296411108788423
-0.007559156286805382
-0.009202938822125802
-0.009827005144468295
-0.010420479980421447
-0.010479623520774167
-0.010960929573299751
-0.010190024116288436
-0.01007989476528682
-0.010623403506804055
-0.010510215007163506
-0.011298455639795445
-0.011401446977306214
-0.0115176946255857
-0.011205661464414454
-0.01040008565616189
-0.010787577817093504
-0.011327007693758826
-0.011166912248321292
-0.012090775137279294
-0.012374256244487158
-0.011506477747242942
-0.01062646265544299
-0.010290976021373252
-0.009748486996068994
-0.009078533444142495
-0.008575813351144376
-0.00886439303941713
-0.008240326717074637
-0.007306266665986856
-0.007009529248010278
-0.006503750006373227
-0.006898380180795684
-0.006298787047564662
-0.005611498320017539
-0.004486751337102884
-0.004144126689542301
-0.003815778068963407
-0.0027756675317259206
-0.0028623434098290442
-0.0019690720072603795
-0.0011267864153406107
-4.1808364732095055E-5
8.626799161793273E-4
0.0012848424283521895
0.0025931383296028715
0.003634268583053336
0.0040635691087170436
0.005253577929262287
0.005118975389149199
0.005525842158127393
0.006847394370146788
0.005946984954087277
0.006694436938200099
0.007331759571311304
0.007567314016509206
0.007632575854139793
0.008034344042053096
0.008584990797061178
0.008706337026405551
0.008635976607710073
0.008630878026645184
0.008277036500741844
0.008398382730086217
0.00905100110639209
0.008280095649380776
0.008404501027364085
0.008414698189493865
0.008550320445819928
0.008718573620961286
0.008846038147583528
0.0094986565238894
0.009403822916082454
0.008602325972681802
0.008587030229487133
0.008866432471843086
0.008302529406066291
0.0074082382872846485
0.006177440818220289
0.006321220804250177
0.006036719980829335
0.006450724763298373
0.005118975389149199
0.0036424263127571594
0.003693412123406056
0.003734200771925173
0.0035027251915791834
0.0033742409487439646
0.00297757134189555
0.0019058496020557477
0.002056767601576481
0.0016111516165051266
0.001050307699367266
0.0012175411582956463
3.26309188152937E-4
-0.001704965508099096
-0.0013205324958064169
-0.001617269913782994
-0.0012399749149811607
-0.0020781816420490174
-0.0029949065175161747
-0.0035465729887372345
-0.0041023183248102045
-0.003958538338780317
-0.004143106973329322
-0.003991169257595611
-0.004161461865162926
-0.003920808838900134
-0.00475493670111608
-0.005101640213528575
-0.005926590629827719
-0.006451744479511351
-0.0065496372359572326
-0.006779073383877266
-0.006618977938439732
-0.006751541046126863
-0.006942227977953735
-0.006793349410858958
-0.006640391978912268
-0.006777033951451311
-0.006641411695125246
-0.006797428275710869
-0.006601642762819107
-0.005456501455644894
-0.004889539241229166
-0.004040115635818552
-0.0033742409487439646
-0.0035944996507471967
-0.0026777747752800393
-0.0016876303324784713
-0.0016091121840791707
-9.809669968847668E-4
4.527539985622001E-4
0.0010299133751077074
0.0010717217398398026
9.146854430412016E-4
0.0017997991159060432
0.002480969546175299
0.002415707708544712
0.0023443275736362568
0.002954117868997058
0.0023830767897294186
0.0022749868711537577
0.002203606736245303
0.0012267186042124478
0.001092116064099361
0.0011339244288314562
0.0016580585623021111
0.002682873356344929
0.001532633468105826
0.0020669647637062607
0.002624749532205187
0.002732839450780848
0.0033334523002248474
0.002386135938368352
0.001960914277556556
9.310009024488485E-4
9.493557942824512E-4
8.626799161793273E-4
8.810348080129299E-4
9.360994835137381E-4
5.445284577302137E-4
-5.343312956004344E-4
-0.0013368479552140638
-0.0012063242799528892
-5.200552686187434E-4
-7.148210652975276E-4
-0.0016111516165051266
-0.0014969434006515986
-0.0022107447497361483
-0.0032416778410568337
-0.0017906216699892419
-0.0015275348870409365
-0.0014714504953271504
-0.0011125103883589196
-7.994575109746958E-4
-0.001508160278994356
-0.0020985759663085762
-0.0019649931424084678
-0.0025248173433333504
-0.002112851993290267
-0.0016488811163853099
-0.0013082959012506818
-3.619992556071645E-4
7.647871597334461E-5
-8.80015091799952E-4
-0.0012664875365185869
-9.534346591343629E-4
-0.0015948361570974799
-0.001391912630714872
-6.791309978433002E-4
5.180158361927876E-4
9.687304023290317E-4
0.0016448022515333982
0.0015254954546149806
0.0012664875365185869
0.0018314103185083591
0.0011961271178231097
2.7634309371701854E-4
7.341956733441082E-5
8.38206727067857E-4
9.809669968847668E-4
-3.5078237726440727E-4
-5.139369713408758E-4
-5.567650522859489E-4
2.0904182366047528E-4
0.0010564259966451336
7.974180785487399E-4
0.0015540475085783626
5.322918631744786E-4
7.270576598532628E-4
0.0011849102394803524
9.870852941626345E-4
-2.345347289849235E-5
-5.506467550080812E-4
-4.5581314720113394E-4
-3.8749216093161273E-4
2.1617983715132078E-4
-3.2732890436591494E-4
-9.881050103756125E-4
-0.0011267864153406107
8.269898487250998E-4
0.0015795404139028106
0.0016142107651440603
0.001858942656258763
0.002584980599899048
0.0025737637215562906
0.0019333819398061518
0.0023320909790805217
0.0022617305603850448
0.002545211667592909
0.0025360342216761075
0.0027787266803648543
0.0027797463965778322
0.002927605247459632
0.0029826699229604397
0.00304181346331316
0.0030336557336093366
0.0031335879224811732
0.003106055584730769
0.0030978978550269456
0.003166218841296467
0.0026482030051036796
0.0020710436285581724
6.934070248249912E-4
3.823935798667231E-4
4.3847797158050913E-4
3.150923098101798E-4
3.2936833679187084E-4
2.6308678294830547E-4
2.9979656661551087E-4
2.426924586887469E-4
2.8857968827275364E-4
2.3657416141087935E-4
2.9979656661551087E-4
3.609795393941866E-4
3.324274854308046E-4
3.9463017442245823E-4
1.6825317514135817E-4
-1.692728913543361E-4
-9.299811862358706E-4
-0.0019711114396863353
-0.001743714724192257
-9.728092671809434E-4
-0.0010370513885985528
-2.4371217490172482E-4
-7.698857407983358E-4
-0.001265467820305609
-0.001604013603014281
-0.0014612533331973712
-0.0014581941845584372
-0.002443240046295116
-0.0016784528865616698
-0.001277704414861344
-0.0017641090484518157
-0.0012420143474071166
1.1930679691841761E-4
1.774306210581595E-4
1.1216878342757209E-5
-9.055079971244002E-4
-0.0015744418328379212
-0.001946638250574865
-0.0015642446707081418
-0.0017243401161456766
-0.0015958558733104576
-0.0015856587111806784
-0.001704965508099096
-0.001420464684678254
-0.0021964687227544574
-0.0023167952358858525
-0.0024024513977759987
-0.0023453472898492347
-0.0023993922491370653
-0.002365741614108793
-0.0023871556545813303
-0.0024208062896096017
-0.0020904182366047524
-0.001479608225030974
-0.001479608225030974
-8.096546731044751E-4
3.028557152544447E-4
2.0700239123451944E-4
-1.4377998602988786E-4
-2.2943614792003385E-4
3.2121060708804736E-4
4.1808364732095055E-5
3.252894719399591E-4
2.2331785064216627E-4
8.891925377167534E-4
0.0023208741007377646
0.0030622077875727184
0.0032029286249636727
0.0027481351939755163
0.002914348936690919
0.002827673058587795
0.0028327716396526845
0.0029061912069870957
0.0027206028562251124
0.003081582395619299
0.0011257666991276328
0.0016957880621822946
0.002972472760830661
0.002768529518235075
0.0026522818699555913
0.002296400911626294
0.0029867487878123514
0.002624749532205187
0.002843988517995442
0.002687971937409819
0.002742016896697649
0.002680833923918973
0.0026991888157525757
0.0025758031539822464
0.0026900113698357744
0.0026624790320853705
0.0025819214512601144
0.0026043552079456286
0.0026206706673532754
0.00272672115350298
0.002286203749496515
0.002827673058587795
0.0016560191298761555
9.452769294305395E-4
6.169283088516465E-4
-2.171995533642987E-4
-3.864724447186348E-4
-1.6417431028944646E-4
8.157729703823426E-6
-0.0012430340636200945
-0.0015683235355600537
-0.001111490672145942
-0.0015825995625417446
-0.002707346545456399
-0.003150923098101798
-0.003562888448144881
-0.0039687355009100965
-0.0038820596228069724
-0.004648886214966375
-0.0050537135515186125
-0.00537492415860666
-0.006937129396888846
-0.00618661826413709
-0.007260379436402849
-0.006337536263657823
-0.0048273365522375124
-0.005584985698480113
-0.005449363442154048
-0.006324279952889111
-0.006282471588157015
-0.0073694890711914875
-0.006572070992642748
-0.005021082632703319
-0.005236242753641661
-0.00491197299791468
-0.005368805861328792
-0.003981991811678809
-0.003686274109915211
-0.0033161171246042223
-0.0024799498299623215
-0.0024850484110272106
-0.002544191951379931
-0.0011543187530910146
1.1522793206650589E-4
9.993218887183697E-5
7.138013490845498E-6
4.1604421489499467E-4
0.0010819189019695818
0.0017997991159060432
0.0029673741797657713
0.0025635665594265114
0.002797081572198457
0.002555408829722688
0.003146844233249886
0.0030153008417757336
0.0024779103975363656
0.0033038805300484877
0.003564927880570837
0.004348069932137886
0.005119995105362178
0.004836513998154314
0.005284169415651624
0.0050537135515186125
0.004330734756517261
0.003960577771206273
0.004780429606440527
0.004801843646913063
0.004120673216643808
0.0035955193669601746
0.003332432584011869
0.002998985382368087
0.002602315775519673
0.0027226422886510683
0.003028557152544447
0.002883757450301581
0.002938822125802389
0.0027797463965778322
0.0026522818699555913
0.002668597329363238
0.00283990965314353
0.002530935640611218
0.001691709197330383
0.0027318197345678696
0.0026063946403715845
0.002769549234448053
0.0026920508022617307
0.0030081628282848886
0.003242697557269812
0.0025870200323250036
0.002925565815033676
0.0026787944914930173
0.0030448726119520937
0.002569684856704379
0.002455476640850851
0.0019690720072603795
2.100615398734532E-4
7.719251732242917E-4
8.687982134571948E-4
5.312721469615006E-4
2.661459315872393E-4
2.3861359383683522E-4
3.395654989216501E-4
4.201230797469064E-4
4.5581314720113394E-4
5.904156873142204E-4
-6.750521329913885E-4
-7.780434705021592E-4
-8.014969434006516E-4
-0.001703945791886118
-0.0018385483319992046
-0.001846706061703028
-0.0018803566967312997
-0.0017732864943686172
-0.0020965365338826204
-0.00247587096511041
-0.0023096572223950075
-0.0021179505743551567
-0.0018252920212304916
-0.0028307322072267287
-0.0026329072619090104
-0.0022974206278392724
-0.003197830043898783
-0.0034568379619951766
-0.0032090469222415398
-0.0032029286249636727
-0.003000005098581065
-0.0031295090576292615
-0.0029439207068672787
-0.0030509909092299612
-0.0028460279504213975
-0.0033905564081516113
-0.0036169334074327114
-0.0021607786553002302
-0.0024830089786012552
-0.0022331785064216626
-0.002907210923200073
-0.002803199869476325
-0.002107753412225378
-0.002497285005582946
-0.002695109950900664
-0.0028195153288839716
-0.0029479995717191904
-0.0025401130865280192
-0.0026002763430937165
-0.0034843702997455804
-0.002924546098820698
-0.002972472760830661
-0.002701228248178532
-0.0025717242891303348
-0.0031988497601117606
-0.002480969546175299
-0.0028654025584679784
-0.0029153686529038965
-0.0027940224235595236
-0.0017569710349609703
-0.0018212131563785797
-0.002353505019553058
-0.0015040814141424443
-0.0015948361570974799
-0.001176752509776529
-0.0013857943334370044
-2.743036612910627E-4
0.0010482682669413102
2.3351501277194556E-4
-2.6206706673532755E-4
0.001051327415580244
0.0010686625912008688
0.0010034007535702813
0.001138003293683368
0.0015591460896432522
0.0014826673736699075
0.00201801838548332
0.002056767601576481
0.0015509883599394286
0.0024952455731569903
0.0023545247357660364
0.0027624112209572076
0.0027654703695961414
0.0033599649217622733
0.003550651853589146
0.002567645424278423
0.0037545950961847315
0.004507145661362443
0.003954459473928406
0.003648544610035027
0.0035588095832929695
0.004799804214487108
0.004729443795791631
0.0041216929328567855
0.003848408987778701
0.002824613909948861
0.0026869522211968406
0.002602315775519673
0.0026930705184747086
0.0026074143565845624
0.0026930705184747086
0.0026084340727975403
0.0026930705184747086
0.0026135326538624304
0.002642084707825812
0.0017090443729510076
5.791988089714631E-4
3.997287554873479E-4
-7.341956733441082E-5
2.9163883691168746E-4
-0.0012022454151009775
-0.0011961271178231097
1.1012935100161624E-4
-6.934070248249912E-4
-0.001111490672145942
-5.730805116935957E-4
-8.259701325121219E-4
-7.902800650578944E-4
-0.0022178827632269938
-0.002543172235166953
-0.0023514655871271026
-0.002569684856704379
-0.0024819892623882773
-0.0025900791809639378
-0.0025594876945745997
-0.0025166596136295266
-0.002187291276837656
-0.0026645184645113264
-0.0023004797764782058
-0.0022372573712735743
-0.0023789979248775065
-0.0023331106952934996
-0.002329031830441588
-0.00221482361458806
-0.002480969546175299
-0.00247587096511041
-0.002314755803459897
-0.0020792013582619957
-0.0021546603580223623
-0.002062885898854349
-0.0019976240612237612
-0.0014551350359195037
-0.001547929211300495
-0.0020802210744749737
-0.0018772975480923658
-0.0012950395904819689
-7.484717003257993E-4
-6.546578087318299E-4
1.335828239001086E-4
6.087705791478231E-4
6.730127005654327E-4
8.759362269480403E-4
0.001050307699367266
8.80015091799952E-4
0.0010146176319130386
9.299811862358706E-4
0.0010135979157000607
9.034685646984444E-4
9.564938077732966E-4
0.0010625442939230013
6.872887275471237E-4
7.066633355937041E-4
0.001634605089403619
0.002203606736245303
0.0024136682761187562
0.001957855128917622
0.0021057139797994217
0.003137666787333085
0.0020965365338826204
0.002586000316112026
0.0026002763430937165
0.0018212131563785797
0.002649222721316657
0.002707346545456399
0.0028919151800054044
0.0028592842611901105
0.002260710844172067
0.00133378880657513
0.0011257666991276328
0.001092116064099361
0.0018548637914068513
