-10.18
-8.873
-8.314
-8.315
-7.195
-7.382
-7.948
-6.64
-6.823
-8.134
-7.208
-9.085
-7.207
-7.208
-7.21
-5.354
-4.968
-4.611
-2.36
-2.158
-1.252
1.365
1.757
4.353
6.244
6.242
5.505
6.039
6.238
4.164
3.675
1.713
1.4
2.762
-2.66
-2.752
-2.754
-3.84
-4.637
-6.731
-4.494
-7.251
-7.605
-8.556
-9.236
-10.414
-11.725
-9.831
-11.052
-9.24
-9.31
-6.784
-6.145
-4.865
-3.557
-2.783
-1.345
-0.541
1.642
1.701
2.042
3.879
5.78
6.184
6.183
6.181
5.84
4.53
3.932
2.132
1.684
-0.862
-3.145
-4.979
-6.889
-8.199
-8.427
-8.281
-7.307
-6.789
-6.188
-6.19
-6.191
-6.193
-6.194
-6.712
-7.32
-7.321
-7.323
-7.324
-6.999
-5.692
-4.384
-3.077
-0.696
0.797
3.414
5.52
7.524
7.491
6.181
5.992
4.362
1.742
-0.184
-3.254
-3.983
-5.237
-6.548
-6.851
-5.544
-4.236
-2.929
-0.372
1.617
2.616
3.859
4.73
3.918
3.854
3.852
3.354
2.727
1.855
0.545
0.356
-0.956
-2.762
-4.022
-4.025
-2.975
-2.674
-0.667
0.311
2.925
4.677
5.982
7.174
6.87
5.558
4.246
2.934
0.575
-1.035
-4.37
-6.166
-8.116
-7.714
-7.452
-6.332
-6.335
-5.858
-5.219
-4.368
-4.103
-2.775
-0.742
-0.268
1.038
2.344
2.613
2.61
2.319
1.007
0.356
-1.342
-1.895
-1.899
-1.617
-0.782
0.53
2.3
4.637
6.034
7.34
8.646
9.297
9.294
9.291
9.105
6.484
4.328
1.714
-2.217
-6.146
-8.689
-9.242
-10.94
-10.943
-10.946
-9.928
-8.622
-7.315
-6.009
-4.703
-2.566
-0.969
0.256
0.789
2.495
2.492
1.661
0.349
0.239
0.236
0.233
0.868
1.35
0.336
0.222
0.219
-0.232
-1.544
-2.034
-2.037
-2.04
-2.302
-3.613
-4.293
-4.296
-4.299
-4.233
-2.927
-1.621
-0.315
0.991
2.297
4.66
4.657
4.655
3.401
2.404
0.405
0.029
-2.094
-2.967
-4.345
-5.156
-6.468
-6.598
-6.601
-6.603
-5.988
-5.487
-5.49
-5.551
-6.368
-5.497
-5.498
-4.673
-4.373
-3.0
0.667
3.296
5.924
8.552
10.141
12.578
14.192
15.839
15.84
15.841
15.841
13.598
12.949
9.807
7.281
4.172
-1.948
-5.953
-9.893
-12.751
-14.796
-16.499
-16.697
-16.512
-15.198
-13.317
-10.688
-8.06
-5.45
-3.926
-2.098
-1.506
-0.191
-0.824
0.151
0.152
0.153
0.154
0.154
2.153
3.591
4.906
6.22
6.894
7.727
6.994
6.897
6.898
6.423
5.11
5.513
6.828
6.902
7.213
8.026
7.337
6.91
4.765
2.142
-0.481
-2.579
-3.889
-6.106
-8.729
-11.353
-13.976
-16.599
-19.222
-21.846
-23.344
-24.461
-23.688
-22.208
-19.903
-16.916
-13.135
-9.408
-6.367
-2.422
2.315
5.607
10.483
13.358
16.434
17.125
17.129
16.125
14.815
13.506
12.196
11.538
11.542
11.546
11.446
10.432
10.436
10.44
9.566
9.326
8.064
6.753
5.971
5.251
3.022
2.616
2.438
1.502
0.936
-1.139
-1.853
-4.122
-5.655
-7.453
-8.058
-8.567
-9.56
-10.806
-10.803
-10.801
-10.798
-10.795
-10.792
-10.896
-12.21
-13.523
-15.524
-16.391
-16.388
-15.263
-15.26
-14.725
-12.679
-10.045
-7.41
-3.653
-1.397
1.066
3.485
5.764
7.214
7.217
7.22
7.223
7.225
7.228
7.231
7.233
7.236
7.239
7.241
7.244
8.479
9.494
10.49
11.745
11.747
13.905
14.295
16.245
16.248
16.25
16.253
16.256
12.515
9.123
3.862
-0.631
-4.576
-8.488
-11.117
-12.905
-12.903
-12.092
-10.773
-8.259
-5.893
-4.578
-3.917
-3.071
-3.838
-4.145
-6.166
-7.166
-9.799
-12.432
-12.905
-13.877
-12.907
-12.37
-10.323
-6.766
-3.938
-0.184
2.067
3.394
4.72
5.041
3.918
3.625
2.297
0.968
0.546
0.545
0.157
-1.702
-1.703
-1.704
-1.705
-1.706
-2.308
-3.953
-3.954
-5.785
-6.201
-6.203
-6.204
-6.205
-6.206
-6.207
-4.982
-3.656
-2.33
0.433
3.491
7.272
11.252
15.233
18.594
20.422
20.719
20.493
17.838
15.182
12.526
8.939
7.215
4.56
2.751
2.749
2.747
2.746
1.501
0.497
-0.565
-3.222
-3.998
-6.245
-6.474
-7.803
-8.495
-8.497
-8.499
-9.623
-9.959
-10.749
-10.751
-10.753
-10.786
-11.879
-11.881
-11.237
-10.762
-10.764
-8.384
-7.058
-5.733
-4.408
-4.039
-5.202
-6.776
-8.983
-10.312
-11.641
-11.907
-10.641
-8.964
-6.312
-2.899
0.116
2.769
5.674
8.739
10.726
13.379
13.888
15.009
15.007
15.005
15.003
15.001
13.877
13.353
11.628
10.28
8.496
7.161
4.522
2.64
2.638
1.825
2.546
2.651
3.303
4.91
4.916
4.923
4.888
3.309
0.65
-3.355
-7.796
-10.694
-12.988
-12.981
-11.768
-9.909
-7.545
-4.873
-2.2
-0.061
2.022
3.741
4.996
3.67
2.344
1.018
-1.192
-1.662
-3.9
-3.894
-3.887
-3.88
-1.825
-1.622
-0.97
0.637
0.643
-0.304
-1.588
-1.581
-1.574
-1.567
-1.561
-1.554
-0.242
0.704
0.711
1.532
1.847
3.089
4.106
4.112
4.119
3.172
2.926
0.52
-1.27
-3.928
-5.701
-8.116
-8.524
-10.784
-12.105
-12.611
-12.598
-11.238
-8.883
-5.937
-2.08
1.552
3.193
3.205
2.755
1.435
-1.653
-3.45
-5.71
-5.697
-5.684
-4.858
-2.488
0.079
1.424
3.303
5.982
7.706
7.971
10.145
10.158
9.497
8.177
7.951
5.537
3.827
1.779
1.268
-0.748
-0.951
-0.938
-0.925
-1.635
-2.952
-3.163
-5.81
-8.457
-10.466
-11.783
-12.047
-12.173
-13.49
-13.699
-13.88
-14.228
-14.27
-15.062
-13.72
-11.699
-9.911
-8.569
-3.859
-1.749
0.469
2.08
4.749
6.201
7.841
10.509
12.461
12.875
15.138
16.477
17.39
17.399
17.407
16.368
15.902
14.307
17.441
16.19
13.339
14.051
12.729
11.407
9.414
6.762
4.111
3.704
1.813
0.646
-0.415
-2.413
-3.854
-4.879
-5.374
-6.696
-7.099
-9.335
-9.326
-9.737
-10.432
-11.258
-11.537
-11.529
-11.52
-11.512
-11.503
-11.495
-11.486
-11.478
-11.469
-10.794
-10.33
-9.24
-9.024
-7.31
-5.224
-2.306
-0.302
2.242
4.33
4.835
4.757
4.343
4.346
1.897
0.569
-1.38
-2.379
-2.377
-1.13
0.203
2.073
4.735
7.401
9.985
10.492
13.16
15.155
16.49
17.826
17.674
16.736
16.739
15.927
15.621
15.624
15.626
15.629
14.144
11.481
8.775
5.032
2.368
0.379
-1.836
-4.499
-6.98
-8.31
-9.037
-9.035
-9.032
-8.805
-6.137
-4.002
-2.667
-0.378
0.0040
1.339
1.748
0.418
-0.029
-2.215
-2.451
-3.781
-4.508
-5.32
-6.65
-8.991
-9.633
-11.764
-13.097
-14.432
-14.601
-14.602
-15.066
-15.727
-15.728
-15.729
-15.731
-15.732
-15.13
-14.612
-14.613
-13.604
-14.615
-14.083
-13.495
-13.496
-12.333
-11.001
-8.744
-5.42
-1.872
2.126
5.001
8.606
10.667
12.812
15.477
18.141
20.483
21.815
22.403
20.494
18.949
16.283
14.079
12.745
12.294
12.293
14.719
15.658
15.657
14.028
12.386
9.817
7.473
6.672
7.414
8.746
11.242
13.654
15.449
17.44
17.888
17.886
15.276
12.216
8.819
5.339
-0.709
-3.896
-8.583
-12.317
-16.162
-19.783
-22.577
-24.164
-25.905
-25.906
-24.14
-21.475
-18.811
-16.147
-13.482
-11.632
-9.276
-6.836
-6.192
-4.594
-4.595
-4.597
-4.64
-5.975
-6.846
-7.521
-8.855
-9.095
-10.219
-10.613
-11.344
-12.973
-14.615
-14.715
-14.071
-11.94
-9.865
-8.155
-5.701
-4.117
-1.452
-0.135
1.631
2.107
2.106
2.89
4.348
4.346
4.345
6.589
7.233
9.364
11.439
14.103
15.645
18.057
20.777
24.761
27.426
30.092
32.757
35.03
35.156
32.196
28.197
24.198
20.2
15.668
11.08
7.081
3.082
-0.916
-4.452
-7.791
-10.906
-13.572
-14.933
-15.873
-15.873
-15.874
-15.874
-15.762
-14.429
-13.096
-11.764
-11.385
-9.14
-8.888
-8.018
-7.345
-6.896
-5.802
-5.956
-7.288
-8.618
-10.755
-12.401
-13.731
-15.061
-15.876
-15.876
-15.877
-15.846
-13.186
-10.526
-7.227
-3.237
1.806
6.987
10.631
13.291
15.951
18.611
21.27
24.193
27.713
29.018
29.902
31.232
31.083
29.753
28.422
26.291
24.639
21.998
18.008
14.017
9.31
4.914
-0.199
-4.189
-8.18
-12.171
-14.48
-16.859
-18.13
-18.13
-18.131
-18.131
-17.168
-15.887
-15.374
-13.643
-13.643
-11.884
-11.399
-8.982
-7.272
-3.437
1.088
4.074
6.823
10.516
12.672
13.291
13.29
11.037
8.377
5.716
2.429
-0.727
-3.388
-7.17
-9.831
-12.491
-15.152
-17.812
-19.307
-20.386
-20.845
-21.509
-21.51
-21.51
-21.51
-21.885
-22.633
-22.634
-20.639
-20.224
-17.855
-16.027
-13.367
-10.707
-8.047
-5.181
-1.605
1.055
3.714
4.301
6.545
6.875
8.204
8.789
7.836
7.628
6.544
6.09
5.421
4.552
4.298
3.336
4.297
4.297
5.865
6.541
9.985
11.315
12.152
11.452
10.122
8.791
7.662
7.253
7.77
8.783
9.814
11.027
11.351
13.213
14.394
14.394
14.393
14.393
14.393
13.737
13.27
12.199
11.991
10.661
9.33
7.221
6.534
4.289
4.009
2.679
0.654
-0.202
-2.422
-3.961
-6.219
-8.159
-10.82
-13.48
-15.019
-17.361
-18.691
-19.288
-18.347
-17.018
-15.688
-14.359
-13.679
-11.108
-10.312
-10.463
-11.793
-13.124
-14.455
-14.804
-16.059
-18.173
-17.692
-16.362
-15.033
-13.703
-12.928
-8.799
-6.26
-2.27
2.739
8.058
13.378
18.698
23.29
27.279
31.227
32.099
29.896
27.193
24.16
21.228
18.279
13.31
9.32
4.562
2.166
-0.347
-2.74
-4.07
-5.401
-5.84
-6.939
-7.331
-9.599
-10.931
-12.265
-13.6
-14.934
-16.269
-17.603
-18.938
-19.39
-19.4
-17.959
-15.32
-13.25
-10.395
-7.403
-3.642
-1.003
1.635
4.932
9.755
12.919
15.416
16.387
15.832
14.497
13.163
11.828
10.262
8.037
6.702
6.206
6.195
3.941
3.931
3.397
2.063
1.656
-0.613
-3.272
-5.931
-7.977
-10.941
-11.873
-9.541
-8.227
-6.412
-3.07
-0.917
0.398
2.835
3.76
3.16
1.826
-0.504
-1.966
-3.577
-5.757
-7.092
-9.309
-10.883
-13.18
-12.831
-10.956
-9.866
-8.911
-7.552
-4.667
-1.167
0.148
2.71
5.604
7.113
9.744
12.375
14.259
16.515
19.147
21.778
23.976
25.918
27.712
27.979
25.359
22.011
20.145
16.028
11.64
6.527
2.745
-0.333
-3.71
-5.562
-4.87
-4.589
-2.256
-0.949
1.061
2.787
2.987
1.66
-0.068
-2.728
-5.389
-8.05
-10.773
-14.233
-16.033
-18.034
-19.373
-19.655
-22.052
-23.057
-22.009
-20.848
-19.934
-19.76
-19.363
-17.551
-17.568
-15.972
-15.346
-14.149
-12.833
-11.998
-11.326
-10.011
-6.541
-3.705
0.253
3.659
7.048
10.054
13.814
15.996
15.563
13.609
10.959
7.285
3.213
-1.48
-4.629
-7.204
-8.532
-9.86
-12.137
-12.144
-11.006
-9.141
-6.855
-5.34
-2.704
-0.067
2.569
4.362
5.677
8.114
9.749
11.348
11.341
11.334
12.444
11.321
10.529
9.063
9.057
8.059
6.799
6.525
5.197
3.204
2.282
1.212
0.024
0.018
0.55
2.603
2.898
2.232
1.566
1.936
3.975
4.493
4.5
3.472
4.515
5.008
6.337
6.782
7.873
10.164
10.172
10.179
9.429
7.158
4.488
0.764
-1.872
-5.771
-8.558
-10.902
-11.08
-10.436
-8.294
-6.957
-5.619
-4.255
-2.056
-2.049
-2.041
-2.034
-2.026
-4.264
-4.614
-5.936
-6.486
-6.478
-6.537
-7.586
-7.097
-5.76
-4.422
-4.189
-2.87
-1.929
-1.922
-1.914
-1.907
-1.899
-1.892
-2.925
-4.122
-5.05
-6.352
-6.802
-8.582
-8.574
-8.567
-9.619
-10.797
-10.085
-8.535
-7.756
-6.415
-3.951
-2.341
-0.145
1.197
2.538
2.782
2.793
2.805
2.816
2.828
2.839
2.851
3.17
3.997
3.286
2.897
1.771
0.453
-0.866
-1.546
-3.227
-5.875
-6.14
-7.458
-8.223
-8.211
-7.23
-5.834
-3.424
-1.143
2.859
5.976
7.554
9.84
9.852
9.863
9.875
9.887
9.898
10.211
11.553
12.178
12.189
14.436
13.335
12.921
12.235
10.566
7.918
4.147
1.157
-2.821
-6.043
-9.656
-12.365
-12.61
-13.928
-14.575
-14.565
-14.559
-14.38
-13.044
-12.296
-10.699
-10.039
-7.699
-6.363
-5.027
-2.98
-1.232
0.108
2.774
5.021
6.984
9.65
10.232
12.61
13.946
14.739
15.496
16.832
16.959
16.137
17.015
17.021
17.027
17.033
16.705
14.8
13.642
12.567
10.579
10.335
10.341
9.849
9.231
9.237
8.122
8.127
8.133
8.139
8.145
8.151
6.912
5.918
5.387
3.318
0.664
-2.066
-6.889
-9.996
-13.98
-17.964
-19.796
-20.959
-20.953
-20.37
-19.035
-17.704
-16.372
-14.757
-12.588
-10.556
-8.803
-7.472
-5.219
-5.218
-5.216
-6.039
-7.368
-7.69
-9.701
-10.232
-11.561
-11.943
-13.064
-13.303
-14.184
-12.873
-11.937
-10.866
-10.501
-7.84
-5.75
-3.64
-1.965
-0.562
2.099
4.273
5.605
7.838
8.28
10.526
11.332
12.773
13.592
13.897
13.899
13.9
14.406
15.024
15.025
13.924
12.783
12.784
12.207
10.887
10.543
10.491
9.17
8.301
8.302
8.303
8.304
7.057
6.062
6.063
6.065
6.067
4.946
4.748
3.827
3.828
3.033
1.713
1.589
1.59
1.592
0.253
-0.65
-0.648
-1.914
-2.889
-2.888
-2.886
-3.827
-5.166
-7.589
-9.745
-12.474
-14.611
-17.252
-17.556
-18.585
-17.601
-16.336
-15.445
-13.033
-11.676
-9.988
-7.343
-3.935
-1.893
0.592
2.998
4.321
5.644
7.804
8.378
8.38
8.382
8.383
8.385
6.569
6.144
3.9
3.518
2.198
1.661
1.662
1.546
-0.579
-0.577
-1.889
-2.819
-2.817
-2.816
-2.153
-0.57
0.161
2.412
5.056
7.7
9.94
11.263
12.585
12.906
12.907
12.63
11.309
10.664
10.665
8.517
8.422
7.721
5.629
3.559
0.914
-2.857
-5.736
-8.842
-10.801
-12.611
-13.935
-16.262
-16.261
-15.214
-14.015
-13.086
-11.754
-9.314
-7.988
-7.276
-7.275
-7.274
-7.274
-7.273
-6.771
-5.446
-4.121
-1.688
0.962
3.611
6.26
8.91
11.56
14.061
14.338
16.142
18.111
19.436
19.677
21.923
21.924
21.925
21.925
19.981
18.455
15.554
11.581
8.266
4.757
0.784
-1.783
-3.451
-5.008
-5.007
-5.007
-2.732
-1.176
1.474
3.488
6.488
8.382
8.466
8.145
6.821
4.772
2.123
-0.525
-3.382
-6.533
-8.47
-11.118
-11.733
-12.952
-14.276
-15.099
-14.395
-13.975
-12.868
-11.73
-11.729
-11.729
-11.728
-12.722
-13.972
-14.524
-16.216
-16.215
-15.332
-15.092
-12.519
-9.503
-6.097
-1.907
2.419
6.341
9.498
14.34
16.998
19.182
21.832
23.076
23.42
25.292
26.446
26.448
26.42
25.329
25.764
25.183
25.049
25.335
24.214
23.895
22.572
21.249
18.998
14.106
11.25
6.867
2.797
-0.665
-4.637
-6.364
-9.738
-11.561
-13.506
-14.829
-16.152
-17.661
-19.92
-20.652
-20.651
-20.649
-20.498
-18.401
-17.443
-15.473
-15.029
-13.943
-13.904
-13.902
-14.469
-15.021
-15.992
-16.14
-16.139
-16.137
-14.82
-13.889
-11.764
-11.358
-9.395
-8.848
-8.269
-8.268
-9.389
-9.618
-10.941
-11.629
-12.465
-12.748
-13.869
-13.867
-13.866
-12.414
-11.618
-10.487
-8.952
-6.302
-3.651
-1.001
1.649
5.519
9.494
13.469
17.443
21.418
25.393
26.937
29.587
31.647
32.973
34.298
35.55
35.552
35.553
35.555
34.674
32.266
29.455
25.483
20.943
15.647
9.378
5.002
-1.364
-6.205
-11.492
-15.533
-18.18
-19.564
-20.199
-18.873
-18.295
-19.24
-20.537
-20.535
-20.12
-18.8
-17.479
-15.156
-11.394
-8.482
-4.994
-1.689
2.269
6.228
8.93
11.569
13.156
13.157
13.156
13.156
13.155
12.382
10.908
9.35
5.736
2.901
-0.81
-3.449
-4.811
-6.481
-7.057
-7.269
-9.606
-11.423
-14.756
-18.713
-20.496
-24.222
-26.503
-27.269
-28.02
-27.446
-24.964
-20.791
-14.689
-6.776
1.136
10.05
19.204
27.118
35.028
41.607
46.881
46.861
45.808
46.136
43.498
38.691
33.934
27.748
19.097
14.72
9.221
2.145
-4.106
-9.481
-13.193
-15.389
-17.347
-19.151
-20.47
-21.79
-23.412
-25.552
-27.566
-29.314
-30.634
-32.115
-34.398
-35.72
-36.291
-38.187
-38.541
-38.326
-37.01
-33.863
-30.204
-25.563
-20.367
-15.865
-9.744
-4.472
0.8
7.133
11.08
14.044
17.472
20.107
22.742
24.262
24.455
24.997
23.079
19.636
16.654
12.806
8.83
4.853
0.877
-2.216
-1.614
-1.579
-1.581
-0.448
2.969
6.94
10.91
14.88
18.851
23.479
27.915
31.886
35.856
38.796
39.339
40.661
41.982
42.123
40.796
39.035
36.383
33.732
32.12
27.307
24.655
22.004
17.177
11.48
7.289
-0.66
-7.785
-15.537
-22.872
-28.171
-33.374
-37.049
-38.698
-39.402
-38.013
-37.58
-34.963
-31.927
-28.546
-25.105
-21.133
-17.161
-13.742
-11.941
-9.293
-6.646
-5.083
-4.882
-3.559
-2.804
-2.805
-2.806
-2.808
-2.809
-2.811
-2.812
-3.673
-4.999
-7.447
-8.773
-10.644
-13.294
-15.945
-17.443
-19.0
-20.784
-21.421
-21.071
-20.788
-19.428
-16.781
-13.609
-10.363
-5.862
-0.572
3.818
10.439
15.834
20.62
25.917
28.776
31.722
34.694
36.723
39.373
42.024
41.868
40.934
39.746
37.892
35.561
32.908
29.963
26.479
22.422
18.928
15.163
12.499
10.642
9.437
6.783
4.13
3.912
4.214
5.037
6.458
7.285
9.525
10.654
10.248
8.922
6.78
4.127
0.247
-4.969
-12.204
-17.621
-23.333
-28.659
-36.894
-41.623
-47.813
-52.941
-57.517
-61.385
-64.039
-66.692
-67.891
-67.89
-66.739
-63.864
-60.305
-56.392
-52.749
-46.978
-40.582
-36.274
-30.964
-24.918
-20.16
-15.033
-9.949
-6.396
-3.101
0.043
0.607
1.862
3.193
4.523
5.11
7.011
10.791
13.449
16.107
19.41
22.544
25.203
27.723
29.396
32.054
33.208
30.341
27.603
27.606
28.507
30.511
31.842
33.173
34.649
36.957
38.843
39.98
41.913
42.231
42.74
44.483
44.486
44.49
44.493
44.496
44.5
45.631
46.751
46.755
46.758
46.762
46.299
44.305
41.654
39.003
36.189
32.21
28.232
23.477
20.135
15.175
11.197
7.218
2.561
-0.977
-4.717
-5.159
-7.434
-8.759
-9.298
-9.296
-10.416
-10.136
-9.288
-9.286
-9.283
-11.475
-11.703
-13.028
-14.353
-15.678
-18.001
-18.409
-21.061
-23.222
-25.938
-29.016
-30.563
-31.888
-33.606
-35.66
-36.182
-35.172
-32.541
-29.146
-26.318
-21.006
-15.694
-8.157
-1.508
5.532
12.285
18.407
23.014
25.778
28.738
31.707
33.036
33.448
33.451
31.921
29.679
27.74
25.907
21.509
17.431
12.83
5.679
-1.56
-10.972
-19.326
-27.073
-33.29
-37.973
-41.954
-44.904
-46.323
-47.332
-46.81
-44.755
-44.905
-48.48
-49.809
-51.138
-51.204
-49.043
-46.39
-45.735
-40.757
-35.977
-30.006
-24.507
-18.027
-10.297
-4.097
0.571
4.55
7.481
10.134
12.449
13.775
13.607
11.324
8.662
6.0
2.884
-1.107
-5.968
-9.137
-13.244
-17.829
-19.914
-22.815
-25.815
-27.123
-25.795
-23.974
-21.316
-18.658
-13.77
-9.373
-2.724
3.308
9.451
16.099
22.631
28.272
33.857
38.585
43.903
49.189
53.177
57.166
61.152
63.406
62.583
58.841
54.716
47.865
42.014
31.192
22.817
15.783
6.7
-3.741
-14.091
-22.821
-31.939
-41.14
-49.46
-54.28
-59.612
-65.955
-70.276
-74.03
-76.839
-78.017
-78.002
-76.683
-74.923
-73.574
-71.871
-69.223
-67.547
-63.927
-60.713
-55.961
-50.652
-46.468
-41.159
-36.331
-31.664
-25.459
-19.925
-11.059
-3.626
5.066
13.848
22.126
29.99
36.629
43.788
50.3
56.543
62.017
65.767
68.415
70.42
73.441
75.301
74.23
73.866
71.963
69.288
66.611
63.934
61.257
58.581
57.271
56.363
55.016
53.302
49.3
45.301
41.303
37.305
33.306
30.475
30.295
28.326
26.076
25.627
24.294
23.349
23.332
21.699
21.054
18.697
16.454
12.138
8.046
4.55
0.76
-2.319
-7.238
-11.848
-17.172
-22.497
-28.946
-33.963
-38.475
-43.082
-46.158
-49.952
-52.412
-54.171
-56.222
-57.566
-59.939
-60.141
-59.841
-57.486
-54.248
-48.816
-42.196
-35.358
-27.41
-18.834
-9.561
-0.286
10.11
19.709
29.787
37.6
43.29
48.547
51.195
53.41
54.093
54.086
54.079
54.071
53.396
51.274
49.939
47.656
46.148
44.578
41.916
39.255
38.293
37.231
36.034
36.027
35.473
34.138
33.761
31.47
29.891
27.23
24.568
21.906
19.244
16.437
12.799
9.026
5.991
4.657
2.248
2.241
2.691
4.674
6.453
9.917
13.583
15.694
19.934
24.174
28.414
32.643
36.096
37.415
38.065
38.058
38.05
36.433
32.444
28.455
19.024
9.674
-0.836
-14.317
-26.225
-39.498
-51.886
-66.009
-78.972
-89.09
-98.325
-107.01
-116.29
-121.6
-125.86
-130.2
-132.17
-134.39
-132.65
-131.12
-128.85
-125.76
-119.65
-113.02
-103.65
-90.764
-80.365
-65.524
-50.972
-34.051
-21.102
-8.519
4.55
14.117
21.714
28.26
32.98
36.133
40.115
41.37
40.256
35.561
33.832
31.178
28.523
24.853
24.337
21.985
20.658
19.33
18.921
20.043
20.453
22.288
22.288
23.926
24.532
25.762
26.466
25.138
24.532
22.68
22.271
19.616
16.963
14.931
12.776
12.188
12.418
15.073
17.203
20.72
24.16
26.832
30.814
33.517
33.517
31.846
30.232
27.659
24.677
21.229
17.837
12.912
9.874
5.893
2.782
2.094
2.94
4.267
6.849
9.841
13.282
15.936
18.594
21.254
23.669
24.547
23.886
21.688
19.028
16.047
10.727
6.56
2.332
-4.973
-10.786
-19.24
-25.053
-30.302
-35.199
-39.404
-40.346
-39.016
-37.685
-36.355
-36.055
-35.939
-35.256
-35.522
-35.671
-37.0
-37.173
-36.452
-33.803
-33.145
-30.951
-29.359
-26.749
-24.087
-20.854
-18.419
-16.102
-14.633
-13.023
-10.847
-8.821
-6.159
-4.607
-0.64
2.95
5.612
9.092
13.083
15.842
18.823
22.289
24.951
26.671
26.854
26.856
26.858
26.859
26.861
26.863
27.015
28.347
29.114
29.115
29.117
29.119
29.121
29.123
28.436
27.108
25.779
23.329
22.0
20.068
18.222
16.894
15.566
14.237
12.389
10.458
9.13
8.946
8.947
8.949
8.951
8.953
8.956
9.104
10.437
10.65
10.09
10.093
8.973
8.44
6.734
6.054
2.945
0.056
-1.845
-6.377
-9.029
-10.881
-13.21
-13.53
-14.562
-14.56
-14.557
-15.46
-15.673
-15.864
-17.188
-18.513
-19.837
-22.175
-24.635
-25.233
-27.884
-30.536
-31.358
-33.594
-36.246
-38.898
-41.549
-42.568
-44.608
-46.948
-45.926
-45.41
-43.361
-39.781
-34.663
-28.234
-22.092
-14.746
-7.282
0.685
6.07
10.055
13.518
15.448
15.846
15.849
15.414
13.187
9.976
8.002
3.849
0.907
-3.398
-7.647
-11.036
-14.076
-16.707
-18.034
-18.928
-18.927
-17.243
-15.634
-13.054
-9.731
-4.312
1.263
6.838
12.414
17.941
23.25
27.915
31.898
35.881
35.946
34.62
32.199
28.97
25.36
21.379
17.642
14.539
11.212
6.841
3.66
-1.384
-5.364
-9.345
-13.326
-17.307
-21.241
-23.894
-27.005
-29.661
-31.855
-33.437
-33.332
-32.363
-31.234
-29.347
-26.072
-24.39
-21.734
-18.148
-14.177
-9.756
-5.522
-0.409
3.963
9.282
13.01
17.675
19.449
22.404
24.882
24.169
21.919
20.375
16.172
11.271
6.653
1.331
-2.948
-5.818
-8.804
-7.719
-5.811
-1.606
2.545
7.037
11.851
16.512
26.24
30.387
37.082
44.312
50.212
56.071
61.389
66.708
72.318
77.971
81.96
84.122
86.571
84.122
81.963
77.971
74.809
70.073
61.14
54.807
48.637
37.573
23.498
6.762
-11.395
-31.561
-46.622
-61.309
-77.841
-88.227
-95.248
-103.23
-108.07
-109.74
-111.0
-110.43
-107.28
-103.29
-99.294
-94.187
-88.866
-83.136
-77.1
-71.779
-66.458
-58.659
-50.03
-40.452
-30.991
-22.243
-14.294
-7.642
-1.438
3.884
10.067
15.648
18.569
21.47
22.614
26.054
29.059
34.157
40.364
46.572
52.78
58.988
65.196
72.502
79.617
86.27
93.739
98.643
102.64
106.0
107.33
107.92
105.02
102.08
96.059
88.59
80.807
72.157
63.018
50.304
40.1
28.079
17.77
7.355
-3.646
-15.143
-24.747
-36.505
-45.166
-52.871
-56.877
-60.882
-63.402
-62.824
-61.393
-57.903
-56.092
-53.418
-49.845
-45.835
-41.622
-37.111
-33.807
-31.484
-30.146
-28.955
-29.314
-30.647
-31.193
-31.19
-31.188
-31.795
-33.428
-34.156
-35.49
-36.788
-36.537
-35.199
-31.161
-24.48
-17.799
-11.119
-4.438
2.243
8.924
15.604
22.284
27.918
30.029
30.591
30.594
28.191
25.229
20.718
17.537
11.272
2.879
-5.514
-13.907
-22.3
-30.693
-37.684
-46.967
-56.315
-64.447
-73.585
-80.132
-85.098
-87.107
-89.458
-87.929
-84.28
-80.137
-73.177
-65.164
-57.152
-48.216
-40.015
-33.112
-25.1
-16.435
-7.951
1.142
10.491
20.605
32.029
41.903
51.252
58.225
65.567
71.939
77.717
79.823
82.275
83.604
84.933
85.613
83.897
81.236
77.452
74.433
70.159
65.504
56.927
46.786
33.757
20.342
3.691
-13.602
-29.788
-45.333
-54.422
-63.512
-69.488
-69.399
-69.297
-68.672
-65.493
-61.503
-57.514
-51.238
-44.36
-36.382
-26.47
-16.204
-4.776
7.195
17.755
26.082
33.652
37.994
39.616
40.407
37.647
32.323
25.218
15.039
4.763
-2.829
-10.082
-16.45
-20.759
-23.53
-26.193
-28.856
-30.796
-33.059
-32.293
-29.413
-25.425
-21.438
-17.45
-10.829
-3.587
2.368
7.464
12.588
18.515
28.694
38.281
45.008
53.185
60.276
67.367
71.958
78.778
83.359
87.075
90.74
92.201
91.595
88.932
85.552
80.634
73.603
65.063
55.803
43.83
27.658
14.275
0.912
-11.676
-18.329
-21.958
-22.327
-19.888
-14.315
-8.132
-2.156
5.336
12.207
20.103
26.982
32.625
39.051
41.461
40.377
35.188
25.479
17.099
6.003
-8.113
-18.987
-32.557
-42.543
-53.583
-64.623
-68.419
-69.746
-71.495
-73.522
-71.544
-65.516
-58.896
-52.276
-45.656
-36.179
-22.428
-7.861
7.3
24.638
40.409
56.821
70.698
85.953
101.4
114.32
122.93
126.62
129.04
128.39
123.09
116.63
107.12
92.582
69.951
51.539
21.248
-11.527
-39.786
-77.096
-104.38
-124.23
-137.81
-150.16
-158.12
-164.1
-170.85
-178.13
-182.51
-181.29
-178.64
-174.48
-166.86
-157.33
-148.65
-130.0
-118.74
-97.995
-72.831
-47.667
-22.507
-10.712
4.001
19.231
34.461
49.691
64.921
69.526
67.421
60.533
52.625
42.092
28.661
15.66
-0.121
-10.228
-18.809
-29.435
-34.783
-36.408
-31.111
-25.235
-17.051
-7.782
2.8
15.511
25.639
36.248
46.424
56.768
67.515
79.078
88.001
96.9
105.57
111.11
114.0
117.08
117.76
116.91
111.38
106.74
97.8
87.981
73.189
57.477
43.488
29.581
12.362
-4.857
-23.726
-40.509
-55.957
-70.863
-83.385
-92.657
-101.47
-110.08
-114.27
-118.37
-120.29
-122.14
-120.45
-115.38
-109.51
-101.56
-93.616
-84.777
-75.508
-65.29
-56.211
-45.452
-36.182
-22.977
-12.368
0.608
10.814
20.726
30.415
36.716
42.983
46.601
49.249
50.379
48.456
45.726
40.668
35.509
26.28
18.069
10.396
2.448
-5.498
-13.447
-19.183
-23.158
-25.954
-25.955
-25.111
-23.087
-19.284
-16.044
-10.988
-6.354
-0.44
7.508
16.371
27.879
39.796
50.519
59.066
64.318
65.961
67.114
65.502
60.732
52.342
43.956
32.642
21.287
13.603
5.923
-1.757
-9.441
-13.614
-14.144
-15.858
-15.858
-16.725
-16.981
-16.981
-16.297
-13.653
-10.269
-7.243
-4.618
-3.079
-0.437
1.592
2.914
4.235
6.59
6.878
8.2
8.834
8.834
8.834
8.834
8.834
8.834
8.074
6.752
5.394
2.751
-0.326
-6.195
-14.123
-22.055
-33.679
-45.886
-59.606
-72.734
-85.534
-94.324
-99.647
-104.17
-106.23
-105.21
-99.631
-93.866
-80.645
-67.429
-54.215
-35.024
-13.613
6.891
22.085
37.686
53.079
65.631
75.086
84.444
88.694
93.021
93.021
90.025
84.861
78.75
70.923
63.615
55.239
50.524
46.559
43.291
41.422
38.779
35.191
30.082
24.572
16.844
7.537
-3.837
-15.019
-24.513
-35.746
-46.24
-54.334
-61.383
-68.43
-73.592
-76.821
-78.142
-80.229
-81.907
-80.857
-78.214
-74.688
-69.403
-64.115
-58.829
-52.302
-45.696
-40.115
-35.435
-29.238
-21.518
-13.592
-5.671
1.657
9.027
16.94
24.85
32.763
40.232
45.549
48.669
50.274
50.258
49.239
48.242
46.297
44.086
40.36
35.916
29.076
25.672
23.033
22.288
21.206
23.842
26.478
29.114
32.558
36.512
40.389
43.026
45.192
47.176
48.086
48.084
45.438
41.314
36.697
29.311
19.636
9.965
-0.774
-13.026
-25.057
-36.386
-47.281
-56.587
-63.843
-70.437
-76.35
-82.946
-89.543
-92.35
-93.067
-90.755
-86.798
-81.952
-73.418
-64.909
-53.094
-44.037
-33.876
-22.014
-10.172
0.813
13.584
25.449
37.311
48.175
58.72
68.447
76.446
85.214
92.245
99.273
105.05
110.76
115.77
119.72
120.92
118.68
116.04
112.24
105.64
99.041
89.519
82.428
74.266
66.357
57.884
47.125
37.007
27.069
20.055
14.601
7.377
3.452
0.811
-1.67
-3.709
-7.116
-11.259
-15.601
-18.513
-24.677
-29.089
-35.026
-40.816
-47.157
-52.542
-57.523
-61.501
-64.753
-67.405
-70.045
-70.258
-71.176
-71.793
-70.677
-69.049
-66.412
-62.742
-59.597
-55.626
-51.658
-47.687
-44.842
-40.483
-34.599
-27.982
-22.357
-15.792
-8.402
-3.108
1.506
6.357
9.483
11.799
12.527
15.172
17.046
18.367
19.688
21.009
22.329
23.65
24.11
24.106
24.102
24.098
24.094
22.595
19.941
18.441
16.882
15.096
13.821
12.005
9.638
4.74
1.766
-2.212
-4.738
-6.994
-9.647
-12.299
-14.13
-14.747
-16.075
-16.386
-16.39
-16.394
-16.398
-16.402
-16.406
-16.41
-16.414
-16.418
-16.421
-17.213
-17.542
-17.541
-17.54
-17.539
-17.539
-17.538
-16.452
-14.963
-11.948
-8.541
-5.891
-2.269
1.706
5.68
9.198
12.507
16.48
19.391
22.326
27.28
31.255
34.481
39.031
43.178
47.382
52.248
56.221
61.033
65.292
68.144
71.796
74.447
77.096
77.892
77.879
75.231
72.171
68.199
63.411
57.098
50.474
43.854
38.236
34.262
28.48
25.18
21.597
19.495
15.523
11.551
8.572
3.532
-2.044
-8.185
-13.483
-19.661
-25.198
-28.084
-32.055
-35.458
-37.334
-39.628
-42.273
-44.92
-48.021
-51.993
-55.963
-58.87
-62.498
-64.506
-67.385
-68.707
-70.029
-70.198
-70.195
-69.325
-67.944
-66.265
-64.654
-63.326
-61.999
-60.671
-60.07
-58.212
-57.804
-55.363
-53.213
-49.238
-45.26
-42.302
-36.088
-30.788
-25.488
-19.483
-12.859
-6.232
-1.853
4.774
11.989
19.144
24.775
31.347
38.744
44.523
50.128
54.766
58.864
62.51
64.204
66.856
68.737
71.038
72.515
73.843
75.625
77.619
78.086
78.088
77.806
75.502
73.632
70.984
66.442
61.731
57.219
52.83
48.168
44.202
41.26
37.494
34.257
28.97
24.382
20.418
16.453
10.417
7.403
4.009
0.597
-4.335
-7.287
-9.928
-12.127
-14.091
-16.733
-19.376
-22.253
-26.906
-29.032
-31.067
-34.625
-36.362
-38.995
-40.858
-42.037
-43.101
-45.077
-45.474
-48.116
-51.222
-55.185
-60.012
-65.296
-68.063
-70.706
-72.276
-73.01
-74.331
-73.385
-72.063
-70.33
-67.687
-64.234
-61.276
-58.549
-54.865
-52.222
-48.895
-44.928
-38.801
-32.507
-27.112
-19.53
-12.732
-6.709
0.853
7.234
12.95
18.932
24.219
28.48
32.549
37.23
39.373
42.098
46.965
50.053
52.698
55.342
57.411
59.509
63.125
64.747
66.32
68.515
69.189
65.8
63.655
59.843
55.878
51.916
47.951
43.989
38.904
34.938
30.578
25.888
21.926
17.961
13.998
9.765
4.948
1.64
-2.792
-5.934
-8.781
-12.777
-16.776
-20.773
-23.746
-26.411
-29.399
-33.394
-36.649
-39.313
-42.06
-47.14
-50.673
-55.359
-60.251
-64.246
-66.94
-69.603
-72.869
-76.053
-78.717
-80.145
-81.476
-81.207
-78.54
-74.918
-69.753
-63.408
-52.744
-44.099
-34.782
-24.112
-13.454
-2.789
7.881
16.914
24.232
32.028
39.882
46.725
52.057
57.391
59.315
63.063
64.805
64.807
63.042
60.377
55.469
52.805
50.142
49.106
47.059
44.508
42.854
40.724
37.905
33.908
32.076
26.169
22.117
15.455
9.676
4.344
-0.983
-5.919
-10.52
-14.221
-16.885
-20.558
-21.89
-22.689
-21.2
-18.534
-15.867
-13.201
-9.957
-5.623
-1.291
3.043
5.744
8.018
9.956
9.367
6.702
2.802
-1.197
-5.726
-11.058
-18.296
-25.709
-33.166
-40.235
-44.22
-47.768
-51.766
-52.971
-52.184
-48.915
-44.916
-39.891
-30.746
-20.077
-10.481
-1.74
7.591
15.715
21.623
25.215
29.201
31.867
33.44
34.591
34.198
33.47
31.844
31.227
31.003
28.984
28.985
28.986
28.987
27.865
27.613
26.745
27.419
27.869
26.775
26.748
26.749
25.542
24.504
22.456
21.923
18.57
15.639
12.537
10.252
7.627
6.042
4.303
4.303
4.303
4.303
4.486
5.819
6.549
7.363
8.696
10.028
11.685
13.284
14.771
15.529
15.572
16.652
17.116
17.102
15.769
15.531
15.349
14.409
15.616
16.654
18.703
21.256
23.234
27.233
30.489
34.109
36.943
39.356
40.69
42.696
44.477
43.622
43.229
40.957
37.815
30.853
25.932
19.688
15.043
8.38
1.716
-4.948
-10.49
-16.396
-19.988
-24.645
-27.76
-30.427
-33.091
-34.972
-34.972
-34.158
-31.801
-31.604
-30.984
-29.36
-28.645
-27.321
-27.115
-26.719
-24.87
-24.87
-24.066
-23.748
-22.54
-20.927
-19.258
-17.182
-14.103
-9.262
-6.208
-0.913
3.805
7.778
11.752
14.477
15.271
13.48
10.831
6.439
2.216
-3.187
-9.808
-16.432
-23.053
-28.715
-32.85
-36.823
-40.351
-42.999
-44.8
-44.023
-41.444
-39.129
-36.734
-34.235
-31.972
-29.322
-26.674
-23.179
-18.507
-14.534
-11.59
-7.71
-4.357
-2.521
-0.585
-0.177
0.941
2.068
2.068
2.068
2.068
2.068
2.238
4.313
4.802
6.127
6.557
8.75
8.977
10.302
11.047
11.047
11.047
9.861
8.802
9.27
9.255
9.674
10.998
11.2
12.524
13.849
15.173
17.459
17.862
20.026
20.916
22.271
23.12
24.444
25.769
26.761
27.83
29.005
29.005
29.005
28.785
27.883
27.259
26.761
24.704
22.16
20.512
16.8
13.68
10.468
5.354
1.366
-3.511
-10.159
-15.954
-19.143
-22.924
-25.586
-26.549
-25.218
-23.888
-21.304
-17.313
-13.805
-9.766
-5.344
-2.457
1.326
3.589
4.315
5.94
6.56
5.122
1.757
-0.093
-2.753
-5.413
-8.073
-10.962
-14.516
-17.175
-19.836
-20.377
-22.621
-23.326
-24.866
-26.4
-27.11
-28.292
-29.891
-32.075
-33.405
-34.735
-36.065
-37.395
-38.725
-40.055
-40.578
-40.578
-38.233
-36.903
-35.058
-33.843
-31.982
-30.428
-26.661
-23.571
-18.94
-13.621
-8.299
-2.98
2.342
8.769
14.462
18.454
21.321
24.787
25.647
24.291
21.631
17.877
14.833
9.899
6.502
3.041
0.059
-2.507
-4.139
-6.289
-6.902
-5.978
-3.525
-1.977
0.682
3.976
7.125
10.834
15.947
19.936
23.378
26.038
28.698
31.31
32.896
34.628
35.3
37.509
37.995
38.168
39.498
40.828
42.158
43.489
44.907
47.271
49.105
51.053
51.465
53.71
53.71
52.871
50.838
48.673
46.013
44.348
40.357
36.366
30.125
23.102
18.743
13.42
8.101
3.448
0.331
-4.492
-6.112
-8.396
-9.727
-11.056
-12.387
-13.799
-15.879
-16.875
-18.123
-19.951
-20.368
-21.697
-22.613
-23.856
-24.858
-24.858
-25.98
-26.31
-27.103
-27.103
-28.056
-29.386
-30.715
-32.499
-33.837
-35.575
-36.082
-38.327
-39.065
-40.572
-40.572
-41.563
-41.694
-41.409
-40.572
-40.572
-38.756
-38.327
-36.803
-34.96
-34.344
-33.013
-31.684
-29.231
-27.901
-26.571
-24.502
-21.842
-19.181
-16.522
-13.861
-11.201
-7.677
-5.829
-2.368
1.178
4.915
8.127
10.787
14.569
16.951
18.767
20.038
21.842
22.283
22.283
22.283
22.283
22.283
21.257
19.825
17.794
17.794
17.794
17.794
17.794
18.152
20.038
20.038
20.038
21.992
22.283
22.283
22.283
22.935
22.555
22.283
21.034
19.388
17.794
17.07
15.748
13.304
10.86
8.742
5.373
3.528
1.211
-1.434
-4.076
-6.72
-10.033
-13.129
-15.772
-18.415
-21.058
-22.613
-22.613
-22.613
-22.613
-22.394
-21.072
-19.133
-17.307
-14.969
-12.327
-9.683
-7.531
-4.828
-2.643
-1.321
1.454
5.054
8.261
12.225
16.192
20.116
22.999
26.526
29.169
31.813
33.42
34.742
35.752
35.752
35.752
35.752
34.644
32.952
29.371
26.728
22.518
18.214
13.186
9.252
2.287
0.301
-1.876
-4.519
-4.918
-7.231
-8.552
-9.144
-11.002
-11.389
-11.389
-11.389
-11.389
-11.389
-11.389
-11.31
-9.988
-8.667
-8.022
-6.27
-3.628
-1.136
0.186
1.508
2.08
3.03
4.325
4.325
4.325
4.325
4.325
2.246
2.08
1.437
-0.165
-0.165
-2.019
-3.539
-5.072
-8.133
-12.719
-17.202
-20.158
-22.613
-23.211
-24.858
-26.264
-28.913
-29.347
-29.347
-29.347
-28.757
-27.433
-26.108
-24.635
-20.937
-17.81
-14.517
-11.869
-8.135
-4.326
-0.946
3.785
7.756
12.704
15.703
19.424
22.072
24.721
27.371
28.957
29.018
29.018
28.472
26.399
22.8
18.827
14.623
9.323
4.663
0.689
-4.323
-9.623
-14.598
-19.096
-22.942
-26.518
-30.485
-32.715
-33.126
-34.45
-35.775
-36.082
-34.863
-33.538
-31.213
-28.645
-25.511
-22.09
-18.686
-15.101
-11.862
-7.889
-5.904
-3.458
-2.41
-2.41
-2.41
-2.41
-2.41
-3.696
-4.655
-5.792
-7.67
-8.995
-11.389
-11.644
-12.968
-13.634
-13.634
-13.634
-12.228
-9.236
-5.808
-3.159
-0.507
3.304
7.523
12.39
16.371
20.354
24.334
29.438
33.421
36.852
40.261
43.283
45.896
47.223
48.55
49.221
49.221
47.088
44.731
44.023
41.37
38.715
36.061
34.527
31.618
28.094
25.438
22.781
21.199
18.748
17.056
14.4
12.515
10.21
8.676
6.019
3.832
2.502
0.294
-0.196
-2.442
-2.815
-4.144
-4.693
-5.68
-6.942
-6.944
-6.946
-6.948
-5.175
-4.707
-3.586
-3.21
-2.468
-2.47
-2.472
-3.672
-4.72
-4.722
-4.724
-6.516
-6.973
-7.34
-9.222
-9.224
-9.226
-7.223
-6.985
-6.987
-6.989
-6.991
-8.8
-9.239
-11.486
-12.28
-14.937
-15.982
-18.004
-20.66
-22.722
-23.729
-25.678
-27.007
-27.221
-28.549
-30.287
-31.73
-32.549
-33.883
-36.339
-37.061
-36.25
-34.825
-32.177
-29.527
-25.551
-21.575
-16.366
-10.556
-7.308
-2.314
1.949
5.715
9.142
13.519
17.48
20.316
24.275
28.233
31.414
34.051
36.688
39.325
41.51
42.174
40.468
38.867
35.043
31.723
29.87
27.945
23.847
20.799
16.629
11.336
6.641
1.077
-3.545
-8.786
-14.854
-19.299
-23.921
-27.893
-29.725
-32.174
-33.503
-33.742
-33.17
-31.29
-27.53
-24.894
-21.419
-17.375
-13.106
-9.855
-4.79
0.201
5.14
10.363
13.432
16.069
16.131
16.489
16.113
14.99
14.021
12.656
10.244
8.916
6.952
5.975
4.934
3.718
3.712
2.684
1.455
-0.37
-0.802
-3.053
-3.059
-3.065
-3.07
-3.077
-3.083
-3.089
-4.01
-5.345
-4.496
-5.29
-5.364
-5.37
-5.905
-6.504
-7.439
-7.638
-7.644
-7.65
-7.656
-7.662
-7.669
-7.753
-9.081
-9.931
-8.585
-7.699
-7.705
-6.437
-4.77
-3.233
-2.49
-1.173
-0.948
1.235
2.1
3.476
4.311
5.634
5.714
6.355
7.955
7.953
7.024
5.705
5.284
3.044
1.105
-1.546
-3.18
-5.724
-8.077
-9.904
-11.853
-14.084
-16.735
-17.141
-19.403
-20.73
-21.263
-21.265
-21.267
-21.269
-20.793
-19.47
-18.148
-16.826
-15.339
-13.058
-11.735
-9.643
-7.968
-6.594
-3.946
-1.3
1.346
3.134
4.456
7.043
9.689
12.337
13.488
15.386
16.911
19.094
19.092
20.361
21.333
21.331
21.329
21.327
21.325
21.323
21.321
21.313
19.989
19.074
18.461
17.135
16.827
14.582
14.282
12.957
12.335
12.334
12.333
10.088
10.087
9.496
8.171
7.84
7.691
5.594
5.593
4.231
3.347
3.346
1.101
1.1
0.531
-0.794
-1.147
-1.251
-3.393
-3.85
-5.175
-5.64
-5.641
-5.642
-5.642
-5.643
-5.644
-5.645
-5.645
-5.408
-4.524
-3.877
-3.403
-2.346
-2.282
-2.628
-3.406
-4.162
-5.49
-6.818
-8.393
-10.144
-11.459
-14.114
-16.769
-17.03
-18.005
-17.447
-16.882
-16.882
-15.708
-14.38
-13.052
-11.725
-11.266
-11.266
-10.143
-10.142
-10.142
-10.141
-10.14
-12.384
-12.384
-12.383
-12.382
-12.382
-12.381
-12.38
-12.751
-12.926
-13.158
-14.485
-14.622
-14.621
-14.621
-14.62
-15.506
-15.741
-14.444
-12.738
-10.666
-8.55
-3.908
-0.994
1.661
4.801
8.094
12.539
15.648
19.608
23.591
28.759
32.207
35.54
38.314
40.968
42.933
43.729
44.527
45.324
46.197
47.129
45.928
42.469
39.498
38.06
36.437
34.285
32.958
30.719
28.066
27.658
25.407
24.082
23.569
21.533
21.123
19.082
19.083
17.652
16.84
16.84
16.841
16.842
16.843
16.844
16.845
15.615
14.602
13.578
12.359
12.359
12.36
11.041
10.117
10.118
10.119
10.12
7.876
7.589
6.266
4.942
3.618
1.198
0.796
-1.852
-3.342
-4.903
-5.585
-7.955
-10.338
-11.661
-13.655
-15.431
-16.754
-17.109
-19.047
-19.046
-18.286
-16.96
-14.513
-12.944
-10.74
-8.121
-4.996
-2.346
-1.811
1.83
3.411
4.884
5.656
5.675
6.78
6.358
5.658
5.658
5.659
3.414
2.795
0.147
-1.788
-4.028
-6.677
-9.326
-12.775
-16.867
-19.516
-23.171
-25.935
-28.296
-29.62
-30.252
-30.252
-30.251
-30.251
-29.873
-28.548
-27.223
-24.915
-22.266
-19.351
-16.312
-14.318
-11.668
-9.02
-6.37
-4.076
-2.75
-1.426
-1.062
-1.062
-1.061
-0.616
0.062
0.062
1.114
1.186
1.519
2.844
3.432
5.309
5.715
7.923
8.768
10.168
10.17
11.202
11.191
10.496
11.308
10.588
10.194
10.198
10.202
10.206
10.211
10.215
10.219
7.978
8.305
9.636
10.235
9.302
7.999
8.003
8.007
8.011
8.015
8.019
8.023
8.028
8.032
8.036
9.931
10.317
11.415
11.857
12.546
13.398
13.677
12.558
11.884
9.778
7.705
5.054
2.405
-0.246
-2.897
-5.548
-7.341
-10.784
-13.498
-16.148
-19.352
-22.572
-23.297
-25.537
-25.533
-25.529
-25.525
-24.657
-21.188
-19.749
-17.349
-12.596
-8.61
-4.623
-0.638
3.348
6.874
9.532
13.065
15.973
17.191
17.195
17.2
17.205
15.252
13.724
11.341
9.074
5.775
3.125
0.475
-3.128
-4.45
-5.195
-5.973
-7.295
-7.425
-7.42
-6.935
-5.603
-4.272
-1.844
-0.308
2.352
5.01
7.671
9.334
11.788
13.12
14.452
15.784
17.116
19.552
19.595
19.6
19.605
18.025
17.37
17.375
17.103
15.783
15.144
13.383
11.825
9.382
8.063
6.174
2.761
-0.236
-2.879
-5.778
-9.292
-11.938
-14.586
-17.232
-19.738
-21.06
-22.383
-24.452
-25.2
-25.198
-24.965
-23.638
-22.312
-20.147
-18.536
-15.967
-13.317
-10.666
-8.015
-4.437
-1.59
1.06
3.3
4.626
5.953
7.279
8.509
8.51
8.513
8.515
8.517
8.519
6.276
6.278
6.28
6.282
6.284
7.408
7.41
7.412
8.095
7.656
7.418
6.298
5.568
4.057
2.519
-0.129
-1.601
-3.178
-4.912
-5.568
-6.89
-7.15
-7.148
-6.802
-5.476
-4.15
-2.824
-1.497
-0.171
1.589
3.604
4.093
4.095
4.097
3.777
2.455
0.407
-1.313
-3.765
-6.412
-9.471
-12.829
-15.476
-18.123
-18.525
-20.873
-22.195
-22.815
-22.813
-23.919
-25.054
-25.053
-25.051
-25.049
-24.072
-22.8
-22.553
-21.232
-20.55
-19.714
-19.424
-18.3
-17.996
-16.676
-16.049
-15.156
-14.923
-13.799
-13.439
-12.673
-11.169
-8.531
-5.891
-3.251
-1.026
1.515
4.667
7.308
9.946
12.586
15.225
17.865
19.641
22.022
22.416
24.396
24.398
24.399
22.563
22.158
19.915
19.145
17.091
15.774
13.483
10.944
10.454
7.818
5.183
3.381
0.0010
-1.498
-2.815
-4.132
-5.45
-6.767
-6.997
-6.995
-6.994
-5.884
-4.746
-3.797
-2.476
-1.156
0.165
1.485
2.806
4.126
4.247
4.249
4.25
4.252
2.528
2.01
-0.5
-2.806
-4.122
-6.163
-8.798
-11.436
-11.825
-13.69
-13.689
-13.687
-13.685
-13.586
-11.437
-10.994
-9.673
-8.353
-7.032
-5.712
-4.391
-3.071
-1.751
0.461
0.925
3.493
5.773
7.093
9.163
10.857
11.088
13.275
14.143
15.521
16.359
17.684
18.006
20.012
20.013
20.013
19.086
17.769
17.352
15.526
14.3
13.282
11.247
11.038
11.038
11.039
11.039
11.04
9.933
8.796
8.796
8.797
8.797
7.803
7.602
6.278
4.954
4.31
2.546
0.982
-0.507
-2.422
-2.99
-4.314
-6.611
-6.91
-6.91
-6.909
-6.909
-6.908
-6.908
-6.907
-6.907
-6.36
-5.035
-4.661
-4.63
-3.306
-2.414
-1.779
-1.291
-0.252
-0.05
0.954
1.477
2.076
3.004
3.206
4.321
4.733
6.057
7.381
7.689
9.004
11.056
11.557
12.882
14.206
15.531
16.855
18.18
19.504
20.036
22.026
22.43
24.526
25.004
26.329
26.771
26.771
26.771
26.771
26.771
26.771
26.771
26.667
24.526
24.526
23.211
22.282
20.158
20.037
19.35
17.792
16.297
15.548
13.303
13.058
11.727
11.058
9.321
8.814
6.569
6.569
5.416
4.324
4.325
4.247
2.918
2.08
2.08
0.264
-0.165
-1.488
-2.818
-4.148
-6.302
-7.931
-10.383
-12.037
-14.166
-15.496
-17.773
-18.188
-20.847
-22.613
-23.268
-24.599
-24.858
-24.858
-24.858
-24.858
-24.858
-24.858
-23.664
-22.613
-21.639
-20.368
-19.466
-18.136
-17.928
-16.598
-15.879
-15.061
-14.756
-13.634
-12.997
-11.389
-11.389
-11.389
-11.335
-9.613
-11.389
-11.389
-11.389
-11.389
-11.389
-11.389
-11.389
-11.389
-11.389
-11.389
-11.389
-10.908
-9.578
-9.144
-9.144
-9.144
-9.144
-7.934
-6.899
-6.899
-5.776
-5.15
-3.531
-2.074
0.585
3.247
5.906
8.566
11.227
13.886
15.488
17.796
18.5
20.041
20.041
19.066
17.796
17.26
15.552
14.868
12.648
11.086
7.328
5.058
3.122
0.457
-1.185
-3.64
-5.619
-8.017
-9.505
-12.17
-13.67
-15.004
-16.8
-18.118
-19.886
-20.362
-20.727
-22.607
-22.607
-21.793
-19.436
-18.005
-16.671
-15.339
-14.006
-11.719
-10.217
-8.884
-7.551
-6.218
-5.769
-4.675
-4.281
-2.401
-2.4
-1.585
-0.251
-0.152
-0.151
-0.15
-0.149
-0.148
-0.147
0.107
1.441
2.101
2.102
2.103
2.104
2.105
0.9
-0.137
-0.136
-1.37
-2.379
-3.445
-4.622
-4.621
-4.662
-5.994
-6.863
-6.861
-6.86
-6.859
-8.163
-9.102
-10.309
-11.345
-11.344
-13.588
-13.909
-15.241
-15.829
-15.828
-14.705
-14.451
-13.58
-12.906
-10.689
-9.116
-6.477
-4.203
-2.266
0.402
3.068
4.611
6.633
7.701
8.88
9.835
11.127
11.128
11.132
12.484
13.387
13.392
13.397
13.403
14.011
13.721
13.418
13.423
13.428
13.433
13.438
13.443
13.419
12.094
11.214
11.219
11.224
11.229
11.079
10.117
9.551
8.225
6.9
6.622
4.53
4.046
2.72
1.395
-1.044
-3.7
-6.357
-9.012
-10.844
-13.201
-15.739
-17.065
-18.924
-20.838
-22.163
-22.402
-24.327
-23.443
-23.438
-21.698
-21.183
-18.449
-15.191
-13.277
-10.611
-7.945
-5.359
-4.023
-2.192
-0.23
1.106
3.562
4.899
6.65
8.075
9.744
10.336
11.466
