-0.459
-3.908
-4.949
-2.145
1.079
0.426
-1.255
-0.615
-0.952
1.32
4.007
2.905
0.175
-1.745
-2.377
-2.247
-1.951
-0.403
-1.759
-3.409
-2.22
1.158
3.006
3.52
-0.201
-1.082
1.098
2.437
1.077
-0.385
2.148
2.423
-0.0040
-3.873
-2.734
-1.007
0.099
2.856
4.491
4.33
3.196
2.251
-2.638
-6.793
-8.38
-5.771
-2.1
1.935
1.756
1.982
3.706
3.452
4.108
0.55
0.597
1.345
3.443
1.395
-1.246
-0.581
-0.243
-0.953
-3.885
-2.968
0.354
1.969
0.338
-0.724
0.845
-0.367
-0.471
-0.596
0.623
1.051
-1.086
-0.937
1.925
6.729
4.828
-1.122
-4.473
-4.331
-2.819
0.032
0.807
-0.188
2.955
4.709
7.612
9.916
4.442
-2.838
-5.239
-5.335
-8.34
-8.896
-4.173
2.92
2.621
1.103
2.236
0.297
-0.124
0.528
3.77
5.962
4.852
1.296
-1.194
2.782
5.31
0.228
-5.782
-6.972
-5.384
-0.271
5.273
4.793
-0.339
-0.174
0.785
-2.195
-1.838
-0.295
2.451
5.892
4.674
0.737
-2.534
-3.245
-1.95
-5.592
-5.819
-2.072
-0.0030
-3.394
-0.524
5.971
3.162
0.312
-1.497
-0.915
0.411
1.431
2.665
-1.6
-1.876
1.71
-0.85
-4.037
-4.271
-1.513
-1.12
-3.967
-5.417
-1.373
5.486
4.893
-4.825
-9.897
-7.484
-3.756
-1.555
1.464
2.71
2.191
0.73
-1.593
-2.58
-3.2
-3.17
2.081
8.856
9.585
6.395
0.652
-1.3
-1.625
0.67
-0.647
-5.031
-4.684
-3.299
0.647
4.144
3.973
5.39
4.112
-4.321
-9.579
-7.348
-1.098
2.094
4.513
3.934
-0.672
-1.793
0.496
0.987
0.235
1.372
4.769
5.133
-1.353
-4.624
-6.617
-3.455
3.678
5.295
2.319
1.816
5.037
3.975
2.164
3.554
1.044
-1.172
-0.401
2.481
8.499
11.089
11.271
7.452
-2.328
-10.588
-12.408
-4.644
-2.951
-4.402
4.119
10.803
17.049
12.285
1.234
-13.333
-26.373
-29.791
-21.636
-5.387
10.789
22.768
22.138
15.556
5.344
-0.156
-0.92
-0.431
-1.306
-3.425
-1.625
1.543
2.882
-2.737
-6.22
-6.198
-6.191
-10.277
-16.507
-18.195
-12.67
-4.812
5.222
12.0
8.017
2.655
2.17
5.597
9.946
18.92
24.913
17.44
4.917
-4.126
-5.8
-3.115
-1.754
-5.288
-8.444
-7.245
-5.358
-1.992
3.807
10.663
17.029
19.601
11.558
-2.379
-14.258
-15.211
-8.613
-8.962
-12.315
-7.383
-1.033
-4.786
-16.619
-25.889
-23.404
-12.839
0.017
9.877
10.736
11.992
17.162
14.355
2.893
-5.624
-2.107
7.473
14.954
18.597
11.561
-1.587
-11.36
-11.998
-4.695
-0.433
0.986
2.832
2.853
-1.322
-5.269
-9.713
-13.129
-16.275
-14.364
-4.656
7.323
11.431
9.877
6.775
3.455
7.167
9.757
7.95
7.084
10.887
5.315
-6.74
-13.452
-11.916
-0.047
7.26
5.147
-0.0070
-4.709
-1.278
6.554
6.355
-1.662
-10.682
-14.675
-10.455
-7.453
-10.619
-15.202
-11.941
-4.018
0.81
6.447
10.553
11.831
10.872
4.525
-4.083
-10.099
-11.036
-7.148
-1.793
2.2
4.722
0.859
-0.428
6.587
14.821
25.948
31.536
30.85
29.934
23.17
16.15
-0.391
-27.646
-47.975
-52.7
-44.64
-34.537
-20.26
-6.151
8.142
16.06
10.164
-2.508
-6.831
1.275
10.668
14.827
10.79
7.914
6.24
6.754
8.817
4.777
-9.212
-28.223
-37.821
-32.475
-22.765
-10.21
11.269
34.55
47.309
43.686
24.373
-1.657
-21.083
-26.497
-7.775
15.806
31.225
33.855
29.07
19.119
4.882
-7.881
-16.47
-15.979
-9.387
1.169
10.177
12.582
3.309
-5.758
-6.722
-5.607
-9.558
-9.925
-3.155
3.198
6.775
9.493
8.384
-1.589
-12.136
-22.229
-28.157
-25.539
-18.028
-5.373
12.899
29.148
30.175
17.458
-0.538
-12.21
-16.222
-10.075
0.0070
8.891
14.877
16.05
12.139
0.905
-9.746
-19.521
-17.098
-6.993
1.323
5.461
1.173
-1.266
3.72
10.731
16.394
17.131
11.978
3.317
0.095
7.424
16.992
17.742
7.867
-1.959
-7.432
-2.227
0.93
-5.417
-12.004
-9.086
1.344
7.884
12.014
11.725
5.534
0.381
0.936
6.171
8.95
4.405
-5.571
-18.844
-37.023
-50.645
-44.196
-24.284
-3.312
7.592
0.808
-15.207
-25.466
-21.37
-9.191
-0.564
-3.645
-7.98
-9.447
-5.559
3.169
8.517
13.358
18.537
17.902
11.328
3.821
0.86
1.167
4.608
13.993
26.35
34.913
27.669
9.479
-4.86
-5.383
-6.423
-13.179
-11.457
-11.591
-13.291
-6.713
6.273
17.526
24.16
23.231
13.29
-3.32
-23.444
-36.676
-40.207
-30.829
-19.229
-9.5
1.398
7.898
10.571
9.485
6.807
-0.437
-1.192
7.413
17.655
21.997
17.977
12.592
1.791
-8.707
-14.061
-13.578
-13.62
-16.03
-13.23
-9.482
-8.658
-10.499
-16.465
-17.788
-14.839
-13.161
-13.744
-9.064
4.012
20.889
35.787
39.932
33.925
19.805
6.965
-6.485
-14.653
-10.023
4.057
24.429
39.602
44.183
35.058
16.662
-1.267
-10.222
-7.479
-2.273
4.713
9.741
9.507
8.572
7.834
3.812
-0.947
-5.283
-7.378
-11.88
-23.604
-39.865
-52.364
-50.893
-35.736
-13.932
10.97
24.24
17.817
8.093
3.361
6.674
10.27
13.606
12.725
11.125
8.346
-1.694
-12.402
-18.314
-19.794
-18.977
-12.473
-0.478
15.482
28.622
38.114
43.922
35.585
16.766
-1.065
-13.029
-23.013
-27.111
-22.581
-14.973
-2.737
11.87
23.655
26.292
19.829
5.131
-10.672
-19.279
-17.424
-17.27
-20.318
-21.589
-23.655
-16.435
-4.076
5.511
13.307
21.41
30.488
34.069
25.903
8.129
-13.726
-33.604
-44.711
-39.728
-23.666
-7.494
7.202
15.778
17.041
13.795
6.666
2.202
0.966
1.988
2.71
7.21
9.438
5.324
-2.909
-13.549
-23.282
-31.315
-24.833
-13.152
-3.003
7.842
17.539
22.721
18.983
8.696
-2.009
-9.973
-7.421
0.269
7.332
12.182
12.004
8.992
7.397
8.076
3.987
-1.08
-5.418
-8.13
-11.926
-11.085
-6.635
-1.855
3.721
6.222
2.548
-0.521
1.014
1.132
1.059
-0.763
-1.371
1.712
7.014
6.052
-2.75
-12.236
-16.189
-14.573
-8.389
-0.739
5.461
8.696
9.987
6.585
4.686
6.947
7.408
9.227
10.307
10.944
8.16
3.093
2.244
3.602
6.011
10.3
14.252
17.352
16.617
8.81
-2.498
-10.803
-15.019
-16.819
-13.192
-5.674
2.34
7.284
10.249
8.805
3.132
-5.038
-10.747
-14.305
-18.781
-20.616
-22.825
-24.517
-22.458
-18.693
-18.517
-14.403
-8.435
-1.582
3.385
4.016
6.31
9.826
13.489
13.413
7.338
-0.687
-5.308
-5.538
-3.082
3.646
12.056
15.779
15.215
12.917
9.16
4.748
6.86
12.204
10.467
4.172
-2.871
-7.149
-7.141
-7.126
-7.159
-6.547
-6.844
-7.222
-7.164
-5.799
-5.388
-5.89
-6.932
-9.283
-11.133
-8.218
-0.733
5.587
7.093
5.204
6.24
6.647
7.423
6.851
1.041
-3.788
-2.622
-2.218
-4.97
-8.278
-9.412
-7.817
-2.569
5.631
10.03
10.865
10.638
7.709
4.879
5.529
6.022
2.476
-3.657
-6.934
-7.916
-4.197
0.953
7.78
8.864
5.638
5.253
6.119
8.419
7.311
7.649
10.356
12.757
14.182
11.63
8.033
6.285
5.739
6.778
8.569
9.062
7.01
1.321
-8.293
-16.519
-21.821
-18.544
-13.133
-12.266
-13.682
-18.111
-18.53
-13.521
-6.726
-1.34
2.242
4.115
1.844
-2.73
-6.31
-5.746
-1.563
4.302
12.563
15.653
17.779
20.53
16.201
13.223
8.477
3.033
-2.248
-3.574
-0.959
2.33
5.36
3.158
-2.521
-7.819
-11.451
-15.202
-13.399
-7.264
-2.585
-3.609
-7.733
-10.851
-10.636
-6.197
0.455
4.925
5.956
5.452
4.253
2.674
-0.529
-4.44
-4.3
-2.345
-0.605
-1.041
-2.055
0.755
4.5
5.91
2.203
-2.491
-4.386
-4.02
-3.105
-2.205
-2.887
-2.105
-2.59
-2.698
-1.266
1.212
3.771
5.216
3.839
-1.372
-4.281
-2.622
0.071
-0.879
-3.967
-4.046
-0.418
2.418
2.228
1.138
0.31
0.337
-0.459
-3.948
-6.848
-6.582
-3.073
0.267
3.008
2.501
1.166
1.235
0.02
-0.552
-0.278
1.051
3.201
5.424
6.255
3.62
0.433
-3.055
-4.635
-4.138
-1.984
2.37
6.367
8.209
7.339
6.229
6.244
5.612
5.484
5.489
5.853
2.331
-2.683
-4.78
-4.546
-4.78
-7.298
-7.857
-4.371
1.017
4.723
7.291
6.244
2.812
-2.834
-5.317
-3.991
1.855
6.512
5.169
5.525
5.417
3.827
1.851
-2.182
-6.985
-11.519
-11.772
-10.03
-9.592
-8.455
-6.369
-1.863
3.333
6.484
5.186
5.072
5.492
7.462
6.133
3.641
1.689
-2.881
-4.29
-2.915
-0.443
-0.738
0.514
-0.412
-1.491
-1.111
-0.296
-0.18
0.684
2.45
3.404
3.249
3.235
3.797
3.237
1.544
-0.867
-3.395
-7.5
-9.583
-9.4
-7.741
-4.454
0.626
3.18
7.009
8.943
7.899
5.269
3.22
1.067
-1.555
-1.788
-1.082
2.865
4.729
6.623
4.627
1.787
-2.979
-7.639
-8.995
-6.085
0.93
5.48
8.25
7.021
2.814
-1.599
-5.238
-4.796
-1.831
1.556
4.346
3.914
3.898
3.22
1.768
0.903
-0.05
-1.397
-1.907
-1.752
-0.844
-1.059
0.022
-0.488
-1.831
-3.395
-5.327
-5.919
-6.111
-4.698
-3.752
-5.137
-5.423
-4.155
-1.261
3.765
7.94
7.581
4.567
1.737
-0.135
-0.599
-1.244
-2.859
-4.956
-4.765
-3.539
-1.829
-0.185
1.936
2.512
2.728
2.049
-0.105
-2.26
-2.099
-2.52
-4.888
-3.574
0.712
5.135
6.94
9.998
10.271
6.277
1.327
-3.647
-6.918
-8.835
-6.465
0.065
4.213
5.075
6.407
6.354
6.645
6.666
5.23
3.59
2.885
1.808
-1.666
-3.149
-5.065
-7.007
-6.97
-5.615
-3.806
-3.206
-2.175
-2.948
-4.162
-5.112
-5.782
-4.935
-3.089
-0.347
0.777
1.773
2.862
1.254
-0.097
-2.252
-1.181
-0.356
0.495
1.288
-0.582
-1.19
0.061
0.97
0.601
1.318
2.505
3.888
1.101
-0.75
-1.81
-3.068
-2.192
-1.065
-0.054
1.994
5.172
6.091
5.12
1.896
-1.442
-2.867
-2.082
-0.446
-1.263
-0.176
0.474
-1.618
-3.916
-2.344
0.196
0.484
1.698
2.93
1.631
1.765
2.58
3.228
5.039
4.619
5.345
5.206
5.82
5.461
1.436
-0.087
-0.487
0.524
1.031
1.077
-0.225
-1.594
-2.664
-4.213
-4.187
-4.523
-1.252
0.762
2.713
2.901
0.744
-2.315
-3.906
-3.599
-4.688
-4.015
-0.557
0.978
1.365
0.516
-1.385
-3.703
-3.193
-1.069
-2.005
-2.036
-1.058
0.444
-0.987
-1.695
-2.208
-2.599
-1.646
0.317
0.833
1.592
3.535
4.872
7.287
8.166
5.227
-1.689
-5.275
-6.281
-6.144
-4.532
-3.029
-2.394
-2.958
-4.031
-5.81
-5.886
-4.053
-2.427
-1.133
1.622
4.614
5.026
3.631
1.779
-0.056
-2.157
-1.238
1.184
2.196
2.931
4.147
5.347
6.018
5.265
2.688
-0.198
0.317
1.22
0.602
-0.165
0.0040
2.939
5.803
6.314
5.145
2.974
1.21
0.833
-0.767
-0.996
-0.214
0.966
0.503
1.683
1.45
1.253
1.788
3.011
3.569
2.293
2.44
0.149
-1.147
-1.782
-1.992
-2.989
-0.591
1.52
3.037
2.728
1.713
0.23
-2.304
-3.848
-4.992
-5.197
-3.839
-1.735
-2.027
-1.674
-0.895
-1.543
-2.794
-4.761
-5.044
-4.587
-3.918
-2.165
-3.22
-4.218
-3.533
-2.447
-1.079
-0.876
-1.431
-1.284
0.586
1.226
-1.612
-3.504
-4.68
-5.526
-2.248
0.933
1.976
3.402
3.952
5.195
3.192
1.013
0.273
-2.034
-2.133
0.308
1.957
0.566
1.533
0.824
0.649
1.025
2.569
2.553
0.527
-0.309
-2.767
-1.997
-0.716
0.447
0.131
-2.0
-2.065
-1.929
-0.201
1.538
2.221
3.084
3.019
4.959
2.98
1.192
1.369
0.988
0.91
1.37
1.804
1.425
1.615
1.422
-0.126
-1.785
-1.968
-2.17
-1.61
-0.938
-1.638
-2.363
-2.477
-1.736
-1.732
-1.473
-0.641
-1.39
-0.599
-0.283
0.229
-0.284
1.235
3.417
2.464
2.634
1.803
2.638
3.049
2.574
1.959
0.028
-0.132
0.656
0.624
-1.043
-0.534
-0.635
-1.753
-1.742
-1.978
-1.924
0.24
2.642
3.443
3.618
3.309
2.107
0.39
-1.55
-1.472
-2.499
-1.626
0.61
0.85
3.08
3.184
2.416
1.017
0.611
0.814
0.842
0.648
0.723
0.451
0.918
3.033
3.396
3.575
3.752
3.895
1.936
1.24
1.559
0.477
0.381
2.465
3.07
1.694
0.797
-1.81
-4.943
-6.102
-5.994
-4.871
-3.312
-0.266
0.407
0.705
0.216
-1.603
-3.886
-4.452
-4.936
-5.825
-5.029
-4.904
-4.721
-3.79
-2.334
-2.483
-3.688
-5.137
-5.356
-5.878
-4.407
-2.321
-1.969
-1.391
-0.029
0.163
-0.984
-1.964
-3.795
-4.959
-4.018
-0.471
1.867
2.764
3.377
2.227
0.556
0.278
1.031
1.581
1.452
1.824
2.091
1.604
1.24
1.757
2.038
3.044
4.302
3.967
3.628
3.981
4.42
4.755
3.785
1.398
0.988
1.64
3.262
2.423
2.141
3.663
3.746
3.526
3.98
3.924
1.688
1.421
1.304
1.213
1.567
1.824
0.898
-0.028
0.68
-1.225
-1.864
-1.456
-0.162
-1.565
-1.039
1.62
1.937
0.398
-1.68
-1.726
-2.758
-0.862
0.338
-0.53
0.466
-0.189
-1.806
-3.468
-3.955
-3.443
-4.06
-2.968
-1.686
-1.284
-1.487
-1.324
-1.313
-2.168
-1.953
-2.137
-2.229
-1.509
-0.537
-0.989
-0.806
-0.676
-1.214
-1.727
-2.444
-2.646
-3.699
-3.016
-1.678
-0.749
0.114
0.948
2.339
3.694
2.009
1.309
0.707
1.243
1.44
1.729
1.81
3.011
3.198
1.534
1.565
1.562
1.442
1.634
3.278
1.401
0.513
-0.417
-1.09
-1.99
-3.851
-4.395
-3.822
-2.616
1.578
3.231
1.859
0.732
-2.074
-3.061
-2.874
-2.109
-1.208
-0.166
1.359
1.657
1.834
1.571
2.618
4.074
4.646
5.038
4.508
3.821
3.985
3.884
4.193
4.526
4.801
4.562
4.643
3.178
-0.095
-0.177
-0.199
0.283
0.853
1.094
1.049
1.465
1.143
0.841
-2.407
-3.452
-3.243
-4.298
-4.483
-4.136
-2.934
-3.169
-2.659
-2.735
-4.141
-4.859
-3.534
-3.466
-5.401
-6.029
-6.33
-6.452
-6.387
-5.709
-5.185
-5.601
-3.996
-4.156
-3.915
-3.236
-2.269
-0.949
0.179
1.267
-0.363
-0.319
1.028
1.426
1.674
1.812
3.455
4.059
4.478
3.72
2.184
4.086
5.744
5.065
2.6
2.219
2.776
2.796
2.928
4.084
3.926
3.578
5.082
5.131
4.146
3.659
2.114
-0.215
-0.741
-0.81
-2.474
-1.867
0.386
0.331
1.444
1.572
1.405
0.208
-1.318
-1.536
-2.673
-2.355
-3.048
-2.241
-0.871
0.423
1.237
1.008
1.219
1.072
-0.748
-2.193
-2.64
-3.05
-2.765
-1.453
1.094
2.395
4.308
3.702
2.767
2.899
2.674
2.547
1.7
3.646
2.822
1.591
1.041
-0.56
-2.146
-3.592
-3.244
-3.352
-3.59
-2.552
-2.72
-3.114
-2.039
-1.19
-2.443
-2.452
-1.084
-2.909
-4.282
-5.09
-4.442
-3.434
-3.089
-2.729
-2.626
-1.671
-0.044
-0.896
-0.791
-0.414
-1.408
-0.398
-0.938
-0.577
-0.684
0.126
2.072
1.821
2.02
1.354
1.23
1.592
2.228
1.936
1.574
2.095
2.562
2.389
1.422
3.071
3.525
2.07
1.67
1.507
0.737
1.811
2.711
2.894
2.743
2.689
1.643
-0.315
0.053
-0.13
-0.93
-1.137
1.095
0.96
-0.182
0.701
0.609
-0.347
-2.523
-3.894
-4.03
-3.327
-0.229
1.41
1.833
2.589
2.511
2.306
1.332
0.956
-0.31
-0.02
-0.044
-0.155
-0.37
-0.214
0.4
0.0050
-0.0040
-0.992
-2.56
-1.888
-0.605
-0.705
-2.022
-1.465
-0.893
-2.237
-2.138
-1.997
-2.459
-1.357
0.077
0.407
1.047
2.128
0.717
-0.385
-0.264
-1.54
-2.249
-1.356
1.545
1.871
0.424
0.615
0.34
-0.373
0.089
-0.547
0.012
1.23
3.663
4.165
2.203
1.973
1.458
1.604
1.338
1.637
1.112
1.518
2.946
2.243
2.089
1.994
0.954
0.066
-0.826
-1.707
-2.287
-1.395
-0.337
0.21
-0.268
1.331
0.791
-0.181
-0.72
-0.906
-2.427
-3.355
-1.425
-3.428
-3.084
-3.543
-3.402
-3.411
-3.469
-3.38
-4.756
-3.73
-1.53
-1.758
-3.516
-2.08
-1.255
-0.502
0.516
0.259
0.114
0.672
2.033
1.937
1.665
2.243
1.714
1.12
-0.248
-1.007
-1.186
-0.227
1.105
0.805
0.521
-0.381
-1.44
-1.127
0.337
-0.68
-1.066
-0.285
-0.092
-0.824
-1.215
0.506
0.519
0.113
-0.26
0.146
-0.208
-0.213
0.854
-0.067
-0.473
0.518
1.081
0.428
0.593
0.451
0.285
1.089
1.992
2.7
1.766
2.445
2.437
1.764
1.654
1.865
1.853
1.745
3.836
4.393
4.512
5.291
4.347
4.25
3.685
2.493
1.297
1.677
3.489
2.323
2.419
3.071
2.348
2.78
2.194
1.958
0.247
-1.081
-1.15
-2.416
-3.987
-2.31
-2.149
-3.086
-1.853
-2.032
-3.172
-3.416
-3.073
-4.415
-4.677
-4.533
-3.888
-3.477
-3.144
-3.241
-3.523
-3.976
-2.835
-2.183
-3.5
-3.243
-3.253
-2.919
-2.31
-2.388
-1.372
-0.598
0.75
1.752
1.463
1.681
0.927
0.53
0.688
0.868
-0.174
0.394
1.583
1.589
1.559
1.669
1.379
1.586
2.603
2.194
1.875
1.587
3.828
2.902
0.793
0.411
-0.598
-0.972
-1.086
-0.978
-1.134
-0.082
1.535
0.495
-0.979
-0.865
-0.976
-0.884
-0.365
-0.612
-0.996
-1.12
-0.306
-0.221
-0.888
-0.733
-0.895
-0.313
0.073
-0.117
0.283
0.971
2.837
1.628
1.296
-1.448
-3.229
-0.068
-0.092
1.239
1.093
1.86
2.503
1.257
0.17
-0.014
0.272
0.066
1.102
0.589
-0.573
0.541
0.639
-0.172
-1.519
-1.28
-0.488
0.156
1.007
1.863
1.65
2.112
3.661
3.402
2.633
1.426
0.363
0.0010
-0.113
0.041
-0.057
-0.124
1.812
1.615
0.149
-0.65
-0.707
-0.988
-1.53
-1.079
-0.744
-0.233
1.75
2.307
2.062
1.247
-0.117
-1.476
-2.341
-1.998
-2.502
-2.223
-0.87
-0.208
0.123
-0.145
-0.848
-1.196
-1.47
-2.521
-4.037
-4.477
-4.587
-4.154
-4.209
-2.379
-1.701
-1.233
0.429
0.395
-1.152
-1.143
0.059
-0.564
-1.744
-1.447
-0.509
-0.831
-0.226
0.228
0.67
0.12
1.124
0.777
-1.474
-1.498
-1.422
-0.234
0.952
0.425
1.108
1.024
1.854
1.601
-0.083
0.055
0.191
0.907
0.826
0.248
-1.181
-0.851
0.835
1.245
1.162
1.191
1.234
1.781
2.549
1.317
1.082
1.262
2.351
1.937
1.137
1.457
1.152
1.175
0.464
0.309
0.389
1.006
1.882
2.496
2.987
2.896
3.029
2.29
2.167
2.835
1.693
2.53
4.069
2.699
1.54
0.812
0.7
0.496
0.283
-0.845
-0.98
0.417
0.768
0.78
0.596
0.878
1.03
0.158
-0.078
-0.528
-1.259
-0.394
-0.489
-0.451
-0.815
-1.479
-0.358
0.0070
0.067
-1.215
-2.606
-2.819
-3.074
-2.757
-3.485
-2.498
-2.688
-2.975
-3.055
-3.32
-4.087
-3.724
-1.362
-1.665
-2.428
-1.561
-1.887
-1.802
-1.209
-1.525
-1.9
-2.325
-0.6
-1.386
-2.269
-1.78
-0.588
0.54
0.439
0.227
-0.166
-0.426
0.322
0.322
0.169
-0.361
-1.169
-0.513
-0.578
0.04
-0.858
-0.295
0.677
0.531
0.788
0.72
1.436
1.745
2.737
1.542
0.349
1.584
1.76
2.501
1.897
2.128
2.055
0.658
0.539
1.014
1.184
1.949
3.134
3.031
3.013
3.18
1.959
1.265
2.311
1.346
0.626
0.32
1.43
1.61
0.641
0.421
0.627
-0.078
-0.419
-1.953
-2.702
-2.613
-2.681
-1.283
-1.792
-1.79
-1.306
-2.089
-1.007
-0.636
-2.062
-1.224
-0.185
-0.606
-0.235
-0.644
-1.031
0.163
1.111
1.356
-0.226
-0.168
0.533
-0.038
-0.969
-0.485
0.368
1.097
1.652
2.416
0.518
0.891
2.21
1.422
0.777
1.3
1.9
1.229
1.664
1.3
0.376
-0.566
0.617
0.64
-0.277
-0.803
-1.233
-1.638
-2.159
-1.973
-2.074
-2.109
-1.24
-0.999
-1.995
-1.897
-1.737
-1.275
-0.92
0.02
-0.6
-0.97
0.333
-0.224
0.069
-0.04
-0.164
0.243
-0.295
-1.834
-2.534
-1.867
-1.529
-1.22
-1.011
0.347
0.672
0.276
0.803
1.08
0.54
0.637
1.239
0.762
0.415
0.451
0.433
0.54
0.36
0.546
0.701
1.793
3.489
2.586
1.133
0.232
0.112
0.518
-0.293
-0.486
-0.247
0.162
0.271
0.204
0.311
0.289
0.698
0.472
0.354
0.578
-0.179
-0.17
-0.204
-0.463
-0.071
0.163
-0.201
0.297
0.228
0.232
-0.419
-1.004
0.387
0.11
-0.896
-0.248
0.323
-1.004
-0.233
0.571
-1.271
-1.252
-1.094
-1.491
-0.41
0.192
0.701
0.718
0.673
0.601
0.355
0.503
0.579
0.503
0.608
0.257
0.437
0.574
0.689
1.118
0.729
1.016
1.904
1.052
0.775
0.569
0.913
-1.017
-1.533
-0.893
-2.29
-1.33
-0.252
0.285
-0.87
-0.804
-1.086
-1.03
-1.515
-1.914
-2.148
-2.308
-1.7
-1.761
-1.63
-0.439
-0.271
-1.705
-0.831
-0.521
-0.374
0.305
1.064
0.619
0.36
0.628
0.337
0.771
0.59
0.851
0.171
-0.066
0.999
1.415
0.99
1.226
1.409
1.002
1.101
0.99
1.417
1.175
2.375
3.713
2.716
1.961
2.201
1.787
1.412
2.435
1.276
1.27
1.201
1.243
1.274
0.956
1.387
0.513
0.872
0.754
-0.885
-1.987
-0.045
-0.644
-0.871
-0.185
-1.021
-1.03
-1.893
-0.796
-1.249
-1.587
0.22
-0.673
-1.044
-1.806
-1.852
-1.216
-1.535
-1.756
-3.251
-2.045
-1.505
-2.191
-2.872
-2.933
-2.104
-0.95
-1.642
-1.394
-1.59
-2.397
-0.958
-1.441
-1.495
-1.48
-1.542
-1.551
-1.359
-1.091
-2.294
-3.164
-1.982
-1.835
-1.216
-0.773
-1.101
0.142
0.925
1.126
-0.1
-0.721
0.973
1.842
0.942
1.668
2.119
2.481
2.346
2.346
1.558
0.991
2.453
1.85
1.844
1.766
1.834
1.308
1.877
1.942
1.636
2.201
2.311
3.769
2.564
1.769
2.361
2.586
2.211
1.102
0.972
0.602
2.112
1.176
-0.393
-0.651
-0.305
-0.33
0.568
0.219
0.0
0.07
0.198
0.856
-0.391
0.203
0.231
0.366
1.299
0.32
-1.066
-2.64
-3.066
-2.177
-1.836
-1.482
-0.785
-0.736
-0.951
-1.706
-2.764
-1.967
-1.089
-0.33
-0.56
-0.562
-0.717
-1.714
-0.818
-1.041
-1.026
-0.825
-0.4
0.22
0.253
0.479
-0.509
-0.666
-0.328
-0.525
-0.697
-0.825
-0.465
0.778
0.45
-0.192
-0.209
0.106
0.712
0.243
0.325
0.979
2.405
2.778
2.272
1.969
2.375
1.865
2.047
1.011
0.101
0.615
0.584
1.148
0.324
-0.185
0.447
0.27
0.112
-0.204
-0.08
0.256
0.649
1.337
0.303
1.018
0.01
0.068
0.23
0.046
-0.038
0.061
0.071
-0.098
0.074
-0.576
0.029
-0.937
-1.362
-1.554
-1.011
-0.818
-0.056
0.785
0.112
-0.419
0.047
0.355
-0.012
0.834
0.144
-0.173
-0.381
-0.442
-0.61
-0.811
-0.352
-0.656
-0.194
0.317
-0.318
-0.435
-0.324
-0.754
-1.96
-1.944
-2.655
-2.391
-2.27
-2.908
-2.131
-1.603
-1.318
-1.971
-2.938
-1.534
-2.053
-2.458
-2.232
-2.514
-1.945
-2.138
-0.899
0.332
-0.863
-1.332
-0.297
-0.355
0.2
-0.087
-0.284
-0.623
0.129
0.863
0.648
-0.801
-0.413
0.787
1.556
2.303
1.056
1.952
1.836
2.65
2.755
1.793
2.489
1.239
0.9
-0.431
0.261
0.268
-0.221
0.644
0.357
1.952
2.476
2.383
1.266
1.505
1.645
0.531
1.336
1.623
2.333
2.406
3.082
1.688
2.289
2.208
0.99
0.477
0.735
2.156
0.223
0.811
-0.24
-0.748
-0.685
-1.223
-0.73
-0.024
0.533
0.135
0.89
0.285
-1.373
-1.317
-2.401
-1.885
-2.26
-1.631
-1.413
-1.574
-1.549
-2.206
-1.74
-1.665
0.045
0.486
-0.679
-1.624
-0.207
-0.012
-1.476
-1.947
-1.346
-0.669
0.463
0.726
0.655
0.13
0.55
0.687
0.649
0.367
0.339
0.683
0.726
0.717
-0.335
0.47
1.089
1.315
0.918
0.547
1.209
0.727
0.186
-0.317
-0.141
0.442
1.209
1.5
1.091
0.964
0.9
0.492
0.403
2.062
0.804
1.21
0.268
0.892
0.306
-0.163
0.224
0.235
1.472
-0.179
-0.092
-0.914
-0.605
-1.343
-0.822
-0.315
-1.248
-1.093
-0.711
-1.365
-0.7
-0.536
-0.25
-0.105
-0.761
-0.879
-0.277
-0.123
-0.327
-0.59
-0.526
-0.715
0.472
1.011
0.42
-0.146
-1.173
-0.166
-0.37
-1.021
-0.842
-1.027
0.662
1.03
0.536
-0.19
0.288
-0.078
-0.698
-0.198
-0.441
-0.64
-0.76
-0.075
-1.002
-0.4
-0.338
0.455
-0.266
0.136
-0.064
-1.238
-0.08
-0.618
-0.666
0.109
0.038
-0.281
0.405
1.707
0.991
0.216
0.156
0.789
0.305
1.773
0.759
-0.243
0.511
-0.059
0.882
-0.0070
0.973
1.329
2.056
