2.453
0.736
1.472
0.491
-1.3
-1.57
-1.57
-2.772
-3.434
-3.434
-3.434
-3.434
-3.434
-3.434
-3.434
-3.376
-3.336
-3.336
-4.514
-3.336
-3.336
-3.336
-3.336
-3.238
-3.238
-3.238
-3.238
-4.121
-4.416
-3.238
-3.95
-2.748
-2.649
-3.95
-4.318
-3.14
-4.023
-3.091
-3.042
-3.851
-3.042
-3.042
-3.336
-4.219
-4.102
-4.023
-4.023
-5.004
-4.023
-4.023
-4.023
-3.214
-1.864
-1.864
-1.864
-0.834
0.196
0.196
1.178
2.257
2.257
3.287
3.582
4.121
4.318
4.318
4.396
4.514
2.895
2.355
2.355
0.393
-0.039
-1.128
-1.57
-1.57
-1.57
-1.57
-1.57
-1.57
-0.834
0.589
0.589
0.319
-0.491
-0.981
-1.472
-0.491
-0.393
0.687
0.687
0.687
0.687
0.687
0.687
0.711
0.245
-0.883
-1.276
-2.257
-2.257
-2.257
-2.748
-2.429
-1.374
-1.178
0.883
1.128
1.374
2.355
2.139
1.963
1.766
1.227
1.472
0.981
0.981
1.178
1.079
1.079
1.57
1.325
1.079
1.079
1.128
1.276
0.687
-0.638
-0.883
-0.883
-0.883
-0.844
-0.785
-0.049
1.374
1.276
1.276
0.245
-0.785
-0.711
-1.668
-0.687
-0.932
-1.668
-1.079
-2.232
-1.57
-2.649
-2.649
-3.14
-4.219
-4.612
-4.612
-5.691
-6.575
-6.575
-7.87
-8.733
-8.733
-8.733
-8.684
-8.537
-7.301
-5.74
-4.416
-3.238
-2.183
-0.883
-0.319
0.491
0.687
1.864
1.864
2.355
3.582
3.827
3.925
5.004
4.573
3.925
3.189
2.159
1.963
0.147
0.883
0.393
0.638
0.883
0.883
3.042
3.474
4.121
4.931
5.201
4.121
3.14
2.277
1.079
0.442
-0.883
-0.883
-0.883
-0.883
-1.423
-1.963
-1.884
-2.846
-2.846
-2.453
-2.355
-2.11
-1.864
-0.589
-0.589
-0.589
-0.589
0.074
0.294
0.294
1.325
1.472
1.472
0.662
-0.589
0.393
-1.668
-1.619
-2.159
-3.287
-2.551
-2.551
-2.306
-1.57
-1.57
-0.687
0.589
0.589
0.834
2.11
2.649
2.649
2.748
3.14
4.71
5.789
6.869
6.79
8.93
8.954
9.028
9.028
9.028
9.028
7.85
7.85
7.497
6.967
5.422
4.121
2.944
2.429
0.883
0.883
0.221
-0.942
-1.178
-1.178
-1.178
-1.178
-0.368
-1.079
-1.079
-0.196
-1.079
-1.079
-1.079
-1.079
-3.042
-2.944
-2.944
-2.944
-3.753
-4.023
-4.023
-4.735
-3.925
-4.514
-4.906
-4.906
-4.906
-4.906
-4.465
-3.905
-3.017
-2.748
-2.748
-2.502
-1.276
-0.785
-0.707
-0.687
-0.172
1.374
1.374
2.11
3.219
3.434
3.533
3.533
3.533
3.533
1.884
3.533
3.533
3.572
3.631
3.631
3.631
2.551
2.306
1.138
0.589
0.687
0.687
1.668
0.662
0.589
0.589
0.589
-0.393
-0.393
-0.393
-0.883
-1.963
-2.355
-2.355
-2.257
-2.257
-2.257
-2.257
-2.257
-2.257
-0.294
-0.27
-0.196
0.613
0.02
-0.196
0.02
0.883
0.932
1.717
1.963
1.963
1.227
1.57
0.981
0.981
1.079
1.079
2.061
2.061
2.061
2.061
1.079
0.098
0.098
0.098
0.098
-0.711
-0.981
-1.963
-1.913
-2.355
-3.533
-3.925
-3.925
-2.944
-2.674
-0.785
1.104
2.159
4.416
6.378
7.203
8.439
8.439
8.517
8.537
6.231
5.495
5.004
3.704
2.649
1.57
1.276
0.0
-0.098
0.393
-1.57
-1.57
-2.87
-4.357
-6.084
-7.31
-7.556
-8.733
-8.979
-8.586
-6.869
-5.74
-3.434
-3.022
-1.374
-1.374
-0.785
-0.319
-0.294
-0.098
0.442
0.196
0.687
0.687
0.785
0.785
0.392
-0.687
-1.178
-2.041
-1.178
-1.153
-1.079
-0.098
0.883
0.883
1.963
2.453
2.944
4.376
4.318
5.201
5.201
5.446
5.691
5.201
5.279
3.14
2.895
1.727
1.079
1.079
1.079
1.178
1.447
2.748
3.238
3.238
3.238
3.238
3.277
3.336
3.336
3.336
3.336
3.336
3.336
4.072
4.396
4.416
4.17
3.042
1.913
0.638
-0.589
-1.57
-2.551
-3.042
-4.239
-4.71
-4.71
-4.71
-4.671
-3.533
-3.189
-3.434
-2.453
-2.208
-1.521
-0.613
0.491
1.668
1.938
2.748
2.208
2.478
1.668
1.766
1.521
0.294
-0.844
-1.349
-2.355
-2.316
-2.699
-4.318
-5.054
-5.299
-5.299
-5.299
-5.79
-5.632
-5.201
-5.201
-4.219
-4.219
-4.219
-3.41
-2.983
-2.944
-2.699
-1.963
-1.963
-1.227
-0.981
-1.531
-0.074
-0.883
-0.883
-0.883
-0.883
-0.883
-0.294
0.294
1.766
2.257
2.257
2.257
2.257
2.257
2.355
1.374
0.638
1.864
2.355
3.219
4.416
5.127
6.673
6.673
7.409
6.673
6.673
6.673
6.722
5.961
5.691
4.71
4.44
3.631
2.821
2.63
1.668
0.687
0.687
0.687
0.687
0.687
2.669
3.042
4.416
4.906
4.906
4.906
4.906
4.465
4.023
4.023
4.023
2.846
2.355
1.864
1.128
-0.098
-0.294
-1.595
-3.631
-4.857
-6.182
-7.163
-8.046
-8.046
-8.046
-7.31
-6.084
-4.514
-2.61
-0.932
0.981
3.238
4.514
5.814
7.36
7.36
7.36
6.378
5.152
3.876
2.6
0.628
0.196
-3.066
-3.729
-4.219
-6.256
-6.771
-7.752
-8.022
-8.831
-8.758
-8.733
-8.733
-7.409
-6.182
-5.044
-3.876
-1.374
-0.147
1.619
3.238
4.44
5.691
6.673
6.992
7.948
7.065
6.771
5.79
5.544
4.808
4.882
4.043
3.827
3.582
2.846
2.355
1.055
0.785
-0.098
-0.098
-1.128
-2.159
-2.159
-2.159
-2.924
-2.061
-2.061
-2.061
-2.061
-2.061
-2.159
-1.295
0.049
0.098
1.079
1.079
0.834
0.098
0.834
1.158
0.196
1.178
1.178
1.178
1.178
1.079
0.098
0.049
-1.276
-2.453
-3.582
-3.827
-4.906
-5.127
-5.299
-3.999
-3.729
-3.729
-3.484
-2.748
-2.748
-3.41
-2.649
-2.649
-3.14
-1.668
-2.257
-1.913
-1.57
-1.3
-0.098
0.491
2.036
4.514
4.514
5.888
7.801
8.831
8.831
8.831
9.813
9.42
8.341
7.041
5.79
4.71
3.483
2.208
1.079
-0.932
-1.276
-2.355
-3.336
-3.336
-3.336
-3.336
-3.336
-2.257
-2.257
-2.257
-2.257
-2.257
-1.276
-1.521
-2.698
-3.14
-3.95
-3.14
-3.356
-3.95
-3.14
-3.066
-2.257
-2.061
-1.079
-0.648
0.491
0.981
0.981
1.079
1.325
2.061
2.708
3.14
3.14
1.864
1.104
0.687
-0.613
-0.883
-0.883
-0.883
-0.613
0.736
1.276
1.276
1.276
2.257
2.257
2.905
3.336
3.434
3.631
4.661
5.397
5.397
5.397
5.397
5.495
5.495
5.004
3.778
3.533
3.533
1.619
2.041
1.57
-0.049
-1.57
-1.57
-2.551
-2.551
-3.14
-3.533
-2.453
-2.453
-2.453
-2.453
-1.717
-0.687
-0.393
-0.393
-0.393
-0.393
-0.393
1.668
1.668
1.766
1.766
2.355
2.012
1.766
1.334
-0.393
-0.834
-1.276
-1.276
-2.257
-1.079
-0.294
-0.294
-0.221
1.864
1.864
1.864
1.864
1.864
1.864
1.864
-0.098
-0.098
-0.589
-1.079
-1.889
-2.159
-2.12
-1.987
-1.57
-1.079
-0.294
-0.098
1.963
2.355
3.582
3.336
4.219
4.219
4.121
4.121
4.121
3.385
3.14
1.747
0.098
-0.392
-2.502
-4.612
-7.065
-9.028
-9.813
-11.579
-12.168
-12.168
-12.168
-9.543
-7.85
-7.85
-6.378
-3.827
-2.63
-1.758
-1.717
-1.676
-1.668
-1.668
-2.846
-2.846
-2.846
-2.036
-1.57
-0.589
0.908
2.453
3.999
4.514
6.476
6.256
5.593
5.593
4.857
3.434
3.434
2.453
1.963
1.531
0.761
0.491
0.491
0.76
1.57
1.57
1.649
1.668
2.649
2.649
2.649
1.03
2.649
2.551
2.748
2.748
2.674
3.434
4.808
4.789
4.759
4.906
4.906
4.808
4.808
3.729
3.238
3.336
3.802
2.846
2.649
1.595
0.245
-0.883
-2.821
-4.219
-4.489
-5.299
-5.299
-4.489
-3.434
-1.178
-0.908
0.393
1.531
2.698
2.944
2.944
2.429
0.932
0.393
-0.736
-3.042
-3.67
-5.937
-6.182
-7.163
-7.006
-6.084
-4.808
-2.944
-1.315
0.589
1.079
3.238
3.778
4.808
4.219
4.219
5.397
4.219
3.905
3.434
3.434
2.453
1.079
0.049
-1.227
-2.885
-4.44
-6.673
-7.752
-7.997
-8.243
-7.752
-7.752
-6.575
-6.329
-5.201
-4.072
-2.797
-1.57
-0.392
0.932
2.698
3.729
3.729
5.79
7.016
8.184
8.93
8.145
9.028
9.028
7.85
7.36
6.869
5.397
3.925
1.472
-0.859
-4.22
-6.535
-10.377
-12.364
-14.327
-14.327
-14.327
-12.781
-11.481
-9.224
-6.942
-5.004
-3.376
-2.208
-1.963
-1.55
0.098
0.098
0.908
1.178
1.178
2.159
1.766
1.668
2.159
1.178
1.374
0.834
-1.276
-1.766
-2.502
-3.827
-5.77
-5.961
-6.771
-6.771
-6.771
-5.691
-5.446
-4.318
-3.091
-2.453
-2.453
-1.472
-1.742
-2.061
-1.57
-1.423
0.687
0.687
0.932
2.159
2.649
2.649
4.71
4.808
4.808
5.299
5.789
4.808
4.808
5.839
5.986
6.795
7.065
7.065
8.046
8.046
7.556
7.139
5.515
5.103
2.698
1.138
-0.589
-1.079
-1.962
-1.963
-1.717
-0.491
0.648
1.815
3.042
3.297
4.563
5.299
5.299
4.514
4.318
3.508
4.357
4.416
5.152
5.397
5.397
5.495
5.495
5.495
5.569
5.593
4.612
4.342
3.533
2.797
1.766
-1.374
-3.042
-4.946
-6.084
-8.12
-9.42
-9.616
-10.573
-10.5
-10.5
-10.5
-10.5
-10.5
-10.769
-12.021
-12.462
-11.653
-10.303
-9.911
-7.826
-5.789
-3.753
-0.981
0.0
1.496
3.042
3.631
4.023
4.023
4.219
4.489
5.299
5.299
6.084
5.299
5.029
4.259
3.336
2.355
1.492
0.294
-0.687
-1.227
-1.707
-2.404
-2.649
-3.631
-4.955
-6.182
-7.32
-8.488
-9.616
-10.029
-11.922
-12.658
-13.365
-14.498
-15.7
-16.682
-16.682
-17.172
-17.663
-16.878
-16.682
-16.682
-16.211
-15.504
-16.314
-15.504
-14.523
-13.247
-12.364
-10.539
-8.513
-6.084
-3.091
1.609
5.593
8.709
14.228
18.075
21.563
26.74
30.297
32.382
35.915
37.485
40.085
41.213
41.949
43.274
44.255
44.501
45.776
46.463
47.297
48.475
48.475
48.082
47.003
45.629
42.293
40.428
37.362
32.657
28.261
23.452
19.409
14.719
10.205
6.133
1.374
-2.885
-5.961
-10.598
-13.463
-17.172
-20.705
-24.591
-28.089
-30.91
-35.031
-38.834
-42.587
-45.295
-47.592
-51.222
-52.302
-53.528
-54.264
-54.264
-53.455
-52.204
-49.633
-47.984
-47.003
-42.121
-39.84
-36.699
-31.008
-23.6
-16.191
-8.734
-2.845
4.71
12.168
19.625
27.181
33.069
37.607
40.232
42.047
42.371
42.391
40.894
38.956
37.288
34.663
30.93
27.083
22.922
20.729
15.946
12.56
9.342
5.691
1.472
-2.331
-7.703
-12.56
-17.638
-22.765
-25.336
-26.985
-27.426
-28.604
-28.849
-28.849
-29.517
-27.868
-27.377
-25.93
-22.569
-21.588
-18.938
-16.927
-15.21
-12.879
-10.303
-7.629
-5.26
-3.042
-0.442
2.159
4.121
5.43
6.738
7.261
8.203
9.42
9.666
10.401
10.401
11.285
11.579
12.56
13.542
14.13
14.719
14.719
13.542
14.405
12.217
10.598
9.42
7.09
6.575
5.348
4.612
4.612
3.876
5.691
5.691
6.673
7.065
7.752
9.396
10.892
11.108
12.217
13.443
13.934
13.228
12.07
10.598
8.513
5.937
3.434
1.217
-1.276
-5.613
-7.752
-10.303
-12.928
-15.013
-17.467
-18.84
-20.656
-22.422
-24.188
-25.376
-25.611
-25.611
-25.611
-24.973
-23.6
-21.294
-18.252
-14.621
-11.088
-6.555
-1.815
1.276
4.44
7.85
8.979
10.254
10.5
10.5
10.451
9.715
9.715
8.831
8.537
8.537
8.341
7.752
7.693
6.918
5.593
4.416
3.361
1.57
0.648
0.687
0.687
0.883
2.183
4.219
7.065
10.009
11.971
15.872
19.674
22.432
24.875
26.396
28.481
28.555
28.555
27.009
24.846
21.294
16.289
11.186
5.201
-0.196
-5.839
-11.873
-16.78
-22.913
-28.516
-33.756
-39.79
-44.942
-47.886
-50.805
-53.087
-53.087
-53.013
-49.947
-46.807
-42.464
-36.062
-29.806
-24.551
-18.448
-12.192
-5.888
-0.334
5.348
11.579
16.731
21.117
24.041
28.113
31.106
32.186
33.167
33.167
33.167
33.314
33.363
33.363
29.708
27.377
24.679
20.876
18.389
14.032
9.243
5.716
1.423
-2.355
-6.305
-10.5
-11.481
-11.971
-13.443
-12.462
-12.217
-11.481
-9.42
-6.673
-4.17
-0.726
1.766
5.102
7.477
9.126
10.254
11.971
12.364
12.364
11.383
10.843
9.224
7.678
4.808
3.238
0.353
-3.95
-7.791
-10.058
-11.088
-12.953
-14.032
-14.277
-14.621
-14.032
-14.032
-12.953
-10.99
-10.377
-7.752
-5.495
-3.901
-0.589
0.589
1.938
4.121
5.26
5.691
6.673
7.261
5.421
3.042
-0.294
-5.152
-11.285
-16.191
-22.177
-27.328
-32.529
-35.286
-38.392
-39.153
-40.35
-41.213
-40.674
-38.956
-35.816
-31.891
-27.927
-23.747
-19.282
-14.449
-10.068
-5.201
-0.024
5.152
12.109
17.687
22.569
26.416
30.174
32.873
33.952
35.522
37.092
35.914
35.914
35.914
36.062
35.326
34.148
31.793
30.738
28.947
27.157
25.317
22.962
19.92
16.78
11.334
6.476
1.398
-3.16
-8.341
-13.561
-17.785
-22.913
-26.848
-29.536
-32.088
-34.246
-34.295
-35.031
-35.031
-34.295
-34.05
-32.971
-31.72
-30.91
-29.831
-27.206
-25.709
-23.649
-20.092
-17.516
-14.307
-10.132
-5.103
0.608
4.072
9.224
13.566
16.132
20.607
25.415
29.831
33.069
35.399
38.073
38.073
40.134
40.134
40.134
40.134
40.134
38.171
37.656
35.326
33.167
31.376
27.966
26.004
23.428
21.097
18.448
13.811
11.186
6.672
3.866
0.0
-2.993
-6.339
-9.028
-11.579
-12.56
-14.081
-16.093
-16.682
-17.491
-17.682
-19.625
-19.625
-19.586
-18.546
-16.755
-16.485
-14.523
-12.56
-9.42
-7.212
-3.9
0.0
2.669
5.912
9.322
13.394
16.937
20.606
24.434
27.77
29.399
31.376
33.069
33.069
33.069
33.069
31.774
29.364
25.905
23.119
18.865
14.032
9.714
5.274
0.393
-2.649
-7.335
-10.873
-14.278
-16.608
-18.448
-19.92
-22.373
-23.845
-23.845
-25.39
-26.691
-27.868
-30.174
-31.342
-32.922
-34.663
-35.718
-36.896
-38.22
-38.956
-38.956
-39.619
-39.84
-39.84
-40.625
-39.741
-40.33
-40.036
-39.741
-38.662
-35.007
-31.45
-26.347
-22.883
-16.092
-9.666
-3.65
1.963
7.605
10.696
14.562
18.374
20.95
23.599
25.788
26.2
26.2
26.2
26.2
26.2
26.396
26.396
27.647
28.457
28.947
29.438
29.536
30.517
30.616
30.616
30.616
29.88
29.634
28.241
26.617
25.66
23.452
21.122
19.625
16.583
13.027
10.228
7.095
3.963
1.374
-1.668
-1.938
-3.238
-4.318
-4.637
-4.514
-5.691
-5.054
-6.624
-7.163
-9.175
-9.715
-10.5
-11.824
-12.56
-12.56
-12.56
-12.56
-12.56
-11.996
-10.303
-9.567
-7.673
-5.299
-2.38
0.726
3.042
6.403
9.224
11.383
12.609
13.885
14.425
14.425
14.621
13.541
11.579
10.5
8.184
5.078
1.276
-0.589
-4.146
-7.213
-9.322
-10.598
-12.756
-13.934
-16.142
-16.829
-17.957
-20.361
-21.882
-24.924
-27.5
-29.791
-31.94
-34.516
-36.994
-36.994
-38.073
-38.073
-37.043
-35.129
-32.775
-30.086
-26.813
-22.52
-18.154
-14.15
-9.028
-3.974
2.159
7.732
12.806
18.645
25.587
29.556
33.118
36.429
39.251
41.311
43.863
45.335
46.689
47.592
48.573
47.395
46.34
44.55
42.023
39.074
36.503
31.676
27.672
23.796
21.038
17.196
14.13
12.168
7.605
3.984
-0.54
-3.606
-5.77
-9.224
-11.579
-13.664
-15.7
-18.546
-19.253
-21.392
-22.353
-22.496
-23.158
-22.422
-22.177
-20.018
-17.786
-16.191
-13.983
-12.07
-11.775
-10.696
-10.696
-11.128
-11.775
-11.702
-11.579
-11.579
-11.309
-10.451
-9.813
-8.684
-7.36
-7.32
-7.163
-7.163
-7.163
-7.163
-7.163
-7.163
-7.114
-6.967
-6.967
-7.83
-8.046
-9.028
-9.028
-9.028
-8.954
-8.145
-6.771
-5.544
-4.377
-3.189
-1.104
-0.589
0.491
1.496
1.57
1.57
0.098
-0.393
-2.453
-2.6
-3.336
-3.876
-4.416
-5.397
-4.416
-4.391
-3.729
-3.14
-2.404
-2.159
-0.864
0.0
0.0
1.236
2.944
3.238
3.238
2.968
2.698
1.693
0.393
-1.766
-4.023
-5.054
-6.82
-8.439
-8.831
-7.85
-6.158
-4.219
-2.551
0.074
3.63
4.612
7.016
8.88
10.598
11.726
11.971
12.487
14.032
14.081
14.204
14.228
14.228
14.228
15.308
16.387
17.123
19.429
21.019
22.913
24.139
25.439
27.279
27.672
28.874
28.947
29.536
29.929
29.929
29.929
29.929
29.438
29.065
29.144
27.083
23.531
21.392
18.399
15.332
13.247
10.892
8.4
6.427
5.201
5.446
5.77
5.79
8.194
9.322
10.99
12.806
14.13
16.093
16.117
16.191
16.265
15.504
14.327
12.756
10.671
8.095
5.667
3.552
1.079
-0.098
-1.644
-4.465
-6.476
-8.537
-9.911
-11.088
-11.049
-11.481
-11.971
-11.971
-11.971
-11.873
-11.873
-11.285
-10.892
-11.873
-11.873
-12.07
-13.247
-13.762
-13.738
-13.738
-13.738
-13.738
-13.738
-13.664
-13.64
-12.462
-11.481
-11.481
-12.07
-12.462
-13.443
-13.64
-14.425
-14.915
-16.216
-17.27
-17.467
-18.423
-18.35
-18.35
-19.159
-19.429
-18.252
-17.516
-17.712
-15.936
-15.112
-14.13
-12.717
-10.745
-8.979
-7.212
-5.691
-3.729
-2.404
-0.589
1.079
2.208
4.514
5.75
7.261
9.764
11.53
13.836
14.817
17.221
18.546
19.135
19.208
19.233
18.997
17.81
16.044
13.541
11.481
9.028
6.457
3.753
0.883
-1.104
-2.806
-4.023
-4.023
-4.023
-2.993
-1.227
0.0
4.16
9.052
13.492
17.786
19.723
23.746
26.298
27.819
27.927
27.966
27.966
27.77
26.47
24.434
22.324
18.566
14.817
9.95
5.814
1.521
-2.11
-4.22
-5.691
-6.771
-7.556
-7.556
-7.556
-6.575
-7.556
-7.556
-7.517
-7.997
-9.273
-8.537
-9.518
-9.764
-11.039
-11.505
-11.481
-13.443
-12.658
-13.713
-14.523
-15.259
-15.504
-15.406
-15.406
-15.406
-14.376
-12.609
-10.205
-9.224
-6.574
-4.514
-1.643
-0.098
2.159
4.121
5.338
7.801
9.175
10.401
12.462
13.738
15.112
15.602
16.466
16.682
16.682
16.682
16.682
15.946
15.7
13.64
12.511
11.304
9.616
8.635
6.575
5.593
4.37
3.653
2.936
1.84
0.589
0.589
-1.963
-3.434
-4.612
-7.016
-9.519
-12.56
-14.13
-17.172
-19.39
-20.484
-22.765
-22.765
-23.011
-23.747
-24.336
-24.728
-24.728
-25.906
-26.691
-27.181
-27.672
-28.535
-29.733
-30.689
-30.616
-30.616
-30.616
-28.653
-28.653
-27.328
-26.102
-24.846
-23.6
-22.373
-22.373
-22.373
-22.373
-23.109
-24.139
-26.298
-27.888
-30.616
-31.989
-34.026
-35.326
-35.522
-34.884
-32.048
-28.702
-23.428
-13.738
-3.361
6.123
15.406
25.881
36.209
46.634
57.012
66.138
75.73
86.253
96.582
107.007
115.005
120.362
125.406
128.08
130.921
132.864
134.336
136.887
136.887
136.348
134.238
133.276
130.607
126.78
115.202
100.923
87.686
75.066
62.447
49.358
37.328
23.453
12.07
-2.355
-15.524
-28.162
-40.625
-53.822
-65.823
-79.679
-93.378
-105.487
-118.656
-131.294
-140.636
-145.351
-146.111
-147.191
-146.675
-143.119
-137.942
-129.625
-122.56
-113.533
-104.652
-95.625
-86.745
-78.364
-71.927
-65.107
-56.963
-45.727
-34.777
-25.194
-13.738
-2.207
9.321
20.656
31.185
41.214
52.669
64.175
75.534
87.087
98.569
104.957
110.001
113.656
115.986
117.164
117.237
116.281
112.257
108.087
101.659
92.485
82.133
73.478
63.488
55.148
44.721
35.09
25.856
16.682
7.164
-3.238
-11.579
-22.005
-31.596
-40.771
-49.946
-59.612
-69.867
-78.306
-88.118
-96.901
-107.4
-114.632
-120.574
-126.78
-130.902
-135.783
-138.889
-140.125
-138.58
-136.004
-129.822
-117.164
-104.407
-91.651
-78.894
-66.333
-54.598
-43.373
-30.615
-17.958
-5.201
7.557
20.165
29.261
35.031
38.687
41.096
42.882
43.372
43.274
42.293
39.717
37.239
35.071
32.627
31.106
28.065
25.758
24.63
23.06
20.46
19.92
18.939
18.939
18.448
17.957
17.957
16.976
15.995
15.479
12.413
8.419
2.944
-2.807
-9.42
-13.502
-18.423
-20.705
-23.06
-24.63
-24.826
-23.575
-21.902
-18.595
-15.038
-9.322
-0.922
6.059
14.424
22.864
31.303
39.506
46.389
54.657
62.04
66.334
71.632
76.441
80.317
84.899
90.031
94.104
99.035
102.248
104.947
107.277
110.687
112.552
113.974
114.71
114.769
114.809
112.748
111.256
108.357
99.354
87.863
75.975
65.157
52.596
42.195
29.168
17.171
5.79
-7.286
-18.153
-30.616
-40.919
-54.019
-66.02
-77.472
-88.863
-100.752
-111.727
-124.229
-135.985
-142.554
-146.405
-149.153
-151.484
-152.882
-152.882
-152.097
-149.398
-143.977
-137.574
-127.094
-117.924
-107.008
-96.165
-85.272
-74.406
-63.635
-52.718
-43.47
-32.971
-22.103
-11.775
-2.037
7.752
17.153
25.342
35.178
44.943
51.909
55.461
57.355
59.122
60.225
60.25
59.269
56.693
54.362
51.075
43.593
37.092
30.321
23.275
17.172
9.813
3.395
-3.336
-10.795
-17.564
-23.722
-30.419
-36.896
-42.931
-50.044
-56.226
-62.821
-66.285
-70.897
-73.963
-75.263
-76.637
-76.637
-76.598
-74.429
-70.038
-65.254
-56.276
-48.004
-40.183
-31.155
-22.177
-13.198
-4.22
3.611
11.922
20.312
28.531
35.227
39.761
44.427
47.592
51.124
53.42
55.147
56.595
56.914
56.482
54.51
52.253
49.186
46.944
44.648
42.587
42.587
42.587
43.323
43.568
43.568
43.348
42.685
42.685
42.685
42.685
42.685
41.861
40.674
39.251
37.681
35.718
32.799
28.997
26.18
23.845
18.349
11.972
10.426
4.023
-2.512
-6.403
-10.303
-13.463
-14.817
-16.829
-17.368
-17.368
-17.467
-15.308
-14.229
-11.972
-9.641
-6.967
-3.435
-1.138
1.128
3.778
6.378
8.831
11.456
15.602
18.865
21.686
25.375
28.727
31.499
34.271
35.031
35.031
35.031
35.129
33.991
31.622
28.064
24.198
19.871
14.228
8.616
1.752
-6.288
-14.327
-23.06
-31.842
-39.506
-47.592
-56.129
-63.096
-71.829
-79.169
-83.8
-86.916
-89.394
-90.473
-88.805
-86.254
-82.76
-78.06
-69.866
-61.206
-53.087
-44.966
-36.995
-30.615
-22.643
-14.67
-6.697
1.276
9.126
15.504
20.852
23.109
26.495
29.536
29.536
29.585
29.634
29.634
28.653
27.402
25.336
21.931
19.012
16.485
14.425
11.922
9.813
8.086
6.525
5.201
3.336
3.042
2.159
1.423
1.178
1.178
0.981
-0.196
-0.785
-2.257
-4.808
-6.005
-7.384
-8.93
-9.518
-11.383
-11.873
-11.873
-11.873
-11.383
-10.156
-8.635
-6.261
-4.097
-0.981
5.152
10.696
15.504
21.539
26.739
32.088
36.405
36.405
36.92
37.975
36.749
36.503
34.541
32.971
30.282
26.298
20.975
16.544
11.579
6.515
2.061
-2.698
-6.133
-8.89
-11.383
-12.854
-15.151
-16.387
-17.933
-18.448
-19.429
-20.165
-19.871
-20.312
-20.312
-21.392
-23.624
-24.826
-25.415
-26.887
-27.378
-28.359
-28.113
-27.377
-27.377
-24.944
-22.275
-19.257
-15.995
-13.188
-8.807
-3.729
-0.255
2.257
6.182
8.488
10.794
13.169
14.817
14.817
14.817
14.891
14.915
13.934
13.502
13.394
13.934
14.032
15.112
15.357
16.093
16.74
17.908
19.135
20.41
21.244
21.392
19.773
17.663
17.27
14.694
11.932
9.616
7.654
4.651
2.061
-1.742
-5.711
-9.764
-13.566
-15.818
-19.233
-19.527
-20.803
-21.392
-22.128
-22.373
-23.452
-24.581
-25.857
-26.985
-28.923
-30.419
-31.617
-32.456
-32.382
-32.382
-31.572
-31.302
-29.806
-27.868
-25.219
-21.539
-16.878
-11.363
-6.526
-0.343
5.838
11.972
16.976
22.128
26.739
30.542
34.443
36.503
38.466
39.545
41.92
42.783
42.783
42.268
40.33
38.662
35.375
32.205
27.574
23.452
19.846
15.7
13.394
12.364
12.364
12.364
12.364
11.775
11.26
11.285
12.364
10.401
10.401
10.401
9.666
8.341
7.163
6.108
4.857
3.179
0.883
-0.687
-3.081
-5.054
-7.31
-8.773
-9.543
-9.813
-9.518
-8.243
-6.623
-5.593
-3.631
2.649
7.63
11.922
17.835
21.097
23.158
25.587
26.887
27.377
27.377
27.377
27.181
26.151
24.384
21.882
19.822
16.387
13.698
10.426
6.624
3.278
-0.147
-4.023
-8.046
-10.868
-14.719
-18.114
-20.877
-22.373
-25.317
-25.562
-26.298
-25.562
-25.317
-23.158
-20.14
-15.72
-11.824
-7.531
-1.57
1.865
4.489
9.665
12.56
13.934
15.897
15.897
15.406
13.679
11.383
7.948
2.846
-2.306
-7.006
-11.481
-15.823
-19.625
-21.686
-25.17
-27.574
-29.291
-32.112
-32.873
-32.873
-32.848
-32.774
-32.068
-31.597
-29.635
-28.359
-27.034
-23.894
-20.827
-19.233
-17.172
-14.596
-13.051
-13.051
-13.051
-14.13
-16.21
-17.834
-20.116
-21.588
-23.727
-24.139
-25.101
-24.777
-22.962
-20.41
-17.859
-12.659
-9.174
-2.502
2.699
7.026
10.892
14.989
19.674
22.373
25.513
29.438
29.978
31.597
31.597
31.597
29.536
29.536
26.2
23.963
19.969
16.902
13.954
10.205
7.384
3.925
1.668
-1.104
-2.846
-4.906
-6.157
-7.36
-8.439
-8.856
-9.911
-9.911
-9.911
-8.88
-7.85
-7.85
-6.673
-5.103
-3.199
-2.061
0.049
1.57
4.612
5.912
7.36
8.439
9.641
9.911
11.108
11.971
12.56
13.885
14.13
15.112
16.534
17.761
18.252
19.797
21.49
22.569
22.814
24.041
26.077
26.671
28.751
29.095
30.223
31.401
32.725
33.952
35.031
36.258
37.092
37.19
37.19
35.228
35.228
34.713
32.676
31.45
29.634
26.2
23.526
20.371
16.24
11.947
8.419
3.729
-1.099
-5.373
-10.548
-14.974
-19.748
-24.826
-28.751
-32.601
-36.45
-40.428
-42.832
-45.511
-46.12
-48.401
-49.063
-49.554
-50.045
-49.26
-48.082
-46.733
-45.492
-44.304
-42.293
-39.643
-37.583
-34.859
-31.008
-26.965
-22.888
-19.036
-14.646
-10.068
-7.261
-4.146
-0.589
-0.589
2.085
3.631
3.631
3.631
3.631
3.631
3.68
2.797
1.766
1.03
-0.196
-2.335
-2.796
-4.906
-6.575
-8.022
-10.401
-12.364
-14.94
-17.27
-19.478
-20.435
-22.471
-22.471
-21.662
-22.471
-21.235
-19.601
-18.251
-14.484
-11.481
-8.488
-3.802
-0.314
4.415
7.997
12.168
17.781
22.545
26.985
31.42
35.007
39.349
43.029
45.531
47.69
48.941
49.75
49.211
47.935
45.727
45.727
43.25
41.311
39.692
36.307
32.48
29.438
25.979
23.177
20.852
18.791
17.467
16.289
15.229
15.308
14.376
13.443
13.443
11.285
10.088
8.733
6.28
5.299
3.753
1.276
-1.766
-4.367
-7.203
-9.96
-13.173
-15.583
-19.036
-20.626
-23.354
-25.758
-27.279
-28.678
-31.204
-31.401
-32.701
-34.737
-35.228
-36.037
-36.209
-35.973
-35.031
-35.031
-33.854
-31.523
-30.027
-26.534
-24.213
-20.606
-17.309
-15.014
-11.481
-9.813
-7.477
-6.182
-5.446
-4.259
-4.023
-3.042
-2.649
-2.061
-2.723
-2.944
-2.944
-2.944
-2.944
-2.453
-2.625
-2.767
-1.766
-0.687
-0.294
0.785
1.276
1.276
1.276
1.227
0.098
0.0
-1.055
-1.57
-2.551
-1.963
-3.508
-3.974
-5.103
-5.495
-5.495
-5.691
-6.476
-6.427
-5.79
-6.059
-6.28
-6.28
-6.575
-7.458
-7.399
-6.476
-6.182
-5.986
-5.201
-4.71
-3.513
-1.57
0.098
2.296
3.484
4.71
6.746
8.046
7.262
9.361
9.518
8.979
7.703
7.458
5.299
3.356
3.189
1.472
-0.216
-2.159
-3.729
-3.729
-3.189
-1.57
-0.922
0.319
1.57
2.787
3.974
5.201
6.501
7.634
7.85
9.773
9.126
10.009
10.009
10.009
10.009
10.107
10.107
9.567
9.028
9.028
8.046
8.066
8.145
8.145
7.408
7.163
7.163
7.36
8.145
8.194
8.243
9.862
11.383
11.579
12.364
12.904
12.855
12.462
12.462
12.07
9.985
7.409
5.201
2.797
-0.687
-2.748
-6.28
-8.576
-10.892
-13.444
-14.797
-15.897
-15.897
-16.289
-16.387
-15.897
-15.897
-14.915
-13.223
-11.245
-9.616
-7.752
-5.495
-3.434
-0.883
1.717
3.434
4.637
5.888
7.281
8.93
10.009
11.088
11.162
11.186
11.186
11.186
11.186
10.539
10.107
9.224
9.42
10.205
10.745
12.02
12.266
13.247
13.296
13.443
13.443
13.443
13.443
13.443
13.443
13.443
13.492
13.542
12.56
13.541
13.542
13.542
13.542
13.615
13.64
12.462
11.162
9.616
9.028
7.826
6.574
4.612
3.385
2.11
1.57
1.57
0.589
-0.785
-2.355
-2.846
-4.219
-5.299
-6.476
-6.888
-8.782
-10.009
-10.5
-11.285
-10.5
-11.481
-11.481
-10.99
-10.352
-9.44
-9.224
-6.991
-5.789
-4.171
-2.404
0.0
2.473
4.367
5.691
7.752
9.106
10.303
11.304
11.677
12.56
12.56
12.56
12.56
11.383
11.383
10.99
10.598
9.617
8.439
6.476
6.045
5.397
3.189
2.453
1.472
-0.834
-2.649
-4.906
-7.237
-9.813
-11.677
-14.278
-16.681
-18.399
-20.411
-21.98
-23.943
-24.924
-24.924
-25.954
-26.249
-26.004
-26.789
-25.758
-24.385
-23.011
-21.117
-17.663
-15.406
-13.002
-10.009
-7.791
-5.201
-1.913
-0.147
2.061
5.127
7.065
8.586
10.99
13.198
14.228
15.21
16.583
17.368
16.927
16.485
16.485
15.406
15.161
14.376
13.09
11.53
11.383
11.383
11.383
11.383
11.383
11.383
11.383
11.554
11.481
11.481
11.481
10.5
11.235
10.068
9.469
9.028
8.21
7.556
7.286
6.476
5.74
5.574
4.612
5.348
4.612
5.102
6.329
7.654
7.693
8.071
8.733
9.469
8.733
7.752
6.182
3.68
0.883
-2.649
-5.495
-7.87
-10.523
-14.621
-17.246
-20.116
-22.667
-25.267
-27.279
-28.359
-28.849
-29.929
-30.91
-30.076
-30.321
-30.566
-30.027
-28.751
-28.751
-28.673
-28.555
-27.892
-26.691
-25.513
-25.096
-23.06
-20.95
-20.41
-20.41
-17.81
-15.7
-12.928
-10.107
-8.145
-7.262
-4.367
-3.091
-1.197
0.196
0.711
2.257
3.14
4.219
4.416
4.416
3.434
2.453
1.57
0.393
0.147
-1.021
-2.159
-3.385
-3.631
-4.906
-6.206
-7.752
-8.488
-8.733
-9.715
-9.715
-9.715
-9.641
-8.047
-7.654
-7.138
-4.514
-3.508
-1.962
0.589
0.687
1.717
2.748
4.22
4.71
6.771
6.81
6.869
8.414
8.93
8.93
8.93
8.93
9.665
10.99
10.99
11.422
12.56
13.051
14.032
15.543
17.27
17.27
17.197
17.172
17.172
17.172
17.172
17.246
15.7
15.308
14.228
13.738
13.247
13.247
13.345
13.345
13.345
13.345
13.345
13.345
13.345
13.885
15.995
17.221
17.467
19.527
20.043
21.588
21.662
21.686
21.686
21.686
21.686
21.686
21.686
21.686
21.784
21.784
21.784
21.784
19.724
19.184
17.074
15.406
13.149
10.598
8.988
5.961
3.386
1.619
-0.275
-2.649
-2.649
-3.189
-4.318
-4.71
-2.65
-2.625
-1.766
0.442
2.208
3.631
5.809
7.163
9.224
9.813
11.775
11.775
10.549
9.813
9.813
8.871
7.85
5.691
5.201
4.121
3.729
1.668
1.688
1.251
-0.294
-1.104
-2.355
-3.434
-5.667
-6.476
-7.595
-9.96
-10.5
-13.051
-14.523
-15.553
-17.319
-18.546
-18.644
-19.134
-20.607
-20.607
-20.607
-20.607
-20.852
-21.98
-22.569
-22.569
-22.569
-22.815
-24.021
-24.679
-26.102
-26.592
-26.593
-27.917
-29.144
-29.634
-29.634
-29.536
-29.291
-28.064
-26.926
-25.758
-23.453
-21.931
-19.527
-16.241
-12.659
-8.046
-5.569
-3.199
-1.963
-0.343
1.276
2.257
2.257
2.208
2.159
0.098
0.196
-1.03
-1.766
-3.003
-3.827
-5.986
-5.986
-5.961
-5.888
-5.888
-5.888
-5.888
-4.563
-3.827
-2.134
-0.864
0.294
2.699
4.259
5.986
6.476
8.537
9.832
10.696
11.677
12.658
13.738
14.719
14.744
14.817
14.817
14.817
14.817
16.068
16.878
17.368
17.933
18.939
18.939
18.939
18.939
18.35
17.221
16.976
14.915
14.915
13.885
12.119
10.892
10.892
10.647
9.42
8.871
8.095
8.831
8.831
8.831
8.831
9.641
9.911
9.911
9.911
9.911
9.911
9.126
9.027
7.811
6.869
6.869
5.397
2.846
2.846
2.109
-0.589
-1.079
-2.699
-5.299
-5.692
-7.556
-8.831
-10.034
-11.167
-13.345
-13.861
-16.269
-17.565
-17.565
-18.448
-19.429
-19.184
-18.938
-18.693
-19.233
-19.429
-16.853
-14.484
-12.757
-9.911
-9.224
-5.103
-4.588
-1.963
-0.883
0.098
1.079
1.079
1.079
-0.098
-0.81
-0.785
-1.217
-3.189
-4.465
-5.004
-5.79
-5.986
-6.133
-6.869
-6.869
-6.133
-4.907
-4.906
-4.882
-4.808
-4.808
-3.16
-2.748
-2.748
-2.772
-2.846
-3.435
-3.729
-4.808
-3.999
-4.808
-4.161
-2.993
-2.649
-1.452
-0.589
-0.098
1.938
3.434
3.434
6.108
7.654
8.89
10.45
11.775
12.168
14.253
15.847
17.442
19.92
21.097
22.594
24.63
26.666
27.966
28.261
29.512
30.321
30.321
30.321
30.321
30.321
28.359
28.359
28.3
28.261
28.261
28.064
27.009
25.758
25.317
24.532
24.335
22.913
21.353
20.116
20.19
18.251
16.629
15.006
13.541
12.462
9.788
6.869
5.652
3.165
-0.147
-1.825
-3.802
-5.299
-6.673
-8.243
-8.243
-8.243
-8.243
-8.341
-8.341
-8.341
-8.292
-7.507
-8.242
-6.084
-6.182
-6.182
-6.182
-6.182
-6.084
-6.947
-6.599
-8.145
-8.145
-8.145
-8.145
-8.046
-8.046
-8.046
-8.12
-8.145
-8.145
-9.396
-9.617
-9.837
-10.107
-10.107
-10.107
-10.107
-10.107
-10.033
-10.009
-10.009
-10.033
-10.107
-10.107
-10.107
-10.107
-10.009
-10.009
-10.009
-10.009
-10.009
-10.009
-9.984
-10.696
-11.873
-11.873
-11.873
-11.873
-11.873
-11.922
-11.854
-11.039
-9.813
-7.752
-7.237
-4.71
-3.729
-2.002
0.588
1.055
2.453
3.748
4.612
4.612
4.632
4.17
2.551
1.079
0.589
-1.471
-3.533
-4.278
-5.986
-7.31
-8.537
-9.617
-11.579
-11.579
-11.579
-13.051
-13.542
-13.542
-13.542
-13.591
-12.02
-11.481
-9.42
-8.095
-6.535
-4.318
-2.527
-0.294
2.473
5.446
8.046
9.911
10.99
12.07
13.738
15.749
16.937
18.104
19.429
20.607
21.661
22.962
23.452
24.237
25.709
25.415
24.532
24.532
23.796
22.569
21.49
21.588
20.607
18.389
17.565
16.584
15.21
14.179
13.492
13.542
12.678
11.481
11.235
10.028
9.322
7.997
6.378
5.397
4.882
2.846
1.766
0.491
-0.785
-2.748
-2.748
-3.729
-4.71
-5.574
-6.771
-7.752
-8.145
-8.733
-9.543
-10.794
-10.794
-12.119
-13.345
-14.425
-14.817
-16.78
-18.153
-18.939
-19.969
-20.999
-21.735
-22.864
-22.864
-22.864
-22.864
-22.864
-21.882
-20.901
-20.288
-18.742
-17.506
-15.946
-14.719
-12.045
-10.5
-9.96
-8.684
-8.439
-8.439
-8.439
-8.439
-8.439
-9.837
-10.303
-10.303
-10.303
-9.813
-8.586
-8.419
-6.28
-6.182
-5.691
-4.553
-3.385
-3.14
-2.159
-2.134
-2.061
-2.061
-1.197
-2.061
-1.791
-0.589
0.0
0.147
0.196
0.196
0.196
0.196
0.196
0.932
2.355
2.355
2.355
3.385
5.961
6.476
8.537
9.788
11.461
12.757
13.492
14.817
15.995
16.78
17.908
19.037
19.037
20.018
21.097
21.097
21.097
21.097
21.195
21.294
20.999
19.626
19.135
19.135
17.074
17.172
15.21
15.21
14.562
13.394
13.149
11.952
11.113
11.186
11.186
11.186
11.186
11.186
11.226
11.334
11.383
11.383
9.42
8.905
6.967
5.789
3.728
2.257
1.276
-0.785
-0.785
-1.766
-4.293
-4.808
-5.691
-6.771
-7.261
-7.752
-8.488
-8.733
-8.733
-8.684
-8.537
-8.537
-7.752
-6.574
-5.25
-4.514
-3.385
-0.785
-0.294
1.766
4.318
6.378
7.556
7.948
9.028
10.107
10.107
10.107
10.107
9.244
8.046
7.556
5.299
3.582
1.57
0.0
0.0
-2.257
-3.454
-3.925
-5.544
-5.986
-6.967
-7.948
-7.948
-9.028
-9.96
-9.911
-9.911
-10.156
-10.401
-9.911
-10.647
-11.873
-9.813
-9.298
-7.752
-7.104
-6.673
-4.612
-3.611
-3.017
-0.491
0.564
0.589
2.65
3.9
4.749
4.808
5.544
5.888
4.906
4.906
4.906
3.611
1.276
0.785
-2.257
-3.753
-6.084
-7.261
-8.807
-11.284
-13.247
-13.763
-15.308
-15.308
-15.308
-15.308
-15.308
-15.112
-14.621
-13.483
-12.315
-11.088
-8.93
-8.39
-6.771
-5.534
-3.165
-1.668
-0.098
1.413
2.502
5.151
5.789
7.752
9.077
9.813
10.303
10.794
12.069
13.247
13.787
13.051
13.64
13.296
13.051
12.187
12.266
12.266
12.266
12.266
12.266
12.266
12.806
14.425
14.425
16.073
16.485
16.51
16.583
16.583
16.657
16.682
15.7
14.621
14.228
13.64
12.094
10.696
10.696
9.199
7.163
6.673
5.863
3.631
2.551
2.674
2.446
1.691
0.936
-1.275
-1.276
-1.767
-3.238
-3.238
-4.71
-5.201
-5.201
-5.201
-6.231
-7.203
-7.09
-8.046
-9.224
-9.199
-9.126
-9.126
-9.126
-9.028
-9.028
-9.028
-9.028
-8.954
-10.5
-10.892
-12.855
-13.247
-14.376
-16.387
-16.878
-18.938
-21.073
-20.96
-21.392
-22.618
-24.924
-24.924
-24.924
-24.924
-24.875
-24.753
-23.747
-22.667
-21.441
-20.705
-19.086
-16.897
-15.405
-12.02
-10.853
-9.224
-6.697
-4.024
-3.042
-0.613
1.227
2.846
3.974
6.28
7.575
8.684
9.96
12.119
12.658
12.658
13.909
14.719
15.7
16.829
16.878
16.878
17.957
18.448
18.939
18.939
21.097
21.195
21.195
21.195
21.195
21.195
21.195
21.215
21.294
20.754
19.478
19.233
19.233
17.172
17.172
17.221
15.799
15.308
13.248
13.247
13.247
12.216
11.245
9.813
9.322
6.849
5.201
5.201
4.612
4.955
5.299
4.318
4.563
5.299
5.299
5.372
7.458
8.753
9.616
9.616
10.352
11.461
11.677
12.757
13.026
13.836
13.836
13.836
13.836
13.836
13.012
11.334
10.892
10.107
8.831
7.438
5.544
3.778
2.159
1.104
-0.196
-2.375
-3.729
-5.789
-6.967
-8.905
-11.284
-13.345
-14.842
-17.418
-19.625
-21.22
-22.471
-22.471
-24.679
-25.807
-26.396
-26.396
-26.396
-26.396
-26.372
-26.298
-26.298
-26.298
-26.298
-26.298
-24.335
-23.472
-22.128
-22.079
-20.018
-18.056
-17.761
-16.387
-14.66
-13.836
-13.738
-13.737
-11.481
-10.107
-9.616
-8.071
-7.556
-6.28
-5.495
-5.495
-3.876
-2.551
-1.276
-1.079
-0.025
0.785
2.404
2.944
2.944
4.195
5.004
5.544
6.084
6.162
7.163
7.163
7.595
7.703
7.163
7.242
7.261
6.035
5.299
4.269
3.238
1.59
-0.687
-0.903
-2.012
-3.827
-4.833
-4.808
-5.79
-6.751
-6.673
-6.182
-4.955
-4.71
-4.71
-3.434
-2.625
-1.521
-0.491
1.08
2.649
4.146
6.476
7.654
7.727
9.813
10.794
11.873
11.873
11.873
11.873
11.952
10.892
9.911
9.518
8.39
7.85
7.752
7.752
6.722
5.986
5.986
5.912
5.888
5.888
4.587
3.925
3.925
3.925
2.277
1.864
0.687
-0.098
-0.049
-0.883
-1.178
-2.159
-2.159
-2.159
-2.65
-3.876
-3.258
-4.121
-4.121
-4.121
-4.121
-4.121
-4.121
-4.023
-4.023
-4.023
-4.023
-4.023
-4.023
-4.023
-3.925
-3.925
-3.385
-3.655
-3.925
-2.846
-1.864
-1.825
-2.257
-3.557
-3.827
-3.827
-3.925
-3.925
-3.827
-4.465
-5.574
-5.789
-5.789
-6.614
-7.85
-8.586
-9.616
-9.813
-10.058
-11.186
-11.775
-11.775
-11.775
-11.677
-11.677
-11.677
-11.677
-11.677
-11.775
-11.775
-11.481
-11.088
-11.049
-10.696
-9.715
-9.715
-9.96
-10.205
-9.656
-9.616
-9.616
-8.439
-8.218
-7.556
-7.556
-7.409
-7.36
-7.379
-7.212
-5.888
-5.299
-5.299
-5.299
-5.005
-4.219
-4.71
-4.465
-4.298
-2.159
-2.649
-2.649
-2.649
-2.964
-4.072
-5.299
-6.599
-6.869
-8.831
-9.263
-10.99
-10.99
-11.726
-11.971
-11.971
-12.815
-11.873
-12.413
-11.407
-10.892
-10.892
-9.641
-8.439
-7.359
-5.323
-3.081
-2.649
-0.245
1.374
1.864
3.9
5.397
5.397
6.476
6.476
5.937
6.206
5.397
5.299
5.053
4.318
3.827
3.336
1.374
1.374
0.859
-0.687
-1.177
-2.404
-2.649
-3.827
-4.072
-4.808
-5.299
-5.053
-4.808
-4.808
-3.827
-3.395
-2.748
-2.012
-0.785
0.294
0.54
1.276
1.766
2.257
3.12
3.336
2.551
3.003
2.355
2.355
1.57
1.374
1.374
1.374
1.374
0.638
0.314
1.275
1.276
1.276
1.276
2.011
3.12
4.318
5.535
6.967
8.439
8.688
9.103
9.518
11.285
10.745
11.432
11.53
10.794
10.598
9.616
9.592
9.518
9.518
9.518
9.518
9.302
8.439
8.439
8.439
8.439
8.439
8.439
8.439
8.439
8.38
8.341
8.341
9.283
8.341
7.85
6.771
6.378
6.378
5.318
5.152
4.416
3.827
3.434
3.434
3.434
2.551
2.846
1.668
1.276
1.276
1.276
1.03
-0.245
-0.785
-0.785
-2.748
-2.846
-2.846
-3.385
-3.925
-4.661
-4.906
-5.888
-6.967
-7.016
-6.947
-6.869
-5.789
-5.789
-5.789
-5.789
-5.789
-5.789
-5.789
-5.887
-4.906
-5.299
-5.888
-5.888
-6.967
-6.967
-6.967
-7.36
-7.458
-6.967
-6.967
-5.888
-5.152
-5.495
-4.416
-3.925
-3.925
-3.827
-2.944
-3.827
-3.238
-2.649
-2.649
-3.827
-3.827
-3.827
-4.317
-4.808
-4.808
-4.808
-4.808
-4.808
-4.808
-4.808
-4.808
-4.808
-5.789
-6.059
-6.869
-6.869
-6.869
-6.869
-6.869
-6.599
-5.74
-5.691
-5.691
-3.729
-2.551
-2.306
-1.079
0.059
0.491
1.472
1.668
2.723
4.023
4.514
5.25
5.495
5.495
5.765
6.575
6.575
6.575
7.556
7.36
6.305
6.035
6.575
5.765
5.593
6.771
5.593
5.593
5.593
5.593
5.593
5.397
4.612
5.103
4.857
4.612
4.612
3.827
4.612
4.121
3.631
4.416
3.631
3.631
3.631
2.983
1.815
1.57
1.57
1.57
1.619
1.079
0.687
1.668
1.668
1.668
2.159
3.459
3.729
4.71
5.691
5.691
6.28
7.605
8.831
8.831
9.101
10.892
11.873
12.683
12.953
13.934
13.934
13.934
13.934
13.934
13.934
14.032
14.032
14.032
14.032
11.971
11.971
11.726
10.5
10.009
10.009
8.93
7.948
7.703
6.378
5.789
5.789
5.789
5.544
4.808
4.808
4.808
3.827
4.808
5.544
4.318
4.416
4.072
4.023
3.591
1.864
1.864
0.319
-0.196
-2.159
-3.484
-4.219
-5.299
-6.378
-6.378
-7.359
-7.605
-8.88
-10.009
-10.401
-9.42
-9.616
-10.401
-10.401
-10.401
-10.401
-11.383
-12.462
-12.462
-12.413
-12.364
-13.345
-13.345
-13.1
-12.364
-12.364
-12.364
-10.303
-10.303
-10.303
-9.715
-8.512
-7.261
-7.016
-6.28
-6.28
-6.28
-6.28
-6.28
-6.28
-6.28
-6.28
-6.28
-6.28
-6.28
-6.231
-6.182
-6.182
-6.182
-7.163
-7.556
-8.145
-8.145
-8.145
-9.224
-9.469
-9.715
-9.224
-9.224
-9.224
-9.224
-8.684
-8.145
-7.408
-7.163
-6.182
-6.182
-6.182
-6.182
-6.182
-5.103
-4.857
-4.072
-3.287
-2.1
-1.864
-1.864
-1.374
-0.294
0.098
0.098
1.178
1.178
1.668
2.159
2.159
2.159
2.159
2.159
2.159
2.159
2.159
2.159
2.159
3.395
3.41
4.219
4.465
5.24
5.79
6.28
6.28
6.28
6.28
6.28
6.28
6.28
6.28
4.318
4.318
3.67
2.502
2.257
2.257
1.864
1.766
1.521
0.098
-1.864
-1.864
-1.864
-2.674
-3.729
-3.925
-5.152
-5.888
-5.348
-5.618
-5.888
-5.672
-4.563
-3.827
-3.091
-2.846
-1.766
-1.766
-1.766
-0.589
-0.54
0.196
0.196
0.196
0.196
0.196
0.196
0.196
0.196
0.196
0.196
0.196
0.098
0.137
0.294
0.294
0.294
-0.569
0.196
-0.295
-1.766
-1.766
-1.766
-1.766
-1.766
-1.766
-1.276
-0.785
0.0
0.196
0.196
0.196
0.736
2.012
2.257
2.257
2.257
2.257
2.257
3.042
4.416
4.416
4.416
4.416
4.416
3.336
2.355
2.257
1.766
0.466
0.196
0.196
-1.766
-1.766
-1.766
-1.766
-1.766
-1.766
-1.766
-1.766
-1.825
-1.864
-1.864
-1.619
-0.883
-0.392
0.172
0.196
1.374
2.347
2.31
2.272
2.257
3.238
3.778
5.397
5.348
6.035
6.28
6.28
6.28
6.28
6.28
6.28
4.318
4.318
4.318
3.778
3.886
2.772
2.257
2.159
2.159
2.257
2.355
3.14
3.238
3.238
3.238
2.747
2.257
2.257
2.257
2.257
2.257
2.257
2.257
2.257
2.257
1.521
1.766
1.276
1.276
1.276
2.257
2.232
2.159
2.159
2.895
4.318
4.808
6.378
6.378
6.378
6.378
6.378
6.28
6.574
6.869
7.163
7.458
6.28
6.28
6.28
6.28
6.28
4.71
4.318
4.318
3.454
2.159
2.159
2.159
2.159
0.098
-0.687
-1.815
-1.766
-1.766
-3.827
-3.827
-3.827
-3.827
-3.827
-4.808
-5.024
-5.618
-4.808
-5.515
-5.102
-4.808
-4.612
-3.827
-3.827
-3.827
-3.827
-3.827
-3.415
-2.036
-2.306
-1.766
-1.766
-1.766
-1.742
-1.276
-0.196
0.294
0.294
1.374
1.619
2.355
2.355
2.355
2.355
4.416
4.416
4.416
4.416
4.416
4.416
4.416
4.416
4.416
4.416
5.152
6.378
6.378
6.378
6.378
6.378
6.457
6.476
6.771
8.046
8.635
9.371
9.616
9.617
10.696
10.696
10.696
10.696
10.696
10.696
10.696
10.107
8.93
8.537
8.537
7.34
6.476
5.495
3.704
2.649
1.472
0.098
-0.883
-1.472
-1.472
-1.472
-2.65
-3.631
-3.631
-3.14
-1.84
-1.57
-1.57
-1.57
-1.57
-1.57
-0.834
0.393
0.393
0.932
2.551
2.551
2.551
2.551
2.453
2.453
2.944
2.699
2.453
2.649
2.649
2.404
1.079
0.491
-0.294
-1.472
-1.472
-1.472
-1.472
-3.017
-2.551
-3.532
-3.533
-3.533
-3.533
-3.533
-5.593
-4.514
-5.691
-5.691
-5.691
-5.691
-5.691
-5.691
-5.691
-5.691
-5.544
-5.495
-5.495
-5.495
-4.671
-2.944
-3.189
-1.374
-1.374
-1.374
-1.374
-0.883
0.343
0.589
0.589
0.589
0.589
0.648
-0.049
-0.294
-1.276
-1.276
-1.276
-1.276
-1.276
-1.276
-1.251
-1.178
-1.178
-1.178
-1.079
-1.079
-1.079
-1.668
-2.198
-2.895
-3.14
-3.14
-3.14
-3.631
-3.385
-3.14
-3.14
-1.943
-1.349
-1.619
-1.006
-0.981
-0.981
-0.981
-0.589
-0.491
-0.245
0.098
1.079
1.079
1.079
1.079
1.153
1.178
3.042
2.502
3.238
3.238
3.238
3.238
3.238
3.238
3.238
3.238
3.336
3.336
3.336
3.336
2.747
2.355
2.355
1.276
1.546
2.355
1.619
3.022
3.434
3.533
3.533
3.533
3.533
3.533
3.533
3.533
3.533
3.042
1.742
1.472
1.472
1.472
1.472
1.472
1.472
-0.49
-0.491
-0.491
-0.491
-0.491
-0.412
-0.393
-0.123
0.294
0.196
1.423
0.687
1.668
1.668
1.668
1.668
1.668
1.766
1.766
1.276
0.785
1.766
0.981
-0.196
0.785
0.785
0.785
1.521
1.766
0.785
1.766
1.766
1.766
1.766
3.042
3.827
3.287
4.023
4.023
4.023
4.023
4.048
4.121
4.121
4.121
4.121
4.121
4.121
3.631
2.493
2.061
1.079
0.098
0.098
0.098
-1.448
-1.963
-1.963
-4.023
-4.023
-4.023
-3.95
-3.925
-3.827
-3.827
-3.827
-3.827
-5.299
-4.808
-5.789
-5.789
-5.789
-5.789
-5.789
-5.691
-5.691
-5.299
-4.71
-3.974
-3.729
-3.729
-2.379
-1.57
-0.981
0.221
0.491
0.491
0.54
0.687
0.687
0.687
0.687
0.687
0.687
0.687
0.687
0.687
0.687
0.491
0.196
0.785
0.785
0.785
0.785
0.785
1.766
2.748
2.748
2.846
4.17
4.906
4.906
4.906
4.906
5.103
5.103
5.103
5.103
5.103
3.042
2.846
1.815
1.079
1.079
1.079
1.079
0.921
0.128
-0.664
-2.527
-3.042
-3.042
-3.999
-4.416
-5.613
-6.01
-6.967
-6.967
-6.967
-6.967
-6.967
-6.889
-6.869
-6.844
-6.771
-6.771
-6.771
-6.771
-5.789
-5.52
-4.71
-4.651
-4.612
-4.612
-4.612
-4.612
-5.152
-6.427
-6.673
-6.673
-6.673
-6.673
-6.673
-6.673
-6.673
-6.575
-6.575
-6.035
-4.686
-4.416
-4.318
-2.355
-2.355
-2.355
-0.81
-0.294
-0.294
0.466
0.834
1.864
1.864
1.864
1.864
1.864
1.864
1.938
1.963
1.963
1.963
1.963
1.963
1.963
1.963
1.963
2.159
2.159
2.159
1.349
1.079
0.098
-0.147
-1.423
-1.963
-1.963
-2.944
-3.925
-3.925
-4.465
-4.195
-3.925
-5.004
-3.925
-3.925
-2.748
-1.889
-1.864
-1.453
0.196
0.196
0.196
0.196
0.294
0.393
0.785
0.883
1.129
1.374
2.453
2.453
2.453
2.453
2.453
2.453
2.551
2.551
3.532
4.514
4.514
5.593
6.575
6.575
7.065
8.439
8.733
8.733
8.733
9.518
10.745
10.794
10.794
10.794
10.892
11.432
12.56
12.953
12.953
12.953
12.953
12.462
11.971
11.108
10.892
10.892
10.892
10.892
9.42
9.028
9.028
7.605
6.869
6.928
6.967
6.967
6.987
7.065
7.065
7.065
6.329
5.004
5.004
4.759
3.533
3.042
3.042
3.042
3.066
2.669
2.551
3.14
1.963
3.14
3.14
3.14
3.14
3.14
3.14
3.14
3.631
4.612
3.386
3.14
3.336
3.336
3.336
3.336
1.791
1.276
1.276
1.276
0.883
-0.245
-0.785
-0.785
-0.785
-0.785
-0.785
-0.785
-0.785
-0.785
-1.178
-2.748
-2.699
-2.649
-2.649
-2.65
-4.298
-2.649
-3.631
-4.612
-4.612
-4.612
-4.612
-4.612
-4.612
-4.612
-4.612
-4.612
-4.514
-4.514
-5.004
-6.378
-6.575
-6.575
-6.82
-7.065
-7.163
-7.556
-6.575
-6.575
-6.575
-6.035
-4.759
-4.514
-4.514
-3.984
-2.257
-1.276
-0.294
-0.294
0.785
1.766
2.59
3.827
3.827
3.925
5.888
5.888
6.427
7.556
7.948
7.948
7.948
9.2
10.009
10.598
11.726
10.99
11.971
11.971
11.971
11.383
11.186
11.186
10.205
10.205
10.205
9.322
9.028
8.145
8.145
8.145
7.654
6.28
5.986
5.986
5.74
5.004
4.514
4.023
4.023
1.963
0.711
-0.098
-0.687
-1.815
-2.061
-4.121
-4.097
-4.023
-4.023
-4.023
-4.023
-4.023
-4.023
-4.023
-4.023
-3.042
-1.963
-1.963
-1.963
-2.502
-3.778
-3.042
-4.023
-4.023
-4.023
-4.023
-4.023
-4.023
-5.22
-6.084
-6.084
-6.084
-6.084
-5.986
-5.961
-5.063
-3.827
-4.563
-3.827
-3.827
-3.827
-3.827
-3.827
-3.827
-3.827
-3.827
-3.827
-3.827
-3.827
-3.827
-3.827
-3.827
-4.072
-5.348
-5.078
-4.808
-3.827
-4.072
-5.24
-5.839
-5.789
-5.789
-5.789
-5.789
-5.789
-5.789
-5.789
-5.789
-5.789
-5.789
-5.201
-5.318
-4.906
-5.789
-3.631
-3.631
-3.631
-2.085
-1.57
-0.589
0.393
0.393
0.393
0.393
0.393
0.393
0.442
0.589
0.098
-1.128
-2.551
-3.533
-3.533
-3.533
-3.533
-3.533
-3.533
-3.945
-5.593
-5.053
-5.162
-5.593
-5.593
-5.593
-5.593
-5.593
-5.593
-5.593
-5.593
-5.593
-5.593
-5.593
-4.784
-4.435
-5.495
-3.434
-3.434
-3.434
-3.434
-3.434
-4.416
-3.434
-3.434
-2.846
-1.644
-1.374
-0.393
0.589
0.589
0.589
1.472
1.766
2.748
2.748
2.748
2.012
1.766
2.747
1.766
1.521
0.785
0.785
0.785
-0.196
-1.178
-2.041
-3.336
-3.336
-3.336
-3.336
-4.882
-3.729
-4.857
-3.852
-3.336
-3.336
-3.336
-2.306
-1.276
-1.276
-0.295
0.687
0.687
0.687
0.687
1.57
2.846
2.944
2.944
3.435
3.925
3.925
5.004
5.004
5.004
4.465
3.925
3.14
2.944
2.944
2.944
2.944
2.944
2.159
1.962
0.785
1.256
1.374
0.785
0.785
0.785
0.785
0.785
0.883
0.981
0.981
0.981
0.883
0.393
-0.687
-1.079
-1.079
-1.079
-0.834
0.393
0.883
0.883
0.883
2.257
3.042
4.072
5.103
5.103
6.084
6.28
7.58
9.126
9.126
9.126
9.126
9.224
9.224
9.224
9.224
9.224
9.224
9.028
8.488
9.224
7.678
7.163
7.163
7.163
7.163
7.163
6.427
6.182
5.201
5.201
5.201
5.201
5.201
5.201
5.201
5.201
5.201
5.201
5.274
5.299
5.299
5.299
5.299
5.299
5.299
6.28
6.28
6.992
6.574
7.163
7.163
7.163
8.341
8.341
8.341
7.634
7.163
7.163
7.163
5.937
5.201
4.553
3.385
2.159
0.981
0.687
-0.785
-1.492
-2.699
-2.944
-2.944
-2.944
-2.944
-2.944
-2.944
-2.944
-2.944
-2.944
-2.944
-2.944
-2.944
-2.944
-2.944
-2.944
-2.944
-2.944
-2.944
-2.944
-2.944
-2.944
-2.944
-2.885
-3.582
-5.004
-5.004
-5.004
-5.004
-5.741
-6.771
-5.986
-6.967
-6.967
-6.967
-6.967
-6.967
-6.967
-6.967
-6.967
-6.967
-6.967
-8.046
-6.967
-8.782
-8.439
-9.077
-8.39
-6.967
-6.967
-6.869
-6.869
-6.28
-6.623
-4.906
-4.69
-3.582
-2.846
-2.846
-2.061
-0.785
-0.785
-0.54
0.687
1.178
1.178
1.178
1.987
2.002
3.238
3.238
3.238
3.238
3.484
4.651
5.299
5.299
5.397
5.397
5.397
5.397
5.986
5.642
5.397
5.397
5.397
5.397
5.397
5.397
5.397
5.397
5.127
3.827
3.336
3.336
2.355
2.12
1.178
1.178
1.178
1.178
1.178
1.178
1.742
3.434
1.815
2.139
3.336
2.085
1.707
2.355
2.355
2.355
1.276
0.785
-0.687
-0.687
-0.687
-0.687
-1.766
-2.748
-2.748
-2.748
-2.821
-2.846
-2.846
-2.846
-2.846
-3.434
-3.827
-4.808
-4.808
-4.808
-4.808
-4.808
-5.593
-5.789
-4.808
-5.053
-5.299
-4.808
-6.379
-4.809
-5.986
-6.525
-5.299
-6.28
-5.986
-5.789
-5.789
-5.397
-4.808
-3.999
-3.729
-2.748
-2.502
-1.335
-0.638
0.147
1.374
1.374
1.668
2.512
2.944
3.434
3.434
3.434
3.434
3.434
2.846
2.453
1.374
1.374
1.374
1.374
0.785
-0.343
-0.589
-0.589
-1.128
-2.748
-2.748
-2.748
-2.748
-2.551
-2.797
-3.533
-4.416
-4.71
-4.71
-4.71
-4.71
-4.71
-4.71
-4.71
-4.71
-4.71
-4.71
-4.71
-3.901
-2.846
-2.649
-2.649
-2.649
-2.159
-0.859
0.393
0.393
1.374
1.374
1.423
1.472
1.472
1.472
1.472
1.472
1.472
1.472
0.491
1.472
1.472
1.472
1.472
0.736
-0.491
-0.491
-0.491
-0.491
-0.491
-1.3
-1.57
-1.766
-2.306
-1.57
-2.306
-1.845
-1.668
-1.35
-0.393
-0.393
-0.393
-0.393
-0.393
-0.662
-0.932
-0.393
-1.276
-0.393
-0.393
-0.393
0.098
0.0
-0.393
-0.393
-0.196
0.589
0.098
0.344
0.589
-0.392
-0.147
0.196
-0.393
-0.393
-0.294
-0.294
-0.294
-0.294
-0.294
-0.294
-0.294
-0.294
-0.049
1.178
1.668
1.668
1.668
1.668
1.938
3.238
3.729
3.729
4.808
3.827
3.827
3.827
3.827
3.827
3.826
1.668
1.766
1.864
1.128
-0.098
-0.333
-0.981
-1.178
-2.257
-2.257
-2.257
-2.257
-2.257
-2.257
-2.257
-2.257
-2.257
-2.257
-2.257
-2.257
-2.257
-3.238
-4.318
-4.318
-4.808
-5.299
-5.299
-4.318
-4.278
-4.121
-3.581
-3.042
-2.306
-2.061
-2.061
-2.061
-2.061
-0.515
-1.079
0.0
0.0
0.0
0.0
0.0
0.0
0.0
0.0
0.0
0.0
0.0
0.0
0.736
0.0
0.0
0.0
0.196
0.196
0.196
0.196
0.196
0.196
0.196
0.196
0.196
0.196
0.196
-1.962
-0.039
-1.226
-1.963
-1.889
-1.864
-1.864
-2.109
-3.434
-4.023
-4.023
-4.023
-4.023
-4.416
-4.514
-3.876
-3.827
-3.827
-3.827
-3.287
-2.748
-2.748
-2.748
-1.766
-1.766
-2.257
-2.012
-1.766
-2.747
-3.557
-3.287
-3.827
-3.827
-3.827
-3.827
-3.827
-3.827
-3.827
-3.827
-3.827
-3.827
-3.827
-3.753
-3.729
-3.729
-3.435
-2.159
-2.061
-1.815
-1.57
-1.57
-1.57
-1.079
-0.589
0.275
0.491
1.472
1.865
2.453
2.453
2.551
2.551
2.821
3.631
4.367
4.612
4.612
4.612
4.651
4.71
3.974
3.729
3.827
3.827
3.238
2.649
2.649
2.649
2.748
2.748
1.767
0.785
0.785
-0.393
-0.638
-1.325
-1.276
-2.061
-3.434
-3.925
-5.397
-5.397
-5.323
-6.476
-7.418
-7.261
-7.261
-7.997
-8.243
-9.42
-9.322
-9.322
-9.322
-9.322
-9.322
-9.322
-9.322
-9.322
-9.322
-9.322
-9.322
-8.243
-7.752
-7.261
-7.261
-6.28
-5.103
-5.103
-4.612
-4.121
-3.14
-3.12
-3.042
-2.453
-1.864
-1.864
-0.883
-0.883
-0.883
-0.883
-0.883
0.098
0.962
0.368
1.668
2.159
3.14
3.14
3.434
4.808
5.299
5.299
7.359
6.55
7.36
7.36
7.36
7.36
7.556
7.556
7.556
7.556
7.556
6.477
7.04
5.495
5.495
3.95
3.434
3.434
3.434
3.434
3.434
3.434
3.434
3.434
3.434
3.434
3.434
3.435
4.514
4.514
5.004
5.495
5.652
5.691
5.691
5.691
5.691
5.691
5.691
4.71
4.71
4.71
4.71
4.71
3.631
3.631
3.238
2.159
1.668
2.649
1.668
1.668
1.668
1.668
1.668
1.668
1.668
1.707
1.815
2.6
2.846
3.042
3.827
3.827
3.827
3.827
3.827
3.827
3.827
4.416
4.121
3.827
3.827
3.827
3.385
2.944
2.944
1.962
0.785
0.393
-0.196
-0.123
-0.098
-0.098
-2.257
-2.159
-1.251
-1.845
-2.061
-2.061
-2.061
-2.061
-2.061
-0.981
-0.981
-0.736
0.0
0.0
0.074
0.098
0.343
0.687
0.098
1.644
1.08
2.158
2.159
2.649
2.551
2.894
3.14
2.944
2.355
2.355
1.472
0.197
0.294
0.294
0.294
0.294
0.294
0.294
0.294
0.049
-0.196
-0.442
0.294
0.294
-0.687
-0.196
-0.294
-0.687
-0.687
-0.687
-0.687
-0.196
0.294
0.294
0.491
0.491
0.736
1.472
2.282
1.688
1.472
1.227
0.491
0.491
0.491
0.491
0.491
-0.491
-0.491
-0.491
-1.3
-0.491
-0.491
-0.393
-0.393
-0.393
0.344
0.589
0.589
0.589
0.589
0.662
0.687
0.687
0.442
-0.294
-0.834
-1.374
-1.374
-2.355
-2.355
-2.846
-2.748
-3.091
-3.336
-3.336
-3.336
-3.287
-3.238
-3.238
-2.257
-3.238
-2.993
-2.257
-2.257
-2.257
-2.257
-1.987
-1.178
-1.178
-0.368
-0.098
-1.177
-0.098
-0.098
-0.039
-0.883
-1.178
0.0
-1.178
-1.178
-1.178
-1.178
-2.159
-2.355
-3.14
-3.14
-3.14
-4.003
-5.201
-5.201
-5.715
-7.261
-7.261
-7.968
-8.145
-8.88
-8.145
-8.145
-8.145
-9.126
-8.145
-7.899
-7.163
-7.163
-7.163
-7.163
-5.986
-5.986
-5.495
-5.004
-5.004
-4.023
-4.023
-4.023
-4.023
-3.375
-2.944
-2.944
-2.944
-2.944
-2.846
-2.748
-2.748
-2.748
-2.748
-2.748
-2.748
-3.454
-3.042
-2.748
-3.689
-3.042
-3.925
-3.925
-3.902
-3.865
-3.827
-3.827
-3.827
-3.827
-3.017
-2.748
-2.748
-2.748
-2.748
-2.011
-1.766
-0.687
-0.451
0.491
0.491
0.491
0.491
0.491
1.472
1.472
1.472
1.472
1.472
1.472
1.472
1.472
1.472
0.736
1.276
0.491
0.491
0.491
-0.049
-0.589
-0.589
-0.589
-0.589
-0.564
-0.981
-0.736
-0.491
-0.491
-0.491
-0.221
0.589
0.589
0.589
1.57
0.785
1.57
1.57
1.57
1.57
1.57
1.595
1.668
1.668
1.668
1.668
2.649
1.668
2.061
2.649
1.913
3.317
2.748
3.018
4.219
4.318
4.563
4.808
4.808
4.808
4.808
5.397
5.053
4.808
5.789
5.054
5.789
5.789
5.789
5.789
5.789
5.789
5.299
4.808
4.808
4.808
4.808
4.808
4.857
5.642
5.888
4.907
5.888
5.888
5.888
5.888
5.888
5.888
5.152
5.888
5.888
5.888
5.888
5.888
5.888
5.888
5.888
6.751
5.888
5.888
5.888
5.888
5.888
5.888
5.888
5.25
5.004
4.023
3.214
1.963
1.962
0.613
-0.196
-0.196
-0.932
-2.159
-2.159
-2.159
-2.159
-2.159
-2.159
-2.159
-3.238
-3.238
-3.238
-3.238
-4.023
-4.219
-4.219
-4.219
-4.219
-4.955
-5.103
-5.103
-6.28
-6.28
-6.28
-6.28
-6.28
-7.261
-7.507
-8.243
-8.89
-9.322
-9.322
-9.322
-9.322
-9.322
-8.513
-9.106
-8.243
-7.997
-7.261
-6.771
-6.28
-6.28
-6.28
-4.955
-3.631
-2.232
-2.904
-1.963
-1.963
-1.57
-1.472
-1.963
-0.982
-0.785
0.0
0.0
0.0
0.864
0.0
0.27
1.079
1.079
1.079
2.06
2.846
2.306
3.042
3.042
4.121
4.121
5.127
5.201
5.79
6.182
6.182
6.182
6.182
6.182
6.182
6.182
6.182
5.446
6.182
5.446
5.201
4.219
4.219
4.219
4.219
3.337
3.042
3.042
2.796
2.061
2.061
2.061
1.079
0.098
0.098
0.098
-0.638
-0.883
-1.079
-1.864
-1.864
-1.864
-1.864
-1.864
-1.963
-1.963
-1.963
-1.226
-0.981
-0.981
-0.981
-0.981
-0.245
-1.962
-1.962
-0.981
-1.472
-1.963
-1.226
-1.962
-1.619
-0.883
-1.374
-1.864
-1.864
-0.883
-1.619
-1.374
-0.392
-0.766
0.0
0.0
0.0
0.0
-0.736
-0.981
-0.981
-0.981
-0.981
-1.717
-1.963
-1.963
-3.042
-3.042
-3.101
-3.14
-3.925
-3.925
-3.95
-4.514
-4.268
-5.004
-6.084
-5.274
-6.084
-6.084
-6.82
-6.084
-7.065
-7.065
-7.065
-7.065
-8.046
-7.066
-8.145
-8.684
-9.224
-9.224
-10.205
-10.205
-10.205
-10.205
-10.132
-11.088
-11.088
-11.088
-11.088
-11.971
-12.266
-12.266
-12.266
-12.266
-12.266
-12.266
-11.187
-12.266
-11.834
-11.186
-11.186
-11.186
-11.186
-10.941
-10.205
-10.205
-9.42
-9.224
-7.899
-7.163
-7.163
-6.354
-6.084
-5.004
-4.759
-4.023
-3.287
-3.042
-1.963
-1.717
-0.981
-0.245
0.0
1.079
1.325
2.061
2.061
2.061
2.061
2.257
3.042
3.042
3.851
4.121
4.121
4.121
4.121
4.769
4.465
5.2
5.201
5.446
6.182
6.182
6.182
6.182
6.182
6.182
6.182
6.182
6.182
6.182
6.143
5.102
4.121
5.103
4.121
4.121
3.582
3.042
3.042
3.042
3.042
2.689
2.159
2.159
2.159
1.178
1.079
1.079
1.079
1.079
1.079
1.325
2.061
2.061
2.061
2.061
3.042
3.312
4.121
4.121
4.121
4.121
4.367
5.103
5.103
4.367
5.102
5.103
5.054
5.201
5.937
6.182
5.103
6.084
5.691
5.103
5.103
5.103
4.906
4.121
3.582
3.042
2.257
2.061
1.963
1.963
1.963
1.227
0.981
-0.098
-0.343
-1.079
-1.079
-1.079
-2.061
-1.963
-1.963
-1.963
-1.963
-1.963
-1.982
-2.061
-2.061
-2.061
-2.061
-1.079
-1.079
-1.079
-0.491
-0.098
-0.098
-0.098
-0.098
-0.098
-0.098
-0.098
-1.079
-0.123
-0.196
-0.196
-0.196
0.0
-1.079
-1.325
-2.061
-2.061
-2.061
-2.061
-2.061
-2.6
-3.14
-3.14
-3.14
-3.356
-3.974
-3.729
-4.219
-3.238
-3.238
-3.238
-3.238
-3.238
-3.238
-3.238
-3.974
-3.238
-3.729
-4.219
-3.14
-3.14
-3.14
-3.14
-3.14
-3.14
-2.061
-2.061
-2.061
-2.061
-2.061
-1.08
-1.178
-1.178
-1.178
-1.178
-0.393
-0.196
-0.196
0.236
0.883
0.883
1.864
1.864
2.11
3.385
4.735
5.004
5.986
5.986
6.525
7.065
7.065
5.986
7.262
8.046
8.046
8.046
7.065
7.065
7.065
7.065
6.358
5.888
5.888
5.888
5.888
5.888
5.888
4.906
3.925
3.925
3.974
4.023
3.16
2.944
1.963
1.923
1.864
1.864
1.864
1.864
1.864
1.374
0.074
-0.196
-0.197
-2.159
-2.159
-2.218
-2.257
-2.257
-2.257
-2.257
-2.797
-3.336
-4.121
-4.318
-5.299
-5.25
-5.848
-6.354
-6.378
-6.378
-6.378
-6.378
-6.378
-5.515
-4.318
-4.318
-4.318
-3.827
-2.527
-2.257
-2.257
-2.012
-1.766
-1.521
-0.491
-0.294
-0.294
-0.294
-0.294
-0.294
-0.294
-0.275
0.074
0.343
0.451
0.883
-0.196
1.619
0.883
0.883
0.883
0.883
0.785
1.03
1.276
0.785
-0.025
-0.294
-0.294
-0.687
-1.766
-2.257
-2.257
-2.257
-2.355
-2.895
-3.434
-4.171
-4.318
-4.514
-5.569
-6.378
-6.378
-6.378
-6.378
-6.403
-6.869
-7.948
-7.703
-7.458
-7.458
-8.194
-7.948
-8.439
-8.439
-7.458
-7.458
-7.458
-7.458
-6.722
-6.476
-6.476
-6.501
-6.575
-6.457
-6.378
-5.299
-5.054
-4.318
-4.318
-5.127
-4.416
-4.416
-5.397
-5.397
-4.808
-4.416
-4.416
-4.416
-4.416
-4.416
-3.68
-3.434
-3.434
-3.165
-2.355
-2.355
-2.355
-1.374
-0.393
0.687
1.227
1.766
1.766
1.767
2.551
2.281
3.827
3.827
4.612
4.808
4.563
3.788
3.729
3.729
3.729
3.729
2.404
1.668
1.668
1.668
1.668
1.668
1.668
1.128
1.177
1.57
1.57
1.668
1.668
1.668
1.668
1.668
1.668
1.668
1.276
1.177
0.932
0.687
0.687
0.687
0.216
0.098
0.613
0.589
0.589
-0.491
0.049
0.589
-0.221
-0.491
-0.491
-0.491
-0.491
-0.417
-0.393
-0.393
-0.393
-0.824
-0.981
-0.491
-1.472
-1.472
-2.453
-2.453
-2.993
-2.723
-2.453
-3.533
-3.557
-3.631
-3.631
-2.747
-3.631
-2.551
-2.551
-2.551
-2.551
-1.766
-1.57
-0.589
-0.942
-0.981
-0.491
-0.491
-0.491
-0.221
0.589
0.589
0.589
0.589
1.57
0.589
1.079
0.275
-0.589
0.588
-0.589
-0.589
-0.589
-0.589
-0.589
-0.589
-0.373
0.221
-0.589
0.221
0.491
1.57
1.57
1.57
1.57
1.57
1.57
1.57
1.57
1.57
1.511
1.472
0.491
1.472
1.472
0.982
0.491
0.491
0.491
0.491
0.736
1.472
0.736
0.491
1.472
1.472
1.08
0.54
1.325
1.57
1.57
0.834
1.177
1.08
0.834
0.589
-0.491
-0.491
-0.491
-0.491
-0.491
-1.472
-1.472
-1.742
-2.551
-2.551
-2.551
-2.551
-2.551
-2.551
-2.551
-2.551
-2.551
-2.551
-2.532
-2.453
-2.453
-1.717
-0.687
-0.491
-0.491
-0.491
0.589
1.668
1.668
1.668
1.644
2.061
3.258
3.729
3.729
4.71
4.955
5.691
5.691
5.691
4.71
5.495
4.956
5.642
5.593
5.75
5.789
5.789
5.789
5.789
5.789
5.789
5.789
5.765
5.299
4.71
4.71
4.71
3.729
3.974
4.219
3.729
3.729
3.729
3.729
3.974
4.71
4.121
3.729
3.729
3.513
2.428
1.766
1.766
2.502
1.766
1.766
1.766
1.766
1.766
0.118
0.785
0.569
-0.319
0.196
-0.098
-0.393
-0.393
-0.393
-0.393
-0.393
-0.393
-1.373
-1.374
-1.864
-0.785
-1.374
-1.374
-1.374
-0.295
-0.294
-0.294
-0.294
-0.294
-0.294
-0.294
-0.294
-0.294
0.353
0.785
0.785
0.785
0.515
0.246
-0.024
-0.294
0.785
0.515
-0.294
-0.294
-0.294
-0.294
-0.295
-1.276
-0.883
-0.736
-1.178
-1.178
-1.178
-1.178
-1.178
-0.687
-0.196
-0.196
-0.098
-0.098
-0.098
0.55
0.981
0.981
0.981
0.981
1.472
1.963
1.963
1.963
1.963
1.963
2.012
2.061
2.061
2.061
1.963
1.178
1.178
0.368
0.098
0.097
-1.864
-1.864
-1.864
-1.864
-1.864
-1.864
-1.864
-1.864
-1.864
-1.864
-1.864
-1.864
-2.06
-2.944
-2.944
-2.944
-2.944
-2.845
-1.766
-1.766
-1.766
-2.502
-1.668
-1.668
-1.938
-2.208
-1.668
-1.595
-1.57
-2.512
-1.57
-1.57
-2.218
-1.84
-2.649
-2.433
-1.57
-1.57
-1.57
-1.57
-1.57
-1.57
-1.57
-1.57
-0.834
-0.589
-0.589
-0.353
0.589
0.589
0.589
0.589
0.589
0.589
0.589
0.098
-0.393
-0.393
-1.374
-1.374
-1.374
-1.374
-1.374
-1.276
-1.276
-1.57
-2.453
-2.453
-2.38
-2.355
-2.355
-2.355
-2.846
-2.747
-2.281
-3.238
-2.257
-2.503
-3.238
-3.238
-3.238
-3.238
-3.434
-3.95
-3.14
-3.14
-3.14
-3.14
-2.159
-1.889
-1.079
-1.079
-1.079
-1.079
-1.079
-1.079
-0.099
0.883
0.962
0.982
1.791
1.845
3.14
3.14
3.14
3.14
3.386
4.17
4.219
4.219
3.238
4.219
3.238
3.238
3.238
3.238
3.238
3.238
3.238
3.238
3.238
3.238
2.257
2.257
1.825
1.178
1.178
1.178
1.374
1.374
1.374
1.374
1.374
0.393
0.393
0.393
0.393
0.393
1.128
0.393
1.374
1.374
1.423
1.472
1.472
1.472
1.472
1.472
1.472
1.472
0.687
1.472
0.491
0.491
0.049
-0.393
-0.314
-0.294
-0.294
-0.766
-0.883
-1.104
-1.374
-2.355
-1.619
-2.355
-1.766
-1.374
-2.355
-1.374
-1.374
-0.834
-0.236
-0.196
-1.373
-0.196
-0.196
-0.736
-1.276
-1.276
-2.257
-2.159
-2.551
-2.65
-2.159
-2.159
-2.159
-2.159
-2.159
-2.11
-2.061
-2.061
-2.061
-2.061
-2.061
-2.061
-2.061
-2.061
-2.061
-2.061
-2.061
-1.325
-0.138
0.098
-0.785
0.098
0.098
0.098
0.196
0.196
0.196
0.196
0.196
0.196
0.196
0.294
0.294
0.294
0.294
1.03
0.295
0.294
0.294
0.294
0.294
0.294
0.294
0.294
0.294
0.294
-1.251
-1.766
-1.766
-1.521
-0.687
-0.589
-0.589
0.49
0.491
0.491
0.491
0.491
1.275
1.472
2.551
2.551
2.551
2.551
2.551
2.551
2.551
2.551
2.551
2.551
2.551
2.551
2.551
2.551
2.551
2.551
2.551
2.748
2.748
2.748
2.748
2.748
2.748
2.748
2.748
2.748
2.748
3.827
3.827
4.808
4.808
4.867
4.906
4.906
4.906
4.906
4.906
4.906
4.906
4.906
4.906
4.906
4.906
4.906
4.985
5.004
3.753
2.944
2.944
2.944
2.944
1.963
0.981
0.981
0.981
0.981
0.981
0.766
-0.098
-0.098
-0.834
-1.079
-0.099
-1.079
-1.079
-1.079
-1.816
-2.061
-3.14
-3.14
-3.042
-2.944
-2.944
-1.865
-2.944
-2.944
-2.944
-2.944
-2.944
-2.944
-2.944
-2.944
-2.944
-2.944
-2.944
-2.944
-3.321
-3.699
-3.925
-3.925
-3.925
-3.925
-3.925
-3.925
-3.336
-2.944
-2.944
-2.748
-2.748
-2.748
-2.748
-1.884
-0.687
-0.687
-0.687
-0.687
0.049
-0.687
-0.687
-0.687
-0.638
-0.589
-0.589
-0.589
-0.785
-1.865
-2.748
-2.748
-2.669
-2.649
-2.649
-2.895
-3.631
-4.366
-3.748
-4.514
-4.514
-4.514
-4.514
-5.323
-4.514
-4.514
-4.514
-4.023
-4.121
-4.514
-3.533
-3.729
-4.514
-3.974
-3.434
-2.649
-2.453
-2.453
-2.453
-2.453
-2.453
-2.453
-2.453
-2.453
-2.414
-1.815
-1.276
-1.276
-1.178
-1.178
-1.178
-0.687
-0.196
-2.355
-0.196
-0.196
-0.196
-0.196
-0.196
-0.196
-1.178
-1.178
-1.649
-2.355
-2.355
-2.257
-2.257
-2.257
-1.825
-1.178
-1.178
-0.098
-0.098
-0.098
