-2.702066E-4
-2.6571839999999994E-4
-2.691653E-4
-2.803579E-4
-2.920108E-4
-3.0589749999999997E-4
-3.327432999999999E-4
-3.876412E-4
-4.4805269999999997E-4
-4.665497E-4
-4.2191399999999996E-4
-3.1763529999999997E-4
-2.1115549999999996E-4
-7.366116999999998E-5
1.3060269999999998E-4
3.622376E-4
5.920809E-4
5.70955E-4
2.06735E-4
-2.9545129999999995E-4
-8.425069E-4
-0.001236696
-0.0011705129999999998
-7.14005E-4
9.654086E-4
0.002638739
0.0034863209999999997
0.0037509819999999995
0.0030809059999999996
8.761116E-4
-0.001583643
-0.002902399
-0.003919429
-0.004129662
-0.0038232209999999995
-0.003191082
-0.002745266
-0.0023976329999999997
-0.0022817309999999995
-0.0019837839999999997
-0.0019001309999999998
-0.0016466209999999998
-0.001587821
-0.002247256
-0.0035534849999999995
-0.005778177999999999
-0.008016904999999998
-0.009979895
-0.01028879
-0.008472936
-0.004175890999999999
-2.035207E-4
0.0011919869999999998
3.12719E-4
-6.494706E-4
5.462253E-4
0.0031572839999999994
0.006415674999999999
0.008736792
0.010039159999999998
0.009721563
0.007622751999999999
0.004819838999999999
0.0031858999999999998
0.0035408189999999997
0.005297758999999999
0.007351735999999999
0.01016798
0.0124697
0.01531666
0.01939081
0.024600399999999998
0.02792392
0.027494099999999997
0.023265379999999995
0.008789079999999998
-0.01328321
-0.027978789999999996
-0.03222255
-0.03215828
-0.02644477
-0.01682015
-0.008012232
-0.0020999599999999997
0.001643495
0.004701138
0.008564426999999998
0.01048805
0.007720819
0.00151404
-0.007542168999999999
-0.015142449999999998
-0.01965526
-0.021476689999999996
-0.01894643
-0.01317532
-0.005347356
0.001257757
0.004138503
0.001547118
-0.00292866
-0.008212005999999999
-0.008095643
-0.004267633
0.01014701
0.031056219999999995
0.03631262
0.03553159
0.029716379999999997
0.013373569999999998
-0.009957853
-0.026231469999999996
-0.03302451
-0.031106879999999996
-0.021747109999999997
-0.010981329999999997
-0.0020396359999999996
0.0064127179999999995
0.017639719999999998
0.02797019
0.032058859999999995
0.024556
-0.002743565
-0.03680305
-0.055878979999999995
-0.059016059999999995
-0.05437378
-0.04408905999999999
-0.029374119999999997
-0.01061809
0.013368379999999997
0.03294342
0.04209543999999999
0.04340926
0.03626115
0.024417079999999997
0.013275609999999998
0.004051716
-0.004217531
-0.011554559999999998
-0.01695707
-0.01605093
-0.008018116
0.0024370139999999995
0.014925029999999999
0.02495075
0.03456255999999999
0.04041535
0.0414484
0.03902309
0.03364754999999999
0.026469619999999996
0.019049969999999996
0.010245
-4.696774E-5
-0.010617559999999998
-0.02317502
-0.03235745
-0.03707939
-0.03470334
-0.02764123
-0.0179667
-0.006600202999999999
0.006824809
0.01881765
0.027554769999999996
0.03151011
0.02962909
0.023092749999999995
0.004735506
-0.01332897
-0.023034719999999998
-0.024952739999999998
-0.017512219999999995
-0.01020323
-0.008254321
-0.01039358
-0.012842889999999997
-0.01331755
-0.012976169999999999
-0.01579171
-0.021714159999999996
-0.02631073
-0.023482749999999997
-0.014238999999999998
-0.002024797
0.009064170999999998
0.02518094
0.03776744
0.04498068999999999
0.048109849999999996
0.04188991
0.03189267
0.004521416999999999
-0.0161176
-0.024581099999999998
-0.02783024
-0.02278375
-0.0129504
5.217415E-5
0.00989892
0.01029638
0.005514297
-4.8369879999999996E-4
-0.003178953
-0.0013648009999999997
0.00138369
0.004926793999999999
0.008646344999999998
0.014937309999999999
0.01553368
0.014055339999999998
0.007120078999999999
-0.004397157
-0.021556959999999997
-0.03284492
-0.03880733
-0.04109161
-0.034021539999999996
-0.023073379999999998
-0.01208334
-0.005505725
-0.0024532909999999994
-0.001236833
0.0026305469999999996
0.006453102999999999
0.008769092
0.007128533999999999
0.00295832
-0.002045267
0.00134056
0.008960513
0.022723849999999997
0.04010115999999999
0.05319857
0.06352378
0.06717922999999999
0.06355075
0.050637449999999994
0.029347679999999998
0.0018737139999999998
-0.030249829999999995
-0.051833529999999996
-0.06252397
-0.06721661
-0.06314138
-0.054126249999999994
-0.04185019999999999
-0.03294919
-0.02361257
-0.014620719999999999
-0.011459129999999998
-0.015666999999999997
-0.02615719
-0.03745013999999999
-0.04422696
-0.04534762
-0.03905234999999999
-0.02775351
-0.007723162
0.01786082
0.035833899999999995
0.046661619999999994
0.055488459999999996
0.0591467
0.058105769999999994
0.050705219999999995
0.04238768999999999
0.03257172999999999
0.024984409999999995
0.0212568
0.019376429999999997
0.017995849999999997
0.017196549999999998
0.02069665
0.024022329999999998
0.026405579999999998
0.02512288
0.023379229999999997
0.020302419999999998
0.012183829999999998
-0.0012103779999999998
-0.02401493
-0.04506441
-0.05669712999999999
-0.061229719999999994
-0.06179753999999999
-0.055404089999999996
-0.0452711
-0.029976579999999996
-0.009875146999999999
0.007285895999999999
0.021526509999999995
0.030612209999999997
0.036075789999999996
0.03726473
0.033608549999999994
0.025067489999999998
0.014499789999999999
0.003227152
-0.003695155
-0.007321912
-0.009044278
-0.009659986
-0.014165889999999999
-0.0221694
-0.03175497
-0.03917109
-0.03896174
-0.029597779999999997
-0.01782363
-0.007403862999999999
-0.006674128
-0.01338016
-0.021249159999999996
-0.0227809
-0.017330899999999996
0.004762636
0.03764675
0.05179617999999999
0.05631330999999999
0.05060968999999999
0.03655876999999999
0.012239299999999998
-0.01788488
-0.04246565
-0.05506438999999999
-0.05942278
-0.058203689999999995
-0.04737808999999999
-0.02392819
0.0068762499999999996
0.02593431
0.035207669999999996
0.034175899999999995
0.026909949999999995
0.020670959999999995
0.019086129999999996
0.024145659999999996
0.027964939999999997
0.028362109999999996
0.025264709999999996
0.02420222
0.027083079999999995
0.03381242
0.03722977
0.03542082999999999
0.02134736
-0.007934321
-0.026397249999999997
-0.03303925
-0.03334423
-0.02269521
-0.011303439999999998
5.125658999999999E-4
0.005751725
-4.729256999999999E-6
-0.01009217
-0.024518689999999996
-0.0359048
-0.0463606
-0.05257113
-0.051992729999999994
-0.04042481
-0.01598154
0.01667622
0.03753251
0.049122439999999996
0.056048719999999996
0.05521465999999999
0.05014778999999999
0.03669950999999999
0.022125129999999996
0.01119398
0.003671814
-0.0015942599999999997
-0.004011376
-0.00418455
-0.00582233
-0.01035295
-0.014857969999999998
-0.01931927
-0.02206176
-0.02579188
-0.029221919999999995
-0.03169707
-0.027590379999999998
-0.01945664
-0.006989014
0.005814382999999999
0.01023431
0.011223059999999998
0.00855298
0.005116869999999999
0.0011421909999999999
-0.002283739
-0.0031964349999999996
-0.00121433
0.0014001279999999998
0.006169918
0.011485369999999998
0.01820638
0.02496618
0.027570569999999996
0.029206949999999995
0.027971999999999997
0.02254492
0.014608569999999998
0.009212038999999998
0.004690556999999999
3.9359899999999996E-4
-0.005142758
-0.013168859999999998
-0.02068406
-0.0266631
-0.028451159999999996
-0.02656503
-0.021681989999999998
-0.01843818
-0.01827578
-0.01871318
-0.018271299999999997
-0.01627502
-0.012540609999999999
-0.008808273
-0.0037304679999999994
0.002039861
0.005734568999999999
0.008903962
0.006170659
-0.0025449759999999996
-0.0131049
-0.022779519999999998
-0.0244022
-0.01924917
-0.006080841
0.01152848
0.03043651
0.04519508999999999
0.05464383999999999
0.06121911
0.06199149999999999
0.05794148
0.048743489999999993
0.03350916999999999
0.015995889999999995
0.0029737549999999994
-0.004987345999999999
-0.007939081999999998
-0.009306786
-0.009996114
-0.012003359999999998
-0.01316901
-0.01542306
-0.018836769999999996
-0.026732499999999996
-0.0372465
-0.046436569999999996
-0.05120809
-0.05093372
-0.04610813999999999
-0.03501142
-0.023293679999999997
-0.007524309
0.005167666999999999
0.017647609999999998
0.030471179999999997
0.04015231999999999
0.04755877
0.05198787999999999
0.053966999999999994
0.04814118
0.03486113
0.015475089999999999
0.002562048
-0.005233803999999999
-0.007500172999999999
-0.002174695
0.0026837449999999995
0.004574009
-1.146821E-4
-0.009098712
-0.019475009999999997
-0.026159049999999996
-0.03182097
-0.03410471999999999
-0.03238497
-0.028293769999999996
-0.01911885
-0.007542704999999999
0.004040534
0.01172037
0.014189029999999998
0.008897518
-0.0012410759999999998
-0.01054443
-0.01913886
-0.025200649999999998
-0.027515019999999998
-0.02349008
-0.017169119999999996
-0.009397608999999998
-0.003066338
-0.0025051369999999997
-0.005023384
-0.010466959999999999
-0.01587395
-0.016894939999999997
-0.014540819999999998
-0.008506399999999999
0.0029053299999999994
0.014401129999999998
0.023965849999999997
0.028612989999999998
0.025965239999999997
0.01727802
0.007385174999999999
7.215735E-4
-0.0018701769999999998
0.0029289799999999994
0.01314232
0.022419299999999996
0.02826098
0.030519419999999995
0.02720256
0.021090799999999996
0.01414884
0.00807072
0.003193182
0.002381265
0.005992142
0.014070599999999999
0.022164459999999997
0.02297649
0.02007276
0.009492423999999998
-0.005325945999999999
-0.021948879999999997
-0.03557801
-0.04363509
-0.048605529999999994
-0.04763453
-0.04407471999999999
-0.03974392999999999
-0.03611270999999999
-0.03257511
-0.03033419
-0.02531163
-0.01854091
-0.009011948999999998
0.001224763
0.007220486999999999
0.012959039999999998
0.016438369999999997
0.018682439999999998
0.017605459999999996
0.01694352
0.014908699999999999
0.01494541
0.020520869999999997
0.02931023
0.03973262999999999
0.04714813
0.04933011999999999
0.042915539999999995
0.03257074
0.02200978
0.015599099999999998
0.01351227
0.01281864
0.011003179999999998
0.005793051999999999
-0.0013141649999999997
-0.01055846
-0.015176979999999998
-0.01772302
-0.01857876
-0.0210542
-0.028553159999999998
-0.036269489999999995
-0.04349618
-0.04627466
-0.043784899999999995
-0.03715700999999999
-0.02989362
-0.02435183
-0.02383468
-0.0259583
-0.027123189999999995
-0.02633268
-0.01894292
-0.008920390999999998
0.010109639999999998
0.028930799999999996
0.04542824
0.061018159999999995
0.06961275999999998
0.07689266
0.07760686999999998
0.07163306999999998
0.05998192
0.03188804
-0.0017483439999999998
-0.019510859999999998
-0.029475249999999998
-0.035608669999999995
-0.038119959999999994
-0.03814065
-0.03287041
-0.02535594
-0.015438589999999999
-8.219451999999999E-4
0.012009649999999998
0.020797069999999997
0.021483649999999996
0.01669283
0.010228129999999998
0.004057103
0.0015815899999999997
-7.266808999999999E-4
-0.0036428339999999997
-0.006528422999999999
-0.01125917
-0.01417137
-0.01643172
-0.01637054
-0.012639459999999998
-0.006298131999999999
8.571455E-4
0.006086733999999999
0.0072689569999999995
0.005292242999999999
0.004739389999999999
0.0038581009999999996
0.005788939
0.006953813999999999
0.007843274
0.006976321999999999
0.003061593
-3.727658999999999E-4
-0.005090292999999999
-0.006597875999999999
-0.0034451019999999994
1.5957329999999998E-4
0.0035408509999999994
0.003402147
0.001741566
0.001269293
0.0023280049999999997
0.005550163999999999
0.009137453
0.015646089999999998
0.022200579999999998
0.030039309999999996
0.03652044
0.0384974
0.03615049
0.031026919999999996
0.02085054
0.007913818
-0.0041088259999999995
-0.017334259999999997
-0.026941619999999996
-0.03514977
-0.040945449999999994
-0.04529885
-0.051090489999999995
-0.05191993999999999
-0.05095005
-0.0448271
-0.03672435
-0.02806876
-0.017967789999999997
-0.011434539999999998
-0.0053054669999999995
0.0011848339999999998
0.009397785
0.016104349999999996
0.02160821
0.025547569999999995
0.027394779999999997
0.028642219999999996
0.02911652
0.029386869999999995
0.02940015
0.029323639999999998
0.028931
0.02495208
0.019753169999999997
0.01342294
0.008792192
0.00230493
-0.004038431
-0.010097319999999998
-0.016796699999999998
-0.02020775
-0.02223045
-0.02442658
-0.02551498
-0.027111379999999997
-0.029964419999999995
-0.03040516
-0.029679049999999995
-0.02605521
-0.02028621
-0.0114825
-0.001131658
0.008729761999999999
0.013191239999999998
0.01151135
0.008474798999999998
0.002957616
-0.001982318
-0.003702091
-0.005592245
-0.0037767289999999995
0.0013813039999999999
0.007965378
0.01482891
0.018479589999999997
0.019036519999999998
0.016518079999999997
0.01576224
0.014172049999999999
0.011931099999999998
0.008043824
0.004529886999999999
6.334231E-4
-0.0025265979999999997
-0.004183173
-0.004695277999999999
-0.0037630759999999997
-0.0024626259999999994
-0.002894127
-0.0030451519999999998
-0.001765124
-0.001094011
9.867406E-4
0.0024238799999999994
0.002813478
0.003003159
0.00273077
0.0029816669999999995
0.0018422939999999997
-7.760518999999999E-4
-0.005171288
-0.009804186999999999
-0.01232981
-0.015528619999999998
-0.016144809999999996
-0.01750457
-0.01684376
-0.016324689999999996
-0.015812689999999997
-0.012403969999999999
-0.007870132
-0.003800418
-0.0010535829999999999
5.44687E-4
0.00179108
0.00445727
0.008240406999999998
0.01114635
0.01180222
0.011745109999999998
0.008851364
0.004035952999999999
-0.002408512
-0.008454147999999998
-0.01413357
-0.016967229999999996
-0.01810973
-0.015716949999999997
-0.01066801
-0.0064422839999999995
-9.271919999999999E-4
0.004899944999999999
0.011444219999999998
0.01644214
0.019819369999999996
0.02156861
0.022552879999999997
0.022760929999999995
0.02179911
0.02058938
0.01716003
0.011219549999999998
0.0033297629999999995
-0.0046313809999999995
-0.010539339999999998
-0.015318129999999998
-0.01691256
-0.016894319999999997
-0.01605086
-0.014276189999999998
-0.011647749999999998
-0.008039125
-0.0026709109999999998
0.002129094
0.008588766
0.01534519
0.021581399999999997
0.026308069999999996
0.02624789
0.02334601
0.01666087
0.009388268
3.060941E-4
-0.008643455999999999
-0.01453919
-0.01857544
-0.019618049999999998
-0.018621639999999995
-0.01667559
-0.012528419999999998
-0.008714753
-0.004584894
0.002155209
0.008044581
0.01374738
0.018589259999999996
0.02228774
0.02539871
0.026806359999999998
0.026550339999999995
0.02370243
0.01832298
0.011440979999999998
0.0037277409999999997
-0.003811222
-0.009387639
-0.01322511
-0.01483377
-0.014797109999999999
-0.014470809999999999
-0.014925839999999998
-0.015787839999999997
-0.016855849999999995
-0.01652245
-0.01458355
-0.01317913
-0.009637755999999999
-0.005141741
9.343384999999999E-4
0.007091948
0.01351588
0.018697399999999996
0.022596919999999996
0.026278079999999995
0.0275336
0.02785899
0.02583732
0.02180326
0.01491104
0.006758199
-0.002874804
-0.01194676
-0.0182291
-0.023256779999999998
-0.02602119
-0.02721881
-0.02644579
-0.023276799999999997
-0.01930715
-0.01566788
-0.01283431
-0.009959037
-0.008347480999999999
-0.009362478
-0.01016528
-0.01088348
-0.010942739999999998
-0.009851489999999997
-0.007317878999999999
-0.003847991
4.2574259999999994E-4
0.005852011
0.01077958
0.01676176
0.02353055
0.028107259999999995
0.03057048
0.03093973
0.027783859999999997
0.023229559999999996
0.01924636
0.015112299999999999
0.009742946999999998
0.004998887999999999
0.0010697019999999998
-0.0028399889999999994
-0.007271021999999999
-0.01007915
-0.01304341
-0.01587193
-0.01949116
-0.02379567
-0.0258785
-0.02791453
-0.029376319999999997
-0.02933873
-0.02597485
-0.023046599999999997
-0.019922449999999998
-0.017029879999999997
-0.01395361
-0.008136729
-0.001349693
0.005896238
0.013535009999999998
0.0199956
0.024416379999999998
0.02706629
0.02852786
0.027652689999999997
0.024324419999999996
0.019905749999999996
0.01462309
0.006941453
-2.986296E-4
-0.00601889
-0.009873608999999998
-0.010856009999999998
-0.008326565999999999
-0.0052105779999999996
-0.002132299
0.001541653
0.00379786
0.005428786999999999
0.005941769999999999
0.006626133999999999
0.005546917999999999
0.0032947039999999994
0.001254614
-8.063466999999998E-5
-0.0018483869999999997
-0.003296857
-0.004888143
-0.006748692
-0.009610913
-0.012462929999999999
-0.01388799
-0.014101319999999999
-0.0116861
-0.0105642
-0.008850647
-0.006922944
-0.006159023999999999
-0.0057807069999999995
-0.005859319
-0.005615655999999999
-0.004968054
-0.0032474509999999997
-0.0018256349999999997
1.1527229999999998E-4
0.0037647669999999996
0.008012948
0.011332009999999998
0.01409
0.01685835
0.019440929999999995
0.02260483
0.024478519999999997
0.02568514
0.027366069999999996
0.028708319999999996
0.030241389999999996
0.02825446
0.02432649
0.01877758
0.0100699
0.0014252949999999998
-0.008999088
-0.01798444
-0.026063919999999997
-0.03255246
-0.03556465999999999
-0.03633177
-0.035561829999999996
-0.03352506999999999
-0.030624339999999996
-0.026958559999999996
-0.02311739
-0.020754169999999995
-0.01725776
-0.014587409999999999
-0.011980439999999998
-0.008458422
-0.005845299
-0.002605806
3.8268749999999994E-4
0.0033590399999999998
0.007235981999999999
0.008693538999999998
0.008764869
0.008819924
0.00796408
0.006168830999999999
0.004917209999999999
0.0038522789999999997
0.0027781229999999995
0.002062007
0.00117653
0.001606873
0.0031306179999999995
0.00457791
0.008826052
0.013921989999999999
0.01814572
0.023472089999999998
0.02706553
0.02907088
0.028920949999999997
0.02756331
0.02515612
0.02098432
0.016773739999999995
0.01292209
0.009120517
0.006061430999999999
0.004094802
0.003376614
0.0034346919999999996
0.004250642999999999
0.0033162939999999996
0.001661701
-0.001074978
-0.005867060999999999
-0.01074676
-0.01721877
-0.02375395
-0.027707659999999995
-0.029798749999999995
-0.02978452
-0.026978629999999997
-0.0216574
-0.015371259999999998
-0.008794340999999999
-0.0029722929999999995
0.002756007
0.007563193999999999
0.01094751
0.013412769999999997
0.014200189999999998
0.014249099999999999
0.014278609999999999
0.014181669999999999
0.014343819999999998
0.013609409999999999
0.010032169999999998
0.006168404
0.001596685
-0.0035441409999999994
-0.008335186999999999
-0.012755909999999999
-0.015686549999999997
-0.016866779999999998
-0.017493069999999996
-0.01719328
-0.01603566
-0.014086529999999998
-0.012362779999999999
-0.009651719
-0.006716223
-0.004051036
-0.002445588
-5.912981999999999E-4
-5.597082E-4
-0.002614045
-0.003402554
-0.005357962
-0.005728301
-0.006998273
-0.008069315
-0.008174460999999997
-0.008232669
-0.006420229999999999
-0.004042659999999999
-0.001783454
3.615666E-4
0.0029471789999999994
0.0048484209999999995
0.007542157999999999
0.008655993
0.010452129999999999
0.012619619999999998
0.014284189999999999
0.016645579999999997
0.01769105
0.01757057
0.01589162
0.012585759999999998
0.00616689
-4.7747199999999994E-4
-0.005728480999999999
-0.008454046
-0.009015131
-0.006948677999999999
-0.003113574
0.0015661329999999997
0.005858218999999999
0.0111071
0.0156481
0.017775879999999997
0.019076359999999997
0.01809094
0.0170383
0.01621205
0.015210399999999999
0.012828639999999999
0.010722349999999999
0.008096819
0.004333015
0.001246398
-0.001978843
-0.004224974
-0.007472653999999999
-0.01033078
-0.014024209999999999
-0.01785346
-0.020635059999999997
-0.023501269999999998
-0.024015409999999997
-0.024181759999999997
-0.024494969999999998
-0.02401971
-0.02172581
-0.01993376
-0.017236969999999997
-0.014771619999999997
-0.012983669999999998
-0.01020828
-0.008256078
-0.005590827999999999
-0.004566826999999999
-0.002693114
4.3470379999999995E-5
0.0029269939999999996
0.006085864999999999
0.008971457
0.01160709
0.01302897
0.0132717
0.013497139999999998
0.013035049999999998
0.012454639999999998
0.011434629999999998
0.008777511
0.00806246
0.007449413999999999
0.0066752159999999994
0.005532825
0.004197619999999999
0.0015945049999999998
-0.0014634619999999998
-0.005164085
-0.007514195
-0.009460413999999999
-0.011487189999999998
-0.01326922
-0.01384864
-0.012923539999999999
-0.010017639999999998
-0.005327718
-8.948659999999999E-4
0.004203094999999999
0.007199813999999999
0.009918154
0.011122749999999999
0.01188669
0.01175918
0.01082893
0.009021486
0.006021620999999999
0.004474261999999999
0.0029860449999999997
0.0025198779999999997
0.002258719
0.0019363789999999998
0.0016150589999999999
-1.312014E-4
1.1662889999999999E-4
-4.61724E-4
-7.708167E-4
-0.0020519529999999996
-0.002310043
-0.003037319
-0.0033974179999999997
-0.004494962
-0.004109445
-0.0033363009999999994
-0.004266577
-0.004527729
-0.005857825999999999
-0.006642245999999999
-0.006912582999999999
-0.006280232999999999
-0.005318403999999999
-0.001971838
-6.539908E-4
4.5163839999999995E-4
0.0024233019999999996
0.0036880599999999995
0.005477148999999999
0.006858201999999999
0.006469578
0.008744128999999998
0.01017931
0.009763122999999999
0.01204891
0.013481999999999997
0.014564239999999999
0.015012029999999999
0.01419602
0.01617381
0.015552739999999999
0.015561909999999998
0.015330279999999998
0.013450429999999998
0.013187239999999998
0.01265889
0.01464071
0.014431659999999999
0.015233379999999998
0.01468672
0.01283333
0.009320552
0.0034463439999999996
-0.002449174
-0.01007986
-0.01679345
-0.021915039999999997
-0.02618987
-0.029990409999999995
-0.031181819999999996
-0.0305128
-0.028113829999999996
-0.023457539999999995
-0.02071175
-0.017247889999999995
-0.014349059999999999
-0.01341573
-0.012021389999999998
-0.01281699
-0.012457979999999999
-0.011959179999999998
-0.011957189999999998
-0.009755058999999998
-0.007644704
-0.004735616999999999
-4.955112E-4
0.0021096119999999994
0.004979879
0.006122322999999999
0.007437107999999999
0.007188290999999999
0.007163808999999999
0.00733825
0.005737879
0.005694033999999999
0.004534303
0.004161999999999999
0.0035581679999999996
0.002790125
0.0030369759999999994
0.002321968
7.052949999999999E-4
-0.001020537
-0.002634169
-0.004677221
-0.007035469999999999
-0.007109969999999999
-0.008339086999999999
-0.007793411
-0.005597368
-0.005666734
-0.002774043
-8.564045999999999E-4
0.001217253
0.0024933469999999995
0.0037030729999999994
0.005087229
0.005543179999999999
0.005602372
0.005263741
0.005682970999999999
0.006669317999999999
0.007571032999999999
0.008771585
0.009062282999999999
0.010163899999999998
0.01022923
0.008129077
0.006853071
0.005064019999999999
0.004892685999999999
0.003578955
0.002814964
0.002750734
0.0024896269999999995
4.6803109999999997E-4
-0.002344117
-0.0025327919999999994
-0.003491586
-0.005427526
-0.005584602
-0.006493399999999999
-0.0063638589999999995
-0.006865669
-0.0065718999999999994
-0.006326048
-0.007295062
-0.007113487999999999
-0.007597936999999999
-0.005934318
-0.004869418
-0.002342887
5.213156E-4
0.002446066
0.0035915799999999996
0.004446364
0.004863583999999999
0.0036528759999999998
0.003230637
0.002827772
0.0018598329999999998
3.053883E-4
-0.0011123929999999997
-0.001722338
-0.001934468
-0.0018161329999999997
-0.001014389
-3.312041E-5
-8.552008999999998E-4
-2.593897E-5
0.0015867229999999997
0.0012277069999999998
0.00253945
0.0028199909999999996
0.0030230149999999996
0.003632003
0.003037398
0.002302021
0.0020399189999999994
0.0030854499999999996
0.00314973
0.002778491
0.0017085429999999999
9.017704E-4
-5.149616E-4
-0.0032393389999999995
-0.004578583999999999
-0.004717274
-0.003850233
-0.0032973629999999998
-0.0024741989999999994
3.8488179999999995E-4
0.0016884989999999998
0.002625903
0.004220229999999999
0.005824729999999999
0.0065897759999999994
0.006357267999999999
0.006426675999999999
0.005946306
0.004630541
0.004056318
0.005240589999999999
0.004755125
0.005822075
0.004754224999999999
0.0018850069999999997
4.101514E-4
-0.002054121
-0.004260318
-0.006527782
-0.0072784699999999996
-0.008316767
-0.007970971999999998
-0.006184917999999999
-0.005805454
-0.00420298
-0.004246809
-0.0024281139999999994
-1.7816539999999997E-5
0.0023394729999999995
0.0031392019999999994
0.0044438509999999995
0.006062650999999999
0.005817911
0.007366317999999999
0.008102856999999998
0.008204917
0.008076429
0.008156045
0.00804289
0.008001144
0.0065517729999999995
0.005860274999999999
0.005277915999999999
0.0045935509999999995
0.006098075999999999
0.007149777999999999
0.007197787999999999
0.006882711999999999
0.004963141
0.004050329
0.0015891339999999999
-7.802605999999998E-4
-0.0031374299999999996
-0.005654726
-0.005877046
-0.007605885999999999
-0.006728646999999999
-0.007079461999999999
-0.006778537999999999
-0.006311304999999999
-0.007392435999999999
-0.007887069
-0.00880094
-0.009459804999999998
-0.009610702
-0.010206329999999998
-0.009297492999999999
-0.008763982
-0.009011766
-0.0077448859999999994
-0.0063045919999999995
-0.004498138
-0.003320981
-0.002475352
-0.0014716039999999998
4.95012E-4
7.572342999999999E-4
0.0021842599999999995
0.004109095999999999
0.006008406
0.007888369
0.008850316999999998
0.010369249999999998
0.01027247
0.008491603
0.005979460999999999
0.0020657849999999997
-4.1782319999999996E-4
-0.0037398959999999995
-0.007880002
-0.009786364999999998
-0.012706569999999999
-0.012237329999999998
-0.01225768
-0.011041799999999997
-0.009729019
-0.008228538
-0.005133810999999999
-0.0037516319999999995
-0.001477988
-4.752175E-4
3.25547E-4
0.0019484549999999998
0.00399669
0.004523102
0.006271448
0.006849901
0.008308569
0.009745839999999999
0.010261029999999999
0.010079579999999998
0.010260209999999999
0.010628539999999999
0.009871818
0.008905015
0.006094004
0.0037735249999999994
-2.3496959999999998E-4
-0.001954654
-0.0027909689999999995
-0.003222374
-0.0034701469999999994
-0.0030345549999999995
-0.0024000259999999995
-0.001856287
-0.0019296189999999998
-0.0033483629999999996
-0.0036654839999999997
-0.004270257999999999
-0.0043793009999999995
-0.005499196
-0.005714330999999999
-0.005931501
-0.005053206999999999
-0.004672669
-0.004066711
-0.0033648579999999997
-0.0037748139999999996
-0.003754343
-0.004109218999999999
-0.004895540999999999
-0.005723688999999999
-0.00624891
-0.005836748
-0.006093683999999999
-0.005886566
-0.00416269
-0.0035587709999999996
-0.001598219
-1.6503119999999999E-4
9.672815E-4
0.0011254779999999999
0.002025228
0.0023446089999999997
8.922505E-4
-8.090044E-4
-0.0024847759999999997
-0.0030293719999999994
-0.004377724
-0.005664894
-0.006483884
-0.006097248
-0.005349518
-0.004899637
-0.003335874
-7.327627999999999E-4
0.0010574509999999998
0.004353151
0.005505898999999999
0.005995584
0.006829062
0.007588032999999999
0.008229723999999999
0.008618441999999999
0.009266289999999998
0.009018547
0.009416492
0.008055941
0.006965737
0.006041724
0.005403219999999999
0.005358446999999999
0.003973364
0.005115872
0.004520286
0.003359643
0.0033556649999999994
0.0031568819999999997
0.0024674509999999994
0.00106609
8.493566E-5
-0.001077759
-0.0013500079999999998
-0.0022536179999999998
-0.002182133
-0.0022972829999999994
-0.0017647399999999999
-0.00165753
-8.261374999999999E-4
3.765493E-4
3.409512E-4
6.18498E-4
7.165204E-4
0.001299049
6.096398E-4
-3.8474159999999996E-4
-9.140119E-4
-0.0018645309999999998
-0.002151042
-0.003233152
-0.002723062
-0.002248644
-0.002610624
-0.0023412309999999996
-0.0026389619999999995
-0.002511355
-0.002554086
-0.0011045579999999998
-0.0017011449999999998
-0.0015715139999999998
-8.451591999999999E-4
3.809776999999999E-4
0.001166502
0.001315522
0.002884404
0.0023969689999999997
0.001838132
0.002622618
0.0033316309999999994
0.0034990179999999996
0.004509952999999999
0.004059232
0.003994062
0.003238371
0.003054886
0.0025470579999999996
0.001603655
0.001362045
9.123699E-5
-8.990673999999998E-4
-7.949154999999999E-4
-0.0014985879999999997
-0.001825907
-0.0025969039999999997
-0.003173096
-0.003097495
-0.0037450849999999996
-0.0038030969999999996
-0.005598174
-0.005717401999999999
-0.005620401
-0.005917113999999999
-0.005269293999999999
-0.004236960999999999
-0.002940428
-2.2916339999999998E-4
0.001965004
0.0031717929999999996
0.0031321709999999996
0.0039044309999999994
0.004351315
0.0037037319999999995
0.00417611
0.0038906219999999994
0.004030473999999999
0.0038694179999999995
0.004159224
0.003970633
0.00374634
0.003071235
0.0024175409999999996
0.0026930769999999995
0.0017752069999999998
0.002409772
0.0026985789999999996
0.0032117699999999996
0.0035607239999999995
0.004039234
0.004605459999999999
0.005393023999999999
0.005727707999999999
0.005800245
0.007447691999999999
0.006109604
0.0056680459999999995
0.005253061
0.0036069029999999994
0.0028889679999999996
8.001174E-4
-6.807886999999999E-4
-0.001170289
-0.0013823259999999997
-6.682033E-4
-0.0015299619999999997
-0.0014064379999999999
-5.770373E-4
-5.942525999999999E-4
-0.001777308
-0.002465715
-0.0023656119999999996
-0.00358031
-0.005378436999999999
-0.005933218
-0.007489594
-0.007941365
-0.008592999
-0.010303499999999998
-0.009057977999999998
-0.010013519999999998
-0.008677214
-0.007133812999999999
-0.007528438999999999
-0.006013609999999999
-0.004576311999999999
-0.004519059
-0.0037529289999999995
-0.0026715789999999994
-0.002166552
-0.0021827299999999995
-0.002131609
-0.0018825869999999998
-0.00244347
-0.0026789719999999995
-0.001032588
-0.001985128
-9.364809999999999E-4
5.875449999999999E-4
0.001014009
0.0017913929999999998
0.002216843
0.004157040999999999
0.004542726999999999
0.006896008999999999
0.006466745999999999
0.007227813999999999
0.007069893
0.005866444999999999
0.00428561
0.002676194
-3.703801999999999E-4
-0.004280958
-0.0054517789999999995
-0.008669777999999998
-0.009696810999999998
-0.010337259999999997
-0.009993423
-0.008884595
-0.007364704
-0.004807426
-0.002402158
-2.895853E-4
5.306146999999999E-4
0.0018832829999999997
0.002404635
0.002990271
0.002148917
0.0010433599999999997
9.282281E-4
5.132218999999999E-4
6.051536E-4
-7.778317E-4
-9.990585E-4
1.1899829999999998E-4
-0.00115485
-9.680696999999999E-4
-5.497568999999999E-4
5.305612999999999E-4
1.206591E-4
4.278039E-4
0.001730472
0.002174339
0.0031098039999999994
0.0038106629999999997
0.005174536
0.0053154429999999996
0.005659317
0.005189226999999999
0.005020052
0.0038624919999999995
0.00401154
0.004170780999999999
0.004566686
0.004310818
0.0023627699999999997
0.001503039
3.1997829999999994E-4
-0.001138504
-0.00139849
-5.782798999999999E-4
-0.002062254
-0.001288991
-7.054258999999998E-4
4.5545189999999993E-4
7.330341E-4
-2.2661289999999995E-5
8.179431E-4
9.027454999999999E-4
4.3164859999999996E-4
-5.300719E-4
-0.0010776809999999998
-7.001454999999998E-4
-0.0016730789999999998
-0.002565474
-0.002480687
-0.002969134
-0.002350896
-0.001918294
-0.0016866349999999997
-0.0017772919999999998
2.169234E-4
4.690144E-4
6.669989999999999E-4
0.0024276549999999995
0.0031285179999999994
0.004099698
0.005643076999999999
0.006384770999999999
0.005990159999999999
0.006928720999999999
0.006577995
0.006461831999999999
0.005873455999999999
0.004240565999999999
0.004146873
0.002680235
0.002008194
9.536296999999999E-4
0.0010057729999999997
6.346096E-4
6.102488E-4
5.920143999999999E-4
3.320475E-4
6.392020999999999E-4
-0.001395543
-0.0024440149999999995
-0.0038229239999999997
-0.004254255
-0.003171897
-0.003517548
-0.0038407649999999995
-0.0033418579999999996
-0.003023499
-0.0026143589999999997
-0.003152396
-0.0015654519999999997
-0.0014972489999999998
-0.00114694
-6.112216E-4
-8.350232E-4
5.000046E-4
4.314665E-4
1.580692E-4
3.154201E-5
-6.817938E-4
-0.001002147
-0.00107095
-0.001260239
-0.0014111439999999998
-0.00149976
-0.0017135099999999997
-0.0022543209999999997
-0.0024930339999999994
-0.002616385
-0.003182861
-0.0037073339999999996
-0.0024997049999999996
-0.002332065
-0.0030838459999999995
-0.0018164229999999997
-0.0012205069999999998
-4.8137189999999995E-4
-5.418812E-4
7.951016999999999E-4
4.340295E-4
0.0011571869999999998
0.001541471
0.0019040459999999997
0.0025138079999999998
0.003296128
0.004950367
0.005100492
0.006626913999999999
0.006877893
0.006554619
0.006643681
0.006101879999999999
0.004751958
0.003504608
0.0023437709999999997
0.0018526259999999998
3.8395399999999994E-4
-3.723694E-4
-0.0011982499999999999
-0.002218817
-0.0027031769999999998
-0.002615502
-0.003608924
-0.00397809
-0.003944712
-0.004220693
-0.0038536619999999995
-0.004189848
-0.0037925969999999995
-0.0032670629999999997
-0.002156324
-0.001488943
-5.003187999999999E-4
2.0435799999999997E-4
-2.2096309999999997E-4
-4.210949E-4
-9.737396999999999E-4
-0.0017541189999999997
-0.002027134
-0.002881618
-0.00329348
-0.003210031
-0.0029538119999999997
-0.002777428
-0.0023360539999999997
-0.001096784
1.524489E-4
0.0015243079999999998
0.002137506
0.00230896
0.003127516
0.0031002729999999997
0.002276451
0.002302512
0.001031377
4.575519E-4
1.1695169999999998E-4
-4.6559759999999993E-4
-7.948735E-4
-0.0013151599999999997
-0.0012981329999999997
-0.0013401359999999998
-9.923942E-4
-7.560241999999998E-4
-2.9408399999999996E-4
5.3344E-4
7.731196E-4
9.372784E-4
9.417815999999999E-4
7.371584E-4
6.750166999999999E-4
9.510102E-4
0.0015441379999999998
0.0015965239999999998
0.0015108669999999997
0.0017545129999999999
0.001376861
0.001230688
0.001257746
7.192075E-4
2.177912E-4
-4.0958769999999996E-4
-6.232192999999999E-4
-4.68392E-4
-3.8995959999999993E-4
-3.8845389999999996E-4
-5.013893E-4
-6.249527999999999E-4
-8.353141999999999E-4
-8.857538999999998E-4
-7.822445999999999E-4
-8.692403999999999E-4
-7.167813999999999E-4
-5.59651E-4
-5.768856E-4
-4.733254999999999E-4
-4.896560999999999E-4
-3.9251059999999993E-4
-4.105906999999999E-4
-4.3381709999999995E-4
-3.486336E-4
-7.434622999999998E-4
-7.121853E-4
-6.541384999999999E-4
