-0.0040
0.081
1.099
0.552
-1.027
-2.319
-2.658
-2.672
-3.608
-4.144
-4.851
-5.927
-5.449
-3.755
-1.598
0.016
0.711
0.19
-0.507
-0.794
-0.295
-0.266
-0.311
-1.516
-2.295
-1.022
0.766
2.702
3.205
2.738
2.583
2.733
3.626
3.788
3.391
3.197
3.881
5.019
5.656
5.023
5.07
6.267
7.637
8.803
8.719
8.877
8.482
6.983
4.569
1.446
-0.591
-1.782
-1.765
-1.844
-2.879
-3.742
-4.037
-4.023
-3.206
-2.08
-0.124
1.793
3.366
3.354
2.485
0.873
0.262
-0.063
0.819
1.181
1.963
2.891
3.418
3.415
2.319
0.048
-1.668
-2.729
-3.713
-5.082
-6.887
-8.235
-9.361
-10.427
-11.865
-14.283
-17.018
-18.987
-19.887
-20.327
-19.314
-16.178
-11.431
-5.589
-1.273
1.456
3.222
5.043
6.008
5.964
4.99
3.131
6.851
13.63
19.407
24.759
25.377
20.453
16.366
11.527
5.78
0.876
-4.144
-7.711
-9.864
-6.345
-3.301
-7.38
-11.873
-10.037
-5.6
-0.984
3.634
2.392
-0.727
-2.154
0.889
3.95
6.575
4.495
2.214
-0.471
-4.297
-7.818
-10.291
-10.071
-6.353
-2.677
0.728
5.49
8.746
9.102
8.27
8.99
13.033
17.745
21.362
19.225
14.652
8.481
2.991
-2.05
-6.534
-12.178
-18.428
-24.177
-29.056
-32.356
-29.373
-23.712
-17.538
-10.453
-3.261
3.851
12.95
20.077
26.034
25.876
22.003
25.044
31.825
32.556
26.825
17.009
5.406
-0.462
-2.081
-1.472
-4.193
-5.262
0.222
10.734
21.278
29.624
33.878
31.633
26.975
21.593
12.332
-0.716
-14.48
-28.324
-40.149
-45.722
-49.162
-45.794
-41.619
-37.603
-33.679
-30.734
-28.048
-24.487
-18.051
-8.571
4.91
13.322
18.985
22.134
18.933
14.512
9.774
5.678
4.4
8.154
13.371
15.985
13.507
9.085
5.365
2.706
0.813
-1.465
-5.477
-10.9
-16.765
-13.831
-6.512
-0.878
4.544
7.659
10.759
12.029
9.453
4.034
-2.816
-9.407
-10.247
-2.937
5.66
16.668
24.66
32.239
35.551
30.213
22.002
10.368
0.261
-6.853
-12.43
-15.679
-11.169
-5.526
-1.171
3.638
10.287
15.65
11.277
0.893
-10.685
-19.082
-18.58
-10.298
-3.685
0.459
2.073
4.162
6.91
4.319
-1.182
-5.991
-11.701
-10.674
-5.771
-0.754
0.245
-5.389
-9.173
-8.988
-3.923
2.501
2.961
-3.516
-10.233
-15.03
-10.414
-4.761
0.047
4.443
8.497
11.927
11.838
9.914
7.839
5.527
2.784
-0.536
-3.593
-6.144
-5.071
-3.304
-7.203
-4.572
1.492
14.368
22.983
23.362
15.267
4.212
-2.939
-7.147
-9.225
-6.038
-4.849
-7.269
-9.581
-10.297
-7.715
-10.405
-13.343
-12.063
-8.014
-2.164
6.418
12.539
16.807
14.637
11.629
7.547
3.733
-2.708
-13.545
-22.149
-20.374
-12.633
-1.844
7.31
14.652
19.391
15.532
11.144
6.663
1.808
-2.597
-7.559
-8.163
-3.016
2.193
7.168
12.568
12.593
8.262
6.009
3.449
0.365
-3.091
-5.78
-8.349
-10.316
-14.979
-15.3
-10.14
-6.306
-1.997
-3.399
-6.706
-9.816
-12.669
-15.637
-18.394
-18.092
-13.833
-9.283
-3.222
2.453
6.909
11.385
15.445
20.394
25.824
31.753
34.579
29.5
22.664
16.259
10.404
4.223
-3.359
-13.891
-20.494
-23.009
-19.231
-14.789
-11.73
-8.038
-3.478
3.309
10.018
14.863
19.109
21.476
22.682
19.329
14.168
7.958
-0.428
-7.585
-13.435
-18.163
-22.572
-22.396
-18.035
-15.03
-12.897
-10.642
-5.954
-3.257
-6.113
-11.975
-22.968
-33.78
-40.708
-44.728
-39.579
-31.856
-26.292
-21.069
-14.822
-3.876
5.095
10.971
14.912
11.155
9.471
12.546
16.451
15.774
12.643
8.643
4.891
4.12
8.438
14.948
20.266
20.189
16.562
17.38
24.472
34.536
45.091
42.465
34.281
26.239
19.444
13.353
3.639
-9.984
-19.055
-23.79
-19.11
-12.187
-6.733
-10.657
-16.07
-19.396
-16.069
-9.577
-2.893
1.364
5.179
9.424
16.716
17.408
10.514
0.91
-12.114
-24.848
-33.012
-40.462
-46.546
-47.288
-39.546
-30.806
-19.252
-8.257
3.848
16.627
24.957
31.305
34.221
34.256
30.531
26.01
21.085
17.063
13.387
9.943
7.039
5.625
4.869
5.669
7.167
12.103
23.172
35.108
44.664
47.358
40.545
32.395
24.517
18.351
13.487
7.102
-0.35
-5.836
-10.036
-6.577
0.335
6.616
3.986
6.3
12.236
18.667
19.981
14.137
-2.536
-27.379
-36.055
-33.648
-28.055
-30.448
-35.059
-37.893
-33.308
-27.4
-18.063
-8.219
-0.373
1.502
-0.964
2.883
5.89
0.692
-6.693
-15.16
-22.014
-25.112
-19.795
-13.781
-16.749
-21.545
-21.191
-13.403
-2.862
6.503
13.98
15.368
10.556
1.724
-7.912
-19.993
-26.549
-28.181
-26.094
-31.758
-38.929
-50.581
-58.384
-64.331
-65.896
-61.487
-54.488
-47.747
-36.557
-25.087
-14.98
-7.299
-4.567
-6.054
-9.399
-12.968
-16.496
-19.3
-24.01
-31.304
-38.514
-43.201
-43.633
-39.634
-34.191
-31.145
-27.153
-21.337
-14.732
-7.866
-0.201
6.127
12.525
17.141
18.876
20.876
16.55
10.407
-5.238
-14.65
-19.822
-24.679
-31.489
-43.05
-51.0
-50.324
-41.936
-31.25
-20.248
-14.002
-9.879
-7.341
-7.193
-11.106
-14.893
-13.007
-7.339
0.068
13.322
23.717
32.428
37.115
40.365
45.251
53.616
66.672
75.174
79.678
75.143
70.336
67.099
63.906
62.443
63.694
69.196
75.042
82.437
84.828
78.773
72.303
65.828
66.366
73.961
80.169
84.027
83.265
78.333
72.809
59.688
33.493
7.796
-17.061
-39.647
-53.984
-70.05
-80.46
-85.597
-84.905
-78.542
-73.872
-70.443
-73.2
-77.28
-81.933
-93.361
-107.12
-119.01
-124.83
-127.7
-125.49
-126.9
-130.67
-128.99
-122.62
-112.84
-102.45
-90.642
-80.052
-64.13
-48.002
-30.084
-12.047
-1.998
4.064
9.728
9.469
4.31
-1.852
-11.598
-19.83
-22.71
-16.874
-0.061
18.853
37.673
54.861
68.925
86.17
100.64
115.87
122.03
124.85
123.45
121.66
119.83
115.42
106.17
86.385
68.156
50.71
35.075
24.046
12.071
-2.867
-14.727
-20.178
-14.554
-6.552
4.182
11.03
16.216
17.802
15.135
9.984
1.934
-11.707
-25.645
-35.386
-41.812
-46.046
-50.064
-58.414
-67.477
-76.993
-83.185
-88.203
-91.204
-91.316
-89.389
-85.728
-78.772
-66.272
-52.359
-38.731
-27.237
-15.812
-7.74
-0.745
3.387
6.429
7.018
2.201
-7.055
-22.202
-38.267
-49.662
-55.102
-55.898
-48.51
-40.72
-28.289
-9.84
6.757
25.38
46.487
63.576
80.253
95.324
103.68
110.56
117.88
130.67
137.59
142.61
144.99
145.66
144.89
143.85
141.07
137.16
125.94
100.94
75.35
56.749
38.432
24.765
13.187
-0.521
-9.23
-14.867
-17.195
-22.057
-35.197
-50.543
-61.256
-69.388
-77.292
-84.864
-90.939
-95.148
-91.006
-83.226
-72.626
-55.02
-40.46
-26.241
-10.812
0.353
5.976
13.501
24.084
33.336
42.993
52.183
64.585
79.314
93.193
100.8
108.5
110.34
105.87
101.23
95.975
92.559
95.109
99.092
102.73
101.53
97.677
93.747
86.665
77.414
71.16
67.878
64.721
60.409
56.342
52.977
48.669
50.29
55.879
61.631
63.774
59.622
54.169
48.682
44.087
41.047
44.818
49.754
56.596
63.243
69.165
73.437
73.855
69.769
62.777
54.194
43.405
30.662
19.364
8.497
1.581
-5.283
-13.557
-20.911
-30.848
-43.942
-58.293
-71.183
-79.315
-84.633
-88.661
-90.347
-89.72
-88.516
-86.228
-82.008
-76.958
-74.93
-79.508
-85.753
-95.919
-104.77
-110.42
-110.84
-108.75
-107.31
-103.36
-98.537
-92.53
-85.026
-76.551
-68.255
-62.223
-56.556
-55.043
-59.717
-65.837
-74.814
-86.097
-93.988
-98.435
-98.966
-98.028
-96.389
-90.924
-83.195
-76.003
-66.281
-58.629
-53.733
-48.288
-40.156
-28.321
-16.391
-4.865
2.411
7.696
15.27
26.225
37.069
44.902
44.847
38.37
33.03
28.905
26.277
24.301
22.533
20.744
18.869
15.97
10.679
1.671
-8.733
-17.63
-24.947
-33.753
-41.343
-48.025
-47.601
-39.585
-28.677
-8.684
6.114
25.86
44.091
62.189
80.539
94.833
103.3
109.64
108.72
102.24
93.755
79.721
64.526
49.362
37.986
32.4
29.141
27.227
25.385
23.567
19.312
13.385
7.587
10.389
17.181
17.375
8.759
-6.806
-24.43
-41.994
-51.961
-56.389
-61.533
-66.056
-68.878
-69.115
-64.395
-55.284
-42.229
-27.425
-18.037
-8.041
1.839
17.921
31.054
42.392
51.16
57.337
66.509
79.95
96.326
109.19
119.36
124.72
125.5
124.03
123.29
121.69
118.67
112.79
96.473
75.522
58.577
30.417
-0.442
-26.668
-48.256
-66.122
-79.262
-85.212
-88.502
-87.467
-83.109
-76.52
-68.398
-57.393
-46.588
-38.212
-38.109
-45.058
-52.522
-58.408
-55.307
-48.12
-41.025
-37.779
-41.69
-47.56
-53.979
-62.848
-72.067
-79.633
-84.95
-87.116
-90.46
-93.821
-94.1
-89.828
-82.658
-67.667
-52.969
-41.012
-30.485
-22.38
-17.944
-14.879
-12.133
-12.734
-19.353
-23.702
-25.925
-29.87
-34.985
-55.515
-80.194
-98.034
-102.44
-93.613
-83.407
-80.128
-85.869
-88.209
-81.238
-70.924
-54.132
-40.813
-31.595
-22.805
-9.777
2.797
16.932
27.09
34.857
39.971
41.552
42.912
43.642
38.841
30.878
21.417
14.216
9.683
5.964
7.561
13.517
20.046
27.386
34.72
46.043
57.503
71.048
84.246
95.222
104.94
113.35
125.1
133.97
140.72
147.54
153.55
157.65
159.27
157.29
153.57
149.92
146.53
142.49
137.52
130.05
117.73
105.97
92.837
82.661
69.066
54.625
32.112
8.685
-10.762
-39.355
-77.221
-98.025
-112.01
-119.89
-123.8
-123.94
-118.21
-98.647
-79.15
-51.863
-30.579
-8.542
12.815
36.809
52.523
66.739
78.15
86.884
89.41
85.535
81.726
78.585
76.082
74.247
72.763
71.246
66.358
59.59
47.353
30.527
19.033
12.496
6.298
-3.051
-16.982
-29.908
-42.032
-53.367
-59.476
-67.278
-73.322
-78.589
-75.292
-68.173
-61.175
-55.006
-55.102
-59.936
-61.489
-59.812
-64.342
-69.666
-80.581
-80.725
-69.652
-59.758
-52.519
-47.431
-49.254
-51.491
-51.722
-57.079
-63.108
-70.327
-77.857
-75.908
-68.901
-74.298
-77.777
-72.339
-64.405
-56.544
-40.208
-24.897
-9.205
4.158
16.363
20.938
24.067
26.928
36.056
49.632
57.98
67.637
79.292
89.954
98.198
102.21
103.93
105.89
110.9
119.27
125.71
127.95
124.55
117.22
104.94
94.268
86.635
77.83
65.21
52.839
41.942
34.277
28.85
22.074
11.352
-4.018
-19.695
-35.347
-48.635
-54.163
-55.364
-55.07
-54.942
-54.529
-52.83
-51.1
-54.358
-60.468
-75.349
-88.314
-98.795
-100.98
-94.124
-83.61
-72.224
-63.123
-56.021
-45.812
-36.803
-30.89
-28.712
-29.59
-31.742
-37.514
-49.414
-59.411
-65.928
-72.588
-77.556
-81.299
-82.107
-79.171
-72.915
-66.661
-57.045
-40.61
-27.993
-7.912
13.788
38.991
65.256
88.616
106.42
121.62
128.15
124.21
118.53
110.74
101.96
96.125
90.435
88.822
94.047
100.03
107.35
109.66
106.44
101.99
97.918
93.222
88.303
83.527
79.188
74.381
70.985
73.649
79.701
84.261
82.723
77.875
70.888
59.223
46.386
32.223
7.729
-12.721
-25.673
-36.532
-46.774
-52.653
-57.045
-58.175
-59.45
-62.663
-68.604
-76.385
-81.781
-86.964
-92.642
-97.261
-100.43
-102.35
-103.47
-105.49
-107.15
-108.61
-108.87
-108.47
-106.94
-102.23
-88.471
-69.841
-51.904
-33.675
-18.525
-4.501
6.278
17.316
27.754
34.621
39.17
39.555
40.904
45.507
47.516
42.289
36.008
29.879
23.191
21.968
24.778
18.887
11.376
3.653
0.322
4.381
9.95
9.442
4.088
6.799
12.42
17.457
23.747
24.355
22.24
19.864
18.431
17.937
18.573
21.795
27.339
32.215
40.509
50.199
60.065
68.544
75.252
79.249
80.388
75.161
63.025
36.452
2.249
-36.996
-65.924
-84.841
-94.602
-100.28
-98.915
-93.197
-93.4
-97.967
-102.05
-106.7
-107.95
-102.26
-94.425
-88.104
-82.465
-74.98
-64.294
-50.933
-35.12
-21.54
-10.99
-1.258
5.615
12.616
19.616
26.095
29.843
30.424
25.396
20.3
25.887
41.934
52.453
57.899
56.314
53.246
50.719
48.014
46.317
51.566
58.216
68.457
79.097
87.242
93.251
98.863
103.9
107.23
109.81
111.17
112.01
113.79
117.54
124.24
126.38
121.39
114.98
114.15
118.46
114.95
107.52
90.057
75.285
59.977
44.605
30.813
12.542
-8.943
-27.48
-40.899
-55.226
-72.426
-87.071
-103.01
-114.22
-118.67
-121.04
-122.01
-123.53
-127.27
-132.76
-137.61
-141.62
-145.8
-150.72
-155.79
-160.34
-164.52
-166.63
-161.2
-147.98
-127.8
-109.39
-94.018
-80.565
-70.569
-62.483
-55.252
-49.823
-48.294
-47.337
-44.379
-37.02
-20.028
-8.231
-3.07
-1.104
2.099
8.649
16.984
21.437
21.964
20.987
20.729
23.405
28.786
35.873
42.649
50.018
57.314
64.977
73.098
78.742
81.791
82.871
83.639
86.565
93.278
105.77
117.27
126.93
134.06
140.45
146.71
151.2
154.01
155.22
156.72
159.77
164.86
171.18
176.46
180.73
182.31
180.41
176.17
168.01
154.16
128.89
87.579
41.8
-4.693
-42.795
-69.583
-87.022
-100.33
-108.48
-117.19
-123.29
-127.08
-122.62
-114.59
-105.02
-98.431
-93.54
-89.56
-87.189
-85.956
-85.1
-86.804
-92.725
-99.209
-108.05
-113.95
-118.01
-119.16
-118.85
-117.75
-117.45
-116.96
-118.11
-121.9
-130.18
-140.53
-148.27
-152.93
-151.87
-147.23
-138.65
-127.11
-111.89
-97.897
-83.692
-73.356
-66.373
-61.944
-63.281
-70.475
-80.107
-94.51
-109.0
-121.12
-126.84
-123.62
-114.75
-105.16
-94.704
-82.133
-70.443
-53.311
-32.129
-11.127
10.429
28.888
45.896
63.645
84.829
97.777
110.61
120.97
132.85
142.9
148.79
151.0
150.02
145.3
134.79
118.89
98.585
74.339
43.134
10.697
-14.393
-43.768
-67.325
-82.624
-98.054
-107.12
-111.17
-110.75
-110.56
-108.52
-110.49
-116.14
-123.23
-132.39
-140.12
-148.65
-159.08
-170.06
-181.57
-188.95
-195.24
-200.38
-200.98
-194.92
-182.07
-164.38
-149.68
-135.98
-126.15
-117.67
-105.56
-93.101
-76.561
-59.158
-39.254
-19.497
-7.339
-1.29
6.375
19.8
36.088
56.303
75.459
92.692
107.31
121.03
137.93
151.86
167.81
177.01
183.08
187.45
190.94
193.42
194.87
194.9
193.94
192.34
190.72
188.29
185.11
182.34
178.61
174.06
167.52
160.61
153.52
147.15
141.32
135.93
130.53
123.65
115.02
106.71
97.75
89.321
78.874
71.138
66.387
64.972
65.808
68.015
71.098
74.563
79.425
86.149
95.34
106.45
116.34
125.84
134.06
141.15
146.4
150.63
154.25
157.23
159.48
161.49
164.02
166.32
167.7
168.32
168.78
168.56
165.54
161.12
154.15
147.74
139.56
126.92
111.02
95.336
79.864
64.067
39.141
14.694
-14.599
-45.146
-76.848
-106.01
-136.6
-167.68
-191.92
-214.34
-237.83
-249.18
-254.95
-257.76
-252.68
-245.6
-235.83
-227.32
-220.55
-215.21
-212.68
-211.66
-211.7
-211.76
-211.62
-210.17
-207.83
-204.91
-202.41
-200.13
-196.07
-189.05
-177.16
-165.04
-149.24
-132.86
-113.13
-97.217
-80.856
-66.685
-49.74
-32.677
-15.43
-0.848
7.979
22.865
36.227
49.915
59.224
68.074
75.651
80.866
85.705
92.372
99.3
103.24
105.12
105.99
105.8
105.59
106.96
110.33
115.09
118.91
122.49
125.43
128.34
131.28
133.41
133.78
131.58
129.02
125.55
121.64
116.6
111.06
106.38
101.15
94.639
88.69
83.482
80.077
79.976
81.432
83.27
84.687
86.587
88.065
89.829
90.501
89.253
85.59
78.444
70.937
62.639
51.251
38.649
25.013
13.175
0.725
-11.897
-16.642
-19.761
-28.751
-40.176
-52.642
-58.461
-62.987
-67.433
-73.651
-79.851
-85.754
-91.226
-99.439
-108.44
-117.71
-124.86
-130.75
-135.79
-140.09
-143.08
-143.59
-142.14
-139.42
-135.43
-132.05
-128.37
-123.78
-117.79
-109.31
-98.136
-86.574
-76.054
-65.181
-57.372
-51.998
-47.484
-41.631
-33.283
-23.708
-12.143
-3.889
5.42
17.35
34.782
53.381
71.991
89.535
99.924
107.57
110.53
105.81
100.15
91.822
81.644
73.801
69.448
66.772
66.603
68.539
71.067
73.255
75.371
75.871
72.138
65.655
58.163
48.13
38.463
32.469
28.192
26.066
26.055
26.948
29.624
32.591
31.644
28.753
23.609
16.233
6.708
-5.237
-16.511
-28.889
-40.301
-50.415
-60.428
-70.243
-79.864
-89.12
-95.769
-101.67
-106.71
-109.26
-109.94
-108.25
-104.19
-100.5
-96.335
-93.333
-90.538
-88.269
-86.012
-84.645
-83.075
-81.092
-77.675
-71.837
-63.775
-57.794
-50.33
-42.084
-34.817
-27.386
-22.71
-22.805
-27.427
-29.098
-24.753
-20.769
-16.83
-13.631
-11.692
-9.064
-4.731
0.499
6.173
11.041
14.648
12.689
10.649
10.141
9.199
9.033
9.141
10.186
11.554
13.062
14.436
15.764
17.355
19.45
21.941
25.448
28.8
31.357
34.03
37.752
42.332
46.917
51.101
54.832
59.408
63.567
67.391
68.379
62.621
54.615
43.187
31.657
21.952
14.1
8.058
2.969
-1.087
-4.724
-5.377
-3.645
-2.213
-1.094
-1.456
-3.661
-6.0
-8.799
-11.727
-14.143
-16.371
-18.913
-21.235
-21.204
-17.019
-14.02
-11.809
-9.995
-9.137
-9.135
-9.095
-9.709
-10.287
-11.381
-13.929
-16.637
-19.586
-22.53
-24.424
-22.862
-19.688
-15.625
-11.238
-4.966
3.058
11.887
20.69
29.309
36.078
42.622
49.912
54.749
58.635
60.912
61.246
62.097
61.369
61.043
62.423
64.315
68.045
72.587
69.522
64.884
60.704
56.565
51.774
45.862
41.368
36.942
34.293
33.171
31.875
31.142
29.918
27.613
24.502
21.316
18.711
16.4
13.469
10.195
5.983
0.544
-5.738
-11.968
-18.198
-24.465
-28.995
-32.341
-36.377
-39.903
-42.392
-44.384
-46.438
-47.472
-47.777
-46.326
-43.793
-41.068
-37.434
-33.766
-30.44
-29.142
-29.352
-30.428
-34.529
-42.164
-50.051
-58.023
-64.356
-68.219
-71.568
-74.744
-76.731
-77.032
-75.442
-73.353
-71.319
-68.665
-64.369
-59.018
-53.813
-49.507
-46.238
-44.716
-43.821
-41.337
-38.038
-34.567
-30.484
-27.584
-24.7
-20.258
-15.084
-8.801
-3.146
2.115
7.603
10.415
11.764
11.769
11.298
11.052
11.059
11.497
11.897
11.343
10.251
8.944
6.263
2.481
-1.591
-4.57
-7.586
-9.511
-9.87
-8.992
-6.937
-4.682
-2.162
1.033
4.398
6.929
8.91
9.432
8.612
7.606
6.022
3.591
1.437
0.41
0.864
1.819
3.633
5.663
8.59
12.514
17.983
22.405
26.68
30.288
33.291
35.734
37.731
39.29
40.233
40.495
39.74
39.299
39.343
39.871
41.12
43.144
44.338
45.632
47.145
50.18
53.909
56.822
58.869
59.069
56.964
52.143
43.988
36.028
28.193
23.241
20.695
19.194
19.082
20.009
21.373
23.082
24.57
25.529
25.533
24.653
22.174
19.24
15.051
10.06
5.646
2.302
0.0090
-1.639
-2.265
-3.601
-5.453
-8.162
-12.206
-18.146
-24.112
-30.644
-36.532
-42.627
-47.994
-51.833
-53.522
-54.242
-53.038
-50.677
-47.792
-44.505
-40.295
-35.559
-30.459
-24.4
-18.6
-15.068
-12.23
-11.118
-10.388
-10.327
-10.794
-11.046
-11.588
-13.094
-14.926
-15.065
-13.859
-10.37
-6.488
-1.902
3.636
9.524
14.38
18.766
22.064
24.208
25.773
25.87
26.307
26.215
25.535
24.259
21.973
18.677
15.018
12.019
9.116
6.605
4.608
3.116
1.675
-0.299
-2.723
-5.688
-8.485
-10.608
-13.782
-16.614
-19.632
-23.959
-27.541
-30.227
-32.381
-34.601
-36.312
-37.744
-40.03
-42.267
-43.79
-43.992
-43.97
-43.976
-44.502
-45.353
-46.271
-46.75
-46.586
-46.136
-45.17
-43.115
-39.643
-34.417
-26.452
-19.128
-11.614
-5.812
-1.02
1.819
3.977
5.572
6.354
7.151
7.593
8.755
11.045
13.888
17.081
19.947
22.763
25.927
29.391
32.858
35.704
37.394
38.549
38.375
37.285
36.802
36.005
34.903
33.641
30.841
26.961
20.331
13.345
6.377
-0.591
-7.609
-13.947
-18.549
-22.643
-24.958
-24.769
-21.82
-17.698
-11.608
-4.217
2.326
7.227
11.255
14.321
16.015
16.407
15.118
12.831
9.628
5.979
3.482
1.135
-0.559
-1.274
-0.049
1.511
3.415
5.342
5.185
3.021
1.66
1.232
1.621
3.11
6.541
9.986
15.441
21.269
26.405
30.1
32.507
33.606
33.081
31.784
29.691
26.737
24.229
21.643
19.417
16.736
14.04
11.31
7.775
4.996
2.536
-0.569
-4.17
-8.632
-11.536
-12.856
-12.161
-10.354
-7.921
-4.868
-3.07
-0.728
1.86
2.242
1.468
-0.924
-2.931
-5.057
-5.859
-3.492
-1.044
-1.73
-4.364
-5.579
-3.936
-0.532
1.848
2.124
0.269
-2.407
-4.012
-6.043
-8.771
-11.751
-14.421
-17.218
-17.765
-15.679
-13.345
-10.294
-6.432
-3.056
1.32
5.285
9.284
12.194
14.415
15.773
16.873
18.006
20.151
22.878
25.142
27.253
29.061
31.166
32.338
30.138
27.685
25.049
22.231
19.399
16.767
14.787
13.028
10.972
8.186
5.272
2.459
-0.297
-3.796
-7.5
-10.496
-13.19
-14.623
-15.926
-16.915
-17.847
-18.914
-19.434
-19.897
-20.041
-19.458
-17.598
-15.722
-14.194
-12.284
-10.409
-8.542
-6.501
-4.905
-4.701
-5.965
-8.089
-11.374
-14.614
-18.528
-21.932
-24.225
-26.499
-27.536
-27.948
-27.582
-26.645
-25.633
-24.173
-22.376
-20.396
-18.423
-15.756
-13.188
-9.793
-6.177
-2.576
0.293
2.61
4.839
7.106
9.269
9.388
7.372
4.931
3.01
1.397
0.056
-1.088
-2.004
-2.389
-2.001
-1.966
-1.05
0.086
2.031
3.02
0.665
-1.521
-2.858
-3.473
-4.497
-5.59
-6.351
-7.629
-8.748
-9.705
-10.584
-11.066
-10.576
-10.213
-9.283
-8.314
-7.243
-5.535
-3.075
-2.885
-5.567
-7.86
-10.399
-12.833
-14.135
-14.811
-15.571
-15.537
-15.463
-14.424
-13.496
-11.933
-9.587
-8.737
-11.175
-13.488
-13.896
-13.733
-13.013
-12.345
-11.185
-8.425
-5.69
-2.313
1.706
5.629
9.088
11.662
14.402
16.865
19.136
21.343
22.777
24.802
26.989
28.985
30.129
29.968
27.71
24.261
20.309
16.064
10.852
4.055
-2.126
-7.294
-12.173
-15.746
-17.264
-16.396
-13.207
-10.416
-7.635
-4.838
-2.151
-0.59
0.245
-0.668
-1.341
-2.936
-4.949
-7.182
-8.979
-9.847
-10.872
-11.647
-12.167
-12.841
-13.91
-15.036
-16.936
-19.242
-22.15
-25.998
-29.182
-31.994
-30.984
-25.956
-21.113
-15.608
-9.268
-0.325
8.752
17.902
26.141
30.737
34.842
38.188
40.219
40.986
41.022
38.607
35.076
32.187
27.324
21.177
13.728
6.066
-1.591
-9.283
-14.761
-18.375
-21.323
-21.614
-17.707
-14.6
-11.43
-7.226
-4.042
-1.419
-1.916
-3.631
-6.316
-9.813
-13.407
-16.453
-18.591
-17.84
-14.544
-11.793
-7.99
-3.154
1.37
4.662
7.027
8.475
8.999
9.418
9.392
9.92
11.071
13.135
16.243
18.764
22.186
25.1
27.322
29.301
31.601
33.546
34.031
33.931
32.61
31.436
29.642
27.408
25.074
22.292
18.606
15.153
11.658
8.2
4.344
0.563
-2.54
-4.798
-6.063
-6.291
-6.015
-5.19
-4.084
-2.407
-0.693
0.445
1.225
2.131
3.298
4.888
6.698
9.206
10.833
12.699
15.131
17.004
18.707
19.627
19.809
19.268
17.872
15.952
13.482
10.747
8.199
6.33
4.493
3.564
2.788
1.766
1.259
0.678
-0.197
-1.449
-3.611
-6.143
-9.102
-12.436
-14.88
-17.651
-19.412
-20.994
-21.819
-19.964
-17.787
-15.547
-12.782
-9.903
-7.564
-5.05
-2.553
-0.364
1.532
2.78
3.098
3.095
2.956
2.973
2.967
3.081
3.92
4.722
6.445
8.907
12.079
15.922
18.283
21.096
22.578
20.145
17.597
15.391
12.782
10.029
7.948
6.579
6.107
5.942
6.823
7.354
8.649
10.236
11.32
12.411
13.24
13.75
13.77
13.644
13.202
12.454
11.141
9.387
8.327
7.049
5.48
3.536
0.953
-1.106
-2.92
-4.217
-5.352
-6.727
-8.701
-10.65
-12.185
-13.719
-15.636
-17.918
-19.981
-20.948
-21.691
-22.055
-22.204
-21.674
-20.23
-19.255
-17.71
-16.099
-14.109
-12.206
-10.31
-8.967
-8.136
-7.303
-7.069
-7.522
-8.628
-9.736
-11.148
-12.494
-13.63
-13.909
-14.669
-14.944
-14.655
-13.811
-11.764
-8.969
-5.088
0.401
5.647
9.805
14.312
17.737
19.954
22.012
23.602
25.001
25.618
25.815
25.895
25.181
23.811
22.361
20.361
17.943
15.564
12.632
8.8
4.286
0.389
-3.595
-7.229
-10.314
-12.333
-13.956
-16.531
-18.806
-20.419
-23.012
-26.249
-29.416
-32.56
-34.976
-36.853
-37.641
-37.759
-37.353
-36.169
-33.679
-30.876
-27.396
-24.045
-20.809
-18.13
-16.102
-14.541
-12.54
-10.287
-8.053
-5.364
-2.898
-0.034
2.269
4.148
5.235
5.942
5.632
4.674
3.804
2.041
0.517
-1.046
-2.472
-3.615
-4.542
-4.864
-4.365
-4.44
-4.574
-4.096
-4.318
-4.164
-4.126
-3.349
-2.179
-1.094
0.113
1.049
2.565
3.294
3.721
3.729
3.079
2.528
2.553
2.514
2.953
3.631
4.165
5.046
6.567
7.051
7.025
6.28
4.564
2.258
-1.172
-3.953
-6.891
-8.934
-9.888
-11.239
-11.698
-11.891
-11.759
-11.891
-12.464
-12.709
-13.675
-14.479
-15.127
-15.556
-15.206
-14.566
-13.218
-11.17
-9.041
-5.495
-2.72
0.246
3.465
6.636
10.278
12.992
15.139
16.195
16.406
16.065
15.763
15.789
15.672
14.779
14.604
14.758
15.156
14.664
14.607
14.557
13.708
12.151
10.523
7.977
4.218
0.105
-3.026
-6.566
-9.722
-12.093
-13.214
-14.124
-14.757
-14.86
-14.632
-13.98
-13.435
-12.042
-10.152
-7.669
-4.811
-2.354
-0.091
1.168
1.867
1.324
0.285
-2.055
-4.924
-7.438
-9.041
-10.153
-10.382
-10.33
-9.961
-9.339
-8.571
-7.416
-6.778
-6.111
-5.909
-5.741
-5.381
-4.562
-3.81
-2.971
-2.024
-1.18
0.116
1.8
3.562
4.785
6.6
8.142
9.057
9.927
11.028
11.838
12.084
12.058
12.054
12.034
11.581
11.107
10.896
10.823
9.945
9.601
8.069
7.324
6.024
4.192
2.358
0.303
-1.553
-2.917
-4.159
-4.83
-5.261
-5.799
-5.103
-4.988
-4.581
-4.348
-4.021
-4.428
-4.747
-5.05
-5.012
-5.358
-5.668
-5.852
-5.267
-5.077
-4.697
-3.945
-3.961
-3.967
-3.974
-3.968
-4.11
-4.981
-5.439
-5.728
-6.168
-6.302
-6.131
-5.313
-3.815
-2.216
-0.384
1.025
2.781
4.685
6.486
8.162
9.459
9.482
9.193
8.146
6.646
5.747
5.028
4.205
4.279
5.009
6.569
8.3
10.955
13.611
16.099
18.441
20.008
21.157
21.738
21.787
21.827
21.138
20.192
19.29
17.798
15.96
13.922
11.741
8.258
4.793
1.812
-2.375
-10.379
-16.473
-19.425
-21.587
-23.406
-24.429
-24.956
-24.647
-23.509
-21.743
-18.194
-14.978
-11.456
-8.548
-5.813
-3.604
-2.045
-0.67
0.186
0.24
0.417
0.718
1.151
0.668
0.211
0.228
-0.173
0.167
0.591
1.934
3.239
4.966
6.589
8.66
11.595
14.704
17.995
21.92
25.208
28.575
30.769
32.737
34.007
34.075
34.084
33.223
31.397
29.813
27.329
25.279
22.319
19.519
16.968
13.436
9.983
6.155
3.746
1.835
-0.155
-1.284
-2.069
-2.053
-2.079
-1.429
-1.099
-0.967
-0.927
-0.897
-1.438
-2.335
-3.569
-4.485
-5.653
-7.132
-9.339
-11.02
-12.589
-13.4
-13.177
-11.958
-8.856
-5.034
-1.411
3.015
6.439
10.022
12.737
14.397
15.849
16.165
16.39
15.731
14.896
13.332
11.749
10.587
9.09
7.859
6.309
4.101
1.941
-0.552
-2.586
-4.573
-6.378
-7.297
-7.686
-8.402
-7.922
-7.18
-6.321
-5.116
-2.937
-0.498
2.85
6.813
10.208
13.336
16.11
17.635
19.591
21.59
23.531
25.662
27.601
28.681
29.792
29.6
29.512
28.665
27.251
26.217
25.377
24.717
23.839
22.753
21.217
19.094
16.565
14.281
10.908
7.509
4.145
0.591
-2.673
-5.491
-7.467
-8.901
-9.568
-9.922
-10.142
-9.934
-9.915
-9.915
-9.904
-10.003
-10.639
-11.841
-13.435
-14.571
-15.813
-16.522
-17.022
-17.482
-17.457
-16.702
-15.762
-15.064
-14.375
-13.854
-13.398
-13.175
-12.331
-11.072
-9.037
-6.824
-3.831
-0.299
3.236
7.536
11.44
14.096
15.708
16.422
16.762
15.463
13.752
11.346
7.984
4.93
1.999
-0.731
-2.968
-6.096
-8.936
-11.22
-13.493
-15.619
-17.45
-18.746
-19.012
-18.513
-16.929
-15.136
-13.007
-11.138
-9.562
-8.351
-7.095
-5.448
-3.771
-2.715
-1.508
0.08
1.905
4.149
6.2
8.36
10.301
12.123
14.161
15.744
16.774
17.528
18.156
18.137
17.288
16.496
14.533
12.274
9.585
6.705
2.257
-2.375
-6.93
-11.278
-14.944
-17.837
-20.28
-21.875
-23.251
-24.142
-24.757
-24.419
-23.757
-22.1
-20.181
-17.417
-13.106
-8.793
-5.3
-1.96
1.13
3.221
5.629
7.582
9.147
10.896
12.019
12.565
12.418
11.352
10.615
8.947
6.951
5.001
3.325
2.12
1.312
0.879
0.88
1.366
2.316
3.339
4.579
5.226
5.683
5.77
5.52
4.703
3.633
2.893
2.159
1.202
0.128
-0.102
-0.488
-1.046
-1.533
-2.291
-3.547
-5.295
-7.006
-8.826
-10.505
-11.873
-13.408
-14.389
-14.894
-15.802
-16.474
-16.941
-17.783
-18.089
-19.032
-19.144
-19.118
-19.477
-19.93
-19.789
-19.449
-19.202
-18.261
-18.012
-18.052
-17.932
-16.98
-15.869
-15.016
-13.612
-12.124
-9.686
-7.886
-5.903
-4.032
-1.766
0.516
3.586
6.353
8.773
10.638
11.948
12.842
13.525
13.435
12.834
12.078
11.259
11.26
10.979
10.526
10.114
10.122
10.134
9.376
8.994
8.762
7.732
6.64
5.135
3.472
1.924
0.689
-0.841
-1.202
-2.013
-2.238
-2.747
-3.261
-4.083
-4.966
-5.876
-6.676
-7.294
-7.945
-8.519
-8.984
-9.159
-10.09
-10.101
-10.325
-10.107
-10.366
-11.035
-11.023
-11.246
-11.033
-10.549
-10.108
-9.397
-8.731
-7.504
-6.151
-4.539
-2.277
-0.01
2.236
4.093
6.77
8.999
10.825
11.896
12.033
11.665
10.292
8.009
5.941
2.788
-1.556
-5.399
-8.473
-10.987
-12.578
-14.042
-14.494
-15.297
-15.652
-14.9
-14.206
-13.349
-12.558
-11.783
-10.467
-9.481
-7.745
-5.849
-3.616
-1.515
0.747
2.805
4.996
6.828
8.744
9.943
10.652
11.465
11.499
11.714
11.609
11.107
10.394
9.456
8.186
7.078
5.475
4.547
3.653
3.638
3.512
3.5
3.648
3.388
3.658
3.219
2.317
1.059
-1.306
-3.539
-5.666
-8.128
-9.801
-11.536
-13.305
-14.305
-15.02
-15.567
-15.534
-15.524
-15.636
-16.054
-15.902
-15.999
-15.297
-14.848
-13.97
-13.351
-13.151
-12.024
-11.467
-10.436
-9.736
-8.553
-7.363
-5.549
-3.519
-0.733
1.807
4.744
7.479
9.894
12.571
14.667
16.498
17.85
18.685
19.493
19.608
20.07
19.725
19.458
19.48
19.46
19.747
19.749
19.464
19.504
19.102
18.423
17.509
16.36
15.247
13.892
13.005
11.553
9.766
7.992
5.585
3.328
1.326
-0.266
-1.432
-2.312
-2.814
-3.969
-4.209
-4.187
-4.211
-3.851
-3.073
-2.796
-1.988
-1.618
-0.98
-0.644
-0.242
0.093
0.365
0.345
0.347
0.348
0.35
0.351
0.353
0.354
0.389
-0.077
-0.775
-0.93
-1.873
-2.332
-2.796
-3.042
-3.05
-2.73
-1.917
-1.221
-0.679
0.204
0.957
1.772
2.363
2.67
3.115
3.597
4.484
5.144
6.27
7.086
8.003
9.214
10.127
10.572
10.567
10.236
8.867
7.525
6.41
5.163
4.431
3.844
3.626
3.156
2.691
2.21
1.435
0.293
-0.921
-1.959
-3.293
-4.919
-6.23
-7.311
-8.813
-9.988
-11.294
-12.936
-13.657
-14.426
-15.258
-15.505
-15.547
-15.183
-13.751
-11.125
-8.269
-3.994
-0.45
2.792
5.743
8.244
9.828
11.54
12.99
13.467
14.046
14.757
15.134
15.255
15.963
16.292
16.285
16.893
16.856
16.17
14.787
13.135
10.624
8.76
6.547
5.088
4.037
3.268
2.735
2.782
2.745
3.25
3.131
2.749
1.782
0.591
-0.993
-2.913
-5.015
-7.119
-8.709
-9.492
-10.049
-10.735
-10.712
-10.709
-10.706
-10.703
-10.7
-10.697
-10.698
-10.658
-9.662
-8.505
-6.794
-5.529
-3.653
-1.747
-0.189
1.508
3.106
4.01
4.955
6.103
7.108
7.811
8.743
9.631
10.826
11.734
12.344
12.32
12.15
11.42
10.537
9.461
8.218
6.879
5.778
4.419
3.976
3.547
3.063
2.923
2.818
2.537
1.835
1.801
1.819
1.67
0.808
0.363
-0.348
-0.16
-0.223
0.022
0.748
1.668
2.576
3.327
3.762
4.217
4.871
4.175
3.964
2.819
1.456
-0.344
-2.315
-3.962
-5.306
-6.542
-7.236
-8.118
-9.046
-9.757
-10.548
-10.578
-10.475
-10.387
-10.165
-9.578
-8.416
-7.232
-5.219
-3.153
-0.902
1.38
4.002
6.236
8.483
9.925
11.198
12.31
12.584
12.585
12.243
11.944
11.749
10.983
10.011
9.119
8.058
6.837
5.386
4.229
2.94
1.981
1.759
1.152
0.698
0.684
0.871
2.04
2.419
2.816
3.257
3.693
4.278
4.263
4.385
4.236
4.289
4.376
3.921
3.278
2.514
1.445
0.308
-0.959
-2.332
-3.584
-4.723
-5.171
-6.072
-6.805
-7.488
-8.144
-8.964
-9.624
-10.3
-11.101
-11.795
-12.551
-12.933
-13.555
-13.888
-14.058
-13.671
-13.679
-13.005
-12.431
-11.969
-11.108
-9.993
-8.882
-8.116
-7.439
-6.806
-7.088
-6.502
-6.471
-6.566
-6.429
-6.901
-7.325
-8.111
-8.495
-8.479
-8.347
-8.116
-8.232
-7.521
-7.315
-6.519
-6.198
-6.129
-6.029
-6.24
-6.221
-6.221
-6.198
-6.562
-7.234
-7.543
-8.446
-9.204
-9.634
-10.453
-11.141
-11.9
-11.623
-11.303
-11.117
-10.757
-10.274
-9.13
-8.26
-6.813
-5.682
-4.58
-2.838
-1.949
-1.108
-0.598
0.12
0.557
0.945
1.706
2.67
3.462
4.552
6.352
8.044
9.214
10.443
11.121
11.409
10.891
10.701
9.589
8.186
6.569
5.34
4.061
2.529
0.518
-0.797
-2.527
-4.13
-5.935
-7.125
-8.902
-10.03
-10.981
-11.802
-11.845
-11.852
-11.725
-10.855
-9.766
-8.205
-6.836
-5.732
-4.418
-3.905
-3.94
-3.884
-3.52
-3.93
-3.936
-3.935
-3.935
-3.935
-3.912
-4.184
-4.877
-5.087
-5.878
-6.217
-6.193
-6.216
-5.562
-4.67
-3.389
-2.024
-0.787
0.336
1.386
1.728
1.7
1.7
1.705
0.942
0.16
-0.479
-1.499
-2.409
-3.351
-4.728
-6.019
-7.116
-8.897
-9.976
-10.704
-11.387
-11.98
-12.411
-12.97
-13.201
-13.637
-14.038
-14.098
-14.229
-14.911
-14.704
-14.985
-14.549
-14.036
-13.589
-12.938
-11.938
-10.595
-9.398
-7.443
-5.179
-3.372
-1.744
-0.217
1.355
2.477
3.6
4.137
4.973
5.429
5.711
6.153
6.275
6.52
6.431
6.667
7.064
6.693
6.683
7.051
6.87
6.813
7.162
7.414
8.237
9.248
9.681
10.599
11.786
12.21
12.632
13.308
13.543
14.175
14.667
14.902
15.361
15.857
15.761
15.392
14.577
13.407
11.68
9.467
7.155
4.744
2.889
0.756
-0.96
-1.783
-2.441
-2.655
-2.829
-3.298
-3.27
-3.716
-3.755
-3.748
-3.743
-3.737
-3.75
-2.89
-1.848
-0.744
1.088
2.801
3.68
4.212
4.584
4.582
4.124
3.548
2.775
2.0
1.132
0.762
0.726
0.682
1.354
2.48
3.598
4.595
6.028
7.641
8.781
10.255
11.346
12.005
12.259
12.331
12.162
11.503
10.993
10.533
10.12
9.346
9.213
9.043
8.82
8.154
7.904
7.936
7.651
6.845
5.972
4.938
4.068
2.763
1.989
1.326
1.192
1.193
1.891
2.376
2.496
3.211
3.528
3.984
4.494
4.523
5.173
4.925
4.886
4.677
4.737
4.196
3.558
2.94
1.865
1.192
0.298
0.195
0.206
0.207
0.209
0.2
0.317
0.778
0.69
0.364
0.822
1.297
1.375
2.263
3.158
4.093
4.866
5.695
6.582
7.487
8.143
8.231
8.52
8.345
7.988
6.845
6.111
4.414
3.063
1.818
0.662
-0.198
-1.445
-1.906
-2.017
-2.192
-3.075
-3.138
-3.393
-3.411
-3.665
-3.376
-3.135
-3.158
-2.404
-1.515
-0.415
0.681
1.987
2.52
2.487
2.487
2.504
2.309
1.465
0.897
-0.417
-1.524
-2.231
-3.028
-3.839
-4.347
-4.749
-5.631
-7.14
-8.33
-9.218
-10.025
-10.853
-11.077
-11.093
-10.734
-9.681
-8.502
-7.137
-6.005
-5.279
-4.042
-3.151
-3.12
-2.164
-2.015
-1.577
-1.346
-0.883
-1.172
-1.846
-1.834
-2.045
-2.031
-2.058
-1.431
-0.982
-0.891
-0.912
-0.159
0.257
0.197
0.619
1.368
1.357
1.357
1.346
0.779
0.485
0.215
0.572
0.665
0.379
0.956
1.387
1.448
2.291
3.024
3.783
4.579
5.323
6.439
7.332
8.096
8.756
9.279
9.392
9.377
9.25
9.287
8.939
8.028
6.913
5.562
4.058
2.205
0.73
-0.607
-1.169
-2.211
-2.839
-3.472
-3.905
-4.285
-4.505
-4.297
-4.294
-4.132
-3.727
-3.384
-3.13
-3.155
-2.91
-3.14
-3.152
-3.152
-3.152
-3.173
-2.996
-2.48
-1.829
-1.005
-0.575
-0.113
0.265
0.117
-0.595
-1.72
-3.086
-4.757
-5.885
-7.454
-8.482
-8.998
-9.064
-8.251
-7.372
-6.335
-5.435
-4.313
-3.038
-2.029
-0.956
0.295
1.382
2.819
4.431
5.183
6.988
8.38
9.138
9.993
10.385
10.346
10.388
9.821
8.932
7.829
6.918
5.605
4.2
2.658
1.365
0.231
-0.956
-1.051
-2.013
-2.108
-2.109
-2.113
-1.653
-0.964
-0.315
0.443
1.362
1.786
2.095
2.387
2.313
1.847
1.567
0.917
0.659
0.806
1.226
1.664
2.377
3.411
3.48
4.435
4.838
5.481
5.803
6.634
5.829
5.652
5.658
5.653
5.621
4.693
4.366
3.518
2.973
2.084
0.882
-0.234
-2.009
-3.835
-5.769
-7.824
-9.632
-10.946
-11.908
-12.802
-13.599
-13.123
-12.668
-12.226
-11.93
-11.068
-10.838
-10.297
-10.044
-9.242
-8.98
-8.308
-7.884
-7.412
-7.298
-7.086
-6.977
-7.832
-7.903
-7.789
-7.527
-7.292
-6.612
-5.984
-5.462
-4.696
-4.537
-4.649
-4.168
-3.783
-4.177
-4.242
-4.728
-4.792
-5.335
-5.909
-5.929
-6.741
-7.044
-7.052
-7.26
-7.613
-7.365
-7.124
-7.074
-6.269
-5.758
-4.858
-3.931
-2.808
-1.69
-0.346
0.522
2.023
2.938
3.812
4.294
5.527
7.036
7.549
8.457
9.389
10.049
11.277
12.189
12.865
13.15
13.16
13.636
13.706
13.407
13.113
12.866
11.938
11.286
10.045
7.697
5.584
3.521
1.848
0.026
-1.657
-3.223
-4.248
-4.963
-4.955
-4.956
-4.957
-4.993
-4.223
-3.521
-2.636
-1.967
-1.486
-1.049
-0.351
0.45
1.125
1.779
2.71
2.951
2.931
2.908
3.191
3.517
3.051
2.944
2.373
1.846
2.036
1.368
0.624
0.64
0.414
0.04
-0.458
-0.531
-1.153
-1.571
-2.02
-2.73
-3.544
-4.544
-5.628
-6.755
-7.42
-8.837
-9.535
-10.152
-10.976
-11.249
-10.949
-10.626
-10.611
-10.47
-10.535
-10.037
-9.59
-9.347
-8.214
-7.349
-6.192
-4.847
-3.338
-2.405
-1.657
-0.765
-0.528
-0.552
-0.569
-0.41
-0.248
-0.282
0.037
-0.276
-0.601
-0.581
-1.36
-2.282
-3.117
-3.785
-4.015
-4.0
-4.027
-3.798
-2.867
-1.552
-0.818
0.498
1.568
2.637
3.131
3.682
4.002
4.398
4.517
4.508
4.369
4.379
4.302
3.819
3.757
3.371
3.518
3.776
3.77
3.805
4.173
3.769
3.769
3.643
2.96
2.399
2.426
1.215
0.226
-0.887
-1.682
-2.779
-3.145
-3.811
-3.4
-2.805
-2.076
-1.565
-0.797
0.099
0.314
0.511
1.375
1.446
2.31
3.005
3.706
4.229
4.928
5.397
6.111
7.085
8.005
8.723
9.314
9.64
9.903
9.791
9.366
8.807
8.174
7.771
7.009
7.065
6.331
5.917
4.828
3.627
2.583
1.641
0.748
0.058
-0.971
-2.121
-2.992
-3.578
-4.239
-4.556
-4.662
-4.98
-5.054
-4.778
-4.797
-4.786
-4.322
-4.201
-4.024
-4.048
-3.135
-2.828
-2.506
-2.972
-3.101
-3.088
-3.086
-3.106
-2.858
-2.409
-1.781
-1.306
-0.717
0.468
1.868
3.033
3.695
4.804
5.91
6.96
8.117
8.235
8.251
7.919
6.791
6.017
5.105
3.895
2.115
0.96
-0.144
-2.093
-3.511
-4.923
-6.6
-7.555
-8.804
-8.842
-8.871
-8.264
-7.319
-6.155
-5.257
-3.911
-2.264
0.05
1.97
3.806
5.057
6.363
7.24
8.071
8.295
8.276
8.32
7.696
7.087
6.251
5.565
4.632
3.816
3.622
2.916
2.605
2.154
1.553
1.062
0.471
-0.137
-0.797
-0.65
-0.63
-0.778
-0.783
-0.566
-0.692
-0.537
-0.776
-0.771
-0.774
-0.778
-0.781
-0.784
-0.831
-0.257
0.36
0.486
1.03
1.522
2.377
3.334
4.227
4.878
5.995
7.39
8.335
9.088
9.66
10.301
10.476
10.285
9.43
8.856
7.953
7.296
6.885
6.136
5.232
4.549
4.083
3.673
3.289
2.519
2.285
1.59
1.369
1.004
0.222
0.168
-0.107
-0.131
-0.543
-0.952
-0.879
-0.407
0.064
0.19
0.307
1.038
2.172
3.075
3.887
4.145
4.616
5.559
5.822
5.798
5.822
5.47
4.685
4.004
3.413
2.542
1.38
0.624
-0.314
-1.121
-1.714
-2.19
-3.034
-3.279
-3.261
-3.241
-3.547
-3.64
-3.559
-3.575
-3.433
-3.275
-3.144
-3.178
-3.076
-3.233
-2.921
-2.219
-1.458
-0.886
0.0050
0.376
1.161
2.061
2.723
3.364
3.899
4.643
4.623
4.759
4.784
5.142
4.799
4.628
4.647
4.227
3.768
3.52
3.325
3.486
3.043
2.556
2.54
2.392
2.409
1.924
1.341
1.093
0.233
-0.101
-0.056
0.188
0.172
0.938
1.486
2.315
2.897
3.6
3.586
3.585
3.145
2.917
2.462
2.012
1.54
0.466
-0.18
-1.719
-2.371
-3.251
-3.929
-5.076
-5.552
-5.643
-5.998
-5.363
-5.412
-4.615
-3.538
-2.664
-1.156
-0.304
1.045
2.125
2.662
3.508
3.821
4.762
4.803
4.776
5.372
5.966
5.939
5.949
5.858
5.415
5.144
4.693
3.831
3.702
3.317
2.685
2.282
1.657
1.284
0.573
0.075
-0.245
-0.363
-0.604
-0.814
-0.768
-1.184
-1.916
-2.123
-1.97
-2.331
-2.785
-3.069
-3.045
-3.044
-3.037
-3.135
-3.222
-3.481
-3.513
-3.022
-3.282
-3.971
-4.19
-4.055
-4.037
-3.905
-3.695
-3.241
-2.832
-2.26
-1.864
-1.899
-1.877
-1.488
-1.856
-2.114
-2.803
-3.049
-3.019
-3.256
-3.07
-3.517
-3.772
-3.906
-3.571
-3.136
-3.223
-3.063
-2.998
-2.164
-1.898
-1.631
-0.933
-0.261
0.293
0.944
1.494
1.81
1.841
2.07
1.641
0.548
0.246
-0.833
-1.831
-2.409
-3.043
-2.671
-2.497
-2.379
-2.401
-2.623
-2.998
-3.053
-2.808
-2.793
-2.788
-2.08
-1.51
-0.612
0.588
1.939
2.795
3.426
4.266
5.077
5.753
5.745
5.032
4.748
3.852
3.653
3.031
1.821
-0.307
-1.707
-2.026
-2.17
-2.66
-3.113
-3.386
-3.469
-3.174
-2.938
-1.685
-0.772
-0.115
0.433
1.505
2.188
2.436
2.64
2.41
1.933
1.219
0.381
0.176
-0.44
-1.152
-1.846
-2.998
-3.716
-4.397
-4.941
-4.995
-5.39
-4.832
-4.801
-4.462
-3.767
-3.279
-3.054
-1.698
-0.608
1.084
2.803
3.946
5.891
7.493
8.415
9.047
9.736
10.213
10.192
10.551
10.97
11.185
10.836
9.616
8.403
7.308
5.482
3.93
2.336
0.879
-0.0090
-0.625
-1.072
-1.092
-1.109
-0.941
-0.02
0.888
1.359
2.029
2.308
2.285
2.284
2.265
1.905
1.773
1.597
2.214
2.439
3.287
3.824
4.916
5.499
5.679
5.663
5.663
5.702
5.209
4.679
4.515
4.548
4.097
3.687
3.473
2.797
1.889
1.025
0.368
-0.4
-1.71
-3.057
-4.382
-5.489
-6.815
-8.192
-9.518
-10.758
-11.46
-11.929
-12.398
-12.1
-11.292
-11.064
-10.151
-9.1
-7.708
-6.689
-5.595
-4.547
-4.347
-3.466
-3.325
-3.076
-2.404
-2.182
-2.222
-1.955
-1.117
-0.037
0.155
0.773
1.259
1.857
2.286
2.916
3.502
3.553
4.515
4.572
3.632
3.479
2.817
2.049
1.083
-0.522
-1.715
-2.795
-3.49
-4.399
-5.334
-5.557
-5.548
-5.388
-4.438
-3.923
-3.316
-3.311
-2.742
-2.114
-1.944
-1.282
-0.192
0.26
1.163
1.872
2.576
3.445
3.997
4.695
4.685
4.825
5.096
5.115
4.714
4.645
4.127
3.549
3.073
2.474
2.002
1.393
0.852
-0.059
-1.054
-2.191
-2.893
-3.455
-4.337
-5.103
-5.521
-5.075
-5.337
-4.794
-4.317
-3.517
-2.603
-1.726
-0.704
0.39
1.172
1.619
2.064
2.044
1.977
2.194
2.351
2.089
1.883
1.423
1.843
1.569
1.329
1.387
0.976
0.225
-0.271
-0.942
-1.513
-1.601
-1.906
-2.012
-1.956
-2.599
-3.17
-3.63
-4.318
-5.04
-6.336
-7.046
-7.895
-8.124
-7.755
-7.44
-6.501
-5.992
-5.321
-4.06
-2.695
-1.953
-1.273
-0.76
-0.784
-0.333
-0.098
0.335
0.51
1.456
1.445
2.127
2.644
2.971
3.768
3.768
3.772
3.776
3.769
3.904
3.947
4.063
4.328
4.31
3.833
3.82
3.538
2.84
2.229
1.791
1.535
1.559
1.562
1.579
1.356
1.543
1.499
1.177
0.924
0.448
-0.09
-0.687
-0.767
-0.977
-1.439
-1.256
-0.763
-0.644
-0.633
-0.816
-1.196
-1.085
-0.921
-0.798
-0.61
-0.621
-0.617
-0.613
-0.609
-0.639
-0.151
0.552
0.536
0.524
1.261
1.612
1.329
0.835
0.593
0.564
0.569
0.573
0.577
0.581
0.975
1.058
1.73
1.726
1.73
1.741
1.651
1.435
0.749
0.29
-0.423
-1.458
-2.126
-3.052
-3.85
-3.87
-3.85
-3.988
-3.984
-3.76
-3.102
-3.103
-4.286
-0.721
1.603
1.077
1.327
1.794
1.829
1.833
1.837
1.841
1.847
1.855
1.87
1.657
1.666
1.797
2.083
2.283
2.435
2.555
3.185
3.454
3.186
3.079
2.688
2.835
2.373
2.365
2.469
2.024
2.496
2.593
2.594
2.603
2.602
2.148
2.055
2.072
2.082
1.844
2.109
2.039
1.406
1.04
0.693
0.05
-0.142
-0.548
-0.895
-1.569
-1.332
-1.641
-2.173
-2.153
-2.243
-3.111
-3.237
-3.326
-3.966
-4.734
-5.437
-5.92
-6.629
-7.268
-7.251
-6.675
-7.34
-6.398
-5.369
-4.529
-3.239
-2.166
-1.202
-0.06
0.63
1.578
1.619
1.937
2.423
2.629
2.74
3.227
4.03
4.234
4.724
5.296
5.91
6.409
7.024
7.509
7.525
7.555
6.896
6.95
6.603
6.469
6.5
6.54
6.23
5.533
5.41
5.301
4.421
4.323
3.544
2.844
2.322
1.491
0.781
-0.25
-0.946
-1.594
-2.435
-3.713
-4.46
-5.128
-5.715
-5.767
-5.756
-5.75
-5.744
-5.737
-5.71
-5.913
-5.997
-6.129
-6.443
-5.8
-5.69
-5.699
-5.583
-4.91
-4.522
-4.578
-4.072
-3.349
-3.384
-2.946
-2.496
-1.791
-1.219
-0.668
0.676
1.252
2.083
3.21
3.549
3.968
3.847
4.462
3.615
3.474
3.244
2.364
2.23
0.908
0.226
-0.861
-2.137
-3.047
-4.084
-4.372
-4.396
-4.87
-4.461
-3.576
-2.45
-1.372
-0.3
1.072
2.399
3.66
4.393
5.281
5.521
5.793
5.803
5.444
5.404
5.045
5.052
4.911
4.506
3.763
2.903
2.242
1.121
0.387
-0.63
-1.53
-1.868
-2.47
-2.71
-2.49
-2.275
-1.849
-1.41
-0.528
0.092
0.551
0.582
0.592
0.623
0.405
