-0.00123699
-4.33606E-4
-5.93347E-4
0.00124142
-0.00246389
7.35767E-4
0.00565901
0.0058152
6.77718E-4
-0.00625578
-0.00113929
0.00106356
4.67037E-4
0.00121853
2.38548E-4
-0.0049395
-0.00460721
-0.00107469
0.00153743
-0.00102598
-0.00226736
-0.00393885
-0.00282375
0.00419277
0.00536372
0.00355688
-9.46683E-4
1.34365E-4
0.00412599
0.00239777
-4.05263E-4
0.00144219
0.0025337
-2.57927E-4
-0.00124868
-0.00269645
-1.96937E-4
0.00202005
-0.00398848
-0.00495041
7.04216E-4
0.00138317
-0.00182536
-0.00128558
0.00163531
8.93045E-4
-0.00153561
-6.60113E-4
-0.00270065
-0.00252948
0.00310067
0.00799418
0.0034515
7.46787E-5
-0.00327312
-0.00107144
0.00180458
0.00264683
-0.0010579
-0.00487266
-0.00293408
-0.00184276
0.00316877
0.00299336
0.00322451
0.00140741
-0.0027466
-2.28144E-4
0.00374277
0.00258793
-0.00228676
-0.00141694
0.00377044
-0.00216532
-0.00690169
-0.00411349
-0.00341747
-0.0019287
-0.00726383
-3.39955E-4
0.00513007
0.00301287
7.70963E-4
0.00256275
0.00807715
0.00118802
6.63706E-4
-0.00144946
-0.00157413
-0.00212275
0.00281533
-0.00130424
-0.00443355
-0.00492078
0.0026623
5.74403E-4
8.48663E-4
0.00500608
0.0088508
0.00570016
-0.00988304
-0.00687961
-0.00414123
-5.79113E-4
1.35891E-4
0.0014784
-0.00120414
-0.00361285
-0.00244205
0.00619747
0.00460273
1.06762E-4
0.00277616
0.00436857
2.45137E-5
8.25271E-5
0.00108275
-0.00428991
-0.00319401
0.00135794
0.00157817
-0.00334244
6.47695E-4
3.86348E-4
0.00210813
0.00279729
-5.41061E-4
-0.00112852
-0.00413267
-0.00552403
-0.00164473
0.00105579
0.00243432
2.05253E-4
0.00352914
0.00800835
-0.00118638
-0.00412159
-0.00765144
-0.00337291
0.00581044
0.00816618
0.00373476
-9.93572E-4
-0.00587434
-0.00812325
-0.00139628
3.00082E-4
0.00154016
-0.00162602
5.71835E-4
0.00197479
-1.16977E-4
-9.58386E-4
0.00243225
0.00401496
0.0057715
0.00619263
0.00636863
0.00475676
-0.00459737
-0.0104956
-0.0130829
-0.0109606
-0.00351882
0.00430011
0.00494889
0.016488
0.015058
0.00400576
-0.00466663
-0.0104236
-0.00734425
-0.00339086
-0.00280443
-0.00596062
0.00113651
-2.70042E-4
-0.0043308
-0.00455192
-0.00218337
4.50815E-4
0.00424197
0.0068122
0.00690999
0.00325237
8.24302E-4
0.00330051
-0.00169596
-0.00394009
5.51013E-4
4.41939E-4
0.00131482
6.82421E-5
-0.00542832
-0.00716985
-0.00444124
0.00203267
0.00401017
0.00756847
0.00960681
0.0075216
-0.00369506
-0.0120781
3.62299E-4
0.00247303
-0.00618971
-0.00885263
-0.00516061
-0.00105546
0.00100094
0.00991067
0.00142061
-0.00379461
-4.04694E-4
9.03627E-4
-0.00409937
-0.00617611
0.00131229
0.00379999
0.00440085
0.00308352
-0.00215409
0.00165604
0.0101533
0.00477506
0.00554068
0.00395918
0.00271657
-8.59859E-4
-0.00312044
-0.00631797
-0.00673863
-0.00549794
-0.00386409
-0.00266094
-0.0142863
-0.0137679
0.00768407
0.0173868
0.00894097
0.00923534
0.00714148
-0.00406881
-0.00928886
-0.00146501
0.0137895
0.0155574
0.0278394
0.0102409
-0.0139082
-0.0162432
0.0106349
0.0169208
-0.0160414
-0.0383497
-0.0585634
-0.0630253
0.0116861
0.0904918
0.0729106
0.0324482
-0.0325
-0.0514954
-0.0219463
-0.0315873
-0.0673515
-0.0330293
-0.00969819
-0.0146825
0.0218196
0.0742404
0.0944955
0.0833119
0.0342431
-0.0525705
-0.0602306
-0.025639
-0.0053717
0.031677
0.0303413
-0.0252953
-0.0237051
-0.00589902
-0.0112173
-0.00586111
-5.3467E-4
0.0113595
0.0101512
0.00197763
0.0144614
0.0222434
0.00345001
-0.0387614
-0.0695067
-0.0350986
0.00191329
0.0190996
0.0355578
0.0565259
0.0588829
0.0406517
0.0194486
-0.0231042
-0.0757416
-0.0924771
-0.0668745
-0.0370505
0.0175336
0.0378452
0.048917
0.0662432
7.11568E-4
-0.0379743
-0.0157051
0.00759963
0.0397853
0.0438856
0.0279115
0.0102757
0.00359468
-0.0354973
-0.0734404
-0.0571648
-0.0193512
0.0175401
0.0813095
0.129707
0.0782283
0.0297324
-0.0471666
-0.145178
-0.127374
-0.08708
-0.0589605
-0.00973883
0.0171119
0.0115836
0.0242376
0.0385808
0.0254637
0.0216434
0.0541169
0.0638113
0.0337595
0.0258452
0.0179676
0.0316347
0.0270852
0.0276043
0.0548487
0.0515873
-0.0139741
-0.0682083
-0.0746892
-0.0701169
-0.0560233
-0.0343596
-0.0135205
-0.0263395
-0.034696
-0.052795
-0.0346793
0.0220336
0.0738453
0.0952966
0.0536977
-0.0219398
-0.0535316
-0.0490772
-0.0624919
-0.0559329
-0.0316777
-0.0260041
-0.0312487
-0.00189093
0.0518966
0.106825
0.13482
0.0592821
-0.0205619
-0.0394652
-0.0513507
0.00229908
0.0549896
0.0461218
0.0332485
0.0208919
-0.00497979
-0.0196611
-0.00437898
0.0295684
0.0449822
0.0497585
0.0441248
0.0196396
-0.0306375
-0.0817208
-0.065172
-0.070182
-0.0939078
-0.0660682
-0.0255595
-0.00404577
0.0240143
0.0474055
0.014267
0.0179481
0.0237101
-0.0153577
-0.0538497
-0.0721133
-0.0713188
-0.0340721
0.0441657
0.0675924
0.0525237
0.0394288
0.0500441
0.0588989
0.0854497
0.0628321
0.0120048
0.0225293
-0.0023433
-0.0419952
-0.0554539
-0.0438694
-0.0287818
-0.0199422
-0.0204385
-0.00592991
0.00480469
7.79712E-4
0.00890489
5.52675E-4
-0.0389948
-0.0634809
-0.0524307
-0.0384448
-0.0282025
-0.0232198
-0.0240243
-0.021248
-0.0113271
0.0293035
0.0570637
0.0677454
0.0766444
0.0669363
0.0511715
0.0481065
0.0528155
0.0475559
0.0282847
-0.0214276
-0.0319549
-0.0254405
-0.0238759
-0.0163012
-0.0081659
0.00162039
-0.00799915
-0.0338186
-0.0580489
-0.0594154
-0.048682
0.00109819
0.0305845
0.049089
0.0598974
0.0177546
-0.0291685
-0.0821572
-0.0608973
0.00305351
0.00456177
-0.0124779
-0.0101842
-0.00202715
0.0341951
0.0640518
0.0567148
0.0482537
0.0177293
-0.0571358
-0.0794421
-0.0373324
-0.021386
0.0100656
0.0749363
0.0855223
0.0755916
0.0463857
-0.0366446
-0.0750226
-0.0491456
-0.00777267
0.0135212
2.1301E-4
-0.0386479
-0.0684338
-0.0610434
0.00880529
0.0764415
0.0711865
0.0359898
-0.00444115
-0.0433661
-0.0522443
-0.0213837
0.0149228
0.0202212
0.00543512
-0.00482677
-0.00855655
-0.0463105
-0.0659569
-0.00384961
0.0252288
-0.0192155
-0.0325515
-0.030954
-0.00804875
0.0320958
0.0224657
0.00977157
-0.00576731
-0.0275027
0.0262108
0.063833
0.0775824
0.0867308
0.0139462
-0.00853113
0.0161419
0.0546519
0.0935612
0.102185
0.0308558
-0.0712734
-0.119532
-0.149659
-0.0824773
0.0713823
0.109727
0.0835242
0.0965371
0.0281658
-0.0726483
-0.0995747
-0.083145
-0.0783803
-0.0902844
-0.100087
-0.0810235
-0.0247199
0.0453744
0.0833909
0.0828036
0.0552074
0.00739161
-0.035601
-0.0535934
-0.0324363
0.00366861
-0.00663526
-0.00856685
0.039915
0.0394181
0.0232962
0.0173479
0.0210119
0.033491
0.0114298
-0.00692142
-0.0193162
-0.0384636
-0.0375029
-0.0112302
0.0440237
0.0800873
0.0478256
0.00985521
-0.0191076
-0.0397153
-0.0366568
-0.0313083
-0.0169903
-0.0181139
-0.0414416
-0.0271448
-0.0028037
0.0120541
0.0398428
0.0282254
-0.0175898
-0.0114333
0.0293654
0.0570174
0.0692009
0.0351747
0.0100728
0.0122765
-1.83923E-4
-0.0277901
-0.0458291
-0.0477133
-0.0276198
-0.00244808
-4.38226E-4
0.0065712
0.0192608
0.0367596
0.0531566
0.0647324
0.0224383
-0.0596767
-0.0888079
-0.0972801
-0.0733595
-0.0265212
-0.0110227
-0.0142377
-0.0187295
0.0205685
0.0647695
0.0748892
0.0491297
-0.00211394
-0.0297429
-0.0401935
-0.0311742
0.00296151
0.0344014
0.0524754
0.0517203
0.0413144
0.0314592
0.0218343
-0.00277581
-0.0221295
-0.0271683
-0.0399071
-0.044245
-0.0330994
-0.0180158
-0.00758723
0.00915175
0.0241436
0.0272506
0.0178877
0.00185487
-0.0147341
-0.033796
-0.0556722
-0.0635455
-0.0430258
-0.018511
-0.00392321
0.0182275
0.0357822
0.0333771
0.0237826
0.02594
0.0418674
0.0542232
0.0439287
0.00973855
-7.33446E-4
0.0174331
0.0352873
0.040289
0.0349512
0.00226863
-0.0270465
-0.0319933
-0.0374665
-0.0174162
0.00810155
0.0149263
0.00879007
-0.0127546
-0.0199489
-0.0191602
-0.0290554
-0.0433644
-0.0522963
-0.0553776
-0.040145
-0.00276841
0.0155174
0.0160673
0.00544838
-0.00910844
-0.0101756
0.00952243
0.0239282
0.0178034
-0.00204587
-0.0127408
-0.00653956
-9.42393E-4
6.3057E-4
0.00361664
0.00818947
0.00868888
0.00459428
0.00130815
0.00637014
0.00741831
0.00459473
-3.67833E-4
-0.0098017
-0.0211269
-0.0167331
0.0150917
0.0303764
0.0318733
0.0293614
0.0170199
0.00915884
0.0177186
0.038489
0.0497028
0.0418211
0.01783
0.00401123
-0.00113195
-0.00570969
-0.0150682
-0.0233792
-0.0275682
-0.0225823
-0.0141393
-0.0110209
-0.00756339
-0.0177395
-0.0283246
-0.0332801
-0.0304123
-0.0200955
-0.0134482
-0.00986643
-0.0104808
-0.0062917
-0.00492361
-0.00666071
-0.00271509
-0.00311573
-0.00342629
4.32188E-4
0.00955564
0.0111931
0.00593538
0.00814449
0.00815532
0.00897179
0.0241353
0.0322416
0.0296329
0.0180585
-0.00917147
-0.0215156
-0.012997
0.00948124
0.0190847
0.0150014
0.00472983
-0.00568196
-0.00905636
-0.0028565
0.00516807
0.010603
0.0112513
-9.00306E-4
-0.0112316
-0.007958
-0.00333935
0.00417965
0.0185616
0.0176992
0.00626996
-0.0166983
-0.0374084
-0.0418723
-0.033085
-0.0213416
-0.0111853
-0.00397192
-9.23585E-4
-0.00103244
7.64812E-4
0.00815133
0.0107904
0.0116689
0.00892332
0.00620376
0.00912975
0.0195214
0.0287052
0.0178528
0.00124891
-0.0026894
0.00410881
0.0123604
0.0110265
-0.00666868
-0.026261
-0.0291666
-0.0247832
-0.0175234
-0.00588386
-9.99837E-4
-0.00104695
-1.28078E-4
0.00183024
0.00445239
0.00571501
0.00611586
0.0028548
0.00130125
0.00321412
0.00608031
0.010699
0.0148623
0.0145318
0.0117907
0.0109363
0.00698876
0.00408316
0.00178887
-0.00580335
-0.0109099
-0.00852141
-7.97243E-4
0.00758158
0.0103137
0.00666411
7.84651E-4
0.00179263
0.0041409
-0.00257981
-0.0130703
-0.0222317
-0.0272525
-0.0207027
-0.00795463
-0.00235064
0.00253906
0.00571682
0.00322337
7.38802E-4
9.4329E-5
-0.00171006
0.00139131
0.0112545
0.0166434
0.0195426
0.0150489
1.26528E-4
-0.0056167
-0.00594695
-0.00668071
-0.00412544
-0.00205031
-0.00279547
-0.00551937
-0.00509136
-0.00603697
-0.00940782
-0.0128698
-0.013155
-0.00409189
0.00926697
0.012334
0.00860439
0.00449084
1.65327E-4
-0.00390523
-0.00729535
-0.00971721
-0.0242609
-0.0350619
-0.0230794
0.00123725
0.0151987
0.0149401
0.00882325
0.0036728
0.00615315
0.012017
0.0159328
0.0197998
0.0181275
0.0110739
0.00633557
5.76059E-4
0.00104126
0.00579036
0.0120033
0.0122929
0.0106192
0.00718421
-0.00646848
-0.0176126
-0.0226035
-0.0192906
-0.0123082
-0.011493
-0.0101856
0.0029337
0.0125487
0.0120861
0.0103952
0.0111775
0.0112974
0.00965533
0.0124461
0.0108303
0.00339196
-0.00181427
-0.00291663
-0.00180222
0.00140163
0.00238717
0.00249009
-0.00305804
-0.00932503
-0.00883556
-0.0128999
-0.0190823
-0.0165969
-0.00933439
-0.00617146
-0.00446186
2.70931E-7
6.42113E-4
-0.00397855
-0.00548376
-0.00764907
-0.0114137
-0.0108139
-0.00912386
-0.00269372
0.00600277
0.00679583
0.00785006
0.0106762
0.00875186
0.00857173
0.00743272
0.00414678
0.00346806
0.00599351
0.00994411
0.00810885
0.00185757
-0.00506426
-0.00708593
-0.00389867
-0.00111471
5.54281E-4
0.0031654
0.00290168
8.03802E-5
-0.00451529
-0.0100919
-0.0130033
-0.0130513
-0.01005
-0.00773732
-0.00401281
0.00131446
7.43693E-5
-0.00264678
-0.00124699
0.00549795
0.0135851
0.014274
0.0122362
0.0146237
0.0197649
0.0239314
0.0258563
0.0203103
0.00944517
0.00200287
5.34195E-4
0.00179453
0.00307857
-0.0057595
-0.0191037
-0.0221316
-0.016936
-0.00855059
-0.00553793
-0.00950023
-0.0132263
-0.00979552
-0.00264538
0.00449886
0.00267521
-0.00493797
-0.0121281
-0.0182068
-0.0179292
-0.012663
-0.0111818
-0.0127538
-0.0111152
-0.00913176
-0.00417109
0.00191866
0.00377822
0.00476721
0.00869773
0.0149373
0.0195665
0.0214173
0.0199355
0.0139387
0.0103228
0.011225
0.015468
0.0196835
0.0209908
0.0159836
0.00643322
4.63433E-4
0.0015408
5.33441E-4
-0.00313061
-0.00924242
-0.0161335
-0.0158206
-0.0111739
-0.00696327
-0.0059618
-0.00612931
-0.00511377
-0.00383488
-0.00175487
-0.00399201
-0.010581
-0.0144052
-0.0173271
-0.0141203
-0.00666879
-0.00180958
0.00181118
0.00565131
0.00765384
0.00255566
-0.00539144
-0.0127003
-0.0168887
-0.0130754
-0.00807306
-0.00759666
-0.00649533
0.00162419
0.014752
0.0248629
0.032499
0.0361001
0.0375149
0.0340259
0.02504
0.0140781
0.0051801
-0.00210189
-0.00943831
-0.011005
-0.00499822
0.00304535
8.96349E-4
-0.00711216
-0.0155116
-0.0196992
-0.0155199
-0.0079082
-0.00345786
-0.0061432
-0.0128519
-0.0209907
-0.0246349
-0.0228582
-0.0178611
-0.013182
-0.00811703
-0.00530817
-0.00543367
9.6513E-4
0.00827716
0.0148901
0.0155147
0.013707
0.00935752
0.00318097
6.16645E-5
8.89589E-4
0.00605629
0.00966666
0.0110178
0.0112214
0.0102351
0.00908428
0.00577372
0.00389711
0.00343331
0.00327139
0.00324305
0.00251575
0.0015959
-0.00125262
-0.00396512
-0.00565277
-0.00590101
-0.00781868
-0.0109712
-0.0153033
-0.0148325
-0.0118386
-0.00755007
0.00168976
0.00846304
0.0113577
0.0122256
0.0124978
0.0147372
0.0131183
0.0081714
0.00489663
0.0024982
0.00100454
-4.29043E-4
-0.00230651
-0.00240985
0.00263876
0.0100977
0.0147359
0.0132668
0.0066059
-0.00162177
-0.00503044
-0.00311846
-0.00257423
-0.00336853
-0.00768433
-0.011504
-0.0133782
-0.0135026
-0.0113467
-0.00986234
-0.00671399
-0.00206479
-5.35302E-4
-9.55317E-4
-4.79948E-4
-0.00252387
-0.00375847
-0.00270644
-5.23977E-4
9.75519E-4
0.00242798
0.00217846
0.00138471
0.00215717
0.0029789
0.00285421
0.00102431
-0.00182903
-0.00160462
2.17931E-4
-5.2427E-4
-0.00336442
-0.00788463
-0.0126629
-0.0169162
-0.0179925
-0.0151772
-0.0109372
-0.00654751
-0.00321676
-0.00133344
0.00189952
0.00418078
0.00527478
0.00115596
-0.00415439
-0.00248907
0.0028072
0.00853499
0.0125766
0.0131314
0.00881598
0.00805554
0.0117172
0.0158995
0.0181068
0.0154192
0.0128322
0.0104673
0.00814827
0.0101589
0.011409
0.0102752
0.00691641
0.00122278
-0.0025399
-0.00393201
-0.00263678
1.33998E-4
8.86644E-4
-0.00215342
-0.00571898
-0.00849758
-0.0101394
-0.0115288
-0.00932833
-0.00728191
-0.00754607
-0.00540614
-0.00401153
-0.00292747
-0.00159248
0.00197594
0.00257413
-0.00166363
-0.00651431
-0.0086022
-0.00600226
-0.00125984
0.00196724
0.00517428
0.00720382
0.00793254
0.0085121
0.00650104
0.00176949
-0.00329965
-0.00238866
4.79674E-4
0.00138865
6.76233E-6
-0.00108659
-6.3779E-4
0.00122897
0.00275244
0.00339332
0.00127604
-0.0031511
-0.0075048
-0.0127267
-0.0156072
-0.0149334
-0.00883992
-0.00408042
-0.00299009
-0.00347806
-0.00462118
-0.00408821
-0.00338629
-0.00182901
0.00179495
0.00525765
0.00799113
0.00982029
0.00736139
0.00326531
-0.00300692
-0.00923533
-0.0113295
-0.00895671
-0.00422558
-4.42056E-5
3.8645E-4
-0.00178722
-0.0056696
-0.00512921
-0.00212023
7.56858E-4
0.00420623
0.00519829
0.0062377
0.0107667
0.0147455
0.0151591
0.0129126
0.00875007
0.00551695
0.00490005
0.00747298
0.0083857
0.00647223
0.00229845
0.00281327
0.00508393
0.00584624
0.00686123
0.00354608
-2.57864E-4
-0.0043461
-0.00758058
-0.00455615
0.00275562
0.0105028
0.0125486
0.00945306
0.00450451
0.00254281
0.0018826
-2.9448E-4
-0.00121523
-0.00221714
-0.00414513
-0.00733809
-0.00735514
-0.00463204
-0.00399431
-0.00533765
-0.0058096
-0.0061832
-0.00867068
-0.0121037
-0.0123137
-0.010936
-0.0124591
-0.010617
-0.0063317
-0.00352843
-0.00355853
-0.00650648
-0.00637507
-0.00563768
-0.00462879
-5.79347E-4
0.00380972
0.00672416
0.00737255
0.00395871
-9.18477E-4
-0.00521668
-0.00612405
-0.00417225
-0.00386956
-0.00375002
-0.00284372
-0.00227702
-8.62357E-4
1.26299E-4
0.00196552
0.00577438
0.00804984
0.00875744
0.00730688
0.00409628
0.00205357
0.00307482
0.00223368
4.15842E-4
0.00116221
0.00206109
0.00290194
0.00177078
0.00127988
0.00167738
0.00414098
0.00540813
0.00412923
0.00230291
-1.32606E-4
-2.54108E-4
6.05687E-4
0.00186081
0.0040016
0.00549979
0.00424243
0.00166583
-0.00194249
-0.00525419
-0.0033077
0.00424224
0.0120626
0.0176921
0.0176312
0.0161145
0.0156351
0.0130147
0.00820832
0.00151189
-0.00428572
-0.0085357
-0.00897464
-0.00868994
-0.0126927
-0.0165163
-0.0150146
-0.0100475
-0.00493005
-0.00249464
-6.36986E-4
-2.25677E-4
-0.00235825
-0.00354169
-0.00588386
-0.00765502
-0.00882928
-0.00856932
-0.00696147
-0.00415898
-0.00166331
1.76784E-4
6.99215E-4
6.67125E-5
-0.00174213
-0.00349786
-0.00283107
-0.00307879
-0.00463439
-0.0076519
-0.00839452
-0.00585263
-0.00181379
0.00309402
0.00706899
0.00844414
0.00920198
0.0056587
0.00215689
9.10456E-4
4.51034E-4
7.85436E-4
5.03771E-5
3.94082E-4
-0.00125718
-0.00360621
-0.00386422
-0.00179189
0.00243417
0.0061311
0.00748037
0.00633665
0.0054299
0.00624619
0.00826312
0.0101443
0.00957986
0.00598301
0.00173377
-0.00142284
-0.00325885
-0.00180626
-4.07495E-4
9.92399E-4
0.00117216
-5.03965E-4
-0.00231062
-0.00164163
-0.00176967
-0.00310306
-0.00361772
-0.00293626
-2.59029E-4
3.1626E-4
-3.5723E-5
0.00157857
0.00258974
0.00208579
8.8761E-4
-6.63035E-4
6.65761E-4
0.00196311
0.00105675
0.00271522
0.00441567
0.00462725
0.00349766
8.45458E-4
-0.00174403
-0.00299629
-0.00152447
4.06091E-4
6.83084E-4
-0.00191882
-0.00567871
-0.00773448
-0.00756069
-0.00605468
-0.00333984
-0.00138617
-0.00113572
-0.00113534
-0.00174952
-0.00406454
-0.00728339
-0.00637919
-0.00313557
-0.00331831
-0.00439312
-0.00654454
-0.00647509
-0.00413076
-5.33156E-4
0.0032101
0.00422361
0.00418657
0.0036217
0.00493627
0.00474776
0.00644498
0.00786192
0.00924416
0.0107501
0.0109437
0.00985663
0.00671233
0.00372034
0.00119125
-2.30457E-4
-0.00389813
-0.00587724
-0.00561296
-0.00542764
-0.00449404
-0.00415178
-0.00366198
-0.00333622
-0.00284544
-0.00266034
-0.00206096
-0.00224317
-0.003518
-0.0045016
-0.00629372
-0.00786504
-0.00684798
-0.00462787
-8.43886E-4
0.00222637
0.00405801
0.00552889
0.00756366
0.00976238
0.0101303
0.0101154
0.00808792
0.00674815
0.00332345
0.00179929
0.0011099
0.00133112
0.00307913
0.00414172
0.00491813
0.00256797
0.00175082
2.57052E-4
-0.0011782
-0.00260864
-0.00570949
-0.00826513
-0.00848452
-0.00754225
-0.0068205
-0.0065559
-0.00819764
-0.00878109
-0.00890427
-0.00572292
-0.00539753
-0.00509631
-0.0035755
-0.00277238
-6.96112E-5
0.00236728
0.00354342
0.00326787
0.00398481
0.00421055
0.00662653
0.00887952
0.0066913
0.00367966
4.31064E-4
-7.05709E-4
6.33598E-4
0.00369608
0.00529252
0.00402091
0.00277797
0.00157575
6.50416E-4
0.0015783
0.00291561
9.47498E-4
-7.15634E-5
1.31942E-4
-1.8552E-4
4.75778E-4
6.54852E-4
0.00115929
0.00118958
-0.00111511
-8.46507E-4
5.22311E-4
8.14117E-4
3.96619E-4
-6.50432E-4
-0.00198412
-8.94492E-4
-6.645E-4
-1.3629E-4
0.00113208
4.90369E-4
0.00180357
0.00140125
9.15077E-5
-0.00316046
-0.0054493
-0.00683229
-0.00700299
-0.00562222
-0.00491454
-0.00389191
-0.00232949
1.80672E-4
0.00195514
0.00120257
-8.31039E-4
-5.0862E-4
6.05599E-4
8.16338E-5
-0.00146694
-0.00372396
-0.00532569
-0.00535442
-0.00240684
0.00194017
0.00566505
0.00721951
0.00770322
0.00760837
0.00426291
0.00134563
-0.00147883
-0.00172629
3.01679E-4
-2.63244E-4
9.87385E-4
0.00181827
0.00114717
1.9075E-4
-2.13819E-4
0.0022557
0.00456037
0.00432814
0.00161466
-0.00213927
-0.0039485
-0.00323015
-0.00293714
-0.00221103
-0.00247001
-0.00252555
-0.00137488
-5.75156E-4
1.6549E-4
0.00118108
0.00161957
2.3028E-5
-4.26571E-5
0.00133709
0.00126204
-2.41047E-4
-4.62431E-4
0.00190036
0.0030343
0.00334333
0.00237634
2.34606E-5
-0.00211348
-0.00334333
-0.00124002
-5.25958E-4
-0.00198253
-0.00184979
-0.00236995
-0.00342146
-0.00241528
-5.67597E-4
-0.00117976
-6.1882E-4
-3.60938E-4
-0.00141526
-0.00232562
-0.00107717
8.49768E-4
7.82116E-4
0.00184244
0.00212643
0.00389379
0.00450976
0.00427882
0.00336927
0.00254053
0.00430453
0.00721649
0.00819797
0.00710596
0.00477328
0.00120157
-7.73952E-4
-0.00161294
-0.00191462
-0.00302932
-0.00283207
-0.00295499
-0.00303845
-0.00380242
-0.00619513
-0.00624349
-0.0045497
-0.00491167
-0.00544738
-0.0065487
-0.00536954
-0.00186309
-0.00142638
-9.9094E-4
-1.76418E-4
0.00165302
0.00227054
0.00190512
0.00185608
0.00147564
0.00167879
0.00135782
9.04249E-4
-0.00114227
-0.00314834
-0.00262008
-0.00160711
4.27823E-4
0.00188159
0.00250725
0.00397369
0.00343567
0.00184088
5.65071E-4
-0.0013862
-6.79416E-4
-7.54394E-4
-0.00211249
-0.00119096
0.00155757
0.00397005
0.00567977
0.00591685
0.00480499
0.003832
0.0032217
0.00239725
0.00283896
0.00292713
0.0017622
4.07518E-4
8.18568E-5
-7.77346E-4
-0.0016612
-0.00201746
-0.00236588
-0.00232393
-0.00227053
-0.00353644
-0.00488691
-0.00423301
-0.00394649
-0.00343853
-0.00256274
-0.00169238
-0.00112777
-3.91588E-4
-3.60223E-4
-2.15376E-4
-4.35167E-4
-4.51204E-4
-6.04501E-4
-0.00190342
-0.00268036
-0.00203569
-0.0017878
-4.9901E-4
0.00159313
0.00139926
-2.36752E-4
-6.06246E-4
-5.46706E-5
-3.55424E-4
6.47674E-5
-4.31326E-4
-1.97899E-4
7.24555E-4
-5.26179E-4
3.85909E-4
0.00278837
0.00394672
0.00505325
0.00555573
0.00428098
0.00244069
3.01085E-4
-6.54581E-4
-2.94243E-4
-7.05121E-6
1.31707E-4
2.90881E-4
6.19433E-4
-7.22026E-4
-0.00125957
-5.60193E-4
2.44299E-4
0.00257399
0.00327564
0.00261997
0.00203849
0.0012137
5.69436E-4
-9.6024E-4
-0.0017632
-0.00237372
-0.00138794
-0.00107537
-5.95995E-4
-3.93079E-4
-0.00129591
-0.0020344
-0.00141573
-2.74673E-4
9.63783E-4
0.0011967
3.43732E-4
0.00115019
9.65695E-4
3.54779E-4
-0.00156057
-0.00166097
-0.00283357
-0.00323581
-0.0029
-0.00256986
-0.00106399
-5.69512E-4
-1.93516E-4
5.07939E-4
0.00176176
0.00199891
9.56167E-4
0.00101505
0.00165755
9.40645E-4
-3.17785E-4
-0.00157285
-0.00174848
4.63084E-5
2.95236E-4
4.47505E-4
4.05149E-4
7.37064E-4
0.00135523
4.75765E-4
6.28202E-5
0.0010094
0.00170695
0.00128688
8.69772E-4
8.20795E-4
9.56937E-4
-1.98394E-4
-2.63579E-4
-3.69693E-4
-5.13674E-4
-3.41204E-4
1.78726E-4
-1.90935E-4
-0.00141234
-0.00172601
-0.0026983
-0.0026708
-0.00211589
-8.95856E-4
-1.04845E-4
-3.21657E-4
-8.11768E-5
-4.75263E-4
-0.00134465
-6.76889E-4
8.71681E-4
0.00137377
0.00124947
1.8619E-4
-3.24854E-4
-1.06551E-4
-3.4704E-4
-2.03695E-4
-8.16538E-5
2.90596E-5
1.29621E-4
7.76222E-5
1.61314E-5
1.00428E-4
1.07029E-4
4.28383E-4
6.77465E-4
4.0758E-4
3.16642E-4
3.9512E-4
3.86009E-4
5.1829E-4
8.14123E-4
8.43047E-4
0.00118159
0.00128785
0.0014409
0.00130652
9.45732E-4
7.14645E-4
4.13538E-4
3.71238E-6
-3.91863E-4
-3.23372E-4
-6.22525E-4
-5.53137E-4
-4.18222E-4
-3.65423E-4
-5.45465E-5
-9.36408E-5
-3.29862E-5
1.11444E-4
4.38876E-5
