3.631
4.573
3.631
3.091
3.361
-0.137
-1.079
-1.079
-1.717
-1.59
-0.196
1.276
3.631
6.354
7.752
8.341
7.458
6.084
5.471
2.649
1.178
1.178
1.178
1.178
1.496
2.924
4.219
6.575
9.616
11.873
10.99
5.397
-0.432
-6.771
-11.775
-12.796
-10.303
-1.717
7.826
11.873
7.163
4.146
0.53
-0.589
3.827
2.453
0.0
-2.919
-7.006
-9.42
-4.71
2.453
0.589
-0.81
0.471
2.404
5.397
7.163
5.986
3.827
-1.178
-7.703
-15.185
-19.508
-20.214
-16.878
-9.479
-0.589
3.827
5.731
5.986
4.416
3.101
1.815
-0.515
-1.079
-2.453
-1.178
-0.236
2.355
6.256
8.027
11.873
13.149
12.806
10.009
4.71
-4.082
-17.761
-21.863
-23.747
-23.109
-17.172
-8.576
1.864
12.109
18.939
17.172
10.033
-0.314
-13.149
-24.296
-25.538
-22.03
-13.797
-1.57
11.775
22.962
24.63
21.98
14.798
4.563
-4.71
-8.596
-9.616
-8.39
-6.457
-3.336
0.0
7.144
12.658
15.946
15.17
11.505
-1.178
-4.71
-13.075
-15.504
-12.148
3.508
17.761
35.522
53.97
55.098
46.689
27.745
4.612
-11.873
-30.616
-37.308
-38.073
-30.272
-17.27
-6.869
5.005
10.009
9.891
6.771
1.079
-0.098
3.165
14.13
23.138
27.77
24.826
12.227
-2.772
-16.142
-25.081
-29.168
-27.476
-17.388
-9.003
-0.638
3.165
3.434
2.355
1.398
3.258
5.789
8.807
13.188
14.13
11.751
2.963
-7.212
-11.383
-11.971
-6.084
5.814
18.301
25.768
25.415
18.84
5.888
-7.482
-20.852
-26.2
-23.55
-14.327
-5.122
-0.098
4.023
5.569
6.751
5.888
4.298
3.434
4.661
7.58
11.991
16.485
17.05
14.307
9.371
-0.466
-3.493
-8.439
-6.992
-5.201
-3.729
-5.569
-7.261
-8.439
-11.162
-11.54
-9.077
-1.079
9.42
17.663
22.692
21.833
17.898
8.905
-3.729
-11.971
-18.325
-24.434
-27.024
-26.543
-22.667
-18.075
-12.487
-10.205
-14.695
-13.718
-10.892
-2.728
3.851
10.058
12.29
11.736
10.303
8.905
8.88
10.814
8.831
3.827
-1.433
-6.943
-10.107
-7.899
-1.472
6.771
10.303
8.537
5.299
-3.704
-14.621
-24.973
-34.6
-41.311
-43.078
-41.998
-34.835
-22.643
-9.273
4.097
15.328
31.695
37.607
42.626
42.98
35.841
19.822
-5.103
-31.523
-42.538
-50.83
-52.439
-45.138
-35.841
-27.299
-19.037
-9.641
-0.392
1.04
2.944
9.371
18.816
26.828
35.914
44.084
47.101
46.159
42.096
26.985
9.813
-5.127
-22.913
-34.516
-35.071
-27.083
-16.093
-5.201
-1.197
3.41
6.673
7.163
10.009
19.135
24.802
24.532
23.354
10.72
-2.797
-12.972
-22.128
-27.77
-29.757
-26.553
-20.607
-12.07
-8.733
-11.088
-16.706
-21.195
-22.962
-22.962
-20.705
-17.957
-16.564
-16.436
-18.84
-20.705
-21.568
-18.914
-8.782
9.739
29.006
45.825
49.358
47.592
39.526
27.525
14.327
1.825
-9.224
-19.527
-22.692
-26.494
-26.494
-32.578
-38.466
-41.586
-38.417
-28.947
-8.439
9.715
25.66
37.779
45.825
51.811
49.358
41.704
17.859
2.806
-17.172
-22.765
-26.004
-26.592
-28.359
-28.947
-25.964
-15.946
-4.072
3.312
7.752
7.752
9.028
9.616
11.015
12.305
12.56
11.972
7.811
-0.491
-14.179
-20.705
-20.705
-20.386
-18.889
-16.51
-12.128
-8.831
-7.36
-7.065
-9.773
-11.186
-11.186
-5.691
4.612
16.829
29.045
33.952
33.952
28.236
17.27
6.849
-4.17
-24.336
-42.317
-46.807
-44.451
-26.127
-5.299
17.271
33.486
36.209
29.144
14.386
-4.121
-7.654
-7.114
-5.103
0.368
5.397
8.145
11.604
16.682
16.387
7.654
0.589
-4.31
-10.651
-16.991
-24.017
-26.691
-25.219
-18.409
-12.462
-10.107
-15.995
-26.691
-35.939
-39.202
-38.932
-36.7
-32.676
-24.63
-16.054
-11.873
-10.401
-11.285
-15.995
-22.275
-30.861
-37.754
-40.468
-40.919
-32.725
-16.701
-1.325
16.142
19.625
12.462
4.146
-13.1
-18.88
-19.846
-15.995
-6.55
10.99
20.165
25.145
23.158
18.35
10.303
6.476
6.005
7.36
7.654
7.973
9.832
10.598
6.476
-6.378
-17.859
-32.308
-42.244
-43.568
-44.378
-44.648
-48.906
-53.577
-63.096
-69.965
-73.105
-73.203
-72.295
-68.444
-60.898
-52.13
-49.554
-54.735
-62.507
-65.451
-62.213
-53.087
-44.648
-20.46
-1.374
16.564
31.278
41.9
50.634
53.774
60.299
70.136
79.64
90.571
90.252
83.751
71.554
58.656
44.746
33.167
31.818
36.552
43.936
56.816
69.278
73.988
79.287
82.525
85.199
85.763
86.234
88.118
89.345
94.104
96.223
94.104
89.369
83.948
80.44
76.343
72.81
61.845
38.662
6.942
-12.658
-51.811
-77.373
-91.651
-96.14
-95.87
-93.417
-89.001
-85.125
-81.249
-81.642
-85.174
-93.932
-108.234
-122.61
-125.504
-114.985
-103.058
-91.062
-81.274
-74.577
-69.925
-71.51
-75.656
-78.919
-81.642
-83.761
-92.289
-107.694
-108.823
-82.819
-47.223
-14.425
4.416
3.533
-2.061
-27.083
-42.234
-59.661
-72.982
-81.642
-89.688
-92.338
-92.338
-84.316
-75.656
-53.455
-50.192
-53.891
-60.25
-61.428
-42.44
-23.501
-6.771
10.647
17.957
17.687
16.878
17.525
25.758
38.662
50.045
54.804
58.15
61.403
64.273
72.049
84.487
91.553
93.751
94.006
91.037
87.431
76.76
55.814
17.664
-24.482
-73.939
-115.226
-130.312
-131.588
-118.856
-83.949
-28.8
26.396
56.03
72.639
82.672
85.567
85.567
80.955
73.497
55.393
24.85
-2.159
-25.317
-35.375
-30.419
-16.386
23.918
59.563
95.135
121.186
139.046
144.541
154.305
164.068
173.881
182.933
188.894
193.089
195.96
195.665
194.242
191.421
177.551
157.788
138.138
124.18
115.52
109.313
98.986
84.438
63.636
15.308
-9.96
-40.183
-60.691
-76.932
-81.975
-82.304
-78.158
-70.48
-65.156
-64.543
-66.874
-70.234
-82.917
-96.287
-109.657
-119.494
-122.07
-122.683
-116.771
-109.078
-103.082
-100.776
-99.28
-98.323
-98.323
-98.323
-100.163
-104.309
-110.295
-115.005
-119.715
-122.816
-116.82
-95.723
-47.395
-34.639
-24.237
-19.135
-18.84
-21.858
-26.004
-33.461
-41.999
-50.104
-57.159
-65.647
-74.135
-81.838
-88.044
-89.541
-89.271
-80.857
-70.676
-60.544
-50.413
-40.232
-38.834
-39.8
-44.452
-47.984
-52.105
-49.947
-41.704
-30.076
-18.35
-6.771
4.956
16.608
22.569
23.649
26.666
30.125
37.264
46.12
76.465
106.664
138.703
154.55
164.834
173.955
182.712
181.535
175.647
158.966
151.852
145.62
141.106
127.643
113.484
77.618
43.52
12.953
-5.569
-17.908
-20.901
-19.135
-9.592
1.315
11.726
23.698
26.004
-6.697
-39.251
-77.84
-120.401
-146.822
-181.682
-200.94
-222.493
-238.056
-251.5
-258.27
-259.816
-260.135
-264.232
-268.328
-277.798
-301.545
-322.936
-340.599
-353.797
-353.233
-337.164
-281.207
-225.2
-169.195
-130.51
-112.846
-103.033
-90.914
-79.606
-70.161
-60.716
-43.471
-27.108
-6.279
14.915
33.412
55.344
77.274
86.548
91.847
92.436
89.418
84.095
86.999
90.596
100.727
111.669
124.425
135.121
149.3
178.788
196.941
207.538
220.026
225.398
222.307
216.959
199.173
176.04
144.884
116.085
90.055
62.232
24.776
-17.786
-51.221
-85.984
-102.591
-113.71
-125.774
-137.869
-157.224
-175.893
-214.33
-238.743
-275.542
-322.446
-361.481
-369.89
-339.054
-286.598
-242.57
-232.58
-222.16
-222.822
-235.308
-244.435
-246.613
-239.969
-225.128
-205.479
-180.219
-154.526
-131.392
-108.259
-84.487
-67.315
-53.872
-41.164
-29.267
-15.7
-5.613
15.97
41.753
70.701
93.613
111.374
119.348
137.819
175.721
216.547
263.175
300.318
329.658
347.517
356.75
362.874
372.416
386.081
399.966
414.071
429.404
430.876
424.693
416.863
409.508
391.036
379.384
364.689
354.867
352.497
356.986
361.696
355.809
347.389
335.766
314.302
290.431
266.758
243.04
225.52
214.015
201.504
185.068
168.827
146.848
123.443
83.432
39.348
0.55
-39.963
-84.095
-128.055
-172.949
-206.302
-240.338
-259.546
-271.836
-276.443
-278.681
-276.252
-275.639
-275.639
-276.11
-276.816
-274.167
-260.33
-230.422
-206.018
-187.275
-175.672
-168.876
-164.166
-160.904
-162.302
-167.38
-179.789
-196.254
-199.787
-198.56
-194.507
-187.324
-179.573
-171.796
-164.539
-156.415
-144.86
-137.966
-132.987
-130.725
-128.546
-129.429
-133.257
-140.42
-149.275
-157.003
-160.315
-157.808
-153.471
-143.338
-126.731
-116.379
-112.434
-111.963
-108.945
-106.272
-101.905
-94.595
-88.314
-85.802
-83.874
-78.256
-70.872
-65.843
-67.904
-72.393
-75.852
-74.086
-69.14
-52.695
-28.138
-4.073
17.8
48.867
73.594
87.063
99.157
89.393
81.053
19.623
-43.911
-86.214
-118.047
-148.612
-164.363
-179.239
-191.79
-216.223
-240.73
-265.237
-266.317
-255.621
-218.727
-124.867
-20.921
43.374
83.825
124.229
159.79
180.063
192.329
204.693
215.978
226.772
239.038
292.026
349.273
387.873
428.52
468.361
515.167
526.353
512.958
478.27
442.699
433.348
430.189
437.597
462.325
487.053
496.719
497.798
497.528
496.13
491.052
485.787
480.037
471.77
461.099
449.544
431.464
407.718
391.084
367.878
344.744
318.619
294.872
265.899
221.668
177.511
133.258
94.143
74.528
53.381
32.235
10.008
-6.893
-21.509
-39.742
-56.987
-76.539
-91.97
-107.43
-129.43
-181.635
-235.113
-303.163
-369.547
-465.925
-790.541
-887.264
-759.596
-632.086
-504.493
-397.237
-310.476
-285.206
-265.924
-258.27
-253.168
-249.929
-243.944
-238.056
-234.744
-231.599
-229.715
-227.949
-225.594
-222.356
-218.646
-213.034
-211.66
-213.721
-219.314
-225.005
-228.636
-228.906
-230.304
-231.85
-232.168
-232.168
-228.023
-221.424
-200.4
-173.195
-151.41
-142.971
-136.249
-138.948
-137.182
-133.649
-120.549
-97.391
-87.628
-82.623
-87.333
-95.674
-105.143
-100.85
-89.786
-75.558
-53.97
-47.248
-42.808
-38.662
-35.62
-32.774
-34.59
-40.747
-46.041
-51.713
-50.217
-42.901
-36.307
-26.813
-15.013
-11.481
-14.621
-17.908
-12.29
-4.474
4.023
20.338
36.052
43.225
50.339
58.582
77.874
96.017
128.595
168.033
221.201
276.916
351.687
420.378
457.419
462.154
458.547
451.384
343.172
276.424
265.164
253.992
241.884
228.881
217.822
212.003
205.331
198.609
193.31
186.122
176.628
166.767
158.652
136.887
109.658
77.383
46.513
5.765
-37.581
-82.035
-102.346
-148.025
-179.057
-208.224
-226.282
-255.376
-278.141
-292.988
-308.414
-339.127
-339.264
-334.613
-305.765
-240.337
-143.855
-99.306
-57.968
-24.09
-11.127
2.379
16.975
5.652
-4.367
-6.231
7.138
41.136
68.1
85.272
99.452
108.391
114.318
119.028
117.458
114.318
92.337
62.335
29.145
12.069
-5.25
-14.915
-29.497
-42.783
-49.554
-51.517
-42.784
-38.417
-42.351
-46.414
-53.185
-57.993
-62.998
-64.391
-62.703
-54.951
-46.59
-23.55
46.413
81.177
126.976
159.044
183.645
210.285
231.679
257.951
280.447
297.276
309.762
313.261
313.516
312.809
308.781
303.36
300.897
303.997
312.241
324.212
340.525
350.078
373.471
394.569
395.452
394.176
387.817
376.758
360.371
349.548
334.613
311.553
291.731
273.389
255.047
235.407
207.268
186.166
164.265
140.247
112.395
89.786
64.249
41.175
16.583
2.767
-9.346
-29.487
-48.965
-64.543
-83.015
-95.968
-110.884
-124.464
-140.468
-160.977
-178.119
-194.095
-217.488
-244.952
-300.906
-350.196
-401.659
-412.82
-359.142
-292.051
-224.956
-196.646
-195.665
-195.665
-194.586
-182.37
-160.614
-141.451
-118.415
-102.366
-77.031
-63.978
-47.126
-32.127
-23.06
-16.289
-15.406
-18.938
-24.846
-32.309
-45.678
-64.568
-83.682
-105.585
-118.793
-126.289
-137.574
-153.274
-170.8
-180.357
-180.873
-177.257
-170.251
-159.873
-152.136
-136.495
-102.15
-75.558
-60.495
-61.109
-66.353
-72.418
-80.292
-87.588
-93.711
-98.716
-100.619
-102.052
-100.556
-100.109
-100.875
-104.407
-115.103
-124.818
-136.715
-147.74
-158.328
-170.3
-182.222
-191.936
-203.835
-215.83
-226.399
-232.046
-236.192
-238.449
-239.724
-238.547
-203.162
-167.037
-102.738
-69.965
-60.226
-54.559
-51.968
-49.26
-46.218
-45.04
-43.961
-42.734
-41.508
-40.698
-36.797
-26.808
-18.718
-9.518
0.255
8.93
20.116
32.009
39.742
54.559
67.669
81.249
96.166
129.665
156.193
187.914
205.34
214.628
224.613
234.072
241.515
251.352
261.116
267.298
270.634
265.669
255.915
235.897
223.46
218.274
212.837
207.323
202.558
196.843
189.434
182.379
174.176
165.0
154.962
147.73
138.555
110.392
96.164
67.879
43.322
20.607
3.238
-21.392
-40.683
-56.473
-81.985
-108.308
-130.607
-147.288
-167.945
-189.385
-210.752
-226.281
-256.8
-301.127
-330.413
-335.349
-333.338
-327.645
-289.966
-243.16
-196.107
-149.128
-109.666
-61.821
-26.689
12.094
44.108
68.615
91.257
100.777
109.436
116.82
124.013
131.368
136.397
141.597
143.56
145.326
151.582
161.321
169.563
175.5
186.52
195.714
202.73
208.618
211.209
205.944
194.831
178.199
164.107
148.074
124.695
109.559
97.794
81.961
55.442
13.736
-32.235
-64.273
-85.64
-100.658
-114.122
-123.076
-132.619
-143.207
-156.169
-177.119
-199.255
-239.086
-254.885
-267.077
-274.363
-276.816
-275.639
-246.546
-190.425
-131.637
-67.907
-37.386
3.459
41.312
55.834
63.076
70.946
71.51
73.203
72.663
70.283
69.67
69.67
69.989
72.712
77.201
80.935
83.899
86.823
88.707
88.069
86.622
85.41
82.721
77.202
73.968
72.074
71.829
74.007
79.188
102.911
117.262
117.262
116.231
115.888
115.888
116.231
117.801
119.813
124.327
130.214
136.102
141.229
149.84
163.617
181.976
202.044
221.257
238.13
252.432
257.681
263.177
271.419
279.78
286.016
293.939
300.171
302.074
304.586
304.586
304.022
300.563
292.468
284.078
274.559
262.613
243.767
225.741
205.257
188.207
168.583
148.098
127.615
112.355
95.133
76.736
58.248
42.931
29.831
15.7
-4.293
-20.607
-38.132
-45.458
-66.283
-90.866
-111.06
-134.239
-158.228
-180.082
-197.382
-213.108
-222.101
-233.051
-253.732
-283.411
-311.8
-344.131
-381.322
-388.485
-389.441
-380.929
-363.071
-336.699
-307.823
-284.96
-256.233
-230.55
-211.974
-192.451
-171.332
-161.576
-154.133
-146.994
-142.579
-130.314
-121.481
-109.431
-95.649
-79.385
-65.02
-55.27
-50.83
-48.2
-49.971
-55.049
-61.894
-68.179
-72.908
-74.478
-76.441
-76.441
-76.441
-76.441
-72.909
-69.278
-62.919
-57.453
-52.694
-48.691
-44.452
-39.938
-35.365
-30.959
-27.304
-20.606
-14.62
-2.626
11.088
23.207
38.418
49.455
64.762
76.146
85.028
92.848
96.557
95.674
94.398
89.197
80.807
73.419
68.1
64.764
64.764
74.969
85.223
94.241
103.647
113.73
123.679
132.177
140.175
142.799
142.206
141.99
125.033
110.221
92.632
75.117
60.329
43.372
42.563
47.296
58.189
70.553
81.014
92.829
103.328
105.094
103.917
98.249
86.547
71.045
54.976
40.232
26.101
10.721
-1.004
-11.949
-22.496
-35.522
-49.946
-62.997
-71.732
-87.824
-105.512
-113.288
-124.229
-135.293
-142.97
-145.326
-144.443
-138.212
-126.682
-115.477
-94.399
-82.878
-72.908
-64.077
-60.618
-60.054
-61.231
-65.377
-68.159
-70.161
-68.91
-66.04
-57.6
-44.306
-17.908
-0.195
13.469
22.961
32.107
35.816
40.821
45.016
48.455
50.339
56.252
61.741
65.745
67.806
71.633
72.81
72.516
70.455
63.802
53.307
41.705
30.851
21.269
9.764
3.41
2.846
5.103
15.308
24.747
33.706
43.814
53.971
62.115
64.469
64.469
64.469
62.703
57.405
47.886
39.594
29.684
19.773
11.481
7.556
6.673
8.498
15.701
30.174
44.551
55.933
70.381
84.782
92.691
94.104
93.024
92.71
90.964
87.088
84.021
80.582
75.558
70.087
64.96
60.25
57.674
51.418
47.788
43.078
37.779
35.306
32.185
30.027
27.77
24.704
21.735
18.767
17.29
15.798
14.621
15.092
15.749
15.7
15.7
13.443
10.181
5.103
-1.492
-9.69
-22.666
-33.834
-40.354
-53.725
-62.605
-68.963
-76.833
-82.157
-84.9
-88.02
-92.509
-94.693
-99.403
-102.322
-105.241
-107.94
-110.614
-113.631
-113.141
-110.001
-100.972
-87.383
-75.892
-62.802
-51.026
-46.453
-41.213
-37.975
-36.405
-34.148
-28.162
-20.116
-10.127
0.221
11.382
21.235
24.703
25.807
22.569
16.897
4.907
-8.734
-21.294
-33.265
-46.855
-53.087
-55.54
-54.926
-51.321
-46.021
-40.997
-32.872
-29.909
-26.47
-23.403
-22.177
-19.92
-17.565
-14.547
-11.628
-8.93
-6.256
-3.238
-2.159
-2.429
-5.053
-8.635
-12.992
-20.509
-28.677
-36.091
-41.802
-44.525
-44.844
-41.312
-32.455
-20.509
-7.576
6.525
19.233
24.983
29.365
33.51
35.816
37.779
40.526
41.434
44.667
46.561
49.53
52.498
54.755
57.821
60.79
63.39
66.138
68.983
71.927
74.16
76.195
78.305
79.463
80.955
82.132
82.132
82.672
83.212
88.118
92.357
96.091
100.58
105.173
108.823
110.589
110.295
108.47
104.064
95.698
84.486
73.888
52.965
43.47
32.931
20.704
8.44
-0.294
-8.733
-19.38
-27.377
-36.817
-46.12
-54.976
-63.41
-71.878
-79.36
-84.095
-87.725
-86.156
-84.046
-80.7
-76.637
-71.044
-65.627
-61.894
-59.171
-59.171
-58.15
-56.816
-53.798
-49.947
-44.059
-35.08
-24.727
-14.032
-1.644
7.85
15.151
21.245
24.924
26.573
28.457
29.684
33.559
34.443
33.167
31.18
27.279
26.102
24.336
21.392
20.214
13.051
7.752
1.496
-2.826
-7.163
-7.163
-7.163
-7.163
-6.28
-3.533
-2.453
-0.883
0.0
0.0
-0.883
-3.533
-5.201
-8.341
-14.277
-19.331
-23.982
-29.634
-38.883
-47.494
-57.012
-66.53
-73.693
-75.95
-78.673
-80.121
-79.346
-76.564
-71.24
-67.001
-62.997
-58.238
-52.522
-45.374
-40.331
-31.793
-25.964
-20.263
-11.383
-6.084
-2.453
1.693
5.299
8.537
13.051
18.841
22.471
28.457
33.756
38.348
43.838
47.396
49.986
50.928
50.339
47.984
44.491
41.508
36.111
33.402
31.401
29.855
29.536
29.536
29.536
28.948
27.711
23.599
20.115
13.189
8.832
5.839
2.919
0.392
-2.551
-5.422
-8.204
-11.971
-16.976
-23.845
-28.555
-35.056
-42.194
-46.08
-50.217
-52.4
-52.616
-53.209
-51.173
-48.534
-43.175
-31.009
-18.173
-6.967
6.33
16.166
22.451
27.181
31.376
34.05
36.062
37.558
39.055
39.055
39.055
39.594
41.606
45.237
48.573
53.283
58.582
60.937
60.643
59.485
54.362
46.463
36.366
24.728
13.444
4.514
-0.196
-2.551
-2.551
-0.147
7.63
14.13
24.729
30.934
36.651
38.525
38.147
37.877
36.366
35.129
33.069
31.008
29.693
28.261
27.181
27.181
26.426
24.539
22.652
20.018
17.05
14.739
14.032
14.915
15.21
20.018
21.196
25.955
27.829
30.1
31.891
32.971
32.971
32.971
32.323
32.701
34.246
35.64
36.822
38.368
39.84
40.134
37.779
36.896
31.852
25.905
16.412
10.264
4.514
1.57
-0.196
1.57
5.176
9.322
15.112
19.331
22.913
24.728
26.494
27.083
27.083
24.728
23.501
22.275
22.275
23.55
24.002
26.691
31.155
35.62
39.329
44.942
47.454
48.745
49.554
49.554
48.691
47.199
40.993
34.148
25.856
14.916
4.416
-5.004
-12.143
-18.055
-22.628
-25.734
-29.929
-33.461
-36.503
-40.085
-44.02
-47.126
-52.596
-56.58
-60.176
-68.542
-74.993
-81.877
-86.842
-92.632
-96.184
-98.765
-99.991
-99.991
-97.538
-94.668
-89.836
-81.132
-70.112
-57.992
-46.071
-35.012
-24.384
-12.388
-4.023
0.687
4.833
7.899
10.48
12.339
13.836
13.973
15.234
15.553
14.032
12.874
11.383
8.782
6.339
3.091
-0.687
-6.476
-11.186
-21.809
-31.302
-36.543
-41.189
-44.353
-46.807
-46.807
-46.807
-46.807
-46.807
-46.807
-47.395
-49.162
-50.575
-53.283
-53.872
-56.325
-56.325
-56.325
-56.325
-56.325
-55.049
-55.049
-55.049
-54.46
-53.062
-51.516
-47.886
-44.746
-39.104
-30.738
-23.295
-17.173
-9.126
-5.966
-4.072
-1.987
-1.668
-2.944
-1.668
-1.079
-0.491
0.319
3.042
4.69
7.457
11.334
14.253
16.78
21.98
30.542
37.897
45.482
53.626
62.409
69.572
77.152
84.929
90.866
96.832
103.819
111.865
116.477
121.727
127.565
133.649
138.359
143.879
149.006
153.103
155.629
158.573
158.573
157.592
156.12
154.28
150.134
143.776
140.101
132.962
125.013
118.164
113.337
105.094
99.795
95.085
90.473
86.057
79.208
72.54
58.435
44.402
30.32
19.036
4.858
-9.175
-20.529
-27.059
-35.031
-42.121
-47.612
-53.43
-59.955
-65.843
-72.908
-81.568
-87.823
-91.768
-94.987
-95.576
-95.257
-92.887
-90.767
-87.235
-78.993
-75.362
-69.768
-65.353
-61.747
-59.249
-54.068
-49.554
-44.511
-38.025
-31.45
-25.514
-17.741
-13.738
-8.979
-7.752
-7.752
-8.93
-10.77
-12.972
-14.327
-14.915
-13.738
-9.715
-6.574
-0.638
7.139
12.698
18.252
24.041
27.279
27.868
28.678
30.223
28.732
27.868
26.641
23.722
19.527
13.541
-1.89
-17.27
-30.871
-45.016
-52.89
-55.834
-58.582
-60.054
-60.054
-57.601
-55.246
-50.805
-45.727
-37.926
-30.302
-21.588
-12.512
-4.161
3.729
12.708
21.784
25.415
25.121
23.011
20.092
17.565
17.074
15.995
15.995
17.761
22.177
27.77
32.97
34.933
36.111
37.288
36.268
37.288
37.288
37.759
39.006
39.545
40.919
39.545
39.545
37.239
34.05
30.93
28.947
25.98
17.781
9.96
1.079
-7.85
-16.426
-23.869
-30.42
-33.363
-34.972
-36.307
-35.497
-35.13
-32.598
-31.695
-28.064
-26.337
-23.919
-21.539
-18.276
-17.368
-15.014
-11.481
-10.254
-5.495
-1.374
5.201
6.418
8.243
10.892
10.892
10.892
10.892
7.065
4.416
1.943
1.472
1.472
1.707
3.263
5.642
7.065
8.635
10.892
10.892
10.892
10.892
9.199
6.182
2.571
-3.557
-11.039
-18.448
-25.905
-26.985
-30.051
-31.891
-31.891
-31.891
-30.517
-27.942
-26.082
-22.324
-16.681
-11.186
-6.967
-1.619
1.472
1.472
1.472
1.472
-4.514
-9.499
-12.855
-16.755
-19.92
-22.373
-22.373
-21.784
-16.706
-10.421
-3.434
4.047
10.892
17.418
24.899
32.185
32.186
31.916
29.291
23.943
18.919
13.247
7.04
2.012
0.0
-2.821
-2.159
-0.981
-0.368
2.012
5.201
7.261
8.537
10.524
7.899
5.436
0.515
-5.692
-11.677
-17.604
-22.373
-25.475
-28.683
-31.891
-33.682
-35.522
-37.215
-37.779
-40.232
-41.311
-41.822
-43.176
-44.574
-43.765
-42.332
-40.428
-36.013
-30.713
-25.768
-20.018
-14.13
-8.144
-2.924
0.76
4.906
6.319
8.145
10.205
9.616
9.616
8.537
5.79
3.14
-0.746
-3.999
-7.065
-7.674
-5.495
-3.385
0.491
3.631
7.163
11.677
14.964
15.602
15.602
12.069
7.237
1.747
-4.072
-9.715
-14.13
-18.212
-20.337
-21.882
-22.471
-22.471
-20.018
-17.442
-14.67
-12.207
-9.126
-8.242
-4.907
-2.257
-0.442
3.067
8.439
13.149
18.644
24.09
27.108
29.34
32.088
34.541
34.541
35.188
34.811
35.62
36.896
37.367
38.613
38.343
39.153
38.073
36.577
35.031
33.633
31.401
29.831
29.831
30.959
33.501
34.443
39.152
41.017
43.725
46.365
48.401
48.671
48.671
47.518
42.832
38.515
34.187
27.868
21.441
15.455
10.323
6.599
2.453
0.662
-1.178
-1.178
-0.294
1.276
2.453
5.103
7.163
9.224
9.518
9.518
8.022
6.525
3.807
0.589
-3.63
-6.771
-10.402
-14.228
-17.54
-21.392
-24.924
-30.248
-34.442
-36.798
-38.76
-39.251
-39.251
-38.024
-35.326
-30.811
-27.279
-23.722
-19.213
-17.859
-17.859
-19.037
-21.627
-23.183
-25.562
-26.985
-28.555
-29.732
-29.732
-29.732
-29.732
-27.77
-23.747
-19.233
-15.455
-12.207
-8.954
-8.341
-5.324
-3.631
-3.631
-3.631
-3.827
-4.097
-4.475
-3.827
-4.636
-3.827
-3.827
-3.827
-3.827
-3.827
-3.827
-3.827
-2.257
0.393
6.206
12.854
16.289
20.533
24.679
28.972
32.578
36.602
42.489
46.022
47.493
48.475
49.554
48.99
43.96
36.62
28.874
20.509
12.168
4.534
-2.748
-7.924
-8.537
-4.391
-0.667
3.385
5.422
5.691
5.201
2.674
-2.551
-9.763
-15.7
-20.312
-22.25
-25.709
-27.476
-27.476
-28.751
-29.929
-31.155
-32.382
-36.071
-36.994
-42.317
-45.384
-48.73
-50.143
-51.32
-49.824
-48.396
-47.15
-45.654
-44.157
-41.704
-41.434
-40.625
-39.741
-38.171
-37.955
-37.092
-36.503
-34.075
-31.106
-29.928
-24.017
-18.055
-12.168
-6.182
-1.472
4.44
10.401
16.289
21.313
26.985
32.014
34.099
36.699
36.798
37.681
37.975
38.858
39.624
42.783
44.844
47.763
50.682
52.616
54.043
57.895
57.895
57.895
57.13
54.926
53.087
49.529
43.804
37.926
31.254
24.532
17.957
11.756
5.937
3.238
-1.471
-3.925
-4.808
-7.458
-8.341
-12.168
-13.345
-16.387
-19.969
-22.594
-26.396
-27.574
-29.144
-30.027
-30.027
-30.027
-31.106
-32.48
-32.48
-32.48
-32.48
-31.204
-27.009
-22.913
-15.136
-6.751
3.141
11.799
19.282
24.395
27.5
31.597
35.816
38.809
41.39
45.016
48.279
51.001
52.282
53.626
53.307
50.732
46.218
40.742
31.694
22.398
10.303
1.668
-5.574
-11.579
-16.068
-19.331
-22.726
-27.377
-31.842
-36.307
-40.723
-44.824
-47.273
-50.192
-53.258
-53.872
-56.129
-54.681
-52.645
-49.652
-41.901
-36.012
-26.2
-18.251
-10.23
-5.201
-2.748
0.736
4.955
5.495
5.495
5.495
5.225
3.778
1.374
0.785
-4.023
-8.145
-11.677
-13.443
-13.443
-11.186
-8.512
-1.472
5.569
11.52
17.27
17.884
20.312
20.194
19.724
19.724
15.897
13.247
10.716
8.513
5.495
5.201
3.14
1.256
0.785
0.785
1.349
4.023
4.906
5.201
7.85
8.439
10.205
10.205
11.972
12.56
12.855
14.248
14.376
12.855
11.481
11.226
9.911
8.439
6.084
5.495
5.495
5.495
4.906
3.361
2.846
4.357
5.299
5.888
7.433
8.831
9.773
8.562
7.752
5.912
5.299
2.845
0.188
-1.815
-3.819
-4.219
-4.219
-4.219
-3.582
-2.944
-2.944
-4.219
-4.219
-4.219
-4.219
-4.219
-0.687
1.766
7.654
10.009
12.835
14.817
14.817
13.051
10.328
10.009
10.009
9.911
9.911
9.911
11.751
13.541
13.542
13.542
13.542
14.498
14.817
15.382
17.074
17.839
18.35
19.527
18.031
16.171
14.817
12.094
9.911
7.041
5.201
3.434
0.785
-0.785
-3.748
-7.457
-11.334
-13.444
-16.093
-18.546
-19.724
-20.901
-22.152
-22.177
-22.177
-22.986
-22.177
-22.986
-23.256
-23.256
-26.273
-27.966
-29.806
-30.419
-30.419
-29.806
-26.838
-23.869
-20.43
-16.191
-13.174
-10.843
-9.499
-7.261
-6.673
-6.673
-7.85
-9.028
-9.911
-11.481
-11.481
-10.971
-9.617
-7.261
-4.317
-0.466
1.904
4.612
5.201
6.28
5.201
4.73
2.797
-0.196
-4.416
-8.655
-12.659
-18.546
-24.508
-29.34
-31.852
-32.873
-34.639
-37.288
-37.583
-37.583
-37.583
-37.583
-37.583
-35.129
-32.872
-29.831
-28.064
-26.372
-23.845
-23.354
-23.354
-23.354
-22.648
-21.22
-18.644
-18.031
-15.249
-13.836
-13.836
-15.111
-16.681
-18.644
-19.233
-20.631
-19.822
-18.644
-17.442
-12.707
-9.165
-4.539
0.393
5.225
10.254
13.679
16.387
18.252
21.215
24.041
24.679
24.36
24.041
22.864
19.92
17.516
13.345
8.478
2.649
-6.206
-11.579
-13.699
-16.804
-18.742
-19.307
-20.999
-22.177
-23.428
-23.452
-23.452
-23.722
-25.169
-25.807
-23.923
-22.275
-18.939
-15.062
-12.482
-8.93
-6.771
-1.447
1.295
5.053
10.254
15.014
19.586
23.525
27.966
31.891
35.915
39.545
42.121
43.078
43.078
43.078
40.625
40.919
41.802
42.568
43.078
45.335
46.846
47.788
47.788
47.788
50.143
50.143
48.597
47.199
45.653
41.567
35.522
29.241
22.814
17.152
11.358
5.004
-1.35
-7.144
-12.756
-19.209
-25.514
-30.615
-36.209
-40.625
-42.391
-44.353
-44.844
-44.231
-42.391
-40.271
-37.975
-35.325
-31.322
-29.119
-26.396
-23.747
-21.097
-19.92
-20.852
-20.656
-21.195
-22.152
-22.471
-22.152
-21.195
-20.656
-19.233
-18.939
-19.174
-20.116
-20.656
-22.152
-21.195
-21.195
-19.822
-17.761
-13.757
-10.917
-6.967
-1.668
1.001
3.042
4.538
5.986
8.341
10.401
14.866
17.639
19.763
22.569
23.747
23.747
23.747
23.747
20.214
17.604
15.407
10.107
5.691
2.355
0.098
-3.753
-5.888
-8.832
-10.362
-13.051
-14.744
-17.565
-19.037
-19.037
-16.583
-13.188
-8.832
-5.25
-0.785
0.098
2.355
2.061
0.638
-0.667
-1.178
-2.355
-3.852
-4.808
-4.808
-4.808
0.098
0.55
2.674
4.17
4.71
4.71
4.71
7.458
8.881
12.364
16.019
20.116
25.16
26.715
28.555
28.555
29.634
28.555
28.555
27.328
24.262
21.843
18.939
14.523
10.107
6.869
5.005
4.71
4.494
3.287
1.129
0.0
-4.808
-4.808
-8.635
-10.107
-12.815
-15.185
-19.037
-20.828
-23.099
-24.973
-27.083
-28.457
-28.457
-28.457
-28.457
-28.457
-26.652
-23.747
-20.803
-16.632
-12.109
-8.047
-4.808
-2.649
0.0
0.0
1.693
2.257
4.71
5.299
7.654
9.126
11.304
14.228
15.995
18.35
18.939
20.705
22.471
22.471
22.471
21.882
21.294
20.018
18.939
18.939
18.939
17.098
14.68
14.228
12.045
8.419
5.839
2.846
0.0
-1.825
-3.949
-4.906
-4.906
-5.77
-7.163
-8.733
-10.156
-12.874
-14.327
-17.859
-21.196
-23.845
-25.071
-27.991
-28.555
-28.555
-28.555
-28.555
-28.555
-28.555
-26.298
-23.232
-20.263
-16.486
-11.555
-6.084
-0.805
3.752
8.831
12.29
14.13
15.308
16.73
18.301
18.84
18.84
19.658
20.68
21.725
22.373
22.373
23.55
23.551
25.12
26.543
28.04
28.359
28.359
30.616
30.616
30.616
30.616
29.536
28.359
27.475
24.189
21.858
18.389
15.308
14.13
13.493
13.62
14.13
14.13
15.445
16.387
15.798
14.4
12.855
9.224
5.764
-0.195
-5.377
-10.868
-16.78
-18.84
-22.471
-24.483
-26.053
-26.396
-27.476
-28.653
-29.831
-31.082
-32.99
-34.639
-37.288
-38.642
-40.527
-42.587
-42.882
-44.157
-45.335
-45.335
-45.335
-45.335
-45.433
-45.163
-43.843
-41.9
-36.233
-28.848
-21.765
-15.48
-8.095
-0.71
5.574
6.771
9.028
9.028
7.673
6.771
5.495
5.279
4.416
4.367
3.508
2.218
3.238
4.318
4.318
5.789
8.463
10.303
13.934
14.498
17.368
18.546
20.999
20.999
22.446
23.256
23.256
23.256
23.256
23.04
21.563
19.135
17.737
15.504
15.013
10.304
6.771
4.219
-2.305
-8.733
-13.443
-14.94
-15.897
-14.94
-14.621
-11.088
-9.205
-6.084
-4.023
-2.846
-2.846
-3.925
-6.378
-6.967
-8.321
-8.831
-7.556
-7.556
-6.967
-5.201
-3.434
-0.883
-0.393
1.374
3.14
3.729
4.318
4.318
4.318
4.023
1.914
-0.123
-3.218
-5.299
-5.299
-5.299
-5.299
-5.299
-4.023
-1.668
-0.393
0.736
3.336
5.127
7.85
10.441
12.266
16.437
20.165
24.669
30.321
33.044
34.364
35.718
36.307
35.129
35.129
34.811
34.492
36.013
38.269
39.84
42.293
42.293
42.293
42.293
41.017
35.13
33.707
26.592
20.332
13.788
6.771
-0.059
-6.035
-13.148
-16.878
-19.999
-23.158
-26.003
-28.359
-28.947
-28.947
-28.947
-28.678
-27.397
-25.071
-21.098
-17.172
-11.755
-8.021
-3.533
0.883
6.673
6.673
11.898
14.866
18.718
21.509
23.158
24.998
27.328
27.966
28.849
30.223
30.223
30.223
30.223
28.531
27.966
27.475
25.243
23.796
22.275
20.802
14.818
7.458
0.049
-2.944
-6.712
-7.654
-10.377
-12.413
-14.346
-14.817
-17.172
-17.786
-20.097
-20.803
-21.613
-23.158
-23.158
-23.158
-23.158
-23.158
-21.883
-21.882
-20.508
-19.625
-17.786
-15.288
-11.186
-5.667
-0.629
4.269
8.267
12.364
13.934
15.288
17.172
20.19
23.059
23.06
24.63
26.053
26.592
26.592
24.335
24.016
21.932
19.331
17.54
13.64
13.64
13.129
12.364
12.364
11.285
8.831
8.831
8.243
6.845
5.299
4.121
4.121
4.121
4.121
3.179
0.588
-3.042
-5.397
-11.358
-12.561
-15.7
-19.625
-23.747
-26.47
-26.79
-31.734
-33.265
-36.258
-38.368
-38.662
-38.662
-38.662
-37.19
-37.165
-36.209
-35.129
-35.129
-35.129
-34.187
-33.952
-32.504
-30.468
-27.549
-23.747
-19.979
-16.289
-10.304
-6.158
-3.238
1.129
4.553
6.918
9.298
12.168
13.738
14.621
15.269
15.7
15.7
14.327
13.443
10.794
8.635
6.28
3.018
-0.883
-4.784
-6.771
-9.44
-10.303
-10.303
-9.494
-7.949
-6.501
-5.691
-5.691
-4.735
-3.238
-3.238
-2.649
-1.295
-0.785
1.472
4.195
6.771
8.537
8.537
8.537
8.267
5.642
3.018
-0.785
-1.354
-3.238
-3.238
-3.238
-3.238
-3.238
-3.238
-3.827
-5.373
-7.949
-10.671
-12.168
-13.664
-13.934
-13.934
-12.242
-10.401
-9.518
-5.691
-3.238
-0.319
3.189
5.961
10.991
15.955
17.54
19.871
22.201
22.765
22.765
22.765
21.637
18.669
18.055
15.386
13.639
8.979
3.876
-1.178
-6.025
-10.205
-13.983
-16.952
-22.275
-25.121
-28.26
-34.148
-38.343
-41.312
-42.724
-43.667
-42.489
-39.545
-34.639
-29.556
-25.046
-19.724
-14.033
-11.579
-10.5
-10.5
-10.5
-10.5
-10.5
-10.854
-12.628
-14.402
-15.185
-17.565
-20.234
-21.71
-24.139
-24.728
-25.807
-24.493
-22.962
-19.38
-17.565
-12.855
-8.616
-4.906
-0.442
4.979
10.892
13.797
15.921
19.232
22.397
22.667
22.667
22.103
20.41
18.57
17.957
17.957
17.957
17.957
17.957
17.957
17.957
17.957
17.957
17.148
14.425
13.247
12.363
8.488
6.452
1.276
-4.357
-9.274
-14.081
-17.049
-22.373
-23.335
-27.745
-30.076
-31.597
-34.344
-34.344
-34.344
-33.707
-33.069
-30.713
-29.222
-26.862
-20.508
-15.774
-11.756
-7.261
-2.256
3.042
5.765
7.968
9.714
8.439
8.439
8.439
8.439
8.439
8.414
8.341
9.568
10.794
13.247
13.247
13.517
14.915
16.461
16.78
17.957
17.957
18.497
19.037
19.037
17.957
16.461
13.149
7.967
2.478
-3.434
-9.346
-13.895
-15.945
-17.393
-18.84
-17.447
-16.265
-15.308
-15.308
-14.13
-13.051
-11.481
-10.598
-10.598
-9.42
-7.065
-5.888
-5.888
-5.888
-5.888
-5.888
-5.888
-5.888
-5.888
-5.888
-3.532
-0.785
1.511
4.219
7.458
8.341
9.616
9.886
11.285
10.99
10.696
10.598
9.101
8.145
8.145
8.145
8.145
8.145
8.145
9.616
9.714
9.42
8.145
7.242
4.661
3.434
3.434
3.434
3.434
3.434
5.274
6.967
8.145
8.145
8.145
8.145
8.145
5.887
3.434
3.434
1.962
0.172
-1.275
-1.276
-1.786
-3.14
-4.538
-6.084
-9.401
-14.033
-17.957
-21.882
-25.022
-27.475
-28.923
-29.732
-28.923
-27.711
-27.476
-26.862
-25.022
-25.081
-25.121
-23.943
-23.624
-22.196
-20.95
-20.41
-20.41
-19.135
-18.841
-17.369
-15.823
-15.504
-15.504
-12.928
-11.432
-10.009
-7.752
-6.182
-4.612
-2.502
0.079
2.821
5.79
8.046
8.046
8.684
10.205
10.5
10.5
10.205
8.684
8.046
8.046
8.046
8.046
8.046
7.399
6.967
5.789
3.066
0.442
-2.139
-4.342
-6.182
-8.694
-10.009
-10.892
-10.892
-9.715
-9.715
-8.439
-8.439
-8.439
-8.439
-8.439
-7.874
-6.182
-6.182
-6.182
-6.182
-6.182
-6.653
-6.771
-6.182
-6.182
-6.182
-6.182
-6.182
-6.182
-6.182
-3.827
-1.079
-0.196
1.57
3.965
6.869
8.365
10.225
12.217
12.855
12.855
13.306
15.112
16.338
17.565
19.405
22.275
22.275
22.785
22.913
22.275
22.275
23.55
24.63
24.63
25.336
24.924
24.63
23.295
22.275
20.46
17.834
15.602
12.855
12.241
10.401
9.175
7.948
7.948
7.497
5.373
3.827
2.429
1.138
-1.472
-4.44
-6.28
-7.409
-9.494
-9.813
-10.99
-10.99
-10.99
-10.99
-10.99
-10.99
-10.99
-10.99
-10.99
-11.873
-13.188
-14.523
-15.7
-16.682
-19.331
-20.509
-22.864
-25.454
-27.009
-29.389
-29.929
-29.929
-29.929
-29.364
-27.162
-24.63
-22.864
-18.251
-13.738
-7.998
-2.355
2.729
8.071
10.303
12.992
14.817
17.467
17.467
17.467
17.467
17.467
17.467
17.467
17.467
17.467
16.034
14.449
12.757
10.917
8.419
7.948
5.274
3.886
3.238
2.355
0.785
-1.472
-2.085
-4.396
-5.74
-7.188
-8.635
-11.088
-11.088
-11.088
-9.616
-8.635
-8.635
-8.635
-8.954
-10.499
-11.088
-11.088
-13.542
-13.542
-15.798
-15.798
-15.798
-15.798
-17.074
-18.389
-19.699
-20.803
-20.803
-21.612
-23.06
-24.571
-25.513
-25.513
-25.513
-24.63
-21.882
-20.076
-16.584
-13.59
-9.714
-5.063
-1.668
1.079
3.312
4.759
5.397
7.203
6.575
7.654
7.654
7.654
7.654
7.654
7.654
7.654
7.654
7.654
7.654
7.654
7.654
7.384
6.104
5.397
4.44
3.179
1.865
-2.085
-4.455
-7.703
-10.671
-14.817
-15.995
-16.093
-16.583
-17.074
-17.27
-15.995
-15.995
-12.168
-10.303
-7.703
-4.808
-1.766
-0.589
0.809
2.355
2.944
2.944
4.121
5.397
6.771
7.654
7.654
9.42
11.186
11.186
12.462
12.462
12.462
12.462
12.462
11.972
9.421
7.654
5.475
1.373
-4.218
-7.379
-10.475
-12.512
-14.444
-15.725
-15.995
-14.915
-10.77
-7.163
-3.219
-0.957
2.944
2.944
4.637
7.016
7.556
9.396
10.009
12.462
12.462
12.462
12.462
12.462
10.009
8.832
7.556
7.556
6.908
6.476
6.476
5.299
3.729
2.306
1.001
-1.276
-1.864
-1.864
-1.864
-1.864
-1.864
-0.981
1.766
0.393
1.423
0.393
0.393
0.393
0.393
0.393
1.963
2.846
3.552
6.673
7.556
10.009
12.364
12.953
14.189
13.811
12.364
11.088
8.219
5.436
3.434
1.962
0.393
1.668
1.963
2.846
4.259
6.084
8.832
9.911
11.407
12.364
13.07
13.542
13.542
13.542
13.247
12.364
12.364
12.364
11.089
9.911
8.512
7.556
7.507
7.458
7.458
7.458
7.458
7.458
7.458
5.765
3.925
2.532
1.349
-0.196
-2.625
-5.044
-6.771
-6.771
-6.771
-7.9
-9.028
-9.028
-9.028
-9.028
-8.488
-7.242
-6.771
-6.771
-5.495
-5.201
-3.14
-1.963
-1.963
-1.963
-0.491
0.353
0.294
1.325
2.748
2.748
2.748
3.974
6.555
7.458
7.458
7.713
8.733
8.096
7.458
7.458
5.2
3.631
2.748
2.748
1.864
0.295
-0.785
-1.963
-1.963
-3.435
-5.225
-6.771
-6.771
-6.771
-7.36
-8.832
-10.146
-11.481
-11.481
-11.481
-12.069
-12.658
-12.658
-12.658
-11.481
-11.481
-11.481
-11.554
-10.402
-10.146
-8.831
-7.409
-6.869
-6.869
-5.593
-3.803
-1.531
0.344
2.38
3.729
6.084
7.58
9.666
11.559
13.762
15.602
17.015
18.276
19.773
21.196
21.49
20.312
20.042
19.233
18.595
17.074
16.78
16.073
12.953
11.432
8.144
6.32
3.631
2.551
1.325
-0.608
-1.889
-2.159
-4.342
-7.065
-8.193
-10.279
-11.775
-9.322
-8.758
-7.065
-7.065
-5.789
-4.612
-2.159
-2.159
-2.159
-2.159
-4.612
-5.225
-7.065
-7.065
-8.758
-9.322
-9.641
-10.598
-11.186
-10.892
-11.775
-11.775
-9.322
-8.193
-7.065
-5.103
-2.257
-1.349
1.914
3.16
4.587
5.986
7.163
7.163
7.801
9.322
10.696
11.971
11.579
13.541
14.179
16.093
16.682
18.153
18.448
18.448
18.448
17.859
16.387
16.093
13.738
13.125
10.156
8.262
5.986
4.122
1.864
0.883
-0.589
-1.398
-2.944
-5.299
-5.617
-7.703
-9.788
-11.285
-11.285
-13.64
-14.228
-14.699
-14.621
-14.621
-13.223
-11.795
-11.088
-10.279
-10.009
-10.009
-10.009
-10.009
-8.169
-7.556
-5.103
-3.41
-1.03
0.393
1.707
1.963
2.846
0.736
-0.491
-0.491
-1.57
-1.57
-1.889
-3.434
-4.906
-6.476
-7.929
-10.107
-12.217
-14.253
-14.523
-14.523
-14.253
-13.443
-11.972
-10.181
-9.911
-9.911
-9.401
-8.635
-7.752
-7.458
-6.967
-5.004
-5.004
-4.195
-2.748
-2.748
-0.393
-0.393
-0.393
-0.393
-1.472
-3.042
-4.465
-4.946
-6.746
-8.439
-8.758
-9.715
-9.715
-10.598
-9.715
-9.734
-9.813
-9.813
-7.973
-5.397
-4.906
-2.649
-1.423
-0.196
0.667
2.159
3.631
4.475
4.416
4.416
4.416
1.904
0.613
-1.423
-4.342
-4.906
-6.084
-6.967
-6.673
-5.422
-4.808
-4.808
-0.982
0.441
1.806
4.048
4.612
6.967
6.967
7.556
9.101
9.42
9.42
9.42
9.42
9.42
9.42
9.42
6.379
4.612
1.889
-0.825
-3.728
-7.874
-10.843
-13.326
-16.068
-16.682
-18.939
-18.939
-18.35
-16.878
-15.406
-14.228
-13.64
-10.696
-9.518
-8.243
-7.163
-3.827
-0.589
2.65
5.495
8.242
10.083
11.775
11.775
11.775
11.775
10.401
9.518
9.518
7.678
4.71
3.925
0.805
-1.129
-4.048
-8.145
-11.775
-14.744
-17.712
-18.84
-21.293
-21.294
-21.564
-22.373
-21.564
-22.157
-22.373
-23.673
-23.747
-23.747
-23.747
-24.826
-25.12
-26.004
-27.417
-27.549
-28.457
-28.457
-27.986
-26.543
-24.115
-23.55
-20.705
-18.448
-16.388
-14.327
-12.855
-12.855
-12.266
-9.911
-9.322
-9.322
-8.047
-6.354
-4.514
-4.514
-2.708
-0.981
0.196
0.785
2.139
4.342
4.906
4.906
4.906
4.906
4.906
4.906
4.926
5.004
5.004
4.195
3.925
2.748
2.134
0.294
0.294
0.294
-2.159
-4.416
-5.593
-8.61
-11.03
-13.934
-14.547
-17.515
-18.644
-18.644
-18.644
-18.644
-18.644
-18.644
-18.644
-18.35
-17.035
-15.16
-13.934
-10.304
-7.286
-4.367
-2.257
0.393
2.845
5.103
5.103
5.103
5.103
5.103
5.103
5.103
5.103
5.103
6.059
5.74
7.085
7.556
7.556
7.556
8.096
9.592
9.911
9.911
9.911
9.911
8.954
7.556
4.749
2.33
-1.275
-4.882
-7.752
-9.298
-10.578
-11.285
-11.285
-11.285
-11.285
-11.285
-11.285
-11.285
-11.285
-11.285
-11.285
-11.285
-11.285
-11.285
-13.738
-13.738
-13.738
-13.738
-13.738
-13.738
-13.738
-13.738
-11.187
-8.93
-7.703
-5.004
-4.023
-1.767
-1.766
-0.589
0.589
0.589
0.589
0.589
0.589
0.589
1.766
2.787
1.472
0.589
-0.221
-2.944
-4.71
-7.703
-8.93
-8.93
-8.93
-10.107
-9.518
-8.93
-8.831
-9.911
-11.701
-13.542
-15.308
-15.897
-16.191
-16.485
-15.897
-14.13
-13.542
-13.542
-12.315
-11.088
-9.911
-9.911
-9.911
-10.5
-11.088
-13.542
-13.542
-13.542
-13.542
-13.542
-13.542
-13.542
-12.315
-10.279
-8.831
-7.36
-5.667
-3.827
-3.827
-3.827
-2.748
-2.748
-2.748
-3.557
-3.827
-3.827
-3.827
-3.827
-3.827
-3.827
-3.827
-3.827
-3.827
-3.827
-3.827
-3.827
-3.827
-3.827
-3.827
-3.851
-3.925
-3.925
-3.925
-3.729
-3.729
-4.367
-5.888
-6.182
-7.605
-8.635
-8.635
-8.635
-8.635
-8.635
-8.635
-6.796
-6.182
-5.569
-3.729
-3.729
-3.729
-3.729
-3.729
-3.729
-2.919
-3.513
-2.649
-1.472
-0.834
0.613
0.883
0.932
1.079
2.306
3.533
3.533
3.508
2.257
1.079
1.079
-0.098
-1.668
-3.091
-3.631
-3.631
-5.201
-6.516
-7.85
-8.537
-8.537
-8.282
-6.967
-5.495
-3.949
-2.551
1.295
2.478
4.023
3.729
3.434
2.12
1.178
1.178
0.295
-1.276
-3.533
-4.146
-5.986
-5.986
-7.065
-5.986
-5.986
-4.759
-3.533
-3.533
-3.533
-1.276
-1.276
-1.276
-3.081
-3.533
-4.146
-7.213
-8.439
-10.244
-11.972
-13.149
-13.689
-15.111
-17.212
-15.406
-16.78
-16.535
-14.449
-13.188
-12.953
-11.555
-9.42
-8.949
-8.537
-8.243
-8.243
-8.243
-8.243
-8.243
-8.243
-8.243
-7.605
-6.319
-5.888
-5.888
-5.888
-5.888
-5.888
-5.888
-5.887
-4.391
-3.395
-2.208
-1.079
0.197
1.374
1.374
1.374
1.374
1.374
1.374
1.079
-0.442
-1.889
-3.336
-3.827
-6.379
-8.145
-8.145
-8.145
-8.145
-8.145
-8.145
-8.145
-5.789
-3.336
-2.772
-1.079
-1.079
-1.08
-2.061
-3.827
-6.82
-8.929
-12.05
-15.21
-17.467
-18.104
-18.742
-19.625
-19.92
-18.423
-17.467
-17.467
-15.774
-12.757
-12.266
-10.303
-9.763
-8.341
-8.046
-8.046
-8.046
-8.046
-8.046
-8.046
-8.046
-8.046
-8.046
-7.988
-7.948
-7.948
-7.948
-7.948
-7.948
-7.948
-7.948
-7.948
-7.948
-7.948
-7.948
-7.948
-7.949
-9.126
-9.126
-9.935
-9.342
-9.126
-7.948
-7.948
-7.948
-7.948
-7.948
-7.948
-7.948
-9.076
-10.279
-12.658
-12.56
-11.947
-10.107
-9.298
-8.085
-7.85
-6.28
-5.397
-5.397
-4.588
-3.042
-4.587
-5.397
-5.397
-5.397
-6.575
-7.85
-7.85
-7.85
-9.543
-10.107
-10.107
-10.426
-11.972
-12.56
-12.56
-12.56
-12.266
-10.696
-9.302
-8.022
-7.752
-3.876
-2.414
-0.54
1.496
1.766
1.766
1.766
1.766
1.766
1.766
1.766
1.766
1.766
1.766
2.649
2.944
4.219
4.219
4.759
6.182
5.534
4.22
4.219
4.219
4.219
4.219
5.495
6.575
6.575
6.575
6.575
6.575
6.575
6.575
6.575
5.446
5.201
4.553
1.864
1.864
1.864
1.325
-0.172
-2.846
-2.846
-2.846
-2.846
-2.846
-2.846
-2.846
-2.846
-2.846
-2.846
-1.962
-2.846
-2.649
-2.968
-3.925
-4.514
-5.103
-5.103
-6.045
-5.103
-5.103
-5.103
-5.103
-5.103
-3.925
-3.925
-3.974
-4.023
-4.023
-4.023
-3.704
-2.748
-2.748
-1.864
-2.747
-0.138
1.153
1.963
1.963
2.905
4.416
4.514
4.514
4.514
2.747
2.159
2.159
2.159
1.57
0.981
0.025
-1.472
-2.335
-1.177
-0.294
-0.294
-0.294
-0.294
-0.294
-0.294
-0.294
-1.987
-2.551
-2.551
-2.551
-2.551
-4.023
-5.004
-5.004
-5.004
-4.98
-4.906
-4.906
-4.906
-2.453
-3.729
-2.453
-2.453
-2.453
-2.453
-3.729
-4.906
-5.201
-5.613
-5.495
-5.201
-4.906
-4.906
-4.293
-2.453
-1.913
0.466
2.021
3.337
6.005
7.188
9.322
10.5
10.5
10.5
10.598
10.598
10.598
9.715
9.42
10.598
9.42
9.15
7.703
7.065
7.065
4.71
4.71
3.165
1.766
1.178
1.178
-0.098
-0.098
-0.098
-1.001
-1.815
-1.276
-1.276
-2.355
-2.355
-2.355
-2.993
-3.631
-2.61
-3.532
-2.576
-3.022
-2.257
-2.257
-2.257
0.0
0.491
2.453
2.453
4.22
4.808
7.163
7.163
7.163
7.163
7.163
7.163
7.163
5.75
4.808
4.808
4.808
4.808
4.808
4.808
4.808
4.808
4.808
5.765
7.261
7.261
7.261
7.261
7.261
7.261
7.261
7.261
7.261
7.261
7.261
7.261
7.261
7.026
6.084
5.495
3.493
2.551
0.098
-2.159
-2.159
-2.159
-3.115
-3.434
-3.434
-2.159
-2.159
-1.03
2.012
3.827
7.36
8.93
10.755
12.168
12.168
9.813
9.813
7.36
6.771
5.534
5.103
5.103
5.103
5.103
5.103
4.072
2.865
2.649
2.649
2.649
2.649
2.649
2.649
2.649
2.649
2.649
2.649
2.649
2.748
2.748
2.748
2.208
0.844
2.134
2.748
2.748
3.36
5.201
6.893
7.458
8.733
10.181
10.99
10.99
10.99
10.127
9.911
9.543
8.733
8.733
8.733
7.458
7.458
7.458
6.28
3.69
2.748
1.766
-0.922
-2.453
-5.446
-7.556
-8.714
-10.205
-11.383
-11.383
-11.383
-11.383
-11.383
-11.383
-11.383
-11.383
-10.794
-9.248
-8.93
-7.85
-6.673
-6.673
-6.673
-5.716
-6.673
-6.673
-6.673
-6.673
-4.906
-4.317
-1.865
-1.472
0.0
1.546
2.728
2.944
2.944
2.944
3.533
4.121
4.121
5.397
5.397
6.526
7.654
7.654
7.654
7.654
8.164
9.518
10.107
12.462
12.462
12.462
12.462
12.462
12.462
12.462
12.143
10.794
8.979
7.752
6.673
4.219
3.042
3.042
3.042
2.178
1.963
3.042
3.042
1.864
-0.196
-1.668
-2.139
-4.637
-6.476
-7.359
-9.538
-11.186
-11.186
-11.186
-11.186
-11.186
-11.186
-10.009
-9.125
-6.476
-5.322
-3.397
-1.472
-1.202
0.196
0.785
0.785
0.785
0.785
0.785
0.785
0.785
0.785
0.785
0.785
0.785
0.079
-1.276
-1.57
-3.062
-3.925
-3.925
-3.925
-4.867
-5.103
-3.655
-2.846
-2.08
-1.57
-1.57
-1.158
0.0
0.883
0.883
2.159
2.159
3.238
3.238
1.825
0.883
0.883
1.904
1.202
2.698
1.472
1.904
0.883
1.472
3.238
3.238
3.238
3.238
3.474
4.416
4.416
5.372
4.671
5.691
4.44
4.514
3.974
3.434
3.434
3.434
3.434
3.434
3.434
3.434
3.434
3.41
3.336
3.336
3.336
3.336
3.336
3.336
3.336
3.336
3.336
3.336
3.336
3.336
3.336
4.22
4.514
5.789
4.833
5.789
5.848
5.888
5.888
3.533
3.533
3.533
3.533
3.533
1.08
1.079
1.079
1.845
3.238
3.533
4.004
6.452
8.145
8.145
10.107
10.598
13.051
13.051
13.051
13.051
13.051
13.051
12.732
11.186
9.715
8.557
7.163
6.869
5.986
5.348
4.71
3.631
3.631
3.631
3.631
3.631
3.631
3.631
3.631
3.631
3.631
2.747
1.178
1.178
1.178
1.178
1.943
3.336
3.631
3.768
5.029
5.986
5.986
5.986
7.261
7.556
8.439
8.439
8.439
8.439
8.439
8.758
9.715
9.715
10.578
11.972
13.247
13.247
13.247
13.247
13.247
13.698
15.21
14.327
14.327
13.463
13.247
13.247
13.247
13.247
13.247
10.795
10.559
9.347
8.537
7.654
6.496
6.28
5.936
4.906
4.906
4.097
4.906
3.827
3.827
3.827
3.827
2.885
2.649
3.532
2.649
2.649
3.533
3.827
3.827
3.827
3.827
3.827
3.827
2.65
2.649
2.649
2.698
3.631
3.925
3.925
3.925
3.925
3.925
3.925
3.925
3.925
3.454
3.336
3.042
1.472
2.983
3.925
3.925
4.735
5.004
5.004
5.323
6.28
6.28
6.28
6.28
6.28
6.28
6.28
6.28
6.28
6.476
5.519
5.966
5.839
5.519
5.201
5.201
5.52
6.476
5.52
5.201
4.023
4.023
4.023
4.023
4.023
4.024
6.476
6.746
8.145
8.733
8.733
8.733
8.733
9.371
10.009
10.009
10.009
10.264
11.285
10.696
9.15
8.831
7.654
6.256
4.71
4.121
4.121
4.121
4.121
4.121
4.121
4.121
5.299
6.574
7.948
8.831
9.788
10.107
10.107
12.364
12.874
13.002
13.321
13.64
13.384
12.364
11.873
11.383
10.441
8.93
9.886
8.93
8.93
8.93
8.93
8.93
8.635
7.752
5.986
5.397
4.22
3.925
3.042
3.749
4.219
3.042
3.925
3.513
3.631
3.925
3.042
1.766
0.393
-0.491
-1.447
-1.766
-1.668
-3.925
-3.925
-3.925
-3.925
-5.201
-5.201
-5.201
-5.201
-6.084
-7.242
-7.458
-8.733
-9.322
-9.911
-9.028
-7.458
-7.006
-5.201
-5.201
-4.244
-2.119
-0.392
0.785
1.325
2.63
4.023
5.495
7.026
8.316
9.126
10.082
10.401
11.579
11.579
11.579
10.873
10.401
9.126
9.126
9.126
9.126
8.316
8.046
8.046
7.752
6.231
5.593
4.71
4.416
2.993
1.531
0.294
-0.294
-1.57
-1.57
-3.827
-3.827
-4.71
-5.004
-5.004
-5.004
-5.004
-5.004
-5.004
-3.729
-3.375
-1.521
-0.196
2.527
4.298
5.691
5.863
6.673
6.202
6.648
5.691
4.514
4.244
2.797
1.276
-0.196
-0.196
-0.196
-0.196
-0.196
-0.196
0.0
0.0
0.0
0.0
0.81
2.257
2.257
4.686
4.612
4.612
4.612
4.612
4.906
5.789
5.789
5.789
5.789
5.789
5.789
5.789
7.629
8.243
8.243
8.512
9.322
9.142
8.692
8.243
9.126
8.341
7.752
8.046
7.163
7.163
7.163
6.526
5.24
4.808
4.808
3.312
1.884
1.178
0.368
0.098
-1.178
-2.65
-4.17
-4.808
-4.808
-4.808
-4.808
-4.808
-4.808
-3.852
-2.355
-1.021
0.0
0.589
2.134
3.474
4.906
4.906
5.446
5.986
5.176
5.985
5.77
4.906
4.906
4.906
4.906
4.906
4.612
3.091
2.453
2.453
2.453
2.772
3.729
4.269
4.808
4.808
4.808
4.808
5.397
5.986
5.986
6.084
7.433
7.36
7.36
7.36
7.36
7.041
6.594
6.722
6.084
6.084
6.084
6.084
6.084
6.084
5.22
5.004
5.004
4.534
3.189
1.668
0.294
-1.452
-3.655
-4.612
-5.422
-7.654
-8.145
-9.322
-9.224
-9.126
-9.126
-9.126
-9.126
-9.126
-8.586
-8.046
-6.771
-5.593
-5.299
-4.416
-4.416
-4.416
-3.14
-2.576
-0.883
-0.118
1.202
3.925
4.22
5.103
5.642
7.139
8.635
9.715
10.058
11.088
11.898
11.187
11.186
11.186
10.549
9.911
9.911
9.911
9.617
8.194
6.83
6.28
6.28
5.201
5.201
3.434
0.785
-0.785
-2.178
-3.361
-4.318
-4.391
-5.495
-5.495
-5.495
-6.084
-7.026
-7.777
-6.673
-7.58
-6.476
-5.122
-4.219
-4.219
-2.944
-2.512
-2.404
-2.134
-2.944
-2.944
-2.944
-3.582
-3.263
-4.219
-4.219
-3.901
-2.404
-1.511
-0.834
-0.687
0.589
0.589
0.589
1.472
2.846
4.121
4.416
5.299
5.299
5.397
5.397
6.28
5.986
5.691
5.397
5.397
5.397
4.808
4.219
4.219
4.219
2.674
1.864
1.276
0.687
0.687
0.687
0.687
0.687
0.687
0.687
0.687
0.687
0.687
0.687
0.687
0.687
0.711
0.785
0.785
2.551
3.14
4.16
3.459
4.955
4.685
4.416
3.042
2.478
0.785
-0.172
-1.354
-4.023
-4.023
-4.023
-4.023
-4.023
-6.28
-6.555
-7.924
-8.733
-8.733
-9.911
-9.911
-9.911
-9.911
-9.911
-9.754
-9.715
-9.715
-9.283
-8.635
-7.752
-7.457
-5.731
-3.925
-3.925
-2.968
-1.472
-0.393
-0.073
0.883
0.883
2.689
5.593
5.593
6.182
6.771
7.728
8.046
8.046
8.046
8.046
7.089
6.771
5.593
5.421
3.974
3.336
3.336
0.981
0.981
0.981
0.981
0.981
0.981
-0.51
-1.104
-0.834
-1.374
-0.295
-1.374
-0.294
-0.294
-1.104
-1.374
-2.551
-2.551
-2.551
-2.551
-3.508
-3.827
-3.827
-3.827
-3.778
-3.729
-3.729
-3.729
-3.729
-3.729
-2.963
-2.453
-2.453
-2.453
-2.453
-1.864
-1.276
-1.276
-0.196
1.079
1.079
2.493
3.434
4.71
5.789
5.789
6.378
7.482
8.243
8.243
8.243
7.605
6.967
6.084
5.986
3.297
2.085
1.276
0.319
-0.942
-2.355
-2.355
-2.355
-3.12
-3.631
-3.631
-2.119
-0.908
0.54
1.178
1.178
1.178
2.649
4.043
5.348
5.888
5.888
5.888
6.182
7.703
8.341
9.283
9.42
10.794
10.794
10.794
10.794
10.696
12.07
10.696
11.383
11.245
10.696
10.696
11.716
10.696
10.696
10.696
10.696
10.696
10.696
10.156
8.91
7.482
5.986
5.986
5.986
5.986
5.986
5.986
5.986
4.587
3.091
1.904
1.472
0.196
-0.981
-0.687
0.196
1.153
1.472
1.472
1.472
1.472
0.834
0.196
0.196
0.196
-0.098
-0.392
0.196
1.217
0.197
0.515
0.491
-0.442
-0.711
-0.981
-0.981
-0.393
1.374
1.472
1.57
1.57
1.315
0.0
-0.294
-0.412
0.0
0.294
0.058
-0.589
-0.294
-0.883
-0.883
-0.883
-1.766
-1.354
-2.698
-2.379
-3.336
-2.061
-3.336
-3.14
-2.65
-2.159
-2.06
-0.648
0.614
1.57
1.644
2.61
3.926
5.495
6.378
6.378
6.378
5.201
3.925
3.36
1.668
1.668
0.712
0.392
-0.785
-0.785
-0.785
-0.785
0.157
1.668
1.668
1.668
1.668
2.478
3.925
3.925
3.631
2.748
3.454
3.042
4.023
4.023
4.342
5.887
6.476
6.476
6.476
6.476
6.476
6.476
6.476
6.476
5.299
4.023
2.894
1.766
0.809
-0.687
-0.903
-1.766
-2.453
-3.14
-3.14
-3.14
-3.14
-3.14
-3.14
-2.183
-1.864
-0.589
0.589
1.227
1.864
2.747
4.121
5.632
6.575
6.575
7.281
7.752
10.108
11.285
10.99
10.107
10.991
10.342
10.107
11.285
11.285
11.285
11.285
11.285
11.285
11.285
11.285
11.285
11.285
10.107
11.284
10.205
10.205
9.665
9.126
7.85
7.85
7.85
7.85
7.143
6.673
6.673
6.673
6.379
4.857
3.572
2.257
1.963
0.451
-0.76
-2.208
-2.846
-2.846
-4.023
-5.456
-6.746
-7.556
-7.556
-7.556
-7.556
-7.458
-7.458
-6.869
-5.323
-3.925
-3.925
-3.631
-2.748
-2.748
-2.748
-1.472
-0.393
1.104
2.061
2.767
4.048
4.318
5.829
6.771
6.771
6.771
5.887
4.318
4.318
4.318
4.318
3.508
2.296
2.061
2.159
2.159
2.159
2.159
2.159
2.159
2.159
2.159
2.748
4.145
5.515
6.869
7.164
8.321
9.028
10.132
11.579
11.579
12.855
12.855
13.443
13.149
14.032
14.032
13.738
12.217
11.579
11.579
10.401
9.322
7.85
6.967
4.847
2.551
0.981
-1.276
-2.551
-3.14
-3.729
-4.538
-4.808
-3.729
-3.435
-2.551
-2.551
-1.594
-0.098
-0.098
0.172
1.619
2.257
2.257
2.257
2.257
2.257
2.257
2.257
2.257
2.257
2.453
2.453
2.404
2.355
2.355
2.355
2.355
2.65
3.533
4.416
4.71
4.71
4.239
2.355
2.355
2.355
2.355
2.355
1.079
1.59
2.355
2.355
2.355
2.355
2.355
2.355
2.355
2.355
2.355
2.355
0.981
0.098
0.098
0.098
1.177
0.098
0.908
0.53
0.638
-0.785
0.098
0.098
1.497
2.453
2.453
2.453
2.453
2.453
2.453
2.453
2.453
2.453
2.453
2.453
2.748
3.631
4.278
4.71
6.084
6.182
6.477
7.36
7.36
7.36
8.439
8.439
8.439
8.439
8.439
7.497
7.261
7.261
6.83
5.544
4.906
3.729
2.551
2.551
2.551
2.551
2.551
2.551
2.296
1.276
1.276
2.232
2.551
2.551
2.748
2.748
2.748
3.557
4.769
6.28
7.458
7.458
7.458
8.267
9.813
9.813
9.813
9.813
9.047
8.537
8.537
7.36
7.36
7.36
7.36
7.36
7.36
5.26
5.961
5.643
7.089
6.496
7.359
7.409
7.085
6.378
6.378
6.378
6.378
6.059
5.741
6.378
6.378
6.378
5.358
6.378
6.378
6.378
6.378
6.378
6.378
6.378
6.378
6.378
5.358
3.925
3.925
3.925
3.385
3.656
2.748
2.748
2.797
2.944
2.944
2.944
2.943
1.668
1.668
1.668
-0.025
0.275
-0.588
-0.687
-0.687
0.49
1.668
2.689
2.944
3.507
5.201
5.966
5.519
6.476
5.201
6.771
7.654
7.595
7.556
7.556
7.556
7.556
7.654
6.869
5.554
5.299
4.219
4.219
3.631
3.925
5.299
4.357
5.299
5.937
6.575
6.575
6.575
6.81
7.752
7.752
7.752
7.752
7.752
8.022
8.4
7.752
7.752
7.752
7.752
6.575
5.937
5.358
5.397
5.397
4.318
4.023
3.14
4.024
3.375
3.14
3.14
3.611
4.318
4.318
4.318
5.397
6.354
6.035
7.379
7.85
7.85
7.85
7.85
8.39
9.886
9.184
10.205
10.205
10.676
11.923
11.726
11.481
10.401
10.401
9.763
8.419
7.948
7.948
7.948
7.654
6.771
5.814
4.632
3.238
3.238
2.728
1.374
-0.981
-1.57
-1.57
-3.042
-3.925
-3.925
-4.881
-3.925
-3.925
-3.63
-2.208
-1.668
-1.668
-0.196
0.981
1.521
2.061
2.061
3.336
3.336
3.336
3.336
4.043
5.323
5.593
5.912
6.869
6.869
7.752
7.104
8.046
8.046
8.046
7.34
7.752
8.046
8.046
8.046
8.046
8.046
8.046
8.046
8.145
8.145
8.145
8.145
8.145
8.145
6.721
5.691
5.691
3.999
3.434
3.434
3.434
3.434
3.434
3.434
3.434
2.82
0.981
0.981
0.981
-0.098
-0.098
-0.098
-0.098
-0.863
-1.374
-1.374
-1.374
-1.349
-1.864
-2.453
-3.533
-4.808
-4.808
-4.808
-5.397
-5.986
-5.986
-5.044
-5.692
-4.171
-4.489
-3.787
-2.453
-3.317
-2.159
-1.276
-0.319
1.079
2.257
3.533
3.533
3.533
4.416
5.789
5.789
5.789
5.888
6.943
6.241
5.986
6.305
6.751
5.986
5.986
5.986
5.986
6.575
7.801
8.071
8.341
8.34
5.618
4.219
3.631
2.61
1.276
-0.221
-1.178
-1.178
-1.178
-1.178
-2.12
-1.472
-1.766
-1.178
-1.079
-1.079
-0.76
0.196
1.079
1.374
1.374
2.772
3.729
3.729
3.729
3.729
3.729
3.729
4.906
6.084
7.36
8.439
8.439
8.439
8.439
8.439
8.439
8.169
7.36
6.673
5.986
5.985
4.906
4.661
3.925
3.925
3.925
3.925
3.925
3.925
3.925
3.925
3.925
3.827
3.827
3.827
3.827
3.827
3.571
2.551
2.551
1.742
1.472
1.472
-0.024
-0.981
-0.981
-0.981
-2.159
-3.238
-3.238
-4.004
-5.323
-5.593
-5.593
-5.299
-3.778
-3.14
-1.963
-1.963
-1.963
-1.963
-2.846
-1.335
-3.14
-1.693
-1.315
-1.423
-1.693
-0.883
-1.693
-1.472
-1.354
-1.766
-0.884
-0.883
-0.883
-0.883
-0.883
-0.883
-0.883
-1.963
-3.042
-4.318
-5.421
-5.495
-5.495
-5.495
-5.495
-5.495
-4.906
-4.318
-4.318
-3.042
-3.999
-3.042
-3.042
-3.042
-3.042
-3.042
-3.042
-3.042
-3.042
-4.318
-4.318
-4.318
-5.201
-5.495
-5.495
-5.397
-5.299
-5.299
-5.299
-5.299
-5.299
-5.299
-5.299
-5.299
-5.299
-5.348
-5.397
-6.477
-7.752
-7.752
-7.752
-7.752
-7.752
-7.433
-6.476
-5.937
-5.397
-5.397
-4.219
-3.582
-2.944
-2.002
-0.687
-0.638
-0.491
-0.491
-0.491
-0.491
0.785
0.785
-0.172
-0.491
-0.515
-0.589
-0.589
-0.589
-0.589
-0.589
-0.589
-0.589
-0.589
-0.589
-0.589
-0.589
-1.398
-0.589
-2.846
-2.846
-2.846
-2.846
-2.846
-2.846
-2.806
-3.385
-4.023
-4.023
-4.023
-4.563
-5.103
-5.103
-4.023
-3.513
-2.748
-0.981
-0.393
-1.57
-2.159
-2.748
-4.023
-4.023
-4.023
-4.023
-4.023
-4.023
-4.023
-4.023
-4.906
-5.201
-4.906
-4.612
-4.17
-5.004
-3.925
-4.195
-5.004
-5.004
-5.004
-5.004
-4.465
-4.734
-5.004
-5.004
-5.299
-6.182
-6.182
-6.182
-7.458
-7.458
-7.458
-8.635
-7.458
-7.458
-7.458
-7.458
-6.182
-6.844
-5.004
-5.004
-4.906
-4.906
-4.906
-4.906
-3.964
-3.729
-4.023
-4.906
-4.906
-4.906
-4.906
-4.906
-4.906
-4.906
-4.906
-4.906
-4.906
-4.906
-4.906
-4.906
-4.906
-4.906
-4.906
-4.906
-4.906
-3.729
-2.551
-2.551
-2.502
-1.815
-1.276
-1.276
-2.674
-3.631
-3.631
-3.631
-3.631
-4.808
-4.808
-4.808
-4.808
-4.808
-4.808
-5.374
-6.318
-7.261
-6.305
-7.261
-7.261
-5.986
-7.006
-6.304
-6.623
-5.986
-5.986
-5.986
-5.475
-4.71
-4.71
-4.71
-5.789
-5.829
-5.888
-5.005
-4.71
-4.71
-4.71
-4.71
-3.827
-3.533
-2.257
-2.257
-2.257
-2.257
0.0
0.0
0.0
0.0
0.0
0.0
0.0
0.0
0.0
0.0
-0.472
-2.625
-4.023
-4.612
-4.612
-4.882
-5.691
-6.329
-6.011
-7.065
-7.065
-7.065
-6.241
-5.765
-5.789
-4.612
-4.612
-4.612
-4.612
-4.612
-4.318
-3.434
-3.434
-2.159
-2.159
-2.478
-3.434
-2.478
-2.159
-2.139
-2.061
-2.698
-4.219
-4.514
-4.514
-4.514
-4.514
-4.514
-4.514
-4.514
-4.514
-4.514
-4.514
-4.514
-4.219
-3.336
-3.336
-4.278
-4.514
-4.22
-3.336
-3.336
-3.336
-4.514
-4.514
-4.514
-4.514
-4.514
-4.416
-4.416
-4.416
-4.416
-4.416
-4.416
-4.685
-5.495
-5.495
-5.495
-5.495
-5.75
-6.771
-6.133
-6.26
-6.771
-6.771
-9.126
-9.126
-9.126
-9.126
-9.126
-10.401
-9.126
-9.636
-9.764
-9.126
-9.126
-10.401
-10.352
-10.794
-10.676
-11.088
-11.383
-11.383
-11.383
-11.383
-12.089
-11.677
-11.383
-11.167
-9.985
-9.028
-9.028
-9.028
-7.85
-7.556
-6.673
-6.673
-6.673
-6.673
-6.673
-5.127
-4.318
-4.318
-5.127
-5.397
-5.672
-6.722
-6.575
-6.575
-6.575
-6.575
-6.575
-6.575
-6.575
-7.458
-6.81
-6.575
-6.575
-6.575
-5.937
-5.299
-5.299
-6.574
-6.255
-5.937
-7.281
-8.635
-8.93
-8.93
-8.93
-9.567
-10.205
-11.015
-11.285
-10.421
-11.015
-10.107
-10.009
-10.009
-8.733
-8.733
-8.302
-7.065
-4.636
-4.023
-4.023
-4.023
-3.483
-2.179
-1.668
-1.668
-1.432
-0.221
0.589
0.589
0.589
0.589
0.589
1.864
1.864
1.864
1.864
1.864
0.589
0.319
-0.923
-2.747
-5.765
-7.556
-8.635
-8.954
-9.911
-10.5
-11.088
-11.088
-11.088
-12.266
-12.266
-11.677
-11.088
-12.03
-11.088
-10.853
-9.592
-9.273
-9.145
-8.635
-8.635
-8.635
-8.635
-8.635
-8.635
-8.635
-8.733
-7.555
-5.961
-4.416
-3.827
-3.018
-1.472
-0.295
-0.294
0.176
0.883
1.84
2.159
2.159
3.532
4.416
5.053
