0.0024004119653500433
0.004224684270367557
0.004792666200996263
0.003981991811678809
0.0037229838935824155
0.0021944292903285016
2.2739671549407798E-4
-3.997287554873479E-4
-9.07547429550356E-5
-8.586010513274155E-4
-0.0020781816420490174
-0.003999326987299434
-0.005447324009728092
-0.0051097979432323986
-0.0025523496810837543
-5.271932821095889E-4
-2.569684856704379E-4
6.934070248249913E-5
0.0019445988181489092
0.004462278147991414
0.004247118027053071
0.004018701595346015
0.003478252002467713
0.0022270602091437955
0.002016998669270342
0.0021383448986147155
-3.97689323061392E-4
-0.0012664875365185869
-0.0025482708162318426
-0.004196132216404175
-0.003837192109435944
-0.004046233933096419
-0.003222303233010253
-0.0022056461686712583
-2.8348110720786404E-4
6.312043358333376E-4
6.607761060096975E-4
4.2318222838584016E-4
7.423534030479317E-4
-9.687304023290318E-5
3.599598231812086E-4
0.0017386161431273677
0.0018089765618228447
0.0017569710349609703
1.1624764827948382E-4
-2.4677132354065863E-4
-9.65671253690098E-4
-5.608439171378605E-5
0.0020353535611039447
0.001833449750934315
0.0010839583343955376
-4.4051740400646497E-4
7.749843218632255E-5
-2.957177017635992E-5
-7.321562409181524E-4
-8.38206727067857E-4
-9.004094160595106E-4
-0.0021893307092636116
-0.004371523405036378
-0.004799804214487108
-0.004081924000550647
-0.0026757353428540835
-0.0017008866432471842
-0.0010237950778298399
1.84568634549005E-4
0.0012287580366384036
0.0023422881412103014
0.002089398520391775
0.0022372573712735743
0.0034456210836524195
0.004850790025136004
0.004092121162680426
7.790631867151371E-4
-7.046239031677483E-4
-0.0026961296671136423
-0.002827673058587795
-0.002816456180245038
-0.005270913104882911
-0.0056033405903137155
-0.003363024070401207
-0.0012287580366384036
0.0017804245078594627
0.0018579229400457853
2.508501883925703E-4
-1.6825317514135817E-4
-7.464322678998435E-4
-6.077508629348452E-4
-8.188321190212764E-4
-5.241341334706551E-4
0.001293000158056013
0.003475192853828779
0.003997287554873478
0.004659083377096154
0.003408911299985214
0.00210163511494751
0.0013399071038529978
-3.793344312277893E-4
-5.200552686187434E-4
-0.001009519050848149
-6.046917142959113E-4
-7.851814839930048E-4
-0.0024728118164714756
-0.002654321302381547
-0.0013297099417232184
6.220268899165362E-5
-2.9775713418955503E-4
-0.0013908929145018943
-0.0019191059128244607
-0.0024983047217959245
-0.0022505136820422872
-0.0017702273457296832
-0.0025380736541020634
-0.001221620023147558
-1.050307699367266E-4
-5.496270387951033E-4
-8.157729703823426E-4
5.006806605721627E-4
0.002059826750215415
0.0036516037586739607
0.005221966726659971
0.005347391820856255
0.004672339687864867
0.0035710461778487045
0.0018701595346015203
0.001547929211300495
2.875599720597757E-4
-0.0016947683459693165
-0.00320394834117665
-0.002423865438248535
-5.55745336072971E-4
-9.65671253690098E-4
-0.002519718762268461
-0.0024891272758791228
-0.002530935640611218
-0.0014745096439660842
7.566294300296227E-4
-1.692728913543361E-4
2.967374179765771E-4
0.0029602361662749255
0.0029367826933764333
0.003731141623286239
0.0037301219070732614
5.190355524057655E-4
9.687304023290318E-5
-5.608439171378606E-4
-0.002000683209862695
-6.628155384356534E-4
0.001601974170588325
0.002570704572917357
0.004921150443831481
0.0030254980039055132
-0.0023575838844049697
-0.003608775677728888
-0.004237940581136269
-0.005078186740630083
-0.004242019445988182
-0.004249157459479027
-0.004352148796989797
-0.0017926611024151977
0.0024636343705546743
0.00590619630556816
0.006142770466979039
0.004822237971172622
0.002212784182162104
-9.330403348748043E-4
-0.003181514584491136
-0.003447660516078375
-0.0016804923189876256
1.590757292245568E-4
-5.302524307485227E-5
-0.0010482682669413102
-2.0394324259558565E-6
0.001703945791886118
0.0028654025584679784
0.0018201934401656018
-3.9564989063543615E-4
-0.0029918473688772414
-0.0026074143565845624
-0.0015948361570974799
5.39429876665324E-4
0.0027104056940953332
0.00468559599863358
0.0035159815023478964
0.0022199221956529496
0.0018701595346015203
-1.876277831879388E-4
-0.001477568792605018
-0.0033079593949003993
-0.0026930705184747086
-0.002282124884644603
-0.0037107472990266805
-0.00550748726629379
-0.004331754472730239
-0.0023677810465347494
3.681175528850321E-4
0.0033997338540684126
0.004689674863485492
0.003978932663039876
0.0013766168875202032
-0.002200547587606369
-0.004024819892623883
-0.003962617203632229
-0.006404837533714367
-0.006159085926386686
-0.001366419725390424
0.002455476640850851
0.0020404521421688343
2.426924586887469E-4
8.586010513274155E-4
-1.4581941845584373E-4
-1.9374608046580637E-4
0.003077503530767387
0.005706331927824486
0.006899399897008662
0.006999332085880499
0.004661122809522109
0.004522441404557111
0.004461258431778436
0.0030326360173963587
-1.9374608046580637E-5
-0.0036495643262480053
-0.0040390959196055735
-0.0034456210836524195
-0.0019496973992137985
-0.002866422274680956
-0.0033722015163180083
-0.0033049002462614656
-9.881050103756125E-4
0.0017732864943686172
0.0012297777528513813
0.002270908006301846
0.0029469798555062125
0.0021097928446513333
7.127816328715718E-4
0.002286203749496515
0.0018976918723519244
-0.0028521462476992655
-0.006838216924229987
-0.006714831262459657
-0.003714826163878592
-0.002181172979559788
-0.002308637506182029
-0.0017906216699892419
8.973502674205767E-5
0.0016784528865616698
0.003946301744224582
0.002789943558707612
0.0014785885088179958
0.001462273049410349
0.002484028694814233
0.0023320909790805217
0.0015571066572172964
8.555419026884817E-4
2.1821926957727662E-4
0.0023820570735164403
0.003920808838900134
0.003705648717961791
0.0010717217398398026
-7.199196463624172E-4
-0.0036597614883777845
-0.006664865168023738
-0.00940076376744352
-0.009864734644348477
-0.007957865326079751
-0.006202933723544737
-0.005910275170420072
-0.0035119026374959847
3.569006745422749E-5
0.0020588070340024373
0.0032885847868538184
0.006650589141042048
0.008483019175763386
0.005184237226779786
0.0031764160034262467
0.0020853196555398633
0.0017070049405250518
0.0018538440751938736
0.0029418812744413225
-2.2739671549407798E-4
-0.001205304563739911
9.197840241060912E-4
0.0013235916444453509
-0.0010166570643389944
-0.003987090392743699
-0.005526861874340371
-0.008713475039896397
-0.011037408289273095
-0.012679151392167558
-0.008025166596136295
2.457516073276807E-4
0.007901780934365965
0.013634625483727878
0.01598609107085498
0.019569373843259418
0.021952450632988837
0.01820805269893389
0.008896004242019445
2.732839450780848E-4
-0.002793002707346545
-0.002082260506900929
-0.003441542218800508
-0.009561878929094034
-0.017218927972345296
-0.02102450887917892
-0.019339937695339388
-0.014111852671401548
-0.008124079068795153
-0.00257886230262118
3.12033161171246E-4
0.003704629001748813
0.008164867717314271
0.009628160482937598
0.006876966140323147
0.0047253649309397195
0.003332432584011869
0.004401095175212738
0.010014632927656232
0.012600633243768257
0.015023478965803817
0.01860064344093039
0.019995615220284195
0.01749833021470125
0.010025849805998991
-6.617958222226754E-4
-0.011889891043322644
-0.018495612670993665
-0.019932392815079563
-0.018462981752178368
-0.016044214894994722
-0.016662162920059346
-0.01822538787455451
-0.021560879607205312
-0.022776381333075003
-0.017992892577995544
-0.00984943890115381
-0.004134949243625499
0.0012613889554536973
0.007208373909540974
0.010379691331902332
0.012736255500094324
0.014183232806310004
0.019247143519958394
0.02920569205590084
0.037214543192629485
0.03849020817506488
0.030679181983653946
0.013801858942656259
-9.299811862358706E-4
-0.0064548036281502855
-0.004072746554633845
-0.002197488438967435
-0.0012430340636200945
-0.002197488438967435
-0.005520743577062503
-0.014314776197784157
-0.026520779267129955
-0.040074847170032575
-0.045813810016672354
-0.042245822987462586
-0.024990185231450086
0.00952414942921385
0.02574069636420184
0.029880744188892232
0.027712827520101155
0.017555434322628013
0.0058001458194184554
-0.004625432742067882
-0.00957819438850168
-0.007231827382439466
0.0013643802929644681
0.0078049078941330625
0.008179143744295963
0.002843988517995442
-0.0027532337750404063
-0.006491513411817491
-0.005488112658247209
-5.730805116935957E-4
0.004427607796750164
0.008070034109507324
0.003873901893103149
-0.006471119087557932
-0.01661219682562343
-0.01815706688828499
-0.007572412597574095
0.00919885995727389
0.025606093824088755
0.030779114172525785
0.026897054549718812
0.008838900134092682
-0.01200002039432426
-0.023076177899690513
-0.027914731330270785
-0.02655748905079716
-0.02503199359618218
-0.01957345270811133
-0.013594856551421739
-0.00880932836391632
-0.008491176905467208
-0.007246103409421158
-0.006008167926865953
-0.004787567619931373
-0.0014225041171042098
0.005487092942034232
0.015664880463766934
0.025994605701233346
0.0329500899899558
0.028278770018303905
0.016263453880784977
0.0053066031723371385
8.66758781031239E-4
0.006771935370386421
0.016717227595560154
0.02498406693417222
0.02879678585449669
0.02560915297272769
0.014393294346183456
-0.0023188346683118088
-0.014922527060719002
-0.023857280518831608
-0.027834173749445527
-0.027489509669458987
-0.02523797627120372
-0.021899425389913987
-0.01699051154063824
-0.010573437412368138
-0.0029479995717191904
0.00402583960883686
0.008863373323204152
0.009876971238904212
0.007007489815584323
8.94291118781643E-4
-0.008629858310432205
-0.01781852110557632
-0.021706699025661157
-0.018690378467672446
-0.011161813667256403
0.001547929211300495
0.015423207721291163
0.027397735210290975
0.03387701202755273
0.03112581768493828
0.01979575084254052
0.0033334523002248474
-0.009053040538818048
-0.014610493899547754
-0.015418109140226274
-0.01416079904962449
-0.01495821712817323
-0.017229125134475075
-0.014244415779088679
-0.0036964712720449896
0.010446992601958874
0.02249799880693203
0.024701605543177334
0.016759035960292247
0.006908577342925464
-0.0012124425772307567
-0.00788036689389343
-0.013022795755941122
-0.014029255658150335
-0.0072134724906058635
0.006357930587917383
0.016299143948239204
0.014585000994223309
0.008906201404149225
0.008355554649141145
0.01200002039432426
0.011661474611615586
0.008162828284888317
0.003941203163159693
-0.006943247694166713
-0.021894326808849097
-0.03392187954092376
-0.033350838461656124
-0.02242967782066251
-0.009382408875609918
-0.002299460060265228
-0.00257886230262118
-0.007639713867630638
-0.01187663473255393
-0.010066638454518106
-0.0020802210744749737
0.008365751811270923
0.01558228345051572
0.017809343659659516
0.010589752871775784
-0.0015183574411241352
-0.014665558575048563
-0.019863052112597063
-0.01731070243151331
-0.011361678045000075
0.0015418109140226273
0.01922063089842097
0.033004134949243626
0.03702079711216368
0.03322031478639495
0.023903167748415614
0.012114228610177788
0.0015010222655035103
-0.006016325656569777
-0.01142388073399173
-0.011731835030311064
-0.0062722744260272365
-0.0015244757384020027
0.001617269913782994
0.004295044689063034
0.005818500711252059
0.007841617677800268
0.005813402130187168
0.0014459575900027022
-0.0027868844100686777
-0.005116935956723244
-0.007992535677321002
-0.01334808522788108
-0.017307643282874374
-0.019265498411792
-0.01838344388756609
-0.01791539414580922
-0.015623072099034838
-0.00892863516083474
-3.354866340697384E-4
0.012479287014423884
0.022529610009534348
0.026349466943349664
0.025823293377453056
0.020302549800390552
0.014672696588539409
0.006074449480709518
-0.0012522115095368958
-0.0025237976271203725
0.0029316841123115437
0.0068973604645827065
0.008200557784768499
0.008319864581686917
0.007327680706459392
0.006954464572509471
0.005512585847358679
7.902800650578944E-4
-0.008337199757307541
-0.019193098560670564
-0.031978300438987826
-0.04225092156852747
-0.04900960062814518
-0.04810919121208568
-0.03383928252767255
-9.707698347549876E-4
0.022193103659251628
0.027491549101884945
0.026968434684627268
0.021390586999638
0.020777737555638266
0.025241035419842656
0.0312818342655239
0.03576042787292297
0.03432568716126302
0.027895356722224207
0.023099631372589007
0.020644154731738158
0.019932392815079563
0.01820091468544304
0.013521436984087329
0.0033089791111133773
-0.012721979473112634
-0.02745381960200476
-0.03920808838900134
-0.04632366812316132
-0.05006092804372543
-0.05407453105800656
-0.057205059831848794
-0.05546746340493441
-0.035570760657309075
0.0013704985902423356
0.04042562954729698
0.05796066954566544
0.061622470466469174
0.05633422218596564
0.04736479837661178
0.028444983761019307
-0.0012868818607781453
-0.014755293601790622
-0.013674394416034017
-7.209393625753952E-4
0.01466657829126154
0.023612548627716903
0.02708366261669377
0.0045428357288166705
-0.038956218484395795
-0.06133593021062238
-0.06331621909622552
-0.04770844274038535
-0.030083667715274837
-0.026485089199675727
-0.035616647886893074
-0.04663570128433257
-0.051197911621195816
-0.046169690975001655
-0.037052408314766
-0.02179847348482917
-0.0075907674894076975
0.017193435067020847
0.04348069932137886
0.0473413449037133
0.042758740242590486
0.03521589941519275
0.03565029852192134
0.03736750062457618
0.0388032610524491
0.038342349324183074
0.04158708631387885
0.05000586336822462
0.05817277051796485
0.05964524072950497
0.05183625397052
0.03165403068326085
0.003928966568603957
-0.023188346683118085
-0.04710273130987646
-0.06092294514436632
-0.06593383061493986
-0.06155007061534774
-0.047786960888784646
-0.029298486231281833
-0.01754115829564632
-0.012227417109818338
-0.010206339575696083
-0.007236925963504357
-0.0010166570643389944
0.0068779858565361255
0.010726394844314827
0.00613767188591415
-0.003139706219759041
-0.012749511810863036
-0.01940723896539593
-0.02245415100977398
-0.020201597895305734
-0.013287921971315383
-0.005607419455165627
0.002325972681802654
0.014762431615281468
0.02327604227743419
0.022349120239837254
0.016298124232026225
0.009597568996548261
0.007803888177920084
0.0092631020786915
0.01606053035440237
0.021059179230420173
0.022016692754406448
0.021608806269215276
0.01960812305935258
0.018685279886607557
0.017124094364538347
0.011597232490197977
-0.006011227075504886
-0.03575227014321914
-0.06776014235238333
-0.08492604508165377
-0.09064359388782102
-0.0790575782759658
-0.05192598899726206
-0.021315127999877632
0.007491855016748839
0.020265840016723345
0.034306312553216436
0.062314857775081195
0.08828906915205498
0.09493863857688405
0.09299505947494813
0.06792023779782086
0.032386186924179
0.020266859732936324
0.016332794583267477
0.01373659710502567
0.005278051118373757
-0.005828697873381838
-0.018090785334441424
-0.0270500119816655
-0.034173749445529304
-0.03860747553955734
-0.033247847124145344
-0.018952445534407773
0.001005440185996237
0.016308321394156007
0.02592220585011191
0.02857652715249346
0.02333518581778691
0.007689679962066557
-0.010590772587988762
-0.01758092722795246
-0.014515660291740807
-0.007329720138885347
-0.0032651313139553263
-0.00673318615429326
-0.019553058383851775
-0.03593683877776814
-0.04769620614582962
-0.05290389684550789
-0.04681619105402966
-0.03436647580978214
-0.022193103659251628
-0.013364400687288726
-0.002567645424278423
0.013233877012027552
0.029227106096373377
0.038938883308775166
0.03574819127836723
0.01767576083575941
0.0011553384693039927
-0.005600281441674781
-0.00949457765903749
-0.009512932550871094
-0.005444264861089159
6.046917142959113E-4
0.0053626875640509246
0.008995936430891282
0.012593495230277413
0.01845380430626157
0.02749970683158877
0.03500685759153227
0.04269959670223777
0.04732400972809267
0.04370809603687294
0.030986116563760303
0.017020083310814598
0.00869206099942386
0.0029123095042649628
1.7437147241922574E-4
6.261057547684479E-4
-0.001362340860538512
-0.008437131946179377
-0.01742287121494088
-0.029003788245731212
-0.03915710257835244
-0.04851095939999898
-0.05303238108834311
-0.05214420826683934
-0.03890421295753392
-0.014984729749710655
0.0011532990368780369
0.0077223108808818506
0.00825460274405633
0.005782810643797831
-0.0012685269689445427
-0.009379349726970984
-0.01440145207588728
-0.006035700264616356
0.01074984831721332
0.02318630725069213
0.025698887999469747
0.021114243905920982
0.01524271795159407
0.00852992612156037
0.0027491549101884946
2.3351501277194556E-4
0.0023769584924515507
0.005909255454207094
0.010522451601719243
0.012392611136320762
0.009697501185420097
0.0014653321980492829
-0.005181178078140854
-0.004599939836743434
8.687982134571948E-4
0.0042144871082377775
0.003068326084850586
-0.0025105413163516595
-0.011383092085472613
-0.02078589528534209
-0.029096582421112203
-0.03492833944313298
-0.0359388782101941
-0.028853889962423454
-0.013042170363987702
0.009101986917040988
0.024381414652302265
0.03496912809165209
0.038874641187357555
0.031158448603753577
0.013637684632366812
-0.0026533015861685692
-0.009935095063043955
-0.01066623158774913
-0.008488117756828274
-0.00402583960883686
-0.0032916439354927526
-0.005277031402160778
-0.0066516088572550255
-0.00515364574039045
0.0016784528865616698
0.010087032778777665
0.017410634620385147
0.01810302192899716
0.013957875523241882
0.007374587652256377
-3.8035414744076723E-4
-0.008512590945939745
-0.015541494801996604
-0.02125394502709896
-0.02248780164480225
-0.016948703175906143
-0.007833459948096444
0.0014561547521324814
0.006317141939398266
0.006682200343644363
0.005682878454925994
0.004496948499232664
0.00181611457531369
-0.0017712470619426614
-0.004613196147512147
-0.006911636491564397
-0.008144473393054713
-0.005937807508170476
9.636318212641421E-4
0.0033089791111133773
0.0036730177991464974
0.004672339687864867
0.0037994626095557604
0.002824613909948861
0.003752555663758776
0.005628833495638163
0.006778053667664289
0.0033742409487439646
-0.0028174758964580157
-0.003823935798667231
8.94291118781643E-4
0.009324285051470175
0.016096220421856596
0.02223695145640968
0.023558503668429077
0.019818184599226032
0.008512590945939745
-0.008765480566758271
-0.02159656967465954
-0.025340967608714494
-0.0192746758577088
-0.005695115049481729
0.011513615760733788
0.023651297843810065
0.03013057466107182
0.02374511173540404
0.0041828759056354615
-0.01616352169191314
-0.028742740895208865
-0.033022489841077224
-0.028272651721026037
-0.015564948274895095
-0.005300484875059271
-0.0012685269689445427
-8.484038891976363E-4
-0.004618294728577037
-0.004610136998873213
-9.24882605170981E-4
0.002592118613389893
0.007291990639005165
0.010649916128341482
0.009772960185180464
0.002556428545935666
-0.004645827066327441
-0.008703277877766617
-0.008738967945220845
-0.007158407815105056
-0.00420327022989502
-2.641064991612834E-4
0.0030326360173963587
0.003847389271565723
0.005013944619212473
0.008983699836335547
0.011612528233392646
0.01382531241555475
0.015815798463287668
0.017660465092564737
0.01650818577189968
0.014110832955188569
0.014219942589977209
0.015220284194908557
0.013682552145737839
0.0076172801109451235
6.67914119500543E-4
-0.0051291725512789795
-0.008566635905227575
-0.009782137631097265
-0.0115176946255857
-0.014034354239215226
-0.017323958742282024
-0.020833821947352053
-0.025939541025732538
-0.03032024187668572
-0.031184961225291002
-0.027708748655249242
-0.018011247469829145
-0.006539440073827454
0.0032702298950202154
0.011052704032467765
0.016267532745636887
0.017454482417543198
0.015466035802236237
0.013775346321118832
0.013070722417951083
0.01083346504667751
0.005700213630546618
-0.0013643802929644681
-0.0059551426837911
-0.008449368540735113
-0.008204636649620409
-0.006595524465541239
-0.002558467978361622
-0.0010258345102557957
-0.0010074796184221932
8.300489973640335E-4
0.0020832802231139074
0.004480633039825017
0.005229104740150816
0.008609463986172648
0.010205319859483105
0.012229456542244293
0.014653321980492828
0.014230139752106989
0.013659098672839348
0.009885128968608037
0.0014143463874003864
-0.007018706693927079
-0.01394359949626019
-0.01940825868160891
-0.021593510526020605
-0.018707713643293072
-0.01291572555357844
-0.007411297435923582
-0.0014836870898828857
0.005199532969974456
0.00965161395583609
0.011375954071981768
0.010082953913925753
0.007039101018186638
0.0033813789622348096
-0.0015560869410043184
-0.005979615872902571
-0.009352837105433559
-0.011121025018737286
-0.011048625167615853
-0.007707015137687181
-0.004983353132823135
-0.0034129901648371256
-0.0017906216699892419
0.0014571744683454595
0.0033660832190401412
0.007565274584083249
0.01287085804020741
0.017204651945363605
0.02094395129835367
0.02106121866284613
0.02085319655539863
0.016156383678422294
0.008518709243217612
-0.0036261108533495127
-0.015955499584465644
-0.025300178960195378
-0.03174478542621588
-0.03211494241152687
-0.02639025559186878
-0.01683245552762666
-0.00513325141613089
0.007196137314985239
0.01719649421565978
0.02611085334951283
0.031022826347427507
0.032135336735786425
0.0267542942799019
0.01644190421805611
0.007909938664069789
0.002442220330082138
-0.0013898731982889161
-0.006748481897487929
-0.01078349895224159
-0.01242830120377499
-0.010003416049313476
-0.004575466647631964
-5.567650522859489E-4
8.545221864755038E-4
4.3847797158050913E-4
-3.191711746620915E-4
-0.0015020419817164882
-0.002668597329363238
-0.0016325656569776631
4.3643853915455324E-4
0.0020608464664283927
0.002882737734088603
0.002197488438967435
0.0020730830609841278
-4.333793905156195E-4
-0.0026155720862883858
-0.00357818419133955
-0.003747457082693886
-0.0024279443031004467
2.804219585689303E-4
0.0028205350450969495
5.69001646841684E-4
-0.0022627502765980227
-0.002884777166514559
-0.0031203316117124603
-0.0029867487878123514
-0.005083285321694973
-0.006172342237155399
-0.0047396409579214096
-0.0024085696950538666
-0.0015132588600592454
-0.0031743765710002905
-0.006745422748848995
-0.009300831578571684
-0.01137493435576879
-0.014781806223328047
-0.017044556499926068
-0.018593505427439545
-0.018891262561629096
-0.016514304069177546
-0.011225036072461033
-0.004144126689542301
0.0035690067454227487
0.008602325972681802
0.01277704414861344
0.014894994722968596
0.015601658058562302
0.016608117960771517
0.01563122982873866
0.015770930949916637
0.017184257621104048
0.0171587647157796
0.014945980533617493
0.011450393355529154
0.006693417221987121
0.0011665553476467498
5.241341334706551E-4
0.002171995533642987
0.002769549234448053
0.002901092625922206
0.0023076177899690516
4.6397087690495736E-4
-0.002951058720358124
-0.0037892654474259812
-0.002883757450301581
-6.842295789081899E-4
0.002313736087246919
0.004817139390107733
0.005474856347478497
0.004566289201715162
1.3868140496499826E-4
-0.006080567777987386
-0.011903147354091356
-0.015458897788745391
-0.015526199058801936
-0.013551008754263688
-0.008664528661673455
-0.003736240204351129
-6.791309978433002E-4
-8.891925377167534E-4
-0.0025237976271203725
-0.0053188397668928735
-0.008832781836814815
-0.011331086558610738
-0.011922521962137937
-0.011857260124507349
-0.013222660133684795
-0.014795062534096761
-0.014759372466642533
-0.01329404026859325
-0.009044882809114222
-0.003167238557509445
0.0019547959802786886
0.007005450383158367
0.01087731284383556
0.01482973288533801
0.017577868079313524
0.02144973053999072
0.025159458122804422
0.025992566268807388
0.023765506059663596
0.01960302447828769
0.011818510908414188
0.002933723544737499
-0.004703950890467184
-0.010557121952960491
-0.012314092987921462
-0.010914022627502766
-0.006519045749567895
-0.003255953868038525
-3.3752606649569425E-4
0.0018538440751938736
0.0036077559615159097
0.005730805116935957
0.0072399851121432894
0.009318166754192309
0.011061881478384565
0.011406545558371105
0.011500359449965076
0.011051684316254785
0.01094665354631806
0.008394303865234305
0.004888519525016188
5.435087415172358E-4
-0.0026155720862883858
-0.004373562837462334
-0.005134271132343869
-0.008758342553267425
-0.013938500915195301
-0.018351832684963775
-0.02147114458046326
-0.0204157383000311
-0.020261761151871435
-0.015490508991347709
-0.011983704934916612
-0.008631897742858162
-0.00781612477247582
-0.008738967945220845
-0.010220615602677775
-0.012467050419868151
-0.011837885516460768
-0.009880030387543147
-0.002599256626880739
0.004840592863006225
0.013298119133445162
0.019599965329648757
0.021718935620216893
0.02166591037714204
0.019135994452743797
0.016749858514375448
0.014311717049145222
0.00905609968745698
0.0036373277316922702
-0.0011910285367582201
-0.004364385391545533
-0.00475493670111608
-0.004437804958879944
-0.0027919829911335673
-8.616601999663493E-4
9.972824562924137E-4
0.001734537278275456
0.0020098606557794967
0.0012970790229079247
3.191711746620915E-4
-6.097902953608011E-4
-6.821901464822341E-4
7.484717003257993E-4
0.002134266033762804
0.006563913262938924
0.010178807237945679
0.012052025921186134
0.011546246679549082
0.0077121137187520705
0.002812377315393126
-7.637674435204682E-4
-0.0036852543937022325
-0.005640050373980921
-0.004892598389868099
-0.005718568522380221
-0.006151947912895841
-0.007401100273793803
-0.009000015295743196
-0.010979284465133353
-0.01085283965472409
-0.009634278780215466
-0.008424895351623643
-0.0057736331978810295
-0.004247118027053071
-6.97485889676903E-4
0.0011410624423223016
0.00201291980441843
0.003492528029449404
0.004224684270367557
0.004411292337342517
0.004083963432976602
0.003608775677728888
0.0018405877644251604
-1.1012935100161624E-4
-0.0011910285367582201
-0.002584980599899048
-0.002557448262148644
-7.576491462426006E-4
0.0010319528075336632
0.001931342507380196
0.0037087078666007247
0.0043705036888234
0.0028480673828473538
0.0012889212932041014
-0.0010768203209046922
-0.0028888560313664706
-0.003615913691219733
-0.003038754314674226
-0.0013429662524919314
-3.4568379619951767E-4
-7.23998511214329E-4
8.08634956891497E-4
9.677106861160538E-4
6.2508603855547E-4
0.0010207359291909061
0.001021755645403884
0.0019293030749542401
0.0022240010605048613
0.0026033354917326507
0.0017590104673869263
7.270576598532628E-4
8.300489973640335E-4
0.003197830043898783
0.0040564310952261986
0.0032569735842515025
0.0016611177109410451
-0.0019670325748344236
-0.003759693677249621
-0.006500690857734292
-0.005835835886872683
-0.005244400483345485
-0.0054401859962372465
-0.006039779129468269
-0.006112178980589702
-0.004188994202913329
-0.0026859325049838627
8.290292811510556E-4
0.001788582237563286
0.0016274670759127735
0.0013378676714270417
5.118975389149199E-4
-0.00266757761315026
-0.0043705036888234
-0.00417879704078355
-0.0016988472108212284
1.3970112117797618E-4
0.0017019063594601621
0.002770568950661031
0.002622710099779231
0.0014153661036133643
-7.515308489647331E-4
-0.0018507849265549396
-0.0023239332493766984
-0.0017641090484518157
-7.290970922792186E-4
0.0013450056849178872
0.0028613236936160667
0.006294708182712751
0.009091789754911208
0.01114753764027471
0.010476564372135233
0.007377646800895311
0.0036648600694426737
0.00219035042547659
0.002295381195413316
0.0033874972595126776
0.00451326395864031
0.002737938031845737
-0.0010870174830344716
-0.004799804214487108
-0.00733379900373726
-0.00988716840103399
-0.009735230685300281
-0.006900419613221641
-0.0043093207160447245
-0.0011594173341559044
0.0011624764827948381
0.002296400911626294
0.0036842346774892546
0.003093818990175034
0.0022811051684316253
0.0016233882110608618
8.932714025686651E-4
-3.191711746620915E-4
-0.0011359638612574122
-0.0010900766316734051
-7.729448894372696E-4
-6.67914119500543E-4
-3.8953159335756857E-4
2.3861359383683522E-4
1.9680522910474015E-4
3.609795393941866E-4
8.218912676602101E-4
9.044882809114223E-4
0.0021179505743551567
0.003380359246021832
0.003991169257595611
0.005169961199798096
0.004552013174733472
0.004256295472969873
0.0028766194368107356
0.0016835514676265596
0.0013613211443255341
7.586688624555786E-4
7.719251732242917E-4
-6.52618376305874E-5
-1.4581941845584373E-4
0.0011828708070543965
0.0014449378737897243
0.001291980441843035
0.002228079925356773
0.0029327038285245216
0.0036852543937022325
0.0045448751612426255
0.004117614068004875
0.001974170588325269
7.392942544089979E-4
-4.7008917418282493E-4
-0.0029622755987008813
-0.005575808252563311
-0.007542840827397735
-0.008893964809593488
-0.006922853369907154
-0.00638342349324183
-0.005516664712210592
-0.004697832593189315
-0.004545894877455604
-0.0036597614883777845
-0.003802521758194694
-0.00375051623133282
-0.0039197891226871555
-0.0029225066663947424
-0.004445962688583768
-0.005978596156689594
-0.007076830518066822
-0.008617621715876472
-0.008512590945939745
-0.0066006230466061295
-0.005392259334227285
-0.0022800854522186478
-6.352832006852493E-4
7.790631867151371E-4
3.079542963193343E-4
-7.963983623357619E-4
-6.638352546486313E-4
-0.0011125103883589196
2.579882018834158E-4
0.0016539796974501997
0.0027981012884114352
0.003916729974048222
0.00502516149755523
0.005413673374699821
0.005916393467697939
0.00508430503790795
0.005326997496596697
0.005490152090673166
0.005548275914812907
0.004449021837222701
0.0032406581248438557
0.00380456119062065
0.003551671569802124
0.004627472174493838
0.005693075617055773
0.006686279208496276
0.005891920278586469
0.004276689797229431
0.004843652011645159
0.0025809017350471365
0.0011594173341559044
-8.157729703823425E-5
-4.97621511933229E-4
-0.001578520697689833
-0.0025462313838058867
-0.003081582395619299
-0.004622373593428949
-0.005296406010207359
-0.005590084279545003
-0.0054452845773021365
-0.004099259176171271
-0.003223322949223231
-0.0035119026374959847
-0.0036281502857754685
-0.0030193797066276453
-0.0022076856010972146
-0.002442220330082138
-0.0017508527376831028
-0.0012399749149811607
0.0010248147940428178
0.003932025717242891
0.0041706393110797265
0.004087022581615536
0.0037392993529900627
0.003624071420923557
0.00401156358185517
0.002882737734088603
0.0021699561012170315
1.2134622934437345E-4
-0.0012858621445651674
-0.001208363712378845
-0.0021760743984948986
-0.0026777747752800393
-0.0018242723050175135
-8.66758781031239E-4
-5.129172551278979E-4
-2.3555444519790143E-4
-5.618636333508385E-4
-0.0012114228610177788
-0.0015571066572172964
-3.2019089087506944E-4
0.00122060030693458
0.002283144600857581
0.0030142811255627557
0.0036964712720449896
0.0033436494623546266
0.0026053749241586066
0.0027797463965778322
0.0022362376550605968
0.0029500390041451463
0.003022438855266579
0.0030734246659154755
0.002939841842015367
0.0011461610233871914
5.129172551278979E-4
-2.753233775040406E-4
-3.395654989216501E-4
-0.0010288936588947295
-0.0015040814141424443
-0.0017610498998128822
-0.0020679844799192386
-0.002636986126760922
-0.003111154165795659
-0.0036383474479052477
-0.004558131472011339
-0.00513325141613089
-0.004454120418287591
-0.003086680976684189
-0.0020353535611039447
4.578525796270898E-4
0.0022209419118659275
0.0020475901556596798
-4.354188229415753E-4
-0.0031988497601117606
-0.006227406912656208
-0.007272616030958584
-0.00689532103215675
-0.004893618106081078
-0.0035241392320517198
-9.993218887183696E-4
0.0013827351847980707
0.0023239332493766984
0.0032722693274461717
0.003860645582334436
0.004869144916969608
0.006409936114779256
0.007331759571311304
0.006885123870026971
0.005386141036949417
0.004255275756756894
0.004313399580896637
0.0035873616372563513
0.00360265738045102
0.003580223623765506
0.004180836473209505
0.0027756675317259206
6.454803628150286E-4
-0.002799121004624413
-0.005609458887591583
-0.005923531481188785
-0.006060173453727827
-0.003764792258314511
6.169283088516465E-4
0.002843988517995442
0.004635629904197662
0.003505784340218117
0.0011125103883589196
-3.314077692178267E-4
-0.001747793589044169
-0.0018518046427679177
-0.001293000158056013
-5.802185251844411E-4
-6.689338357135209E-4
-0.0013225719282323727
-0.0033620043541882296
-0.0033140776921782664
-0.0024350823165912925
-0.00201291980441843
-8.331081460029673E-4
-0.0016988472108212284
-0.002576822870195225
-0.005177099213288941
-0.006371186898686095
-0.006882064721388037
-0.006285530736795949
-0.005677779873861104
-0.004792666200996263
-0.002656360734807503
-0.0016662162920059345
0.001205304563739911
0.0017447344404052352
0.002700208531965554
0.003523119515838742
0.003422167610753927
0.002867441990893934
0.002488107559666145
0.0030244782876925353
0.003389536691938633
0.003746437366480908
0.003466015407911978
0.002951058720358124
0.0014459575900027022
3.589401069682307E-4
3.936104582094803E-4
-7.127816328715718E-4
-6.495592276669403E-4
-2.5594876945745997E-4
-3.569006745422749E-5
2.4371217490172482E-4
0.0019802888856031366
0.004988451713888025
0.005681858738713016
0.006157046493960731
0.0062600378314715014
0.0055329801716182386
0.003923867987539067
0.0035853222048303954
0.0032284215302881207
0.0026930705184747086
8.422855919197686E-4
0.0011808313746284407
4.904834984423834E-4
-0.0015744418328379212
-1.5091799952073336E-4
-0.0016233882110608618
-0.0010900766316734051
-0.0010299133751077074
-5.618636333508385E-4
-4.721286066087808E-4
-3.2936833679187084E-4
-3.9870903927436996E-4
-0.0015316137518928481
-0.0027603717885312513
-0.004226723702793512
-0.005037398092110966
-0.004862006903478762
-0.003939163730733736
-0.004531618850473913
-0.005978596156689594
-0.006049976291598048
-0.006627135668143555
-0.006575130141281681
-0.006350792574426537
-0.006047936859172092
-0.005411633942273866
-0.0051046993621675085
-0.0033732212325309863
-0.0032019089087506948
-0.002257651695533133
-0.0023065980737560737
-0.0018201934401656018
-0.00184568634549005
-0.0010207359291909061
-5.159764037668316E-4
-4.078864851911713E-4
0.0010258345102557957
0.0014245435495301656
0.0029031320583481615
0.004269551783738586
0.005341273523578389
0.007054396761381307
0.009305930159636572
0.010073776468008952
0.009595529564122305
0.007936451285607216
0.004433726094028032
0.0022464348171903755
4.1094563383010506E-4
8.871531052907975E-5
4.588722958400677E-5
-2.100615398734532E-4
-7.138013490845498E-5
9.24882605170981E-4
0.0015367123329577377
0.003065266936211652
0.004713128336383984
0.004419450067046341
0.0035414744076723444
7.372548219830421E-4
2.6512621537426136E-4
-1.295039590481969E-4
-8.891925377167534E-4
-3.028557152544447E-4
-6.954464572509471E-4
-0.00125017207711094
-0.002423865438248535
-0.003491508313236426
-0.003714826163878592
-0.0025482708162318426
-0.0014724702115401283
3.8035414744076723E-4
0.00264310442403879
0.0022811051684316253
0.0025880397485379815
0.003011221976923822
0.002417747140970668
0.0024381414652302263
0.0026706367617891943
0.0017855230889243523
7.647871597334462E-4
-2.7124451265212894E-4
-0.0018354891833602708
-0.002680833923918973
-0.002576822870195225
-0.003762752825888555
-0.004703950890467184
-0.00519239495648361
-0.005694095333268751
-0.00536472699647688
-0.005174040064650007
-0.004583624377335787
-0.003738279636777085
-0.0018609820886847188
-2.6308678294830547E-4
5.618636333508385E-4
9.993218887183696E-4
0.0018823961291572556
0.0020220972503352318
0.003505784340218117
0.004112515486939985
0.005152626024177471
0.004605038417808324
0.00435622766184171
0.005469757766413607
0.004736581809282476
0.004339912202434063
0.0034568379619951766
0.0035149617861349185
0.002809318166754192
0.0031835540169170918
0.0022678488576629123
0.0013317493741491742
-0.0010074796184221932
-0.002789943558707612
-0.0031019767198788573
-0.002985729071599374
-0.0029061912069870957
-0.002461594938128719
-0.002247454533403354
-0.002972472760830661
-0.0033018410976225314
-0.004038076203392596
-0.003326314286734002
-0.0029051714907741178
-0.0033365114488637807
-0.004274650364803475
-0.0046448073501144625
-0.0036821952450632987
-0.0038106794878985176
-0.002514620181203571
-0.0021617983715132077
-0.0011981665502490658
-0.0015367123329577377
-0.002998985382368087
-0.002356564168191992
-0.003487429448384514
-0.0038524878526306127
-0.0034864097321715367
-0.002019038101696298
-0.0014683913466882166
-0.0015040814141424443
-0.0020526887367245694
-0.0019068693182687259
-9.055079971244002E-4
-0.0010003416049313475
8.035363758266075E-4
0.0025360342216761075
0.0041267915139216755
0.0044357655264539875
0.0045112245262143545
0.0035475927049502124
0.002695109950900664
0.0016702951568578464
8.300489973640335E-4
8.769559431610183E-4
8.004772271876737E-4
-6.403817817501389E-4
-0.0011940876853971539
-0.0011451413071742133
-0.0021934095741155232
-0.0012613889554536973
-3.12033161171246E-4
0.001601974170588325
0.003313057975965289
0.00425221660811796
0.0039514003252894715
0.0035465729887372345
0.0033028608138355093
0.002894974328644338
0.0015581263734302743
-7.036041869547705E-5
-0.001748813305257147
-0.002325972681802654
-0.0023820570735164403
-0.003169277989935401
-0.0029938868013031973
-0.0021495617769574727
-0.0016825317514135814
-2.753233775040406E-4
8.361672946419011E-5
9.340600510877822E-4
0.0014388195765118567
0.0015968755895234357
0.0027032676806044873
0.002056767601576481
0.0028144167478190815
0.004068667689781934
0.005216868145595081
0.005165882334946184
0.00720531476090204
0.00844630939209618
0.009928976765766087
0.010236931062085421
0.009682205442225427
0.01009519050848149
0.009379349726970984
0.007215511923031819
0.004337872770008106
0.002019038101696298
-1.4174055360393202E-4
-0.0016162501975700162
-0.002911289788051985
-0.0026971493833266203
-0.002851126531486287
-0.0021658772363651194
-0.003140725935972019
-0.0036740375153594754
-0.004855888606200893
-0.0060703706158576065
-0.006686279208496276
-0.007535702813906889
-0.006242702655850876
-0.005179138645714897
-0.004153304135459102
-0.004352148796989797
-0.004433726094028032
-0.003566967312996793
-0.003224342665436209
-0.002984709355386396
-0.00147654907639204
-7.362351057700642E-4
-0.0013235916444453509
-0.0016386839542555307
-0.001777365359220529
-0.003395654989216501
-0.004566289201715162
-0.004094160595106381
-0.004636649620410639
-0.005551335063451841
-0.0044938893505937294
-0.004276689797229431
-0.004550993458520494
-0.003752555663758776
-0.002907210923200073
-0.0018650609535366307
3.997287554873479E-4
0.0016529599812372215
0.0018069371293968888
0.0026798142077059956
0.0029102700718390074
0.003409931016198192
0.0037698908393794008
0.003746437366480908
0.003092799273962056
0.0028970137610702944
0.001718221818867809
5.516664712210592E-4
-7.892603488449165E-4
-0.0025686651404914014
-0.003462956259273044
-0.004875263214247474
-0.004419450067046341
-0.00380456119062065
-0.0016662162920059345
4.527539985622001E-4
0.0022240010605048613
0.003357925489336318
0.004352148796989797
0.005518704144636548
0.005176079497075963
0.00493644618702615
0.004988451713888025
0.005760376887112316
0.004625432742067882
0.0029469798555062125
0.0025115610325646374
0.0011104709559329638
-4.3949768779348705E-4
-2.0394324259558564E-5
-6.638352546486313E-4
-6.159085926386686E-4
-7.800829029281151E-4
-0.0024646540867676522
-0.0036434460289701373
-0.004848750592710048
-0.0038106794878985176
-0.0025472511000188647
-0.0020271958314001214
-5.577847684989268E-4
-1.4581941845584373E-4
7.056436193807262E-4
0.001006459902209215
0.0010900766316734051
0.0021832124119857445
0.002257651695533133
0.0016825317514135814
7.729448894372696E-4
-1.8558835076198292E-4
0.0010880371992474493
0.001862001804897697
0.0021352857499757814
0.003282466489575951
0.001492864535799687
3.2223032330102534E-4
-5.771593765455073E-4
-8.127138217434088E-4
-7.821223353540709E-4
-0.0011033329424421183
0.0014143463874003864
0.0016876303324784713
0.003208027206028562
0.003647524893822049
0.004021760743984948
0.004509185093788398
0.004354188229415753
0.003881039906593995
0.00275119434261445
0.001122707550488699
-5.006806605721627E-4
-5.873565386752866E-4
-0.00158973757603259
-9.320206186618264E-4
-0.001123727266701677
-6.913675923990353E-4
-9.177445916801353E-6
-0.0011869496719063084
-0.0026206706673532754
-0.0030367148822482704
-0.0037127867314526368
-0.0037729499880183345
-0.0033874972595126776
-0.003124410476564372
-0.0034119704486241477
-0.003680155812637343
-0.004263433486460718
-0.00448369218846395
-0.004812040809042843
-0.0038575864336955023
-0.003647524893822049
-0.0033742409487439646
-0.0017253598323586545
-0.0015683235355600537
3.467035124124956E-4
9.830064293107228E-4
5.598242009248826E-4
0.0011267864153406107
0.0014143463874003864
0.0010329725237466412
0.0012358960501292488
3.518020934773852E-4
-0.0015040814141424443
-0.003313057975965289
-0.004522441404557111
-0.0038178175013893634
-0.0016325656569776631
-2.7940224235595236E-4
0.0018069371293968888
0.0027287605859289362
0.004477573891186083
0.006136652169701172
0.006074449480709518
0.006486414830752601
0.006684239776070319
0.005692055900842795
0.004096200027532338
0.003733181055712195
0.002501363870434858
0.001720261251293765
5.414693090912798E-4
-1.6009544543753472E-4
-1.0197162129779283E-4
7.341956733441082E-5
-1.621348778634906E-4
-5.435087415172358E-4
-0.0014806279412439517
-0.001688650048691449
-0.0023902148032202636
-0.001858942656258763
-0.0014734899277531062
-3.089740125323122E-4
0.0014418787251507905
0.0024187668571836454
0.0033334523002248474
0.0037087078666007247
0.0029877685040253297
0.0017875625213503081
9.626121050511642E-4
-3.4568379619951767E-4
-8.973502674205767E-5
-2.957177017635992E-5
-5.69001646841684E-4
-0.001533653184318804
-0.0022780460197926915
-0.0025074821677127253
-0.0028368505045045962
-0.002850106815273309
-0.002553369397296732
-0.002996945949942131
-0.0027318197345678696
-0.004674379120290823
-0.00479368591720924
-0.0032151652195194077
-0.002057787317789459
4.4765541749731047E-4
0.0022107447497361483
0.003237598976204922
0.003861665298547414
0.0038178175013893634
0.0039299862848169356
0.004431686661602076
0.004013603014281125
0.004609117282660235
0.004199191365043108
0.0029949065175161747
0.0024391611814432042
7.923194974838502E-4
-5.118975389149199E-4
-0.002045550723233724
-0.003226382097862165
-0.0037484767989068644
-0.004592801823252588
-0.0053769635910326154
-0.006440527601168595
-0.006399738952649477
-0.006729107289441348
-0.005494230955525077
-0.0038759413255291053
-0.002812377315393126
-0.0011471807396001691
-9.044882809114223E-4
-0.0012063242799528892
-0.00122060030693458
-0.0019058496020557477
-0.0018599623724717411
-0.0010390908210245087
-0.0014235238333171877
1.1318849964055003E-4
5.496270387951033E-4
6.750521329913885E-4
5.700213630546619E-4
1.4683913466882165E-4
0.002099595682521554
0.0032896045030667963
0.0038973553660016417
0.004171659027292705
0.003224342665436209
0.002243375668551442
0.0012522115095368958
-8.973502674205767E-5
-3.099937287452902E-4
-9.330403348748043E-4
-0.0011420821585352797
-8.596207675403934E-4
-2.9979656661551087E-4
3.3446691785676044E-4
0.0011543187530910146
0.0017365767107014119
0.0024575160732768072
0.0030367148822482704
0.002797081572198457
0.0031519428143147762
0.0032702298950202154
0.0024320231679523584
0.0012042848475269333
7.066633355937041E-4
-9.707698347549876E-4
-0.0023361698439324334
-0.0033987141378554347
-0.003859625866121458
-0.0033589452055492954
-0.0020098606557794967
2.671656478002172E-4
8.08634956891497E-4
0.0025380736541020634
0.0030968781388139677
0.0028643828422550005
0.0025329750730371738
-3.4670351241249564E-5
-8.188321190212764E-4
3.670978366720541E-5
6.087705791478231E-4
0.0011492201720261252
0.0016529599812372215
0.0017355569944884337
0.001549968643726451
5.149566875538537E-4
4.6193144447900146E-4
6.83209862695212E-4
5.893959711012424E-4
-3.864724447186348E-4
-0.00136336057675149
-3.181514584491136E-4
-3.772949988018334E-5
0.0019282833587412622
0.003089740125323122
0.003925907419965024
0.004668260823012956
0.003469074556550912
0.0029031320583481615
0.0012726058337964544
1.590757292245568E-4
-7.107422004456159E-4
-6.230466061295141E-4
-5.149566875538537E-4
3.1611202602315776E-4
6.954464572509471E-4
7.647871597334462E-4
-6.454803628150286E-4
-0.0016988472108212284
-0.002636986126760922
-0.00434603049971193
-0.004695793160763359
-0.004595860971891522
-0.004192053351552262
-0.003134607638694151
-0.0020486098718726577
-0.0018528243589808955
-0.0012848424283521895
-0.0010727414560527805
-0.0013572422794736225
-0.0010207359291909061
-6.740324167784106E-4
-0.0014143463874003864
-0.001878317264305344
-9.238628889580029E-4
-2.753233775040406E-4
4.9966094435918486E-5
0.0011023132262291404
0.0020047620747146067
0.003536375826607455
0.003069345801063564
0.0019527565478527325
-5.496270387951033E-4
-0.0015866784273936563
-0.002978591058108528
-0.00475493670111608
-0.002872540571958824
-0.002139364614827693
-0.0014000703604186953
-0.001434740711659945
-0.0015642446707081418
-0.0014561547521324814
-0.001431681563021011
-0.0017019063594601621
-0.0015744418328379212
-0.0017977596834800873
-0.0017783850754335068
-0.0014214844008912319
-0.0016101319002921487
-0.0019242044938893505
-0.0020353535611039447
-1.9680522910474015E-4
4.843652011645159E-4
0.002289262898135449
0.0034007535702813905
0.0031356273549071295
0.0029061912069870957
0.002838889936930552
0.002089398520391775
7.454125516868654E-4
1.2032651313139553E-4
-3.008162828284888E-4
-5.10877822701942E-4
-8.65739064818261E-4
1.957855128917622E-4
7.892603488449165E-4
3.110134449582681E-4
2.0190381016962978E-4
8.280095649380778E-4
0.0010125781994870828
0.0011624764827948381
8.983699836335547E-4
0.0019109481831206376
0.0031998694763247385
0.003409931016198192
0.0035832827724044396
0.0035679870292097708
0.002386135938368352
0.001253231225749874
0.001051327415580244
0.0010829386181825597
0.0011359638612574122
0.0010900766316734051
0.0014357604278729228
0.0013847746172240265
0.0018314103185083591
0.001488785670947775
0.0013582619956866004
0.0016804923189876256
0.0016927289135433606
9.9422330765348E-4
8.361672946419011E-5
-8.983699836335547E-4
-2.4779103975363655E-4
2.345347289849235E-4
0.001321552212019395
6.821901464822341E-4
-4.384779715805091E-5
8.535024702625259E-4
-6.363029168982272E-4
-0.0012980987391209024
-0.001649900832598288
-0.002473831532684454
-0.0031835540169170918
-0.0036740375153594754
-0.003409931016198192
-0.0031050358685177915
-0.0017824639402854185
-0.0011033329424421183
-9.197840241060912E-4
-1.7947005348411534E-4
-0.0010931357803123391
-0.0012022454151009775
-0.0013205324958064169
-9.106065781892899E-4
-0.0011257666991276328
-0.0010207359291909061
-0.001122707550488699
-0.0015887178598196121
-1.1726736449246175E-4
8.157729703823426E-4
7.290970922792186E-4
4.201230797469064E-4
-5.761396603325294E-4
-0.0010941554965253168
-0.002545211667592909
-0.0033099988273263548
-0.0032651313139553263
-0.002978591058108528
-0.002658400167233459
-0.002158739222874274
-0.0029092503556260294
-0.0023688007627477273
-7.403139706219758E-4
-7.800829029281151E-4
-1.1216878342757209E-5
5.373904442393682E-4
6.658746870745871E-4
5.465678901561696E-4
3.630189718201424E-4
5.710410792676399E-4
0.0012542509419628516
0.0015377320491707157
0.0018813764129442774
0.001777365359220529
0.0015693432517730314
0.0012002059826750216
2.743036612910627E-4
2.2841643170705593E-4
-4.8742434980344963E-4
-0.0014816476574569298
-9.666909699030759E-4
-0.0012797438472872999
-0.001289941009417079
-3.8851187714459065E-4
-6.934070248249913E-5
3.2121060708804736E-4
9.840261455237008E-4
0.0017008866432471842
0.0033089791111133773
0.0029235263826077203
0.0019384805208710416
0.0019405199532969975
7.372548219830421E-4
6.597563897967196E-4
4.078864851911713E-6
1.8558835076198292E-4
8.851136728648416E-4
0.0017559513187479924
0.0030020445310070206
0.0034384830701615736
0.0036261108533495127
0.0034721337051898454
0.003339570597502715
0.002088378804178797
0.0013694788740293575
0.0012848424283521895
0.001960914277556556
0.002440180897656182
0.0023504458709141247
0.002985729071599374
0.0036006179480250647
0.003167238557509445
0.0030397740308872037
0.0021883109930506336
0.0010278739426817516
0.0011573779017299485
2.641064991612834E-4
0.0010625442939230013
9.687304023290317E-4
0.0017845033727113744
0.0019925254801588716
8.80015091799952E-4
8.596207675403934E-4
-1.6723345892838022E-4
-3.8953159335756857E-4
-0.0013123747661025935
-0.0013174733471674833
-0.0018650609535366307
-0.0028011604370503686
-0.003022438855266579
-0.0029163883691168744
-0.0028337913558656625
-0.002525837059546328
-0.0020251563989741655
-0.0020914379528177308
-0.0017722667781556393
-0.0017610498998128822
-0.0019680522910474015
-0.002802180153263347
-0.0034588773944211324
-0.003880020190381017
-0.003166218841296467
-0.003122371044138416
-0.002630867829483055
-0.0010972146451642508
-4.078864851911713E-6
7.005450383158367E-4
4.415371202194429E-4
-1.2032651313139553E-4
-1.3970112117797618E-4
-9.891247265885904E-5
-0.001009519050848149
-0.0014541153197065255
-0.0019089087506946817
-0.001746773872831191
-0.0017131232378029193
-0.0015530277923653845
-3.385457827086722E-4
1.0707020236268245E-4
1.2542509419628516E-4
5.873565386752866E-4
7.464322678998435E-4
2.946979855506212E-4
-5.200552686187434E-4
-3.497626610514294E-4
-5.282129983225668E-4
-6.505789438799182E-4
-0.0010390908210245087
-7.413336868349538E-4
3.3446691785676044E-4
-5.149566875538537E-4
1.4989828330775544E-4
-4.8742434980344963E-4
-0.0018099962780358224
-0.00264310442403879
-0.002933723544737499
-0.002654321302381547
-0.0022056461686712583
-0.0015142785762722235
-0.001601974170588325
-3.2223032330102534E-4
6.52618376305874E-5
-5.220947010446993E-4
7.025844707417925E-4
0.0012440537798330724
0.0013368479552140638
0.0017233203999326987
4.4765541749731047E-4
-5.067989578500303E-4
-1.2338566177032932E-4
-1.1012935100161624E-4
-0.0010605048614970454
-9.626121050511642E-4
-2.528896208185262E-4
-5.506467550080812E-5
2.7940224235595236E-4
0.0011329047126184782
0.0015091799952073337
0.002555408829722688
0.0028184956126709932
0.0023239332493766984
0.0013643802929644681
0.0018946327237129906
0.0022974206278392724
0.001479608225030974
0.0013205324958064169
0.0016437825353204203
0.0010299133751077074
5.129172551278979E-4
2.2229813442918835E-4
-7.566294300296227E-4
-4.507145661362443E-4
-5.679819306287061E-4
-0.001479608225030974
-0.0012950395904819689
3.0693458010635637E-4
3.6403868803312035E-4
0.0016621374271540228
0.0016692754406448685
0.002283144600857581
0.0019680522910474015
0.00122060030693458
0.002019038101696298
0.0015530277923653845
0.0020618661826413706
0.0011410624423223016
0.0013511239821957547
8.178124028082984E-4
-3.497626610514294E-4
-6.801507140562781E-4
-5.506467550080812E-4
-4.598920120530456E-4
6.067311467218673E-4
0.0016580585623021111
0.0010707020236268247
-8.708376458831506E-4
-8.871531052907976E-4
-2.8348110720786404E-4
-1.7131232378029195E-4
4.1808364732095056E-4
-1.5805601301157888E-4
0.001078859753330648
6.689338357135209E-4
0.0011288258477665666
0.0010523471317932219
0.0014439181575767463
0.003168258273722423
0.0030326360173963587
0.0028521462476992655
0.0020231169665482097
0.0018385483319992046
0.0014867462385218192
0.001475529360179062
0.0014806279412439517
0.0012307974690643595
0.001601974170588325
0.0012073439961658669
8.65739064818261E-4
-2.8857968827275364E-4
-0.0010584654290710896
-9.065277133373782E-4
-4.6397087690495736E-4
0.0012838227121392115
2.3249529655896764E-4
2.661459315872393E-4
1.6111516165051267E-4
-7.770237542891813E-4
-0.0010574457128581115
-0.0019843677504550483
-0.002314755803459897
-0.00247077238404552
-0.002870501139532868
-0.0027766872479388985
-0.002822574477522905
-0.0035567701508670137
-0.0044551401345005685
-0.004412312053555495
-0.00447349502633417
-0.004065608541142999
-0.00431136014847068
-0.005012924902999496
-0.004269551783738586
-0.004251196891904983
-0.002939841842015367
-0.003267170746381282
-0.002850106815273309
-0.0029928670850902193
-0.0027032676806044873
-0.0025737637215562906
-0.002837870220717574
-0.0019201256290374388
-0.0021281477364849363
8.055758082525633E-5
3.844330122926789E-4
0.00170292607567314
0.0028205350450969495
0.002010880371992474
0.001748813305257147
7.831420515670488E-4
5.149566875538537E-4
7.556097138166448E-4
-5.088383902759862E-4
-8.535024702625259E-4
-3.3752606649569425E-4
-2.946979855506212E-4
-3.1407259359720187E-4
-8.157729703823425E-5
5.129172551278979E-4
3.915710257835244E-4
9.513952267084071E-4
0.0014724702115401283
9.901444428015683E-4
1.0605048614970453E-4
8.096546731044751E-4
0.0010992540775902066
-5.180158361927876E-4
-3.41604931347606E-4
3.2121060708804736E-4
4.731483228217587E-4
8.769559431610183E-4
0.001505101130355422
0.0022678488576629123
0.0028868165989405148
0.0030367148822482704
0.003635288299266314
0.0038535075688435907
0.004027879041262817
0.00400136641972539
0.002926585531246654
0.004235901148710313
0.004743719822773322
0.004765133863245859
0.0058174809950390805
0.006650589141042048
0.006076488913135474
0.006520065465780873
0.005853171062493308
0.004150244986820168
0.0033436494623546266
0.0026165918025013637
0.0016244079272738395
-1.2338566177032932E-4
6.719929843524547E-4
-4.7926662009962624E-5
-5.282129983225668E-4
-1.5703629679860093E-4
4.4051740400646497E-4
4.078864851911713E-6
-4.996609443591848E-4
-9.911641590145462E-4
-0.0013521436984087329
-0.0019976240612237612
-0.002157719506661296
-0.002331071262867544
-0.0020669647637062607
-0.0018803566967312997
-0.0020975562500955983
-0.00136336057675149
-0.0013082959012506818
-8.66758781031239E-4
-0.0014877659547347973
-0.001366419725390424
-0.0015866784273936563
-0.0025350145054631296
-0.003112173882008637
-0.003749496515119842
-0.004482672472250972
-0.004487771053315862
-0.0038178175013893634
-0.0039075525281314204
-0.0035995982318120863
-0.0031764160034262467
-0.0026930705184747086
-0.002713464842734267
-0.0017722667781556393
-0.0020271958314001214
-0.0016570388460891332
-0.00122060030693458
-0.0014857265223088415
-0.0016835514676265596
-0.0019201256290374388
-0.0012562903743888075
-0.0020414718583818122
-0.0022749868711537577
-0.002429983735526403
-0.0032253623816491865
-0.003475192853828779
-0.0036954515558320117
-0.003635288299266314
-0.0024452794787210718
-0.00170292607567314
-8.392264432808349E-4
-5.098581064889641E-4
-2.1210097229940907E-4
4.1298506625606096E-4
2.3249529655896764E-4
5.067989578500303E-4
7.3827453819602E-4
5.506467550080812E-4
8.66758781031239E-4
0.0020068015071405625
0.002768529518235075
0.00201291980441843
0.0019527565478527325
0.0019690720072603795
0.0015825995625417446
9.881050103756125E-4
6.913675923990353E-4
0.0
-4.588722958400677E-4
-3.2121060708804736E-4
5.200552686187433E-5
2.814416747819082E-4
2.2535728306812214E-4
0.0015805601301157888
0.0035159815023478964
0.0029490192879321683
0.002674715626641106
0.0026339269781219888
0.002468732951619564
0.003166218841296467
0.0024768906813233873
0.0021230491554200463
0.0011757327935635513
0.0021536406418093844
0.002623729815992209
0.00212610830405898
0.0027348788832068033
0.002019038101696298
0.0016162501975700162
0.0015112194276332895
0.0012909607256300572
0.0010370513885985528
0.001151259604452081
0.0014826673736699075
0.0018232525888045358
0.002121009722994091
0.0023035389251171395
0.0021923898579025453
0.0014500364548546139
0.0011910285367582201
0.0012236594555735138
9.371191997267161E-4
9.075474295503561E-4
1.2236594555735138E-5
-2.681853640131951E-4
6.424212141760947E-5
-5.82257957610397E-4
-2.824613909948861E-4
1.0707020236268245E-4
-6.118297277867568E-5
2.8857968827275364E-4
-1.0707020236268245E-4
-3.2732890436591494E-4
2.6512621537426134E-5
-2.3555444519790143E-4
1.5397714815966715E-4
-4.4663570128433255E-4
-5.169961199798097E-4
-1.7233203999326987E-4
-0.0014000703604186953
-0.001403129509057629
-5.924551197401762E-4
-0.0018854552777961891
-0.0020159789530573642
-0.0021067336960123996
-0.0027114254103083107
-0.0035577898670799916
-0.0051046993621675085
-0.0041267915139216755
-0.0049660179572025105
-0.00486302661969174
-0.005185256942992765
-0.0048446717278581375
-0.0041461661219682555
-0.004077845135698735
-0.0024799498299623215
-0.0021505814931704506
-0.0012409946311941387
-0.0020017029260756733
-0.0013093156174636598
-7.831420515670488E-4
-7.117619166585939E-4
3.936104582094803E-4
-8.157729703823426E-6
7.423534030479317E-4
9.299811862358706E-4
6.67914119500543E-4
-1.1318849964055003E-4
5.506467550080812E-5
4.3847797158050913E-4
4.140047824690389E-4
8.025166596136295E-4
3.079542963193343E-4
8.280095649380778E-4
0.0018038779807579548
0.002228079925356773
0.0027664900858091193
0.0033742409487439646
0.0035424941238853228
0.00392794685239098
0.004103338041023183
0.003191711746620915
0.002938822125802389
0.0026787944914930173
0.002768529518235075
0.0028337913558656625
0.0026318875456960325
0.002515639897416549
0.0019690720072603795
0.002238277087486552
0.0015418109140226273
0.0015224363059760469
0.0010013613211443254
8.708376458831506E-4
0.0017926611024151977
0.0014377998602988786
5.577847684989268E-4
7.505111327517552E-4
0.001005440185996237
-1.7845033727113742E-4
8.769559431610182E-5
-2.3555444519790143E-4
2.518699046055483E-4
3.9870903927436996E-4
9.340600510877822E-4
5.832776738233749E-4
4.5479343098815597E-4
8.52482754049548E-4
8.116941055304309E-4
6.842295789081899E-4
1.0197162129779282E-5
5.282129983225668E-4
3.26309188152937E-4
3.059148638933784E-5
9.177445916801354E-5
-6.96466173463925E-4
-8.341278622159452E-4
-8.779756593739962E-4
-0.001208363712378845
-0.0020771619258360395
-0.0017121035215899416
-0.0016264473596997954
-0.002334130411506478
-0.0016101319002921487
-8.565616189014596E-4
7.087027680196601E-4
5.904156873142204E-4
-5.180158361927876E-4
-1.957855128917622E-4
-3.619992556071645E-4
-0.0018599623724717411
-0.0023677810465347494
-0.0023229135331637204
-0.0018324300347213368
-0.0025747834377692685
-0.003223322949223231
-0.003580223623765506
-0.0035679870292097708
-0.0031366470711201074
-0.003493547745662382
-0.0031335879224811732
-0.003538415259033411
-0.003168258273722423
-0.003424207043179883
-0.004162481581375903
-0.003475192853828779
-0.003121351327925438
-0.0032528947193995908
-0.002305578357543096
-0.0013959914955667836
-5.741002279065735E-4
-2.4779103975363655E-4
1.8966721561389466E-4
0.0011522793206650587
7.015647545288145E-4
0.0012522115095368958
5.700213630546619E-4
4.2930052566370774E-4
0.0013827351847980707
0.0012175411582956463
0.0013552028470476666
0.0017324978458495
0.0018344694671472927
0.0017875625213503081
0.0015000025492905324
0.0017416752917663013
0.0023106769386079854
0.0021985081551804133
0.0025207384784814383
0.0030622077875727184
0.0028592842611901105
0.003899394798427597
0.0035822630561914617
0.002260710844172067
0.0022219616280789055
0.0023106769386079854
0.001233856617703293
3.5690067454227485E-4
0.002119990006781113
0.0010941554965253168
9.350797673007602E-4
1.519377157337113E-4
-3.6403868803312035E-4
-5.944945521661321E-4
-0.0010207359291909061
-0.0010910963478863833
-0.0019966043450107833
-0.0015173377249111573
-0.001391912630714872
-0.0014551350359195037
-0.0012634283878796531
-0.0013123747661025935
-0.001176752509776529
-7.392942544089979E-4
-2.4473189111470274E-4
0.0010319528075336632
0.0020965365338826204
0.0036261108533495127
0.003849428703991679
0.004352148796989797
0.004078864851911713
0.003717885312517526
0.003392595840577567
0.0018385483319992046
9.717895509679655E-4
7.209393625753952E-4
-9.891247265885904E-5
2.345347289849235E-5
5.39429876665324E-4
3.823935798667231E-4
-2.936782693376433E-4
-7.647871597334462E-4
-5.231144172576772E-4
-0.0010523471317932219
-0.002714484558947245
-0.0032773679085110613
-0.0035465729887372345
-0.003738279636777085
-0.003495587178088338
-0.0032763481922980834
-0.002658400167233459
-0.0026400452753998563
-0.0020384127097428785
-0.0017947005348411536
-0.0018293708860824033
-0.002134266033762804
-0.0011971468340360877
-7.362351057700642E-4
2.6308678294830547E-4
6.577169573707638E-4
0.0011961271178231097
0.0019976240612237612
0.0011359638612574122
7.821223353540709E-4
0.0010890569154604274
6.760718492043664E-4
-1.56016580585623E-4
-7.260379436402849E-4
-0.001943579101935931
-0.0014143463874003864
-0.0014877659547347973
-0.0013511239821957547
-0.0015713826841989873
-0.0015825995625417446
-7.138013490845498E-6
4.4969484992326636E-4
9.259023213839589E-4
0.0013888534820759382
0.001251191793323918
0.001334808522788108
9.208037403190692E-4
0.001079879469543626
0.0014112872387614525
0.0012634283878796531
0.00110741180729403
0.0011247469829146549
0.001405168941483585
5.39429876665324E-4
1.4785885088179957E-4
-5.25153849683633E-4
-1.4276026981690997E-4
-5.802185251844411E-4
-2.6512621537426136E-4
-2.7940224235595236E-4
-3.701569853109879E-4
-5.812382413974191E-4
-6.566972411577858E-4
6.801507140562781E-4
7.046239031677483E-4
0.0015397714815966715
0.0011522793206650587
9.39158632152672E-4
4.4663570128433255E-4
2.957177017635992E-5
7.963983623357619E-4
0.0014704307791141725
0.0015795404139028106
0.0015815798463287667
0.0015989150219493915
0.0011808313746284407
8.830742404388858E-4
-7.647871597334461E-5
-0.0014510561710675918
-5.435087415172358E-4
1.1114906721459418E-4
-3.26309188152937E-5
9.738289833939213E-4
0.0013011578877598364
0.0016978274946082505
0.001463292765623327
0.0013521436984087329
0.0018416074806381383
0.0011869496719063084
0.0016580585623021111
5.710410792676398E-5
-4.598920120530456E-4
-6.52618376305874E-5
-8.10674389317453E-4
-9.442572132175615E-4
-9.310009024488485E-4
1.84568634549005E-4
3.569006745422749E-5
3.0489514768040053E-4
8.290292811510556E-4
0.0014816476574569298
0.001008499334635171
7.627477273074903E-4
4.3235967430264155E-4
-6.934070248249912E-4
-6.954464572509471E-4
-0.0012889212932041014
-0.0012134622934437346
-9.330403348748043E-4
-0.001475529360179062
-0.0015387517653836936
-0.0014826673736699075
-0.0011624764827948381
-0.001477568792605018
-0.0010003416049313475
-8.045560920395854E-4
-5.598242009248826E-4
-9.554740915603188E-4
-1.0197162129779282E-6
5.96533984592088E-4
9.146854430412016E-4
-2.2229813442918835E-4
-0.0013674394416034017
-0.0017845033727113744
-0.002680833923918973
-0.0023167952358858525
-0.0025268567757593063
-0.0014847068060958634
-0.0012460932122590283
-7.902800650578944E-4
-6.556775249448078E-4
-7.647871597334462E-4
1.0401105372374867E-4
-1.4785885088179957E-4
-8.5146303783657E-4
-4.425568364324208E-4
-4.1298506625606096E-4
-2.4677132354065863E-4
-7.841617677800269E-4
-6.148888764256907E-4
-6.322240520463155E-4
-0.0014979631168645766
-0.001420464684678254
-0.0011522793206650587
-0.0011329047126184782
-0.0015234560221890248
-0.001717202102654831
-0.001347045117343843
-0.0012256988879994696
-1.1726736449246175E-4
-4.486751337102884E-4
4.955820795072731E-4
0.0014877659547347973
0.0011808313746284407
0.001846706061703028
0.0017845033727113744
0.002296400911626294
0.0032437172734827895
0.003357925489336318
0.0023871556545813303
0.0017620696160258599
0.0015295743194668923
0.001434740711659945
1.2236594555735138E-5
-7.250182274273069E-4
-7.260379436402849E-4
-8.871531052907976E-4
-8.932714025686651E-4
-0.0012960593066949466
-0.0012562903743888075
-0.0015550672247913403
-0.001547929211300495
-8.37187010854879E-4
-5.720607954806178E-4
-7.321562409181524E-4
-8.035363758266075E-4
-5.129172551278979E-4
8.076152406785191E-4
0.0015836192787547225
0.001521416589763069
4.3643853915455324E-4
1.1318849964055003E-4
3.97689323061392E-5
-2.804219585689303E-4
4.384779715805091E-5
3.3752606649569425E-4
0.001576481265263877
0.0016621374271540228
0.001462273049410349
0.0016825317514135814
0.001394971779353806
0.0016509205488112657
0.0019140073317595713
0.002145482912105561
0.0020119000882054526
0.0019272636425282843
0.0011053723748680742
8.412658757067907E-4
5.4044959287830194E-5
8.626799161793273E-4
0.0015846389949677004
0.0011441215909612356
4.8334548495153795E-4
-6.444606466020507E-4
-3.487429448384515E-4
-9.371191997267161E-4
-0.001151259604452081
-7.709054570113137E-4
-9.157051592541796E-4
-8.37187010854879E-4
-9.411980645786278E-4
-7.443928354738875E-4
-6.83209862695212E-4
-0.001434740711659945
-7.841617677800269E-4
-0.0012634283878796531
-0.001573422116624943
-0.0010829386181825597
-0.0013093156174636598
-0.001122707550488699
-0.0012879015769911232
-0.0013654000091774458
-7.260379436402849E-4
-7.046239031677483E-4
-6.39362065537161E-4
-0.0011675750638597277
-0.0019344016560191297
-0.0023647218978958156
-0.0010870174830344716
-3.181514584491136E-4
-6.087705791478231E-4
-9.78927564458811E-5
8.871531052907976E-4
0.0018864749940091673
8.157729703823426E-4
0.0010972146451642508
0.00204249157459479
0.0020720633447711503
0.0022372573712735743
0.002200547587606369
0.0022974206278392724
0.0022270602091437955
0.0020904182366047524
0.0021658772363651194
0.001691709197330383
0.0010615245777100232
2.396333100498131E-4
-2.1821926957727662E-4
-5.577847684989268E-4
-9.289614700228926E-4
-9.095868619763119E-4
-6.312043358333376E-4
-4.578525796270898E-4
-1.6723345892838022E-4
-1.4276026981690996E-5
1.0401105372374867E-4
9.962627400794358E-4
0.0020068015071405625
0.002247454533403354
0.0016845711838395373
0.0021770941147078765
0.0021526209255964064
0.0014072083739095408
4.435765526453988E-4
7.239985112143289E-5
-3.97689323061392E-5
-2.4473189111470276E-5
-4.1808364732095055E-5
-1.0808991857566039E-4
-1.631545940764685E-4
-5.006806605721627E-4
-1.7233203999326987E-4
-8.494236054106142E-4
-7.148210652975276E-4
-0.0010625442939230013
-0.0014826673736699075
-0.0020394324259558564
-0.0016509205488112657
-9.136657268282237E-4
-0.001237935482555205
-0.0017375964269143896
-0.002586000316112026
-0.002070023912345194
-0.0019955846287978054
-8.320884297899893E-4
-6.577169573707638E-4
-2.8552053963381993E-4
-6.424212141760947E-5
-1.7437147241922574E-4
-7.443928354738876E-5
-1.5091799952073336E-4
1.9374608046580637E-4
1.733517562062478E-4
-1.4276026981690997E-4
3.8137386365374515E-4
6.2508603855547E-4
2.13120688512387E-4
2.8654025584679785E-4
9.483360780694733E-5
9.962627400794358E-4
2.1821926957727662E-4
-5.598242009248826E-4
-1.3460254011308652E-4
1.70292607567314E-4
1.4887856709477752E-4
-1.5805601301157888E-4
-4.507145661362443E-4
-1.6111516165051267E-4
