1.27186E-4
2.35297E-4
1.58344E-4
2.34692E-4
1.97188E-5
-2.20414E-4
-2.76736E-4
-2.07479E-4
-2.94385E-4
-2.35258E-4
-4.22001E-4
-4.78603E-4
-5.14924E-4
-3.05081E-4
-3.83484E-4
-3.12585E-5
1.19624E-5
-2.04321E-4
-4.04893E-4
-4.17791E-4
-4.26807E-4
-4.68382E-4
-6.14614E-4
-7.54576E-4
-3.98321E-4
2.75195E-4
3.38801E-4
6.25514E-5
-1.27075E-4
-5.00596E-4
-6.89692E-4
-6.59672E-4
-7.57405E-4
-7.59614E-4
-5.91558E-4
2.23096E-4
9.8026E-4
0.00167056
0.0017708
0.00136534
5.57405E-4
-1.91026E-4
-6.77648E-4
-0.00130446
-0.00125552
-4.39751E-4
3.17935E-5
1.42537E-4
-6.80923E-4
-0.001848
-0.00287649
-0.00341386
-0.00241299
-0.00145645
-0.00106816
-5.59968E-4
-5.41204E-4
-5.18748E-4
-5.45467E-4
-1.09892E-4
-4.87867E-4
-0.00146718
-0.00160235
-0.00245816
-0.0029299
-0.00221245
-4.64063E-4
0.00139464
0.00280784
0.0031379
0.00172747
1.31899E-4
-4.15652E-4
5.1674E-4
0.0021653
0.00275751
0.00184399
0.00174923
0.00200428
0.00163242
0.00113004
4.16126E-4
-0.00142683
-0.00463705
-0.00595508
-0.00627466
-0.00711514
-0.00594687
-0.00432439
-0.00353737
-0.00300407
-0.00210895
0.00177611
0.00376795
0.00506849
0.00709939
0.00663198
0.00562553
0.00431634
0.00327338
0.00233148
0.00199479
0.00190207
9.424E-4
-9.11434E-4
-0.00269306
-0.00386287
-0.00292077
-0.00201185
-9.96222E-4
-9.31691E-4
-0.00149031
-0.0017024
-0.00244956
-0.0012473
0.00258254
0.00479314
0.00698842
0.00909408
0.0057633
0.00349228
0.00406027
0.00391023
0.00377769
0.00202308
-0.00178915
-0.00536244
-0.00659639
-0.00582698
-0.00552984
-0.00258683
0.00363858
0.00764756
0.00733683
0.00743169
0.00587221
-2.66862E-4
-0.00176582
-0.00280183
-0.0041814
-0.00422496
-0.0031864
-0.00316387
-0.00453638
-0.00497893
-0.00322563
-0.00206312
6.89685E-4
0.00274314
0.00390559
0.00296313
0.00210435
0.00175147
9.07909E-4
-5.4597E-4
2.97765E-4
0.00238356
0.00555236
0.00943851
0.0116072
0.0117718
0.0088911
0.00377433
-0.0019737
-0.004308
-0.00456265
-0.00592133
-0.00618813
-0.00453492
-0.00364274
-0.00132728
0.00232292
0.00475933
0.00465606
0.00324707
0.00218931
8.41785E-4
2.1507E-4
-1.47054E-4
-0.0010653
1.40582E-5
0.00237037
6.83803E-4
0.00163221
0.00412334
0.0031455
0.00146564
-0.00127309
-0.00362153
-0.00541151
-0.00457809
-0.00134885
7.39303E-4
0.00158597
0.0039034
0.00379801
0.00424114
0.00361196
0.0025262
0.00227496
4.17889E-4
-0.00205102
-0.00469989
-0.00653244
-0.00658591
-0.00400324
-0.00283748
-0.00201701
-0.00177361
-0.00209163
-0.00140188
0.00231213
0.00336584
0.00289995
0.00216175
-0.00147585
-0.00496366
-0.00820764
-0.0101358
-0.00853968
-0.00817413
-0.00846637
-0.00490929
-0.00173782
3.54096E-4
0.0013109
0.00163976
0.00268536
0.00125435
-3.10205E-4
-9.92219E-5
-8.54982E-4
-0.00297648
-0.00456028
-0.00458968
-0.00307648
-8.94941E-4
0.00110585
0.00325914
0.00418365
0.00211251
-5.23717E-4
-0.00325279
-0.00254497
0.00142743
0.00652784
0.00863138
0.00827718
0.00817718
0.00620103
0.00187707
6.51474E-4
-6.54648E-4
-0.00180657
-0.00219493
-0.00316033
-0.00494725
-0.005154
-0.00545762
-0.00410956
-0.00173401
0.0048812
0.0108042
0.0132719
0.0113211
0.00720882
5.30928E-4
-0.00611599
-0.00856267
-0.0106391
-0.00860388
-0.00389312
-0.00119108
0.00114952
0.00167543
0.00190009
0.00313485
0.00286566
0.0028659
0.00318791
0.00256039
-5.68919E-4
-0.00290013
-0.00200337
-9.76019E-4
8.59951E-4
1.35925E-4
-0.00203371
-0.00410269
-0.0077841
-0.00980117
-0.00766608
-0.00511037
-0.00600493
-0.00572994
-0.00136933
5.15363E-6
-0.00178156
-0.0038236
-0.00511815
-0.00472084
-0.00254981
4.52216E-4
0.00419794
0.00325914
-0.00133028
-0.00394721
-0.00494132
-0.00386233
-0.00199291
0.00119945
0.00370034
0.00646996
0.00814817
0.00835129
0.0081847
0.0081037
0.00729902
0.00727517
0.00758263
0.00628958
0.00475418
0.00226575
0.00117767
-0.00118654
-0.00256203
-0.0011967
1.49601E-5
7.74437E-4
0.00308825
0.00451886
0.00335643
-6.06385E-4
-0.00227848
-0.00313412
-0.00478745
-0.00318209
-5.8783E-4
4.15584E-4
-2.4937E-5
-0.00173275
-0.00627392
-0.0113076
-0.0124038
-0.00682905
-0.00318263
-0.00489481
-9.41342E-4
0.00605133
0.0108974
0.0146769
0.0152766
0.0110831
0.00510158
-2.85596E-6
-0.0050262
-0.00845537
-0.00886997
-0.00542407
-4.51038E-5
8.90224E-4
-0.00379464
-0.00868766
-0.00691559
-0.00167575
0.00298688
0.00558123
0.00520512
0.0017721
-9.43218E-4
-0.00202424
-0.00306289
-0.00353774
-0.00325973
-2.44923E-4
0.00240052
0.00499199
0.00790449
0.0100991
0.0119895
0.013901
0.0142958
0.0107413
0.00681498
0.00160009
-0.00328492
-0.00721284
-0.00611074
9.09498E-4
0.00768363
0.0116025
0.0113518
0.00752511
0.00281486
4.13457E-4
0.00188097
0.00614131
0.0120651
0.0169778
0.0215448
0.0253786
0.0296978
0.0324961
0.0334578
0.0290899
0.0166521
-0.00767348
-0.0259194
-0.0327771
-0.0285931
-0.0122585
0.0050282
0.0137148
0.0179838
0.0222442
0.02474
0.0255456
0.0238749
0.0191142
0.00800337
-0.00580098
-0.0181154
-0.0283143
-0.0308416
-0.0286928
-0.0238531
-0.0193332
-0.0181553
-0.0153812
-0.00979264
0.00222559
0.0161934
0.0223609
0.0229813
0.0211967
0.0183103
0.0166031
0.016657
0.0176073
0.0173461
0.0108214
3.96283E-4
-0.010803
-0.0142768
-0.0117356
-0.007848
-0.00530913
-0.0112157
-0.0301032
-0.0603013
-0.0922682
-0.103326
-0.101432
-0.091793
-0.0738509
-0.0516264
-0.0293545
-0.0129757
-0.013942
-0.0290681
-0.0483528
-0.0601113
-0.0639642
-0.0634943
-0.0647786
-0.0659718
-0.0654249
-0.058223
-0.0233749
0.0490083
0.10681
0.148703
0.173908
0.180945
0.179717
0.164102
0.123574
0.0794857
0.0391322
0.0187164
0.02369
0.0401563
0.0494423
0.0412166
0.0226627
0.0103981
0.0114581
0.0163453
0.0134044
-0.00616309
-0.0462352
-0.0933265
-0.125761
-0.135738
-0.128089
-0.116261
-0.110854
-0.116597
-0.124915
-0.127669
-0.118729
-0.0956921
-0.0520455
-0.0134364
0.00235819
0.00179005
-0.00656072
-0.0141665
-0.0163338
-0.00715594
0.0209623
0.0584079
0.0936981
0.124256
0.131607
0.120899
0.104159
0.0957665
0.0985631
0.108013
0.111262
0.0992295
0.0656001
0.027801
-0.00700403
-0.0222413
-0.0237773
-0.0255565
-0.0275316
-0.0293984
-0.0311597
-0.0356539
-0.0453312
-0.0587955
-0.0676022
-0.0552135
-0.0198802
0.0115583
0.0209476
0.0168672
0.00575566
-0.00466604
-0.0068625
-0.00112294
0.0166303
0.0301693
0.0274586
0.0111428
-0.00584116
-0.0122606
-0.0103706
-0.00115418
0.00746444
0.00824423
-6.31302E-4
-0.019183
-0.0471386
-0.0611783
-0.0576762
-0.0340649
-0.00349106
0.0256079
0.0391725
0.0384069
0.0335792
0.0299378
0.0326589
0.0360794
0.0351677
0.0256678
0.00256795
-0.02431
-0.0427926
-0.046381
-0.0222876
0.0137957
0.0479068
0.078827
0.0914247
0.0898246
0.0830299
0.0720103
0.045254
0.008032
-0.0403745
-0.08613
-0.106254
-0.103328
-0.0732683
-0.0199116
0.0259744
0.0566839
0.0801474
0.098638
0.113264
0.122978
0.127314
0.123051
0.109453
0.0793014
0.0427412
0.0176258
0.0123984
0.0196141
0.0365768
0.0540783
0.0627744
0.0612017
0.048919
0.0174133
-0.0243228
-0.0649937
-0.105392
-0.12386
-0.114801
-0.100985
-0.0938184
-0.0921965
-0.0900185
-0.0830825
-0.0698528
-0.0515731
-0.030546
-0.0190711
-0.0207177
-0.0285788
-0.0393587
-0.0488166
-0.0569056
-0.0611457
-0.0600635
-0.0562294
-0.0531311
-0.0549473
-0.0594227
-0.0634453
-0.0640342
-0.0603151
-0.050469
-0.034784
-0.0195979
-0.0108856
-0.00975857
-0.0153318
-0.0274626
-0.0414087
-0.0463257
-0.0450731
-0.0400442
-0.0298781
-0.0108038
0.0101568
0.0282862
0.0416388
0.0477795
0.0467722
0.0383105
0.0260213
0.0173226
0.0139309
0.0174398
0.0261764
0.0346562
0.0372866
0.034598
0.0250701
0.0120164
-0.00179776
-0.0131275
-0.0221874
-0.031781
-0.0401917
-0.043442
-0.0385681
-0.0312043
-0.0282962
-0.0328187
-0.0517696
-0.0754064
-0.0861492
-0.0841514
-0.0554597
-0.00725389
0.042333
0.0779494
0.0891598
0.0922984
0.0899533
0.0899995
0.0902465
0.0841337
0.0718199
0.05479
0.0386131
0.0235182
0.00708777
-0.0148621
-0.0335819
-0.0560164
-0.0702575
-0.0674154
-0.043519
-0.00778133
0.0261151
0.0568266
0.0671301
0.0662352
0.0665211
0.0663194
0.0650788
0.0645119
0.0624268
0.0553427
0.0408155
0.0224668
-0.00577364
-0.02186
-0.0251563
-0.0228787
-0.0163117
-0.0103849
-0.00151215
0.008595
0.0107524
-0.00728973
-0.0363033
-0.0639041
-0.0896146
-0.0983599
-0.0791863
-0.0357946
0.00456458
0.0152212
7.07195E-4
-0.00739421
0.00792373
0.0392148
0.0733293
0.10462
0.138504
0.156104
0.156054
0.143634
0.115677
0.0637899
0.0179381
-0.00258703
-0.00309199
0.004906
0.0108114
9.93676E-4
-0.0217231
-0.0435028
-0.0500382
-0.0385652
-9.22756E-4
0.0405246
0.0666847
0.0754335
0.0701758
0.0444629
0.00159088
-0.04659
-0.0874108
-0.127815
-0.163079
-0.189779
-0.207527
-0.206366
-0.189944
-0.165039
-0.139043
-0.111771
-0.0888703
-0.0698455
-0.0428492
-0.00510927
0.0210232
0.0267222
0.0132948
-0.00174091
-0.00712873
-0.00135707
0.0076126
0.013904
0.0163289
0.0160898
0.0133543
0.0113973
0.012563
0.0236794
0.0448165
0.0593913
0.0613816
0.0615428
0.0668524
0.0815197
0.0939086
0.101524
0.103236
0.0965024
0.0702571
0.0364115
0.00869601
-0.00226796
-0.00204
-0.0040295
-0.0115801
-0.0237917
-0.0336324
-0.0387091
-0.0389086
-0.0309881
-0.0175022
-0.00840296
-0.00589345
-0.00994468
-0.0187906
-0.0199984
-0.0113437
-6.64233E-4
1.11422E-4
-0.00995626
-0.0238859
-0.0323123
-0.0275592
-0.013382
0.00314042
0.0190077
0.0314749
0.0306928
0.0207721
0.0115179
0.00892251
0.0129676
0.0183474
0.0161088
0.0033304
-0.0187735
-0.0393931
-0.0601876
-0.0703882
-0.0730825
-0.072541
-0.0666598
-0.0497584
-0.0176344
0.0245213
0.0562583
0.0714839
0.0761292
0.0685911
0.0393212
-0.00453146
-0.0319533
-0.0426579
-0.0492705
-0.0560661
-0.0630837
-0.0640691
-0.0497581
-0.00528071
0.0562987
0.0979775
0.111484
0.11569
0.118635
0.117979
0.112288
0.0922381
0.0553102
0.0052734
-0.048578
-0.0814349
-0.0834448
-0.0706213
-0.0423
-0.00548319
0.0331322
0.0684349
0.0885014
0.0924043
0.0912809
0.0774765
0.0471284
-0.00510628
-0.0528606
-0.0826485
-0.0987236
-0.104215
-0.0968029
-0.0712972
-0.0223179
0.0229935
0.0442124
0.0516611
0.0539883
0.0482895
0.0310738
-0.00663351
-0.0452734
-0.0598861
-0.0611625
-0.0539777
-0.0352885
-0.00898317
0.0181815
0.0447701
0.071223
0.0920325
0.110116
0.123049
0.126295
0.121349
0.112714
0.105481
0.103547
0.10505
0.106324
0.10332
0.0889487
0.0530534
0.00249037
-0.0403563
-0.0735081
-0.0918665
-0.0920266
-0.0846116
-0.0623154
-0.0324301
-0.00450492
0.0227435
0.043611
0.0460946
0.0336161
-0.00255658
-0.0581283
-0.121925
-0.167725
-0.196073
-0.198308
-0.187794
-0.171791
-0.137786
-0.0596598
0.0375537
0.129832
0.180921
0.17694
0.147298
0.0832849
-0.00519941
-0.0764701
-0.12347
-0.132408
-0.106419
-0.0361135
0.0423215
0.115018
0.15912
0.177004
0.177402
0.169384
0.14989
0.109196
0.00130342
-0.137575
-0.254078
-0.331457
-0.379716
-0.407384
-0.398398
-0.385806
-0.360714
-0.324349
-0.279385
-0.238212
-0.193919
-0.144234
-0.0973828
-0.0411897
0.00518886
0.0135605
0.0115015
-0.0397814
-0.0961942
-0.131254
-0.142605
-0.150281
-0.157585
-0.166475
-0.158419
-0.126044
-0.0496274
0.045624
0.132428
0.206043
0.279034
0.353234
0.400758
0.391995
0.349074
0.273699
0.183485
0.0953187
0.0522345
0.0582949
0.100815
0.161115
0.223545
0.290507
0.340253
0.376718
0.403298
0.412599
0.412842
0.405762
0.395588
0.363314
0.314096
0.245989
0.174667
0.112611
0.0434004
-0.0147145
-0.0636511
-0.168828
-0.272594
-0.329226
-0.362271
-0.416097
-0.438614
-0.41678
-0.380532
-0.331147
-0.286201
-0.256564
-0.22724
-0.190263
-0.156062
-0.117706
-0.0662701
-0.00998107
0.03448
0.0700675
0.0899472
0.104774
0.122528
0.148059
0.185586
0.221336
0.242394
0.253283
0.247189
0.229509
0.198297
0.162996
0.124201
0.0841889
0.0380214
-0.00460655
-0.0535069
-0.0983714
-0.131072
-0.155696
-0.174574
-0.189761
-0.206338
-0.216942
-0.217984
-0.213049
-0.201225
-0.175858
-0.144485
-0.112542
-0.0685964
-0.0187633
0.0198771
0.0472486
0.0662699
0.0788686
0.0904975
0.0971344
0.0979204
0.095996
0.0956495
0.100133
0.110709
0.1202
0.125246
0.12602
0.123326
0.116453
0.103412
0.0756187
0.0466445
0.0314004
0.0228258
0.0116184
-0.0033069
-0.0284849
-0.0563122
-0.0879079
-0.114708
-0.12699
-0.126421
-0.110724
-0.0774041
-0.0424046
-0.00883253
0.00847191
0.00756577
0.00178846
-0.00484007
-0.00990671
-0.0146649
-0.0207221
-0.0274955
-0.0273151
-0.0194155
7.15115E-4
0.0248517
0.0479775
0.0661293
0.0731274
0.0737835
0.0718308
0.0663707
0.0579557
0.043132
0.0196221
-0.00548197
-0.0274252
-0.0503996
-0.0604828
-0.0629533
-0.0614104
-0.0562142
-0.0453841
-0.0301108
-0.0155818
-0.00801077
-0.00929945
-0.0173741
-0.0250992
-0.0297795
-0.0332044
-0.0414646
-0.0539698
-0.0665654
-0.0740782
-0.0731069
-0.0594586
-0.0215728
0.0222747
0.0525825
0.0707012
0.0803668
0.0805274
0.0752297
0.0639739
0.0484824
0.0314687
0.0118401
-0.00717275
-0.0256588
-0.0430727
-0.0534663
-0.0623534
-0.0692801
-0.0772888
-0.0862399
-0.0989676
-0.112371
-0.126676
-0.134535
-0.136197
-0.134837
-0.128615
-0.12098
-0.112637
-0.102395
-0.0864254
-0.065335
-0.0425325
-0.0221845
-0.00512746
0.00822194
0.0228264
0.0367834
0.0442288
0.0462829
0.0454381
0.0422604
0.0375624
0.0326024
0.031218
0.0309058
0.0281786
0.0212525
0.0112578
0.00338652
9.32245E-4
0.00498654
0.0146393
0.0285637
0.0417142
0.0526944
0.0612418
0.0647503
0.0655277
0.062768
0.0584371
0.0543258
0.0498687
0.0429923
0.0344663
0.0228377
0.0150434
0.0121086
0.0146718
0.0229867
0.0360255
0.0491267
0.058079
0.0619458
0.0631056
0.0616924
0.0578685
0.0528334
0.0500001
0.0481312
0.0473687
0.046514
0.039012
0.0271246
0.00868026
-0.0114629
-0.0280741
-0.0366273
-0.0397864
-0.0421837
-0.0435567
-0.0447815
-0.0435216
-0.0375223
-0.027457
-0.0218576
-0.0240296
-0.0338862
-0.0477088
-0.0532017
-0.047041
-0.0346797
-0.0207477
-0.0117968
-0.00418618
0.00593128
0.022425
0.0417049
0.0622149
0.0784947
0.0865273
0.0858433
0.0765095
0.0441892
0.00461209
-0.0312863
-0.0494094
-0.0498133
-0.0395249
-0.0222846
-0.00275245
0.0121991
0.0180638
0.0183281
0.0146476
0.00903247
0.00448177
5.52143E-4
-0.00487647
-0.0116494
-0.0213747
-0.0260242
-0.0195038
-0.00210554
0.0169569
0.0288378
0.0357961
0.0394754
0.0429546
0.0460985
0.0483791
0.0476025
0.0394642
0.02636
0.0167023
0.0126862
0.0168188
0.0226792
0.0255813
0.0235663
0.0184173
0.00742134
-0.00566824
-0.0192303
-0.0301337
-0.0394981
-0.0469819
-0.0507528
-0.0490066
-0.0439171
-0.0358098
-0.0265281
-0.0180322
-0.00972118
-4.21712E-4
0.00617492
0.00964709
0.0102342
0.00870999
0.00375214
-0.00546882
-0.016975
-0.0265593
-0.0315714
-0.0348813
-0.03601
-0.0353296
-0.0333447
-0.0303758
-0.0284018
-0.0286899
-0.0306057
-0.0327696
-0.032375
-0.0292968
-0.0259437
-0.0217222
-0.0170014
-0.0128135
-0.00936067
-0.00423673
0.00510067
0.0161271
0.0267292
0.0364576
0.0392316
0.0356702
0.0334372
0.0343826
0.0404666
0.0508104
0.061472
0.0714065
0.0813324
0.0867615
0.0874201
0.0874117
0.0876584
0.0868833
0.086711
0.0846053
0.0803856
0.075044
0.0677823
0.0578626
0.0492932
0.0445174
0.0428666
0.0420283
0.0358094
0.0208678
0.0049983
-0.00987056
-0.0208466
-0.0232578
-0.023269
-0.0234143
-0.0242485
-0.027407
-0.0303324
-0.0313849
-0.0330838
-0.0343138
-0.0331316
-0.0281218
-0.02329
-0.0227599
-0.0260251
-0.0369418
-0.0506168
-0.0642477
-0.0719322
-0.071193
-0.063734
-0.0544111
-0.0475978
-0.0453278
-0.0470434
-0.0479517
-0.0439857
-0.0341144
-0.0236316
-0.0138328
-0.00998435
-0.0120988
-0.0183708
-0.0233025
-0.0270502
-0.0297257
-0.0345567
-0.0421106
-0.0487605
-0.05472
-0.0583006
-0.0583423
-0.0526389
-0.0368659
-0.0171424
-0.00116755
0.00881227
0.0117814
0.0119829
0.0120866
0.0131079
0.0161119
0.020212
0.021654
0.0230365
0.022911
0.0187117
0.0118763
0.00174908
-0.0079957
-0.0157888
-0.0217884
-0.0219116
-0.0188133
-0.0143259
-0.00762686
0.00137747
0.00995686
0.0167392
0.0206477
0.021774
0.0206955
0.0161239
0.00861083
0.0050082
4.7334E-4
-0.00555222
-0.016242
-0.0301108
-0.0435747
-0.0547747
-0.0563391
-0.0468795
-0.0365691
-0.0272403
-0.0197454
-0.0189868
-0.0215908
-0.0219573
-0.0186036
-0.0141201
-0.00845877
-0.00579708
-0.00603607
-0.00827855
-0.00966508
-0.00942385
-0.00792311
-0.00432646
2.72294E-4
0.0068338
0.0123382
0.0152591
0.0166559
0.0190101
0.0244249
0.0326099
0.0400846
0.0443008
0.0464746
0.0461856
0.0420818
0.034753
0.0261765
0.0211459
0.0186929
0.0154186
0.0099513
-6.5008E-5
-0.0113787
-0.0186322
-0.0207939
-0.0197666
-0.0168064
-0.0123961
-0.00760059
-0.00467835
-0.00211619
-0.00181262
-0.00283761
-9.78667E-4
0.00216929
0.00722294
0.0112136
0.0148185
0.0176885
0.019326
0.0231462
0.0273904
0.0316828
0.0352707
0.0358377
0.0344589
0.0309762
0.0269911
0.0235529
0.021648
0.0215334
0.0211902
0.020688
0.0202482
0.018214
0.01561
0.0172747
0.0205992
0.0247904
0.0277371
0.0302096
0.0280299
0.0250909
0.0223787
0.018935
0.0154796
0.0143946
0.0153421
0.0153603
0.00905712
-6.68593E-4
-0.016218
-0.0306571
-0.0363884
-0.0359971
-0.0306385
-0.0159237
0.00580115
0.0267004
0.0398063
0.044866
0.0426337
0.0334881
0.0152008
-0.00420059
-0.0227339
-0.0412557
-0.0534361
-0.0579495
-0.059784
-0.0597943
-0.0584905
-0.0559877
-0.0506587
-0.0417074
-0.030064
-0.020966
-0.0181595
-0.0202775
-0.025782
-0.0341838
-0.0427052
-0.0489673
-0.0522968
-0.0536767
-0.0512533
-0.0484979
-0.0462664
-0.0442601
-0.0404991
-0.0345935
-0.0264801
-0.0169569
-0.00889328
-0.00395795
-0.00114667
2.28945E-4
4.34006E-4
0.0012982
0.00343367
0.00687519
0.0105997
0.0131299
0.0137664
0.0109466
0.00498544
1.31217E-4
-0.0024447
-0.00403054
-0.00253512
0.00107754
0.00762497
0.0163449
0.0241364
0.0302243
0.0333746
0.0341859
0.0338362
0.032353
0.0309567
0.0291874
0.0272148
0.0252903
0.0252129
0.0270203
0.0307189
0.034455
0.0360421
0.0338976
0.0292076
0.0235796
0.0197321
0.0179944
0.0195793
0.0203434
0.0195723
0.0192674
0.018507
0.015653
0.0136581
0.0120497
0.0093713
0.00884068
0.00813608
0.00548321
-0.00230856
-0.0120924
-0.0219726
-0.0288853
-0.0292164
-0.0253704
-0.01841
-0.00844692
0.00193688
0.0116257
0.0211877
0.0275004
0.0304263
0.0307985
0.0303615
0.0283459
0.0244287
0.0192023
0.011397
0.00233449
-0.00260225
-0.00449999
-0.00367222
-2.43494E-4
0.00540875
0.0114121
0.016901
0.0227263
0.0255331
0.0260721
0.0246036
0.0239279
0.0249019
0.0276789
0.0312805
0.0360879
0.0382798
0.0391885
0.0352453
0.027734
0.0159916
0.00512705
-0.00239926
-0.00698719
-0.0104235
-0.0166138
-0.0247244
-0.0317563
-0.0335694
-0.0314557
-0.0288368
-0.0245
-0.0207535
-0.0199536
-0.0199967
-0.0198509
-0.0227845
-0.0238438
-0.023102
-0.0235942
-0.0259451
-0.0283705
-0.0307676
-0.034187
-0.0373573
-0.0391488
-0.04121
-0.0437092
-0.0466478
-0.0489625
-0.051619
-0.0521393
-0.051465
-0.0501617
-0.047295
-0.0438901
-0.0402228
-0.0356092
-0.0327201
-0.0312184
-0.0302227
-0.0287709
-0.026579
-0.0248341
-0.024823
-0.0273458
-0.0312468
-0.0351252
-0.0357741
-0.0317081
-0.0235348
-0.0165464
-0.00996463
-0.00806582
-0.00925195
-0.00975638
-0.00756736
-0.00165297
0.00529309
0.0105757
0.0166542
0.0210869
0.024275
0.0256607
0.0252241
0.0240233
0.0220563
0.0199707
0.0179244
0.0171193
0.016446
0.0169735
0.0177267
0.0182175
0.0180832
0.0173851
0.0162757
0.0165175
0.0173667
0.0189772
0.0220117
0.0242017
0.0244834
0.0229596
0.017465
0.0113115
0.00545204
0.00285503
0.00339513
0.00378437
0.00389852
0.00114264
-0.00328039
-0.0098288
-0.015498
-0.0165006
-0.0133686
-0.00892202
-0.00484893
-0.00296453
-0.00358105
-0.00465493
-0.00541059
-0.00642083
-0.00494861
-0.00355626
-0.002638
3.27515E-4
0.0054041
0.0117868
0.0180664
0.0222857
0.0233547
0.0219041
0.0196576
0.0192828
0.0193127
0.0211389
0.0226026
0.0258238
0.0285759
0.0343922
0.039726
0.0436596
0.0451221
0.0424958
0.0391088
0.0344527
0.0290725
0.0251444
0.0231932
0.0232669
0.0251797
0.0259926
0.0244148
0.0227216
0.0200848
0.0190769
0.0180692
0.0157448
0.0130496
0.0098631
0.0061714
-7.67609E-4
-0.00936694
-0.0149297
-0.0185983
-0.0205469
-0.020581
-0.0203961
-0.0181933
-0.0151705
-0.0125162
-0.00960745
-0.00789193
-0.00802446
-0.00506965
1.1878E-5
0.00559499
0.00952924
0.0115362
0.00999419
0.00467822
-7.18638E-4
-0.00326471
-0.00532397
-0.00610983
-0.00594947
-0.00504705
-0.00546408
-0.005977
-0.00596841
-0.00452209
-4.7151E-4
0.00254605
0.00452582
0.00430472
0.00352126
0.00331339
0.0042919
0.00640985
0.00954908
0.0141739
0.018492
0.0213467
0.0209564
0.0193291
0.0170585
0.0147882
0.0136004
0.0126907
0.0104762
0.00579687
2.49774E-4
-0.0042911
-0.00608433
-0.00732032
-0.00843609
-0.00835503
-0.00900275
-0.00949809
-0.00850946
-0.00709397
-0.00461975
-1.1027E-4
0.0033337
0.00450128
0.00555455
0.00561022
0.00663392
0.00744179
0.00706855
0.00662866
0.00435341
4.38272E-4
-0.00251782
-0.00515882
-0.00490322
-0.00294588
-0.00117434
-0.00230943
-0.0056719
-0.0117474
-0.0193713
-0.02788
-0.0353482
-0.0412466
-0.0439372
-0.0438613
-0.0420555
-0.0388169
-0.0374452
-0.0373667
-0.0392495
-0.0419623
-0.0433478
-0.0440759
-0.0436127
-0.0416515
-0.0385326
-0.0348107
-0.0302577
-0.026157
-0.0236106
-0.0211997
-0.0187924
-0.016088
-0.0126421
-0.00883611
-0.00429172
-0.0015758
-6.20628E-4
-6.36767E-4
-0.00151376
-0.00248088
-0.0026957
-0.00199104
3.91179E-4
0.00386444
0.00705523
0.00897073
0.0109937
0.0122174
0.0121087
0.00987974
0.00778392
0.00439718
-4.71359E-4
-0.00333816
-0.00336293
-0.00312146
-3.33068E-4
0.0039033
0.00720734
0.00982634
0.0131212
0.0165948
0.0199056
0.0225001
0.0225983
0.0197622
0.0146728
0.006745
-0.00167138
-0.0097171
-0.0147809
-0.0172945
-0.0178109
-0.0173069
-0.0152269
-0.00936665
-0.00159883
0.00649569
0.00963756
0.0106609
0.00877548
0.00683224
0.00413701
0.00213187
0.00100984
-7.47271E-4
-0.00136899
-4.7382E-4
0.00200411
0.00840592
0.0127885
0.0159606
0.0178449
0.0192335
0.0193505
0.0196766
0.0194602
0.0156475
0.00951449
0.00515562
1.09074E-4
-0.00506405
-0.00714384
-0.0073206
-0.00551637
-0.00224271
0.00354865
0.00853914
0.00989259
0.00904791
0.0050898
0.00108469
-0.00381724
-0.00724889
-0.00620787
-0.0026536
0.00318172
0.00970533
0.0158435
0.0191896
0.0214462
0.0229566
0.0244224
0.0260752
0.0272394
0.0263158
0.0255256
0.0224973
0.0190564
0.01522
0.0121798
0.0105627
0.00998507
0.00942352
0.00966843
0.00914588
0.00812032
0.00393831
-0.00175866
-0.00743229
-0.0130749
-0.0144997
-0.0126654
-0.00740011
5.67699E-4
0.00707
0.0104101
0.012687
0.013656
0.0117857
0.00734272
-0.00112488
-0.00953928
-0.0176283
-0.0228863
-0.0246978
-0.0267656
-0.02731
-0.0255156
-0.0220056
-0.0168702
-0.0137112
-0.0115162
-0.0101349
-0.00910714
-0.00956775
-0.0133359
-0.0169932
-0.0184945
-0.0184938
-0.0173992
-0.0157224
-0.0133417
-0.0125707
-0.0120142
-0.00939957
-0.005964
-0.00212243
8.3423E-4
0.00423545
0.00699026
0.00733456
0.0062081
0.00354557
0.0018698
8.52545E-4
2.63081E-4
7.1767E-4
0.00115633
0.00210157
0.00317487
0.00502709
0.0056288
0.00481861
0.00301142
0.00260701
0.00311152
0.00518027
0.00740847
0.00766699
0.00731718
0.00624096
0.00619193
0.00721336
0.00731204
0.00808403
0.0101676
0.0103774
0.00930959
0.00638642
0.00232242
-0.00543822
-0.0118212
-0.0152464
-0.0156806
-0.0138012
-0.0103598
-0.005808
-5.61908E-4
0.00283441
0.0032619
0.00224054
0.00227356
6.48476E-4
-8.52601E-4
-0.00265523
-0.00462551
-0.00831286
-0.0102585
-0.00986949
-0.00721025
-0.00389167
-0.0019599
-7.89103E-4
-0.00182702
-0.00309781
-0.00328061
-0.00607295
-0.00853529
-0.0108158
-0.0130837
-0.0155176
-0.0165818
-0.0171759
-0.0162383
-0.014644
-0.0103777
-0.00436461
0.00122846
0.00497898
0.00615272
0.00521668
0.00350251
0.00330194
0.00281216
0.00332451
0.00485755
0.00928383
0.0147874
0.0201281
0.0259985
0.0305096
0.0319832
0.0316842
0.0306201
0.0295839
0.0288367
0.0290554
0.0293589
0.0305615
0.0304548
0.0297255
0.0291909
0.0287576
0.0281302
0.0281349
0.0284372
0.0290216
0.0300879
0.0320145
0.0344469
0.0370047
0.0389573
0.0407115
0.0422647
0.0428586
0.0417166
0.038071
0.0337415
0.0285673
0.0206056
0.0134185
0.0101011
0.00858478
0.00875194
0.0100394
0.0115735
0.0125668
0.0133919
0.0131033
0.0128659
0.0113613
0.00989179
0.00776659
0.00454054
6.94571E-4
-0.00405774
-0.00835431
-0.0112111
-0.0151003
-0.0185146
-0.0216501
-0.0245861
-0.0267832
-0.0247816
-0.0186709
-0.012201
-0.00737172
-0.00332143
5.38181E-4
0.00116614
9.71789E-4
-1.13369E-5
-0.00246938
-0.00561674
-0.00855325
-0.0102179
-0.0110188
-0.0111326
-0.0154777
-0.0185399
-0.0177987
-0.0185593
-0.0185853
-0.0187741
-0.018769
-0.0186869
-0.017477
-0.0159908
-0.0126347
-0.010979
-0.00838041
-0.00655641
-0.00443474
-0.00264427
-0.00136917
7.01524E-4
0.00148363
3.04217E-4
-0.00294128
-0.00693885
-0.0114678
-0.0155228
-0.0172666
-0.0187238
-0.0204238
-0.021903
-0.0232772
-0.0250134
-0.0272868
-0.0286583
-0.0302754
-0.0305857
-0.0302341
-0.0305369
-0.0301871
-0.0318822
-0.0333639
-0.0361628
-0.037909
-0.0379773
-0.0351366
-0.0299386
-0.0236016
-0.0186226
-0.0112787
-0.00592744
-0.00371712
-0.00293678
-0.0039344
-0.0037513
-0.004835
-0.0072843
-0.0106683
-0.0135763
-0.0150725
-0.0139964
-0.00983217
-0.00184972
0.00507139
0.00878122
0.0108409
0.013995
0.0170337
0.0185833
0.018739
0.0176711
0.0167806
0.0129604
0.00961666
0.00756905
0.00470545
0.00231067
0.00228874
0.00237548
0.00235619
0.00228534
0.00230069
0.00115807
-0.00139428
-0.00414584
-0.0064839
-0.0072054
-0.00611223
-0.00496584
-0.00250767
-8.88013E-4
1.84751E-4
-1.59707E-4
-0.00132417
-0.00219765
-0.00195457
-5.24134E-4
0.00188297
0.0044386
0.00679309
0.00906821
0.0112556
0.012833
0.0144024
0.0139747
0.0125194
0.0115564
0.00946364
0.00755979
0.00567375
0.00549264
0.00712801
0.00968322
0.0118879
0.0139633
0.0140309
0.0135254
0.0134793
0.0123525
0.00978565
0.0076809
0.00632773
0.00426918
0.00464999
0.00606341
0.00765807
0.0114638
0.0142639
0.0152049
0.0160216
0.0162611
0.0160178
0.0146846
0.0129182
0.0094152
0.00455492
-0.00105068
-0.00357538
-0.00287816
0.00127631
0.0056345
0.00968829
0.0139956
0.0162352
0.0153252
0.0144127
0.0126177
0.0109555
0.00826367
0.00405035
0.00123501
-6.78706E-4
-9.59068E-4
-2.43874E-4
7.20792E-4
3.7631E-4
-0.0012281
-0.00367428
-0.0064263
-0.00928182
-0.0114456
-0.0130378
-0.0145129
-0.0162734
-0.0186803
-0.0197397
-0.0212601
-0.0225771
-0.0238462
-0.0236875
-0.0228731
-0.0234232
-0.0236848
-0.0236472
-0.0226118
-0.0220457
-0.021602
-0.018886
-0.0162555
-0.0141474
-0.0124228
-0.0103947
-0.00855584
-0.00805961
-0.00737259
-0.00646798
-0.00726154
-0.00786725
-0.00909744
-0.0108907
-0.0111177
-0.0106444
-0.0102333
-0.00843256
-0.00526153
-0.00304732
-0.00278702
-0.00277914
-0.00346195
-0.00446093
-0.00338047
-0.00173624
-4.37725E-4
0.00167245
0.00364034
0.00391828
0.00339329
0.00221742
3.71131E-4
-1.13088E-4
6.03626E-4
0.00340942
0.00644145
0.00782659
0.00761763
0.0040757
1.24086E-4
-0.00304449
-0.00518309
-0.00577789
-0.0065423
-0.00750099
-0.00833911
-0.00798008
-0.00587607
-0.00482344
-0.00363041
-0.00170157
-5.10355E-5
-5.64581E-4
-0.00217199
-0.00380834
-0.00257959
-5.03355E-4
0.00276033
0.00674749
0.0102135
0.0123215
0.0126992
0.0124392
0.0123131
0.0112594
0.0104784
0.00961337
0.0078076
0.0074088
0.00642098
0.00657428
0.00853071
0.0106944
0.0125147
0.0138368
0.0141852
0.0138587
0.0127829
0.0104015
0.00883936
0.0063743
0.00362136
0.00102008
-6.42706E-4
-0.00150271
-0.00180652
-0.00142695
-0.00182908
-0.0041649
-0.0070361
-0.0111295
-0.015065
-0.0180783
-0.0206213
-0.0212033
-0.0207986
-0.0183409
-0.0153304
-0.0117795
-0.00842033
-0.00580661
-0.00377544
-0.00266889
-0.001622
5.71982E-4
0.00193548
0.00215103
0.00155594
-7.08343E-4
-0.00292748
-0.00468495
-0.00478927
-0.00356689
-0.00100516
0.00262508
0.00584156
0.00762845
0.0104215
0.0116439
0.0110767
0.0112884
0.0112615
0.0108837
0.00980835
0.00695374
0.00501947
0.00309136
7.28104E-4
-5.89523E-4
-0.0019311
-0.0038186
-0.0048662
-0.00514558
-0.00527116
-0.00411625
-0.00281932
-8.14041E-4
-4.67558E-4
-0.00100053
-0.00110352
-2.14969E-4
-2.29494E-4
1.4336E-4
8.71735E-4
9.27604E-4
-1.57366E-4
-0.00167323
-0.00439062
-0.00651177
-0.00885342
-0.00998874
-0.0104002
-0.0103874
-0.0104134
-0.0105591
-0.0116473
-0.0118937
-0.0098183
-0.00857263
-0.00707171
-0.00478555
-0.00213319
0.0011169
0.00373376
0.00592694
0.00762935
0.00965251
0.0101731
0.00798027
0.0052338
0.00250142
-0.00105043
-0.00347961
-0.00611604
-0.00807045
-0.00911604
-0.0104111
-0.0106445
-0.0100083
-0.0103223
-0.0105125
-0.0102419
-0.00969142
-0.00866992
-0.00744772
-0.00755368
-0.007349
-0.00617235
-0.00566538
-0.00487586
-0.00355511
-0.00292676
-0.00310631
-0.00331485
-0.00345097
-0.00280022
-0.00242457
-3.47305E-4
0.00126181
0.00201416
0.00266986
0.00516076
0.00663379
0.00660482
0.00721347
0.00713186
0.0080362
0.00911944
0.0102999
0.0115059
0.0128766
0.0143608
0.0157079
0.0179629
0.0193164
0.0186322
0.0187008
0.0187329
0.0194003
0.0203938
0.021102
0.0201822
0.0192777
0.0191436
0.0197166
0.0193456
0.0188717
0.0185231
0.0182566
0.0179179
0.0173304
0.0160083
0.0164622
0.0168189
0.0173498
0.0172088
0.0176015
0.0170244
0.0154975
0.0142366
0.012445
0.0109481
0.00977641
0.00860755
0.0079006
0.00756101
0.00599873
0.00418969
0.00338
0.00275573
0.00278379
0.00404223
0.00628584
0.00693413
0.0054477
0.00276625
4.88471E-4
-0.00171912
-0.00231507
-0.00182336
6.70223E-4
0.00241645
0.00422836
0.00558264
0.00730886
0.00884861
0.00979907
0.0105906
0.0109702
0.0105179
0.0103524
0.0094292
0.00828933
0.00560346
0.00279245
-6.52634E-4
-0.00260939
-0.00390167
-0.00330543
-5.88315E-4
0.00362021
0.00797797
0.0107239
0.0122404
0.0120653
0.00994429
0.00786005
0.00506628
8.87148E-4
-0.00222977
-0.00296401
-0.00273603
-0.00178111
-0.00141293
-0.00320677
-0.00407759
-0.00500178
-0.00576462
-0.0068254
-0.00858517
-0.00887412
-0.0089042
-0.00933238
-0.0095641
-0.0100545
-0.0101184
-0.0109287
-0.00996845
-0.007872
-0.00506716
-0.00274585
-0.00236123
-0.00315869
-0.00432031
-0.00689822
-0.00907013
-0.010656
-0.0122346
-0.0125681
-0.0118626
-0.0101754
-0.00743122
-0.00536108
-0.00321192
-0.00221653
-0.00299939
-0.00453912
-0.00731435
-0.0104473
-0.0139452
-0.0168474
-0.0194791
-0.020617
-0.0212336
-0.020344
-0.019455
-0.0186522
-0.017483
-0.017539
-0.0182856
-0.0190994
-0.021509
-0.0231561
-0.0242234
-0.0246419
-0.0240861
-0.0233021
-0.0222801
-0.0206284
-0.0206095
-0.0179272
-0.0147143
-0.0125998
-0.0109926
-0.00970139
-0.00985255
-0.0105141
-0.0117197
-0.0117746
-0.0103237
-0.00772341
-0.00516166
-0.00212249
4.75464E-4
0.00200942
0.00229129
0.00271273
8.09863E-4
-0.00204166
-0.00461445
-0.00693421
-0.00795331
-0.00858838
-0.00771809
-0.00611614
-0.00458493
-0.00340243
-0.00152379
2.19945E-4
0.00167184
0.0028073
0.00306726
0.00228335
0.00176944
0.00158901
0.00200013
0.00272815
0.00514642
0.00677432
0.00836349
0.0106072
0.0121043
0.0127284
0.0132381
0.0130212
0.0121221
0.0114628
0.0115183
0.0104675
0.0098022
0.00876386
0.00801204
0.00624371
0.00703335
0.00873286
0.00965347
0.012679
0.0148615
0.016652
0.0186909
0.018084
0.0172141
0.0166977
0.0158382
0.0139156
0.0122385
0.0106826
0.00810127
0.00654043
0.00511597
0.0049222
0.00352049
0.00232844
0.00163716
0.00100297
0.00104344
0.00101894
0.00108519
9.78041E-4
0.0016287
0.00304375
0.00527475
0.00622557
0.00690107
0.00843558
0.00916826
0.00816059
0.00653953
0.00527043
0.00395527
0.00231179
9.19419E-4
5.90726E-4
1.18775E-4
-4.79017E-4
-7.09882E-4
-0.00210718
-0.00436555
-0.00561723
-0.00819186
-0.00938496
-0.00847693
-0.00715642
-0.00565862
-0.00524142
-0.00508871
-0.0056915
-0.00600623
-0.00463217
-0.00317841
-0.0024121
-0.00121384
-2.10989E-4
-7.05766E-4
-0.0016949
-0.00250723
-0.00266703
-0.00257841
-0.00232484
-0.00256516
-0.00357614
-0.0048534
-0.00547059
-0.00655793
-0.00838806
-0.00950123
-0.0105379
-0.0120078
-0.0128537
-0.0131937
-0.012996
-0.012553
-0.0120695
-0.0112335
-0.0100764
-0.00973598
-0.00863544
-0.00860857
-0.00849439
-0.00786217
-0.00579546
-0.00421049
-0.00325039
-0.00201826
-0.00186461
-0.00241533
-0.00307518
-0.0028528
-0.00217909
-0.00204683
-0.00101658
-9.36176E-4
-0.0014956
-0.00261792
-0.00264313
-0.00269574
-0.00299996
-0.00319925
-0.00319823
-0.00269321
-0.00192441
-7.20979E-4
-1.24574E-4
0.00140174
0.00239627
0.00303014
0.00398411
0.00488105
0.00619561
0.0071053
0.00719204
0.00714128
0.00697304
0.00555215
0.00479572
0.00535143
0.0065918
0.00784258
0.0101487
0.0127419
0.0139431
0.0154568
0.0163847
0.0169325
0.0177087
0.0171866
0.0164573
0.0157863
0.0144983
0.0130885
0.0121764
0.0112609
0.00984657
0.00947621
0.00972304
0.0100014
0.00991424
0.00954783
0.00914555
0.00906643
0.00923066
0.00977691
0.0103274
0.00997519
0.00966506
0.00933183
0.00913673
0.00917492
0.00961224
0.0098129
0.00937905
0.00889117
0.008861
0.00861114
0.00768948
0.00679852
0.00503377
0.0033731
0.00239155
0.00148129
0.00114729
6.73655E-4
4.35311E-4
3.97179E-5
-4.88209E-4
-0.00102408
-0.0016123
-0.00232165
-0.00205481
-0.00148313
-6.4324E-4
1.64254E-4
2.90528E-4
3.1189E-4
2.10295E-5
-6.09838E-4
-9.05181E-4
-0.00192952
-0.00302085
-0.00351445
-0.00423972
-0.00492145
-0.00508593
-0.00548245
-0.00621696
-0.00644985
-0.0063987
-0.00630579
-0.00605736
-0.00573274
-0.00520385
-0.00463595
-0.00450031
-0.00419593
-0.00403376
-0.00377236
-0.0034065
-0.00332279
-0.00387844
-0.0041345
-0.00433352
-0.00439602
-0.00436772
-0.00427856
-0.00414429
-0.0039808
-0.00395157
-0.00387096
-0.00381919
-0.00384075
-0.00380773
-0.00381048
-0.00402204
-0.00423163
-0.0044949
-0.00458
-0.004445
-0.00420807
-0.00396849
-0.00353431
-0.00325889
-0.00326631
-0.0033979
-0.00354368
-0.00351026
-0.00342045
-0.00328756
-0.00308772
-0.00298142
-0.00285214
-0.00269473
-0.00264866
-0.00263472
-0.00253197
-0.00244199
-0.00235682
-0.00227073
-0.00219817
-0.00216886
-0.00211336
-0.00202325
-0.00189233
-0.00176734
-0.0016001
-0.00149764
-0.00143219
-0.00144583
-0.00140238
-0.00135502
-0.00130255
-0.00122508
-0.00118238
-0.00115645
-0.00111227
-0.00103254
-9.47292E-4
-8.40291E-4
-7.49469E-4
-6.84256E-4
-6.07489E-4
-5.38962E-4
-4.85558E-4
-4.33231E-4
-3.80571E-4
-3.32998E-4
-3.00487E-4
-2.74407E-4
-2.34836E-4
-1.87552E-4
-1.39277E-4
-8.91394E-5
-3.9397E-5
3.95816E-6
4.67594E-5
8.66741E-5
1.24978E-4
1.54757E-4
1.7933E-4
2.09703E-4
2.45828E-4
2.78397E-4
3.09472E-4
3.38132E-4
3.67042E-4
3.94581E-4
4.19515E-4
4.40345E-4
4.58087E-4
4.75131E-4
4.90204E-4
5.03274E-4
