-1.11941E-4
-8.82117E-5
-1.21164E-4
-1.05016E-4
-1.42266E-4
-1.18567E-4
-1.46575E-4
-1.31753E-4
-1.62356E-4
-1.74118E-4
-1.85538E-4
-1.17421E-4
-1.12938E-4
-6.55469E-5
-1.46236E-4
-1.90411E-4
-2.65908E-4
-3.39264E-4
-4.57447E-4
-4.79011E-4
-5.27961E-4
-4.19632E-4
-1.90829E-4
9.77501E-5
1.90691E-4
7.03222E-5
-9.54002E-5
-1.07509E-5
1.03586E-4
2.98971E-4
1.79327E-4
6.95725E-5
-1.59304E-4
-2.76163E-4
-2.71142E-4
2.44033E-4
7.64756E-4
6.71312E-4
3.06994E-4
5.81554E-4
4.1521E-4
-6.55095E-4
-0.00181523
-0.00218831
-0.00186382
-8.57547E-4
-3.35765E-4
-0.00151324
-0.00114296
4.82199E-4
0.00173025
0.00200859
4.53782E-4
-0.00238501
-0.00449357
-0.00466035
-0.00495141
-0.00472224
-0.00387936
-0.0022252
-0.0013465
-0.00154928
-0.00173073
-0.0010421
-0.00394348
-0.00640856
-0.00398004
0.00191883
0.0065373
0.00658735
0.00415517
0.00287033
0.0014747
-0.00147447
-0.00367035
-0.00108221
0.0027726
0.00379327
0.00113569
4.87638E-4
0.00163743
-8.23403E-4
-0.00605833
-0.0120616
-0.0160083
-0.0148816
-0.00901086
0.00306838
0.0113513
0.00766658
6.15206E-5
-0.00138918
0.00528623
0.0167099
0.025443
0.0245927
0.0168637
0.00860764
0.00128956
-0.00753025
-0.0199804
-0.0270956
-0.0203657
-0.00320811
0.0087085
0.0132905
0.016689
0.0210025
0.0263056
0.0311917
0.0313247
0.0279715
0.0245708
0.0195649
0.00706514
-0.0115723
-0.0239004
-0.0290428
-0.0265831
-0.019105
-0.0156472
-0.0202964
-0.0287442
-0.0285698
-0.0204835
-0.00251253
0.0161977
0.0234068
0.0177674
0.013648
0.0130541
0.0116644
0.0100656
0.00951263
0.00808072
8.94334E-4
-0.0165722
-0.0300663
-0.0318319
-0.025987
-0.0144839
-0.0092112
-0.0157929
-0.029834
-0.0356013
-0.0236539
-0.00119987
0.0123773
0.0167057
0.0189911
0.0258467
0.0361029
0.0410084
0.0389808
0.0316352
0.0220338
0.0187559
0.0180079
0.0129851
0.00709062
0.0123674
0.022656
0.0227307
0.0143866
0.00691633
0.00626147
0.00931918
0.0055183
-0.0068
-0.0232623
-0.0334868
-0.0275176
-0.0148194
-0.00972668
-0.0170915
-0.0264829
-0.0318542
-0.0301332
-0.0233666
-0.0193721
-0.0151361
-0.00535147
0.00921605
0.0214143
0.0266864
0.0222823
0.00650192
-0.00724043
-0.0105444
-0.00321549
0.00853315
0.0217452
0.0345046
0.0429197
0.0401282
0.0172997
-0.0130788
-0.0246179
-0.0199167
-0.0107164
-0.00442946
-0.00978254
-0.0204611
-0.0270342
-0.027736
-0.0231564
-0.0159207
-0.00913803
-0.00675518
-0.00769066
-0.0158903
-0.0219999
-0.0250704
-0.0296681
-0.0342592
-0.0305178
-0.0154046
0.0149496
0.034961
0.0421944
0.0441499
0.0431937
0.0438124
0.0381437
0.02626
0.0125833
0.00118461
-0.00695552
-0.0143193
-0.0198814
-0.0273609
-0.0355535
-0.0394069
-0.0343884
-0.0272184
-0.02233
-0.0151206
-0.00715047
-0.00378002
-0.00682077
-0.00577487
0.00273016
0.00711103
0.0100134
0.0143438
0.0213944
0.024036
0.0208118
0.013884
0.00846205
0.0049555
0.00403228
0.00774021
0.0146756
0.0199662
0.0221418
0.0189097
0.0166895
0.0125832
0.0104549
0.00625012
0.00219322
-0.00691413
-0.0191931
-0.0308873
-0.0429425
-0.0525815
-0.0531417
-0.0456968
-0.0345176
-0.0229784
-0.0120242
-0.00567475
-0.00227552
-0.00396913
-0.0118024
-0.0182686
-0.0178234
-0.0130634
-0.00923948
-0.00669711
-0.00324837
0.00253519
0.00895176
0.0165381
0.0267197
0.0341063
0.0441249
0.0426646
0.0311004
0.022078
0.0206337
0.0242429
0.0233323
0.017509
0.0115957
0.0150293
0.020316
0.0206079
0.0138287
0.00259036
-0.0134526
-0.0265968
-0.0348154
-0.0361333
-0.0340164
-0.0375963
-0.0422258
-0.0366368
-0.0258234
-0.015362
-0.01003
-0.00540913
-0.00194285
0.00477977
0.0113972
0.0146941
0.0113168
0.00388131
-0.00132077
-0.00470537
-0.00684692
-0.00764435
-0.00615863
-0.00341025
-0.00156507
-0.00331966
-0.011707
-0.0200198
-0.0228286
-0.0206974
-0.016384
-0.00957292
-0.0101706
-0.0124778
9.70959E-4
0.0194151
0.0317462
0.039212
0.0387092
0.0344703
0.029902
0.0274902
0.0295253
0.0335995
0.0353831
0.0331875
0.0275296
0.0209508
0.0115688
0.00245845
-0.00538178
-0.011587
-0.00940682
-0.00790523
-0.0181494
-0.0175337
-0.0176124
-0.0271702
-0.040821
-0.0516218
-0.05059
-0.041876
-0.0442517
-0.0527067
-0.0542405
-0.0469291
-0.0377278
-0.031353
-0.0309757
-0.0344419
-0.0303012
-0.0181605
-0.00597562
0.00560351
0.0126072
0.0121761
0.00850855
0.00314952
-0.00394037
-0.00791636
-0.00390373
0.00737344
0.0189934
0.0283593
0.0337372
0.0317166
0.0242949
0.0120045
-0.0110471
-0.0363976
-0.0515937
-0.0573723
-0.0547397
-0.0477577
-0.0484517
-0.0530391
-0.0510206
-0.0459854
-0.0415151
-0.0349378
-0.0247173
-0.00602815
0.0180463
0.0342809
0.0407841
0.0472972
0.0524132
0.053952
0.0589552
0.0593484
0.0666246
0.0714902
0.0635923
0.0741734
0.0844981
0.078501
0.0664087
0.0485635
0.0284996
0.00737072
-0.0143188
-0.0294278
-0.0422495
-0.0552638
-0.0668764
-0.0682657
-0.0697071
-0.065805
-0.0569747
-0.0476417
-0.0357066
-0.0226193
0.00465836
0.0438642
0.0948558
0.155197
0.196036
0.200911
0.18796
0.174258
0.168864
0.178029
0.192939
0.192813
0.182176
0.165311
0.135889
0.0914517
0.0409935
-0.014238
-0.0628758
-0.114839
-0.192975
-0.284052
-0.312075
-0.29851
-0.277511
-0.286617
-0.293091
-0.272103
-0.241841
-0.183035
-0.11073
-0.0586614
-0.0212613
0.0144091
0.0511534
0.0813904
0.0994669
0.104887
0.101819
0.104173
0.110186
0.116011
0.120578
0.118347
0.106786
0.0958788
0.0884862
0.08571
0.0801441
0.0675097
0.0552224
0.0422985
0.0439412
0.0395727
0.0237737
0.0157531
0.00290122
0.00321453
0.0137472
0.0227802
0.0300373
0.029572
0.0272252
0.0346174
0.0440815
0.0518824
0.0567723
0.0581838
0.0532232
0.0446787
0.0282297
0.011507
-0.00215183
-0.0106766
-0.0163944
-0.0206061
-0.0227484
-0.0177506
-0.00555944
0.0133101
0.038228
0.0607264
0.0744271
0.0801345
0.0797049
0.0762011
0.0690227
0.0564582
0.0418787
0.0162245
-0.0194511
-0.0622371
-0.102373
-0.132081
-0.151419
-0.160064
-0.163486
-0.152395
-0.120363
-0.0645199
-0.0287494
-0.00242437
0.0146246
0.0263102
0.0308279
0.0209815
0.0163856
0.0153925
0.00365044
-0.0172979
-0.0562963
-0.0812958
-0.0871272
-0.0959426
-0.100921
-0.0977079
-0.0862725
-0.0703698
-0.0350045
0.0136704
0.0393486
0.0518396
0.0653225
0.0776934
0.0897238
0.0967544
0.0922287
0.0722965
0.0413856
0.00851151
-0.0233484
-0.0571497
-0.0885193
-0.108338
-0.11167
-0.10241
-0.0801996
-0.0560989
-0.0295181
-0.0104439
-3.02523E-4
0.00137071
-0.00551766
-0.0109268
-0.0115647
-0.010795
-0.0070144
0.00222155
0.0174912
0.0287205
0.0243818
0.0116346
0.00480069
-0.00606543
-0.0291169
-0.044388
-0.0377801
-0.0161294
0.0140546
0.0473764
0.0765173
0.109659
0.137722
0.149412
0.147569
0.129455
0.0948544
0.0551518
0.0188261
-0.0113165
-0.0420594
-0.0762651
-0.104735
-0.119079
-0.120844
-0.115472
-0.10672
-0.0983079
-0.088637
-0.0655252
-0.0300721
-0.00753373
8.47159E-4
-0.0042212
-0.012479
-0.01299
-0.0108121
-0.0180931
-0.0418204
-0.0676548
-0.076567
-0.0731716
-0.0579391
-0.0264032
0.0051017
0.0235839
0.0439309
0.0751749
0.111983
0.141048
0.166296
0.186194
0.185788
0.16202
0.123104
0.0647744
0.00505807
-0.0431844
-0.0758236
-0.104099
-0.129495
-0.144389
-0.145294
-0.133935
-0.11663
-0.101838
-0.0858457
-0.0642911
-0.0393043
-0.0138084
0.00644933
0.018189
0.0320842
0.0462456
0.0525958
0.0502203
0.0467019
0.04538
0.0407129
0.0250824
-0.00231854
-0.0316324
-0.057663
-0.0688375
-0.0668618
-0.0515271
-0.0290989
-0.0144952
0.00733406
0.0425805
0.0807635
0.103162
0.109782
0.111809
0.107287
0.0984207
0.0814135
0.0615245
0.0400999
0.00699302
-0.0352855
-0.0607742
-0.0691983
-0.0737965
-0.0766182
-0.0800692
-0.0834263
-0.0869765
-0.0835533
-0.0689986
-0.0347325
0.00292295
0.0368314
0.0617835
0.0798117
0.0872647
0.0890802
0.0916921
0.0958979
0.100193
0.103185
0.104849
0.102391
0.0850257
0.0548111
0.0315397
0.0204019
0.0164262
0.0166491
0.0200605
0.0253726
0.0307862
0.0361257
0.0406183
0.041734
0.0402722
0.0309153
0.0108474
-0.0114737
-0.0350762
-0.059704
-0.0864986
-0.110655
-0.132609
-0.155048
-0.170959
-0.17004
-0.15193
-0.108975
-0.0589227
-0.00876179
0.0319542
0.0652334
0.0922884
0.105991
0.114499
0.117425
0.112862
0.0986631
0.0764222
0.0434522
0.0106022
-0.0150978
-0.0247079
-0.0198212
-0.00705663
0.00213039
0.00502377
0.00272017
-0.00879619
-0.0248738
-0.0393338
-0.0553113
-0.0699843
-0.0805919
-0.0924162
-0.101269
-0.0974377
-0.0657185
-0.00477659
0.0564914
0.0959724
0.113384
0.107889
0.0871778
0.0467572
-0.0034726
-0.0379599
-0.0516095
-0.0544063
-0.0490669
-0.032856
-0.0108635
0.00359326
0.0116746
0.017264
0.0217305
0.032761
0.0534205
0.0775637
0.0911244
0.0891436
0.0620547
0.0106839
-0.0354639
-0.0681632
-0.087509
-0.0968346
-0.0972402
-0.080196
-0.035813
-0.00876307
0.0188295
0.0607617
0.0897926
0.102695
0.103868
0.0979588
0.0849481
0.0700726
0.0505578
0.0168397
-0.0228211
-0.0595806
-0.100096
-0.14281
-0.169193
-0.184436
-0.193669
-0.193128
-0.177163
-0.142357
-0.0883837
-0.0348791
0.0119612
0.0642407
0.116927
0.164526
0.19466
0.213077
0.199803
0.153296
0.113672
0.0852715
0.0339802
-0.0186772
-0.0487747
-0.0736341
-0.111331
-0.157297
-0.185745
-0.185697
-0.176092
-0.153226
-0.102286
-0.0397881
0.0142525
0.0553199
0.0999606
0.138155
0.174765
0.195628
0.202194
0.195295
0.165994
0.0988177
0.0337823
-0.0188939
-0.0489304
-0.0567205
-0.0513424
-0.0439898
-0.05031
-0.0658847
-0.065159
-0.031741
0.0251269
0.066144
0.0860433
0.0931794
0.0786021
0.0414803
-0.0131422
-0.0613728
-0.0999362
-0.139764
-0.167728
-0.177947
-0.177786
-0.171364
-0.153331
-0.113044
-0.0701497
-0.033824
0.01446
0.0729846
0.127432
0.181175
0.228012
0.243591
0.196019
0.127317
0.0721981
0.00887797
-0.0546202
-0.0980781
-0.135153
-0.18144
-0.199965
-0.174191
-0.130961
-0.0873482
-0.0329066
0.0316001
0.0688494
0.0877097
0.107851
0.115968
0.109645
0.0785604
0.0321844
-0.0141779
-0.0489932
-0.0967611
-0.147339
-0.18511
-0.201646
-0.198371
-0.152724
-0.076819
0.0221901
0.0907565
0.139363
0.185623
0.206594
0.213565
0.207671
0.175956
0.114488
0.0320939
-0.0502716
-0.109712
-0.155445
-0.190183
-0.209446
-0.217598
-0.221812
-0.207882
-0.168247
-0.0911689
-0.0123741
0.0421398
0.0908184
0.133769
0.16838
0.185412
0.190804
0.168781
0.122594
0.0316841
-0.0443596
-0.0774261
-0.108602
-0.145084
-0.167431
-0.170744
-0.166303
-0.140366
-0.0975624
-0.0495465
-0.00794313
0.027976
0.0849784
0.170688
0.240093
0.27319
0.3015
0.329465
0.329419
0.267267
0.203553
0.202549
0.242103
0.25995
0.25883
0.264819
0.260361
0.249706
0.214752
0.15834
0.0697987
-0.00649048
-0.0519697
-0.0921454
-0.149174
-0.236296
-0.323265
-0.387491
-0.430056
-0.468629
-0.465787
-0.421098
-0.387518
-0.368924
-0.31506
-0.198391
-0.0896248
-0.0315196
0.0323398
0.116942
0.20048
0.254253
0.296274
0.287092
0.210204
0.0726903
-0.00833321
-0.0379987
-0.111116
-0.184359
-0.22497
-0.248742
-0.267178
-0.265962
-0.239177
-0.184829
-0.116269
-0.0527282
-0.00414897
0.0416021
0.085557
0.13236
0.180136
0.21539
0.239762
0.252537
0.255001
0.25391
0.236196
0.191613
0.131184
0.072285
0.0287176
-0.00873675
-0.0387532
-0.0626514
-0.0767867
-0.080432
-0.086307
-0.0950567
-0.114755
-0.127657
-0.137034
-0.146786
-0.154227
-0.15504
-0.14994
-0.148507
-0.140771
-0.108096
-0.0702319
-0.0343764
0.00495885
0.0466687
0.077031
0.10397
0.129569
0.152438
0.169761
0.177987
0.179311
0.15976
0.107106
0.0536359
0.0101066
-0.0311032
-0.0732473
-0.112019
-0.145104
-0.168274
-0.186547
-0.197906
-0.197486
-0.177403
-0.144749
-0.103673
-0.0621379
-0.0222111
0.011504
0.0454835
0.0808477
0.113802
0.150154
0.174675
0.185324
0.175359
0.161115
0.144589
0.122449
0.0987357
0.0747268
0.0485221
0.027202
0.0147065
0.00798529
8.79771E-4
-0.00633671
-0.00898137
-0.00952781
-0.0103828
-0.0143351
-0.0216959
-0.0311673
-0.0399432
-0.0482008
-0.0567146
-0.0609517
-0.0566912
-0.0387761
-0.0146068
0.00874289
0.0328377
0.0556569
0.0726398
0.0745304
0.065294
0.0539209
0.0447447
0.0355441
0.0247988
0.011363
-0.00263638
-0.0161565
-0.0271864
-0.0347685
-0.0394582
-0.0403395
-0.0386839
-0.0344389
-0.0302989
-0.0262869
-0.0232931
-0.0190423
-0.00708077
0.0140009
0.0339689
0.0535267
0.0758455
0.0985478
0.114596
0.124303
0.129522
0.131296
0.126107
0.112504
0.0809127
0.0452461
0.0117149
-0.0180967
-0.0445906
-0.0720935
-0.0947933
-0.11121
-0.121924
-0.131556
-0.139012
-0.1456
-0.147274
-0.145518
-0.134638
-0.110609
-0.0656046
-0.0200958
0.0247939
0.0623875
0.100426
0.139126
0.163442
0.174685
0.173431
0.162492
0.135777
0.101474
0.0564067
0.0159301
-0.0170093
-0.0466878
-0.0700811
-0.0881225
-0.098964
-0.104015
-0.105484
-0.101014
-0.086968
-0.0709241
-0.0556666
-0.0396742
-0.0281792
-0.022097
-0.0161028
-0.00655548
0.00384375
0.0123962
0.0156135
0.0126803
0.00533688
-0.00172783
-0.0030711
1.75874E-5
0.00816683
0.0178297
0.0302792
0.0438755
0.0537835
0.0575339
0.0541177
0.0402771
0.019725
0.00343214
-0.00524673
-0.0108221
-0.0167153
-0.0209536
-0.0241881
-0.0270463
-0.0281129
-0.0263921
-0.0253321
-0.02452
-0.0222971
-0.0211157
-0.0202661
-0.0170279
-0.0138392
-0.0109471
-0.00705442
-0.00415587
-0.0030612
-0.00574894
-0.0118342
-0.0199615
-0.0280791
-0.0351338
-0.0349638
-0.0279067
-0.0108545
0.0119484
0.0356156
0.0588407
0.0779388
0.088333
0.0930885
0.0937188
0.0905234
0.079243
0.0587054
0.0374517
0.0171046
-0.00362091
-0.0217802
-0.0394525
-0.0537113
-0.0626293
-0.0677391
-0.0690476
-0.0673973
-0.0651863
-0.0603675
-0.0510015
-0.0341391
-0.0125375
0.00520002
0.0168559
0.0257574
0.0305981
0.0318461
0.0311291
0.0266779
0.0169546
0.00358512
-0.00792778
-0.0185779
-0.0262448
-0.0278405
-0.0282869
-0.0295627
-0.0306607
-0.0342919
-0.0416406
-0.0509954
-0.0592922
-0.0644559
-0.0684901
-0.0695551
-0.069175
-0.0671155
-0.0609591
-0.0492455
-0.0315239
-0.010479
0.00974161
0.0300917
0.0508743
0.0706619
0.086025
0.0956034
0.0999412
0.0992719
0.0923208
0.0781657
0.0595493
0.0408427
0.022047
0.00743675
-0.00306384
-0.0116977
-0.0174052
-0.0214726
-0.0252837
-0.0275616
-0.0298143
-0.0319304
-0.0336815
-0.0336779
-0.0341616
-0.0355896
-0.036922
-0.0368691
-0.0355441
-0.0303909
-0.0228072
-0.0144917
-0.00725497
0.00169417
0.010945
0.0182145
0.0244317
0.0290682
0.0326648
0.0348775
0.0344074
0.0324201
0.031442
0.0333662
0.0370663
0.0441171
0.0521295
0.0582524
0.0617975
0.0632857
0.0619777
0.056733
0.0502578
0.0408948
0.0323094
0.024348
0.0145439
0.00274499
-0.00846933
-0.0155474
-0.0183193
-0.0173356
-0.0124863
-0.00325703
0.00867894
0.0179993
0.0205505
0.0190171
0.0154418
0.011553
0.0088828
0.00683246
0.00528782
9.88726E-4
-0.00830742
-0.0202805
-0.0361574
-0.0503521
-0.0620397
-0.0712008
-0.0751045
-0.0730342
-0.0650107
-0.0521086
-0.0384245
-0.0201774
-0.00110881
0.0173777
0.0346302
0.0484854
0.0551818
0.0579141
0.0587349
0.0549959
0.0478798
0.0398928
0.0331931
0.0257356
0.016493
0.00654678
-0.00253435
-0.0115133
-0.0213274
-0.0269493
-0.0289739
-0.0244035
-0.016366
-0.00376289
0.0114768
0.0262256
0.0358539
0.040987
0.0426408
0.0408372
0.0362559
0.0286761
0.019785
0.00883067
-0.00464912
-0.016983
-0.0273362
-0.0340227
-0.0359563
-0.0349393
-0.031795
-0.027031
-0.0202107
-0.0141963
-0.0104863
-0.00785463
-0.00739321
-0.00745162
-0.00859661
-0.00977865
-0.0109996
-0.0121435
-0.0131751
-0.0113225
-0.00647077
9.19796E-4
0.00852076
0.0157633
0.022829
0.0268765
0.0292838
0.0303662
0.0311141
0.0322713
0.0336784
0.0339509
0.0303417
0.0219456
0.0113557
0.00415688
-1.58625E-4
-0.00309447
-0.00474908
-0.00470349
-0.00267955
-8.49757E-4
8.7996E-4
-6.71548E-4
-0.00318054
-0.00788746
-0.0140098
-0.0203691
-0.0262321
-0.0322105
-0.0373399
-0.0404444
-0.0401396
-0.0383672
-0.0324923
-0.0271091
-0.0213005
-0.016498
-0.0122517
-0.0082475
-0.00340994
0.00123217
0.00443458
0.00520718
0.00459554
0.00150275
-0.00363834
-0.00911777
-0.0132483
-0.0161403
-0.016698
-0.0145394
-0.0111674
-0.00807975
-0.00581259
-0.00538302
-0.00394748
-0.00259385
-7.06514E-4
0.0021872
0.00423092
0.00672484
0.0100207
0.0142601
0.0170459
0.0172595
0.0158891
0.0141679
0.0127802
0.0114996
0.00849259
0.00440118
-4.91394E-4
-0.00607147
-0.0112972
-0.0162761
-0.0216029
-0.0267974
-0.0301211
-0.0318954
-0.0296097
-0.0241941
-0.0149304
-0.00224079
0.00835075
0.0186571
0.028021
0.0342292
0.0369305
0.0369534
0.0326109
0.0238311
0.00978918
-0.00451215
-0.0146563
-0.0232906
-0.0310512
-0.0360847
-0.0372983
-0.0347253
-0.0291348
-0.0219601
-0.0130396
-0.00230352
0.00902018
0.0213341
0.031114
0.035715
0.0372822
0.0374008
0.035346
0.0325358
0.0295656
0.0274636
0.0259388
0.0252372
0.0230755
0.0198049
0.0167684
0.0125129
0.00870679
0.00605452
0.00506806
0.00545162
0.00703697
0.00934911
0.00990686
0.0078058
0.00303983
-0.00563625
-0.0152819
-0.0246794
-0.033764
-0.0408587
-0.0458495
-0.0478053
-0.0474769
-0.0473081
-0.0468423
-0.0474722
-0.0479005
-0.0458897
-0.0394582
-0.029485
-0.0146525
0.00269318
0.0195283
0.0339363
0.0445973
0.0503341
0.0514255
0.0504245
0.0477678
0.0433192
0.0371753
0.0300085
0.021303
0.0102126
-8.26062E-5
-0.00782921
-0.0130092
-0.0157738
-0.0167236
-0.0159217
-0.0143889
-0.0110148
-0.00606426
-9.8601E-4
0.00472921
0.00973771
0.0116331
0.0114898
0.00772856
5.63535E-4
-0.00737052
-0.0135343
-0.0165903
-0.0193001
-0.0215241
-0.0221134
-0.0216469
-0.0211361
-0.0190569
-0.0153055
-0.00987424
-0.00127277
0.00817362
0.0151102
0.0191644
0.0206821
0.0197736
0.017733
0.013728
0.00863617
0.00310339
-0.00382128
-0.0120865
-0.0199384
-0.0279906
-0.0346523
-0.0383249
-0.0387281
-0.0369741
-0.0334085
-0.0271571
-0.0205627
-0.0153695
-0.0104298
-0.00473525
7.80018E-4
0.00502183
0.00816629
0.0120938
0.0167216
0.0213657
0.0273424
0.0319708
0.0355942
0.0377842
0.0387985
0.0378189
0.0354021
0.0313676
0.0261239
0.0205291
0.0143262
0.00871798
0.00337069
-0.00264043
-0.00724769
-0.0125239
-0.0191469
-0.0272607
-0.0346312
-0.0407937
-0.0445114
-0.045699
-0.0433233
-0.0394843
-0.0317131
-0.0222717
-0.0110902
-8.83913E-4
0.010391
0.0224676
0.031107
0.0364848
0.0385502
0.0387827
0.0375535
0.0344384
0.0300225
0.0252168
0.0201069
0.0157112
0.0113631
0.00633367
-3.50305E-4
-0.00467613
-0.00630335
-0.00569637
-0.00431219
-0.0029706
-0.0041021
-0.00680313
-0.0100057
-0.0131864
-0.014651
-0.0133273
-0.011179
-0.00843454
-0.00642079
-0.00347683
0.00146815
0.00702384
0.0126732
0.0163356
0.0178008
0.0175222
0.013264
0.00518645
-0.00268656
-0.0115117
-0.0204457
-0.0272852
-0.0294652
-0.0275993
-0.019818
-0.00815869
0.00379817
0.0138798
0.0244912
0.0333637
0.0389473
0.0420149
0.0416385
0.0360079
0.0277123
0.0155613
0.00232329
-0.00731112
-0.0155878
-0.0213881
-0.0244136
-0.0235575
-0.0193023
-0.0125348
-0.00467645
0.0039833
0.010137
0.0129279
0.0126484
0.0113406
0.00981768
0.00818065
0.00612753
0.00363951
0.00150467
-7.34782E-4
-0.00225696
-0.00163899
8.07815E-4
0.00442143
0.0112141
0.0184973
0.0240625
0.0279184
0.0285635
0.0264685
0.0229022
0.0162082
0.00775587
-0.00172966
-0.0108273
-0.0163641
-0.0177933
-0.018326
-0.0183034
-0.0182349
-0.0188326
-0.0195043
-0.0195102
-0.0194682
-0.0174765
-0.0122659
-0.00407677
0.00426451
0.0108447
0.0156433
0.0176406
0.0191129
0.0195509
0.0206508
0.0211886
0.0209678
0.0198205
0.0172259
0.0131202
0.00822025
0.00348718
-0.00145737
-0.00600355
-0.00962199
-0.0123601
-0.0142479
-0.0172341
-0.0208129
-0.0232923
-0.0257029
-0.0288627
-0.0315571
-0.0339443
-0.0359276
-0.0360615
-0.0346507
-0.032253
-0.0283838
-0.0215693
-0.0142519
-0.00706624
-9.22821E-4
0.00425854
0.00771739
0.00872635
0.00859502
0.00796178
0.0065575
0.00531312
0.00528714
0.00499572
0.00384421
0.00169786
6.23278E-4
2.60277E-4
4.11373E-4
6.19426E-4
0.00116653
0.00436403
0.00899546
0.0142702
0.0174656
0.0195408
0.0204326
0.01873
0.0171947
0.0155278
0.0112374
0.00351722
-0.00519475
-0.0133321
-0.0196674
-0.0248075
-0.0272167
-0.0266945
-0.0239027
-0.0191533
-0.0129273
-0.00636038
-0.00104944
0.00372014
0.00862399
0.013659
0.0174287
0.0206723
0.0217095
0.0210581
0.0184282
0.0125944
0.00522697
-0.0026721
-0.011743
-0.0204101
-0.0276778
-0.0311184
-0.031488
-0.0298709
-0.0242754
-0.0127769
-3.21837E-4
0.00900504
0.0169235
0.023533
0.028806
0.0329884
0.037164
0.0395633
0.0375243
0.0313642
0.0218843
0.00887592
-0.00392877
-0.0172961
-0.0271514
-0.0370988
-0.0451011
-0.0488799
-0.0497983
-0.0481976
-0.0439832
-0.0358235
-0.0276033
-0.0199681
-0.0110685
-4.206E-4
0.0112311
0.0229365
0.0309949
0.0362202
0.0382444
0.036492
0.0310167
0.0234313
0.0132226
0.00348445
-0.0033275
-0.00702472
-0.00843011
-0.0077711
-0.00383557
0.00253258
0.0068465
0.00911059
0.00876234
0.00746751
0.00722685
0.00683705
0.00418199
0.00152875
-0.00312966
-0.0083969
-0.0135258
-0.0174117
-0.020786
-0.0209987
-0.0186783
-0.0126188
-0.0058666
0.00228057
0.00894595
0.0160953
0.0230959
0.025538
0.0240908
0.0179104
0.00656355
-0.0049882
-0.0156442
-0.0262596
-0.0338976
-0.035459
-0.0314608
-0.0236735
-0.0111243
0.00316235
0.0164985
0.0267951
0.0349332
0.0400591
0.0424673
0.0415985
0.0389813
0.0336913
0.0252623
0.0145925
0.00171028
-0.00926344
-0.0176945
-0.0232017
-0.0251985
-0.024969
-0.0230367
-0.0204874
-0.0175473
-0.0153315
-0.0143696
-0.0142154
-0.0136257
-0.0122247
-0.0100817
-0.0092753
-0.00908095
-0.00701431
-0.00509088
-0.00320013
-6.18558E-4
0.00150867
0.0023825
0.00108074
-9.96671E-4
-0.00526053
-0.0102625
-0.0155259
-0.020028
-0.0230927
-0.0243379
-0.0239682
-0.0234663
-0.0230516
-0.0217605
-0.019738
-0.0165404
-0.0126125
-0.00840569
-0.00360315
-5.4045E-4
0.00160327
0.00492354
0.00703765
0.00959392
0.011113
0.00961321
0.00847264
0.00707042
0.00471465
0.0022382
-0.00119056
-0.00567541
-0.0098069
-0.0119976
-0.0136332
-0.0152111
-0.0164244
-0.016431
-0.0162534
-0.0162737
-0.0160723
-0.0161194
-0.0149816
-0.0133389
-0.0124136
-0.0121364
-0.0116469
-0.0108486
-0.0109602
-0.0106424
-0.00921432
-0.00645758
-0.00275005
0.00112518
0.00620066
0.0113272
0.015119
0.0191259
0.0220755
0.0242842
0.0249433
0.0242415
0.0218409
0.0190301
0.0163662
0.0135384
0.00965731
0.0043741
0.00146004
-0.00275868
-0.00761475
-0.0122523
-0.0164762
-0.0200265
-0.0225319
-0.0225565
-0.0219447
-0.0194652
-0.0164891
-0.0129033
-0.00973316
-0.00592274
-0.00200592
0.0022264
0.00704589
0.0122969
0.0161481
0.0190628
0.0192582
0.0195575
0.0196408
0.0192144
0.0187247
0.0183446
0.0181466
0.0175827
0.0152347
0.0132925
0.0106359
0.00804588
0.00787913
0.0062957
0.00540291
0.00535474
0.00544471
0.00634307
0.00659273
0.00565764
0.00501521
0.00310775
0.00201203
-1.44806E-4
-0.00218266
-0.00221599
-8.65594E-5
0.00307211
0.00699506
0.0108255
0.0147249
0.0182313
0.0199191
0.0221132
0.0233733
0.0231665
0.021363
0.0179268
0.0122754
0.00374901
-0.00480895
-0.0130993
-0.0178026
-0.0189591
-0.0185607
-0.0161418
-0.0122588
-0.00856603
-0.00447342
-7.74511E-4
0.00194044
0.00556586
0.00839665
0.00978849
0.0112021
0.012391
0.0126407
0.0111262
0.00914123
0.00585861
0.00136142
-0.00442852
-0.00957257
-0.0158818
-0.0211503
-0.0252598
-0.0279545
-0.0285206
-0.0281167
-0.0259991
-0.020899
-0.0151135
-0.00655528
-1.92145E-4
0.00597778
0.0118485
0.0167782
0.02155
0.0253256
0.0260226
0.0251222
0.0215222
0.0170058
0.0125461
0.00893638
0.00594749
0.00207759
-0.0019251
-0.00599429
-0.00947115
-0.0116359
-0.0119915
-0.00988338
-0.00629703
-0.00219441
0.00178854
0.00423875
0.00671802
0.00922523
0.0105577
0.0132669
0.0144685
0.0154375
0.0170006
0.0172391
0.015662
0.0135869
0.0104434
0.00709396
0.00434852
0.00134435
-0.00116811
-0.00447575
-0.00929797
-0.0145303
-0.0177166
-0.0192297
-0.0198591
-0.018505
-0.0160407
-0.0115753
-0.00586918
3.97324E-4
0.0051979
0.008437
0.0114496
0.0139569
0.0167692
0.0193231
0.021203
0.0233339
0.0241373
0.0222901
0.018363
0.0138281
0.00963167
0.00440205
-0.00237669
-0.00954008
-0.0154922
-0.0200803
-0.0212216
-0.0224665
-0.0234819
-0.0234246
-0.022616
-0.0209228
-0.0185155
-0.0142473
-0.00931303
-0.00478132
3.40291E-4
0.00313077
0.0051891
0.00664649
0.00669036
0.00661337
0.00839985
0.0103655
0.0111772
0.0116394
0.0114062
0.0104367
0.00750281
0.00287098
-0.00100897
-0.00393344
-0.00587466
-0.00612338
-0.00678878
-0.00745338
-0.00746595
-0.00694926
-0.00615849
-0.00634957
-0.00543648
-0.00419913
-0.00253625
-0.00179754
-0.00178804
-0.00250451
-0.00372828
-0.00438341
-0.00573712
-0.00802918
-0.00871281
-0.0104547
-0.0115418
-0.0113203
-0.0109666
-0.00953229
-0.00706931
-0.00311936
0.00275733
0.00859528
0.0138633
0.0190185
0.0213689
0.0224979
0.0223933
0.0206414
0.0177777
0.013349
0.0088147
0.00359378
-0.00221128
-0.00728036
-0.0105993
-0.0129594
-0.0147377
-0.0170732
-0.0176059
-0.0154057
-0.0133512
-0.0113557
-0.00713544
-0.00278315
4.48828E-4
0.00269733
0.00460712
0.0050565
0.00596958
0.00897289
0.0122836
0.0133774
0.0150354
0.0171743
0.0170076
0.0166342
0.0163952
0.0160089
0.01572
0.015512
0.0154483
0.0134794
0.0104016
0.00721516
0.00495402
0.00211879
4.53702E-4
-0.00180073
-0.00341847
-0.00336159
-0.00346807
-0.00346232
-0.00352575
-0.00351164
-0.00348055
-0.00323802
-0.00202556
-4.8429E-4
4.57092E-4
0.00109212
0.00200259
0.00276468
0.0028874
0.00211352
0.00229168
0.00291554
0.00334127
0.0033245
0.00456971
0.00734156
0.00978162
0.0122143
0.0140461
0.0157555
0.0166635
0.0177027
0.0172793
0.0157827
0.0135373
0.0107831
0.0081006
0.00504131
0.00180657
2.53551E-4
-0.00139167
-0.00231893
-0.00125187
1.17508E-4
0.00239747
0.00348933
0.00452898
0.00468127
0.00429149
0.00317638
0.00168721
-5.59076E-4
-0.00376787
-0.00718572
-0.00964331
-0.0112346
-0.0121968
-0.0119629
-0.011362
-0.00972645
-0.00711688
-0.0048175
-0.00326623
-0.00210629
-0.00192782
-9.40677E-4
-9.75351E-5
4.55233E-5
3.27303E-5
-2.69766E-4
-0.00110466
-0.00247575
-0.00460062
-0.00680139
-0.00860341
-0.00937039
-0.0103474
-0.0109143
-0.0105621
-0.0103172
-0.00990512
-0.00915578
-0.00873532
-0.0085009
-0.00851941
-0.00805998
-0.00735641
-0.00765235
-0.00832759
-0.00869019
-0.00956346
-0.0101173
-0.0105478
-0.0101806
-0.00895417
-0.00788117
-0.00628037
-0.00457893
-0.00379675
-0.00362076
-0.0031669
-0.00294319
-0.00285406
-0.00272218
-0.0026117
-0.00226193
-0.0016424
-0.00134019
-9.28888E-4
-7.39379E-4
-3.40702E-4
-1.21789E-4
5.11718E-5
4.33869E-4
8.45092E-4
8.56273E-4
6.73698E-4
5.44854E-4
-2.78791E-5
-6.90525E-4
-0.00156727
-0.00219433
-0.00273797
-0.00307097
-0.00297694
-0.00279321
-0.00250533
-0.00219965
-0.00191045
-0.00163812
-0.00143598
-0.00129013
-0.00111034
-9.18604E-4
-7.61187E-4
-4.51943E-4
-2.86573E-4
-3.07432E-4
-3.05667E-4
-1.83078E-4
-5.67606E-6
1.54879E-4
2.67825E-4
3.94935E-4
6.56082E-4
8.33353E-4
9.72369E-4
0.00103595
0.0010547
0.0010408
9.51088E-4
8.79936E-4
8.27249E-4
7.88191E-4
7.32563E-4
7.56916E-4
7.99802E-4
8.36232E-4
8.93831E-4
9.53167E-4
9.83552E-4
0.00100697
0.00102148
0.00102082
0.0010143
0.00103065
0.00104448
0.00105973
0.00106772
0.00107128
0.0010729
0.0010855
0.00108979
0.0010949
0.00110335
0.0011177
0.00111302
0.00111013
