0.00253549
0.0052361
0.00638738
0.00547515
0.00283478
-8.16286E-4
-0.00423861
-0.00584972
-0.00493738
-0.00253116
-3.44741E-4
0.00116956
0.0030239
0.0057499
0.00797325
0.0076443
0.00453575
8.59207E-4
-8.53387E-4
-1.65134E-4
0.00123149
0.00163996
0.00102304
4.36769E-4
2.86256E-4
-3.33532E-4
-0.0026594
-0.00710546
-0.0129999
-0.0186779
-0.0215455
-0.0191022
-0.0111879
-0.00103966
0.00710225
0.0117221
0.0144009
0.0162857
0.0158197
0.0113365
0.00489589
0.00138235
0.00343445
0.0087366
0.0129384
0.0139536
0.0124948
0.00972676
0.00624859
0.00307868
0.00162833
0.00182998
0.00150594
-0.00113299
-0.00481789
-0.00636374
-0.00476821
-0.00314271
-0.00558938
-0.0123289
-0.018856
-0.020429
-0.0169286
-0.0126391
-0.0114486
-0.0131296
-0.0144457
-0.0127638
-0.00769593
-1.51053E-4
0.00843316
0.0157424
0.01925
0.0185241
0.0161235
0.0149725
0.0150947
0.0140529
0.0105421
0.00635077
0.00435885
0.0054607
0.0080014
0.00961202
0.00906627
0.00688383
0.00474695
0.00395024
0.00383976
0.00213408
-0.00261595
-0.00931858
-0.0158596
-0.0218138
-0.0282767
-0.0349516
-0.0390088
-0.0378019
-0.0317113
-0.0231079
-0.0132761
-0.00201281
0.0097921
0.0189836
0.022696
0.0213789
0.0183442
0.0166153
0.0168649
0.0178985
0.0179617
0.0155773
0.0104345
0.0043599
6.1838E-4
0.00102897
0.00381096
0.00531333
0.0040784
0.00212542
0.00160089
0.001342
-0.00159191
-0.00720371
-0.01139
-0.0107234
-0.00737833
-0.0075944
-0.0149846
-0.02632
-0.0342559
-0.0336565
-0.0252254
-0.0139645
-0.00481149
8.03495E-4
0.00512915
0.0111565
0.0192726
0.026766
0.0305375
0.0298382
0.0262479
0.0219125
0.0185628
0.0173894
0.0181049
0.0179275
0.0132689
0.00392126
-0.00501917
-0.00691597
2.26025E-4
0.0117885
0.0206753
0.0226579
0.0176018
0.00700271
-0.0076474
-0.0237216
-0.0366013
-0.0423374
-0.0415495
-0.0389502
-0.037677
-0.0352398
-0.0271562
-0.0143113
-0.00399153
-0.00223502
-0.00708513
-0.0115092
-0.0116143
-0.00892251
-0.00468241
0.00424047
0.0212866
0.0437442
0.0632304
0.0728501
0.0724576
0.0668836
0.0602924
0.0525084
0.0399722
0.0203635
-0.00275007
-0.0202563
-0.0242951
-0.0154216
-0.00199045
0.00751836
0.00973125
0.00399358
-0.0111538
-0.0352089
-0.0608685
-0.0769521
-0.0783222
-0.0705353
-0.0626526
-0.0572428
-0.0498311
-0.0369891
-0.0215233
-0.00877973
-2.02805E-4
0.0074641
0.0174673
0.0294683
0.0409025
0.0503927
0.0585823
0.0659686
0.0714884
0.0742753
0.0758665
0.0784261
0.0798868
0.0729
0.0514494
0.0188652
-0.0129044
-0.0334478
-0.042298
-0.0462308
-0.0497874
-0.0512859
-0.0484623
-0.0449333
-0.0479772
-0.0601057
-0.0752597
-0.0845033
-0.0839845
-0.0757909
-0.0623373
-0.0431192
-0.0178715
0.00978029
0.0343455
0.0528337
0.0645217
0.0676114
0.0605196
0.0475542
0.0385379
0.0385919
0.040863
0.0347467
0.0209587
0.0125968
0.0189056
0.0327731
0.038721
0.0305008
0.0155935
0.00335719
-0.00535417
-0.015164
-0.0277889
-0.0403914
-0.0496646
-0.0538859
-0.0524323
-0.047048
-0.0429869
-0.0449217
-0.0508718
-0.0533509
-0.0475742
-0.035404
-0.0199168
-3.62465E-4
0.0236917
0.0465581
0.0608221
0.0669423
0.0720045
0.0771665
0.0731002
0.0534274
0.028145
0.0154018
0.0198982
0.0270796
0.0218971
0.00727498
-0.00152454
0.00272813
0.0112813
0.0112955
-5.1724E-4
-0.0178401
-0.0331429
-0.0425384
-0.0453101
-0.0428667
-0.0376333
-0.0305559
-0.0206375
-0.00910226
-0.00219169
-0.005617
-0.0160607
-0.022394
-0.0173288
-0.00507636
0.00466306
0.00776507
0.00786289
0.0095388
0.0134691
0.0182571
0.0231592
0.0273926
0.0293559
0.0285974
0.0268522
0.0250428
0.0205443
0.0100768
-0.00492585
-0.0183538
-0.0256423
-0.0282295
-0.0307402
-0.0350124
-0.0382653
-0.0364926
-0.0282847
-0.0156588
-0.00264806
0.00669238
0.0104359
0.0102259
0.0100572
0.0124776
0.01587
0.0163134
0.0123226
0.0069572
0.00465799
0.00648895
0.00924612
0.00897545
0.00440631
-0.00308403
-0.0114666
-0.0188428
-0.0229274
-0.0215615
-0.0145636
-0.00441772
0.00550234
0.0130368
0.0172376
0.0171825
0.012157
0.00324778
-0.0063028
-0.0130347
-0.0152702
-0.0129573
-0.00642562
0.00349811
0.0141731
0.0212618
0.0213311
0.014383
0.00348291
-0.00785626
-0.0172755
-0.0229086
-0.0227588
-0.0162603
-0.00632853
0.00172568
0.00447275
0.00323889
0.00189565
0.0020257
0.00136737
-0.00265997
-0.00900147
-0.0135684
-0.0134175
-0.00933028
-0.00431236
-5.88817E-4
0.00146345
0.00237342
0.00260806
0.00232884
0.00126725
-0.00118414
-0.00502178
-0.00861038
-0.00943588
-0.00650858
-0.00160727
0.00251667
0.00495162
0.00698055
0.00979623
0.0128716
0.0150378
0.0162814
0.0173905
0.0179644
0.0159959
0.0101408
0.00199366
-0.00463948
-0.00686304
-0.00486877
-0.00117959
0.00171102
0.00279796
0.00232771
9.65789E-4
-6.33735E-4
-0.00207192
-0.00363616
-0.00623199
-0.00996901
-0.012463
-0.00958504
4.9288E-4
0.0135482
0.0209253
0.0165828
0.00302581
-0.0103785
-0.0154121
-0.0113153
-0.00362052
0.00197886
0.00384714
0.003535
0.00261909
0.0012781
-7.43878E-4
-0.00290398
-0.00395435
-0.00300726
-3.16396E-4
0.00298935
0.00593725
0.00840829
0.0106305
0.0120056
0.0109118
0.0061897
-0.00116403
-0.00815252
-0.0118619
-0.0114368
-0.00822247
-0.00435122
-0.00125449
8.32358E-4
0.00223081
0.00271582
0.00117973
-0.00312976
-0.00891224
-0.0131729
-0.014281
-0.0144961
-0.0181219
-0.0263584
-0.0347947
-0.0373493
-0.0327611
-0.0259946
-0.0225501
-0.0221638
-0.0192433
-0.00938082
0.00561928
0.0195059
0.0274794
0.0297281
0.0298535
0.0309544
0.033246
0.0344886
0.0322531
0.0264651
0.0202989
0.0179513
0.0206363
0.0249941
0.0262796
0.0230441
0.0178249
0.0132826
0.00899555
0.00280564
-0.00575787
-0.0147612
-0.0222842
-0.0283362
-0.034168
-0.0405533
-0.0470599
-0.0524544
-0.0556277
-0.0566348
-0.0566756
-0.0560742
-0.0522016
-0.0410181
-0.0219417
-3.70729E-4
0.0162153
0.02478
0.0284987
0.0322
0.0372112
0.0408911
0.0401786
0.0349921
0.0287066
0.0256455
0.0274712
0.031676
0.034044
0.0326108
0.0284589
0.0228616
0.0155374
0.00671816
-9.45869E-4
-0.00484107
-0.00608347
-0.00831782
-0.0126919
-0.0165258
-0.0180405
-0.0201894
-0.0276094
-0.0408153
-0.055537
-0.0673698
-0.0747164
-0.0768132
-0.0714564
-0.056858
-0.0351098
-0.0119029
0.00771148
0.0225599
0.034301
0.0442082
0.0517403
0.0558739
0.0568219
0.0560217
0.0548739
0.0539493
0.0531818
0.0520635
0.0494866
0.0441165
0.0356262
0.0253082
0.0148077
0.00448699
-0.00615684
-0.0165022
-0.0245093
-0.0291943
-0.0325633
-0.0378121
-0.0455786
-0.0529089
-0.0562942
-0.0551576
-0.0520648
-0.0498732
-0.0489466
-0.0468813
-0.0408161
-0.0303869
-0.0185459
-0.00899383
-0.00263725
0.00283789
0.00967154
0.0173338
0.0239771
0.029502
0.0352268
0.0405112
0.04197
0.0373879
0.0290434
0.0214267
0.0164797
0.0130098
0.0101922
0.00883984
0.00838736
0.0053734
-0.00264422
-0.0129188
-0.0198485
-0.0213266
-0.0206976
-0.0223999
-0.0278301
-0.035722
-0.043827
-0.0488474
-0.0474733
-0.0404835
-0.0343866
-0.0355161
-0.042302
-0.0463101
-0.0417219
-0.0313407
-0.0221786
-0.0175873
-0.0154232
-0.0116362
-0.00303369
0.0119071
0.0315829
0.0507746
0.0644902
0.0727491
0.0792904
0.0854423
0.088161
0.0848909
0.0770734
0.0670183
0.0547125
0.0410877
0.0318298
0.0328166
0.0417615
0.0488574
0.0469246
0.0373355
0.0244965
0.00881378
-0.0111834
-0.0326257
-0.0491956
-0.0579274
-0.0610589
-0.0605717
-0.0548642
-0.0427837
-0.0281506
-0.0175777
-0.0150558
-0.02054
-0.0321709
-0.0470476
-0.0604166
-0.0673207
-0.0661485
-0.0589211
-0.047493
-0.0313961
-0.0105521
0.0116457
0.0300892
0.0424113
0.0502278
0.0561718
0.0612044
0.0650342
0.0675102
0.0684257
0.0666591
0.0609038
0.0516438
0.041811
0.0348488
0.0318131
0.0303371
0.026701
0.0192719
0.00991584
0.00174481
-0.00442337
-0.0107107
-0.0190552
-0.0282408
-0.0349278
-0.037363
-0.0370338
-0.0365985
-0.0374313
-0.0399399
-0.0450194
-0.053209
-0.0622222
-0.0671631
-0.0647421
-0.0568858
-0.0489857
-0.0445524
-0.0423985
-0.038955
-0.0320783
-0.022114
-0.0106675
1.06992E-4
0.00746709
0.00927904
0.00620159
0.00186552
-1.18587E-4
6.49212E-4
0.00137578
-0.00102633
-0.00716965
-0.0145786
-0.0192565
-0.018552
-0.0135357
-0.00839309
-0.00656514
-0.00753331
-0.00833625
-0.00803358
-0.00905904
-0.0135988
-0.020348
-0.0264061
-0.0312103
-0.0362287
-0.0407526
-0.0405283
-0.0321797
-0.0179136
-0.00415026
0.00435761
0.00805121
0.0106359
0.0152557
0.0230865
0.0342058
0.0479225
0.0618766
0.0722416
0.0765535
0.076788
0.0784894
0.0853691
0.0947025
0.0993233
0.0950542
0.0854946
0.0784171
0.077566
0.0789615
0.0755436
0.0649065
0.0522307
0.0458107
0.0493317
0.057506
0.0592104
0.0463409
0.0210545
-0.00560155
-0.022868
-0.0284714
-0.0281544
-0.0282869
-0.0301064
-0.0308047
-0.0284682
-0.02472
-0.0230105
-0.0255242
-0.0319778
-0.0405639
-0.0492693
-0.05657
-0.0618391
-0.0656189
-0.0690552
-0.0723701
-0.0740286
-0.0720714
-0.0663119
-0.0583802
-0.04932
-0.038057
-0.0230814
-0.00509101
0.0130664
0.0287586
0.0407331
0.0481195
0.0500145
0.0470227
0.0419707
0.0375528
0.033562
0.0278393
0.0200697
0.0131034
0.00945929
0.00738031
0.00204436
-0.00869292
-0.0206477
-0.0265121
-0.0229046
-0.0137272
-0.0063933
-0.00540978
-0.00998876
-0.0166842
-0.0225079
-0.0255038
-0.0246363
-0.0208625
-0.0171469
-0.0151683
-0.0120235
-0.00227067
0.0160183
0.0387676
0.0602896
0.078524
0.0943599
0.107205
0.114035
0.113097
0.106267
0.0966608
0.0857393
0.074458
0.0655885
0.0618984
0.0616783
0.0587792
0.0489689
0.0349159
0.0226702
0.0137977
0.00386408
-0.0102644
-0.0243877
-0.0313897
-0.0308433
-0.0302154
-0.0346578
-0.038618
-0.0314294
-0.0107953
0.0130488
0.0279092
0.0316421
0.0315871
0.034425
0.0398889
0.0436585
0.0426188
0.0362264
0.0256413
0.0135211
0.00261028
-0.00786747
-0.0230945
-0.0470701
-0.0762902
-0.101646
-0.117259
-0.125475
-0.132243
-0.140041
-0.146993
-0.151366
-0.154017
-0.156106
-0.1568
-0.154394
-0.148777
-0.14157
-0.133884
-0.124801
-0.112141
-0.0945853
-0.0730256
-0.0498533
-0.0270867
-0.00536193
0.0155698
0.0361437
0.0570592
0.0791866
0.102569
0.125994
0.148145
0.168288
0.184638
0.19315
0.190836
0.180235
0.167595
0.154761
0.135709
0.104516
0.0654674
0.0312533
0.0104776
3.49441E-4
-0.00696441
-0.014348
-0.0192919
-0.0211175
-0.0238239
-0.0307362
-0.0396108
-0.0453865
-0.0465424
-0.0467422
-0.0503263
-0.0573639
-0.0633027
-0.0628583
-0.0542721
-0.0403149
-0.0254107
-0.0117694
0.00168349
0.017092
0.0352673
0.0553642
0.0755243
0.0929892
0.104741
0.109665
0.109889
0.108829
0.107861
0.105945
0.102377
0.0979578
0.0930455
0.0862474
0.0765165
0.0652515
0.0542526
0.0419356
0.0237736
-0.00251825
-0.0331886
-0.0606779
-0.0794363
-0.0896901
-0.0964902
-0.10535
-0.117572
-0.128754
-0.132556
-0.127419
-0.119468
-0.11748
-0.124595
-0.135329
-0.141231
-0.138366
-0.128846
-0.116562
-0.10328
-0.0890789
-0.0743561
-0.0597873
-0.0450941
-0.029457
-0.013143
0.0024638
0.0164677
0.0287705
0.0387257
0.0453771
0.0498878
0.0556554
0.0640663
0.0718094
0.0751285
0.0755516
0.0773468
0.0790644
0.0725415
0.0534376
0.0292847
0.0125855
0.00746624
0.00779666
0.00783685
0.00888123
0.0131647
0.0161606
0.00983557
-0.00773483
-0.0295243
-0.0458729
-0.0513377
-0.0465894
-0.0372571
-0.0310409
-0.0322978
-0.0376749
-0.0392396
-0.0333762
-0.0247757
-0.0201681
-0.0201946
-0.0198408
-0.0155656
-0.00910937
-0.00441168
-0.00336282
-0.00504739
-0.00677763
-0.00473814
0.00415588
0.0186253
0.0318772
0.0363227
0.0301922
0.0187182
0.00880513
0.00358692
0.00215873
0.00267966
0.00412271
0.00584732
0.00760699
0.0105269
0.0165076
0.0253771
0.0333048
0.0352233
0.0287901
0.0155516
-6.21521E-4
-0.0145217
-0.0199294
-0.0126623
0.00426391
0.0201349
0.0242348
0.0147476
-0.00100098
-0.0145194
-0.0224714
-0.0256508
-0.0253083
-0.0227353
-0.0204081
-0.0202429
-0.020669
-0.0178382
-0.0107831
-0.00403746
-0.00400623
-0.0130052
-0.0271305
-0.0395127
-0.0456513
-0.046479
-0.0465697
-0.0486645
-0.0497868
-0.0438846
-0.0290894
-0.0114931
-5.46461E-4
-7.6362E-4
-0.00847247
-0.0161983
-0.0194093
-0.0193736
-0.0204734
-0.0248699
-0.0294244
-0.02851
-0.0207332
-0.0118025
-0.008599
-0.0106444
-0.0103804
-0.0030891
0.0064351
0.0101137
0.00770531
0.00736661
0.0144772
0.0239206
0.0263427
0.0199064
0.0121847
0.0105609
0.0140207
0.015983
0.0133337
0.0104439
0.0143042
0.0268843
0.0426285
0.0532697
0.0553289
0.0531821
0.0544502
0.0621914
0.0721465
0.0777592
0.076533
0.0704107
0.061638
0.0513578
0.0424189
0.0398349
0.0454068
0.0534017
0.0550521
0.0477402
0.0370736
0.0289177
0.0219595
0.0102837
-0.00829116
-0.0292279
-0.0462727
-0.0568425
-0.0620005
-0.0636335
-0.0634754
-0.0635457
-0.0652501
-0.0678831
-0.0692897
-0.0682734
-0.0654334
-0.0614966
-0.0558869
-0.047682
-0.0374465
-0.0273741
-0.019636
-0.0147981
-0.0115065
-0.00725079
1.62362E-4
0.0107352
0.0213255
0.0273887
0.0269637
0.0231564
0.0215744
0.0244755
0.0280189
0.0263298
0.0179323
0.00682206
-0.00285262
-0.0112296
-0.020671
-0.0309992
-0.0393192
-0.0442611
-0.0475567
-0.0502243
-0.04963
-0.0428817
-0.0321916
-0.0238908
-0.0214586
-0.0217134
-0.0192679
-0.0130701
-0.00645627
-0.00149191
0.0040169
0.0129454
0.0241952
0.0336182
0.0392024
0.0433839
0.0493594
0.0562188
0.059385
0.0562362
0.0502668
0.0483423
0.0535472
0.0615483
0.0649265
0.0607584
0.0527503
0.0455495
0.0383946
0.0257738
0.00379067
-0.0256074
-0.0563637
-0.082279
-0.0992454
-0.106706
-0.109305
-0.115014
-0.127929
-0.143036
-0.151385
-0.151599
-0.152506
-0.161925
-0.175646
-0.181537
-0.173382
-0.156328
-0.138112
-0.119906
-0.0985322
-0.0739715
-0.0499031
-0.0275341
-0.00384242
0.0226586
0.0479319
0.0666862
0.0786404
0.0879697
0.0977648
0.107811
0.117393
0.127291
0.138107
0.149095
0.159371
0.167801
0.169687
0.15669
0.124773
0.0826644
0.0477684
0.030849
0.0260569
0.0185432
8.2163E-4
-0.0208267
-0.0355331
-0.0400224
-0.0402568
-0.043271
-0.0500498
-0.0562821
-0.0578947
-0.0544686
-0.04786
-0.0389701
-0.0266979
-0.00958996
0.0125224
0.0385816
0.0666846
0.0936397
0.115529
0.130758
0.142277
0.154683
0.168373
0.17821
0.178852
0.169902
0.154938
0.137466
0.119525
0.102349
0.0849359
0.0627759
0.0319339
-0.00428306
-0.0361516
-0.0574533
-0.0724757
-0.0903268
-0.113604
-0.135806
-0.149527
-0.153961
-0.153685
-0.152819
-0.152554
-0.152177
-0.150097
-0.14448
-0.134705
-0.122482
-0.110311
-0.0992835
-0.089579
-0.0821876
-0.0778878
-0.0744423
-0.06748
-0.0556257
-0.0427307
-0.0329814
-0.0252413
-0.0149294
-7.75145E-4
0.0135774
0.0252991
0.0363063
0.0491636
0.0614011
0.0674022
0.0654654
0.059911
0.0556419
0.0533381
0.0512322
0.0490538
0.047798
0.0469917
0.0450193
0.0420968
0.0404108
0.0404893
0.0392651
0.033204
0.0226444
0.0119288
0.00551022
0.00457621
0.00708818
0.010244
0.01277
0.0151707
0.0178965
0.0196172
0.0182024
0.0137722
0.00974568
0.00966733
0.0133259
0.0172107
0.0187215
0.0186288
0.0190671
0.0205055
0.0216666
0.0214067
0.0193323
0.0151427
0.00899426
0.00259328
-0.00167773
-0.00340093
-0.00450375
-0.00586977
-0.00477982
0.0023034
0.0147099
0.0276018
0.0378557
0.0477558
0.0606009
0.0734695
0.0772769
0.0654064
0.0412025
0.0158132
-8.7861E-4
-0.00680969
-0.00702342
-0.0086666
-0.016313
-0.0293986
-0.0423639
-0.0482885
-0.0443567
-0.0341599
-0.023902
-0.0164025
-0.00975025
-0.00167355
0.00637113
0.0104071
0.00809629
1.99802E-4
-0.0116153
-0.026392
-0.0424653
-0.0559311
-0.0624836
-0.061086
-0.0547995
-0.0475416
-0.0406007
-0.0326271
-0.0222724
-0.00994277
0.00275737
0.0141814
0.0229408
0.0281774
0.0308746
0.0347513
0.0440929
0.0591683
0.0740583
0.0807413
0.0764926
0.0667923
0.0599983
0.0592012
0.0601156
0.0569587
0.0493348
0.0425989
0.0418477
0.0462718
0.0494481
0.0448967
0.0314095
0.0131904
-0.00496883
-0.0219788
-0.0391602
-0.0553284
-0.0656565
-0.0671336
-0.0635658
-0.0620377
-0.064107
-0.0634871
-0.0541579
-0.038482
-0.0244931
-0.0162984
-0.0105665
-0.00274635
0.00671913
0.014294
0.0189179
0.0226865
0.0270056
0.0312228
0.0352524
0.040599
0.0473055
0.0519283
0.0506226
0.0433576
0.0334126
0.0233892
0.0134994
0.00336168
-0.00661789
-0.0157982
-0.0232151
-0.026477
-0.0232191
-0.0152955
-0.0097035
-0.0129244
-0.0249885
-0.0409528
-0.0571455
-0.0731026
-0.0877417
-0.097444
-0.0997202
-0.096237
-0.090083
-0.0820178
-0.071871
-0.0617863
-0.0545722
-0.0493183
-0.0422357
-0.0323866
-0.0232642
-0.0174436
-0.0128034
-0.00617439
0.00212901
0.0105168
0.0206239
0.0350296
0.0506301
0.0588829
0.0548626
0.0434548
0.0342612
0.0321124
0.034984
0.039875
0.0473327
0.0594438
0.0755122
0.0912992
0.102041
0.105691
0.103886
0.100224
0.0971801
0.0939681
0.0874238
0.0755828
0.0606522
0.0481752
0.0424433
0.0418501
0.0389826
0.026683
0.00500093
-0.018529
-0.0363964
-0.0480091
-0.0577715
-0.0674901
-0.0738183
-0.073963
-0.0707306
-0.0691281
-0.0695317
-0.067545
-0.0605408
-0.0511117
-0.0430637
-0.0369159
-0.031659
-0.0287099
-0.0304469
-0.0350197
-0.0363734
-0.0312969
-0.0240583
-0.0212866
-0.0232846
-0.0235424
-0.0171071
-0.00599985
0.005822
0.0200418
0.0418247
0.0697085
0.0922499
0.0985975
0.0910624
0.0835792
0.0873448
0.100852
0.114938
0.124255
0.130677
0.13713
0.142533
0.144215
0.142349
0.139108
0.134021
0.12292
0.102675
0.0760007
0.0499416
0.0291109
0.0113301
-0.00886205
-0.0327718
-0.055625
-0.0731183
-0.0877941
-0.105601
-0.126223
-0.140882
-0.142635
-0.136774
-0.136774
-0.149597
-0.167956
-0.17818
-0.173603
-0.158557
-0.141585
-0.12765
-0.116508
-0.105417
-0.091974
-0.0757426
-0.0584938
-0.042713
-0.0292165
-0.0164795
-0.00250899
0.0131689
0.0297011
0.0464401
0.0636216
0.0817012
0.100394
0.118008
0.131311
0.136632
0.132269
0.120302
0.105327
0.0910083
0.0777218
0.0639604
0.0497943
0.0382724
0.0327719
0.0331196
0.0351033
0.0341879
0.0288811
0.019765
0.00639679
-0.0123767
-0.0344286
-0.0529434
-0.0612451
-0.0587068
-0.0505478
-0.0424652
-0.037194
-0.0356282
-0.0381164
-0.0430919
-0.0466057
-0.0457361
-0.0420806
-0.0400724
-0.0417758
-0.0444913
-0.0434424
-0.0359062
-0.0231844
-0.0100582
-0.00225112
-0.00262765
-0.0091214
-0.0172434
-0.0245176
-0.0307785
-0.0342402
-0.0306174
-0.018598
-0.00398591
0.00532544
0.00818959
0.0105867
0.0166132
0.022757
0.0233074
0.0184115
0.0129752
0.0087315
0.00158229
-0.0124528
-0.0320746
-0.0531826
-0.0736699
-0.0928645
-0.107912
-0.114498
-0.111602
-0.102968
-0.0924689
-0.0802079
-0.0644739
-0.045954
-0.0276359
-0.0110793
0.00507432
0.0225038
0.0407373
0.0579779
0.0731848
0.0863164
0.0972073
0.105289
0.110559
0.114249
0.118541
0.125187
0.133954
0.142119
0.146043
0.143363
0.133057
0.113852
0.084804
0.0488387
0.0140477
-0.0116047
-0.0270633
-0.0377004
-0.0479328
-0.0567687
-0.0615953
-0.06358
-0.0667247
-0.0728501
-0.0799184
-0.0843302
-0.0823454
-0.0704341
-0.0485788
-0.0242138
-0.0085191
-0.00535954
-0.00622486
1.34244E-4
0.0142124
0.0257996
0.0271962
0.0217517
0.0175927
0.0172921
0.0178018
0.0180882
0.0212126
0.0281026
0.0340353
0.0344859
0.0319661
0.0331526
0.0395135
0.0443066
0.0403994
0.0289336
0.0179978
0.0133975
0.0129602
0.0103221
0.0024535
-0.00807155
-0.0174362
-0.0251498
-0.033532
-0.0438011
-0.0541252
-0.0617205
-0.0660141
-0.0690436
-0.0727959
-0.0765899
-0.0774084
-0.0730557
-0.0651087
-0.0584491
-0.0571127
-0.0600791
-0.061501
-0.0558028
-0.0426406
-0.0261748
-0.00947332
0.00899348
0.0319996
0.0576072
0.0789334
0.0907316
0.0942658
0.0937643
0.089435
0.0771813
0.0555635
0.0297185
0.00616982
-0.0139777
-0.0333242
-0.0506168
-0.0591692
-0.0545372
-0.0409582
-0.0273475
-0.0180203
-0.00982342
0.00202339
0.0179309
0.0342479
0.0470369
0.0538351
0.0532398
0.0454774
0.0339443
0.0245753
0.0221329
0.0269953
0.0361085
0.047031
0.060135
0.0761707
0.0923706
0.102703
0.102835
0.0940393
0.0812983
0.0685236
0.0568029
0.046385
0.0378346
0.0307887
0.0239753
0.0178051
0.0149764
0.0164249
0.0180254
0.014008
0.00332061
-0.00984756
-0.0218502
-0.032998
-0.0443507
-0.0543384
-0.061317
-0.0676798
-0.0778266
-0.0918184
-0.103841
-0.108224
-0.10537
-0.10038
-0.097015
-0.0943932
-0.0892433
-0.0798875
-0.0677132
-0.055442
-0.04444
-0.0336836
-0.0214042
-0.00772858
0.00470671
0.0130301
0.0167121
0.0176173
0.0179792
0.0188712
0.0202585
0.0216398
0.022546
0.0230619
0.0240058
0.0260935
0.0287887
0.0306022
0.0306573
0.0292088
0.0262649
0.0206431
0.0114138
-2.3098E-4
-0.011837
-0.0225138
-0.0336922
-0.0463721
-0.0585606
-0.0666421
-0.0691844
-0.0682466
-0.0663944
-0.0632353
-0.0559662
-0.0433158
-0.0278367
-0.0134289
-0.00104807
0.0118973
0.0275008
0.0438168
0.0565885
0.0641624
0.0692083
0.0749973
0.0811839
0.0845254
0.0832288
0.0790005
0.0744297
0.0698272
0.0639098
0.0569292
0.051336
0.0487274
0.0473177
0.0435705
0.0357285
0.0242719
0.00911612
-0.0112164
-0.035986
-0.0595405
-0.0754355
-0.083467
-0.089358
-0.0956862
-0.096416
-0.0847381
-0.065366
-0.0534333
-0.0583578
-0.0721692
-0.0778593
-0.0679827
-0.0509541
-0.0390825
-0.0350376
-0.0325004
-0.0267512
-0.0201477
-0.0174524
-0.0194565
-0.0228754
-0.0245982
-0.0240324
-0.0217592
-0.017647
-0.0109997
-0.0019847
0.00786221
0.0168556
0.0246803
0.0322369
0.0398261
0.0459831
0.04861
0.0469464
0.0418506
0.0346244
0.0266437
0.020024
0.0170668
0.0181362
0.0210353
0.0235123
0.0257071
0.0289507
0.0328865
0.0356979
0.0373738
0.0407367
0.0478438
0.0565329
0.0623199
0.0635166
0.0628398
0.0634718
0.0647756
0.0629897
0.0556982
0.0445616
0.0334229
0.0243394
0.0159745
0.00581047
-0.00641612
-0.0178593
-0.0252803
-0.0283588
-0.029687
-0.0312904
-0.0319173
-0.0288164
-0.022111
-0.016111
-0.0152781
-0.0193963
-0.0238612
-0.024696
-0.0220314
-0.0181323
-0.0133718
-0.00596883
0.00436166
0.0142327
0.0192185
0.018191
0.0142664
0.0116936
0.0124642
0.0157476
0.0197507
0.0237497
0.028608
0.0353868
0.043186
0.0486152
0.0482921
0.0423176
0.034708
0.0297855
0.0283227
0.0276601
0.0253003
0.0217754
0.0199945
0.0222484
0.0278773
0.0334339
0.0351098
0.0316011
0.0250313
0.0189865
0.0154738
0.0137245
0.0116389
0.00783131
0.00224824
-0.0044288
-0.0113131
-0.0174385
-0.0219777
-0.024574
-0.0254139
-0.0250378
-0.0241203
-0.0232284
-0.0226208
-0.0224343
-0.0230836
-0.0250234
-0.0278797
-0.0304607
-0.0322487
-0.0343557
-0.0379082
-0.0416013
-0.0420937
-0.0372588
-0.0281008
-0.0170172
-0.00542694
0.00582649
0.0149319
0.0200298
0.0216159
0.0221205
0.0224885
0.0208464
0.0156812
0.00883842
0.00350143
9.3697E-6
-0.00402301
-0.00928956
-0.0128783
-0.0121393
-0.00893243
-0.00811896
-0.0123125
-0.0198711
-0.0280138
-0.0359883
-0.0442584
-0.0520515
-0.057554
-0.0603471
-0.0620433
-0.063764
-0.063976
-0.0601493
-0.0525846
-0.0453246
-0.0421523
-0.0420045
-0.0396161
-0.0311706
-0.0183439
-0.00597569
0.00320362
0.00989691
0.014807
0.0163137
0.0126348
0.00451337
-0.00589896
-0.0175161
-0.0293682
-0.037881
-0.0383111
-0.0301582
-0.0189961
-0.0109737
-0.00652343
-0.00120405
0.00810269
0.0198204
0.0300213
0.0357624
0.0356981
0.0298388
0.0204668
0.0119999
0.00779972
0.00703612
0.0059295
0.00212095
-0.00322664
-0.00761674
-0.0100746
-0.0111356
-0.0110764
-0.00943811
-0.00617306
-0.00222494
0.00141646
0.0047706
0.00861984
0.0134404
0.0188716
0.0241061
0.0285302
0.0320276
0.0349746
0.037994
0.0413457
0.0442703
0.0451867
0.042938
0.0377912
0.030886
0.022883
0.013829
0.0044253
-0.00348336
-0.00837733
-0.0105064
-0.0111221
-0.0107561
-0.00934621
-0.00783957
-0.00809379
-0.0104666
-0.0126735
-0.0122117
-0.009354
-0.00656001
-0.00527723
-0.00469067
-0.00376549
-0.00308362
-0.0037462
-0.00520379
-0.00520409
-0.00182314
0.00495413
0.013504
0.0219566
0.0294
0.0360055
0.0418628
0.0457762
0.0459811
0.0424684
0.0376702
0.0337742
0.0299454
0.0237151
0.0149567
0.00669084
0.001315
-0.00230405
-0.00687693
-0.0132859
-0.0207619
-0.029185
-0.0386579
-0.0469882
-0.0505611
-0.0490738
-0.0472787
-0.049924
-0.0559596
-0.0598332
-0.0580401
-0.0522766
-0.0460187
-0.0402858
-0.0339759
-0.02677
-0.0198444
-0.0140901
-0.00907843
-0.00395885
0.00146919
0.00669488
0.0108152
0.0128091
0.0121608
0.0094578
0.00595241
0.00238116
-0.00131425
-0.00494523
-0.00736245
-0.00729874
-0.00473971
-0.00113084
0.00165836
0.00245144
0.00123992
-0.00101022
-0.00318086
-0.00502663
-0.00726587
-0.0102367
-0.0126312
-0.012305
-0.00865912
-0.00363577
2.34213E-4
0.0025043
0.00490675
0.00892602
0.0141497
0.0193536
0.0243209
0.0295095
0.0340773
0.0354433
0.0315238
0.0229448
0.0124749
0.00251251
-0.00645772
-0.0153324
-0.02515
-0.0362631
-0.0477616
-0.0573426
-0.0625506
-0.0628248
-0.0599186
-0.055784
-0.050468
-0.0428798
-0.0332529
-0.0236586
-0.0157677
-0.009059
-0.00198254
0.0056562
0.012371
0.0169123
0.0196717
0.0218817
0.0239989
0.0253526
0.0251875
0.0235096
0.0207849
0.0170958
0.0119572
0.00500088
-0.00335253
-0.0120887
-0.0204119
-0.0281417
-0.0351376
-0.0404567
-0.0424445
-0.0401121
-0.0346361
-0.0292569
-0.0270969
-0.0286759
-0.0317085
-0.0336748
-0.0344312
-0.035841
-0.0388818
-0.0418726
-0.0420214
-0.0383303
-0.032423
-0.0267961
-0.0228603
-0.0204995
-0.0185688
-0.015421
-0.00972833
-0.00168928
0.00661408
0.0127003
0.0157972
0.0172161
0.0184863
0.0193996
0.0182569
0.0141855
0.00896383
0.00612601
0.00791919
0.013211
0.0187014
0.0221468
0.0240296
0.0261754
0.0296025
0.0342457
0.0399256
0.0463996
0.0526076
0.0572508
0.0605994
0.0645933
0.0701733
0.0752222
0.0763772
0.0726932
0.0663701
0.0598481
0.0535199
0.0468573
0.0405413
0.0360591
0.03358
0.031526
0.0284587
0.0244047
0.0199113
0.0147289
0.0082732
0.00100283
-0.00557981
-0.0104373
-0.0139297
-0.0170459
-0.0201182
-0.0225831
-0.02379
-0.0237013
-0.0228726
-0.0219551
-0.0212895
-0.0208094
-0.0202253
-0.019212
-0.017421
-0.0145647
-0.0107951
-0.00706199
-0.00474803
-0.00465762
-0.00642082
-0.00900665
-0.0116432
-0.0140551
-0.0161111
-0.017733
-0.0191529
-0.0207136
-0.0221825
-0.0226698
-0.0215607
-0.0192732
-0.0167024
-0.0141448
-0.0112009
-0.00761423
-0.00365868
3.55956E-4
0.00439718
0.00830257
0.0116187
0.0143353
0.0174209
0.0219683
0.027847
0.0337563
0.0387114
0.0429092
0.0468582
0.0501059
0.0513556
0.0496666
0.0451242
0.0384311
0.0303852
0.0218235
0.0134871
0.00544186
-0.00306253
-0.0125017
-0.0217963
-0.0287545
-0.0322621
-0.0337677
-0.035992
-0.0401103
-0.0447015
-0.0476087
-0.048252
-0.0475863
-0.0462387
-0.0435904
-0.0388432
-0.0322286
-0.0246985
-0.0169278
-0.00919289
-0.00189819
0.00446592
0.00975735
0.0139039
0.0162597
0.016169
0.0145665
0.0141547
0.0170191
0.022223
0.0265746
0.0278764
0.0268774
0.0258794
0.0260007
0.0261954
0.0245603
0.0201669
0.013809
0.00744023
0.00288539
7.62811E-4
3.90766E-4
7.18384E-4
0.00128404
0.00226833
0.00389401
0.00608697
0.00863039
0.0113044
0.0138599
0.0162238
0.0188467
0.0225195
0.0275378
0.0332554
0.0387784
0.0439516
0.0492309
0.0544644
0.0582391
0.0588293
0.0557926
0.0503226
0.0439618
0.0371942
0.0295459
0.0209383
0.0124592
0.00550048
3.60278E-4
-0.00377069
-0.0074181
-0.0100488
-0.011179
-0.0118569
-0.0141576
-0.0189547
-0.0247549
-0.0291668
-0.0311617
-0.031442
-0.0309252
-0.029653
-0.0272657
-0.02381
-0.0196143
-0.014755
-0.00922495
-0.00352731
0.00141479
0.00501712
0.00738378
0.00883015
0.00942556
0.00922198
0.00865214
0.00832889
0.00845427
0.00863244
0.00825129
0.00685404
0.00413333
-1.7118E-4
-0.00614314
-0.0134718
-0.0214596
-0.0292496
-0.0360182
-0.0410845
-0.0441079
-0.045322
-0.0454341
-0.0450213
-0.0439265
-0.0414637
-0.0374087
-0.0326238
-0.0283384
-0.0247502
-0.0207675
-0.0154138
-0.0091798
-0.00347298
0.0012004
0.00584076
0.0114342
0.0173251
0.0217186
0.0236421
0.0238144
0.0234749
0.0229601
0.0217512
0.0194005
0.0157868
0.0107093
0.00404257
-0.00349434
-0.0103692
-0.0155466
-0.0194681
-0.023203
-0.0267739
-0.0289085
-0.0285996
-0.0264284
-0.0241144
-0.0230869
-0.0237689
-0.0258464
-0.0285518
-0.0306884
-0.0310584
-0.0293561
-0.0264387
-0.0233796
-0.0203337
-0.0166293
-0.0119148
-0.0068106
-0.00226137
0.00146226
0.00477989
0.00788619
0.0101501
0.0105959
0.00886496
0.00556321
0.00171029
-0.00200695
-0.00542378
-0.00848138
-0.0107549
-0.0114807
-0.0101597
-0.00726309
-0.0042528
-0.00265404
-0.00293784
-0.00444499
-0.00647773
-0.00910118
-0.0124288
-0.0153728
-0.0159926
-0.013541
-0.00954121
-0.00610096
-0.00346855
-1.91472E-4
0.00437005
0.0089208
0.0122133
0.0149971
0.0185965
0.0220052
0.0222754
0.0185455
0.0143508
0.0144313
0.019471
0.0252162
0.0269878
0.0241224
0.0196086
0.0163018
0.0144689
0.0127095
0.0101309
0.00714604
0.00463848
0.0029926
0.00196985
0.00117157
3.94034E-4
-3.80516E-4
-0.00112939
-0.00184959
-0.00258538
-0.00348193
-0.00467756
-0.00597493
-0.00679135
-0.00682878
-0.00680168
-0.0079707
-0.0105946
-0.0131868
-0.0138097
-0.0119738
-0.00887832
-0.00598863
-0.0040386
-0.00336002
-0.00418307
-0.00597687
-0.00712051
-0.00618719
-0.00355031
-0.00102922
2.00659E-4
7.72958E-4
0.00194188
0.00372617
0.00478313
0.00404
0.00197373
1.77717E-5
-0.00113538
-0.00225843
-0.00436467
-0.00696662
-0.00816602
-0.00678
-0.00384149
-0.0012992
4.95166E-4
0.00305224
0.00738271
0.0123754
0.016095
0.0178565
0.01815
0.0171683
0.0147229
0.0115526
0.00944904
0.0095794
0.0114649
0.0140113
0.0167595
0.0195811
0.0218807
0.0229225
0.0225545
0.020949
0.0181987
0.0150081
0.0132007
0.0140875
0.0162486
0.0162945
0.0123801
0.00604691
1.23034E-4
-0.004026
-0.00632307
-0.00631024
-0.0033546
0.0017939
0.00726086
0.0120986
0.0167703
0.0212219
0.0238763
0.0235439
0.0213717
0.019654
0.01913
0.0185785
0.0168334
0.0140107
0.0106947
0.0072383
0.00442554
0.00364764
0.00529268
0.00744628
0.00734841
0.00422127
-1.27146E-4
-0.00360955
-0.00597277
-0.00828166
-0.0110395
-0.0135573
-0.0148815
-0.0145635
-0.0123586
-0.00787372
-0.00103551
0.00719964
0.015046
0.0209858
0.0246535
0.0267085
0.0280266
0.0290704
0.0298889
0.0304577
0.0308776
0.0312517
0.0314954
0.0313536
0.0305575
0.0288806
0.0261079
0.0221945
0.0175646
0.0130151
0.00905554
0.0054702
0.0018499
-0.00157336
-0.00416095
-0.00605424
-0.00846527
-0.0122562
-0.016715
-0.0205111
-0.0235234
-0.0265794
-0.0292889
-0.029659
-0.0269271
-0.0236855
-0.0234164
-0.0260556
-0.0278752
-0.0264104
-0.0238202
-0.0239507
-0.0271943
-0.0303626
-0.0314411
-0.0321852
-0.0349722
-0.0387785
-0.0401455
-0.0375716
-0.0331446
-0.0295962
-0.0272414
-0.0245544
-0.0206666
-0.0161742
-0.0119276
-0.0081814
-0.00499161
-0.00256228
-8.8608E-4
4.1974E-4
0.00159688
0.0024463
0.00279052
0.00280365
0.00250669
0.00131462
-0.00133719
-0.00504536
-0.00868636
-0.0116445
-0.0142551
-0.0168739
-0.0190819
-0.0202949
-0.0207129
-0.0210228
-0.0212522
-0.0206691
-0.0190208
-0.0172319
-0.0163226
-0.0160454
-0.0152717
-0.0135918
-0.0117478
-0.0102952
-0.00859033
-0.00576915
-0.00236774
-1.96328E-4
-5.27614E-4
-0.00293397
-0.00601717
-0.00873218
-0.0107011
-0.011749
-0.0117817
-0.0110529
-0.0100755
-0.00912008
-0.0080356
-0.00654459
-0.0044335
-0.00145004
0.00257807
0.00728284
0.0116503
0.0146727
0.0160835
0.0163179
0.0158775
0.014905
0.0133291
0.0111924
0.00879487
0.00659209
0.00497249
0.00405728
0.00373636
0.00395367
0.00488575
0.00673038
0.00933943
0.0121198
0.0142381
0.0149067
0.0137477
0.011187
0.00838974
0.00644099
0.00547675
0.00483585
0.00400881
0.00301868
0.00181784
-1.78214E-5
-0.0024555
-0.00431271
-0.00422976
-0.00232102
-5.90671E-5
0.0017509
0.00411693
0.00836492
0.0140317
0.0191489
0.0225362
0.0249164
0.0275147
0.0303649
0.0325942
0.0337858
0.0341477
0.0335452
0.0313576
0.0276624
0.0237572
0.0208346
0.0185063
0.0153881
0.0110547
0.0066762
0.00352837
0.00149786
-4.69684E-4
-0.00284479
-0.00503982
-0.00633231
-0.00665007
-0.00629189
-0.00537632
-0.00395381
-0.00239961
-0.00123409
-5.50312E-4
3.11162E-5
7.25009E-4
0.00119761
0.0010825
7.51284E-4
0.00122465
0.00316041
0.00608036
0.00880837
0.0106627
0.0120133
0.0135352
0.0150948
0.0157013
0.0146738
0.0126197
0.0109428
0.0104025
0.0104158
0.00990513
0.00857615
0.00706461
0.0059394
0.00496231
0.00351805
0.00149335
-6.13524E-4
-0.00237989
-0.00386646
-0.00520767
-0.00612747
-0.0062173
-0.00559878
-0.00492521
-0.00462401
-0.00446542
-0.00415556
-0.00414509
-0.00543176
-0.0084906
-0.0127173
-0.0171057
-0.0212169
-0.0251731
-0.0288612
-0.0316359
-0.0329764
-0.0330988
-0.0325697
-0.0314821
-0.0294301
-0.0263649
-0.0230622
-0.0204598
-0.018786
-0.0176831
-0.0170705
-0.0173732
-0.0186985
-0.0202031
-0.0207128
-0.0199299
-0.0186517
-0.0177455
-0.0172562
-0.0166558
-0.0156762
-0.0145183
-0.0133878
-0.0122502
-0.0111483
-0.0104103
-0.0102136
-0.0100932
-0.00923355
-0.00729433
-0.00473044
-0.00222374
-3.3867E-5
0.0019447
0.00372949
0.00518389
0.0063331
0.00737711
0.00827922
0.00866523
0.00838947
0.00798974
0.00822896
0.00923505
0.010426
0.0113149
0.0120417
0.0129601
0.0140416
0.0149499
0.0154983
0.0156532
0.0152627
0.0142005
0.0128192
0.011858
0.0117081
0.0120822
0.0125041
0.0128262
0.0130189
0.0128527
0.0122645
0.0118547
0.012504
0.0144183
0.016982
0.0195997
0.0222297
0.0249034
0.0271623
0.0284069
0.0285506
0.0279492
0.0268238
0.0251846
0.0232835
0.0216952
0.0208308
0.0206473
0.0208766
0.021214
0.021268
0.0207481
0.0199193
0.0193953
0.0190844
0.0177225
0.0141139
0.00875973
0.00367754
4.29837E-4
-0.00118939
-0.00235547
-0.00367701
-0.00492862
-0.00591407
-0.00686017
-0.00787835
-0.00859856
-0.00866352
-0.00832696
-0.0082541
-0.00881183
-0.00974254
-0.010488
-0.0106889
-0.0104127
-0.0100432
-0.00996338
-0.0102812
-0.0108705
-0.0116524
-0.0126911
-0.013947
-0.0151601
-0.0161978
-0.0173212
-0.0187086
-0.0197413
-0.0192479
-0.0167495
-0.013143
-0.00979203
-0.00711785
-0.0045133
-0.00154421
0.00130907
0.00331403
0.00446579
0.00542213
0.00663158
0.00787528
0.00862948
0.00857471
0.00771851
0.00629738
0.00470082
0.00334289
0.00247772
0.00218014
0.00247766
0.00331993
0.00436995
0.00507319
0.00515287
0.00493072
0.00493925
0.00524758
0.00536855
0.00484436
0.00373199
0.00244022
0.00125619
1.80761E-4
-8.45426E-4
-0.0017072
-0.00213516
-0.00189972
-9.75926E-4
4.39691E-4
0.00205442
0.00362371
0.00497495
0.00591651
0.00620282
0.00567537
0.00446535
0.00302587
0.00187701
0.00120603
6.64735E-4
-3.57895E-4
-0.00213769
-0.00429073
-0.0061349
-0.00735868
-0.00819612
-0.00895426
-0.00961892
-0.010077
-0.0105158
-0.0113028
-0.012521
-0.0138992
-0.0151999
-0.0163692
-0.0172255
-0.0173417
-0.0165517
-0.0153316
-0.0143082
-0.0134203
-0.0119678
-0.00959064
-0.00683837
-0.00448897
-0.00253181
-2.06103E-4
0.00298953
0.00669022
0.0101641
0.0130839
0.0155365
0.0174804
0.0186211
0.0188463
0.0183967
0.0173783
0.0153488
0.0117554
0.00670761
9.88758E-4
-0.00468216
-0.0100566
-0.0149481
-0.018892
-0.0215883
-0.0234324
-0.0250889
-0.0265915
-0.0273061
-0.0268494
-0.0255599
-0.0238515
-0.0215692
-0.0183664
-0.0143888
-0.0101079
-0.00564913
-8.82739E-4
0.00382746
0.00759369
0.00996104
0.0114163
0.0126068
0.0134692
0.0136119
0.0132744
0.0132489
0.013835
0.0144711
0.0146127
0.0145057
0.0147044
0.0151437
0.0151865
0.0145025
0.0134321
0.0123719
0.0112231
0.00973804
0.00814025
0.00691932
0.00593295
0.00411375
4.29763E-4
-0.00490201
-0.0103868
-0.0144724
-0.0166682
-0.0175296
-0.0178894
-0.0182891
-0.0188385
-0.0191994
-0.0187163
-0.016966
-0.0143035
-0.0115736
-0.00916594
-0.00672275
-0.00398252
-0.00153688
-2.5988E-4
-1.70208E-4
-4.27192E-4
-4.80854E-4
-6.64923E-4
-0.00143493
-0.00254455
-0.00343245
-0.00410771
-0.00509011
-0.00654672
-0.00801698
-0.00909796
-0.00994559
-0.0108424
-0.0116049
-0.0117803
-0.0112879
-0.010501
-0.00966852
-0.00856549
-0.00684391
-0.00457494
-0.00225835
-3.23402E-4
0.00124912
0.00275144
0.00425181
0.00539398
0.00579089
0.00558413
0.00543629
0.00585399
0.0066298
0.0071316
0.00709018
0.00687078
0.00692284
0.00722454
0.0074716
0.00761958
0.00789386
0.00824847
0.00817575
0.00729713
0.00597059
0.00500929
0.00479621
0.00492544
0.00479411
0.00430213
0.00375296
0.00322429
0.00238807
0.00104502
-4.09891E-4
-0.00127941
-0.00124499
-5.7374E-4
3.33505E-4
0.00140221
0.00280289
0.00453802
0.00624604
0.00740208
0.00765362
0.00703708
0.0060138
0.0052943
0.0054275
0.0063765
0.00750817
0.00811353
0.00794602
0.00716872
0.00584025
0.00372462
7.79803E-4
-0.00236658
-0.00479383
-0.00620824
-0.00720491
-0.008429
-0.00967857
-0.0101219
-0.00932349
-0.0077435
-0.00618319
-0.00503388
-0.00422811
-0.00367727
-0.00346834
-0.00370517
-0.00441111
-0.00558872
-0.00715838
-0.00879837
-0.0100662
-0.0108094
-0.0113344
-0.0120307
-0.0129084
-0.013619
-0.013883
-0.0137658
-0.0135426
-0.0133693
-0.0131135
-0.0124459
-0.0111105
-0.00922014
-0.00728541
-0.00585547
-0.00503736
-0.00438724
-0.00331969
-0.00162788
3.90089E-4
0.00225921
0.00371718
0.00478616
0.00555677
0.00604348
0.00633071
0.00676839
0.00779802
0.00946679
0.0112355
0.0124413
0.0129296
0.0130458
0.0130559
0.0127929
0.0119784
0.0106797
0.00924417
0.00794669
0.00694094
0.00646884
0.00677085
0.00769008
0.00863062
0.00911988
0.00928784
0.0096139
0.0102899
0.0110075
0.0112827
0.0107302
0.00904585
0.00610494
0.00233141
-0.00121266
-0.00351178
-0.00450254
-0.00510573
-0.00620321
-0.00768826
-0.0086991
-0.00869812
-0.00802863
-0.00731419
-0.00660311
-0.00544157
-0.00369634
-0.00186885
-4.00417E-4
0.00102027
0.00309394
0.00596119
0.00898215
0.0114919
0.0134215
0.0150199
0.0162737
0.0168873
0.0166681
0.0155814
0.013561
0.0106466
0.00729884
0.00413357
0.00115311
-0.00238403
-0.00695868
-0.0118796
-0.0158144
-0.0182038
-0.0197258
-0.0212895
-0.0229521
-0.0241041
-0.0243936
-0.0240807
-0.0235578
-0.0229554
-0.0223112
-0.021776
-0.021402
-0.0208699
-0.0197109
-0.0178169
-0.0155601
-0.013396
-0.0114664
-0.00964337
-0.00782108
-0.00605017
-0.00439678
-0.00279366
-0.0011102
6.37969E-4
0.00221674
0.00337583
0.00411586
0.00466649
0.00515056
0.0053598
0.00499779
0.00412283
0.00319324
0.00261329
0.00235831
0.00215063
0.00190248
0.00183527
0.00220109
0.0030451
0.00426046
0.00574034
0.007403
0.00913813
0.0107845
0.0121484
0.0130729
0.013605
0.0140504
0.0147007
0.0154601
0.0159402
0.0159983
0.0159565
0.0161226
0.0163203
0.0162041
0.0158972
0.0158697
0.0161815
0.0162906
0.0157758
0.0148206
0.0136738
0.0120295
0.00942742
0.00607143
0.0026664
-5.25439E-4
-0.00390431
-0.00765348
-0.0111828
-0.0138026
-0.0155692
-0.0170065
-0.018241
-0.0188955
-0.018765
-0.0180474
-0.0168048
-0.0146622
-0.0113615
-0.00739719
-0.00380854
-0.00136494
-8.43918E-5
5.51199E-4
0.00105504
0.0015491
0.00177424
0.00147757
8.07255E-4
2.35581E-4
6.24526E-5
1.48574E-4
2.30692E-4
3.24554E-4
6.3655E-4
0.00120178
0.00183263
0.00237348
0.00279037
0.00301408
0.00287287
0.00220709
9.52203E-4
-7.8997E-4
-0.00257599
-0.00366277
-0.00361336
-0.00289301
-0.00245257
-0.0025577
-0.00241471
-0.00124675
6.14193E-4
0.00215104
0.00295825
0.00358309
0.00463515
0.00616009
0.00808014
0.0106882
0.0142162
0.018158
0.0215433
0.0238725
0.0254056
0.0264433
0.0266737
0.0254891
0.0228071
0.0193198
0.015908
0.0129681
0.0104105
0.00819066
0.00659298
0.00587235
0.00576121
0.00559645
0.00497674
0.00406122
0.00309656
0.00192547
2.82364E-4
-0.00157826
-0.0030312
-0.00397261
-0.00512341
-0.00709194
-0.0093984
-0.0109183
-0.0112802
-0.0113506
-0.0121243
-0.0134964
-0.0145036
-0.0146137
-0.014311
-0.0143059
-0.0145261
-0.0141837
-0.0127352
-0.0105293
-0.00846734
-0.00712548
-0.00620482
-0.00476499
-0.00207532
0.00159784
0.00506753
0.007283
0.00833913
0.00922177
0.0104826
0.0114622
0.0110962
0.00928128
0.00706912
0.00554055
0.00489903
0.00477708
0.00501109
0.00574919
0.00700114
0.00849826
0.0100139
0.0115077
0.0128624
0.0137186
0.0137573
0.0130356
0.0119204
0.0107634
0.0097411
0.00895697
0.00856886
0.00876414
0.00958185
0.0107244
0.0116184
0.0118406
0.0115459
0.011285
0.01129
0.0110984
0.0100716
0.0081882
0.00608144
0.0043388
0.00304223
0.00200704
0.00112026
2.59737E-4
-8.25533E-4
-0.00221796
-0.00354256
-0.00432883
-0.00466046
-0.00513164
-0.00605603
-0.00701722
-0.00741185
-0.00721841
-0.00694718
-0.0069413
-0.00704938
-0.00701037
-0.00686107
-0.00680788
-0.00688549
-0.00694393
-0.00689982
-0.00682676
-0.00681762
-0.00690807
-0.00715856
-0.00769141
-0.0085788
-0.00974703
-0.0110291
-0.0122728
-0.0133574
-0.0141495
-0.014489
-0.0142342
-0.0133586
-0.0119967
-0.0103617
-0.00853835
-0.00643257
-0.004022
-0.00164252
1.58785E-4
0.00115375
0.00170438
0.0023911
0.0034507
0.0046887
0.0058271
0.00670556
0.00716679
0.00704719
0.00645318
0.00587272
0.00578992
0.0062325
0.00686713
0.00749533
0.00824362
0.00923493
0.0102911
0.0111035
0.0115581
0.0117079
0.0114877
0.0106936
0.00932229
0.00775835
0.00645923
0.00549672
0.00454919
0.00334936
0.00199683
7.66734E-4
-2.62439E-4
-0.00125463
-0.00235017
-0.00351167
-0.0046382
-0.00567034
-0.00652052
-0.00706234
-0.00733189
-0.00763416
-0.00825632
-0.00909956
-0.00978542
-0.0101514
-0.0104549
-0.0110044
-0.0117536
-0.0124081
-0.0127812
-0.0128597
-0.0125917
-0.0118588
-0.0107089
-0.00942498
-0.00825325
-0.00716755
-0.0059691
-0.00451317
-0.00275081
-6.82429E-4
0.00155515
0.00360181
0.00507334
0.00589879
0.00631722
0.00645919
0.00605355
0.00469613
0.00237653
-3.96541E-4
-0.00301465
-0.00521468
-0.00708678
-0.00877916
-0.010311
-0.0115903
-0.0124588
-0.0127229
-0.0123182
-0.0114895
-0.0106119
-0.00971251
-0.00833802
-0.0061093
-0.00330831
-6.21477E-4
0.00167247
0.00390476
0.0063031
0.00846617
0.00986043
0.010553
0.0109892
0.0111798
0.0106854
0.00953798
0.008588
0.0085422
0.00900915
0.00903155
0.00838157
0.00772446
0.00745532
0.00700463
0.00564793
0.00357237
0.00162413
1.87116E-4
-0.0011326
-0.00266056
-0.00400728
-0.00455776
-0.00430386
-0.00381918
-0.00349719
-0.00313259
-0.00229408
-8.70986E-4
8.32413E-4
0.00236762
0.00340694
0.00390803
0.00419068
0.00476924
0.00591264
0.0073378
0.00844389
0.00885844
0.00866014
0.00808652
0.00720199
0.00593713
0.00430357
0.00240293
2.81459E-4
-0.00205787
-0.00449959
-0.00680747
-0.00879322
-0.010381
-0.0115074
-0.0121262
-0.0123699
-0.0125198
-0.0126655
-0.012531
-0.0118491
-0.0108043
-0.00983364
-0.0090198
-0.00798374
-0.00647958
-0.00478613
-0.00329054
-0.00192604
-3.54371E-4
0.00140979
0.00295095
0.00406979
0.00509147
0.00638166
0.00782363
0.00902647
0.00987435
0.0105623
0.011125
0.0112177
0.0104552
0.00882275
0.00666279
0.00439263
0.00226743
3.12614E-4
-0.00159093
-0.00349941
-0.00526478
-0.00667041
-0.00767838
-0.00838493
-0.00873929
-0.00856112
-0.00795809
-0.00745954
-0.0074563
-0.00765327
-0.00741374
-0.00659491
-0.00567893
-0.00503868
-0.00449783
-0.00383567
-0.00333121
-0.0033608
-0.00364563
-0.00342639
-0.00244027
-0.00128128
-6.08863E-4
-3.90242E-4
-2.20601E-4
-6.02391E-5
-1.73991E-4
-4.68897E-4
-4.38073E-4
1.14085E-4
7.45E-4
0.00104235
0.00126567
0.0019158
0.00285991
0.0033707
0.00304927
0.00226535
0.00151803
7.48304E-4
-4.04603E-4
-0.00192281
-0.00338981
-0.00458055
-0.0057032
-0.00699538
-0.00836451
-0.0095154
-0.0101951
-0.0102138
-0.00948621
-0.00823567
-0.00691796
-0.00571706
-0.0043126
-0.00245431
-5.96585E-4
4.73566E-4
6.44941E-4
6.75195E-4
0.00122744
0.00211304
0.00275451
0.00303002
0.00322134
0.00334629
0.00309469
0.00241995
0.00165194
8.44942E-4
-4.92663E-4
-0.00265302
-0.00507414
-0.00692737
-0.00820324
-0.00968246
-0.0117985
-0.0140421
-0.0156997
-0.0167517
-0.0176314
-0.0183541
-0.0183909
-0.0174388
-0.0159067
-0.0144745
-0.0133614
-0.0122258
-0.0106795
-0.00870548
-0.0066163
-0.00470093
-0.00296283
-0.00119017
7.12271E-4
0.00251622
0.00388867
0.00476531
0.00531218
0.00549667
0.00497718
0.0036214
0.00190303
4.36141E-4
-8.12563E-4
-0.00246053
-0.00478991
-0.00726567
-0.0091928
-0.0105453
-0.0117859
-0.0130153
-0.0137564
-0.0136137
-0.0127809
-0.011679
-0.0103436
-0.00846627
-0.00593682
-0.00307507
-2.81428E-4
0.00233672
0.00490765
0.00748541
0.0099125
0.0119641
0.0135665
0.0148764
0.016121
0.0173391
0.0182749
0.0185909
0.0182055
0.0173513
0.0162718
0.0149843
0.0134154
0.0116652
0.00993723
0.00821611
0.00621079
0.00376398
0.00119353
-9.49352E-4
-0.00244076
-0.00353751
-0.00453702
-0.00533551
-0.00553297
-0.00489874
-0.00363015
-0.00219296
-0.00100699
-2.41419E-4
2.36026E-4
7.71667E-4
0.00170379
0.00313487
0.00489754
0.0067172
0.00836835
0.00971482
0.0107157
0.0114242
0.0118982
0.0120643
0.0117809
0.0110928
0.0102977
0.00963253
0.00898991
0.00809968
0.00696011
0.0058976
0.00518108
0.00476567
0.00448594
0.0043058
0.00420701
0.00397692
0.00338078
0.00256751
0.00205842
0.00216035
0.0025007
0.00234839
0.00141463
1.62917E-4
-7.63775E-4
-0.00126023
-0.00168808
-0.00216923
-0.00231818
-0.00186345
-0.0012233
-0.00104187
-0.00124484
-0.00106259
-1.35296E-4
8.88094E-4
0.00121219
9.7459E-4
9.1214E-4
0.00114803
0.00102865
2.92302E-4
-3.04653E-4
1.17376E-5
8.90854E-4
0.00134917
0.00117046
0.00109828
0.00157981
0.00201935
0.00165247
6.72483E-4
-5.12719E-5
-1.4109E-4
-1.13531E-5
1.08052E-5
3.01806E-4
0.00136919
0.00298539
0.00432034
0.00491258
0.00518015
0.00583773
0.00701193
0.00815483
0.0087907
0.00912239
0.00976642
0.010991
0.0124007
0.0134018
0.0138248
0.0139777
0.0141459
0.0141825
0.0135852
0.0119093
0.0091664
0.00593703
0.00306638
0.00107462
-2.00739E-4
-0.00128636
-0.00239768
-0.00325672
-0.00363838
-0.00384277
-0.00438815
-0.0053748
-0.00643088
-0.0072207
-0.00768146
-0.00774396
-0.00720625
-0.0060819
-0.0047604
-0.00352219
-0.00211312
-1.79903E-4
0.00199277
0.00363537
0.00444168
0.0049278
0.00563177
0.00632605
0.00639842
0.00581115
0.00524651
0.00530073
0.00588645
0.00650499
0.00678908
0.0066168
0.00596817
0.0049548
0.00387987
0.00300993
0.00229963
0.00152989
7.07215E-4
1.34627E-4
5.6863E-5
4.1829E-4
0.00104463
0.00188652
0.00294349
0.00407621
0.00509689
0.00602043
0.00703938
0.00819687
0.00922581
0.00980806
0.00991519
0.00978195
0.00957929
0.0092272
0.00855226
0.00753248
0.00629445
0.00489016
0.00317935
0.00102481
-0.00139467
-0.00356705
-0.00505534
-0.00592344
-0.00664536
-0.00752386
-0.00829461
-0.00843886
-0.00784029
-0.00695131
-0.00625468
-0.00572319
-0.00494562
-0.00369129
-0.0021967
-9.28309E-4
-2.11047E-4
-6.52874E-5
-2.37185E-4
-3.53817E-4
-2.17248E-4
-3.29817E-5
-2.21714E-4
-9.20517E-4
-0.00180227
-0.00248402
-0.00294305
-0.00335794
-0.00372166
-0.00391412
-0.00407651
-0.00453523
-0.00528488
-0.00590629
-0.00616582
-0.0063645
-0.00682333
-0.00732782
-0.00749398
-0.00748165
-0.0078107
-0.0084892
-0.00889359
-0.00870521
-0.00843457
-0.00863091
-0.00896945
-0.00865416
-0.00752378
-0.00618648
-0.00509066
-0.0040451
-0.00281503
-0.00166896
-9.9134E-4
-6.95584E-4
-4.14079E-4
-7.60697E-5
5.54256E-5
-2.08482E-4
-8.64835E-4
-0.0018855
-0.00313127
-0.00417898
-0.0046799
-0.00493893
-0.0056952
-0.0071529
-0.00863455
-0.00945545
-0.0097687
-0.0101365
-0.0105371
-0.0103393
-0.0092103
-0.00751102
-0.00564639
-0.00348656
-7.63561E-4
0.00224841
0.00486278
0.00673454
0.00815503
0.00954249
0.0108961
0.0119032
0.0124333
0.0127238
0.0130358
0.0132651
0.0130031
0.0119899
0.0103976
0.00859171
0.00670996
0.00462342
0.00230211
4.63274E-6
-0.00199208
-0.0036772
-0.00514641
-0.00627801
-0.00681838
-0.00680105
-0.00665416
-0.00676669
-0.0070618
-0.00711562
-0.00665405
-0.00583683
-0.00504386
-0.00442918
-0.0037302
-0.00257505
-0.00100121
4.40164E-4
0.00122547
0.0014378
0.00161833
0.00207246
0.00259244
0.00293567
0.00323027
0.00362629
0.00379714
0.00323058
0.00197105
6.22061E-4
-5.10678E-4
-0.00185698
-0.00388103
-0.0062691
-0.00824331
-0.00954504
-0.0106319
-0.0118541
-0.0128969
-0.0132649
-0.0129887
-0.0124749
-0.0118184
-0.0106777
-0.00884674
-0.00662268
-0.00448537
-0.00267436
-0.00121309
-8.17252E-5
8.7967E-4
0.00203514
0.00356236
0.00505696
0.00588123
0.00594596
0.00578378
0.00570744
0.00528257
0.00396157
0.00196209
5.91432E-5
-0.00139346
-0.00273596
-0.00422719
-0.00548783
-0.00599578
-0.00579302
-0.00533338
-0.00482074
-0.00407333
-0.00295977
-0.00161165
-2.09217E-4
0.00111293
0.00211018
0.00251784
0.00241978
0.002231
0.00212825
0.00174681
6.79385E-4
-9.08671E-4
-0.00243176
-0.00354215
-0.00437497
-0.00519576
-0.00607027
-0.00689218
-0.00750909
-0.00776678
-0.00759878
-0.00712803
-0.00656798
-0.00602975
-0.00555227
-0.00524482
-0.00515643
-0.00504256
-0.00458985
-0.00394295
-0.00364559
-0.00387413
-0.00408604
-0.00374383
-0.00309072
-0.00276675
-0.00284187
-0.00276826
-0.00227427
-0.00173624
-0.00149127
-0.00131573
-9.36016E-4
-6.2198E-4
-7.49321E-4
-0.00101045
-6.65224E-4
4.07824E-4
0.00143816
0.00170157
0.00129853
7.50636E-4
2.05856E-4
-5.51922E-4
-0.00152213
-0.00238695
-0.00297236
-0.00338958
-0.00360995
-0.00327243
-0.00217466
-7.20113E-4
4.45943E-4
0.00116808
0.0018683
0.00291214
0.00416496
0.00525947
0.00604368
0.00658375
0.00691801
0.00708602
0.00734128
0.00802365
0.0091094
0.010086
0.0104525
0.0102609
0.0100151
0.0100812
0.0103292
0.0103588
0.00993804
0.00915905
0.00828088
0.00748782
0.00677469
0.00599906
0.00504424
0.00395179
0.00287413
0.00188801
8.95565E-4
-2.54696E-4
-0.00157556
-0.00291561
-0.00410662
-0.00507623
-0.00579191
-0.00615632
-0.00605091
-0.00551827
-0.00482774
-0.00424546
-0.00372383
-0.00293126
-0.00167192
-1.75806E-4
0.00116899
0.00230326
0.0035046
0.00489758
0.00622328
0.00724267
0.0081228
0.00913057
0.0100771
0.0104511
0.010131
0.00958996
0.00921893
0.00879509
0.00791376
0.00668779
0.00558852
0.00470882
0.00369354
0.00248979
0.00166392
0.00165955
0.00209137
0.00221055
0.00189283
0.00171089
0.00207513
0.00278728
0.00354224
0.00439761
0.00546511
0.00650315
0.00721908
0.00776446
0.00848986
0.009286
0.00962445
0.0092943
0.00865588
0.00799179
0.00702198
0.00540742
0.00346075
0.00191551
0.0010505
4.1961E-4
-4.94835E-4
-0.00166677
-0.00267144
-0.00319945
-0.00325642
-0.00300431
-0.0025787
-0.00201161
-0.00122983
-1.58261E-4
0.00113769
0.00249327
0.00384823
0.00526711
0.00667509
0.00774565
0.00822865
0.00829533
0.0083558
0.00857387
0.00876808
0.00878258
0.00870655
0.0086289
0.00838825
0.00776941
0.00685068
0.00595121
0.00524196
0.00459489
0.0038788
0.00324437
0.00296305
0.0030332
0.00311468
0.00292102
0.00256997
0.00242728
0.00263393
0.00291999
0.00293194
0.00263625
0.002301
0.00212508
0.00199901
0.00164756
9.42201E-4
4.33518E-5
-7.50431E-4
-0.00130973
-0.00184488
-0.00269776
-0.00389386
-0.00499373
-0.00554916
-0.00567278
-0.00593076
-0.00660341
-0.00727322
-0.00733466
-0.0067749
-0.00620963
-0.00617362
-0.00661304
-0.00712495
-0.007466
-0.00764732
-0.00764841
-0.00727591
-0.00636956
-0.00502692
-0.00352782
-0.00207203
-6.73021E-4
7.01563E-4
0.00198565
0.00307762
0.00397388
0.00472008
0.00525334
0.00545021
0.0053904
0.00541958
0.00580493
0.00640619
0.00682558
0.00682398
0.00644215
0.0057903
0.0049524
0.00410544
0.00346949
0.0030212
0.00246251
0.00162503
7.29687E-4
7.45137E-5
-3.58378E-4
-7.37726E-4
-9.66279E-4
-7.60306E-4
-1.17991E-4
6.35504E-4
0.00133346
0.002145
0.00309376
0.00374343
0.00370972
0.00328825
0.00315882
0.00350064
0.00381566
0.00372701
0.00354151
0.00372789
0.00411966
0.00406465
0.00330005
0.00225584
0.00137524
5.0607E-4
-7.36354E-4
-0.00222456
-0.00334359
-0.00377281
-0.00389388
-0.00425582
-0.00487506
-0.00531162
-0.00530934
-0.00507781
-0.00495301
-0.00504859
-0.00532154
-0.00573894
-0.00619782
-0.0064458
-0.0063212
-0.00601505
-0.00586935
-0.00591549
-0.00584165
-0.00548352
-0.005116
-0.00508987
-0.00533876
-0.00548052
-0.00534562
-0.00515119
-0.00510661
-0.00507069
-0.00474079
-0.00405115
-0.00322808
-0.00251663
-0.00199386
-0.00160381
-0.00121162
-6.32138E-4
2.11141E-4
0.00108869
0.00158669
0.00155095
0.00128737
0.00115469
0.00102608
3.86692E-4
-9.78959E-4
-0.00257951
-0.0036385
-0.00385609
-0.00363954
-0.00362268
-0.00408401
-0.00483382
-0.00553368
-0.00602253
-0.00637111
-0.00672357
-0.00713842
-0.00754347
-0.00777453
-0.0076434
-0.00706018
-0.00618674
-0.00543257
-0.0051359
-0.0051852
-0.00508872
-0.00454312
-0.00383686
-0.00352958
-0.00379437
-0.00429596
-0.0047107
-0.00509374
-0.00560746
-0.00614738
-0.00650452
-0.00675973
-0.00719323
-0.00780358
-0.0082227
-0.0082086
-0.00796635
-0.00780291
-0.00766484
-0.00726684
-0.0065724
-0.00586522
-0.00533134
-0.00481203
-0.00405816
-0.00305822
-0.0020066
-0.00108168
-3.71244E-4
1.09717E-4
5.03104E-4
0.00114897
0.00232944
0.00389564
0.0052596
0.00585689
0.00562228
0.00500448
0.0045348
0.00435636
0.00411369
0.00331333
0.00185649
2.00247E-4
-0.00109398
-0.00194939
-0.00276331
-0.00377835
-0.00466913
-0.0049279
-0.00453509
-0.00399621
-0.00371971
-0.00360111
-0.00331401
-0.00279704
-0.00225938
-0.00181693
-0.00134542
-7.0347E-4
6.13124E-5
7.76319E-4
0.00130808
0.00161475
0.00171735
0.00166694
0.00148431
0.00111025
4.96664E-4
-2.1759E-4
-7.20141E-4
-8.01672E-4
-5.71379E-4
-3.24551E-4
-2.42923E-4
-3.02578E-4
-4.20072E-4
-5.62266E-4
-7.06324E-4
-7.97151E-4
-7.81801E-4
-6.30538E-4
-3.25045E-4
9.72067E-5
4.9007E-4
6.93658E-4
7.06185E-4
6.65838E-4
6.49039E-4
6.24665E-4
6.49232E-4
9.11974E-4
0.00143484
0.00188525
0.00191313
0.00159269
0.00128336
0.00109544
7.93751E-4
2.7625E-4
-1.79233E-4
-3.09722E-4
-2.24511E-4
-1.19494E-4
1.25074E-4
7.12364E-4
0.00143903
0.00186406
0.00197686
0.00227538
0.0030315
0.00384276
0.00416647
0.0040284
0.00388655
0.0039755
0.00413315
0.00419324
0.00419615
0.00419162
0.00414814
0.00412496
0.00425182
0.00442976
0.00430891
0.00370989
0.00283808
0.00192325
9.12459E-4
-2.17831E-4
-0.00107964
-0.00122067
-8.09937E-4
-5.79045E-4
-9.81761E-4
-0.0017235
-0.00226942
-0.00253572
-0.00284178
-0.00337567
-0.0039962
-0.00448544
-0.00472636
-0.00463762
-0.00418598
-0.00353536
-0.00298332
-0.00262577
-0.00222357
-0.00153279
-6.65051E-4
4.4164E-5
4.77971E-4
8.57765E-4
0.00137424
0.00186125
0.00198577
0.00170693
0.00136968
0.00127657
0.00127011
8.70727E-4
-1.85747E-4
-0.00164714
-0.0029955
-0.00390411
-0.00441343
-0.00475903
-0.00511942
-0.00547614
-0.00562246
-0.00534268
-0.00467229
-0.00393726
-0.00341498
-0.00299718
-0.00236297
-0.00148584
-7.25371E-4
-3.02414E-4
7.08183E-5
7.80555E-4
0.0016792
0.00221443
0.00220236
0.002117
0.0024398
0.00300235
0.00327091
0.00312816
0.00300753
0.00322748
0.00352723
0.00343943
0.00291054
0.00231112
0.00191954
0.00163377
0.00120203
5.34668E-4
-2.89997E-4
-0.00116597
-0.00197569
-0.00256665
-0.00287974
-0.00308976
-0.00346778
-0.00404478
-0.0045072
-0.00450989
-0.00405528
-0.00349681
-0.00318227
-0.00313867
-0.00309691
-0.00278584
-0.00220514
-0.00162923
-0.00131673
-0.00120137
-9.51606E-4
-4.16044E-4
8.91944E-5
1.34775E-4
-1.96156E-4
-3.21663E-4
3.86968E-5
3.39534E-4
-1.56931E-4
-0.00131169
-0.00211703
-0.00190901
-0.0011698
-8.0155E-4
-9.19391E-4
-8.85733E-4
-4.51005E-4
-2.2645E-4
-7.7061E-4
-0.00170447
-0.00221134
-0.00214776
-0.00209825
-0.00238788
-0.00263664
-0.00247204
-0.00214618
-0.00203694
-0.00189762
-0.00115759
1.47683E-4
0.00131055
0.00189839
0.00226176
0.00285613
0.00349341
0.00368002
0.00341689
0.00313715
0.00292764
0.00236523
0.00127611
1.80807E-4
-3.47071E-4
-4.45081E-4
-6.73722E-4
-0.00114503
-0.00142335
-0.00130584
-0.00121515
-0.00157175
-0.00212387
-0.00227537
-0.00193463
-0.00164505
-0.00184508
-0.00232951
-0.00259243
-0.00246126
-0.00216526
-0.00191035
-0.00165981
-0.00133446
-9.88487E-4
-6.69216E-4
-2.57427E-4
3.89092E-4
0.00118366
0.00184837
0.00221042
0.00234332
0.00238224
0.00230535
0.00197557
0.00133446
4.63662E-4
-5.10195E-4
-0.00147927
-0.00233913
-0.00301347
-0.00351563
-0.00389751
-0.00410375
-0.00396748
-0.00341491
-0.00258975
-0.00169487
-7.92955E-4
1.25004E-4
9.63779E-4
0.00161676
0.00222765
0.00312426
0.00437756
0.00559965
0.00636171
0.00671327
0.00708899
0.007738
0.00844155
0.00881462
0.00870287
0.00821835
0.00755594
0.0068966
0.0063661
0.00592734
0.00535444
0.00445054
0.00330292
0.0022501
0.0015934
0.00136617
0.00132242
0.00110242
5.09047E-4
-2.64356E-4
-7.64282E-4
-7.89651E-4
-6.97263E-4
-9.76792E-4
-0.00155112
-0.00179405
-0.00133485
-5.44802E-4
4.81138E-6
3.38814E-4
9.9364E-4
0.00222603
0.00367097
0.00484812
0.00569683
0.00643942
0.00713594
0.00760249
0.00767872
0.00738982
0.00687951
0.00631833
0.0058334
0.00539506
0.00480085
0.00390685
0.00286617
0.00200754
0.00146492
0.0010488
5.03532E-4
-2.27164E-4
-0.00102617
-0.00176706
-0.0023789
-0.0028467
-0.00324508
-0.00371563
-0.00432145
-0.00493931
-0.00534227
-0.0053692
-0.00501518
-0.00444863
-0.00396852
-0.00380309
-0.00382451
-0.00356988
-0.00272606
-0.00154992
-6.1298E-4
-1.24886E-4
2.78732E-4
0.00100183
0.00193637
0.00258845
0.00261953
0.00209016
0.00125733
3.38582E-4
-5.34853E-4
-0.00132863
-0.00214842
-0.00315077
-0.00432183
-0.00541083
-0.00614458
-0.00648026
-0.00661952
-0.00681983
-0.00719211
-0.00760731
-0.00777602
-0.00749601
-0.00685045
-0.00608267
-0.00526892
-0.00426546
-0.00305089
-0.00193387
-0.00121899
-7.65125E-4
-1.31757E-4
8.38023E-4
0.00182981
0.00253307
0.0030717
0.00379096
0.00476078
0.00569186
0.00627239
0.00640409
0.00614598
0.00562182
0.00501009
0.00445647
0.00394413
0.00336788
0.00276227
0.0023013
0.00202617
0.00177806
0.00153351
0.00159354
0.00216367
0.00284033
0.00288324
0.00211535
0.00127141
0.00120658
0.00189006
0.00244205
0.00214429
0.00117538
2.96052E-4
2.45644E-5
2.6292E-4
5.75866E-4
6.23266E-4
3.51104E-4
-4.98949E-5
-3.17999E-4
-3.59314E-4
-3.50496E-4
-5.12004E-4
-7.61871E-4
-7.27966E-4
-1.74999E-4
7.04461E-4
0.0015343
0.00217783
0.00275184
0.00328701
0.00359282
0.00350852
0.00311627
0.00261657
0.00210343
0.00154369
8.7701E-4
5.66636E-5
-9.07714E-4
-0.00184732
-0.00247953
-0.00268605
-0.00266342
-0.00266637
-0.002705
-0.00268736
-0.00274954
-0.00312823
-0.00369316
-0.0039638
-0.00375808
-0.00350915
-0.00365879
-0.00398549
-0.00394236
-0.0035498
-0.00345928
-0.00401788
-0.0047085
-0.00479952
-0.00424427
-0.00355547
-0.00296902
-0.00219532
-0.00102966
2.23006E-4
0.00114884
0.00176567
0.00238138
0.00308261
0.00368119
0.00412024
0.00460139
0.00521801
0.00572577
0.00585401
0.00577302
0.00554552
0.0053523
0.0051299
0.00501737
0.00531416
0.00596749
0.00641483
0.00623097
0.00575752
0.00572495
0.00626609
0.00670082
0.00645839
0.00586752
0.00569674
0.00609202
0.00637859
0.005925
0.00483396
0.0036533
0.002733
0.00211289
0.00179873
0.00178171
0.00185336
0.00175134
0.00154924
0.00162172
0.00210713
0.00264083
0.00279333
0.00259622
0.00243916
0.00257635
0.00294898
0.00339171
0.00374807
0.00381974
0.00350667
0.0030725
0.00299325
0.00337372
0.00372706
0.00354768
0.00294004
0.00241303
0.00214515
0.00178699
0.00103525
9.17555E-5
-6.2335E-4
-0.00101084
-0.00132763
-0.00179652
-0.00240457
-0.00305407
-0.00370128
-0.00431314
-0.00485067
-0.00534204
-0.00582191
-0.00613269
-0.00595486
-0.00517913
-0.00412997
-0.00322293
-0.00243945
-0.00136439
1.94607E-4
0.00182579
0.00291443
0.00331916
0.00344771
0.00367005
0.00387255
0.00371213
0.00315068
0.00250783
0.00198426
0.00136331
3.3111E-4
-0.00104029
-0.00234943
-0.00338806
-0.00436027
-0.00545507
-0.00640827
-0.00677107
-0.00657218
-0.00639839
-0.00667755
-0.00711926
-0.00711685
-0.00656828
-0.00596652
-0.00566207
-0.00538874
-0.00472889
-0.00378968
-0.00307555
-0.00276156
-0.00244737
-0.00172694
-7.26866E-4
9.80053E-5
5.12878E-4
6.34167E-4
6.46936E-4
6.51251E-4
7.3439E-4
9.06128E-4
9.1424E-4
4.05436E-4
-5.73139E-4
-0.00144664
-0.00171244
-0.00154686
-0.00157752
-0.002115
-0.00286015
-0.00337114
-0.00354606
-0.00354831
-0.00349144
-0.00337047
-0.00315043
-0.00274515
-0.0020252
-0.00103384
-8.88837E-5
5.53786E-4
0.00106566
0.00181239
0.00276922
0.00347143
0.00362677
0.00348066
0.00339635
0.00333076
0.00299933
0.00238793
0.00177236
0.0012855
7.82715E-4
1.66111E-4
-4.41679E-4
-9.20413E-4
-0.00129165
-0.00153189
-0.00150805
-0.00127057
-0.00117263
-0.00144992
-0.00185142
-0.00197474
-0.00185403
-0.00188472
-0.00219591
-0.0024637
-0.00243616
-0.00230184
-0.00232676
-0.0023867
-0.00215097
-0.00159194
-0.00100288
-5.41229E-4
-4.79372E-5
6.15557E-4
0.00129247
0.00174086
0.001974
0.00222588
0.00263061
0.00307483
0.00337125
0.00347671
0.00349457
0.0035079
0.00347339
0.0033035
0.00302612
0.00279426
0.00270398
0.00266167
0.00249989
0.00217235
0.00173176
0.00115936
3.85158E-4
-4.97181E-4
-0.0012218
-0.00166415
-0.00200255
-0.00240032
-0.00265576
-0.00241407
-0.00169798
-9.60629E-4
-5.34504E-4
-2.59663E-4
1.81651E-4
7.28811E-4
9.66895E-4
6.35413E-4
-8.43268E-5
-8.01775E-4
-0.00126988
-0.00145899
-0.00142941
-0.00125158
-0.00100362
-7.52671E-4
-5.24279E-4
-3.12124E-4
-1.02096E-4
1.14317E-4
3.0254E-4
3.43752E-4
9.51303E-5
-4.55424E-4
-0.00113051
-0.00170831
-0.00210179
-0.00235848
-0.00253958
-0.00267445
-0.00279367
-0.00289483
-0.00287262
-0.00260478
-0.00216024
-0.0018088
-0.00172337
-0.0017479
-0.00159649
-0.00124928
-9.88465E-4
-0.00100765
-0.00114789
-0.00113909
-9.81349E-4
-9.06438E-4
-9.9801E-4
-0.00106179
-9.43793E-4
-7.98568E-4
-8.83758E-4
-0.00118099
-0.00141824
-0.00146777
-0.00152955
-0.00182969
-0.00228037
-0.00259386
-0.00267404
-0.00272479
-0.00294262
-0.00324107
-0.00336235
-0.0031794
-0.00278671
-0.00233627
-0.00189866
-0.00149159
-0.00113642
-8.29413E-4
-5.23985E-4
-2.09298E-4
3.86848E-5
1.6569E-4
2.70059E-4
5.2406E-4
9.44098E-4
0.0013305
0.00148799
0.0014359
0.00133256
0.0012536
0.00114666
9.74177E-4
7.74494E-4
5.58316E-4
2.64183E-4
-1.05911E-4
-3.86368E-4
-3.85365E-4
-9.92002E-5
2.8767E-4
6.02739E-4
8.13941E-4
9.65713E-4
0.00106876
0.00108215
9.60822E-4
7.07812E-4
4.16447E-4
2.45832E-4
2.79281E-4
3.99671E-4
4.01168E-4
2.65705E-4
2.22977E-4
4.4097E-4
7.40709E-4
7.70148E-4
4.49498E-4
8.69759E-5
-3.17898E-6
1.32834E-4
2.09763E-4
1.05765E-4
-2.1168E-7
