-9.79309E-4
7.99231E-5
-0.00185672
-4.67007E-4
-8.21977E-4
-5.34478E-4
-0.00175917
-0.00365887
-0.00294295
-3.70078E-4
0.00316341
-0.00154134
3.05635E-4
0.00290316
0.00172677
0.0024165
0.00164095
0.00188618
0.00227115
4.62762E-4
1.13631E-4
0.00373328
-8.95512E-4
-3.33903E-4
-0.0015904
-0.00455387
-0.0050873
-0.00583585
-0.00149088
-0.00605308
-0.00708294
-0.00947816
-0.00533798
-0.00263759
-0.011256
-0.00560856
4.10113E-4
-0.00316772
0.00146626
-2.54593E-4
0.00177409
0.00448603
-0.00150832
0.0019073
0.00376484
8.51171E-4
-0.00488299
-0.00636286
-0.00909083
-0.00462567
3.12304E-5
-0.00489716
-0.00458621
-0.00387039
-8.33662E-4
0.0020787
-3.32834E-4
-0.00169606
-2.35579E-5
7.15945E-4
-0.00179333
-0.00566083
-0.00307654
-0.0104385
-0.00450237
-0.00773953
-0.0053723
-0.00334663
-0.00779919
-0.00958923
-0.0108021
0.00340731
0.00283084
0.00138358
-0.00465544
7.3785E-5
0.00908891
0.00815878
0.0092671
0.0066331
0.00564495
0.0050535
9.44075E-4
0.00428473
-8.82079E-4
-5.66857E-4
0.00101795
-0.00354101
0.00152212
-0.00548511
-0.00356672
-0.00419963
-0.00455617
0.00614309
0.00308846
0.00276057
0.00480662
0.00632755
0.00681961
0.00578622
0.0073776
0.00583849
0.00488473
0.00308361
1.09393E-5
-0.00183396
-0.00462411
-0.00211578
0.00197722
-8.39344E-4
-0.00655289
-0.00798462
-0.00809885
-0.00558014
-0.00221503
-0.00691279
-0.00544124
-0.00488026
-0.00478221
0.00880774
0.00430285
-6.28244E-4
0.00853928
0.00932477
0.0103377
0.0132504
8.59165E-4
0.00653227
0.00189301
-0.00331012
-0.00124571
-0.0129974
-0.0136178
-0.0137162
-0.0129253
-0.00698784
-0.00967718
-0.00754425
0.00198164
-0.00242992
-0.00110147
8.52098E-4
1.62583E-4
0.0108531
0.0109703
0.00839843
0.00724607
-0.00221287
-5.13037E-4
0.00176704
-0.00276659
-8.8109E-4
-0.00838919
-0.00700228
-0.0062649
-0.013984
-3.57365E-4
-0.00747173
-0.0049936
-0.00728771
-0.00787378
0.00220335
-0.0130085
-0.0212903
-0.020001
-0.0138303
-0.00355214
-0.0015347
-0.0104476
-0.0115423
-0.00519811
0.00221066
0.0109339
0.0131646
0.00191361
0.00631023
0.00922012
0.0156899
0.0201783
0.0116032
0.0182301
0.0173732
0.0183937
0.0185964
0.0135282
0.013834
0.0107339
0.00986597
0.017992
0.0112108
0.0238613
0.0280737
0.0183191
0.0208122
0.0150998
0.0180642
0.0112341
-0.00857479
-0.0115186
-0.0117836
-0.0264072
-0.0328181
-0.0365868
-0.0378378
-0.0337495
-0.0326969
-0.027128
-0.0211033
-0.0125853
-0.00845207
3.56557E-4
0.00869206
0.0132954
0.0226211
0.0299502
0.0302545
0.0394089
0.0428356
0.0315998
0.0246041
0.01511
0.00730968
-0.00263302
-0.0234867
-0.0442057
-0.0330984
-0.023491
-0.0207443
-0.0170696
-0.0277515
-0.0160353
-0.00149547
-9.02305E-4
8.04128E-5
-5.33728E-4
0.0159467
0.0161728
0.0175288
0.0111095
0.0082857
0.00724848
-0.00130914
-0.00643744
-0.011167
0.00168742
-0.00897075
-0.0114661
-0.00159834
-0.00110587
0.0122004
0.0174346
0.0206232
0.0310049
0.0291878
0.0404833
0.0478946
0.0457339
0.0471004
0.0395995
0.0376234
0.0243937
0.00490912
-0.0105639
-0.00840601
-0.0166013
-0.0221871
-0.0180295
-0.0324939
-0.0253455
-0.0384333
-0.0381383
-0.028773
-0.0244807
0.00521577
0.011109
0.0153667
0.0268052
0.0328433
0.0587465
0.0585898
0.0482819
0.0622891
0.0627627
0.0570823
0.0552625
0.0452106
0.0430462
0.0359169
0.0202178
0.0187295
0.00937313
0.0217836
0.0160482
0.0230124
0.0281748
0.0263674
0.0403198
0.0281766
0.0293743
0.0323688
0.0254568
0.0281393
0.0224071
0.00272521
-8.76769E-4
-0.0183622
-0.0279019
-0.0410556
-0.0559529
-0.062977
-0.068237
-0.0786934
-0.0738653
-0.0641518
-0.062757
-0.0639738
-0.0718391
-0.0608274
-0.0453442
-0.047702
-0.0486179
-0.0335578
-0.0412314
-0.036242
-0.0338499
-0.0340866
-0.0301466
-0.031663
-0.0280737
-0.0232485
-0.0218159
-0.0114608
-0.00369366
-0.00142281
0.018638
0.0288249
0.0388089
0.0433415
0.044866
0.0595652
0.0774031
0.0705027
0.066228
0.0627356
0.0672662
0.0526425
0.0225385
0.00287329
-0.0186284
-0.0140671
-0.0192166
-0.0298246
-0.0307117
-0.0231218
-0.0172736
-0.022783
-0.0242258
-0.0199123
-0.0139397
0.00776513
0.0234444
0.0423287
0.0453014
0.0465538
0.0507378
0.0356116
0.0214601
-0.00992041
-0.0518061
-0.0833681
-0.10628
-0.109077
-0.110242
-0.118962
-0.122095
-0.128846
-0.102085
-0.0708012
-0.0441333
-0.0211568
-0.0204039
-0.0200365
-0.0134662
-0.0126736
-0.0143517
-0.0224612
-0.0313538
-0.0281169
-0.0227243
-0.0129398
-0.00385583
-5.08771E-4
0.0162221
0.0436406
0.0574805
0.0669122
0.0752977
0.0755877
0.0713318
0.0707805
0.0719944
0.0670991
0.0574826
0.0384123
0.0145514
-4.48238E-4
-0.00748385
-0.00643311
0.0121557
0.00147057
-0.0164831
-0.0161288
-0.0118027
-0.00302762
0.00456667
-0.00331221
-0.0170626
-0.0175995
-0.0179182
-0.0191373
-0.023235
-0.0322876
-0.0450437
-0.0206639
0.00514055
0.0194579
0.0258428
0.016207
0.0193656
0.0211466
0.0184785
0.0329284
0.0441713
0.0447582
0.0533295
0.0455547
0.0427999
0.0447308
0.049159
0.0627279
0.0635646
0.0544153
0.0537265
0.054345
0.0453069
0.0382123
0.0258641
0.0179241
0.011161
0.00795249
0.00957954
0.0127035
0.0125226
-4.29213E-4
-0.014156
-0.0235755
-0.0285777
-0.0346994
-0.042259
-0.0559868
-0.049359
-0.0167764
-0.00139341
0.010182
0.016976
0.0280008
0.0408172
0.0464548
0.0576571
0.0526825
0.0412889
0.0340179
0.0312572
0.028421
0.023631
0.0152741
-5.53309E-4
-0.0147604
-0.0351581
-0.0590789
-0.0702095
-0.0640395
-0.0607513
-0.0543407
-0.0492996
-0.0409566
-0.0312289
-0.036652
-0.0336544
-0.0273682
-0.0231898
-0.0144878
-0.0181744
-0.0254453
-0.0245963
-0.0315205
-0.0249966
-0.0109494
8.36391E-5
0.0053634
0.00280359
0.0107611
0.012786
0.00432711
-4.9749E-4
-0.00688429
-0.00922485
-0.00226663
0.00319364
0.0057732
0.00904414
0.00331098
-0.00214481
0.0130303
0.0175433
0.0113614
0.00822753
-2.70073E-4
-0.00226087
0.00745978
0.00770931
0.00660465
0.012793
-0.00322602
-0.0112994
-0.0164421
-0.0274003
-0.0333445
-0.0402891
-0.045285
-0.0358193
-0.0282523
-0.0237271
-0.0095686
-0.00986768
-0.0143965
-0.0202847
-0.0204308
-0.0190249
-0.02481
-0.0230534
-0.0126118
-0.0122807
-0.0116314
-0.0119703
-0.0166561
-0.00954086
-0.00826753
-0.00528924
4.33108E-4
-0.00471676
-0.00146212
0.012211
0.0220152
0.0268657
0.0188872
0.0146377
0.0211809
0.0159209
8.53308E-4
-0.00183496
-0.012217
-0.0308689
-0.0414916
-0.0469882
-0.0421428
-0.0403769
-0.0457501
-0.0454945
-0.0428619
-0.0415661
-0.0319607
-0.0231761
-0.00963156
0.0109236
0.0296718
0.0409424
0.0495016
0.0580465
0.0642991
0.0655408
0.044157
0.0208358
0.011706
-0.00490552
-0.0135255
-0.0229041
-0.0345618
-0.0324126
-0.0222412
-0.0141093
-0.0173003
-0.0202334
-0.0269944
-0.0318659
-0.0313472
-0.0274359
-0.02763
-0.0324301
-0.031167
-0.030117
-0.0230619
-0.0157499
-0.0214667
-0.0321914
-0.0407614
-0.0380462
-0.0304803
-0.0196686
-0.00871819
0.00136749
0.0162815
0.028011
0.0424029
0.0502207
0.0489743
0.0441813
0.0417305
0.0469328
0.0500099
0.0502543
0.0464616
0.0418053
0.0434232
0.0489324
0.0500588
0.0503797
0.0499286
0.0420275
0.0337715
0.0290478
0.0270396
0.0219774
0.0182785
0.0201921
0.0199276
0.0251044
0.0265367
0.022639
0.0287151
0.0259084
0.0157904
2.11528E-5
-0.0195374
-0.024099
-0.0247
-0.0216443
-0.00763579
-0.00459132
-0.00107675
0.00547759
0.00563117
0.00937211
0.0106555
0.00791005
0.0103539
0.013276
0.0101165
0.00524798
-0.00533096
-0.0088239
-0.00908537
-0.00811094
-0.00451074
-0.00983408
-0.0169623
-0.0151272
-0.00638973
0.00752489
0.0245833
0.0298324
0.0279047
0.028719
0.0213297
0.016506
0.0160181
0.00899591
0.00373475
-0.00972799
-0.0179871
-0.016819
-0.018348
-0.0157798
-0.0202751
-0.029293
-0.0297451
-0.0327242
-0.0342471
-0.0322815
-0.0330223
-0.0325588
-0.0295695
-0.0249272
-0.0242322
-0.0218252
-0.0221
-0.0254471
-0.0219561
-0.0178257
-0.0163303
-0.0159219
-0.0151841
-0.0097903
-0.00656952
-0.00151325
0.00646349
0.0148349
0.0185318
0.0176248
0.0187827
0.0216037
0.0251335
0.0292914
0.0264968
0.0244151
0.0249856
0.0223379
0.0251059
0.0226539
0.0198665
0.0165172
0.0123094
0.0136865
0.0111438
0.00555008
-0.00147835
-0.00631847
-0.00825342
-0.0071435
-0.00638742
-0.00612591
-0.00610811
-0.010728
-0.00937131
-0.00859077
-0.00416577
0.00486223
0.00732529
0.00961092
0.011093
0.0120703
0.0123553
0.0116674
0.00532827
-0.00314616
-0.010505
-0.0139574
-0.0155467
-0.0114878
-0.00354376
-0.00247264
-4.71543E-4
0.00752344
0.0154572
0.0215841
0.0252076
0.0284476
0.0321496
0.0337968
0.0368941
0.0408541
0.0407729
0.0396261
0.0377145
0.0327856
0.025187
0.018389
0.0158962
0.0119084
0.00794006
-0.00116869
-0.00843278
-0.0116935
-0.0163909
-0.020084
-0.0237607
-0.0228151
-0.0224996
-0.0260081
-0.03026
-0.0305543
-0.0220108
-0.0155903
-0.0129724
-0.0087504
-0.0031039
0.00126388
0.00132642
7.01666E-4
-0.00559883
-0.00962944
-0.0112851
-0.0128542
-0.0125265
-0.0135602
-0.016153
-0.0139501
-0.00522511
0.00488977
0.0144132
0.0197354
0.0267911
0.0311599
0.0329794
0.031965
0.030085
0.0288443
0.0242354
0.0147717
0.00327165
-0.00271176
-0.00692393
-0.0121986
-0.0143673
-0.0154928
-0.0119368
-0.00334643
0.00663074
0.0143859
0.0158577
0.0112641
0.00612192
0.00596921
0.004963
0.0044952
0.00305357
-0.00111071
-0.00616214
-0.00538895
-0.00436186
-0.00247413
0.00151931
0.00107698
-5.42102E-4
-0.00286785
-0.0062439
-0.00671683
-0.00436107
-0.00252536
6.10479E-4
0.00390437
0.00322545
0.00134734
-0.00263954
-0.00844968
-0.0123346
-0.0125852
-0.0141085
-0.0170135
-0.0203192
-0.0271124
-0.0304599
-0.0319699
-0.0331903
-0.0352479
-0.0374779
-0.0410742
-0.0440465
-0.0443268
-0.0434823
-0.0373965
-0.0349011
-0.0342411
-0.0331784
-0.0347435
-0.0335115
-0.0322041
-0.0298219
-0.0234832
-0.0188964
-0.0169221
-0.0126626
-0.00957879
-0.00491549
0.0011438
0.0060814
0.0115074
0.0155181
0.0162759
0.0143263
0.0107911
0.00707028
4.21849E-4
-0.00824154
-0.0157843
-0.0202689
-0.0212783
-0.0244739
-0.0287159
-0.0294091
-0.0259757
-0.0171713
-0.0063082
-0.0011157
0.00527597
0.0122316
0.0173792
0.0204802
0.0250089
0.0275593
0.0218795
0.0193171
0.0172675
0.0152067
0.0137293
0.0116817
0.0149592
0.01955
0.0249046
0.0298707
0.0325526
0.0368773
0.0398478
0.0435362
0.0477976
0.0463272
0.0418548
0.0372172
0.0313182
0.031047
0.029755
0.0256823
0.0199985
0.0124343
0.0108956
0.00951389
0.00767435
0.00596738
0.00330187
0.00211801
0.00285529
0.00193655
-9.06213E-5
-7.06509E-4
-0.00262254
-0.0059886
-0.00716534
-0.0109821
-0.0118448
-0.0111208
-0.0128298
-0.0148244
-0.0169637
-0.0132948
-0.0111208
-0.012115
-0.0156646
-0.01941
-0.0205297
-0.0217381
-0.0234543
-0.0252745
-0.0266613
-0.0260525
-0.0275699
-0.0275301
-0.0266063
-0.0267317
-0.0258038
-0.0272569
-0.0275639
-0.0294565
-0.0297655
-0.0290925
-0.028907
-0.0305824
-0.0326229
-0.0291814
-0.0265312
-0.0257675
-0.0248375
-0.0223648
-0.0151116
-0.0064991
-0.00337576
-7.4392E-4
0.00231212
0.00384979
0.00684362
0.00489387
0.0039363
0.00594508
0.00469179
0.00287459
-4.39047E-5
0.00214638
0.00423775
0.0050351
0.00812171
0.00841939
0.0107738
0.0128438
0.0156989
0.0171958
0.0178422
0.01913
0.0220718
0.0264983
0.028969
0.031353
0.0336289
0.0344487
0.0340835
0.0370121
0.035772
0.0381948
0.0395101
0.0369913
0.0372268
0.0344265
0.0344743
0.0330946
0.0292369
0.0264754
0.0216755
0.0166206
0.0148544
0.01448
0.0155322
0.0173849
0.0170789
0.0181403
0.0202837
0.0188498
0.0175852
0.0159311
0.0126893
0.0126668
0.0117193
0.00917706
0.00960827
0.00936749
0.0106828
0.0115566
0.00906526
0.00679014
0.00303439
-3.99135E-4
-0.00212871
-0.00345856
-0.00623437
-0.00896837
-0.00862793
-0.00733099
-0.0064603
-0.00619124
-0.00511253
-0.00348113
-0.00130622
-0.00195899
-0.00439728
-0.00548649
-0.00855294
-0.0122516
-0.0151559
-0.0173128
-0.0196664
-0.0213705
-0.0223323
-0.0209864
-0.0194111
-0.0191319
-0.0184427
-0.0176169
-0.0149424
-0.0138932
-0.0141575
-0.0152457
-0.0168163
-0.0193117
-0.021182
-0.0239303
-0.0242904
-0.0223001
-0.0213948
-0.0213511
-0.0211535
-0.0197301
-0.0182946
-0.016394
-0.0151052
-0.0133668
-0.0120618
-0.00892937
-0.0075509
-0.00579922
-0.0050805
-0.00494303
-8.3274E-4
0.0037354
0.00867777
0.010146
0.0107831
0.0122564
0.0120421
0.012203
0.0132031
0.0131244
0.011663
0.00903089
0.00743484
0.006367
0.00557652
0.00374287
0.00210908
0.00522106
0.0085798
0.00963602
0.0103231
0.0119086
0.0153132
0.018934
0.0191439
0.020093
0.022018
0.0226816
0.024108
0.0256945
0.0248255
0.0244306
0.0238217
0.0227375
0.022205
0.0200389
0.0194789
0.0181469
0.0147286
0.0118803
0.00974175
0.00779592
0.0085921
0.00743552
0.00599445
0.00606561
0.0056677
0.00714913
0.00645448
0.00578839
0.00513555
0.00297659
0.00227378
0.00140578
6.32613E-4
-0.00185062
-0.00265336
-0.0020234
-0.00299949
-0.0034127
-0.00457846
-0.00431662
-0.00262514
-7.21555E-4
3.64216E-4
0.00182932
0.00154051
0.0022082
0.0028045
0.0012023
0.00106747
-0.00133521
-0.0048759
-0.00803928
-0.0125314
-0.0176383
-0.0209965
-0.0248757
-0.0284174
-0.030916
-0.0328904
-0.0325459
-0.0330468
-0.0302979
-0.0285371
-0.0276125
-0.0265318
-0.0256255
-0.0227787
-0.0197137
-0.0162775
-0.0147349
-0.0123948
-0.00954804
-0.00948301
-0.00787515
-0.00658851
-0.00621655
-0.00599449
-0.00951784
-0.0111731
-0.0123154
-0.0144326
-0.0170983
-0.0165755
-0.0147851
-0.0132527
-0.0121108
-0.0107946
-0.00968542
-0.00739334
-0.00542246
-0.00425003
-0.00206502
-0.00111998
0.00186143
0.00147574
0.00358427
0.00561939
0.00557122
0.0075013
0.00774172
0.00820749
0.00883845
0.00748301
0.00719419
0.00729286
0.00544082
0.00341236
9.61747E-4
-8.0872E-4
-0.00136369
-0.00111511
-4.1277E-4
0.00101663
9.36855E-4
0.00299338
0.00647547
0.0106387
0.0142666
0.0152127
0.014413
0.0141701
0.0165193
0.0158766
0.0147343
0.0132697
0.0124262
0.0107138
0.00626458
0.00292885
-6.31215E-4
-0.00362432
-0.00700696
-0.00862039
-0.0097005
-0.010281
-0.0126194
-0.0154728
-0.0149703
-0.0151857
-0.0136217
-0.0137576
-0.0128584
-0.0122723
-0.0108623
-0.00853859
-0.00700824
-0.00481914
-0.0051467
-0.00321254
-0.0036074
-0.00408486
-0.00537606
-0.0078022
-0.00852235
-0.00866942
-0.00910916
-0.0100027
-0.0101742
-0.0102448
-0.00881131
-0.00766028
-0.00756466
-0.00726
-0.00683807
-0.006771
-0.00507748
-0.00453012
-0.00362076
-7.85165E-4
-8.37042E-6
0.00265592
0.00670498
0.00703004
0.00952506
0.0103488
0.011251
0.0114608
0.00941606
0.00860414
0.00704069
0.00531103
0.00311637
2.65022E-4
2.34206E-4
9.79394E-4
7.23222E-4
0.00189873
0.00168131
0.00371032
0.00651432
0.00822518
0.00974128
0.0108984
0.012697
0.0126672
0.0145779
0.0146889
0.0130989
0.0130936
0.0114006
0.0128158
0.0140239
0.0145499
0.0157295
0.016025
0.0155628
0.0156055
0.0156369
0.0155612
0.0139967
0.0116971
0.0102682
0.00842028
0.00713217
0.00735324
0.00672285
0.00483616
0.00404975
0.00238333
0.00140012
6.63674E-4
-0.00136781
-0.00305972
-0.00505347
-0.00704008
-0.00669868
-0.00770841
-0.00970929
-0.00979719
-0.00961588
-0.00870854
-0.00779201
-0.00813586
-0.00902321
-0.0104714
-0.0128547
-0.0138664
-0.0151107
-0.0169005
-0.0189585
-0.0183866
-0.0171652
-0.0170532
-0.0149528
-0.0139588
-0.010499
-0.00586973
-0.00282607
-3.32557E-5
0.0018979
0.00402789
0.00557971
0.00582018
0.00548451
0.00547004
0.00387706
0.00286022
0.00509015
0.00588331
0.00589434
0.00566676
0.00563089
0.00570413
0.00556527
0.00575679
0.00539972
0.00545358
0.00556047
0.00587029
0.00514612
0.00703751
0.00778581
0.00590324
0.00664338
0.00787197
0.0100825
0.0114111
0.0111213
0.0119461
0.0140129
0.0158533
0.0172002
0.0184318
0.0177433
0.017786
0.0186506
0.0186738
0.0187869
0.0172316
0.0166074
0.0162177
0.016395
0.0164672
0.0160979
0.0136056
0.0109858
0.0102331
0.00889404
0.00765493
0.00601303
0.00549588
0.00464427
0.0030605
0.00131459
-2.26347E-4
-0.00196409
-0.00460531
-0.00667854
-0.00910459
-0.0117111
-0.0140536
-0.0156883
-0.0174689
-0.0175129
-0.0173988
-0.0176661
-0.0155514
-0.0146745
-0.0146655
-0.0149124
-0.0131087
-0.0116741
-0.0120433
-0.0113103
-0.00980329
-0.00861341
-0.00855338
-0.00917452
-0.0114425
-0.0119525
-0.0117813
-0.0120547
-0.0116347
-0.0132103
-0.0149103
-0.0147258
-0.0147821
-0.0147281
-0.0125022
-0.0117406
-0.012014
-0.0117296
-0.0119928
-0.0116422
-0.0128119
-0.0121879
-0.0103821
-0.0094278
-0.00892622
-0.009685
-0.00865112
-0.00843199
-0.00889607
-0.00859332
-0.00915529
-0.00908708
-0.00746073
-0.00631264
-0.00552654
-0.00472923
-0.00460798
-0.0020435
-8.903E-4
2.42859E-5
0.0020004
0.00349724
0.00660218
0.00766463
0.0088056
0.00990884
0.0107327
0.0128312
0.0133001
0.0140944
0.0149499
0.0170769
0.0183005
0.0175264
0.0177558
0.0175436
0.0177362
0.0174761
0.0184662
0.0182122
0.0169497
0.0152814
0.01382
0.0125881
0.0108188
0.00926778
0.00774119
0.00730264
0.00634301
0.00659481
0.00516408
0.00636319
0.00805177
0.0074307
0.00981982
0.0103684
0.0106161
0.00943417
0.00772201
0.00600474
0.00454954
0.00315757
1.95235E-4
-7.78654E-4
-0.00131712
-0.0033974
-0.00362893
-0.00405013
-0.0063058
-0.00654447
-0.00659244
-0.00645382
-0.0067088
-0.00496717
-0.0035488
-0.00447781
-0.00433713
-0.00349693
-0.00407006
-0.00338281
-0.00479313
-0.00561812
-0.00534998
-0.0067919
-0.00654007
-0.00674609
-0.00688787
-0.00878356
-0.00961466
-0.00937098
-0.00969223
-0.00905086
-0.00677897
-0.0067637
-0.00532797
-0.00339462
-0.0041574
-0.00207619
-0.00105446
-6.94392E-5
-0.00183561
-0.00222313
-0.00180099
-0.00272386
-8.1191E-4
-0.00261887
-0.00219469
-0.0026597
-0.00539969
-0.00491126
-0.00574235
-0.00631646
-0.00786543
-0.00769005
-0.0057424
-0.00439741
-0.00219076
-1.46236E-4
0.00245913
0.00386123
0.00590983
0.00604341
0.00612702
0.0058986
0.00460866
0.00187785
0.00213482
0.00191252
5.15392E-5
7.05178E-4
-2.69763E-5
0.00104985
0.00128337
3.126E-4
3.57473E-4
3.56459E-4
3.29954E-4
0.00165355
0.00287824
0.00297308
0.00325352
0.00327698
0.00522975
0.00587728
0.00621788
0.00622708
0.00640452
0.00744057
0.00836241
0.00936175
0.00899263
0.0102806
0.00967691
0.00908447
0.00928946
0.00684012
0.00658114
0.00535241
0.00279601
0.00153566
8.38207E-4
0.00138072
-5.45489E-4
-0.00172323
-0.00147847
-0.00345464
-0.0044417
-0.00420101
-0.00439778
-0.00405614
-0.00542762
-0.00658292
-0.00594862
-0.00551214
-0.00444242
-0.00655319
-0.00648891
-0.00665916
-0.00740759
-0.00560264
-0.00550267
-0.0045859
-0.00437477
-0.00434821
-0.00358235
-0.00411868
-0.00416553
-0.00416446
-0.00413892
-0.00405117
-0.00393895
-0.00262754
-0.00151803
4.11325E-4
0.00147699
0.00344
0.00453931
0.00438029
0.0043569
0.00465369
0.00317109
0.0037218
0.00319059
0.00123789
0.0019487
0.00128799
0.00193558
3.93831E-4
-0.00133044
-0.00205437
-0.00394995
-0.00415077
-0.0040783
-0.00450039
-0.00401085
-0.00438298
-0.00423708
-0.00608576
-0.00709418
-0.00471307
-0.00412257
-0.00408885
-0.0027407
-0.00190038
-0.00117222
-0.00148316
6.72942E-6
0.00176378
0.00148854
0.00345362
0.00286125
0.00414515
0.00499976
0.00428808
0.00538029
0.00465638
0.00434749
0.00446892
0.00428445
0.0047016
0.00339747
0.00165385
0.00158664
0.00167647
0.00115141
-0.00100825
-0.00133039
-0.00125687
-0.00130878
-0.00112514
-0.00156861
2.22404E-5
0.00169875
0.00188648
0.00346408
0.00438703
0.00436367
0.004427
0.00223981
0.00144148
0.00182296
2.90427E-4
-5.61705E-5
-4.13984E-4
-0.00123067
-0.0013825
6.04015E-4
0.00176456
0.00145672
0.00171175
0.00146305
0.00166507
0.0015367
0.00164082
0.0013493
-9.02123E-4
-0.00132111
-0.00129245
-0.00126378
-0.00135034
-0.001494
-8.15772E-4
-7.91181E-4
-9.73591E-4
-7.2976E-4
-6.62339E-4
-4.80709E-4
-7.75287E-4
-0.0026443
-0.00306125
-0.00294692
-0.00280403
-0.00313022
-0.00350841
-0.00484411
-0.00535588
-0.00538431
-0.00385665
-0.0024279
-0.00183634
-0.00386442
-0.00343805
-0.00276287
-0.00357342
-0.00132787
-0.0019824
-7.73906E-4
-5.07629E-4
-0.00145073
-0.00114469
-0.00138113
-0.00114646
-0.00133395
-9.55504E-4
-0.0020485
-0.00405619
-0.0040173
-0.00407325
-0.004067
-0.00403525
-0.00409425
-0.00403701
-0.004095
-0.00400104
-0.00411103
-0.00397629
-0.00413421
-0.0039393
-0.00419918
-0.00364636
-0.00148646
-0.00103662
-0.00148413
-0.00233749
-0.00200696
-0.00346093
-0.00415419
-0.00232875
-0.00134152
-0.00113743
-0.00112505
9.98147E-4
0.00157647
0.00269117
0.0044952
0.00472376
0.00707028
0.00740591
0.00735406
0.00971587
0.00847809
0.00926648
0.010684
0.00988982
0.0111391
0.0101542
0.0113169
0.0113894
0.00993851
0.00880984
0.0074344
0.00753958
0.00741941
0.00748687
0.00738301
0.0074311
0.00744451
0.00640353
0.00568887
0.00589603
0.0057575
0.00569342
0.0048309
0.00439666
0.0048669
0.00432151
0.00419319
0.00480518
0.00445761
0.00401725
0.00264794
0.00340167
0.00356498
0.00175616
0.0017859
0.00181767
0.00132735
2.8434E-4
-6.96465E-4
-0.00163444
-0.00304863
-0.00399272
-0.00388141
-0.00428607
-0.00535865
-0.00540743
-0.0054399
-0.00656448
-0.00681925
-0.0074299
-0.00933048
-0.0100156
-0.00952594
-0.0110503
-0.0106463
-0.01002
-0.00928259
-0.00824435
-0.0096259
-0.00869983
-0.00822856
-0.00815089
-0.00751646
-0.0072787
-0.00801069
-0.00818592
-0.00818371
-0.00813154
-0.00762865
-0.0068688
-0.00676258
-0.00675731
-0.00599134
-0.00495514
-0.00337849
-0.00361795
-0.00204946
-8.89878E-4
-4.33454E-5
6.125E-4
5.62702E-4
0.0026227
0.00261879
0.00209482
0.00289547
0.00276511
0.00266739
0.00317741
0.00325916
0.003294
0.00322381
0.00339019
0.00287336
0.00178651
0.00203652
0.00108529
3.88992E-4
5.94124E-4
3.516E-4
7.42321E-4
-3.44527E-4
1.69579E-4
0.00162998
0.00192281
0.00304874
0.00293165
0.00329585
0.00335109
0.00263338
0.00267229
0.00239408
0.00232695
0.00216294
0.00216107
0.00197871
0.00195951
0.00187504
0.00185991
0.00237912
0.00240478
0.00312283
0.00418656
0.00477102
0.00468044
0.00521596
0.00442177
0.00428121
0.00483815
0.00398685
0.00286737
0.00187739
0.00203766
0.00189812
0.00166681
0.00193211
0.00197408
0.00196099
0.00196932
0.00197458
0.00195538
0.00196472
0.00197304
0.00199972
0.00176841
8.92642E-4
-2.05426E-4
-0.00111383
-6.25218E-4
-0.00204654
-0.0031497
-0.00504519
-0.00656033
-0.00621958
-0.00677108
-0.00645684
-0.00671467
-0.00647283
-0.00675105
-0.00678964
-0.00652231
-0.00657109
-0.00659438
-0.00657382
-0.00633097
-0.00508981
-0.00352745
-0.00380465
-0.00331502
-0.00340562
-0.0033096
-0.00339306
-0.00363763
-0.00349471
-0.00363221
-0.00343423
-0.00434467
-0.00396416
-0.00283314
-0.002524
-0.00115641
-9.66581E-4
5.22728E-5
9.07972E-4
5.33893E-4
0.00164452
0.00201789
0.00271859
0.00391284
0.00508363
0.0054672
0.00550202
0.00556336
0.00592551
0.00620507
0.0056352
0.00560782
0.00629322
0.00591914
0.00565213
0.00589803
0.0037476
0.0029901
0.00268842
0.00182589
0.00211054
2.69084E-4
8.96359E-4
7.71083E-4
-6.14562E-4
5.50102E-4
5.64526E-4
6.22798E-4
4.6081E-4
0.00185491
0.00346927
0.0033552
0.00418846
0.00560397
0.00562655
0.00525653
0.00502622
0.0041902
0.00372841
0.00342468
0.00397649
0.00227982
0.00137751
0.00182837
8.89353E-4
0.00118215
6.00033E-4
7.55169E-4
5.18734E-4
-3.40748E-4
-5.34356E-4
-2.02816E-5
0.0010424
-2.44345E-4
-3.56378E-4
-0.00120669
-0.00195604
-0.0014848
-0.00241261
-0.00320071
-0.00399188
-0.00405293
-0.00427713
-0.00564648
-0.0059696
-0.00640897
-0.00755092
-0.00683189
-0.00626174
-0.00663278
-0.00610342
-0.00678753
-0.00517931
-0.00479883
-0.00639863
-0.00564698
-0.00585997
-0.00604951
-0.0064634
-0.00640005
-0.00581257
-0.00580123
-0.00492313
-0.00356883
-0.00355137
-0.00346764
-0.00354705
-0.00343681
-0.0029564
-0.00302766
-0.00355882
-0.00338637
-0.0036473
-0.00292828
-0.00321063
-0.00150045
-0.00147892
-0.00161851
-0.0012564
-0.00307954
-0.00202912
-0.00185566
-0.00186574
-0.00162804
-6.2453E-4
-9.03824E-4
0.00117141
0.00235031
0.00231574
0.0045633
0.00484281
0.00598194
0.00769211
0.0080277
0.00775553
0.00840928
0.00638116
0.00633946
0.00858497
0.0078886
0.00876668
0.00813761
0.00987123
0.0105494
0.00912499
0.010828
0.0106119
0.0115277
0.011434
0.011378
0.0117126
0.0109836
0.0110846
0.0110551
0.0100263
0.00964505
0.00979299
0.00976759
0.00892743
0.00733574
0.00741434
0.00562585
0.00438188
0.00481942
0.00467368
0.00333794
0.00200933
0.00244075
0.00131915
-6.70241E-4
-9.11835E-4
-0.00273297
-0.00351094
-0.00338543
-0.0035016
-0.00341587
-0.00361566
-0.0034351
-0.00350131
-0.00339009
-0.00350626
-0.00338076
-0.0035204
-0.00335411
-0.00358042
-0.00314187
-0.00333453
-0.00265839
-2.56897E-4
-9.69613E-4
-2.0884E-4
-0.0029253
-0.00225222
-0.0015404
-0.00350227
-0.00388053
-0.00636449
-0.00616661
-0.00646227
-0.00625725
-0.00633469
-0.00622043
-0.00648142
-0.00662412
-0.00629572
-0.00627017
-0.00624973
-0.00634349
-0.00629755
-0.00478118
-0.00403776
-0.00600576
-0.00578546
-0.00391831
-0.00368169
-0.0032605
-0.00371117
-0.00284335
-0.00247621
-0.00351424
-0.00346831
-0.00255766
-7.5986E-4
-7.20052E-4
-4.48769E-4
0.00141531
0.00228007
0.00218017
0.00311325
0.00399839
0.00496512
0.00506406
0.00500699
0.00509676
0.00495097
0.005313
0.00514579
0.00555065
0.00675292
0.00628796
0.0068733
0.00616768
0.00681421
0.00694883
0.00530201
0.00581903
0.005661
0.00595877
0.00602915
0.00611177
0.00632185
0.00573757
0.00488714
0.00516146
0.00452925
0.00381138
0.00371656
0.00371046
0.00373902
0.00366255
0.00383387
0.0029039
0.00413776
0.00508203
0.00384002
0.0038696
0.00327307
0.00423364
0.00443759
0.00127443
9.65461E-4
-2.5702E-5
-0.00159097
-0.00249342
-0.00425345
-0.00532313
-0.00610118
-0.00702607
-0.00691186
-0.00783471
-0.0095662
-0.00948871
-0.00973243
-0.00967023
-0.0100771
-0.00988949
-0.0114925
-0.0115598
-0.0107797
-0.0120391
-0.0118688
-0.0125867
-0.0112693
-0.0109787
-0.0112387
-0.0106259
-0.0108166
-0.00944306
-0.00928298
-0.00923916
-0.00927487
-0.00925246
-0.00927084
-0.00925761
-0.00929129
-0.00900172
-0.00796062
-0.0079892
-0.00722852
-0.00692875
-0.00606407
-0.00616709
-0.00506889
-0.0032936
-0.00335991
-0.00157851
-0.00125223
5.93415E-4
0.00118583
6.2087E-4
0.00194544
0.00194744
0.00289471
0.0041479
0.00485554
0.0050625
0.00542547
0.00643699
0.00762389
0.00772683
0.00765949
0.0077145
0.00773485
0.00780414
0.00766234
0.00801205
0.00618569
0.00685865
0.00804758
0.0074979
0.00798629
0.00741315
0.0088254
0.00872133
0.0076057
0.00780244
0.00767084
0.00770239
0.0076748
0.0077145
0.00767365
0.0076124
0.00779996
0.00695965
0.00583178
0.00517603
0.00471709
0.00481593
0.00301402
0.00194019
0.00213998
1.58601E-4
-0.00104066
-7.92942E-4
-0.00104489
-0.00215747
-0.00413682
-0.00257469
-0.00334466
-0.00588893
-0.00643252
-0.00648868
-0.00765532
-0.00953984
-0.00936963
-0.00954816
-0.00944423
-0.00951264
-0.00948315
-0.00949752
-0.00950984
-0.00948342
-0.00955489
-0.00918992
-0.00717199
-0.00657861
-0.00790841
-0.00737213
-0.00524306
-0.00419794
-0.00363108
-0.00414919
-0.00219041
-0.00136046
-0.00160733
-1.18643E-4
-4.73604E-4
2.49274E-4
3.62592E-7
0.00201012
0.00357018
0.00383215
0.00405842
0.00422351
0.00675332
0.00741807
0.00738533
0.00763505
0.00799592
0.00953457
0.00959564
0.00765195
0.00733981
0.00763541
0.00744258
0.00753118
0.00742399
0.00766963
0.00767971
0.00742569
0.00746636
0.00743361
0.00746
0.00750985
0.00756378
0.00747596
0.00755232
0.00714227
0.00733692
0.00746018
0.00713885
0.00583043
0.0045271
0.00453922
0.0045034
0.00333876
7.26117E-4
0.00104924
0.00182511
4.62645E-4
-8.39662E-4
-0.00133232
-0.001051
-0.00215549
-0.00427357
-0.00372204
-0.00595229
-0.00684264
-0.00768914
-0.00961857
-0.0100898
-0.0126382
-0.0124609
-0.0134186
-0.0141754
-0.0135484
-0.013419
-0.012687
-0.0127096
-0.0126342
-0.0122132
-0.0122929
-0.0105942
-0.00927077
-0.00813801
-0.00657799
-0.00749384
-0.00560751
-0.00553832
-0.00686205
-0.00440775
-0.00422128
-0.00407663
-0.00191499
-0.00127271
-0.0013728
0.00103256
0.00153105
0.00155436
0.0014349
0.00239736
0.00407667
0.00424579
0.0043986
0.0041843
0.00455226
0.0025555
0.00326507
0.00461094
0.00399385
0.00460654
0.00384262
0.00584824
0.00684536
0.00653317
0.00726313
0.00708656
0.00723017
0.00716475
0.0094977
0.0100727
0.0100572
0.00997444
0.0109787
0.0129374
0.0127527
0.0129463
0.012733
0.0129582
0.0126888
0.0124826
0.0109967
0.00992893
0.0100878
0.00988781
0.00997432
0.00822839
0.00881558
0.00781099
0.00604875
0.004674
0.00414256
0.00409038
0.00203956
0.00145203
3.77082E-4
-0.00110066
-0.00146793
-0.00145689
-0.00232382
-0.00336308
-0.00424939
-0.00446982
-0.00561718
-0.00673394
-0.0078191
-0.00985565
-0.0100292
-0.0105637
-0.0116315
-0.0122099
-0.0135061
-0.012663
-0.0135187
-0.0138472
-0.0140473
-0.0142453
-0.0137774
-0.0142833
-0.013792
-0.0141134
-0.0128481
-0.012679
-0.0119369
-0.0110122
-0.0111989
-0.0109993
-0.0103376
-0.0100085
-0.00983121
-0.00914921
-0.0106055
-0.00924032
-0.007818
-0.0082791
-0.0070026
-0.00670706
-0.00501961
-0.00474651
-0.00561958
-0.00404022
-0.00296766
-0.00274555
-0.00135892
-8.03774E-5
1.13184E-4
0.00154774
0.00292825
0.00305145
0.00420865
0.00570948
0.00605702
0.00673189
0.00766168
0.0085099
0.00916743
0.00881137
0.00962695
0.0103018
0.0102588
0.0119707
0.0117911
0.0122538
0.0125229
0.0119119
0.0120483
0.0123489
0.0130809
0.0123445
0.0120098
0.0119709
0.0120319
0.0118441
0.010609
0.00961564
0.00911783
0.0094154
0.00876055
0.00754895
0.00659941
0.00658698
0.00474111
0.00382726
0.00388622
0.00345163
0.00360542
0.00197267
0.00304013
0.00224763
6.23032E-4
8.95111E-4
6.71608E-4
8.33558E-4
7.05909E-4
8.02597E-4
7.42249E-4
6.09501E-4
-9.79401E-4
-0.00202377
-0.00212899
-0.00212917
-0.00216709
-0.00212546
-0.00216949
-0.00212889
-0.00218821
-0.00434204
-0.00505194
-0.0048492
-0.00495645
-0.00475779
-0.0049609
-0.00471227
-0.00514991
-0.00649
-0.00705714
-0.00744583
-0.00747151
-0.00739827
-0.00737805
-0.00739455
-0.00738249
-0.00737145
-0.0073339
-0.00741668
-0.00662352
-0.00617808
-0.00532782
-0.00443166
-0.00468371
-0.00440857
-0.00531629
-0.00515229
-0.0036902
-0.00364142
-0.00189585
-0.00208467
-4.46161E-4
7.85482E-4
-6.41158E-5
0.00135719
9.22622E-4
0.00139458
0.00228156
0.00368349
0.00398414
0.00390953
0.00398278
0.00397955
0.00394267
0.00393128
0.00404838
0.00394522
0.00396544
0.00395406
0.0041303
0.0028769
0.00351508
0.00411247
0.0038329
0.00404279
0.00382135
0.00425151
0.00410144
0.00399319
0.0040797
0.00397043
0.00402737
0.00404047
0.0039832
0.00397285
0.00405018
0.00394907
0.00398562
0.00404257
0.0039537
0.00397699
0.00399111
0.00413882
0.00386844
0.00429758
0.00235181
0.00288599
0.00434505
0.0039574
0.00371354
0.00230924
0.00297598
0.00282593
0.00114019
0.0012206
0.00113174
0.00119175
0.0010927
-1.06637E-4
-6.31936E-4
-0.00107056
-0.00105337
-0.00170817
-0.00158289
-0.00135053
-0.00172083
-0.00158739
-0.0016793
-0.00158053
-0.00177645
-0.00356721
-0.00467068
-0.00437306
-0.00464852
-0.00437333
-0.00472119
-0.00433791
-0.00364973
-0.00453804
-0.00446577
-0.00446896
-0.00432225
-0.0043081
-0.00338946
-0.00288075
-0.00320413
-0.00342553
-0.00368874
-0.003489
-0.00338104
-0.00331896
-0.00322118
-0.00372708
-0.00411163
-0.00414438
-0.00555783
-0.00529588
-0.00440578
-0.00477096
-0.00419187
-0.0037688
-0.00302452
-0.00263408
-0.0028412
-0.00255375
-0.001734
-8.04129E-4
-4.58553E-4
5.94708E-4
9.74957E-4
0.00112781
0.00113179
0.00115922
0.00123865
0.00122428
0.00115076
0.00117105
0.0011628
0.00101076
0.0011881
-3.11996E-4
3.91514E-4
0.00120821
8.44085E-4
0.00154046
0.00259272
0.00403655
0.00435767
0.00406493
0.00407912
0.00408005
0.00407181
0.00411252
0.00407675
0.00409706
0.00407047
0.00412036
0.00374503
0.0032922
0.00278736
0.00186139
0.00130965
0.0012484
0.00148592
0.0016541
3.1413E-4
6.33234E-4
0.00147953
0.00118171
0.0014121
0.00123257
0.00138955
0.00123959
0.00100806
9.00928E-4
6.66337E-4
0.00145044
5.93829E-4
2.49112E-4
3.75505E-4
-2.85321E-4
5.01167E-5
-4.58769E-4
-8.55486E-4
-0.00114003
-0.00133892
-0.00115236
-0.0013492
-0.00128602
-0.00106682
-0.0029931
-0.00340307
-0.00330521
-0.00373862
-0.00338379
-0.00353372
-0.00311975
-0.003028
-0.00317181
-0.00312391
-0.00312904
-0.00310051
-0.00299448
-0.0030771
-0.00280995
-0.00231337
-0.00245819
-0.00226446
-0.00227365
-0.00208502
-0.00109998
-8.14474E-4
-5.58151E-5
1.8279E-4
4.13239E-4
-0.00110818
-2.81197E-4
0.00121166
7.58908E-4
0.00141968
9.3736E-4
0.00195912
0.00213145
0.00130855
0.00154411
0.00152066
0.00152271
0.001537
0.00159106
0.00151051
0.00144017
0.00145752
0.00142389
0.00144226
0.0014331
0.00143313
0.0014821
7.78517E-4
-5.17516E-4
-7.90772E-4
-0.00136892
-0.00140152
-9.31401E-4
-0.00106903
-1.30855E-4
-4.80582E-4
7.05386E-4
0.00116124
6.88131E-4
0.0013255
3.84342E-4
-1.96851E-4
1.39702E-4
2.03992E-4
-9.65572E-4
-0.0013214
-0.00146309
-0.00131314
-0.00134775
-0.00138542
-0.0014027
-0.00130781
-0.00135363
-0.00147492
-0.0011567
-0.00332251
-0.00213855
-0.0012034
-0.00150313
-0.00169986
-0.00171203
-0.00120005
-0.00147632
-0.00129167
-0.00134462
-0.00127927
-0.00141481
-0.00135457
-0.00141056
-0.00138498
-0.00139509
-0.0013899
-0.00138981
-0.00138156
-0.00140288
-0.00131611
-0.00151791
-0.00171666
-0.00171961
-0.00133508
-0.00310112
-0.00197729
-2.28368E-4
-4.20985E-4
-2.93028E-5
6.80532E-4
0.00225203
0.00298124
0.0030558
0.00299983
0.00306623
0.00299701
0.00307668
0.00298503
0.00310956
0.00277318
0.00267644
0.00207392
0.00144284
0.00147153
2.19455E-4
-9.38493E-5
-7.78678E-5
-6.43943E-4
-5.08382E-4
-0.00261432
-0.00219257
-0.00137665
-0.00294004
-0.00252459
-0.00309652
-0.00198352
-0.00174476
-0.00271196
-0.00241214
-0.00243578
-0.00219331
-0.0022505
-0.00204094
-0.00227903
-0.00210485
-0.00262741
-0.0025519
-0.00224959
-0.00277596
-0.00271799
-0.002063
-0.00154774
-0.00163249
-0.00128295
-0.00198274
-0.00161274
-0.00116285
-0.0013931
-0.00114485
-0.0017445
-1.35589E-4
-1.57973E-4
-0.00163431
-0.00134844
-0.00156112
-0.00136563
-0.00148744
-0.00136025
-0.00119271
-9.30013E-4
-5.76202E-4
2.05604E-4
9.45835E-4
4.33289E-4
9.21922E-4
6.94008E-4
8.02214E-4
0.00148604
0.00143829
-3.01297E-4
2.88233E-4
0.00151188
0.00135088
0.00176441
0.00111129
0.00170444
0.00174916
0.00118965
0.00151196
0.00154859
0.00150647
0.00156955
0.00158407
0.00223043
0.00272917
0.00296168
0.00289189
0.00295007
0.00290302
0.00301909
0.00283066
0.00303189
0.00299368
0.00315263
0.00236874
0.00225745
0.00338641
0.00242252
0.00302813
0.0021486
0.00202392
0.00232359
0.00136197
0.00145809
0.00143335
0.00105607
0.0010243
0.00144467
0.00126253
0.00139881
0.00103682
0.00121748
0.00128316
0.00122458
0.00125166
0.00116992
0.00123642
0.00108476
0.00130017
4.18001E-4
5.41286E-4
0.00125309
9.27649E-4
9.39877E-4
7.10916E-4
7.68232E-4
9.01151E-4
4.21918E-4
3.89069E-4
3.41287E-4
2.93585E-4
5.16929E-4
4.31418E-4
2.3843E-4
-1.4433E-4
-9.13452E-4
-0.00115811
-0.00106915
-0.00108207
-0.00108446
-0.0010862
-9.43796E-4
-0.00110781
-8.60921E-4
-0.00190864
-0.00162846
-7.71638E-4
-0.00106314
-6.96635E-4
-0.00114096
-2.69377E-4
-1.71717E-4
