-0.00110237
-0.00171264
-0.00249644
-0.00247673
-0.00245889
-0.00245003
-0.00244264
-0.00244099
-0.00244407
-0.00244707
-0.00244508
-0.00243356
-0.00241066
-0.00237863
-0.00234171
-0.00230173
-0.00225994
-0.00221564
-0.00216458
-0.00210553
-0.00204031
-0.00197242
-0.0019069
-0.00185076
-0.00181128
-0.00178854
-0.00177564
-0.0017642
-0.0017499
-0.00173684
-0.00173455
-0.00174671
-0.0017649
-0.00177454
-0.00176474
-0.00173578
-0.00169555
-0.00165053
-0.00159831
-0.00152861
-0.00143314
-0.00131389
-0.0011884
-0.00108666
-0.00102661
-9.91996E-4
-9.50579E-4
-8.81117E-4
-7.82694E-4
-6.77691E-4
-6.01724E-4
-5.82297E-4
-6.12026E-4
-6.44914E-4
-6.35859E-4
-5.75382E-4
-4.91134E-4
-4.24641E-4
-4.14523E-4
-4.86097E-4
-6.35994E-4
-8.31672E-4
-0.00102609
-0.00117247
-0.00123443
-0.001206
-0.00110571
-9.65007E-4
-8.28939E-4
-7.38883E-4
-7.27523E-4
-8.0212E-4
-9.22741E-4
-0.00102316
-0.00104305
-9.65666E-4
-8.26761E-4
-6.83029E-4
-5.79249E-4
-5.1555E-4
-4.53908E-4
-3.66456E-4
-2.73123E-4
-2.2796E-4
-2.63608E-4
-3.53556E-4
-4.31577E-4
-4.54651E-4
-4.37545E-4
-4.38425E-4
-5.07372E-4
-6.27674E-4
-7.27349E-4
-7.51281E-4
-7.07395E-4
-6.65275E-4
-7.09993E-4
-8.93895E-4
-0.0012102
-0.00157444
-0.00186572
-0.00199134
-0.00195368
-0.00182541
-0.00164673
-0.00139376
-0.00103284
-5.8014E-4
-1.05208E-4
2.69071E-4
4.10064E-4
2.50351E-4
-1.5704E-4
-6.88263E-4
-0.00123031
-0.00166484
-0.00191384
-0.00195343
-0.00179475
-0.00158338
-0.00158151
-0.00201798
-0.00291431
-0.00400953
-0.00495174
-0.00549842
-0.00555604
-0.00511995
-0.00420058
-0.00287121
-0.00135064
1.39125E-5
8.83609E-4
0.00111729
8.20275E-4
2.19327E-4
-4.56207E-4
-9.68587E-4
-0.00112535
-9.51402E-4
-6.7831E-4
-6.25381E-4
-0.00103813
-0.00188688
-0.00285161
-0.00354061
-0.00379343
-0.00373239
-0.003589
-0.00350381
-0.0033828
-0.00298021
-0.00209062
-7.30743E-4
7.38155E-4
0.00166426
0.00147098
1.25134E-4
-0.00177055
-0.00324714
-0.0035482
-0.0025508
-6.62382E-4
0.00138124
0.00276732
0.00290827
0.00180391
1.05361E-4
-0.00142464
-0.00246125
-0.00316775
-0.00377732
-0.00430997
-0.00459858
-0.00444005
-0.00374188
-0.00262975
-0.00145514
-5.39803E-4
3.8179E-5
4.92685E-4
0.00104137
0.00145065
0.00124624
3.05381E-4
-8.56051E-4
-0.00138016
-7.90756E-4
6.76586E-4
0.00225712
0.00308377
0.00265457
0.00114892
-6.14738E-4
-0.00173096
-0.001814
-0.00101041
3.84981E-4
0.00216501
0.00424982
0.00636773
0.00776202
0.00748109
0.00511144
0.00132502
-0.00243592
-0.00487345
-0.00540645
-0.00426784
-0.00247223
-0.00133107
-0.00161178
-0.00312501
-0.00492722
-0.00588354
-0.00534494
-0.00344817
-8.78528E-4
0.00148828
0.00288472
0.0030071
0.00226565
0.00170763
0.0023307
0.00428599
0.00680537
0.00856787
0.00852135
0.00674105
0.00435685
0.00258412
0.0018856
0.00207875
0.00266464
0.00302396
0.00261205
0.00130043
-3.071E-4
-0.00133098
-0.00127397
-3.74166E-4
4.18323E-4
3.45525E-4
-5.96524E-4
-0.00193214
-0.00276644
-0.00217628
1.29745E-4
0.00371486
0.00782441
0.0114614
0.0134877
0.0134339
0.0119487
0.0105336
0.0104288
0.0115234
0.0127659
0.013036
0.01145
0.00745841
0.00127398
-0.0058718
-0.0122534
-0.0161925
-0.0166497
-0.0136638
-0.00845573
-0.00318219
2.2629E-6
2.65236E-5
-0.00236809
-0.00526751
-0.00679564
-0.00614681
-0.00387516
-0.00102961
0.00135572
0.00292846
0.00445031
0.00658123
0.00889645
0.0101806
0.00909071
0.00516169
-9.61815E-4
-0.00799029
-0.0141255
-0.0174978
-0.0169617
-0.0127345
-0.00632085
1.129E-4
0.00425847
0.00444256
6.27127E-4
-0.00526677
-0.0105333
-0.0130731
-0.0120363
-0.00798389
-0.00244867
0.00310577
0.00807309
0.0123669
0.0157947
0.0175547
0.0164908
0.0121827
0.00548205
-0.00211604
-0.00903147
-0.0140037
-0.016036
-0.0143712
-0.00911831
-0.00185692
0.00447373
0.00688957
0.00381594
-0.00338706
-0.0108572
-0.0148164
-0.0137829
-0.0093626
-0.00509212
-0.00385075
-0.00585088
-0.00890654
-0.0105508
-0.0101221
-0.00890065
-0.00855953
-0.00929786
-0.00989777
-0.00935447
-0.00774955
-0.00627815
-0.00646379
-0.00839582
-0.0100144
-0.00856012
-0.00253485
0.00682891
0.0163747
0.0232425
0.0258559
0.0247404
0.0220318
0.0193666
0.0172804
0.0151929
0.0122867
0.00878303
0.00553782
0.00352106
0.00284121
0.00221597
-4.05573E-5
-0.00481561
-0.011264
-0.016859
-0.0181772
-0.0128286
-0.00121279
0.0133498
0.0255681
0.0306014
0.0270557
0.0183457
0.0110024
0.0104743
0.0175728
0.0280928
0.0354814
0.0347918
0.0252302
0.0102822
-0.00464046
-0.0151727
-0.0198232
-0.0196304
-0.0164928
-0.0121189
-0.00740789
-0.00273291
0.00176246
0.00628068
0.0109848
0.0160269
0.0219485
0.0293703
0.0382994
0.0472152
0.0530054
0.0531398
0.04824
0.0417741
0.0372361
0.0352642
0.0328656
0.0262021
0.0136754
-0.00305067
-0.0197683
-0.031895
-0.0362223
-0.0321116
-0.0220245
-0.0105657
-0.00274791
-0.00171129
-0.00700034
-0.0146453
-0.0195129
-0.0184934
-0.0116815
-0.00170433
0.0077404
0.0139378
0.016562
0.0174624
0.0194162
0.0238252
0.0289278
0.0306763
0.0257694
0.0144634
8.64144E-4
-0.00902487
-0.0106212
-0.00345779
0.00864643
0.0192907
0.0224544
0.0161092
0.00349649
-0.00882707
-0.0142212
-0.00981389
0.0016825
0.0140786
0.0215934
0.0223773
0.0192381
0.016793
0.0182369
0.0235726
0.0295806
0.0317923
0.0269604
0.0143676
-0.00385278
-0.023295
-0.0386795
-0.0461941
-0.0448175
-0.0357984
-0.0223526
-0.00878565
4.49997E-4
0.00226083
-0.00317058
-0.0124424
-0.0211259
-0.0263049
-0.0276276
-0.0269913
-0.0268242
-0.0277253
-0.0281936
-0.0262194
-0.0204114
-0.0105717
0.00227015
0.0161908
0.0282767
0.0346998
0.032658
0.0228936
0.00990566
-2.74394E-4
-0.00316185
0.00221615
0.0127756
0.0223906
0.0246773
0.0162982
-6.1516E-4
-0.0198123
-0.0355557
-0.0454024
-0.0497558
-0.0501606
-0.047184
-0.0394183
-0.0251326
-0.00425938
0.0206313
0.0435398
0.057144
0.0563153
0.0403028
0.0139251
-0.0144976
-0.0378445
-0.0531431
-0.0607659
-0.0625413
-0.0601015
-0.054439
-0.0466604
-0.038354
-0.0315104
-0.0274524
-0.0261478
-0.0270452
-0.0298093
-0.0342431
-0.0398956
-0.0454345
-0.0485258
-0.0465336
-0.0382465
-0.0247636
-0.0089242
0.00544773
0.0153322
0.0193564
0.0172436
0.00952027
-0.00265392
-0.0169133
-0.0295922
-0.0369653
-0.0362895
-0.0271917
-0.0119629
0.00548526
0.020896
0.0312253
0.034439
0.0299576
0.0191288
0.00395004
-0.0137017
-0.0324194
-0.0502567
-0.0637581
-0.0691116
-0.0640052
-0.0489042
-0.0271703
-0.00391954
0.015376
0.0255653
0.0235536
0.0102598
-0.00980274
-0.0304249
-0.0463734
-0.0550787
-0.0567358
-0.0536527
-0.0485272
-0.0424018
-0.03418
-0.0226676
-0.00912026
0.00186649
0.00437038
-0.00483557
-0.0239865
-0.0469008
-0.0649418
-0.0703306
-0.060083
-0.037675
-0.0112667
0.0107003
0.0242052
0.0307958
0.0350647
0.0408161
0.0476937
0.0511028
0.0455036
0.0283097
0.00296738
-0.0214246
-0.0347114
-0.0312616
-0.0134662
0.00951937
0.0267205
0.030292
0.0183975
-0.00432162
-0.029055
-0.0473139
-0.0546564
-0.0516571
-0.0425074
-0.0322822
-0.0240541
-0.0173993
-0.00937148
0.00193243
0.0151047
0.0264112
0.032344
0.0322914
0.0289137
0.0264195
0.0275836
0.0320401
0.0371621
0.039997
0.0395152
0.0375186
0.0372996
0.0411837
0.0488103
0.0574661
0.0633931
0.063529
0.0581048
0.0510745
0.0479728
0.0526754
0.0642803
0.077459
0.0847429
0.0800742
0.0632571
0.0403178
0.0200152
0.00885762
0.00770546
0.012532
0.0175697
0.0190038
0.0169394
0.0139875
0.0130726
0.0157504
0.0212401
0.0270876
0.0299466
0.0266359
0.0161101
1.9331E-4
-0.0172627
-0.0314236
-0.0386308
-0.0377158
-0.0304063
-0.0209528
-0.0139884
-0.0126716
-0.017354
-0.0261317
-0.0361653
-0.045701
-0.0551775
-0.0654219
-0.0761514
-0.0845189
-0.0856919
-0.0764727
-0.0565485
-0.0283346
0.00288267
0.0314339
0.0530984
0.0661474
0.0722148
0.0748432
0.0776142
0.0825474
0.0891952
0.0957937
0.101274
0.106511
0.114495
0.127853
0.146259
0.166598
0.183965
0.193291
0.191924
0.18065
0.162608
0.141914
0.122484
0.107359
0.0988241
0.0977098
0.103133
0.113177
0.125326
0.137241
0.146865
0.152897
0.154736
0.15269
0.148118
0.142855
0.13944
0.139759
0.144096
0.151373
0.15961
0.166963
0.172601
0.177137
0.181428
0.185782
0.189878
0.192525
0.19267
0.190606
0.187595
0.185434
0.185704
0.188265
0.191199
0.1915
0.18609
0.17211
0.147746
0.113094
0.0706621
0.0259877
-0.0139667
-0.0438043
-0.0622489
-0.0714441
-0.0740826
-0.0720736
-0.0667312
-0.0589231
-0.049006
-0.0374183
-0.0250135
-0.0129914
-0.00324469
0.00240208
0.00372728
0.00253643
0.00172356
0.00337145
0.00754153
0.0128327
0.0170979
0.018654
0.0171647
0.0133851
0.00875808
0.0042939
7.48711E-4
-0.00139023
-0.00267596
-0.00346718
-0.003768
-0.00378254
-0.0038236
-0.00390529
-0.00396857
-0.00484256
-0.00733699
-0.011343
-0.0164893
-0.022234
-0.0277973
-0.0330103
-0.0390539
-0.0477972
-0.0604308
-0.076635
-0.0946603
-0.113261
-0.132035
-0.150916
-0.170326
-0.189742
-0.2075
-0.22274
-0.235593
-0.247012
-0.258421
-0.27019
-0.282031
-0.292641
-0.300827
-0.306827
-0.310438
-0.311874
-0.312092
-0.31131
-0.309319
-0.304928
-0.296886
-0.284445
-0.266518
-0.242057
-0.210341
-0.172159
-0.128096
-0.0780143
-0.0232375
0.0331736
0.0845029
0.122224
0.141826
0.144899
0.137434
0.12494
0.109324
0.0888851
0.0604223
0.023207
-0.0190444
-0.0603377
-0.0955747
-0.122294
-0.142168
-0.157514
-0.169222
-0.17698
-0.179083
-0.174171
-0.160758
-0.139661
-0.11476
-0.0909459
-0.0720504
-0.0592516
-0.05135
-0.0459298
-0.0419132
-0.0393489
-0.0385024
-0.0397046
-0.0439718
-0.0523215
-0.0648978
-0.0811711
-0.0997039
-0.118905
-0.138052
-0.156604
-0.172755
-0.18475
-0.191855
-0.193909
-0.192351
-0.190182
-0.189646
-0.191888
-0.196687
-0.201267
-0.202632
-0.200074
-0.194314
-0.185597
-0.175493
-0.166247
-0.157631
-0.150329
-0.145297
-0.14258
-0.142424
-0.143436
-0.144159
-0.142565
-0.137451
-0.130916
-0.123938
-0.11596
-0.106276
-0.0933051
-0.074871
-0.0501278
-0.0213304
0.00935946
0.039821
0.0675091
0.0913587
0.110687
0.125755
0.136161
0.141081
0.140267
0.132864
0.119826
0.102733
0.0822619
0.05782
0.0281256
-0.00637258
-0.0418797
-0.0736842
-0.099162
-0.116868
-0.128699
-0.137024
-0.142121
-0.144859
-0.144907
-0.142164
-0.137568
-0.131327
-0.12368
-0.114405
-0.102931
-0.0883621
-0.0702895
-0.0499801
-0.0286822
-0.00702868
0.0150978
0.0373798
0.0588434
0.0808122
0.104442
0.127908
0.148043
0.16359
0.175156
0.182976
0.187786
0.190041
0.189706
0.18735
0.184212
0.182107
0.182903
0.187247
0.193758
0.200106
0.204975
0.208334
0.210414
0.212353
0.216021
0.223002
0.233163
0.24375
0.250032
0.248192
0.238797
0.22409
0.207609
0.193326
0.181196
0.170603
0.162072
0.154266
0.145547
0.136039
0.126439
0.117241
0.108794
0.101361
0.0939517
0.0847989
0.0720441
0.0540261
0.0302783
0.00113964
-0.031928
-0.0666119
-0.0996115
-0.128135
-0.151159
-0.167461
-0.176565
-0.179032
-0.175708
-0.167446
-0.154039
-0.133739
-0.103853
-0.0639403
-0.0161104
0.0336655
0.0774247
0.109788
0.129182
0.138858
0.143555
0.147682
0.155565
0.168789
0.186237
0.207081
0.228713
0.247455
0.261896
0.272837
0.282668
0.292178
0.301042
0.309166
0.315513
0.319818
0.322326
0.321308
0.316211
0.308292
0.29803
0.285624
0.270353
0.251863
0.230396
0.207012
0.184789
0.167081
0.155503
0.149236
0.146203
0.14489
0.145192
0.14664
0.148424
0.150454
0.152147
0.152536
0.150011
0.142799
0.129482
0.109623
0.0849799
0.0584466
0.0329231
0.00992749
-0.00999981
-0.0264207
-0.0406078
-0.0547034
-0.0698505
-0.0865454
-0.103724
-0.119725
-0.134292
-0.147373
-0.158605
-0.168719
-0.179064
-0.190221
-0.202629
-0.215517
-0.227084
-0.236835
-0.244722
-0.250431
-0.253832
-0.253825
-0.248942
-0.238587
-0.222824
-0.203762
-0.184869
-0.167961
-0.153588
-0.141944
-0.132365
-0.12569
-0.12219
-0.120221
-0.119282
-0.119207
-0.1196
-0.119399
-0.117416
-0.112845
-0.106279
-0.0984818
-0.0901203
-0.0830051
-0.0778506
-0.0756409
-0.076739
-0.0802006
-0.0844677
-0.0880807
-0.0913482
-0.09422
-0.0969877
-0.100008
-0.102905
-0.105901
-0.109073
-0.112569
-0.117118
-0.123439
-0.131713
-0.141783
-0.153226
-0.164399
-0.173589
-0.181368
-0.188611
-0.195242
-0.200806
-0.204894
-0.207802
-0.209741
-0.210391
-0.208245
-0.20211
-0.19207
-0.178193
-0.161059
-0.141584
-0.120692
-0.100162
-0.0820176
-0.0676315
-0.0578126
-0.0519963
-0.0487536
-0.0467795
-0.0450448
-0.0439183
-0.043331
-0.0422475
-0.0387918
-0.0302165
-0.0160058
0.00313569
0.0252359
0.0473532
0.0678258
0.0861359
0.102484
0.116726
0.128864
0.138293
0.144464
0.147536
0.147624
0.145328
0.140768
0.134519
0.127872
0.120614
0.112106
0.101659
0.0877283
0.0697429
0.0478257
0.0227981
-0.00336477
-0.0283144
-0.0486645
-0.0615252
-0.0671305
-0.0680184
-0.0668356
-0.0645523
-0.0605608
-0.0533657
-0.0419846
-0.0268445
-0.00989667
0.00595177
0.018049
0.0243495
0.0237725
0.0166266
0.00615993
-0.00385895
-0.0117031
-0.0178389
-0.0241795
-0.0328148
-0.0445031
-0.057354
-0.0688259
-0.0772648
-0.0817896
-0.0823237
-0.0791358
-0.0719989
-0.061357
-0.0479859
-0.0331001
-0.0189732
-0.00696643
0.00168179
0.00504227
0.00241595
-0.00461419
-0.0140215
-0.023588
-0.0313525
-0.0372766
-0.0418888
-0.0460841
-0.0505101
-0.0547057
-0.0582216
-0.0607044
-0.0608677
-0.0571067
-0.0481088
-0.032999
-0.012712
0.0104067
0.0334353
0.0535646
0.0692519
0.0804007
0.0881401
0.0943002
0.0989926
0.100576
0.0986788
0.0940384
0.0881342
0.0835696
0.0822735
0.0845768
0.0893976
0.0953761
0.101913
0.108006
0.112796
0.115711
0.115651
0.112411
0.106882
0.100305
0.0941791
0.0889067
0.0838182
0.0785213
0.0726752
0.0668066
0.0615929
0.0577203
0.0565533
0.0585955
0.0629643
0.0671281
0.0681885
0.0646678
0.0568676
0.0464375
0.0353199
0.0250751
0.0157918
0.00721612
-6.42323E-4
-0.00825318
-0.0152967
-0.0213747
-0.0264587
-0.0301934
-0.031802
-0.0310202
-0.0280009
-0.0229519
-0.0173042
-0.0117795
-0.00648403
-0.00153554
0.00484767
0.0139331
0.0264477
0.0431149
0.0624847
0.0820916
0.0995512
0.112929
0.121044
0.123744
0.122841
0.121219
0.121104
0.123633
0.128288
0.133223
0.136869
0.138698
0.139646
0.141288
0.144095
0.147936
0.152286
0.155781
0.157571
0.15765
0.156713
0.155806
0.154996
0.153922
0.152258
0.149571
0.14654
0.143508
0.140289
0.136836
0.13195
0.125148
0.116734
0.107012
0.0967064
0.0864261
0.0767287
0.0677364
0.0585046
0.0475938
0.0351644
0.0227079
0.0120304
0.0042395
-9.65653E-4
-0.00410422
-0.00597207
-0.00744419
-0.00893764
-0.010222
-0.0110494
-0.0111627
-0.0102521
-0.00915505
-0.0085378
-0.00892108
-0.0109851
-0.014144
-0.0178217
-0.0215783
-0.0256438
-0.0306006
-0.0351922
-0.037395
-0.0365196
-0.0339401
-0.032867
-0.0357535
-0.0417793
-0.0485939
-0.0542914
-0.0589721
-0.0643187
-0.0715854
-0.0803696
-0.08821
-0.0932927
-0.0952154
-0.0940038
-0.0907719
-0.0863947
-0.0810534
-0.0751491
-0.0692469
-0.0637369
-0.0591509
-0.0568523
-0.0568551
-0.0581503
-0.0600749
-0.0613964
-0.0618624
-0.0623455
-0.0631006
-0.0645647
-0.0676512
-0.0721052
-0.0772937
-0.0828886
-0.0879806
-0.0919694
-0.0954043
-0.0988421
-0.102565
-0.106759
-0.110582
-0.113422
-0.115384
-0.116279
-0.116328
-0.115728
-0.114001
-0.11078
-0.105917
-0.099944
-0.0937649
-0.0879936
-0.0836152
-0.080921
-0.079295
-0.07814
-0.0769723
-0.0758443
-0.0743755
-0.0717079
-0.0676043
-0.0618956
-0.0540422
-0.0435661
-0.0306379
-0.0158632
1.29697E-4
0.0158311
0.0291374
0.0396483
0.0479446
0.0543461
0.0598124
0.0645887
0.0677363
0.0688757
0.067986
0.0648469
0.0600721
0.0544467
0.0481027
0.0412341
0.0333427
0.0238679
0.0131853
0.0018246
-0.00922774
-0.0186671
-0.0258916
-0.0312836
-0.035401
-0.0386194
-0.0404322
-0.0401757
-0.0383061
-0.0350677
-0.0310975
-0.0277253
-0.0253715
-0.0240989
-0.0239852
-0.0249586
-0.0269487
-0.029413
-0.0316048
-0.0330046
-0.0333675
-0.0322761
-0.0293821
-0.0248835
-0.0191101
-0.0124352
-0.00572422
3.97535E-4
0.00618376
0.0115028
0.0157866
0.0187193
0.0199844
0.019538
0.0180515
0.0166259
0.0162515
0.0177182
0.0213256
0.0259343
0.0294634
0.0299771
0.0259095
0.0176364
0.00683064
-0.00538477
-0.0176786
-0.028396
-0.0371038
-0.0446721
-0.0519751
-0.0595742
-0.0667078
-0.0718523
-0.0742057
-0.0740904
-0.0726944
-0.0714825
-0.0717148
-0.0738946
-0.0780538
-0.0831716
-0.0872421
-0.0891056
-0.0882455
-0.0843881
-0.0784745
-0.0716353
-0.0642503
-0.0571094
-0.0504763
-0.0435379
-0.0355114
-0.0258005
-0.0146584
-0.00310376
0.00722539
0.0152061
0.0210069
0.0249831
0.0277193
0.0297568
0.0307725
0.0307829
0.0302708
0.0291675
0.0276449
0.0258789
0.023653
0.0211012
0.0193602
0.0199561
0.0234844
0.0297673
0.037936
0.0462427
0.0530093
0.0574789
0.0595199
0.0596593
0.0588481
0.0579167
0.0573204
0.0569378
0.056613
0.0561035
0.0551439
0.0538314
0.0522513
0.0504725
0.0485221
0.0460057
0.0426313
0.0384184
0.0338429
0.0295696
0.0262119
0.0244574
0.0244714
0.0260036
0.028367
0.0308153
0.0330643
0.0347312
0.0352788
0.0342253
0.0312028
0.0263039
0.0194321
0.0108109
0.00163429
-0.00703001
-0.0139899
-0.0175676
-0.0168788
-0.0121528
-0.0046074
0.00358269
0.0105214
0.0154229
0.0187116
0.0216255
0.0251127
0.02939
0.0340583
0.0381884
0.0414749
0.0441576
0.047082
0.0510964
0.0558473
0.0609366
0.0658721
0.0698836
0.0726297
0.0738088
0.0732595
0.0714664
0.0688453
0.0658909
0.063464
0.0620048
0.0614809
0.0614249
0.0613543
0.0615718
0.0623872
0.0638144
0.0657114
0.0673224
0.0682055
0.0683677
0.0680291
0.0679934
0.0688499
0.0702731
0.0714798
0.0718422
0.0707901
0.0680036
0.0640281
0.0598295
0.0555778
0.0510773
0.045947
0.0392187
0.0306572
0.020963
0.0111672
0.0025965
-0.00347344
-0.0064475
-0.00691872
-0.00598804
-0.00452805
-0.0031919
-0.00239836
-0.00221199
-0.00251939
-0.00326343
-0.004046
-0.0046795
-0.00585503
-0.00840641
-0.013138
-0.0205005
-0.0301074
-0.0414424
-0.0537013
-0.0659907
-0.0779525
-0.0887548
-0.0974429
-0.103795
-0.107977
-0.110586
-0.11264
-0.114698
-0.116889
-0.119199
-0.120931
-0.121588
-0.121292
-0.119896
-0.116863
-0.111707
-0.103931
-0.0933352
-0.0804056
-0.0664209
-0.0529466
-0.0414135
-0.0335957
-0.0307489
-0.0327505
-0.0385326
-0.0463971
-0.0549329
-0.0635668
-0.0715364
-0.0781123
-0.0829729
-0.0857497
-0.0860696
-0.0842058
-0.0811884
-0.078265
-0.0765319
-0.0763339
-0.0772313
-0.0783574
-0.0789875
-0.0788539
-0.0779999
-0.0764921
-0.0745643
-0.072509
-0.0704077
-0.0684436
-0.0667462
-0.0654377
-0.0646872
-0.064642
-0.0654459
-0.0669567
-0.0686871
-0.070425
-0.071949
-0.0727729
-0.0726328
-0.0708816
-0.0670737
-0.0611405
-0.0528876
-0.0422935
-0.0293903
-0.0145695
0.00130221
0.0167626
0.0306572
0.0427849
0.0527907
0.0604372
0.0658869
0.0694656
0.0716897
0.0725864
0.0719025
0.0695958
0.0659912
0.0619475
0.0582447
0.0555001
0.0539424
0.0532111
0.0527059
0.0520841
0.051135
0.0496007
0.0473041
0.0437577
0.0390728
0.0335959
0.0274801
0.02109
0.0151455
0.0104914
0.00720118
0.00472881
0.00169408
-0.0031891
-0.00982586
-0.0169745
-0.0228015
-0.0264205
-0.0280809
-0.0282573
-0.0275862
-0.0265177
-0.0255126
-0.024588
-0.0229528
-0.0199386
-0.0153635
-0.00982187
-0.00457268
-6.25531E-4
0.00139982
0.00135976
-1.77937E-4
-0.00241938
-0.00429817
-0.0053565
-0.00590519
-0.00603421
-0.00593091
-0.00592848
-0.00583876
-0.00487354
-0.002187
0.00288558
0.0102714
0.0192003
0.0287322
0.037904
0.0459996
0.0529921
0.0591711
0.0645667
0.0693525
0.0739336
0.0783714
0.0823172
0.0854229
0.0870519
0.0868943
0.0855901
0.0841722
0.0836683
0.0845167
0.0864927
0.0888443
0.0904903
0.0904402
0.0878296
0.0823464
0.0745924
0.0657423
0.0569484
0.0488594
0.0418333
0.0360304
0.0315043
0.0282054
0.026458
0.0269662
0.0294628
0.0330321
0.0365766
0.0388533
0.0386747
0.0351838
0.0287798
0.0206518
0.0124262
0.00589021
0.00128645
-0.00185829
-0.00348028
-0.00378535
-0.00309874
-0.00140984
8.18397E-4
0.00226551
0.00196489
-2.81899E-4
-0.00462501
-0.0108721
-0.0180201
-0.0251728
-0.031657
-0.0368103
-0.040632
-0.0437953
-0.0466002
-0.0491018
-0.0514853
-0.0535624
-0.0550458
-0.0557187
-0.0562895
-0.0572903
-0.0587208
-0.0603018
-0.0610391
-0.0604646
-0.0582519
-0.0546753
-0.0503441
-0.0455352
-0.040829
-0.0369084
-0.034706
-0.0343077
-0.0347397
-0.0352173
-0.0351541
-0.0341221
-0.0318392
-0.0284562
-0.0244205
-0.0202206
-0.0162413
-0.0125676
-0.00901226
-0.00477487
0.00136077
0.00947548
0.0185193
0.0274388
0.0351284
0.0409535
0.0447669
0.0471016
0.0487655
0.0506731
0.0535321
0.0568294
0.0599096
0.0624329
0.0638977
0.0637149
0.0617548
0.0585461
0.0547264
0.0511987
0.04903
0.048385
0.048984
0.0502516
0.0514137
0.0524183
0.0532708
0.0539168
0.0545638
0.0551575
0.0546379
0.0516631
0.0457156
0.0371494
0.0270731
0.0164541
0.00649
-0.00183114
-0.00864668
-0.0140002
-0.0182307
-0.0222417
-0.0263193
-0.0298685
-0.0321601
-0.0331344
-0.0332067
-0.0329566
-0.0327189
-0.032022
-0.0301531
-0.0269524
-0.0225432
-0.0174197
-0.0121127
-0.00668258
-0.00154693
0.00261738
0.00585435
0.0082761
0.0102277
0.012654
0.0157722
0.0191642
0.0223113
0.0256287
0.0294907
0.0334937
0.0378473
0.0427779
0.0479479
0.0527623
0.0571328
0.0605897
0.0623194
0.0625647
0.0622087
0.0620614
0.0621556
0.0621263
0.0617569
0.0606719
0.0581841
0.0544313
0.0496515
0.0444778
0.0403768
0.0372461
0.0346585
0.0323659
0.030227
0.0282696
0.0261623
0.0235244
0.0196902
0.0139043
0.00588422
-0.00336401
-0.0125318
-0.0202548
-0.0253805
-0.0280071
-0.0289014
-0.028949
-0.0287818
-0.0285019
-0.0283285
-0.0283987
-0.0285749
-0.0292688
-0.0305144
-0.0321417
-0.0340007
-0.0357703
-0.0365205
-0.0355315
-0.0329744
-0.0285888
-0.0224737
-0.0147579
-0.00624435
0.00121256
0.00642905
0.00936677
0.010646
0.0110742
0.0116369
0.0125109
0.0133371
0.0139029
0.0135234
0.0123038
0.010742
0.00881973
0.00683602
0.00463972
0.00208522
-2.61985E-4
-0.00187014
-0.00276584
-0.00265956
-9.62257E-4
0.00187539
0.0050245
0.00830731
0.0118007
0.0156203
0.0198519
0.0241112
0.0279348
0.0305703
0.0309308
0.0286896
0.0240107
0.0173612
0.00971641
0.00163299
-0.00672197
-0.0149277
-0.0222145
-0.027847
-0.0316583
-0.0338315
-0.03461
-0.0343968
-0.0337055
-0.0329958
-0.032798
-0.0338208
-0.0362326
-0.0397765
-0.0438021
-0.047423
-0.0502416
-0.0519956
-0.0529876
-0.0536816
-0.0540716
-0.0541673
-0.0535255
-0.0516664
-0.0493031
-0.0468196
-0.0438747
-0.0402757
-0.0361834
-0.0319273
-0.0273343
-0.0226099
-0.0179845
-0.0133257
-0.00870417
-0.00461093
-0.00133132
0.00103976
0.00159071
-2.23168E-4
-0.00403089
-0.00963912
-0.016291
-0.0229632
-0.029311
-0.0346021
-0.0387336
-0.0425896
-0.0465848
-0.050526
-0.0543621
-0.0582776
-0.0619438
-0.0648122
-0.0667137
-0.0678419
-0.0682588
-0.0679965
-0.0672128
-0.065797
-0.0641456
-0.0625389
-0.0603776
-0.0575362
-0.0536988
-0.0482587
-0.041569
-0.0342474
-0.0269862
-0.0206753
-0.0157946
-0.0120731
-0.00873196
-0.0052787
-0.00134949
0.00322747
0.0081545
0.0131065
0.0178264
0.0219545
0.0250882
0.0268231
0.0271242
0.026442
0.0252041
0.024023
0.0235901
0.0242695
0.0262771
0.0294967
0.0327449
0.0351841
0.0365678
0.0365658
0.0353551
0.0331449
0.0305003
0.0275753
0.0242221
0.0207972
0.0172747
0.0138616
0.0112281
0.00999986
0.0104751
0.0125192
0.0157096
0.0190663
0.0219015
0.0242056
0.0259653
0.0273558
0.0284651
0.0293122
0.0304264
0.0322273
0.0344725
0.0363496
0.0372323
0.0366098
0.0343793
0.0310615
0.0270995
0.022991
0.0186461
0.0138902
0.0089311
0.00348676
-0.00246332
-0.00791403
-0.0121357
-0.0152825
-0.0173526
-0.0185059
-0.0193803
-0.0202225
-0.0212419
-0.0231212
-0.0259244
-0.029013
-0.0321363
-0.0349575
-0.0370171
-0.038082
-0.0378279
-0.036061
-0.0329466
-0.0290233
-0.0246824
-0.0202814
-0.0158233
-0.0109704
-0.00651532
-0.0035973
-0.00281209
-0.0046285
-0.00848239
-0.012877
-0.0166025
-0.0187716
-0.0193749
-0.0188717
-0.0178145
-0.0171604
-0.0167563
-0.015804
-0.0134525
-0.00896411
-0.0025443
0.00541638
0.0140475
0.0223384
0.029994
0.0372344
0.0441815
0.0506393
0.05642
0.0608989
0.0636493
0.0644137
0.063337
0.0612772
0.0587554
0.0561652
0.0540343
0.05285
0.0524198
0.0520954
0.0514343
0.0504136
0.0498511
0.0506518
0.0529605
0.0561863
0.0588254
0.0593175
0.056869
0.0518664
0.0456501
0.039239
0.0332511
0.0279771
0.0232375
0.0183353
0.0128182
0.00712171
0.0019649
-0.00233711
-0.00581838
-0.00880371
-0.0118818
-0.015014
-0.0183225
-0.022223
-0.0261531
-0.0296363
-0.0322526
-0.0333746
-0.0331811
-0.031781
-0.0290445
-0.0250529
-0.0200736
-0.0145247
-0.00876873
-0.00362143
1.69969E-4
0.00239331
0.00275108
0.0011689
-0.00202073
-0.00648495
-0.0115624
-0.0166334
-0.020886
-0.0234987
-0.0246535
-0.0247097
-0.0242008
-0.0236509
-0.0227856
-0.0209454
-0.0182426
-0.0153548
-0.0126367
-0.0103412
-0.00841741
-0.00648127
-0.00368002
5.90418E-4
0.00579884
0.0112774
0.0168027
0.0220268
0.0264976
0.0298501
0.0314688
0.0310091
0.0285547
0.0240534
0.0175381
0.00976622
0.00171285
-0.00588404
-0.0121632
-0.0169426
-0.020287
-0.0220372
-0.0225335
-0.0219093
-0.0204491
-0.0189475
-0.0180493
-0.0183791
-0.0197506
-0.0215066
-0.0233492
-0.0248729
-0.0259512
-0.0265495
-0.0266167
-0.0263164
-0.0257948
-0.0253184
-0.0248744
-0.0241184
-0.0227576
-0.0206051
-0.0178188
-0.0148745
-0.0122409
-0.0103856
-0.00920866
-0.0081219
-0.00665273
-0.00437137
-0.00138407
0.00183257
0.00477382
0.00665087
0.00693513
0.00615881
0.00534308
0.0053219
0.00656485
0.00936495
0.0137611
0.0188195
0.0236105
0.0274935
0.0296594
0.0299098
0.0288556
0.0276138
0.0269445
0.0271158
0.0279277
0.0287691
0.0293053
0.02922
0.0282585
0.0264715
0.0239824
0.0206812
0.0165041
0.0116235
0.00627559
0.00101042
-0.00326676
-0.00617202
-0.00769385
-0.00805945
-0.00782649
-0.00732606
-0.00705207
-0.00686227
-0.00619279
-0.00467283
-0.00204384
0.00159922
0.0061746
0.0111102
0.0156427
0.0191037
0.0210507
0.021969
0.022319
0.0222392
0.0219161
0.0211756
0.019706
0.0175024
0.0148793
0.012012
0.00891942
0.00578251
0.0025038
-0.00153089
-0.00704487
-0.014151
-0.0222428
-0.0306204
-0.0384992
-0.0452661
-0.0502565
-0.0529712
-0.0536861
-0.0530863
-0.0518842
-0.0502771
-0.0480727
-0.0450109
-0.040875
-0.0356174
-0.0295378
-0.0234441
-0.0179869
-0.0137521
-0.0114755
-0.0111475
-0.0125966
-0.015577
-0.0191623
-0.0224167
-0.02465
-0.0252371
-0.0239053
-0.0207987
-0.0164895
-0.0113424
-0.00551945
3.11124E-4
0.00560513
0.0100518
0.0135154
0.0161325
0.0177895
0.01763
0.0150783
0.0105877
0.00503254
-7.28747E-4
-0.00585768
-0.00942637
-0.010845
-0.00995852
-0.00762565
-0.0053815
-0.00365532
-0.00167241
0.00117479
0.00489249
0.00921355
0.0135754
0.0173868
0.020046
0.0208124
0.0192585
0.0160023
0.0125398
0.00980056
0.00787638
0.00624376
0.00425206
0.00208676
-1.18234E-4
-0.00208391
-0.00308209
-0.00287269
-0.00193783
-0.00102903
-6.11897E-4
-9.02852E-4
-0.00148331
-0.00151627
-3.44825E-4
0.00258293
0.00724091
0.0129493
0.0190379
0.0248678
0.0302103
0.0354084
0.040386
0.0445161
0.0472877
0.0483705
0.0480132
0.0471377
0.0466097
0.0468888
0.0478495
0.0490771
0.0504037
0.051736
0.0530269
0.0542813
0.0554848
0.056804
0.0580346
0.0582694
0.0569266
0.0546035
0.0520925
0.0496743
0.04768
0.0461344
0.0447293
0.043342
0.0419082
0.0402961
0.0384403
0.0366811
0.035205
0.0338648
0.032725
0.031749
0.0309516
0.0303723
0.0296752
0.0283243
0.0258308
0.0221352
0.0171673
0.010791
0.00339892
-0.00425732
-0.0116191
-0.0183788
-0.0243159
-0.0294119
-0.0336329
-0.0371665
-0.0399218
-0.0416107
-0.0425677
-0.0435081
-0.0450986
-0.047748
-0.051588
-0.0563586
-0.0618085
-0.0675144
-0.073034
-0.0780677
-0.0820214
-0.0845745
-0.0857218
-0.0856757
-0.0849286
-0.0839261
-0.0826856
-0.0804284
-0.0765266
-0.0709308
-0.0640253
-0.056632
-0.0492008
-0.0419823
-0.0352439
-0.0292109
-0.0240215
-0.0195987
-0.0159384
-0.0128724
-0.00998384
-0.00726009
-0.00496456
-0.00344399
-0.00308922
-0.00345535
-0.00382263
-0.00362751
-0.00229747
3.80548E-4
0.00442531
0.00956874
0.0151942
0.0204734
0.0248245
0.028054
0.0302266
0.0314986
0.0314631
0.0295747
0.0259475
0.0215489
0.0176758
0.0149361
0.0134605
0.0133815
0.0146193
0.016737
0.0189582
0.0205835
0.0212548
0.0210237
0.0204323
0.0200179
0.0200806
0.0205468
0.0211474
0.0218593
0.0226553
0.0233553
0.0238115
0.0239074
0.0232911
0.0212433
0.0170936
0.0109537
0.00391986
-0.00283308
-0.00884195
-0.0139017
-0.0176485
-0.0197718
-0.0202763
-0.0196068
-0.0185123
-0.0176755
-0.0174608
-0.0176891
-0.0178652
-0.0175541
-0.0164633
-0.0150495
-0.0139636
-0.0131376
-0.0122898
-0.0111064
-0.00934846
-0.00711969
-0.0047911
-0.00267604
-7.28086E-4
9.63035E-4
0.00219262
0.00296981
0.00303427
0.00216055
7.17722E-4
-8.53001E-4
-0.00262527
-0.0047526
-0.00716992
-0.00948009
-0.011125
-0.0120687
-0.0124799
-0.0123289
-0.0113927
-0.00934976
-0.00637598
-0.00317166
-3.15312E-4
0.00186724
0.00309083
0.00347208
0.00374363
0.00443116
0.00581222
0.00775221
0.00961981
0.0108429
0.0110107
0.010116
0.00831149
0.00606487
0.00391127
0.00182571
-3.64199E-4
-0.00286751
-0.00592986
-0.00933675
-0.0126376
-0.0151627
-0.0163449
-0.0165424
-0.0162371
-0.0157138
-0.0152408
-0.0147075
-0.0139663
-0.0131051
-0.0121689
-0.0113754
-0.0110664
-0.011147
-0.0115751
-0.0126204
-0.0144783
-0.0171039
-0.0198421
-0.0218007
-0.0226591
-0.022551
-0.0214133
-0.0192063
-0.0162341
-0.0127467
-0.00890224
-0.0048136
-5.94493E-4
0.00362936
0.00768311
0.0111829
0.0137486
0.0150721
0.0149538
0.013787
0.012392
0.0112497
0.0104381
0.00950221
0.00778299
0.00522634
0.00219243
-0.00104083
-0.00409826
-0.00668071
-0.0086226
-0.00932719
-0.00850501
-0.00638618
-0.0031534
0.00121173
0.00677621
0.0131703
0.0196554
0.0258718
0.0319161
0.0376758
0.0427966
0.0467029
0.0489163
0.049446
0.048319
0.0455414
0.0416327
0.0373148
0.0332368
0.0297669
0.0266401
0.0236131
0.0210693
0.019708
0.019863
0.0211484
0.0225835
0.0233727
0.0229611
0.0211112
0.0184775
0.0157775
0.0136266
0.0121128
0.0107155
0.00924841
0.00750832
0.00557833
0.00393593
0.00296476
0.00264084
0.002265
0.00100048
-0.00146206
-0.0048483
-0.00869673
-0.0124061
-0.0152697
-0.0167171
-0.0166897
-0.01561
-0.0140653
-0.0126034
-0.0114636
-0.0107091
-0.0104166
-0.0104607
-0.0107039
-0.0113108
-0.0124494
-0.0142949
-0.0168315
-0.0196927
-0.0224152
-0.0244978
-0.0258968
-0.0269618
-0.0278087
-0.0285528
-0.0292375
-0.0296436
-0.0295906
-0.0290982
-0.0284592
-0.0278819
-0.0273143
-0.0265866
-0.0253808
-0.0235009
-0.0209999
-0.0179738
-0.0147533
-0.0117734
-0.00937512
-0.00804883
-0.00813304
-0.0095959
-0.0120789
-0.0150126
-0.0179404
-0.0206449
-0.023059
-0.0250609
-0.0264385
-0.0266392
-0.0248886
-0.0208385
-0.0144962
-0.00628674
0.00303941
0.0130032
0.0230208
0.0322723
0.0401175
0.0462
0.0505988
0.0537444
0.0561919
0.0582529
0.0597313
0.0601979
0.0594261
0.0576017
0.0554189
0.05355
0.05217
0.0508512
0.0487578
0.0454901
0.0411461
0.0362143
0.0318113
0.0290166
0.0280038
0.028254
0.0290651
0.0297928
0.0298983
0.0291355
0.0274167
0.0247304
0.0215609
0.0183747
0.015372
0.0125097
0.00948542
0.00618284
0.0029298
1.40857E-4
-0.00233518
-0.00519521
-0.008976
-0.0135726
-0.0184554
-0.023338
-0.0283754
-0.0332595
-0.037331
-0.0404416
-0.0426337
-0.0437818
-0.0435597
-0.0415437
-0.0374718
-0.0313969
-0.0238376
-0.0156698
-0.00828017
-0.00342083
-0.002169
-0.00446229
-0.00969408
-0.0167282
-0.0243874
-0.0319172
-0.0386215
-0.0441253
-0.0480447
-0.0502639
-0.0511195
-0.0507965
-0.0495246
-0.0475965
-0.0452131
-0.0426832
-0.0405267
-0.0396285
-0.0403621
-0.0422382
-0.0445093
-0.0461463
-0.0463176
-0.0445241
-0.0406147
-0.0350457
-0.0284623
-0.02121
-0.0136783
-0.00665191
-8.5319E-4
0.00356095
0.00676479
0.00911917
0.0106914
0.0111493
0.0102013
0.00733521
0.00268583
-0.00297803
-0.00881583
-0.0138292
-0.017247
-0.0188376
-0.0192052
-0.0189237
-0.0187565
-0.0195116
-0.0209926
-0.0228403
-0.0246886
-0.0261841
-0.0273615
-0.0285746
-0.0300399
-0.0316609
-0.0331015
-0.0338828
-0.0335642
-0.03138
-0.026959
-0.0208168
-0.0138095
-0.0070635
-0.00168087
0.00191979
0.00357627
0.00342935
0.00240156
0.00132842
5.838E-4
1.07244E-4
-3.83205E-4
-0.00100509
-0.00157028
-0.00187597
-0.00188001
-0.00136978
-3.33636E-4
0.00131086
0.00375366
0.00610933
0.00762364
0.00861342
0.00937361
0.0104864
0.0128043
0.0164664
0.0209282
0.0256871
0.0302643
0.0340781
0.0367802
0.0382849
0.0386703
0.0380764
0.0367344
0.0348148
0.0324994
0.0302123
0.0281074
0.0260802
0.0241719
0.0224906
0.0212352
0.0202746
0.0191369
0.0176183
0.0158736
0.0141891
0.0127368
0.0115691
0.0106545
0.0100595
0.00993183
0.0100499
0.0101186
0.00970782
0.00841518
0.00656197
0.00442201
0.00208348
-4.02932E-4
-0.00315618
-0.00606606
-0.0087787
-0.0108256
-0.0117874
-0.0115985
-0.0102873
-0.00805772
-0.00540977
-0.00255253
2.18102E-4
0.00283222
0.00549808
0.00811717
0.0103478
0.0118843
0.012862
0.0134836
0.0139472
0.0144412
0.0150547
0.0158273
0.0168027
0.0180269
0.018943
0.018862
0.0177348
0.0159321
0.0139573
0.0122218
0.0108268
0.00926721
0.00682022
0.00337904
-1.83217E-4
-0.00291338
-0.00457725
-0.00541072
-0.00603916
-0.00672967
-0.00721094
-0.00743337
-0.0071834
-0.00599129
-0.00363943
-3.5826E-4
0.0032098
0.00648388
0.00928165
0.0118214
0.0144501
0.0172505
0.0198841
0.0220879
0.0240243
0.0260665
0.0285359
0.0310434
0.0329195
0.033826
0.0337739
0.0333779
0.0328143
0.0315306
0.0290815
0.0252685
0.0205158
0.0154633
0.01049
0.00584026
0.00158088
-0.00222959
-0.00554239
-0.00834574
-0.0106537
-0.0120851
-0.0124471
-0.0121935
-0.0117145
-0.0111339
-0.0103622
-0.00937373
-0.00803142
-0.0059694
-0.00295484
0.00113897
0.00601649
0.011024
0.0158883
0.0204703
0.024552
0.0279474
0.0304413
0.0318492
0.0320697
0.0310193
0.0284623
0.0242975
0.0185444
0.011684
0.00466848
-0.00212357
-0.00846965
-0.0139726
-0.0186104
-0.0225501
-0.0260387
-0.0291622
-0.0316603
-0.0333809
-0.0344728
-0.035131
-0.035735
-0.0365994
-0.037782
-0.0393937
-0.0412118
-0.0429333
-0.0444254
-0.0457396
-0.0469823
-0.0482088
-0.0492125
-0.0495967
-0.0497201
-0.0500039
-0.0502246
-0.0501922
-0.0496882
-0.0484597
-0.0463096
-0.0429822
-0.0386832
-0.0339691
-0.0292994
-0.0248847
-0.0204194
-0.0155077
-0.0101729
-0.00487812
-3.46931E-4
0.0029113
0.00463004
0.00501863
0.00448828
0.00335277
0.00200693
6.69955E-4
-3.53013E-4
-8.22891E-4
-9.50263E-4
-0.00113186
-0.0019589
-0.00370708
-0.00597054
-0.00821182
-0.0102687
-0.0123888
-0.0148537
-0.0177801
-0.0207798
-0.0233333
-0.0251608
-0.0261188
-0.0260746
-0.0250171
-0.02318
-0.0207152
-0.0178729
-0.014831
-0.0117327
-0.00851011
-0.00475729
-1.84879E-4
0.00515168
0.0106209
0.0157959
0.0205186
0.024572
0.0280362
0.0310374
0.0336721
0.0360317
0.0380322
0.0396275
0.0407951
0.0412077
0.0408259
0.0402013
0.0398885
0.0401481
0.040822
0.0411188
0.0402213
0.0381626
0.0352906
0.0320929
0.0290409
0.0259368
0.0222819
0.0177726
0.0123525
0.00629307
1.86402E-4
-0.00520023
-0.0092112
-0.0117296
-0.0130986
-0.0137739
-0.0141144
-0.0142476
-0.0142208
-0.013875
-0.0129784
-0.0117794
-0.0106068
-0.00945642
-0.00812578
-0.00654962
-0.00480304
-0.00266726
4.17691E-5
0.00314834
0.00621861
0.00880433
0.0107497
0.011855
0.0121373
0.0120397
0.0120841
0.0129049
0.0145459
0.016458
0.018308
0.019809
0.0207692
0.0213897
0.0220367
0.0227259
0.0231948
0.0234646
0.0234833
0.0230479
0.0221111
0.0206151
0.0186406
0.0162596
0.0133175
0.00979278
0.00587857
0.00175734
-0.00242913
-0.00663498
-0.010868
-0.014833
-0.0177045
-0.0188999
-0.0185214
-0.0169464
-0.0146993
-0.0121187
-0.00941479
-0.00684853
-0.00470514
-0.0031229
-0.00186518
-6.03116E-4
8.1776E-4
0.00247574
0.00457605
0.00706234
0.00946105
0.0114009
0.0125687
0.0128133
0.0124631
0.0120555
0.0119899
0.0122219
0.0123598
0.0123612
0.0123476
0.0122491
0.0123438
0.0128448
0.0133841
0.0133693
0.0124069
0.0104464
0.00769788
0.00459202
0.00139933
-0.00163144
-0.00438927
-0.00709032
-0.0096389
-0.0118111
-0.0134621
-0.0146078
-0.015452
-0.0160897
-0.016569
-0.0169881
-0.0172273
-0.0171091
-0.0167028
-0.0159543
-0.0148392
-0.0136769
-0.0124918
-0.0107784
-0.0082659
-0.00492709
-9.70386E-4
0.00294389
0.00627054
0.00886174
0.0109881
0.0129653
0.014709
0.0159913
0.016899
0.0176423
0.0180803
0.017934
0.0173004
0.0165589
0.0157536
0.0146477
0.0127832
0.00972447
0.00556901
6.75894E-4
-0.00461326
-0.00984924
-0.0144753
-0.0179986
-0.0203093
-0.0216566
-0.0225133
-0.0233919
-0.0244793
-0.0257836
-0.0271232
-0.0282389
-0.0291116
-0.029905
-0.0305586
-0.0307784
-0.0301766
-0.0284619
-0.0258154
-0.0225411
-0.018701
-0.0143971
-0.00990878
-0.00543686
-0.00116527
0.0027747
0.00631215
0.00923232
0.0114381
0.013032
0.0142448
0.01525
0.0159582
0.0162603
0.0161764
0.0158047
0.0153236
0.0150343
0.0148266
0.0142067
0.0128527
0.0107485
0.00844639
0.00656069
0.00526648
0.00462119
0.00451236
0.00447105
0.00401617
0.00303678
0.00190486
0.0012525
0.0011713
0.00110265
4.01463E-4
-0.00150437
-0.00448475
-0.00776581
-0.0108969
-0.0137854
-0.0165573
-0.01941
-0.0220484
-0.024128
-0.0257129
-0.0268715
-0.0276755
-0.0282439
-0.0285492
-0.0285279
-0.0282269
-0.027496
-0.0261394
-0.0242982
-0.0221479
-0.0196451
-0.0169038
-0.0142582
-0.0119847
-0.0101499
-0.00828029
-0.00619442
-0.00443285
-0.00343939
-0.00340634
-0.00439493
-0.00634081
-0.00897031
-0.0119436
-0.0147997
-0.0170922
-0.0187641
-0.0199252
-0.0206658
-0.021042
-0.0210269
-0.0205192
-0.0194177
-0.017795
-0.0158104
-0.0137004
-0.0120096
-0.0110599
-0.0104865
-0.00970861
-0.00837564
-0.0063724
-0.00373645
-5.61021E-4
0.002804
0.00579304
0.0082268
0.0104699
0.0129754
0.0158447
0.018974
0.0223121
0.0257155
0.0289996
0.0318339
0.0339808
0.0357059
0.0376278
0.0402165
0.0433171
0.0464571
0.0490826
0.0506356
0.05101
0.0504633
0.0490382
0.046867
0.044189
0.0411431
0.0377046
0.0335538
0.0287856
0.0239018
0.0191842
0.0148424
0.0108941
0.00697332
0.00286063
-0.0014554
-0.00605711
-0.0109003
-0.0157681
-0.0205668
-0.0253211
-0.0298946
-0.0339757
-0.037245
-0.0391729
-0.0392394
-0.0374857
-0.0343941
-0.0306713
-0.0267869
-0.0225419
-0.0175367
-0.0118554
-0.0060035
-5.22305E-4
0.00429605
0.00859016
0.0126428
0.0163969
0.0196702
0.0225101
0.0248521
0.0266134
0.027868
0.028809
0.0295343
0.0297931
0.0293583
0.0280845
0.025967
0.0231487
0.0196253
0.0157067
0.0122269
0.00973827
0.0082399
0.00743002
0.006879
0.00635501
0.00605276
0.00621568
0.0067108
0.0071268
0.00696497
0.0059853
0.00451846
0.00311757
0.00211126
0.00159836
0.00146479
0.00147526
0.00142304
0.00134286
0.00118874
7.28229E-4
-8.77985E-5
-0.00103646
-0.00160952
-0.00135072
-1.26435E-4
0.00189452
0.00448252
0.00733769
0.00993521
0.0116498
0.0119738
0.0108763
0.00870231
0.00598347
0.00312081
1.73199E-5
-0.00338528
-0.00692582
-0.0105667
-0.0142115
-0.0174545
-0.0199852
-0.0218857
-0.0232486
-0.0241727
-0.0249341
-0.025678
-0.0264587
-0.0274014
-0.0285137
-0.0295695
-0.0303822
-0.0310618
-0.0318294
-0.0326614
-0.0332662
-0.0333319
-0.0326312
-0.0311538
-0.0292365
-0.0272717
-0.0253841
-0.0235874
-0.0217273
-0.0194774
-0.0167034
-0.0135911
-0.0101735
-0.00628618
-0.00198022
0.00257659
0.00718792
0.0116074
0.0154257
0.0183778
0.0206624
0.0224447
0.0234863
0.0233422
0.0217346
0.0189005
0.0157038
0.0132241
0.0121184
0.0122719
0.0131262
0.0143293
0.0157548
0.0171875
0.0183933
0.019115
0.0190472
0.0181196
0.0163223
0.0136141
0.0102136
0.00658141
0.00322747
3.214E-4
-0.00215347
-0.00415871
-0.00599639
-0.00814377
-0.010823
-0.0137915
-0.0164352
-0.0182821
-0.0191934
-0.0193305
-0.0190306
-0.0183635
-0.0170324
-0.0147014
-0.0112911
-0.00709696
-0.00261145
0.00159418
0.00504552
0.00748114
0.00878309
0.00917097
0.00900665
0.0086565
0.00865499
0.0094397
0.0112238
0.0138423
0.0168689
0.0200462
0.0233378
0.0266754
0.0297851
0.0323533
0.0344259
0.0361525
0.0370294
0.0362918
0.0337369
0.0298727
0.0255702
0.0215568
0.018147
0.015432
0.0133833
0.0118665
0.010798
0.0100346
0.00926625
0.00811578
0.00636299
0.00395713
9.31592E-4
-0.00254059
-0.00614948
-0.00956853
-0.0126036
-0.0151517
-0.0170574
-0.0181896
-0.0185797
-0.0183329
-0.017527
-0.0162349
-0.0147252
-0.0133532
-0.0121968
-0.0111039
-0.0098472
-0.0082831
-0.00648095
-0.00462452
-0.00266043
-3.63919E-4
0.00216353
0.00443399
0.0059397
0.00663056
0.00670471
0.0061744
0.00496072
0.00299135
4.09077E-4
-0.00222952
-0.00409112
-0.00457587
-0.0037136
-0.00200269
-1.49521E-4
0.00108829
0.00139812
0.00104444
2.3696E-4
-0.00118104
-0.00339647
-0.00627856
-0.00949439
-0.0126282
-0.0152303
-0.0168649
-0.0171872
-0.0161099
-0.0139041
-0.0110981
-0.00816548
-0.00536123
-0.00278759
-5.81819E-4
0.00117765
0.00260462
0.00378239
0.00458818
0.00481433
0.00446915
0.00397008
0.00382017
0.00418327
0.00493335
0.00580531
0.0065068
0.00664073
0.00576522
0.003704
7.34804E-4
-0.00250169
-0.00539834
-0.00753796
-0.00869803
-0.00902051
-0.00883299
-0.00840332
-0.00798214
-0.00750427
-0.00646608
-0.00439075
-0.00135751
0.00197454
0.00479915
0.00660632
0.00763488
0.00864241
0.0101026
0.0118502
0.0134622
0.0146448
0.015143
0.0148704
0.0139478
0.0124982
0.0105763
0.00820644
0.00565014
0.00336812
0.00168409
7.6343E-4
6.73336E-4
0.00148399
0.00335193
0.00621162
0.00959267
0.0128111
0.0151962
0.0162509
0.0159067
0.0145155
0.0125428
0.0105628
0.00910849
0.0083426
0.0081535
0.0084346
0.00920168
0.0103608
0.0115972
0.0127877
0.014045
0.0154493
0.0168187
0.017739
0.0178795
0.0171039
0.0156566
0.0139983
0.0125543
0.011806
0.0120042
0.0129414
0.0138923
0.0137716
0.0121336
0.00962579
0.00718755
0.00530934
0.00394957
0.00281563
0.00167067
4.39855E-4
-0.00106382
-0.00294463
-0.00494202
-0.00703603
-0.00960968
-0.0129618
-0.0170336
-0.021429
-0.0256733
-0.0293861
-0.0324443
-0.0349783
-0.0370818
-0.0386891
-0.0397302
-0.0402829
-0.0405103
-0.0406452
-0.0408453
-0.040876
-0.0403507
-0.0393399
-0.0381512
-0.0367869
-0.0349586
-0.032208
-0.0281734
-0.022802
-0.0163974
-0.00928288
-0.00166336
0.0058655
0.0125186
0.0178306
0.0216134
0.0237751
0.0242875
0.0232736
0.021077
0.0182394
0.0152953
0.012537
0.0101457
0.00845201
0.00766435
0.00756172
0.00780563
0.00809523
0.00796791
0.00728568
0.00649872
0.00603886
0.00609575
0.00671075
0.00773361
0.00884495
0.00988681
0.0110179
0.0124298
0.0141011
0.0157473
0.0170043
0.017636
0.0176938
0.0173749
0.0167577
0.0158946
0.0149016
0.0138678
0.0128015
0.0116762
0.0105181
0.00944662
0.00851068
0.00759159
0.00654611
0.00542966
0.00438641
0.00360927
0.00336095
0.00365086
0.0042671
0.0048747
0.00494786
0.0040221
0.00197167
-0.00103393
-0.00460145
-0.0084864
-0.0127976
-0.0174658
-0.0220272
-0.0260914
-0.0294859
-0.0319668
-0.033291
-0.0335474
-0.0330858
-0.0321147
-0.030639
-0.0285557
-0.0258539
-0.0225927
-0.0186993
-0.0142635
-0.00973935
-0.00565672
-0.00227741
5.317E-4
0.00316128
0.00580095
0.00802105
0.00917001
0.00911111
0.00823095
0.00715104
0.00642537
0.00620915
0.00633833
0.00653185
0.00645431
0.00588219
0.00487285
0.0037247
0.00268179
0.00176517
0.0010409
6.36294E-4
5.60308E-4
6.47938E-4
5.35631E-4
-7.7261E-5
-0.00139965
-0.00336693
-0.00564783
-0.00790665
-0.00984522
-0.0114618
-0.0129617
-0.0145102
-0.0161716
-0.0179189
-0.0194846
-0.0203799
-0.0202825
-0.0192025
-0.0171499
-0.0140777
-0.0102946
-0.00649961
-0.00309546
2.07199E-4
0.00371133
0.00724706
0.0103471
0.0126945
0.0144426
0.0159233
0.0173442
0.018775
0.0200463
0.0209255
0.0212843
0.0209675
0.0198383
0.0180113
0.0159152
0.0138363
0.0118324
0.0100763
0.00887241
0.00828291
0.00788435
0.00715998
0.00587738
0.00430797
0.00287887
0.00156109
1.29474E-4
-0.00139067
-0.00284233
-0.00415739
-0.00533211
-0.00644018
-0.00753652
-0.00853827
-0.00939794
-0.00997903
-0.00999839
-0.00951675
-0.00878111
-0.00781035
-0.00656356
-0.00489481
-0.00264096
1.30325E-4
0.00315734
0.0060998
0.00865777
0.0106135
0.0120113
0.0129727
0.0134948
0.013593
0.0133119
0.0125613
0.0111039
0.00892265
0.00620406
0.00338815
8.88348E-4
-0.00159043
-0.0044434
-0.00730743
-0.00947904
-0.0106468
-0.0111351
-0.0117091
-0.0128918
-0.0147631
-0.0172475
-0.0200975
-0.0230192
-0.0258101
-0.0282912
-0.0302604
-0.0316203
-0.0324294
-0.0328195
-0.0329619
-0.032768
-0.0319776
-0.0305686
-0.0286931
-0.0265252
-0.0243022
-0.0223498
-0.0207803
-0.0194184
-0.0181239
-0.0166554
-0.0148205
-0.0127781
-0.0105073
-0.00767611
-0.00416308
-2.31479E-4
0.00372457
0.00745471
0.010838
0.0138624
0.0166907
0.01949
0.0222966
0.0250562
0.0274998
0.0292596
0.0301757
0.0303751
0.0302277
0.0299798
0.0296133
0.0292017
0.0287964
0.0282756
0.0274723
0.0261791
0.0244628
0.0225468
0.0204788
0.0184365
0.0164673
0.0142749
0.0117157
0.00882201
0.00579963
0.00285248
6.05437E-5
-0.00225492
-0.00367875
-0.00397295
-0.0033556
-0.00260386
-0.00243893
-0.00294968
-0.00372485
-0.00425591
-0.00425433
-0.00392362
-0.00349433
-0.00301121
-0.00286659
-0.003473
-0.00476975
-0.00632881
-0.00768361
-0.00875351
-0.00981439
-0.0111562
-0.0127708
-0.014301
-0.0154581
-0.0161565
-0.0164041
-0.0162774
-0.0157818
-0.0149062
-0.0136425
-0.0120502
-0.0104005
-0.00900759
-0.0080658
-0.0075486
-0.00710607
-0.00623698
-0.00472365
-0.00271227
-5.27005E-4
0.0014739
0.00340794
0.00569214
0.00843821
0.0114358
0.0140058
0.0154128
0.0155181
0.0144885
0.0125249
0.00993957
0.00708911
0.00422926
0.00146909
-0.00101041
-0.00306031
-0.0049732
-0.0071557
-0.00941382
-0.01123
-0.0122241
-0.0123929
-0.0123364
-0.0125842
-0.0131555
-0.0136836
-0.0138803
-0.0137779
-0.0134325
-0.0129888
-0.0127133
-0.0125012
-0.0118923
-0.0107585
-0.00916032
-0.00718539
-0.00515857
-0.00330571
-0.00151398
3.1093E-4
0.00204163
0.00356147
0.00490599
0.00610567
0.0071198
0.00804888
0.00899057
0.0100196
0.0112813
0.01283
0.0146324
0.0166194
0.0188781
0.021218
0.0231548
0.0242807
0.0242742
0.0233444
0.0219819
0.0204222
0.0185979
0.0165406
0.0144801
0.0125081
0.0106082
0.00874281
0.00685201
0.00494342
0.0032797
0.0022052
0.0017205
0.00160472
0.00174517
0.0021233
0.00266935
0.00309267
0.00304098
0.00250042
0.00169057
6.34735E-4
-7.63516E-4
-0.00265907
-0.00510782
-0.00761333
-0.00971505
-0.0115768
-0.0134653
-0.015227
-0.0163867
-0.0165415
-0.0154886
-0.0134248
-0.0110676
-0.00923187
-0.00825913
-0.00786486
-0.00748446
-0.00672051
-0.00561508
-0.00447968
-0.00368364
-0.00346595
-0.00363073
-0.00383777
-0.0038756
-0.00366887
-0.00326679
-0.0027169
-0.00224436
-0.00206655
-0.00214141
-0.00230102
-0.00240106
-0.00233726
-0.00196894
-0.00130699
-5.25725E-4
2.40094E-4
9.09966E-4
0.00145128
0.00169457
0.00132004
2.05685E-4
-0.00148223
-0.00313529
-0.00405017
-0.00411001
-0.00373486
-0.00345564
-0.00345643
-0.00360805
-0.00363594
-0.00326333
-0.00247711
-0.00144874
-5.10849E-4
-1.08E-4
-4.69688E-4
-0.00134339
-0.00216346
-0.00242632
-0.00193587
-8.49983E-4
5.37363E-4
0.00188205
0.00305011
0.00420898
0.00544824
0.00662413
0.00746928
0.00782697
0.0079809
0.00847514
0.00948633
0.0108402
0.0123454
0.0139153
0.0155348
0.0171805
0.0187094
0.0198503
0.020441
0.0205049
0.0200734
0.0191602
0.0179512
0.0168036
0.0161096
0.0161441
0.0169468
0.0181637
0.0192105
0.0198179
0.0201182
0.0203058
0.0203766
0.0201805
0.0197456
0.0193394
0.0191376
0.0190492
0.0187973
0.0182021
0.0173611
0.0163598
0.0149898
0.0129637
0.0103538
0.00750483
0.00459201
0.00178807
-6.08298E-4
-0.00243794
-0.00357027
-0.00401527
-0.0040127
-0.00358536
-0.00273463
-0.00191213
-0.00177729
-0.00268241
-0.00432491
-0.00618562
-0.00808322
-0.00995622
-0.0116834
-0.0131729
-0.0143578
-0.0150849
-0.015294
-0.0152095
-0.0151032
-0.0150763
-0.0151452
-0.0154351
-0.0161384
-0.0175659
-0.0197806
-0.022218
-0.0242625
-0.0257116
-0.0268523
-0.028015
-0.0291809
-0.0301391
-0.0306881
-0.0307548
-0.0301916
-0.0289528
-0.0273025
-0.0255189
-0.0238089
-0.022316
-0.0211442
-0.0203264
-0.0198227
-0.0194627
-0.0189601
-0.0180837
-0.0167345
-0.0150929
-0.0133572
-0.0115763
-0.009959
-0.00868078
-0.00765907
-0.00687549
-0.00643895
-0.00643182
-0.0068466
-0.00756928
-0.00840229
-0.00905746
-0.00920922
-0.00868666
-0.00762657
-0.00630171
-0.00488405
-0.00336221
-0.0018169
-5.20842E-4
4.55903E-4
0.00116908
0.00162805
0.00188566
0.00194421
0.00172695
0.00122377
5.2625E-4
-2.1782E-4
-7.35274E-4
-7.30079E-4
-1.77647E-4
6.78138E-4
0.00154564
0.00229568
0.00311492
0.00424043
0.00561889
0.00701593
0.00827609
0.00938609
0.0104122
0.0115137
0.0129134
0.0145452
0.0160447
0.0172391
0.0181793
0.0189884
0.0199686
0.0212319
0.0223398
0.0227044
0.0219916
0.0203445
0.0184225
0.0169794
0.0162435
0.0157816
0.0150076
0.0136063
0.0115577
0.00900667
0.00620997
0.00349657
9.86326E-4
-0.00128141
-0.00300157
-0.00388944
-0.00399631
-0.00374592
-0.00358742
-0.00362535
-0.00377079
-0.00387743
-0.00386975
-0.00394877
-0.00443356
-0.00530724
-0.00605574
-0.00601841
-0.00508083
-0.00379949
-0.00271182
-0.00197452
-0.00131981
-3.60554E-4
8.74782E-4
0.00213404
0.00330316
0.0043152
0.00518319
0.00605586
0.00697388
0.00785246
0.00861221
0.00907664
0.00902638
0.00849462
0.00781551
0.00725397
0.0066359
0.00550462
0.00369648
0.00151538
-6.76562E-4
-0.00263392
-0.00411722
-0.00516216
-0.00622625
-0.00754043
-0.00877875
-0.00960828
-0.00990736
-0.00965313
-0.00892373
-0.00780669
-0.00636082
-0.00459378
-0.00271512
-0.0011493
-3.83764E-5
6.9656E-4
0.00100122
6.22246E-4
-5.46425E-4
-0.00208753
-0.00334535
-0.00393797
-0.00392986
-0.00370529
-0.0035059
-0.00314197
-0.00222616
-4.57277E-4
0.00201962
0.00466123
0.00697788
0.00862646
0.00958599
0.0100832
0.0101951
0.00992503
0.00930466
0.00837095
0.00717691
0.00580664
0.00438397
0.00312627
0.00230175
0.0020025
0.00221897
0.00293191
0.00394666
0.00493418
0.00558152
0.00580762
0.00589141
0.00621402
0.00681313
0.00725718
0.00717082
0.00661151
0.00591665
0.00542821
0.00525764
0.00518315
0.00483498
0.00404284
0.00309791
0.00247545
0.00240612
0.00285263
0.00358201
0.00437535
0.00504317
0.00536007
0.00529754
0.00525371
0.00570059
0.00658291
0.00750401
0.0081382
0.00828272
0.00800458
0.0076076
0.00735526
0.00734435
0.00746345
0.00754369
0.0076077
0.00789241
0.00860215
0.00961042
0.0106856
0.0117453
0.0126078
0.0130913
0.0132369
0.013266
0.0134167
0.0136172
0.0136305
0.0133459
0.0125847
0.0111718
0.00925551
0.00708877
0.00475034
0.0022835
-1.7149E-4
-0.00239783
-0.00423915
-0.00559307
-0.00636231
-0.00661742
-0.00659945
-0.00653724
-0.00652742
-0.0065735
-0.00661466
-0.00661969
-0.00660431
-0.00654599
-0.00647061
-0.0064208
-0.00641265
-0.00645644
-0.00662929
-0.0069094
-0.00707043
-0.00712297
-0.00731233
-0.0077164
-0.0082613
-0.00886353
-0.00935863
-0.00959861
-0.00959911
-0.00950573
-0.00946156
-0.00944473
-0.00923322
-0.00847379
-0.00697073
-0.00493831
-0.00288149
-0.00117024
1.2015E-4
0.00111902
0.00214433
0.0033675
0.00462209
0.00558912
0.00589954
0.00544176
0.00445599
0.00327462
0.00231386
0.0017763
0.00139223
7.02165E-4
-5.36992E-4
-0.0020725
-0.00344122
-0.00444258
-0.00516164
-0.00552863
-0.00524768
-0.00418411
-0.00235409
-5.49418E-5
0.00211974
0.00378743
0.00491924
0.00549258
0.00524273
0.00400192
0.00206699
1.76239E-5
-0.00186975
-0.00387486
-0.00622898
-0.00875397
-0.0109818
-0.0123801
-0.0129285
-0.0132657
-0.0140194
-0.0152515
-0.0165756
-0.0177169
-0.0187534
-0.0197367
-0.0205066
-0.0209025
-0.0210349
-0.0211467
-0.0211663
-0.0208605
-0.0201062
-0.0189656
-0.0176209
-0.0160987
-0.0144257
-0.0126257
-0.0105439
-0.00823249
-0.00602634
-0.0040816
-0.00226885
-5.0503E-4
0.00115312
0.00263793
0.00386033
0.00480411
0.00569243
0.00681628
0.00822183
0.00960459
0.0105734
0.0111171
0.0114862
0.0118134
0.0120373
0.0119381
0.0114767
0.0109656
0.0107004
0.0107152
0.0108523
0.0109383
0.0109088
0.0108241
0.0107713
0.0106988
0.0103733
0.00963754
0.00862121
0.00756074
0.00648526
0.0053452
0.00428227
0.00339506
0.00273249
0.0023844
0.0022986
0.00231334
0.0023257
0.00229388
0.00239028
0.00298393
0.0041255
0.00550134
0.00673272
0.0075087
0.00774992
0.007646
0.00747551
0.00741402
0.00744654
0.00739997
0.00697569
0.0059569
0.00448454
0.00296734
0.0017587
9.78189E-4
5.40922E-4
2.12862E-4
-2.13889E-4
-7.27318E-4
-0.00117813
-0.00163446
-0.00241349
-0.00367217
-0.00531782
-0.00701441
-0.00829133
-0.00887601
-0.00866901
-0.00799928
-0.00763285
-0.00796733
-0.0086155
-0.00881741
-0.00821255
-0.00706446
-0.00577532
-0.00457471
-0.00371762
-0.00334271
-0.00322855
-0.00310907
-0.00293757
-0.0027919
-0.00279606
-0.00314732
-0.00400527
-0.0053844
-0.00713013
-0.00894188
-0.0105807
-0.0118841
-0.0128094
-0.013579
-0.0143146
-0.0149735
-0.0155038
-0.0158244
-0.0158713
-0.0154172
-0.0142097
-0.0123622
-0.0103387
-0.0085875
-0.00734507
-0.00678274
-0.00694978
-0.00768937
-0.00886683
-0.010531
-0.0126952
-0.0150971
-0.0173747
-0.0192908
-0.0206614
-0.0213031
-0.021165
-0.0203338
-0.0190886
-0.0178359
-0.016789
-0.0159559
-0.015279
-0.0147323
-0.0142939
-0.0138041
-0.0131345
-0.0123592
-0.0115624
-0.0106922
-0.00960525
-0.00816159
-0.00644097
-0.00470104
-0.00302253
-0.0014034
-2.84064E-5
9.05348E-4
0.00152754
0.00222836
0.00309941
0.00380497
0.00408068
0.00397966
0.00374124
0.00358086
0.00361426
0.00390038
0.00439551
0.0049026
0.00517515
0.00514119
0.00501396
0.00509115
0.00537856
0.00549735
0.00512254
0.00437849
0.00367104
0.00334215
0.00341183
0.00368275
0.00413527
0.00481217
0.00552056
0.00600682
0.00631541
0.00664722
0.007078
0.0076893
0.00839331
0.00879873
0.00871398
0.00859501
0.00901254
0.00990136
0.0108055
0.011444
0.0119045
0.0123228
0.0126687
0.0130195
0.0135716
0.01423
0.0144913
0.0140484
0.0132228
0.0124265
0.0116369
0.0107248
0.00986359
0.00933721
0.00922435
0.00933735
0.00954475
0.00997528
0.0107227
0.0117291
0.0127941
0.0137799
0.0145972
0.0150266
0.0150521
0.0146729
0.0138279
0.0128283
0.0121559
0.0118456
0.0114643
0.0107518
0.00990814
0.00929361
0.00882421
0.00794614
0.00641318
0.00470352
0.00354947
0.0032399
0.00351158
0.00400712
0.00448494
0.00467898
0.00448238
0.0041697
0.00417666
0.0047402
0.00567666
0.00660608
0.00744456
0.00827251
0.00913774
0.0101445
0.0113847
0.0127806
0.0141118
0.0153065
0.0163855
0.0172077
0.0175967
0.0176241
0.0174678
0.0171362
0.0164933
0.0155467
0.0145699
0.0137376
0.0131211
0.0129051
0.0130872
0.0134299
0.0136812
0.0136997
0.0135118
0.0131111
0.0124145
0.0113944
0.0101033
0.00855556
0.00679887
0.00491245
0.00288685
7.82655E-4
-0.0012446
-0.00306097
-0.00469498
-0.00620409
-0.00740032
-0.00801684
-0.00809823
-0.00795375
-0.00786385
-0.0079493
-0.00808387
-0.00805879
-0.00782217
-0.00743997
-0.00693423
-0.00626669
-0.00559226
-0.00515171
-0.00489194
-0.00461557
-0.0043046
-0.00416052
-0.00427426
-0.00468267
-0.00544528
-0.00640657
-0.00747148
-0.00865663
-0.00997193
-0.0114234
-0.0130317
-0.0147062
-0.0160237
-0.0166112
-0.016556
-0.0163009
-0.0161553
-0.0161788
-0.0163291
-0.0164353
-0.016426
-0.0162998
-0.0159641
-0.0154377
-0.0148857
-0.0144043
-0.0139192
-0.0135144
-0.0133365
-0.0132466
-0.0129885
-0.0122963
-0.0112289
-0.0101018
-0.00904387
-0.00804171
-0.00701384
-0.00587613
-0.00467141
-0.00344202
-0.00215077
-8.43776E-4
3.17703E-4
0.00128025
0.00213992
0.00292595
0.00349652
0.00369687
0.00365153
0.00357062
0.00343038
0.00302354
0.00214751
7.68455E-4
-9.79038E-4
-0.00279632
-0.00436042
-0.00549774
-0.00621657
-0.00685368
-0.00785417
-0.00930907
-0.0110107
-0.0125702
-0.0135636
-0.0138478
-0.0135174
-0.0127728
-0.0118128
-0.0107307
-0.00961638
-0.00866539
-0.00810867
-0.00800105
-0.00802191
-0.00771216
-0.00696001
-0.0060535
-0.00535612
-0.00492595
-0.00460363
-0.00433354
-0.00429192
-0.00461186
-0.00493456
-0.00469013
-0.00387985
-0.00330653
-0.00368128
-0.00477658
-0.00573949
-0.006018
-0.00576896
-0.00541602
-0.00522663
-0.00523161
-0.00516941
-0.00473039
-0.00395757
-0.00306891
-0.00212257
-9.53788E-4
5.08588E-4
0.00194417
0.00314401
0.00429899
0.00561056
0.00697233
0.00811179
0.00887479
0.00922136
0.00931981
0.00953829
0.00996406
0.0101876
0.00986044
0.00897489
0.00777068
0.00665661
0.00602714
0.00597054
0.00614773
0.00624318
0.00617935
0.00601558
0.00597308
0.0062759
0.00694149
0.00778522
0.00845853
0.00871961
0.00853622
0.00785592
0.00683414
0.00578424
0.00481769
0.00378963
0.00250566
0.00103263
-4.82863E-4
-0.00195276
-0.00321685
-0.00418333
-0.00495603
-0.00561796
-0.00611806
-0.00639419
-0.00641204
-0.00619508
-0.0058842
-0.00561133
-0.00517367
-0.00416364
-0.00252627
-6.51619E-4
0.00100776
0.00218308
0.00283342
0.00319961
0.00355058
0.00389813
0.00400212
0.00364906
0.00312343
0.00298277
0.00343817
0.00430874
0.00527935
0.00604279
0.00634105
0.00615725
0.00574179
0.0054369
0.00541321
0.00555281
0.0057177
0.00576866
0.00570067
0.00564693
0.00570085
0.00595365
0.00622733
0.00622257
0.00598705
0.00582078
0.00594616
0.0062919
0.00668072
0.00699048
0.00706803
0.00681015
0.00629684
0.00582275
0.0055602
0.00528938
0.00477541
0.00406515
0.00338585
0.00298045
0.00282626
0.00251723
0.00174034
5.57628E-4
-8.41401E-4
-0.00207552
-0.00272885
-0.00282489
-0.00290234
-0.00342107
-0.00425114
-0.00504472
-0.00567969
-0.00639859
-0.00744295
-0.00868553
-0.00985637
-0.0107373
-0.0112296
-0.0113958
-0.0114006
-0.0113086
-0.0109186
-0.0099981
-0.00859723
-0.00694928
-0.00536664
-0.00403992
-0.00300787
-0.00223326
-0.00132614
-1.60485E-5
0.00146397
0.00267635
0.00325117
0.00324098
0.00311277
0.00319769
0.00330694
0.00328463
0.00314541
0.00274729
0.00201268
9.88721E-4
-2.23306E-4
-0.00141339
-0.00227712
-0.00262598
-0.00255796
-0.00234556
-0.0022209
-0.0021258
-0.00168395
-6.28579E-4
9.26723E-4
0.0026613
0.00456055
0.00667979
0.00870974
0.0103429
0.0114497
0.0120655
0.0122629
0.0121088
0.0116713
0.0108985
0.00985597
0.00898292
0.00866712
0.00868888
0.00866793
0.00858341
0.00858931
0.00883324
0.00941648
0.0103067
0.0112106
0.0118346
0.0122604
0.0126199
0.0128771
0.0129177
0.0125888
0.0120124
0.0114643
0.0110188
0.0104802
0.00968661
0.00855679
0.00693311
0.00480339
0.00239179
1.06949E-4
-0.00157629
-0.00237194
-0.0025116
-0.00260958
-0.00323978
-0.00435916
-0.00544863
-0.00624237
-0.00679652
-0.00728598
-0.00773034
-0.00819475
-0.00872395
-0.00919395
-0.0094795
-0.00932751
-0.00877537
-0.00805199
-0.00745257
-0.00742872
-0.00806151
-0.00917318
-0.0103476
-0.0111437
-0.0115855
-0.0119198
-0.0121911
-0.0122031
-0.0118454
-0.0112257
-0.0104032
-0.0093839
-0.00825347
-0.00704658
-0.00578451
-0.00443521
-0.00297441
-0.00153948
-3.93568E-4
2.43E-4
3.66727E-4
2.06642E-4
9.21273E-5
2.66438E-4
9.42059E-4
0.00205986
0.00306662
0.00348511
0.00342249
0.00335546
0.00346793
0.00350647
0.0033582
0.00327847
0.00351062
0.00398959
0.00445622
0.00466279
0.00460305
0.00446943
0.00436384
0.00434122
0.00431535
0.00392492
0.00294575
0.00157567
3.98104E-4
-1.07698E-4
-5.35237E-5
1.92819E-4
3.33611E-4
2.66977E-4
2.08816E-4
6.09504E-4
0.00155196
0.00253897
0.00314081
0.00319078
0.00289613
0.00268202
0.00267454
0.00280153
0.00294096
0.00314276
0.00335354
0.00331828
0.00302478
0.00252759
0.00191873
0.00124003
5.49937E-4
1.31657E-5
-2.80704E-4
-2.65364E-4
7.18423E-5
8.47501E-4
0.00205068
0.0031734
0.00372819
0.00367593
0.00334306
0.00314706
0.00315696
0.00314267
0.00299457
0.00265325
0.00201369
0.00111455
9.86103E-5
-8.76588E-4
-0.00162822
-0.00223005
-0.0028306
-0.00329185
-0.00347693
-0.00342684
-0.00346041
-0.00389599
-0.00465428
-0.00537319
-0.00566561
-0.00561969
-0.00559136
-0.00561136
-0.00570184
-0.00593384
-0.00611763
-0.00604351
-0.00567835
-0.00519216
-0.00481404
-0.00448388
-0.00408638
-0.00366044
-0.00326624
-0.00312344
-0.0032351
-0.00327986
-0.00319134
-0.00294476
-0.00259747
-0.00251641
-0.00287231
-0.0034602
-0.00390094
-0.00398285
-0.00382071
-0.00364952
-0.00359489
-0.00365258
-0.00357999
-0.00314444
-0.00258366
-0.0022655
-0.00242051
-0.00294353
-0.00334353
-0.00337358
-0.00329422
-0.00323398
-0.00284797
-0.00197942
-0.00105038
-5.14438E-4
-3.56483E-4
-2.35724E-4
9.28633E-5
4.80103E-4
4.91003E-4
3.23701E-5
-5.67001E-4
-9.63556E-4
-9.79253E-4
-7.25533E-4
-2.06651E-4
5.96174E-4
0.00153132
0.0023315
0.00272078
0.00282046
0.00275354
0.00249438
0.00211651
0.00167353
0.00107102
2.42093E-4
-5.09394E-4
-7.6992E-4
-4.31221E-4
3.7765E-4
0.00136162
0.00230385
0.00325162
0.00421958
0.00504956
0.00550772
0.00552242
0.00523234
0.00490861
0.00485638
0.0052861
0.00611012
0.0069396
0.00748221
0.00768768
0.00775296
0.00788354
0.00807878
0.00821404
0.00824625
0.00821562
0.00819454
0.00842293
0.009024
0.00978968
0.0103865
0.0106286
0.0105669
0.0103182
0.00997845
0.00948933
0.00882931
0.00833326
0.00809565
0.00791624
0.00773665
0.00752918
0.00712364
0.00631994
0.00528764
0.00425938
0.00313077
0.00180564
3.5991E-4
-0.0010408
-0.00216561
-0.00290882
-0.00337359
-0.0037201
-0.00409618
-0.00446606
-0.00454817
-0.00420993
-0.00370105
-0.00344794
-0.00349117
-0.00361685
-0.00372707
-0.00375552
-0.00373803
-0.00385671
-0.00437046
-0.00532793
-0.00631674
-0.00683133
-0.00690118
-0.00703619
-0.0076322
-0.0084882
-0.00921759
-0.0098383
-0.0105571
-0.011382
-0.0121096
-0.0125019
-0.0125046
-0.0123359
-0.0122301
-0.0122624
-0.0123456
-0.0123889
-0.0123651
-0.0120749
-0.0112981
-0.0102863
-0.00950421
-0.00919888
-0.00933512
-0.00956474
-0.00957362
-0.00926861
-0.00892425
-0.00888037
-0.00909889
-0.00937509
-0.00942911
-0.00911835
-0.00844021
-0.00755903
-0.00684435
-0.0064854
-0.00641796
-0.00644267
-0.0061214
-0.00514576
-0.0039137
-0.00293952
-0.00224981
-0.00154279
-4.82999E-4
7.57688E-4
0.00183002
0.00288566
0.00416926
0.00560663
0.00694576
0.00801935
0.00887066
0.00950175
0.00979421
0.0098455
0.00992398
0.0102789
0.010966
0.011771
0.0124398
0.0128248
0.0130089
0.0131457
0.0132872
0.0133747
0.0132753
0.0130731
0.0129572
0.0129325
0.0129914
0.0131061
0.0131781
0.0131637
0.013108
0.01322
0.0134629
0.0135858
0.0134717
0.0128847
0.0118017
0.0105046
0.00922331
0.00791331
0.00638927
0.00474757
0.00324323
0.00201238
0.00109834
4.87825E-4
-7.27046E-5
-8.6282E-4
-0.00184502
-0.00259207
-0.00276054
-0.00244278
-0.00195239
-0.00151954
-0.00103036
-2.90291E-4
6.36146E-4
0.0016992
0.00280946
0.00381599
0.00489495
0.00600932
0.00682438
0.00730682
0.00779561
0.00845164
0.00892426
0.00883313
0.00819289
0.00733487
0.00660435
0.00626348
0.0063181
0.00646707
0.00640544
0.0058253
0.00461944
0.00294565
9.49056E-4
-0.00106448
-0.0029059
-0.00472293
-0.00652944
-0.00811942
-0.00931886
-0.0101106
-0.0105544
-0.0107352
-0.0107657
-0.0108242
-0.011245
-0.0121923
-0.0133041
-0.0139601
-0.0138148
-0.0129608
-0.0118206
-0.0109926
-0.0107194
-0.0104328
-0.00946869
-0.00779162
-0.00592711
-0.00449664
-0.00366901
-0.00326763
-0.00306738
-0.00292126
-0.00273472
-0.00232351
-0.00147576
-3.6559E-4
5.22387E-4
9.47541E-4
9.72294E-4
8.13139E-4
7.13503E-4
7.1314E-4
7.12897E-4
9.67392E-4
0.00169881
0.00258193
0.00321172
0.00338654
0.00323834
0.00305098
0.00287969
0.0025116
0.00185734
0.00107159
1.39105E-4
-9.67813E-4
-0.00201276
-0.00277279
-0.00336568
-0.00378911
-0.00371015
-0.00316039
-0.00271193
-0.0029233
-0.00376076
-0.00460572
-0.00488499
-0.00442757
-0.00340294
-0.00242894
-0.00197689
-0.00170956
-0.00113095
-2.28751E-4
7.12762E-4
0.00159818
0.00245827
0.00308091
0.00335682
0.00333741
0.00323937
0.00339831
0.00372613
0.0040917
0.00461956
0.00529138
0.00586894
0.0061473
0.00611432
0.00592844
0.00579703
0.00577947
0.00575015
0.005424
0.00469609
0.00388024
0.00328885
0.00298864
0.00287617
0.00285277
0.00271965
0.00220374
0.00129086
2.01544E-4
-7.64064E-4
-0.0014707
-0.00204286
-0.00277719
-0.00385212
-0.00502844
-0.0058859
-0.0063152
-0.00672592
-0.00747963
-0.00848606
-0.0095019
-0.0103621
-0.0110145
-0.0112977
-0.0110022
-0.0101682
-0.0090494
-0.00793973
-0.00700814
-0.00624009
-0.00558397
-0.00514971
-0.00512942
-0.00556231
-0.00618551
-0.00657676
-0.00666388
-0.00689826
-0.00766392
-0.00872316
-0.00949065
-0.00964709
-0.00916396
-0.0081953
-0.00712586
-0.00623656
-0.00567329
-0.00562131
-0.00605335
-0.00665108
-0.007235
-0.00782885
-0.00837701
-0.00862722
-0.00818178
-0.00697485
-0.00535319
-0.00364065
-0.00190849
-2.00329E-4
0.0013855
0.00289663
0.00429582
0.00522916
0.00559221
0.00583762
0.0061695
0.00629568
0.00609626
0.00583128
0.0058972
0.00647206
0.00725119
0.00789112
0.00823656
0.00835692
0.00845733
0.00849105
0.00838142
0.00822423
0.00813158
0.00796187
0.00747239
0.00675788
0.00592632
0.00480945
0.00338681
0.00188538
6.39791E-4
-1.62463E-4
-8.39992E-4
-0.00169901
-0.00265233
-0.00358935
-0.00441329
-0.00502759
-0.00549981
-0.0059959
-0.00669667
-0.00767801
-0.00874693
-0.00950599
-0.00968083
-0.0093752
-0.00896858
-0.00887807
-0.00912121
-0.00915944
-0.0085245
-0.00748183
-0.00663327
-0.00616537
-0.00566394
-0.0045982
-0.0030078
-0.00151119
-6.64743E-4
-3.29113E-4
-2.04615E-4
-3.56279E-4
-9.88238E-4
-0.00211058
-0.00324669
-0.00389593
-0.00400249
-0.00400775
-0.0045189
-0.00556902
-0.00655933
-0.0067966
-0.00602275
-0.0045901
-0.00309155
-0.00194337
-0.00111817
-3.38511E-4
5.51231E-4
0.00154661
0.00263315
0.00384924
0.00517624
0.00656299
0.007854
0.0087332
0.00906508
0.00898829
0.00866246
0.00817587
0.00752823
0.0065811
0.00514788
0.00342663
0.00203458
0.00140645
0.00146721
0.00178082
0.0019364
0.00186479
0.0016608
0.00128138
6.13061E-4
-2.85455E-4
-0.00117381
-0.00196366
-0.00266064
-0.0032159
-0.00364065
-0.00398918
-0.00438646
-0.004963
-0.00567757
-0.00614214
-0.00591582
-0.00508628
-0.00422372
-0.00368084
-0.00318677
-0.00246233
-0.00154053
-4.55043E-4
7.90435E-4
0.00219997
0.0036039
0.00479668
0.00592971
0.00719483
0.00860406
0.0100307
0.0112595
0.012188
0.0127825
0.0130635
0.0131017
0.0130311
0.0129833
0.0128796
0.012486
0.0116817
0.0107655
0.0101674
0.0100129
0.0100176
0.00968168
0.00881214
0.00777897
0.00714203
0.00706309
0.00729733
0.00750147
0.00749458
0.00737308
0.00728304
0.00723574
0.00727775
0.00735669
0.00716085
0.00647879
0.00543786
0.00432512
0.00325363
0.00219617
0.00113596
1.72299E-4
-3.89992E-4
-2.66153E-4
4.56514E-4
0.00126988
0.00168505
0.00164183
0.00154034
0.00169589
0.00219498
0.00304426
0.00387018
0.00434595
0.00464337
0.00511403
0.00593266
0.00699245
0.00808715
0.00903201
0.0095804
0.00969294
0.00969605
0.00987908
0.0103437
0.0109039
0.011292
0.0115794
0.0119101
0.0122576
0.0124487
0.0124994
0.0126122
0.0128257
0.0131113
0.0132932
0.0131657
0.01276
0.0122004
0.011544
0.0107457
0.00991912
0.00928708
0.00872721
0.00797697
0.00714027
0.00644237
0.00579257
0.00498934
0.00401353
0.00293551
0.00184457
7.63955E-4
-4.06636E-4
-0.001506
-0.00234047
-0.00305067
-0.00386027
-0.00479284
-0.00566367
-0.00634463
-0.00684537
-0.00727808
-0.00764677
-0.00776432
-0.00757969
-0.0072521
-0.00675805
-0.00605914
-0.00539205
-0.00503081
-0.00499178
-0.00489994
-0.00436525
-0.00340057
-0.00246001
-0.00199097
-0.00202085
-0.00227592
-0.00238219
-0.00211032
-0.00146738
-6.27374E-4
1.67351E-4
6.77917E-4
7.63046E-4
5.61403E-4
1.53483E-4
-6.10556E-4
-0.00161715
-0.00264422
-0.00382043
-0.00530391
-0.00682874
-0.00795029
-0.00863912
-0.00926005
-0.0100114
-0.0106661
-0.0109644
-0.0109763
-0.010857
-0.0107586
-0.010784
-0.0108898
-0.0111979
-0.0119133
-0.0129118
-0.0135546
-0.0131862
-0.0119859
-0.0106678
-0.00955073
-0.00859615
-0.00774009
-0.00694636
-0.00624181
-0.00562417
-0.00512433
-0.00479305
-0.00471349
-0.00488123
-0.00511669
-0.00525139
-0.00520661
-0.00509706
-0.00502587
-0.0050058
-0.00505329
-0.00510384
-0.00496709
-0.00442444
-0.00365594
-0.00329158
-0.00375263
-0.00467183
-0.00536408
-0.0055658
-0.00537468
-0.00511217
-0.00500629
-0.00502747
-0.00502212
-0.00480239
-0.00428
-0.00331722
-0.00203133
-0.0010056
-7.77549E-4
-0.00134044
-0.00195386
-0.00178259
-7.38632E-4
6.87974E-4
0.00198896
0.00285597
0.00328992
0.00349152
0.00364146
0.0038741
0.00417987
0.00435654
0.00428744
0.00403599
0.00370565
0.00336251
0.00295984
0.00249202
0.00199115
0.00144909
9.77745E-4
8.46873E-4
0.00110314
0.00136545
0.0014651
0.00150462
0.00148617
0.00129315
9.3169E-4
8.40985E-4
0.00137301
0.00233025
0.00314033
0.00339387
0.00323702
0.00308438
0.00331788
0.00392426
0.00456048
0.00493177
0.00476736
0.00416287
0.00350351
0.00304424
0.00288822
0.00281826
0.0024459
0.0014927
-9.62846E-5
-0.0021151
-0.00409799
-0.00545808
-0.00606756
-0.00632287
-0.00654657
-0.00669248
-0.00656654
-0.00614151
-0.00554735
-0.00482288
-0.00397156
-0.0032094
-0.00279302
-0.00276211
-0.00292379
-0.00303596
-0.00305673
-0.00316099
-0.00354442
-0.00420577
-0.00483021
-0.00516557
-0.00532135
-0.00543196
-0.00553778
-0.00562146
-0.00565167
-0.00563124
-0.00562117
-0.00581832
-0.00625347
-0.00664545
-0.00677658
-0.0068324
-0.00714545
-0.00774043
-0.00839691
-0.00901875
-0.0097416
-0.0105461
-0.0111824
-0.011483
-0.0114587
-0.0112579
-0.010907
-0.0102473
-0.00930378
-0.00828273
-0.00725976
-0.0062039
-0.00502864
-0.00376383
-0.0026848
-0.00199391
-0.00154005
-9.35689E-4
1.89951E-5
0.00127673
0.00273141
0.00421642
0.0056253
0.00700576
0.008417
0.00976983
0.0109019
0.0118594
0.0128065
0.0136582
0.0141789
0.0143974
0.014525
0.0145691
0.014443
0.0142535
0.0142357
0.0144691
0.0146032
0.0141228
0.0129512
0.0114183
0.00992644
0.00884558
0.00836243
0.00823058
0.00787548
0.00702026
0.005997
0.00533821
0.00520807
0.00525575
0.0050253
0.00437036
0.00347735
0.00272587
0.00243919
0.00266532
0.00315114
0.00350865
0.00354102
0.00325639
0.00285308
0.00276888
0.00318379
0.00383858
0.00444404
0.00472142
0.00439718
0.00354385
0.00266662
0.0022434
0.00226201
0.00228486
0.0019104
0.00106829
-8.49133E-5
-0.00125182
-0.0021691
-0.00284477
-0.00348813
-0.00434746
-0.00537535
-0.0061857
-0.00652746
-0.0064708
-0.00620409
-0.00591011
-0.00578746
-0.0059607
-0.00633063
-0.00662374
-0.00669735
-0.00661433
-0.00650458
-0.00647126
-0.00642187
-0.00616808
-0.0056111
-0.00482301
-0.00410425
-0.00370931
-0.00366656
-0.00381596
-0.00391206
-0.00389194
-0.00370701
-0.00326851
-0.00282434
-0.00277365
-0.00320334
-0.00389804
-0.00471908
-0.00562343
-0.00637489
-0.0067087
-0.00669184
-0.00656071
-0.00648382
-0.00653735
-0.00664391
-0.00671333
-0.00668526
-0.00645666
-0.00594573
-0.00518953
-0.00440569
-0.00385104
-0.00363244
-0.00370461
-0.00385733
-0.00390674
-0.00387054
-0.00378704
-0.00373962
-0.00376247
-0.00373345
-0.00355599
-0.00327367
-0.00299531
-0.00265962
-0.00216308
-0.00150577
-7.51807E-4
-5.51645E-5
4.7553E-4
8.93389E-4
0.0013085
0.00169781
0.00194572
0.00200555
0.00194331
0.00188647
0.00189046
0.0020002
0.00234599
0.00294537
0.00360714
0.0040789
0.00429197
0.00432983
0.00418051
0.00390879
0.0038271
0.00411365
0.00467074
0.00542751
0.00632874
0.00713889
0.00748645
0.00719356
0.00643468
0.00554916
0.00487583
0.00449872
0.00409933
0.00336991
0.00246722
0.00181835
0.00162933
0.00176738
0.00197136
0.00204786
0.00197388
0.00176797
0.00149228
0.00141315
0.00162396
0.00191197
0.00209737
0.00210088
0.00198707
0.00188217
0.00182348
0.00181379
0.00182697
0.00186349
0.00207914
0.00271
0.00370812
0.00460997
0.00504628
0.00518932
0.00545716
0.0060586
0.00688126
0.00758497
0.00790206
0.00787706
0.00787992
0.0081782
0.00853239
0.00850357
0.00791889
0.0069804
0.00601493
0.00524843
0.00476767
0.00443913
0.00406486
0.0035946
0.00303567
0.00243997
0.00191086
0.0013999
6.97246E-4
-1.74681E-4
-8.80476E-4
-0.00118758
-0.00114179
-9.71766E-4
-8.10419E-4
-4.66849E-4
2.61921E-4
0.00118787
0.00195059
0.00253425
0.00319479
0.00395818
0.00455639
0.00473218
0.00447347
0.00412309
0.00415781
0.00467717
0.00537981
0.00612912
0.00687158
0.00739157
0.00759501
0.00754669
0.00742454
0.00728601
0.00688325
0.0060901
0.00509106
0.00404982
0.00303665
0.00212054
0.00134512
6.5454E-4
-1.15539E-4
-0.00103891
-0.00194535
-0.00262969
-0.00311116
-0.0035211
-0.00407224
-0.00496387
-0.00602615
-0.00679131
-0.00700152
-0.00682902
-0.00659676
-0.00639297
-0.00606873
-0.00552587
-0.00482083
-0.00417587
-0.00382698
-0.0037984
-0.00391956
-0.00400308
-0.00399738
-0.00392841
-0.00385809
-0.00384868
-0.00387993
-0.00391252
-0.00387857
-0.00361728
-0.0029577
-0.00199233
-0.00114811
-7.75603E-4
-8.42084E-4
-0.00106256
-0.00117425
-0.00114912
-0.00128856
-0.00192417
-0.00292748
-0.00378816
-0.00414316
-0.00407276
-0.00398376
-0.00407202
-0.00415817
-0.0043432
-0.00491426
-0.00577323
-0.00654025
-0.00687168
-0.0067846
-0.00657572
-0.00647548
-0.00652644
-0.00663683
-0.00665136
-0.00630924
-0.00548087
-0.00447959
-0.00378975
-0.00363656
-0.00384343
-0.00406457
-0.00405255
-0.00366529
-0.00303476
-0.00244577
-0.00194415
-0.00148265
-0.00115606
-0.0010133
-9.91336E-4
-0.00102817
-9.47254E-4
-6.86404E-4
-4.8915E-4
-5.54526E-4
-8.15495E-4
-0.00106266
-0.00114817
-9.80231E-4
-4.71029E-4
4.20703E-4
0.00139275
0.00197561
0.00216708
0.00223893
0.00225744
0.00216156
0.00200799
0.00186265
0.0015451
8.13606E-4
-1.69585E-4
-8.88914E-4
-9.76112E-4
-5.80933E-4
-2.3907E-4
-2.97779E-4
-6.42392E-4
-9.85892E-4
-0.00125653
-0.00175124
-0.00262098
-0.00347698
-0.00393234
-0.00402619
-0.0042367
-0.00499607
-0.00604364
-0.00681262
-0.00721863
-0.00764322
-0.00835214
-0.00913213
-0.00967611
-0.0101602
-0.0109297
-0.011845
-0.012441
-0.0125849
-0.0124494
-0.0121315
-0.0116327
-0.0109314
-0.0102176
-0.00978205
-0.00977177
-0.0101863
-0.0107477
-0.0111567
-0.0113555
-0.0114644
-0.0115568
-0.011453
-0.0109736
-0.0101323
-0.0092591
-0.00874188
-0.00850722
-0.00815129
-0.00750852
-0.00685251
-0.00650085
-0.00652051
-0.00669715
-0.0068255
-0.00695538
-0.0071338
-0.00724419
-0.00715926
-0.00691121
-0.00650145
-0.00577583
-0.00481952
-0.00384179
-0.0027463
-0.00144159
-1.62454E-4
8.37818E-4
0.00155951
0.00225761
0.00316718
0.00409031
0.00468557
0.00496791
0.00522842
0.00562486
0.00608629
0.00650115
0.00678465
0.00701149
0.00725215
0.00758021
0.00796784
0.00809546
0.00789508
0.00757346
0.00734498
0.00737036
0.00765113
0.00797166
0.00805689
0.00795757
0.00786649
0.00775346
0.00755609
0.00739586
0.00754419
0.00820759
0.00922789
0.0101266
0.0104987
0.0103971
0.010152
0.0100135
0.0101254
0.0104676
0.0108436
0.0111167
0.0113628
0.0117987
0.0124238
0.0129032
0.0128523
0.0120682
0.0109035
0.0100435
0.00974255
0.00961135
0.00910485
0.00821269
0.0072568
0.00630207
0.00535768
0.00455153
0.00386255
0.00310764
0.00229476
0.00160199
0.00104174
4.81526E-4
-4.98838E-5
-3.18079E-4
-1.87616E-4
2.78772E-4
9.10099E-4
0.00149063
0.00183413
0.0018902
0.00179394
0.001697
0.00158898
0.0012966
6.91506E-4
-9.58202E-5
-7.87166E-4
-0.00110338
-0.00104756
-8.87211E-4
-7.69896E-4
-7.63386E-4
-8.24117E-4
-8.52115E-4
-8.53947E-4
-8.13581E-4
-7.37211E-4
-6.63159E-4
-6.04706E-4
-5.75122E-4
-5.49186E-4
-5.27308E-4
-5.01297E-4
-4.55481E-4
-4.27052E-4
-4.22607E-4
-4.28274E-4
-4.37576E-4
-4.32716E-4
-3.72754E-4
-1.53488E-4
3.52885E-4
0.00112883
0.00193773
0.00249175
0.00268773
0.00263825
0.00247373
0.00219301
0.00171842
0.00111816
6.26501E-4
3.97923E-4
5.41138E-4
0.00112624
0.00196589
0.00266855
0.00294547
0.00285502
0.00267305
0.00258278
0.00263236
0.0027569
0.00291053
0.00321342
0.00377615
0.00453216
0.00525686
0.0057977
0.00621357
0.00668912
0.0073512
0.00807707
0.00860405
0.0087863
0.00871179
0.00846585
0.00794597
0.00721792
0.00659305
0.00623026
0.00605956
0.00606734
0.00645845
0.0073079
0.00815371
0.00837807
0.0078341
0.00694797
0.00631572
0.00620561
0.00643017
0.0065877
0.00654727
0.00645517
0.00633172
0.00602436
0.00546038
0.00482584
0.0042715
0.00365584
0.00286135
0.00209803
0.00162903
0.00139046
0.0011151
7.38248E-4
4.03713E-4
3.04904E-5
-5.90661E-4
-0.001297
-0.00167726
-0.00156341
-0.00125072
-0.00118927
-0.00144033
-0.00167133
-0.00158359
-0.00112953
-4.57744E-4
1.11104E-4
3.49619E-4
3.13636E-4
1.64587E-4
8.27501E-5
1.08939E-4
1.81164E-4
2.69088E-4
2.86461E-4
2.4016E-4
2.21828E-4
2.20781E-4
2.39219E-4
2.69323E-4
2.80091E-4
2.88642E-4
2.62943E-4
2.15715E-4
1.94571E-4
1.76187E-4
1.71219E-4
1.80265E-4
2.59715E-4
4.86396E-4
6.87274E-4
6.30213E-4
3.63694E-4
1.78096E-5
-4.65386E-4
-0.00111593
-0.0017528
-0.00217827
-0.00239384
-0.00250879
-0.00260267
-0.00285161
-0.00345648
-0.00426583
-0.00485469
-0.00491853
-0.00451551
-0.00405082
-0.00377377
-0.003638
-0.00355001
-0.00329352
-0.00266223
-0.00171758
-7.43592E-4
-4.52475E-5
2.32731E-4
2.0142E-4
8.08156E-5
3.12425E-5
8.12879E-5
1.87651E-5
-4.55621E-4
-0.00136224
-0.00240655
-0.00331595
-0.00400602
-0.00455206
-0.00500863
-0.00529804
-0.00538599
-0.00551086
-0.00594562
-0.00661861
-0.00707549
-0.00681999
-0.00600577
-0.0052694
-0.0049963
-0.00511614
-0.00535585
-0.0054682
-0.00539919
-0.00527866
-0.00519783
-0.00515282
-0.00496834
-0.00453117
-0.00399359
-0.00346733
-0.00296427
-0.00257707
-0.00239834
-0.00234893
-0.00221235
-0.00195123
-0.00170947
-0.00164338
-0.00180544
-0.00190763
-0.00168046
-0.00127468
-0.00105214
-0.00121337
-0.00160256
-0.00190704
-0.00190526
-0.00165099
-0.00147076
-0.00145175
-0.00148291
-0.00166325
-0.00202334
-0.00239645
-0.00263389
-0.00266446
-0.00256413
-0.00230971
-0.00162866
-5.96737E-4
3.53935E-4
8.91595E-4
9.06225E-4
5.41615E-4
1.26253E-4
-4.06229E-5
4.56868E-5
2.11318E-4
3.05371E-4
2.88505E-4
1.99102E-4
-2.10347E-5
-5.60213E-4
-0.00142313
-0.00226667
-0.00278723
-0.00312959
-0.00375307
-0.00465038
-0.00526939
-0.00535041
-0.0053547
-0.00590818
-0.00701243
-0.00813861
-0.00890642
-0.00945877
-0.010092
-0.0108338
-0.0116737
-0.0126968
-0.0136752
-0.014248
-0.01432
-0.0141132
-0.0139422
-0.0138865
-0.0139596
-0.0140298
-0.0137834
-0.0130276
-0.0119782
-0.0111725
-0.010846
-0.0107904
-0.0107157
-0.0103132
-0.00941679
-0.00827045
-0.00720981
-0.00635605
-0.00569432
-0.0050422
-0.00417959
-0.00324633
-0.00251051
-0.00205937
-0.00187985
-0.00179447
-0.00166742
-0.00153699
-0.00124392
-6.55172E-4
4.14162E-6
5.06229E-4
8.97011E-4
0.00140392
0.00208882
0.00284118
0.00350542
0.00389563
0.00404997
0.00416136
0.00422955
0.00407453
0.00371513
0.00349112
0.00356046
0.00382204
0.00405103
0.00391233
0.00345185
0.00312011
0.00317795
0.00338981
0.00337899
0.00303042
0.0024006
0.00164301
0.00100398
6.65888E-4
5.67408E-4
5.67161E-4
6.82409E-4
8.25307E-4
8.41002E-4
6.49852E-4
2.86295E-4
-8.01762E-6
-3.17736E-4
-8.78323E-4
-0.00149621
-0.00192613
-0.00207134
-0.00198273
-0.00172073
-0.00122844
-6.12928E-4
-1.06382E-4
1.18004E-4
1.27808E-4
1.98444E-4
3.63227E-4
4.76672E-4
6.05087E-4
9.39384E-4
0.00160375
0.00238117
0.00299106
0.00337361
0.00346161
0.00328782
0.00293633
0.00247407
0.00189457
0.00119876
5.4405E-4
1.00157E-4
-6.63264E-5
-4.56638E-7
1.21135E-4
1.33252E-4
9.00348E-5
2.83634E-5
-2.49271E-5
7.93872E-6
2.14752E-5
-9.91302E-5
-4.52767E-4
-0.00100251
-0.00146292
-0.001757
-0.00207487
-0.00264407
-0.00357762
-0.00455812
-0.00504486
-0.00477754
-0.00398085
-0.0034526
-0.00371008
-0.00440442
-0.00479001
-0.00437024
-0.00332266
-0.00208083
-9.50144E-4
-9.86346E-5
5.04305E-4
0.00104885
0.00166395
0.00221435
0.00252194
0.00258518
0.00249468
0.0023853
0.00217543
0.00172079
0.00103214
3.10071E-4
-5.04933E-5
-3.11072E-5
4.78877E-5
-3.28996E-5
-2.62168E-4
-4.47888E-4
-4.88997E-4
-3.76262E-4
-3.57093E-5
4.82228E-4
0.00100851
0.00151458
0.0020148
0.0024513
0.00288147
0.0034688
0.00418623
0.00486091
0.00530503
0.00543642
0.00534377
0.00522153
0.00520896
0.00529035
0.00540263
0.0054511
0.00552309
0.00573199
0.00606775
0.00665521
0.00736471
0.00765862
0.00723684
0.00632669
0.00544709
0.00489044
0.00453637
0.00427293
0.00403032
0.00373007
0.0034403
0.0033081
0.00333558
0.00335795
0.00326741
0.00302335
0.00266272
0.00241366
0.00269105
0.00364153
0.00479777
0.00552545
0.00561233
0.00533578
0.00508894
0.00498208
0.00475464
0.0041659
0.00335131
0.00266481
0.00229051
0.00221933
0.00233658
0.00242827
0.00234395
0.0020786
0.00179773
0.00169448
0.00162714
0.00127574
6.59541E-4
1.38517E-4
-3.82584E-5
-1.81651E-5
-8.12878E-5
-2.98181E-4
-5.35699E-4
-6.58411E-4
-6.50221E-4
-5.94062E-4
-5.58188E-4
-5.72453E-4
-6.38044E-4
-6.77347E-4
-6.74746E-4
-6.76102E-4
-6.32962E-4
-4.9346E-4
-1.80942E-4
4.18798E-4
0.00119374
0.00185305
0.0022104
0.00225086
0.00211491
0.00201903
0.00203111
0.0021036
0.00220178
0.00235061
0.00259959
0.00286131
0.00312783
0.00358688
0.00425669
0.00491039
0.00547727
0.00614214
0.00698648
0.0078751
0.00852394
0.00882894
0.0091512
0.00976663
0.0104937
0.0109999
0.0111188
0.0109872
0.0108429
0.0108112
0.0108911
0.010986
0.0110289
0.0110263
0.0109956
0.0109668
0.0109062
0.0106617
0.0101258
0.00938356
0.0086619
0.00810619
0.00768668
0.00720253
0.00657196
0.00585091
0.00533421
0.00519855
0.00531709
0.00544876
0.00537442
0.00484684
0.00390122
0.00292056
0.00234162
0.00229388
0.00264874
0.00331335
0.00419758
0.00504408
0.00547235
0.00533205
0.00463358
0.00358209
0.00270325
0.00230615
0.00221394
0.00202205
0.00147292
7.77284E-4
4.08989E-4
5.73007E-4
0.00115904
0.0018962
0.00244778
0.00260073
0.00226738
0.001502
6.59395E-4
1.15469E-4
-1.08625E-4
-2.30462E-4
-4.99964E-4
-0.0010969
-0.00191607
-0.00257915
-0.00292683
-0.0030428
-0.00296163
-0.0029152
-0.00328261
-0.00411189
-0.005096
-0.00579452
-0.00597043
-0.00582349
-0.00573813
-0.00588362
-0.00608253
-0.00618956
-0.00631229
-0.00649289
-0.00661389
-0.00672051
-0.00699896
-0.00745194
-0.00789813
-0.00806082
-0.00774913
-0.00713727
-0.00653402
-0.00600868
-0.00549469
-0.0049281
-0.0043289
-0.00391357
-0.00380023
-0.0038371
-0.00392115
-0.00409816
-0.00455675
-0.00541012
-0.00631057
-0.00681478
-0.00685444
-0.00664486
-0.00645056
-0.00644205
-0.00667306
-0.007028
-0.00730202
-0.00736244
-0.00715502
-0.00677928
-0.00646069
-0.00630847
-0.0061612
-0.00581239
-0.00534051
-0.00493613
-0.00461861
-0.00425832
-0.0038481
-0.00357685
-0.00351261
-0.00354156
-0.00359932
-0.00358218
-0.0032468
-0.00253825
-0.00174262
-0.00120468
-8.96058E-4
-5.79274E-4
-3.0773E-4
-2.48932E-4
-3.25407E-4
-2.37678E-4
2.15283E-4
9.8512E-4
0.00172293
0.00193779
0.00155388
9.67152E-4
6.17488E-4
6.39061E-4
8.53777E-4
0.00102026
9.54389E-4
6.67674E-4
3.26926E-4
3.50467E-5
-9.23432E-5
-1.6808E-5
-1.96854E-5
-4.33383E-4
-0.00113271
-0.00169695
-0.00200781
-0.0023283
-0.00292694
-0.00368433
-0.00427333
-0.0046
-0.00483372
-0.00511616
-0.00526102
-0.00502849
-0.00455354
-0.00413915
-0.00395255
-0.00401889
-0.00429806
-0.00472785
-0.00514616
-0.0053924
-0.00544447
-0.005336
-0.00522979
-0.00536192
-0.00579376
-0.0063014
-0.00659231
-0.00658758
-0.00626557
-0.00571005
-0.00512972
-0.00466284
-0.00443838
-0.0045257
-0.00474431
-0.00477317
-0.00458184
-0.00444631
-0.00449407
-0.00469493
-0.0051036
-0.0058335
-0.00695699
-0.00821674
-0.00902391
-0.0090707
-0.00853482
-0.00779316
-0.0071886
-0.00683042
-0.0065459
-0.00611449
-0.00542629
-0.00447081
-0.00343553
-0.00255706
-0.00187434
-0.00120433
-4.10376E-4
3.54059E-4
8.58672E-4
0.0010657
0.00115057
0.00129084
0.00149584
0.00170489
0.00177877
0.00164462
0.00149191
0.00154562
0.00192589
0.00255707
0.00318082
0.00361603
0.00390837
0.00407129
0.00407188
0.00406193
0.0041448
0.00419184
0.00400388
0.00371227
0.00357686
0.00352779
0.00343945
0.00326317
0.00286825
0.00225195
0.00161855
0.00115351
9.2279E-4
8.56292E-4
8.65561E-4
8.51614E-4
8.38467E-4
0.00100523
0.00135129
0.00172242
0.00195603
0.00197163
0.0018726
0.00180723
0.00176666
0.00167225
0.00150438
0.00126464
8.8765E-4
2.04976E-4
-6.99626E-4
-0.00142696
-0.00170987
-0.00168087
-0.00177172
-0.00228059
-0.0030545
-0.00368428
-0.00398664
-0.00420821
-0.00458342
-0.00484668
-0.00464671
-0.0040061
-0.00324394
-0.00275737
-0.0025534
-0.00225915
-0.00177783
-0.00132349
-0.00107959
-0.00107908
-0.00117513
-0.00122545
-0.00128272
-0.00140437
-0.00143034
-0.00129151
-0.0010846
-9.70791E-4
-0.00105128
-0.0012476
-0.00138454
-0.00126942
-0.00100801
-8.36232E-4
-7.96088E-4
-7.9111E-4
-5.54564E-4
8.83576E-5
8.92348E-4
0.00142562
0.00151244
0.00135816
0.00132771
0.00159961
0.00200602
0.00217603
0.00188198
0.00120381
3.72222E-4
-3.59383E-4
-7.78787E-4
-8.48443E-4
-7.32365E-4
-6.08408E-4
-6.38584E-4
-9.00691E-4
-0.00129573
-0.00164123
-0.00171537
-0.00144297
-9.85129E-4
-5.93153E-4
-4.4276E-4
-5.17338E-4
-6.38516E-4
-6.67754E-4
-6.12752E-4
-5.2942E-4
-4.58633E-4
-3.72588E-4
-2.31349E-4
-4.96394E-5
2.01494E-4
6.05397E-4
0.00103668
0.00116606
9.31399E-4
5.2104E-4
9.99103E-5
-2.09156E-4
-3.53773E-4
-3.54331E-4
-3.07183E-4
-2.87352E-4
-2.91303E-4
-3.08379E-4
-3.12946E-4
-2.90339E-4
-2.60119E-4
-2.2891E-4
-2.01063E-4
-1.83451E-4
-1.68407E-4
-1.51318E-4
-1.17097E-4
6.4786E-6
2.14271E-4
3.74567E-4
4.33712E-4
4.45427E-4
5.24577E-4
8.02528E-4
0.0012516
0.00164043
0.00183953
0.00192907
0.00198918
0.0020957
0.00235894
0.00279311
0.00321201
0.003452
0.00355286
0.00363331
0.0038348
0.0042354
0.00469304
0.00494967
0.00497594
0.0050146
0.00528451
0.00581889
0.00639435
0.00672379
0.00673722
0.00652263
0.00627454
0.00616975
0.00618619
0.00613354
0.00585884
0.00541388
0.00502729
0.0048606
0.00486089
0.0049169
0.00492933
0.00487119
0.00483612
0.00492643
0.00515657
0.00539015
0.00551527
0.00563086
0.0058428
0.00615239
0.00646688
0.00669456
0.0068687
0.00701188
0.00709127
0.00709635
0.00702375
0.00685918
0.00663495
0.00642944
0.00624375
0.00604476
0.00580839
0.00548536
0.00513082
0.00481496
0.0045613
0.00439849
0.00427782
0.00418621
0.00413933
0.00405707
0.0039064
0.00373456
0.00354271
0.00329946
0.0030487
0.00292418
0.00299936
0.00309603
0.0029685
0.00262599
0.00224523
0.00198909
0.00186719
0.00180935
0.00180168
0.00177453
0.00162373
0.00136495
0.0010996
9.08022E-4
7.8383E-4
7.11246E-4
7.15137E-4
7.71692E-4
8.36018E-4
8.52669E-4
8.05602E-4
7.20707E-4
5.78924E-4
3.62013E-4
1.46452E-4
3.50378E-5
2.98512E-5
5.68789E-5
6.71252E-5
5.47943E-5
-1.07619E-5
-1.60397E-4
-3.62583E-4
-5.30794E-4
-5.35983E-4
-3.42824E-4
-1.18735E-4
1.10905E-5
6.91247E-5
8.76145E-5
1.2267E-4
2.10661E-4
3.06149E-4
3.59968E-4
3.58076E-4
3.17874E-4
2.77475E-4
2.54198E-4
2.14216E-4
1.31355E-4
5.81439E-5
2.63493E-5
1.19905E-5
1.36478E-5
4.82789E-5
9.41289E-5
1.10691E-4
9.41008E-5
5.06693E-5
4.46988E-6
-6.50248E-5
-1.92631E-4
-3.59943E-4
-5.05797E-4
-5.69082E-4
-5.71419E-4
-5.94632E-4
-7.11547E-4
-8.57465E-4
-9.22893E-4
-9.40595E-4
-0.0010127
-0.00117997
-0.00137728
-0.00151262
-0.00158503
-0.0016574
-0.00176543
-0.00190218
-0.00204635
-0.00217604
-0.00224673
-0.00224559
-0.00225255
-0.00234115
-0.00250633
-0.00270123
-0.00283741
-0.00285835
-0.00280637
-0.00274209
-0.00269022
-0.00265941
-0.00264579
-0.00262631
-0.0025834
-0.00248384
-0.00228631
-0.00201401
-0.00174561
-0.00158537
-0.00158831
-0.00167656
-0.00173553
-0.0016823
-0.0015264
-0.00135448
-0.00120721
-0.00109923
-0.00103107
-9.87078E-4
-9.46905E-4
-8.90457E-4
-8.14471E-4
-7.44119E-4
-6.9308E-4
-6.75299E-4
-7.20009E-4
-7.85558E-4
-8.26919E-4
-8.64721E-4
-8.94903E-4
-9.12067E-4
-9.73522E-4
-0.00110709
-0.00126018
-0.00134458
-0.00130533
-0.00117501
-0.00103428
-9.25719E-4
-8.53474E-4
-8.18114E-4
-8.05604E-4
-7.99951E-4
-7.93691E-4
-7.83655E-4
-7.52221E-4
-7.02596E-4
-6.55859E-4
-6.14354E-4
-5.97857E-4
-6.07757E-4
-6.25E-4
-6.43514E-4
-6.49031E-4
-6.4981E-4
-6.56909E-4
-6.42824E-4
