0.00502306
0.00162915
0.00237553
0.00330173
0.00214978
4.63957E-4
1.43179E-4
-8.88479E-4
-0.00317802
-0.00207903
-9.65362E-4
-0.00238821
-0.0028996
-0.00230408
-0.00203639
-0.00118281
-4.33811E-4
-4.54209E-4
2.32294E-4
0.00129535
0.00194625
0.00180054
0.0019595
0.00332563
0.00446929
0.00380287
0.00420897
0.00491108
0.003737
0.00347266
0.0037836
0.00421072
0.00543772
0.00585229
0.00367025
0.00288887
0.00476102
0.00490835
0.00472
0.00605513
0.00549631
0.00410242
0.005216
0.00486323
0.00377136
0.00465095
0.00421964
0.0030526
0.00230059
3.96738E-4
-0.00116028
-0.00226255
-0.0031599
-0.0048298
-0.00637883
-0.00597701
-0.00667087
-0.00681311
-0.00660397
-0.00684831
-0.00650106
-0.00665473
-0.00628708
-0.00616208
-0.00592509
-0.00545289
-0.00553903
-0.00549044
-0.00507637
-0.00407295
-0.0038224
-0.00352543
-0.00246591
-0.00223596
-0.00191665
-7.10119E-4
6.86147E-5
-9.44784E-5
-2.82418E-5
9.91179E-4
0.00176429
0.00132645
0.00168176
0.00263133
0.00218298
0.00254533
0.00357619
0.00368976
0.00389565
0.0032945
0.00296693
0.00310314
0.0021756
0.00103083
6.48774E-4
0.0013422
2.0683E-4
1.74033E-4
0.00176808
-7.80584E-5
7.91406E-4
0.00118142
-6.79208E-4
5.37536E-4
-0.00170402
-0.00335668
-0.0045279
-0.00795077
-0.00828385
-0.00942865
-0.010226
-0.00965795
-0.0104455
-0.0103139
-0.00977501
-0.00942357
-0.00765719
-0.00601607
-0.00479824
-0.00301136
-0.0016186
3.68775E-4
0.00186439
0.00192145
0.00272434
0.0030409
0.00293844
0.0020415
0.00140843
0.00293124
0.00384164
0.00414197
0.00451789
0.00511872
0.00430134
0.0030168
0.00300308
0.00395968
0.00413017
0.0041239
0.00618119
0.00700611
0.00556408
0.00553333
0.00750453
0.00703181
0.00667751
0.00760361
0.00691435
0.00636502
0.00627868
0.00570345
0.00391891
0.00292313
0.00161197
-8.03341E-4
-0.00178575
-0.00425278
-0.00624948
-0.00608572
-0.00591605
-0.00581328
-0.0065819
-0.0055386
-0.00435667
-0.00409765
-0.00248987
-0.00115638
-0.00124507
-8.11209E-4
0.00175781
0.00218208
0.00221916
0.00445801
0.00452099
0.00566395
0.00851959
0.00716488
0.00537718
0.00701239
0.00730181
0.0062171
0.00577885
0.00475962
0.00287155
0.001974
0.00165448
6.9907E-4
-5.67739E-4
-0.00328145
-0.0037608
-0.00287896
-0.0031745
-0.00261284
-0.0016647
-2.73568E-4
-1.23108E-5
1.09605E-4
9.63439E-4
9.64579E-5
-3.59816E-4
-5.77797E-5
-9.90878E-4
-0.00277266
-0.00386901
-0.00442608
-0.00632231
-0.00853188
-0.0103077
-0.0101312
-0.00962884
-0.0107372
-0.011437
-0.0110923
-0.0112535
-0.0121675
-0.011221
-0.0100823
-0.0101305
-0.00915641
-0.00692746
-0.00567127
-0.00512144
-0.00429682
-0.00440275
-0.00439219
-0.00285346
-0.00315676
-0.00373392
-0.00257301
-0.00271892
-0.00179362
-4.18231E-4
-4.97201E-5
-7.79714E-4
-0.00226373
-0.00247441
-0.00236236
-0.00192248
-0.00195803
-0.00296206
-0.00284307
-0.00206884
-0.00276616
-0.00236147
-0.00101798
-0.00180118
-8.65563E-4
-3.39719E-4
-0.00109681
-0.00101709
-8.70069E-4
2.21355E-4
7.20863E-4
0.00171315
0.00321301
0.00327386
0.00412664
0.00474471
0.00409451
0.00518638
0.00521519
0.00404684
0.00394132
0.00250348
0.00123792
0.00156887
-8.50855E-4
-0.00389343
-0.00328443
-0.00348083
-0.00319263
-0.00263269
-0.00403422
-0.00320378
-0.00307694
-0.00294449
-3.12396E-4
1.66907E-4
6.15514E-5
0.00226508
0.0044564
0.00572238
0.00633311
0.00668547
0.00661647
0.00733767
0.00869147
0.00857269
0.0066527
0.00572129
0.00603051
0.00533656
0.00480061
0.00352841
0.00427807
0.00662525
0.00683206
0.0071426
0.00812369
0.00915171
0.00970929
0.00967121
0.0101969
0.0108518
0.00851061
0.00555695
0.00603672
0.00632829
0.00533762
0.00501781
0.00330906
0.00123892
0.00118522
-6.65905E-4
-0.002616
-0.00180137
-0.00196981
-0.00323435
-0.00299276
-0.00172484
-0.00216267
-8.73312E-4
0.00101034
7.47317E-4
0.00215175
0.00341457
0.00422828
0.0051956
0.0037746
0.00333687
0.00420617
0.00320398
8.31916E-4
-0.00217671
-0.00384027
-0.00411867
-0.00450071
-0.00496985
-0.00452466
-0.00447463
-0.00488083
-0.00467096
-0.0046965
-0.00401631
-0.00368026
-0.00318214
-0.00240902
-0.00341734
-0.00372103
-0.00480483
-0.00658671
-0.00668702
-0.00738535
-0.00774229
-0.00660677
-0.00569769
-0.00542274
-0.00559771
-0.00502727
-0.0042261
-0.00478388
-0.00490041
-0.00577234
-0.00750394
-0.00802122
-0.00891601
-0.010318
-0.0117665
-0.0127355
-0.0122776
-0.011482
-0.0105396
-0.00963255
-0.00702496
-0.00547369
-0.00547577
-0.00439257
-0.0051313
-0.00474088
-0.00406008
-0.00550984
-0.00480884
-0.00464956
-0.00640257
-0.00617689
-0.00336642
-0.00101536
-0.00122665
0.00137115
0.0040275
0.00352408
0.00328557
0.00314578
0.00382251
0.00404514
0.00345982
0.00338022
0.00343628
0.00261422
0.00283154
0.00477021
0.0049297
0.00488682
0.00575174
0.00640786
0.0061672
0.00685964
0.00918561
0.0104148
0.0107442
0.0100865
0.0102984
0.00991532
0.0093297
0.00938953
0.00773515
0.0082598
0.00861768
0.00769127
0.0102674
0.0110436
0.00986997
0.0110792
0.011376
0.0112985
0.0113351
0.011481
0.0118094
0.0104425
0.0105394
0.0115002
0.010319
0.0101114
0.00948832
0.00775683
0.00834717
0.00909397
0.00794409
0.00621045
0.00546204
0.00542579
0.0047603
0.0056494
0.00715416
0.00622807
0.00540162
0.00616189
0.00566297
0.00378929
0.00389717
0.00419171
0.00319646
0.00314736
0.00372005
0.00260382
4.43994E-4
-8.76904E-4
-0.00304567
-0.00553909
-0.00626548
-0.00698869
-0.00876527
-0.0088211
-0.00881818
-0.00969328
-0.00864904
-0.00739468
-0.00719623
-0.00758254
-0.00733727
-0.00769604
-0.00950413
-0.0101397
-0.010814
-0.0123563
-0.0138251
-0.0131601
-0.0122085
-0.0127971
-0.0127634
-0.0129063
-0.011516
-0.00974608
-0.00820082
-0.00734151
-0.00786899
-0.007266
-0.00725594
-0.00802771
-0.00870768
-0.00909562
-0.0093274
-0.0105291
-0.0120948
-0.0143899
-0.0152957
-0.0147816
-0.0136882
-0.0117656
-0.0118747
-0.0112016
-0.00984757
-0.00960739
-0.00719034
-0.00468586
-0.00558054
-0.00518666
-0.00109731
0.00161932
0.00209471
0.00298697
0.00267706
0.00170588
0.00238934
0.003011
0.00294599
0.00334956
0.00448591
0.00480493
0.00488721
0.00623398
0.00693438
0.00701258
0.00820206
0.00919245
0.00846199
0.00817207
0.00813378
0.00569942
0.0048435
0.00710225
0.00659232
0.00571774
0.00597933
0.0041692
0.00417243
0.00536732
0.00524438
0.00497802
0.0055348
0.00546102
0.0048598
0.00509304
0.00594042
0.00682095
0.00847699
0.0100042
0.00935075
0.00915549
0.00832344
0.00801485
0.00814212
0.00676722
0.00699465
0.00717464
0.00689278
0.00734675
0.00724267
0.00793287
0.00920682
0.00880297
0.00891728
0.00963185
0.00909826
0.00938912
0.00956647
0.00880276
0.00856027
0.00742232
0.00579192
0.00493376
0.00363721
1.0574E-4
-0.00325072
-0.00467916
-0.00665585
-0.00860939
-0.00971694
-0.00982734
-0.00956197
-0.00893266
-0.00752214
-0.00609305
-0.0053241
-0.00468337
-0.00426184
-0.00473209
-0.0049907
-0.00594933
-0.00658727
-0.00717962
-0.00853686
-0.00812736
-0.00712076
-0.00750411
-0.00727883
-0.00568082
-0.00422022
-0.00424024
-0.00353749
-0.00161932
-0.00209936
-0.00258349
-0.00167623
-0.00268147
-0.00544173
-0.00514433
-0.00366648
-0.00475985
-0.00490432
-0.00463752
-0.00505912
-0.00562647
-0.00512099
-0.0050735
-0.00654498
-0.00650666
-0.00838268
-0.0108344
-0.011935
-0.0139495
-0.0148002
-0.0141199
-0.0145545
-0.014629
-0.0134937
-0.0123983
-0.0104267
-0.0103492
-0.00911726
-0.00417865
-0.00302333
-0.00519178
-0.00447547
-0.00498999
-0.00765283
-0.00746794
-0.00675744
-0.00685365
-0.00682441
-0.00558188
-0.00432425
-0.00373493
-0.00230818
-0.00189317
-0.0014849
-5.12157E-4
2.06748E-4
-1.91353E-5
-3.072E-4
0.00194041
0.00372089
0.00330858
0.00439729
0.00632241
0.00691214
0.0072126
0.00866873
0.0102896
0.0095682
0.00855225
0.00813392
0.00687633
0.00590903
0.00544623
0.00408776
0.0035098
0.00440319
0.00420793
0.00444943
0.00408608
0.00398425
0.00493955
0.00508906
0.00717748
0.0080321
0.00895069
0.0111305
0.0109571
0.0107969
0.012436
0.0124401
0.0118025
0.0138272
0.0135201
0.012496
0.0129244
0.0126194
0.0121135
0.0117187
0.0122827
0.0122602
0.0112188
0.0108169
0.0105323
0.00885679
0.00922253
0.010521
0.00835149
0.00663684
0.00627532
0.00571776
0.00468529
0.00499504
0.00461087
7.65945E-4
6.4731E-4
0.00193217
0.00118601
0.00104501
1.04335E-4
6.367E-4
-3.06513E-4
-0.00141728
-7.48118E-4
-0.00191847
-0.00137636
-0.0017593
-0.00286756
-0.00240645
-0.00313588
-0.00367895
-0.00312094
-0.00241727
-0.00228898
-5.50656E-4
0.00144967
0.00170699
0.00329612
0.00406364
0.00520122
0.00682554
0.00440821
0.00235278
0.00185958
-2.08255E-5
-0.00192855
-0.00299305
-0.00444831
-0.00646702
-0.00734262
-0.00691771
-0.00771222
-0.00783556
-0.00685711
-0.00725034
-0.00674364
-0.00714636
-0.00814425
-0.00907024
-0.0111464
-0.0114942
-0.0119645
-0.0127774
-0.0117779
-0.011376
-0.0125388
-0.0130631
-0.0111262
-0.0102949
-0.010071
-0.00877772
-0.00907845
-0.00906685
-0.00940837
-0.00923714
-0.00810915
-0.00716047
-0.00489702
-0.00282838
-0.00215878
-0.00183282
-4.72641E-4
3.01961E-4
9.2853E-4
0.00301514
0.00550503
0.00646411
0.0078471
0.00977937
0.0101648
0.0109011
0.0113376
0.0121434
0.0127279
0.0124932
0.0121903
0.0104409
0.00855472
0.00609802
0.00287653
9.16941E-4
-3.36074E-4
-0.00122986
-0.00193502
-0.00268219
-0.00355483
-0.00336922
-0.002796
-0.00304542
-0.00162407
9.2943E-4
0.00187335
0.00360263
0.00676155
0.00694104
0.00677027
0.00959534
0.0118388
0.0130424
0.0126527
0.0117071
0.0127159
0.0125088
0.0116877
0.0111154
0.00976198
0.00958131
0.00966523
0.00893183
0.00908021
0.0103411
0.0105512
0.010016
0.00977728
0.00938303
0.00864065
0.00791326
0.00794414
0.00797206
0.008465
0.00840347
0.00571422
0.00370673
0.00277402
0.00155795
0.00100943
-4.36374E-4
-0.00198428
-0.00349044
-0.00564715
-0.00690534
-0.00856195
-0.0101855
-0.0107612
-0.0117323
-0.011411
-0.0114773
-0.0123801
-0.0118731
-0.0110613
-0.00971732
-0.00837645
-0.00724693
-0.00560598
-0.00488649
-0.00505369
-0.00585248
-0.0064439
-0.00562639
-0.00647414
-0.00700497
-0.00582353
-0.00553387
-0.00508622
-0.00505289
-0.00534045
-0.00472358
-0.00463945
-0.0050233
-0.00413562
-0.0040619
-0.00418055
-0.00337324
-0.00366009
-0.00396468
-0.00456508
-0.00483642
-0.00557758
-0.00799796
-0.00905817
-0.00942519
-0.0114843
-0.0116628
-0.00959938
-0.0101073
-0.0104746
-0.00967329
-0.00926103
-0.00844587
-0.00873843
-0.00854221
-0.00760791
-0.00684212
-0.00526593
-0.00423841
-0.00330401
-0.00133217
-6.8503E-4
1.75552E-4
0.00259313
0.00330293
0.00377333
0.00486828
0.00468812
0.00225407
0.00266175
0.00431616
0.00220148
0.00156385
0.00120469
0.00120925
0.00187193
0.00315721
0.00632316
0.00744922
0.00866493
0.0117322
0.011981
0.0112221
0.0115108
0.0106906
0.00950212
0.00739111
0.0058213
0.00421703
0.00168577
0.00109446
0.00118328
0.0019916
0.003502
0.00384153
0.00283232
0.00198081
0.002155
0.00261908
0.00346913
0.00372329
0.00322153
0.00237552
0.00163334
0.00193688
0.00151498
8.10202E-4
0.00152177
0.00204185
0.0030042
0.00498818
0.00650235
0.00707485
0.00939768
0.0115315
0.0112122
0.0122261
0.0130472
0.0124412
0.0120475
0.0112733
0.0104195
0.00954651
0.00882514
0.00720189
0.00537709
0.00488105
0.00382818
0.00305857
0.00308436
0.00274804
0.00141468
2.97084E-4
1.53651E-4
-0.00152768
-0.00349364
-0.00410434
-0.00451624
-0.00484878
-0.00499415
-0.00473631
-0.00566718
-0.00659296
-0.00616509
-0.00558871
-0.00478048
-0.00489035
-0.00460232
-0.00444751
-0.00606708
-0.0061586
-0.00563199
-0.00652186
-0.0077928
-0.00884628
-0.00913802
-0.00958031
-0.00921466
-0.00720742
-0.00563429
-0.00451639
-0.00302436
-0.00145327
-0.00100043
-8.51216E-4
8.05824E-5
-6.01743E-4
-0.00148213
-0.00180039
-0.00311693
-0.00281972
-0.00188654
-0.00356548
-0.00456632
-0.00499107
-0.0059147
-0.0057656
-0.00643015
-0.00744547
-0.0083128
-0.00961403
-0.0101411
-0.0109599
-0.0127102
-0.0129979
-0.0131764
-0.0139852
-0.0135905
-0.012643
-0.0113252
-0.00898978
-0.00739136
-0.00612056
-0.00405436
-0.00180365
-8.26467E-4
-0.00116088
-9.90144E-4
-0.00106361
-6.86028E-4
-5.09719E-4
-1.53656E-4
-1.09559E-4
-0.00188317
-0.00248499
-0.00282987
-0.00361448
-0.00403657
-0.00433453
-0.00473164
-0.00494596
-0.00348187
-0.00174646
-9.96031E-4
0.00100908
0.00368988
0.00478218
0.00629625
0.00741222
0.00774768
0.00937038
0.00978336
0.00922825
0.0102156
0.0106032
0.00992915
0.00955999
0.00828507
0.00794968
0.00872445
0.00863774
0.0082697
0.00776805
0.00607269
0.00487407
0.00527858
0.00394216
0.00397295
0.00594907
0.00624465
0.00646006
0.00811734
0.00933836
0.00922686
0.0105182
0.0121042
0.0128968
0.0130375
0.0141911
0.0161271
0.0150387
0.0145664
0.0144287
0.012251
0.0118277
0.0135382
0.0137269
0.0133648
0.0143123
0.0135391
0.0124804
0.0116603
0.011343
0.0109452
0.00972375
0.0100801
0.00920025
0.0071689
0.00508268
0.00371719
0.00308977
0.00202865
0.00212849
0.001579
6.26551E-5
-5.5711E-4
-0.00109019
-0.00166865
-0.00198996
-0.00307903
-0.00335506
-0.002229
-0.0022688
-0.00168395
-0.00111348
-0.00247723
-0.00288311
-0.00412691
-0.00654321
-0.00764696
-0.00910313
-0.010771
-0.0117646
-0.0120593
-0.0112372
-0.0118319
-0.0132589
-0.0136159
-0.0136323
-0.0142116
-0.0143565
-0.0138027
-0.0140464
-0.0142056
-0.0140485
-0.0134447
-0.013715
-0.0138762
-0.0135233
-0.0123819
-0.0115374
-0.0120535
-0.010955
-0.00982495
-0.00960862
-0.00972635
-0.00994485
-0.0101134
-0.00962
-0.00810706
-0.0079656
-0.00862922
-0.00795716
-0.00819912
-0.00868588
-0.00731196
-0.00768539
-0.00841777
-0.00717889
-0.00758783
-0.00962356
-0.00951882
-0.00917672
-0.0104147
-0.0103964
-0.00917851
-0.00903205
-0.00927472
-0.00778156
-0.00651412
-0.00661063
-0.00578669
-0.00314592
-0.0022414
-0.00163584
0.00104929
0.00281265
0.00452185
0.00510365
0.00432853
0.00433902
0.00447977
0.00504881
0.0058393
0.00729003
0.00881818
0.00835457
0.00850073
0.00942014
0.00963361
0.00993735
0.0105296
0.0118321
0.0133498
0.0145167
0.0148941
0.0161507
0.0158365
0.0151704
0.0181121
0.0194055
0.019025
0.0197033
0.0198532
0.0193605
0.018826
0.0173368
0.0156089
0.013982
0.0119532
0.0106996
0.0106639
0.0107598
0.0100262
0.00922913
0.00937049
0.00879907
0.00757373
0.00773834
0.00784502
0.00607164
0.00501113
0.00565494
0.0048479
0.00417775
0.00369731
0.00308795
0.00367077
0.00467678
0.00420175
0.00370887
0.0044301
0.00290906
0.0014889
0.00189414
0.00201754
0.0011236
-9.91392E-4
-0.00234534
-0.00263616
-0.00385987
-0.00400778
-0.00304838
-0.00284297
-0.0028744
-0.00239674
-0.00244092
-0.00407865
-0.00377868
-0.00288395
-0.00410827
-0.00387827
-0.00312369
-0.00329934
-0.00341686
-0.00327203
-0.00173297
-0.0015657
-8.92219E-4
6.2357E-4
-1.25663E-4
-0.00101998
-0.00157862
-0.00159424
-0.00272482
-0.0044675
-0.00499883
-0.00614389
-0.00690738
-0.00746778
-0.00839916
-0.00798301
-0.0079665
-0.00767275
-0.00690807
-0.00693062
-0.00686668
-0.00711884
-0.00737232
-0.00730929
-0.00766467
-0.00851323
-0.00886269
-0.00823612
-0.00760006
-0.00806458
-0.00759141
-0.00695515
-0.00823944
-0.00795855
-0.00727801
-0.00748386
-0.00629241
-0.00566084
-0.00564678
-0.00450174
-0.00376051
-0.00390557
-0.00382551
-0.00145902
0.00157791
0.00287116
0.00447204
0.00578568
0.00535044
0.0058541
0.0073949
0.00659643
0.0062079
0.00740364
0.00655468
0.00547031
0.00454832
0.00271975
0.0013763
-0.0010659
-0.00253859
-0.00274892
-0.00427547
-0.00521949
-0.00562373
-0.00641189
-0.00550992
-0.00392108
-0.00396872
-0.00458359
-0.0053485
-0.00594031
-0.00551794
-0.00523398
-0.0056474
-0.00665997
-0.00750199
-0.00782554
-0.00920307
-0.00928763
-0.00759455
-0.00651683
-0.00602795
-0.00481988
-0.00363444
-0.00285058
-9.33515E-4
2.53407E-4
0.0014392
0.0039744
0.00604131
0.00724113
0.00774704
0.00857853
0.010163
0.0101848
0.0104622
0.0114588
0.0107723
0.0103429
0.0106356
0.0106193
0.0090713
0.00740777
0.00643651
0.00551912
0.00561896
0.00614619
0.00693596
0.00706753
0.00652458
0.00560177
0.00557024
0.00579698
0.00505574
0.0053297
0.0044483
0.00317513
0.0026896
0.00191796
0.00139775
0.00112877
2.00423E-4
9.50965E-5
0.00165363
0.00184691
7.62075E-4
6.44531E-4
1.30491E-4
-0.00263542
-0.00325539
-0.00249519
-0.00246185
-0.00143462
-6.83345E-4
0.0013521
0.00348134
0.00505152
0.0064431
0.00619686
0.0066225
0.00727631
0.00640858
0.00572772
0.00652576
0.00737031
0.00734429
0.00685978
0.00627042
0.00590198
0.00490727
0.00293376
0.00144333
0.00132561
4.68374E-4
-0.0010611
-0.00102888
-0.00101209
-0.00103176
-0.00121149
-0.00192122
-0.00204485
-0.00289636
-0.00372563
-0.00323552
-0.00358366
-0.00326512
-0.0015191
-9.91634E-4
-0.00194221
-0.00346692
-0.00353822
-0.00400488
-0.00613883
-0.00736896
-0.00838703
-0.010027
-0.0112085
-0.0109698
-0.0100005
-0.0100324
-0.00934365
-0.00793351
-0.00727317
-0.00673982
-0.00575338
-0.00426093
-0.00387813
-0.00366619
-0.00322474
-0.00274871
-0.00289938
-0.00335328
-0.00326904
-0.00373754
-0.00312361
-0.00236412
-0.00107873
-3.38054E-4
-5.59842E-4
0.00140515
0.00265872
0.00264484
0.00437761
0.0054437
0.0048575
0.00561739
0.00656874
0.00599845
0.00580015
0.00647671
0.00478554
0.00293392
0.003193
0.00180599
-4.62273E-4
-9.04207E-4
-7.1171E-4
-0.00171977
-0.00178751
-8.94122E-4
-0.00166401
-0.00223511
-0.0023665
-0.00239313
-0.00176165
-0.00171433
-0.00162519
-0.00123291
-0.00114948
-1.46289E-4
5.40877E-4
3.35859E-4
5.14218E-4
1.22948E-4
-6.33022E-4
-0.00164791
-0.00217393
-0.0025491
-0.00450179
-0.00480688
-0.00503129
-0.00785099
-0.00747859
-0.00577632
-0.00568524
-0.00440515
-0.0034946
-0.00289628
-0.00232427
-0.00129184
8.43814E-5
8.85889E-4
0.00294389
0.00365421
0.0026646
0.00278975
0.00282452
0.00181206
3.41318E-4
-3.84776E-4
-1.99868E-4
-0.00104499
-0.00213374
-0.00269638
-0.00339947
-0.00272944
-0.00246609
-0.00405597
-0.00646736
-0.00698818
-0.00652949
-0.00763334
-0.00667241
-0.00609989
-0.00668517
-0.00565906
-0.00552004
-0.00609564
-0.00600721
-0.0055524
-0.0048384
-0.00377282
-0.00405261
-0.00343154
-0.00210922
-0.00366432
-0.00414709
-0.00373798
-0.00501523
-0.0057378
-0.00553524
-0.00587154
-0.00495905
-0.00257104
-0.00224169
-0.00135266
6.59201E-4
0.00195253
0.00276588
0.00438481
0.0067206
0.00630791
0.00665123
0.00809789
0.00870397
0.00916072
0.0080739
0.00725575
0.00670219
0.00512761
0.00430069
0.00327558
0.00304516
0.00375171
0.00269855
0.00289704
0.00479984
0.00425658
0.00237794
0.00308173
0.00409928
0.00444801
0.00448054
0.00459039
0.00544218
0.00512771
0.00515351
0.00578243
0.00544879
0.00602365
0.00756854
0.00727253
0.00742001
0.00844174
0.00870734
0.00902486
0.00921682
0.00928597
0.00915061
0.00982187
0.00908297
0.00723881
0.00796137
0.00962029
0.0100632
0.00985324
0.00990077
0.00951786
0.00974388
0.00864371
0.00759585
0.00862533
0.00841429
0.00736052
0.00662305
0.00690946
0.00635988
0.00584304
0.00503102
0.0035057
0.00330935
0.00145314
-1.10593E-4
7.2166E-4
2.27148E-4
-4.00372E-4
0.00148657
0.00191068
-0.00142625
-0.00314292
-0.00362681
-0.00509419
-0.00578953
-0.00657902
-0.00672345
-0.00713442
-0.00857415
-0.00805569
-0.00783691
-0.00867423
-0.00796646
-0.00829062
-0.0102726
-0.00936816
-0.00910439
-0.0115598
-0.0112528
-0.0103889
-0.0104389
-0.010064
-0.00876895
-0.00777292
-0.00846183
-0.00788432
-0.00694674
-0.00844013
-0.00871624
-0.00729039
-0.00674857
-0.00741872
-0.00780316
-0.00820729
-0.011003
-0.0117854
-0.0116579
-0.0132501
-0.0142772
-0.0143293
-0.0147597
-0.0150463
-0.0142273
-0.0140039
-0.0136806
-0.012837
-0.0116589
-0.0109786
-0.0101988
-0.00829203
-0.00831509
-0.00957214
-0.00958122
-0.00993292
-0.0107777
-0.0114376
-0.0117702
-0.0112908
-0.0112153
-0.0119354
-0.0114621
-0.00993674
-0.00758717
-0.00615397
-0.00531187
-0.0034723
-0.00272883
-0.00283634
-0.00267804
-0.00230024
-0.00117845
-6.90605E-4
-6.6717E-4
-7.57026E-4
-0.00230465
-0.00160728
5.93543E-4
0.00105553
0.00101301
6.51761E-4
0.00106459
0.00107091
0.00144963
0.0042022
0.00483388
0.00474636
0.00679564
0.00761878
0.00772179
0.008314
0.0084569
0.00888081
0.00994415
0.0103004
0.0107462
0.0105656
0.0102015
0.0108869
0.0110226
0.0111419
0.00996819
0.00787004
0.00719715
0.00724365
0.00594397
0.00689807
0.00914788
0.00658931
0.00741336
0.0117661
0.0111765
0.0108818
0.013445
0.0140988
0.0121741
0.0134736
0.0150423
0.0123934
0.0125729
0.0134766
0.0123526
0.0127687
0.0136041
0.0131461
0.0139223
0.01523
0.0158063
0.0159083
0.0144976
0.0140172
0.012581
0.0107317
0.0114386
0.0117548
0.0111112
0.0119812
0.0131287
0.0126391
0.014314
0.015541
0.0159786
0.0175331
0.0160949
0.0157042
0.0152625
0.0126605
0.0107001
0.0092024
0.00803582
0.0064384
0.00639973
0.00606201
0.0049092
0.0054909
0.00498947
0.00359054
0.00205829
0.00118629
-6.26898E-4
-0.00335262
-0.00438996
-0.00604063
-0.00713489
-0.0076454
-0.00846895
-0.00817979
-0.00871223
-0.00888002
-0.00820774
-0.00906006
-0.00992359
-0.010924
-0.012097
-0.0141003
-0.0159047
-0.0154549
-0.015257
-0.0158894
-0.0173276
-0.0177774
-0.0182864
-0.0202377
-0.0210302
-0.022347
-0.0232916
-0.0238679
-0.0238158
-0.0238026
-0.0253285
-0.0233283
-0.0223736
-0.0237087
-0.0210884
-0.0188148
-0.0183915
-0.0171226
-0.0161822
-0.0157099
-0.0142391
-0.0132772
-0.0139209
-0.014641
-0.0146226
-0.0134211
-0.0132517
-0.0137852
-0.0134619
-0.0143115
-0.0154468
-0.0153846
-0.0154488
-0.0155855
-0.0158558
-0.0157018
-0.0142544
-0.0127703
-0.0103958
-0.00911792
-0.0076429
-0.00459413
-0.00392521
-0.00214297
-7.33578E-4
-0.00139399
0.00106207
0.00308758
0.00244773
0.00342336
0.00427485
0.00434003
0.00501578
0.00473874
0.00526741
0.00706515
0.00709391
0.00600333
0.00830475
0.00991605
0.00964584
0.012443
0.0141841
0.0138455
0.0161201
0.0189128
0.018817
0.0199277
0.0219963
0.02203
0.0221728
0.0242811
0.0250216
0.024938
0.0260773
0.0256683
0.0250318
0.0251328
0.025248
0.0243525
0.023564
0.0226807
0.0218127
0.0210976
0.0188659
0.0172971
0.0169748
0.0143921
0.0120145
0.0117055
0.0105957
0.010864
0.0110251
0.0112883
0.0110476
0.00799776
0.00729223
0.00874011
0.00882987
0.00922236
0.00957039
0.00837525
0.0069905
0.00498824
0.0030484
0.00263724
0.00108898
-2.9949E-4
-5.20118E-4
-0.00235037
-0.0041368
-0.00439465
-0.00450073
-0.00607796
-0.00731094
-0.00660031
-0.00643405
-0.00690815
-0.00563458
-0.00442649
-0.00255459
0.00190444
0.00191607
0.00133334
0.00239322
0.00164148
0.00201562
9.0869E-4
-3.49634E-4
-5.78871E-4
-0.00231847
-0.00480635
-0.00663032
-0.00739104
-0.00943063
-0.0127766
-0.0138548
-0.0156877
-0.0178348
-0.019528
-0.0212732
-0.0215793
-0.0220903
-0.0225074
-0.0218261
-0.0211182
-0.0207214
-0.0185876
-0.0187365
-0.0197055
-0.0177553
-0.018147
-0.0191404
-0.0186978
-0.019526
-0.0196443
-0.0183887
-0.0189354
-0.0201533
-0.0188895
-0.0174462
-0.0170107
-0.0150656
-0.0128317
-0.0113844
-0.00890272
-0.00631457
-0.00496113
-0.00417094
-0.00288819
-0.00180637
-0.00132188
-5.24236E-4
1.4168E-4
-3.52705E-4
2.89956E-4
2.22941E-4
-0.00143265
-0.00108932
-4.12002E-4
-1.10225E-5
-2.49191E-4
-1.48099E-4
2.78648E-4
-4.58058E-4
-4.4739E-4
-2.5304E-4
-4.21636E-4
-8.82351E-4
-0.0011135
-6.06646E-4
4.83458E-4
0.0012072
1.25284E-4
8.37651E-4
7.6422E-4
-0.00149784
-5.48357E-4
0.00109041
0.00192385
0.00294803
0.0029927
0.00428392
0.00541479
0.00569611
0.00689461
0.00796489
0.00935322
0.0103824
0.0114871
0.0128386
0.0138687
0.0140146
0.0139973
0.0158761
0.0171756
0.0183925
0.0193125
0.0182242
0.0197786
0.0221022
0.0219573
0.02204
0.0219522
0.0204284
0.0211362
0.0212943
0.0193512
0.0210659
0.0221379
0.0206885
0.0208425
0.0215677
0.0208833
0.0204171
0.0204426
0.0195848
0.0188688
0.0188392
0.0187178
0.0184975
0.0192951
0.0202672
0.0195308
0.0192533
0.0192146
0.0168247
0.0143685
0.0137708
0.0138167
0.0114717
0.00967736
0.0104966
0.00933546
0.00791786
0.00711634
0.00610308
0.00467365
0.00288396
0.0024223
-1.01666E-4
-0.0035294
-0.00465823
-0.00679788
-0.00843448
-0.00961104
-0.012943
-0.0135703
-0.0142547
-0.0166751
-0.0160591
-0.0158612
-0.01682
-0.0170699
-0.0171229
-0.0178502
-0.0188743
-0.0191507
-0.0203859
-0.0220852
-0.0231216
-0.0249626
-0.0264355
-0.0261785
-0.0272087
-0.0278625
-0.0270455
-0.0275055
-0.0277554
-0.0268547
-0.0270108
-0.0276351
-0.0259368
-0.0257205
-0.0286091
-0.0295292
-0.0294935
-0.0294466
-0.0283949
-0.0285653
-0.0292844
-0.0300892
-0.0306787
-0.0302595
-0.0301116
-0.0307573
-0.031508
-0.0316263
-0.0318466
-0.0330176
-0.0332726
-0.0331879
-0.034926
-0.0360888
-0.0364223
-0.0372312
-0.0372292
-0.0364876
-0.0362418
-0.0356635
-0.0329625
-0.0302075
-0.0293884
-0.0278207
-0.0252044
-0.0220403
-0.0195883
-0.0188926
-0.016616
-0.0147789
-0.0140425
-0.0132602
-0.0118128
-0.00904706
-0.00812406
-0.00743505
-0.00470838
-0.00273244
-7.08564E-4
0.00228739
0.00368959
0.00569725
0.0072094
0.00912333
0.0123153
0.0115779
0.0105987
0.0129702
0.0131079
0.0132609
0.0151091
0.0159159
0.0183976
0.0196624
0.0200551
0.0202785
0.0214494
0.0233058
0.0230947
0.0242004
0.0250245
0.0248573
0.0247124
0.0242014
0.0232089
0.0227561
0.023976
0.0241065
0.0240882
0.0270237
0.0270125
0.0241137
0.0277194
0.0305672
0.0292147
0.0308906
0.032444
0.0332845
0.0352806
0.037083
0.0374788
0.0379133
0.0394229
0.0402195
0.0410926
0.0413486
0.0410957
0.041724
0.0417505
0.0403541
0.0388721
0.0378847
0.0361619
0.0341383
0.0320075
0.0295166
0.027241
0.0257794
0.0242484
0.0218983
0.0203693
0.0189535
0.0165229
0.0157507
0.0153805
0.01398
0.0130722
0.0129753
0.0127458
0.0122113
0.0131446
0.0135047
0.0138046
0.0142381
0.0145441
0.0150694
0.0150867
0.0156651
0.0155406
0.0154489
0.0179509
0.0182283
0.0158273
0.0162689
0.0155896
0.0147634
0.0138281
0.0137791
0.0143014
0.0121288
0.0127091
0.0115667
0.00935579
0.00892954
0.00723338
0.00503334
0.00322978
0.00203067
-3.93397E-4
-0.00237981
-0.00429669
-0.00704151
-0.0100127
-0.0128061
-0.0147309
-0.0166128
-0.0197228
-0.0241832
-0.026265
-0.0281224
-0.0319933
-0.034779
-0.0366741
-0.0395587
-0.041769
-0.0434663
-0.045796
-0.0463325
-0.0476065
-0.0486611
-0.0486142
-0.0494751
-0.0494914
-0.0496822
-0.0496179
-0.0490865
-0.0484979
-0.0477187
-0.0473372
-0.0451788
-0.0432745
-0.0427166
-0.0403869
-0.0379644
-0.0346667
-0.0307509
-0.0296657
-0.0268005
-0.0222482
-0.0196013
-0.0166943
-0.0141219
-0.0128958
-0.0112383
-0.00933613
-0.00894087
-0.00877461
-0.00780999
-0.00713822
-0.00768157
-0.00770075
-0.00770493
-0.00795717
-0.00653121
-0.00550815
-0.00414155
-0.00344723
-8.79555E-4
0.00413157
0.00517442
0.00689914
0.00938193
0.0088142
0.00872883
0.00907736
0.00897485
0.00751768
0.00589915
0.00602094
0.00635561
0.00687917
0.00753595
0.00843927
0.00981443
0.0104429
0.0113966
0.0129235
0.0139557
0.0152369
0.0164925
0.0197483
0.0225992
0.0234825
0.0243455
0.0258826
0.0290344
0.0316905
0.0358072
0.0383287
0.0408787
0.0452738
0.046455
0.0499332
0.0522017
0.0522262
0.0551515
0.0563521
0.0570375
0.0581055
0.0585696
0.0597446
0.0598701
0.0600771
0.0605249
0.0594519
0.0597008
0.060579
0.0600527
0.059459
0.0586981
0.0585818
0.0579066
0.0557697
0.0543468
0.0534451
0.0518784
0.0506187
0.0494988
0.0470661
0.0448914
0.042475
0.0379932
0.0359623
0.0340182
0.0292263
0.0268252
0.0240539
0.0204237
0.0174024
0.0132663
0.00953651
0.00583045
0.00114539
-0.0032296
-0.00835091
-0.0129201
-0.0167798
-0.0207476
-0.0251448
-0.0295022
-0.0317432
-0.0344472
-0.0369615
-0.0387506
-0.0416239
-0.0436629
-0.0450113
-0.0472471
-0.0482192
-0.0493035
-0.0501562
-0.0503694
-0.0514373
-0.0522339
-0.0549185
-0.0576552
-0.058153
-0.0593525
-0.0607682
-0.0621218
-0.0642393
-0.0652328
-0.0663364
-0.067899
-0.0680857
-0.0689252
-0.068711
-0.0691271
-0.0703419
-0.0683662
-0.0683407
-0.0692454
-0.0686375
-0.0690322
-0.0689302
-0.0689088
-0.0677929
-0.0664792
-0.0671401
-0.0650756
-0.0626735
-0.0628571
-0.0623767
-0.0603275
-0.0574715
-0.0542697
-0.0504019
-0.0480182
-0.0463474
-0.0419308
-0.0398031
-0.0379018
-0.0318328
-0.0281057
-0.0249743
-0.0195112
-0.0153251
-0.0114899
-0.00728127
-0.00157131
0.00682748
0.0134073
0.0190979
0.0265041
0.0332534
0.0388849
0.0458851
0.0517175
0.0559291
0.0611892
0.0639432
0.0662943
0.0693819
0.0719574
0.0747195
0.0767136
0.0791096
0.0809446
0.0831182
0.0861629
0.0879071
0.089839
0.0914935
0.0930041
0.0938028
0.0936783
0.0940731
0.0940394
0.0942026
0.0936324
0.0932193
0.0937558
0.0928787
0.0923921
0.0928572
0.0922738
0.0929072
0.0936182
0.0930898
0.0933938
0.0937263
0.0937151
0.0923197
0.091212
0.0914385
0.0901461
0.0891363
0.0881836
0.0859325
0.0838119
0.0816608
0.0797564
0.0770544
0.0738292
0.0702877
0.065454
0.0618911
0.0595696
0.0567687
0.0513066
0.045258
0.04189
0.0369858
0.0305414
0.0246418
0.017767
0.0109167
0.00522883
-1.2948E-4
-0.0061204
-0.0128442
-0.0187541
-0.0232238
-0.0288603
-0.0336094
-0.0369172
-0.0427853
-0.0480567
-0.0524059
-0.0572224
-0.0609607
-0.0661984
-0.0733159
-0.0793207
-0.0839923
-0.0892136
-0.0936496
-0.0965005
-0.0993035
-0.101588
-0.102964
-0.103535
-0.103678
-0.103056
-0.101397
-0.10025
-0.0992891
-0.0966545
-0.0946879
-0.0942361
-0.0927877
-0.0913821
-0.0906926
-0.0892176
-0.0881946
-0.0881874
-0.0886699
-0.0886719
-0.0888157
-0.0908843
-0.0919849
-0.0928713
-0.0947797
-0.0964463
-0.0984037
-0.100626
-0.102893
-0.104514
-0.108074
-0.109512
-0.108727
-0.110685
-0.111134
-0.110971
-0.111246
-0.110706
-0.110247
-0.109951
-0.108931
-0.10683
-0.105422
-0.104168
-0.102454
-0.0999541
-0.0986434
-0.0974877
-0.0942492
-0.0915768
-0.0871551
-0.0820326
-0.0768572
-0.0667999
-0.0574404
-0.0522037
-0.0427167
-0.0332093
-0.0285193
-0.0177471
-0.00951112
-0.00747662
2.55672E-4
0.00793681
0.0118054
0.0161414
0.0218167
0.0246217
0.0277388
0.0335824
0.0381622
0.0416679
0.0439854
0.0457806
0.0480052
0.0493108
0.0495872
0.0497872
0.0491292
0.0472616
0.0470332
0.0465619
0.0441415
0.0436988
0.043405
0.0427635
0.0433683
0.0446953
0.0454155
0.0469342
0.0496515
0.0512764
0.0544741
0.0579217
0.0579727
0.0561704
0.0566365
0.0568283
0.0541202
0.0521353
0.0493282
0.0457817
0.0422596
0.0391497
0.0364864
0.0326655
0.0313977
0.0310662
0.0295209
0.0296555
0.0299187
0.0288895
0.0296923
0.0313161
0.0312508
0.030648
0.0310581
0.0323647
0.031615
0.0307184
0.030034
0.0287437
0.0271882
0.0251645
0.0228644
0.0183723
0.0134223
0.00839308
0.00254971
-0.00383702
-0.00929309
-0.0145328
-0.0206161
-0.02576
-0.0300174
-0.0345146
-0.0382519
-0.0413394
-0.045601
-0.0484968
-0.0507112
-0.053608
-0.0552859
-0.057896
-0.060139
-0.0616558
-0.0638804
-0.0648361
-0.0660938
-0.0675697
-0.0681348
-0.0694118
-0.0704318
-0.0699759
-0.0703604
-0.0720638
-0.0704012
-0.0688957
-0.0703074
-0.067996
-0.0668638
-0.0667781
-0.0636926
-0.0626696
-0.0606632
-0.0573084
-0.0559906
-0.0533824
-0.0484548
-0.0428326
-0.0372573
-0.0316401
-0.0258496
-0.0184454
-0.0127528
-0.00802914
-7.97065E-4
0.00665948
0.0115222
0.0161959
0.02166
0.0264683
0.0321405
0.0375221
0.041904
0.0453016
0.0510503
0.0571734
0.0628752
0.0675488
0.0734975
0.08189
0.086528
0.0910221
0.0945513
0.0979622
0.102669
0.105269
0.107932
0.110349
0.11142
0.112542
0.11397
0.11501
0.115776
0.117
0.118734
0.119152
0.120213
0.122752
0.123334
0.123507
0.124945
0.12569
0.125721
0.125506
0.125843
0.126465
0.125741
0.124446
0.123568
0.121855
0.118836
0.116949
0.115082
0.111339
0.108309
0.105871
0.101233
0.0983846
0.096465
0.0922697
0.0904908
0.0895147
0.0877113
0.0869056
0.0861242
0.0853613
0.0860222
0.0859957
0.0852593
0.0864955
0.0870249
0.0873493
0.0875635
0.0872463
0.0871932
0.0859591
0.0852349
0.0832734
0.0791067
0.0761416
0.0716107
0.0647706
0.0598246
0.0527724
0.0429834
0.0358087
0.0288717
0.0206118
0.0138573
0.00653058
7.18141E-4
-0.00289279
-0.00859122
-0.0134725
-0.0171415
-0.02135
-0.0233482
-0.0240907
-0.0252239
-0.0274179
-0.0297242
-0.030841
-0.0338347
-0.0377311
-0.0398293
-0.0433483
-0.0489807
-0.0516256
-0.0552364
-0.0602303
-0.0626364
-0.0670724
-0.0722724
-0.0764748
-0.0822235
-0.0869165
-0.0906232
-0.096022
-0.100504
-0.103728
-0.10689
-0.110001
-0.114285
-0.118365
-0.120844
-0.122833
-0.12522
-0.127596
-0.129463
-0.131125
-0.132594
-0.134603
-0.136001
-0.136409
-0.136837
-0.137388
-0.136888
-0.133634
-0.131309
-0.129279
-0.125087
-0.120721
-0.117131
-0.113591
-0.109664
-0.106105
-0.102769
-0.0999367
-0.0970409
-0.0934638
-0.0905496
-0.0884668
-0.0868439
-0.0843531
-0.0816715
-0.0814818
-0.0802394
-0.078482
-0.0786564
-0.0777465
-0.0767235
-0.0771876
-0.0775191
-0.0780505
-0.0786043
-0.0792296
-0.0798661
-0.0803312
-0.0810105
-0.0813216
-0.0822467
-0.082517
-0.0818693
-0.0814735
-0.080579
-0.0786308
-0.0752118
-0.0706075
-0.0659542
-0.0594915
-0.0518221
-0.0455889
-0.0383653
-0.0324513
-0.0298432
-0.0259998
-0.0208702
-0.017189
-0.0148644
-0.0109742
-0.00622849
-0.00448021
-0.0020522
0.00131656
0.00283025
0.00559761
0.00858397
0.0132774
0.0189323
0.0221535
0.0266313
0.0314487
0.0362305
0.0417018
0.0455696
0.0502892
0.0548445
0.0589775
0.063338
0.0670753
0.071447
0.0752557
0.0801925
0.0846744
0.0893674
0.0943797
0.0983526
0.103302
0.106974
0.112053
0.116786
0.11802
0.119397
0.120713
0.120999
0.121254
0.122131
0.121672
0.121631
0.122743
0.122733
0.122457
0.123702
0.125374
0.124049
0.123783
0.126027
0.124701
0.12158
0.119367
0.116297
0.113084
0.108096
0.1032
0.0991575
0.0933343
0.0888035
0.0837372
0.0782822
0.0739605
0.0692695
0.065672
0.061595
0.0570265
0.0531607
0.0498987
0.0466429
0.0424823
0.0375108
0.0322232
0.0273098
0.0226117
0.0184868
0.014925
0.0108827
0.00777163
0.0053216
0.00329282
0.00157484
-7.68046E-4
-0.00134878
-0.00210929
-0.00381013
-0.00407053
-0.00451484
-0.00566244
-0.00622364
-0.00791622
-0.0102863
-0.0123008
-0.0142214
-0.0160687
-0.0189869
-0.0211931
-0.0233759
-0.0258147
-0.0261381
-0.0272407
-0.0285371
-0.0272091
-0.027615
-0.0274946
-0.024453
-0.0232321
-0.0236513
-0.0233616
-0.0218265
-0.0209697
-0.0210574
-0.022872
-0.0259259
-0.0285503
-0.0321479
-0.0363808
-0.0403915
-0.0447764
-0.0490156
-0.0523306
-0.0560505
-0.0576427
-0.0588881
-0.0601274
-0.0592349
-0.0584791
-0.0558302
-0.0542104
-0.0506445
-0.0446764
-0.0412278
-0.0343724
-0.0294835
-0.0301751
-0.0296222
-0.0294346
-0.0300496
-0.0298415
-0.0296967
-0.0289949
-0.0282789
-0.0273588
-0.0259553
-0.0237348
-0.0210338
-0.019665
-0.0184838
-0.0155115
-0.0100302
-0.0103646
-0.0161847
-0.0172282
-0.0164172
-0.0162092
-0.0161184
-0.0156808
-0.0154676
-0.0169803
-0.0170527
-0.0158205
-0.0149382
-0.013244
-0.0118201
-0.0100544
-0.00733348
-0.00637876
-0.00477276
-0.00181374
9.38817E-4
0.00313184
0.00537942
0.00911527
0.0111534
0.0126192
0.0156914
0.0164819
0.015822
0.016793
0.0181252
0.0191952
0.0202631
0.0211128
0.0224683
0.0232109
0.022809
0.0230049
0.0227774
0.0224072
0.0223623
0.0212148
0.0202682
0.0196777
0.0190545
0.0185536
0.0182415
0.0183894
0.0177917
0.0178243
0.018417
0.0190565
0.0199235
0.0201357
0.0207303
0.0196543
0.0170063
0.0147389
0.00967469
0.0023616
-0.0014073
-0.0038863
-0.00836043
-0.0123309
-0.0155163
-0.0188252
-0.0224717
-0.0239283
-0.0257612
-0.0283928
-0.0290619
-0.0302074
-0.030751
-0.030345
-0.029831
-0.0287987
-0.0275196
-0.0266802
-0.0274074
-0.0285692
-0.0294168
-0.0304562
-0.0321902
-0.033916
-0.0335988
-0.0337987
-0.0357051
-0.0361059
-0.0352573
-0.032997
-0.0305602
-0.0287732
-0.0275665
-0.0265475
-0.0249645
-0.025195
-0.0253857
-0.0254795
-0.0245789
-0.0211068
-0.0159191
-0.00880753
-0.00300709
0.00192237
0.00774892
0.0122839
0.0154255
0.019633
0.0233581
0.024987
0.0266905
0.0285917
0.0289457
0.0290069
0.0302462
0.0297117
0.0288427
0.028858
0.0275952
0.0254216
0.0242772
0.0229369
0.0205674
0.0200799
0.0197474
0.0192914
0.0200462
0.0196535
0.0192374
0.0188212
0.0168312
0.0167037
0.0159306
0.0145362
0.0151217
0.0145903
0.0146117
0.0162835
0.0178788
0.0193507
0.0219231
0.0247485
0.0267232
0.0298556
0.0336837
0.0361317
0.0379228
0.0401403
0.0417234
0.0415265
0.0415765
0.0417173
0.0391703
0.0361644
0.0331452
0.0294375
0.025486
0.0221017
0.0193446
0.0150198
0.0139356
0.0152463
0.0144752
0.01472
0.0155716
0.0150892
0.0139213
0.0129268
0.0125647
0.0104798
0.00814843
0.00700062
0.0057447
0.00530356
0.00557978
0.00646902
0.00712406
0.00789937
0.0097569
0.0109878
0.0113112
0.0125464
0.0130717
0.0139091
0.0158492
0.0160338
0.0149312
0.0144538
0.0141162
0.0135981
0.0133471
0.0126056
0.0118661
0.00931958
0.00650877
0.00548368
0.00205975
-0.00165519
-0.00342805
-0.00581587
-0.00845256
-0.0106697
-0.0122885
-0.0139072
-0.0143356
-0.0139837
-0.0144213
-0.0134105
-0.0116346
-0.0122242
-0.0128576
-0.0116438
-0.0117815
-0.0131411
-0.0137225
-0.0141897
-0.0164459
-0.0193427
-0.0210155
-0.0226679
-0.0238685
-0.0257891
-0.0271273
-0.0266449
-0.0267632
-0.0270845
-0.0273028
-0.02609
-0.0251128
-0.0247579
-0.0241122
-0.0244712
-0.0236562
-0.023034
-0.0236144
-0.0238449
-0.024155
-0.0238184
-0.0241672
-0.0253056
-0.0240979
-0.0239377
-0.0255218
-0.0253372
-0.0259787
-0.0266948
-0.0264775
-0.027014
-0.0274026
-0.0279045
-0.0282982
-0.0272262
-0.0266794
-0.0258879
-0.0232186
-0.021305
-0.0193426
-0.0161234
-0.0135847
-0.012124
-0.00877586
-0.00358997
-7.44789E-4
7.06654E-4
0.00362746
0.00536575
0.00579844
0.00776286
0.00911712
0.0101998
0.0109076
0.0119674
0.0145317
0.0152651
0.0161698
0.0184516
0.0196909
0.0205875
0.022708
0.0232119
0.023777
0.0250949
0.0248327
0.0257354
0.0260567
0.0239851
0.0217717
0.0201326
0.0188056
0.0181538
0.0172898
0.0189861
0.0206834
0.0197623
0.0224296
0.0251663
0.0261272
0.0285099
0.0295788
0.0299022
0.0316168
0.0339026
0.0338771
0.0334304
0.034581
0.0345891
0.0344198
0.0333366
0.0323931
0.0330183
0.0321044
0.030959
0.0306948
0.0309324
0.0320544
0.0335171
0.0335926
0.0336977
0.0360733
0.0368138
0.0360671
0.0366659
0.0366424
0.0355102
0.0347738
0.0338099
0.0318403
0.0293831
0.0270126
0.0231132
0.0196197
0.0178306
0.0151276
0.011167
0.00824742
0.00656799
0.00271913
-4.14814E-4
-0.00261434
-0.00691149
-0.0110874
-0.0149073
-0.0187017
-0.0231091
-0.0279143
-0.0313619
-0.0355041
-0.0402767
-0.0428797
-0.0446606
-0.0473086
-0.0485927
-0.0488079
-0.0505175
-0.0522362
-0.0527033
-0.054267
-0.0566181
-0.0585816
-0.0617721
-0.0643996
-0.0656226
-0.0669823
-0.0685857
-0.0712601
-0.0728299
-0.0738081
-0.0755553
-0.0751524
-0.0748342
-0.0750158
-0.07416
-0.0730369
-0.0719568
-0.0714529
-0.0703778
-0.0693037
-0.0686652
-0.0681511
-0.0670332
-0.0662386
-0.0669067
-0.0673565
-0.067791
-0.067331
-0.0673147
-0.0688447
-0.0702105
-0.0709897
-0.0706664
-0.0697372
-0.0678869
-0.063607
-0.0583774
-0.0529174
-0.0457977
-0.0387169
-0.0337199
-0.0292268
-0.0253284
-0.0232058
-0.0198367
-0.0167797
-0.0154486
-0.0136616
-0.0122948
-0.0111646
-0.0110443
-0.0107066
-0.00847121
-0.00744509
-0.00590917
-0.00271309
-7.6743E-4
0.00220484
0.00554606
0.00869532
0.0124219
0.0153931
0.0204116
0.0256829
0.028442
0.0347742
0.0403832
0.0427435
0.0495071
0.0556944
0.0585637
0.0623213
0.0683495
0.0710057
0.072195
0.076786
0.0799704
0.081276
0.0823103
0.0846012
0.0853611
0.0850439
0.085761
0.0855458
0.0858661
0.0865607
0.0870421
0.0861925
0.0852398
0.0855478
0.0852021
0.0842881
0.0836833
0.0817851
0.079996
0.0788148
0.0760068
0.0731579
0.071018
0.0698338
0.0680069
0.0662821
0.0648225
0.0633608
0.0652652
0.0673144
0.0676591
0.0687067
0.0696522
0.0705753
0.0717035
0.0726378
0.0739719
0.0745003
0.0742983
0.0745829
0.0745268
0.0730488
0.0723757
0.0717045
0.0683671
0.0659181
0.0646941
0.0620237
0.0594145
0.0574245
0.0555294
0.0544472
0.0518655
0.0482507
0.0442003
0.0411341
0.0382639
0.0344786
0.0326977
0.0286463
0.0251579
0.0239971
0.0203058
0.0179394
0.0165756
0.0128394
0.00933792
0.0061905
0.00161673
-0.00277763
-0.00761661
-0.0119181
-0.0151382
-0.0204646
-0.0255585
-0.0300638
-0.03568
-0.0405137
-0.0455648
-0.0506617
-0.054655
-0.0589196
-0.0627752
-0.06608
-0.0695296
-0.072913
-0.0758812
-0.078118
-0.081022
-0.0836158
-0.085868
-0.0898246
-0.0917911
-0.0928703
-0.0959874
-0.0968748
-0.0971379
-0.0985965
-0.0982436
-0.0974093
-0.0971155
-0.0960537
-0.0943564
-0.0925316
-0.0916779
-0.0914453
-0.0901274
-0.0893257
-0.0900489
-0.0902294
-0.0899102
-0.0913106
-0.0925326
-0.092196
-0.0925958
-0.0939626
-0.0952815
-0.0952917
-0.0962729
-0.0967717
-0.0957262
-0.0960036
-0.094748
-0.0927875
-0.0921235
-0.0925427
-0.0922551
-0.0889829
-0.0861259
-0.0847091
-0.082663
-0.0805893
-0.0786972
-0.0750354
-0.0716888
-0.0690103
-0.0632993
-0.0594896
-0.056703
-0.0505299
-0.0471068
-0.0451127
-0.0406451
-0.0370904
-0.0348933
-0.0325259
-0.029883
-0.0276839
-0.0255154
-0.0234315
-0.0207071
-0.0177644
-0.0158672
-0.0132642
-0.0123043
-0.0107193
-0.00555102
-8.53445E-4
0.00187867
0.00544837
0.0108772
0.0143146
0.0189413
0.0260773
0.0292648
0.0337201
0.0409591
0.0452176
0.0505338
0.0555227
0.0601392
0.0659328
0.0697455
0.0742641
0.0776403
0.079611
0.083896
0.0869091
0.0879179
0.0893551
0.0898896
0.0902221
0.0912257
0.0913614
0.0909055
0.0906291
0.090167
0.08945
0.0894693
0.0894112
0.0881964
0.0875211
0.0880475
0.0877598
0.087053
0.0875446
0.0881944
0.0879139
0.0876568
0.0877578
0.0861799
0.0859167
0.0856403
0.0840869
0.0830668
0.0807106
0.0793398
0.0785391
0.0762777
0.0742377
0.0723589
0.0704913
0.0698069
0.0681626
0.0649088
0.0634584
0.0625098
0.060122
0.0585135
0.0568519
0.0546691
0.0532941
0.0524322
0.0504065
0.0481839
0.0458645
0.0422587
0.0403728
0.0390019
0.0365141
0.0338784
0.0314896
0.028604
0.0243986
0.0212957
0.0186458
0.0152512
0.0114803
0.00755543
0.00501003
0.00174787
-0.00349717
-0.00735563
-0.01031
-0.0153641
-0.0193023
-0.0235587
-0.0295553
-0.0326184
-0.0366535
-0.0422257
-0.0452674
-0.0480979
-0.0537354
-0.058813
-0.0628012
-0.066671
-0.0683836
-0.0705042
-0.0733296
-0.0744852
-0.0754542
-0.0779053
-0.0778931
-0.0772198
-0.0789875
-0.0783541
-0.0757949
-0.0753879
-0.0758846
-0.0736845
-0.0712375
-0.0717669
-0.0696433
-0.0663711
-0.0666852
-0.0664619
-0.0640904
-0.0629622
-0.0634692
-0.0636834
-0.0648309
-0.0654949
-0.0664659
-0.0684029
-0.0703919
-0.0727828
-0.0744923
-0.0764048
-0.0777349
-0.0791037
-0.0805511
-0.0816374
-0.0833867
-0.0832908
-0.0830501
-0.0838314
-0.0845107
-0.0845127
-0.0844913
-0.0855695
-0.0840343
-0.0835192
-0.0843781
-0.0811967
-0.0796769
-0.0791455
-0.0756469
-0.0737211
-0.0710497
-0.0670921
-0.0649328
-0.0636343
-0.0618157
-0.06015
-0.0598664
-0.0593115
-0.0576877
-0.0577326
-0.0582344
-0.0571879
-0.057447
-0.0576377
-0.0573837
-0.0565483
-0.0559792
-0.0561709
-0.0546399
-0.0515075
-0.048117
-0.0453294
-0.0423856
-0.0390625
-0.0356893
-0.0325008
-0.0282505
-0.0243663
-0.0208452
-0.0158585
-0.0118172
-0.00849672
-0.00401871
3.2571E-4
0.00346259
0.00849436
0.011095
0.0131177
0.0181004
0.020476
0.0221213
0.0251894
0.027869
0.0302425
0.0306954
0.0298274
0.0319592
0.0330159
0.0332036
0.0347836
0.0360881
0.0372458
0.0382169
0.0396347
0.0418012
0.0438789
0.0450815
0.0463585
0.0492411
0.0519002
0.0537597
0.0555396
0.0576836
0.0593656
0.0596889
0.0613842
0.0626449
0.0632702
0.0646747
0.0645462
0.0644911
0.0655917
0.0659987
0.0668616
0.067389
0.0681784
0.0687313
0.0691342
0.0707213
0.0705193
0.0705214
0.0711487
0.0711191
0.0717372
0.0717393
0.0718821
0.0712028
0.0716108
0.0742128
0.0745525
0.0737864
0.0736365
0.0739354
0.0744137
0.0745882
0.0747962
0.0752726
0.0747187
0.0746463
0.0751216
0.0748697
0.0752512
0.07514
0.0751706
0.0752879
0.0745647
0.0741006
0.0733356
0.0723697
0.0709805
0.0696147
0.068661
0.0668505
0.0655255
0.0647911
0.064018
0.0626818
0.0604133
0.0604878
0.0616965
0.0618046
0.0616679
0.0611406
0.0601991
0.0593535
0.0578348
0.0558825
0.0536028
0.0510671
0.0490169
0.0458334
0.0426113
0.0392024
0.0356814
0.0329835
0.0286913
0.0247572
0.0226111
0.0194501
0.0164075
0.0142451
0.0139166
0.0131935
0.00978627
0.00832625
0.00644516
0.00413874
0.00393699
0.00354388
0.00364782
0.00260936
0.00204786
0.00306715
0.00258561
0.00218536
9.65983E-4
1.23975E-4
-0.00122347
-0.00435099
-0.00558927
-0.00753706
-0.0101455
-0.0117934
-0.0147116
-0.0176125
-0.0197841
-0.0223473
-0.0253247
-0.0286377
-0.0309225
-0.0337795
-0.03702
-0.0400831
-0.0439438
-0.0453657
-0.0465744
-0.0494599
-0.0510909
-0.0511246
-0.0516744
-0.0530412
-0.0530228
-0.0530269
-0.0528973
-0.05227
-0.0522986
-0.0519997
-0.0519875
-0.0524301
-0.0521751
-0.0512622
-0.0512622
-0.0518773
-0.0516774
-0.0515081
-0.0524628
-0.0541947
-0.0550138
-0.0551199
-0.0555829
-0.0567825
-0.0569987
-0.0562847
-0.0575821
-0.0577637
-0.057573
-0.0594039
-0.0589132
-0.0585052
-0.0597415
-0.0596058
-0.059615
-0.0593355
-0.0588959
-0.0588632
-0.057629
-0.0574597
-0.0579605
-0.0555207
-0.0532104
-0.0511959
-0.0475973
-0.0464519
-0.0453727
-0.0424167
-0.0407296
-0.0388671
-0.0376227
-0.0366802
-0.0339242
-0.0327226
-0.031366
-0.0294015
-0.0283866
-0.0275104
-0.0257815
-0.0216413
-0.0220636
-0.0218392
-0.0172319
-0.0159477
-0.0136221
-0.00989093
-0.00791671
-0.00601961
-0.00471534
-0.00132577
0.0023499
0.00516398
0.00950408
0.0123492
0.0150909
0.0177592
0.0204867
0.0228072
0.0241445
0.0271616
0.029171
0.0300339
0.0333041
0.035084
0.0356725
0.0385764
0.041206
0.0423749
0.0429237
0.0449841
0.0472261
0.0469007
0.0482389
0.049978
0.0494446
0.0507869
0.051304
0.050436
0.0502065
0.0492712
0.0487224
0.0480931
0.0474454
0.0475923
0.0477279
0.0481227
0.0487184
0.0485766
0.0489264
0.0488581
0.048545
0.0504371
0.0494885
0.049871
0.0512653
0.0486256
0.0488408
0.0496558
0.0484583
0.0481584
0.0488826
0.0491131
0.0482829
0.0480187
0.0483798
0.0470446
0.0466233
0.0470925
0.0453769
0.0447037
0.0448036
0.0435164
0.0428718
0.042018
0.0402851
0.0392895
0.0389346
0.0385837
0.0367018
0.035435
0.0341671
0.0315304
0.0304094
0.0300412
0.0290773
0.0270475
0.0245434
0.0222596
0.0183806
0.0142027
0.0120311
0.00744283
0.002076
6.94611E-5
-0.00223432
-0.00600199
-0.00822294
-0.0103059
-0.0133924
-0.0150407
-0.017401
-0.0201723
-0.02291
-0.0262342
-0.0293962
-0.030918
-0.0317218
-0.0364015
-0.0417922
-0.0439944
-0.0453724
-0.0489873
-0.0517617
-0.0525379
-0.0556448
-0.0583509
-0.0597248
-0.0619382
-0.0634662
-0.0648044
-0.0658163
-0.0660193
-0.0660856
-0.0659346
-0.0660692
-0.0658754
-0.0659754
-0.0664895
-0.0667128
-0.0672432
-0.0681306
-0.0678654
-0.068149
-0.0691333
-0.0682907
-0.0678154
-0.0689364
-0.0701472
-0.0696555
-0.0695127
-0.0688701
-0.0669617
-0.066162
-0.0635885
-0.0610936
-0.0605571
-0.0572584
-0.0536864
-0.0533559
-0.0513394
-0.0479703
-0.0466127
-0.0447308
-0.0430651
-0.042293
-0.0402846
-0.0379947
-0.0368635
-0.0364494
-0.0349796
-0.0349224
-0.0349082
-0.0324704
-0.0323633
-0.0329416
-0.03235
-0.0324438
-0.0321399
-0.0316972
-0.0308965
-0.0294001
-0.0293063
-0.0284801
-0.0262718
-0.0250233
-0.0229609
-0.0211789
-0.0187483
-0.0173223
-0.0176681
-0.0154292
-0.0127629
-0.00944423
-0.0062044
-0.00405291
-6.30659E-4
0.00287493
0.00668218
0.00947433
0.0137041
0.0197506
0.0212602
0.0244141
0.0282799
0.0299262
0.0327118
0.0345519
0.0360523
0.0368244
0.0374966
0.0383218
0.0388644
0.0389807
0.0387441
0.0400782
0.0414593
0.0404883
0.0386982
0.0374487
0.0379719
0.0391378
0.0389664
0.0396825
0.0401323
0.0397304
0.0411554
0.0426976
0.0428894
0.0439359
0.0456301
0.0463411
0.0486259
0.0501569
0.048887
0.0498193
0.0519052
0.0511657
0.0500008
0.0495867
0.0495908
0.0494959
0.0471887
0.0456516
0.0444786
0.0425834
0.0412829
0.0398865
0.038175
0.037106
0.0373212
0.0381036
0.0380108
0.037923
0.0389767
0.0394867
0.0393449
0.0386574
0.037412
0.0367041
0.0363981
0.0338186
0.0315052
0.0299018
0.0273222
0.0247814
0.0223426
0.0206412
0.0175455
0.0146048
0.0128698
0.0104126
0.00787713
0.00630113
0.00530031
0.00282252
4.19915E-4
-2.8624E-4
-0.00197382
-0.00331053
-0.0033094
-0.00442855
-0.00525505
-0.00560848
-0.00609849
-0.0073029
-0.00798232
-0.007262
-0.00740255
-0.00739592
-0.00859462
-0.0104565
-0.0107289
-0.00987788
-0.00871212
-0.00862338
-0.00944794
-0.0100975
-0.0094409
-0.00990255
-0.010533
-0.00957993
-0.00903116
-0.00895976
-0.00840151
-0.00842824
-0.00874189
-0.00761601
-0.00723208
-0.00676533
-0.00630836
-0.00729195
-0.00795382
-0.00896689
-0.0101622
-0.0107492
-0.0120865
-0.0145416
-0.0172028
-0.0205535
-0.0241979
-0.0254882
-0.0269713
-0.0292847
-0.030476
-0.0313461
-0.0315093
-0.0312849
-0.0305025
-0.0300507
-0.0296233
-0.0287175
-0.0284962
-0.0281667
-0.0274894
-0.0267846
-0.026141
-0.0254515
-0.0251261
-0.0242469
-0.0227067
-0.0203494
-0.0183941
-0.0177576
-0.0152576
-0.013649
-0.0124679
-0.010789
-0.0107992
-0.00968196
-0.00932353
-0.00864013
-0.00763441
-0.0079962
-0.00750976
-0.00712563
-0.00630157
-0.00616611
-0.0066957
-0.00589673
-0.00567294
-0.00564968
-0.00431715
-0.00429828
-0.00342506
-0.001112
-6.68894E-4
2.71863E-4
0.00226624
0.00354716
0.00437101
0.00551005
0.00667764
0.00662726
0.00729352
0.00808341
0.00745448
0.00795041
0.00809484
0.00759647
0.00794103
0.00798152
0.00813697
0.00851998
0.00825478
0.0084443
0.009444
0.0091431
0.00942891
0.0106025
0.00999216
0.00913505
0.00937118
0.0116531
0.0151242
0.0162962
0.0170602
0.0198702
0.0206077
0.0198917
0.0204006
0.0210198
0.0202946
0.0196836
0.0195133
0.0176477
0.0165573
0.0152374
0.0131026
0.0114441
0.0102099
0.00944301
0.00871279
0.00787742
0.00667412
0.00918741
0.0113268
0.00990416
0.0107199
0.0120071
0.0127425
0.0145347
0.0157403
0.0170857
0.0178843
0.0175212
0.0188074
0.0189033
0.0178262
0.0188207
0.0180537
0.0154802
0.015265
0.014042
0.0113104
0.0102303
0.0082882
0.0062077
0.0056567
0.0046572
0.0018774
0.001592
0.0015104
-8.82045E-4
-9.50802E-4
-2.49398E-4
-7.45444E-4
-0.0012338
-3.55404E-4
1.34289E-4
1.82006E-4
0.00145105
0.00292046
0.00313395
0.0032688
0.00424657
0.00350911
0.0022999
0.00176695
-8.0868E-4
-0.00328266
-0.00408152
-0.00575544
-0.00816856
-0.00890122
-0.0100151
-0.0125738
-0.0134072
-0.01401
-0.0155247
-0.0161724
-0.0159653
-0.016255
-0.0165926
-0.0163305
-0.0160581
-0.0158409
-0.0157766
-0.0151248
-0.0146373
-0.0146556
-0.0140334
-0.0136448
-0.0133908
-0.0131858
-0.0124198
-0.0123698
-0.0131756
-0.0127421
-0.0136754
-0.0167864
-0.017992
-0.016968
-0.017276
-0.0180634
-0.0188162
-0.0196159
-0.0200973
-0.0208378
-0.0208899
-0.0208389
-0.0209368
-0.0213183
-0.0217436
-0.0198525
-0.0194149
-0.0197291
-0.0178513
-0.0167599
-0.0162213
-0.0159245
-0.0144761
-0.0136835
-0.0134306
-0.010647
-0.00786709
-0.00634597
-0.00574243
-0.00471478
-0.00349649
-0.00256717
-7.50479E-4
6.89395E-4
0.00188258
0.00285454
0.00411985
0.00529285
0.00509926
0.00564537
0.0060142
0.00602205
0.00676319
0.00628307
0.00620841
0.00614028
0.00521259
0.00516353
0.00533856
0.00580072
0.00554848
0.00570291
0.00682072
0.00778697
0.00871028
0.00881697
0.0102192
0.0116053
0.011841
0.0133465
0.0151039
0.0151437
0.0160209
0.0175734
0.017095
0.0168012
0.0176886
0.0184353
0.0181262
0.0186321
0.0196073
0.019082
0.0201734
0.0220267
0.0217635
0.022806
0.0235312
0.0235281
0.0252183
0.0260955
0.0275867
0.0284935
0.0281875
0.0302326
0.0311853
0.0307701
0.0320737
0.0330927
0.032856
0.0325725
0.0328571
0.0328867
0.0320227
0.0318901
0.0315107
0.0297053
0.0299225
0.0292198
0.0269849
0.0264607
0.0249694
0.0220186
0.019336
0.0182629
0.0171878
0.0159547
0.014697
0.012912
0.0113433
0.0104436
0.00960333
0.00899766
0.00900235
0.0091119
0.0102386
0.00972043
0.0090507
0.0101198
0.00989649
0.00969902
0.010615
0.0106211
0.0105069
0.0104079
0.0102937
0.00970677
0.00855703
0.00904939
0.00810589
0.0048785
0.00300354
0.00236563
7.87838E-4
-0.00187909
-0.00259024
-0.00327068
-0.0054902
-0.00701663
-0.00834487
-0.00946575
-0.0104562
-0.0111722
-0.01157
-0.0116944
-0.0112191
-0.0110722
-0.010806
-0.00893096
-0.00906325
-0.00940087
-0.00744379
-0.00768217
-0.00824225
-0.00754059
-0.00791381
-0.00932396
-0.0100665
-0.00970584
-0.0106632
-0.0127379
-0.0131806
-0.0129776
-0.014072
-0.0153532
-0.0165833
-0.017896
-0.0182357
-0.0185621
-0.019168
-0.0200227
-0.0199442
-0.0193393
-0.0201329
-0.0196545
-0.019221
-0.0191873
-0.0180643
-0.0178705
-0.0164721
-0.0147524
-0.0140384
-0.0121249
-0.0108335
-0.00979161
-0.00729995
-0.00529932
-0.00353227
-0.00146106
-8.25307E-5
0.00100088
0.00148246
0.001515
0.00145941
8.66474E-4
4.14166E-4
-3.24856E-5
-8.13556E-4
-0.00140811
-0.00175236
-0.00230745
-0.0026517
-0.00236824
-0.00312436
-0.00297136
-2.32497E-4
2.72883E-4
4.30882E-4
0.00209111
0.00140322
0.00152725
0.0020856
0.00210274
0.00229623
0.00165894
0.0018865
0.00135437
0.00124461
0.00178644
0.00127685
0.00104
8.2865E-4
6.35024E-4
8.21055E-5
-8.59539E-4
-0.00107088
-0.00195451
-0.00309619
-0.00194114
-0.00250408
-0.00534356
-0.00629134
-0.00606357
-0.00610091
-0.00533264
-0.00378448
-0.00385731
-0.00407814
-0.00270563
-0.00212872
-0.00271399
-0.00118919
2.48886E-4
4.82018E-4
0.00233358
0.00311195
0.00344773
0.00538308
0.00544306
0.00561034
0.00668583
0.00606454
0.00644501
0.0056897
0.00394539
0.00357483
0.00144099
1.21151E-4
3.7576E-5
-0.00148682
-0.00171621
-0.00149752
-0.00176711
-8.29016E-4
2.29847E-4
9.79629E-4
0.00179106
0.00198853
0.00299833
0.00443827
0.00384075
0.00396152
0.00431026
0.00269999
0.00287094
0.00319112
0.00155698
0.00111858
0.00104443
4.96311E-4
1.43728E-4
1.82469E-4
1.80748E-5
-7.92977E-4
-4.54387E-4
-0.00116621
-0.00194641
-0.00131024
-0.00180973
-0.00157839
-0.00116733
-0.00113949
-2.1094E-5
8.03452E-4
0.0015323
0.00292297
0.00345613
0.0032097
0.00391084
0.00394369
0.00361413
0.00263442
-2.57536E-4
-4.70868E-4
4.71979E-4
3.58933E-4
-2.63857E-4
-0.00149321
-0.00187102
-0.00318835
-0.00529995
-0.00552415
-0.00561095
-0.00753783
-0.00873011
-0.00933568
-0.0102194
-0.00980457
-0.00928376
-0.00960955
-0.0104683
-0.0103551
-0.00974755
-0.00997022
-0.0100666
-0.0105937
-0.0101053
-0.00897184
-0.00864921
-0.00820908
-0.00834546
-0.00793817
-0.00689991
-0.00650354
-0.00579688
-0.00391845
-0.00201962
-0.00166772
5.97379E-5
0.00167177
0.0011736
0.00134159
0.00242279
0.00358264
0.0039786
0.00453542
0.00560979
0.00639763
0.0065335
0.00713214
0.00736143
0.00717692
0.00824139
0.0083233
0.00771987
0.007319
0.00535602
0.00359978
0.00283998
0.00129519
-9.8882E-4
-0.00239425
-0.00336029
-0.00489202
-0.00569762
-0.00599219
-0.006018
-0.00596975
-0.00504216
-0.00409723
-0.00396728
-0.0021778
-9.67474E-4
-0.00142259
2.48163E-4
0.00198289
0.00191649
0.00300105
0.00404666
0.00471965
0.00518763
0.00502586
0.00618142
0.0057779
0.0046453
0.00545824
0.00446404
0.00339121
0.00249351
0.00255879
0.00456288
0.00296903
0.00270108
0.00425852
0.00322914
0.00383185
0.00451628
0.00336521
0.00434267
0.00530106
0.00476557
0.00583147
0.00564572
0.00443295
0.00573579
0.00831313
0.00931936
0.00947246
0.00989311
0.0100877
0.00985762
0.00856946
0.00870594
0.00847644
0.00687952
0.00649641
0.00551109
0.00321395
0.0015741
9.54102E-4
-0.00134402
-0.00305752
-0.00321123
-0.00523776
-0.00713568
-0.00673461
-0.00833611
-0.0106508
-0.00989253
-0.0102051
-0.0117993
-0.0142687
-0.0153377
-0.0138148
-0.0144829
-0.0140953
-0.011526
-0.0111241
-0.0106488
-0.00835977
-0.0063675
-0.00624857
-0.00521113
-0.00322917
-0.00367756
-0.00324824
-0.00228444
-0.00308739
-0.00403405
-0.00435494
-0.00484362
-0.0059594
-0.00722185
-0.00839628
-0.0096725
-0.0109466
-0.0114668
-0.0114862
-0.0119574
-0.0115096
-0.00972452
-0.00957172
-0.00822073
-0.00602294
-0.00552803
-0.00357891
-0.00152004
-3.96357E-4
-5.2375E-5
5.24306E-4
0.00186259
0.00171112
0.00114022
7.56899E-4
-2.58163E-4
-0.00134164
-0.0022476
-0.00361858
-0.00533453
-0.00580097
-0.0065928
-0.00782587
-0.00833037
-0.00916371
-0.00903039
-0.00879967
-0.00842584
-0.00664451
-0.00568693
-0.00507656
-0.00241242
-0.00168741
-0.00102512
0.00140554
0.00180518
0.00316504
0.00529715
0.00599208
0.00639885
0.00790172
0.00860287
0.00886787
0.00980249
0.00869845
0.00846303
0.0101051
0.0115087
0.0123156
0.0114873
0.0110406
0.011826
0.0117454
0.0111824
0.0113966
0.0110589
0.0110702
0.0116026
0.0101747
0.00978221
0.00980465
0.00858085
0.00832381
0.00796834
0.00723119
0.00639928
0.00628055
0.00720865
0.0069462
0.00620956
0.00709054
0.00823477
0.00654055
0.00341568
0.00482236
0.00651761
0.00495466
0.00525301
0.00536062
0.00464091
0.00442171
0.00356879
0.00334684
0.00348739
0.00266538
0.00230277
0.00264284
0.00237335
0.00170066
6.38407E-4
7.3342E-4
0.00102614
-2.01357E-4
-0.00124162
-7.64447E-4
1.06573E-4
4.76283E-4
8.02428E-4
0.00137519
0.0016306
0.00211357
0.00227167
0.00167416
0.00236633
0.00227259
6.69518E-4
-5.20228E-5
3.52188E-4
-1.00865E-4
-0.00239258
-0.00349091
-0.00277355
-0.00354977
-0.00457385
-0.00431007
-0.00467044
-0.00486709
-0.0044745
-0.00466982
-0.00457813
-0.00373683
-0.0036945
-0.00418165
-0.00402895
-0.00437402
-0.0048067
-0.0055306
-0.00628621
-0.00715515
-0.008662
-0.00836028
-0.00817566
-0.00867974
-0.00910947
-0.00866658
-0.00720961
-0.00760313
-0.00739515
-0.00585209
-0.00438982
-0.00310686
-0.00211287
-0.00245396
-0.00362237
-0.00278138
-0.00253627
-0.00225485
-0.00168569
-0.00301873
-0.0039558
-0.00488124
-0.00549375
-0.00575355
-0.00726315
-0.00798653
-0.00881079
-0.0103834
-0.0110128
-0.0120848
-0.0134659
-0.0134291
-0.0131721
-0.0146399
-0.0143502
-0.0131486
-0.0137831
-0.0138331
-0.0125632
-0.0102314
-0.009373
-0.00938698
-0.00925152
-0.00948051
-0.00861942
-0.00849937
-0.00815073
-0.0073688
-0.00721978
-0.00740837
-0.00792266
-0.00789114
-0.0078892
-0.00681759
-0.00655738
-0.0065073
-0.00631635
-0.00546404
-0.00337488
-0.00350003
-0.00323534
-0.00132835
4.41262E-4
7.96835E-4
0.00104724
0.00195432
0.0024323
0.00362121
0.00369271
0.00250635
0.0033707
0.00402901
0.00381685
0.00435184
0.00259887
0.00161549
0.00313509
0.00197555
7.66015E-4
0.0011316
0.00115864
8.10581E-4
-1.46147E-4
-7.11726E-4
-0.00105456
-0.00131292
-0.0020818
-0.00335323
-0.00364066
-0.00358221
-0.00393687
-0.00368482
-0.00381946
-0.00357232
-0.00217614
-0.00172234
-8.85083E-4
1.8805E-4
0.00113376
0.0022881
0.00299414
0.00425201
0.00543113
0.00591553
0.00623785
0.006368
0.00654304
0.00650213
0.00698633
0.00708517
0.00628151
0.00664025
0.00724378
0.00767973
0.00715698
0.00651948
0.0069387
0.00754377
0.00868311
0.00896637
0.00809264
0.00762609
0.00717107
0.00628153
0.00560425
0.00555804
0.00569595
0.00516534
0.00460302
0.00462158
0.00416483
0.00309934
0.00359537
0.00399684
0.00293451
0.00273041
0.00297337
0.00274133
0.00166829
0.00134046
0.0023318
0.00218767
8.57248E-4
-4.2639E-4
-0.00130246
-0.00148381
-0.00105674
-7.38495E-4
-7.95278E-4
-1.97985E-4
8.91601E-4
0.00162893
0.0029227
0.00377593
0.00350206
0.00488457
0.00678249
0.0061761
0.00559103
0.0075581
0.0079202
0.00635623
0.00670059
0.00670069
0.00592906
0.00573036
0.00578718
0.00605932
0.00626556
0.00624261
0.00603443
0.00634023
0.00667438
0.00676894
0.00797417
0.00739644
0.00684014
0.00885729
0.0085107
0.00823775
0.0093982
0.00899418
0.00882894
0.00868992
0.00854793
0.00871165
0.00767808
0.00683199
0.00562299
0.003808
0.00329688
0.00176688
2.28988E-4
4.37232E-5
-0.00145938
-0.00225875
-0.00241603
-0.00311524
-0.00436994
-0.00488779
-0.00456037
-0.00614678
-0.0062754
-0.00606854
-0.00673878
-0.00663688
-0.00699072
-0.00660057
-0.00647888
-0.00605884
-0.00602345
-0.00671786
-0.00564849
-0.00575477
-0.00650702
-0.00746664
-0.00937271
-0.00896787
-0.00802141
-0.00801274
-0.00903315
-0.00972838
-0.00890126
-0.00898133
-0.00986597
-0.00889921
-0.00676955
-0.00718418
-0.00754791
-0.00620121
-0.00586889
-0.00616918
-0.00588765
-0.0055231
-0.00534603
-0.00534409
-0.00574393
-0.00585745
-0.00605441
-0.00583114
-0.00547097
-0.00533409
-0.00606257
-0.00802688
-0.00918887
-0.00927944
-0.00902107
-0.00949292
-0.0103954
-0.0102557
-0.0101984
-0.0109442
-0.0113644
-0.0113216
-0.0107504
-0.0116541
-0.0118683
-0.0103669
-0.0114674
-0.0112318
-0.00913713
-0.0101158
-0.00963631
-0.00796718
-0.0084221
-0.0078866
-0.00675654
-0.00564403
-0.00510822
-0.00474775
-0.00355557
-0.00376844
-0.00281036
-0.00153434
-0.00162736
-0.00102403
9.95621E-5
0.00112889
4.32172E-4
4.6006E-4
0.00204883
0.00234953
0.00207893
0.00349387
0.00385088
0.00342737
0.00471543
0.00506254
0.00457865
0.00500236
0.00566781
0.00530449
0.00485049
0.00580796
0.00611652
0.0047848
0.00628482
0.00753228
0.00630553
0.00720803
0.00832482
0.00831442
0.00824721
0.00867112
0.00930526
0.00931536
0.0100875
0.0104861
0.00959443
0.0111114
0.0126128
0.0123599
0.0132034
0.0141969
0.0132626
0.0119621
0.0143448
0.0159819
0.0148691
0.0153464
0.0150527
0.0140572
0.0141949
0.0141765
0.0130198
0.0124415
0.0122089
0.0109839
0.0107218
0.0107228
0.00986885
0.00931102
0.0094832
0.0102016
0.00975421
0.00916129
0.0100296
0.0100782
0.0101267
0.0111543
0.0118693
0.011498
0.00902819
0.00885153
0.00889182
0.00726635
0.00856073
0.00746638
0.00608316
0.0076
0.00688437
0.00626788
0.00617802
0.00594118
0.00588886
0.00556542
0.00558296
0.00446403
0.00370739
0.00410132
0.00376105
0.00252042
0.00216924
0.00233724
0.00134213
0.00110722
0.00168934
7.28336E-4
8.02584E-4
0.00127135
1.84621E-4
5.10927E-5
4.95123E-4
-4.20998E-4
-0.00134219
-0.00164982
-0.00230109
-0.00328508
-0.00416513
-0.0048217
-0.00543105
-0.00669136
-0.00787813
-0.00800236
-0.00904398
-0.00942495
-0.00968077
-0.0106379
-0.0111469
-0.0111153
-0.0110204
-0.01151
-0.0115896
-0.0117609
-0.0113509
-0.0118364
-0.0121475
-0.011461
-0.0122046
-0.0123148
-0.0114865
-0.0120067
-0.0129951
-0.0124759
-0.0127411
-0.0136112
-0.0127993
-0.0125994
-0.0146036
-0.0154166
-0.0133062
-0.0141589
-0.0153503
-0.0143527
-0.0164549
-0.018397
-0.0171914
-0.0158898
-0.0159439
-0.0154319
-0.0149045
-0.0152636
-0.0146322
-0.0140538
-0.0147882
-0.0145536
-0.0140518
-0.0140661
-0.0136621
-0.0148647
-0.0147137
-0.013859
-0.0153808
-0.0143873
-0.0129155
-0.0156664
-0.0155134
-0.0129083
-0.0141344
-0.0139263
-0.0108194
-0.0097498
-0.0103808
-0.00987872
-0.00874427
-0.00863819
-0.00832637
-0.0064665
-0.00581951
-0.00637949
-0.00597751
-0.0055539
-0.0060846
-0.00568201
-0.00484346
-0.00531133
-0.005029
-0.00433856
-0.0038817
-0.00368259
-0.0033825
-0.00258394
-0.00314943
-0.00356038
-0.00309648
-0.00296521
-0.00297245
-0.00333128
-0.00279088
-0.00189267
-9.31957E-4
-8.46355E-4
-3.23613E-4
0.00126567
0.00144795
0.00134891
0.00222815
0.00314993
0.00333149
0.00362984
0.00394676
0.00557499
0.00567505
0.00545718
0.00713162
0.00743772
0.00683715
0.00769038
0.00883075
0.00842479
0.00895376
0.0100514
0.0104733
0.00988238
0.0104988
0.011938
0.012144
0.0121257
0.0127326
0.0128897
0.0129998
0.014538
0.0142065
0.0130396
0.0138883
0.0136404
0.0130519
0.0128611
0.011527
0.0112475
0.00953104
0.00824757
0.00824217
0.00583395
0.00442238
0.00327101
0.00109015
6.9694E-4
9.92824E-4
4.12957E-4
-1.63075E-4
-7.40381E-4
-0.00104571
-9.76597E-4
-0.0012902
-7.52151E-4
-2.55347E-4
1.69598E-5
0.00119606
0.00216261
0.00241925
0.00319149
0.00410939
0.00312153
0.00413663
0.00543408
0.00447334
0.00495509
0.00605149
0.00602365
0.00667605
0.00869096
0.00795676
0.00541003
0.00424223
0.00515065
0.00599888
0.00554519
0.00493197
0.00496808
0.00414046
0.00272164
0.00324419
0.00218686
9.13293E-4
0.0018161
7.72284E-4
-0.00187211
-0.00165047
-0.00166433
-0.0050032
-0.00573627
-0.00587917
-0.00746965
-0.00722985
-0.0084464
-0.0102917
-0.0104875
-0.0105426
-0.0119879
-0.0129814
-0.0125652
-0.0129283
-0.013372
-0.0140065
-0.013624
-0.0135261
-0.0142176
-0.014237
-0.0147817
-0.0148541
-0.0146572
-0.0155018
-0.0161107
-0.0149683
-0.0149367
-0.0157761
-0.015462
-0.0146297
-0.0138667
-0.0134944
-0.0129446
-0.0126509
-0.0118909
-0.00977169
-0.00922813
-0.00891641
-0.00768731
-0.00674258
-0.00632968
-0.00675389
-0.005826
-0.00569207
-0.00514626
-0.00440247
-0.00645399
-0.00627386
-0.00508005
-0.00557056
-0.00540522
-0.00540287
-0.00535747
-0.00498905
-0.00612124
-0.00706066
-0.00689174
-0.00732269
-0.00618426
-0.00547332
-0.00626963
-0.00585469
-0.00624066
-0.00669731
-0.00627461
-0.00535212
-0.00425133
-0.00461853
-0.0028527
-6.71521E-4
-0.00118602
-1.34667E-5
0.00200945
0.00285717
0.00293286
0.00372245
0.00562444
0.00632978
0.00662497
0.00824647
0.0101905
0.0104054
0.0104024
0.0104034
0.00995723
0.0104625
0.0107339
0.0111919
0.0117957
0.0125158
0.0125444
0.0125107
0.013339
0.0132523
0.0131095
0.0134206
0.0137439
0.0128341
0.0127249
0.0135532
0.0129575
0.0132982
0.014512
0.0141081
0.0142764
0.01599
0.0156065
0.0156208
0.0167101
0.0165021
0.0163123
0.0163684
0.0160665
0.0162216
0.0168458
0.0161073
0.0155015
0.0147507
0.0138032
0.0133207
0.0124537
0.0124619
0.0117928
0.0109686
0.0106198
0.0101544
0.009886
0.00908877
0.00841262
0.00754899
0.00662773
0.0061566
0.00542251
0.00399665
0.0033457
0.00265465
0.00117922
5.3012E-4
7.94875E-5
7.18316E-5
-8.38207E-4
-0.00114595
-5.30893E-4
-2.16208E-4
9.40844E-4
5.6813E-4
9.99411E-4
0.00156442
0.00170356
0.00193122
9.15278E-4
1.2667E-4
-3.50349E-4
-4.33536E-4
-0.00166548
-0.00314009
-0.00367171
-0.0041563
-0.0044523
-0.00399085
-0.00489569
-0.00692977
-0.00617812
-0.0066106
-0.00826759
-0.00790252
-0.00844883
-0.00842373
-0.00749838
-0.00726327
-0.00731478
-0.00716697
-0.00637371
-0.00512237
-0.0051798
-0.00539144
-0.00395273
-0.00393426
-0.00420619
-0.00424066
-0.00475667
-0.00420597
-0.00416945
-0.00589355
-0.00768558
-0.0086253
-0.00962031
-0.0100942
-0.00969323
-0.00963039
-0.00981011
-0.0096056
-0.00922411
-0.00828326
-0.00759863
-0.00730384
-0.00527302
-0.00444641
-0.00494814
-0.00257123
-0.00149196
-0.00174747
-1.95124E-4
5.39302E-4
0.00120269
0.00176788
0.00193017
0.0022785
0.00225362
0.00276107
0.00342092
0.0040214
0.00400743
0.00368052
0.00541647
0.00536669
0.00524359
0.00670433
0.00640589
0.00644435
0.00597433
0.0058702
0.00622343
0.006023
0.00540805
0.00512909
0.0047778
0.00423078
0.0045729
0.00445825
0.00357055
0.00311615
0.00326926
0.00244225
0.00281618
0.00286688
0.00264034
0.00425124
0.00369901
0.00378327
0.00498779
0.00497199
0.00501167
0.00576311
0.00657014
0.00608769
0.00613115
0.00634025
0.00660923
0.00617737
0.00479731
0.00474744
0.00452304
0.00317879
0.00255323
0.00208649
8.05229E-4
-1.94101E-4
-0.00112833
-4.94718E-5
0.00141127
1.94011E-4
-5.40332E-4
-0.00103202
-7.01919E-4
-0.00180455
-0.00300897
-0.00169724
-0.00252292
-0.00288553
-0.00194712
-0.00210103
-0.0028086
-0.00223607
-0.00208582
-0.00381726
-0.00380981
-0.0029221
-0.0045085
-0.00622954
-0.00501665
-0.00393014
-0.00465627
-0.00567413
-0.00684427
-0.00838446
-0.00866608
-0.00740892
-0.00777387
-0.00810271
-0.00715972
-0.00724223
-0.00800284
-0.00743153
-0.00674496
-0.00783595
-0.00812317
-0.00781288
-0.0073448
-0.00702217
-0.00745484
-0.00675553
-0.0058823
-0.00521164
-0.00503232
-0.0053733
-0.0041851
-0.0035632
-0.00368233
-0.00299647
-0.00292058
-0.0026974
-0.00270392
-0.00267668
-0.00252785
-0.00329173
-0.00326336
-0.00310873
-0.00278456
-0.00222651
-0.00233402
-0.0021397
-0.00213184
-0.00120159
-9.82409E-4
-0.00149085
-8.45615E-4
-9.78627E-4
-9.53079E-4
-6.52102E-4
-0.00125398
-8.72664E-4
4.86972E-4
3.95709E-4
1.31402E-4
9.13678E-4
0.00311238
0.00426264
0.00362892
0.00418748
0.00581051
0.0064373
0.00512161
0.00567201
0.00674291
0.00657941
0.00650272
0.00529821
0.00489521
0.00611085
0.00530475
0.00335503
0.00347397
0.00374438
0.00324683
0.00112646
-5.71519E-4
7.87393E-4
0.00168707
0.00132028
0.00100627
5.55064E-4
4.1937E-4
7.7097E-4
5.73107E-4
-8.21869E-5
0.00117855
0.00144549
4.1276E-4
0.00156577
0.00158964
5.10435E-4
2.181E-4
-1.1525E-4
-5.29414E-4
-5.36057E-4
-9.30433E-4
-0.00169043
-0.00169644
-0.00165461
-6.57831E-4
2.15306E-4
1.95066E-4
-2.50432E-4
-2.65266E-4
-1.34872E-4
0.00125305
0.00295258
0.0025501
0.00468792
0.00574546
0.00526627
0.00589919
0.00667185
0.00731119
0.00673877
0.00784365
0.00791811
0.00708427
0.00698085
0.00639242
0.00577635
0.00474605
0.00379889
0.0025856
0.00140659
1.76592E-4
-3.13826E-4
-8.25492E-4
-0.00161533
-0.00167856
-0.00195304
-0.00195109
-0.0021815
-0.00254339
-0.00238202
-0.0023253
-0.00176144
-0.00144084
-0.00203274
-0.00144675
-0.00181302
-0.00237809
-0.00203037
-0.00267357
-0.00268336
-0.00273833
-0.00325862
-0.00345547
-0.00327533
-0.00396097
-0.00433286
-0.00341627
-0.00346757
-0.00320798
-0.00255139
-0.0027509
-0.00278812
-0.00242509
-0.0018088
-0.00152911
-0.00110631
-8.08537E-4
-0.00121115
-0.00109691
5.69802E-4
0.00144781
4.08525E-4
0.001059
9.69949E-4
8.15039E-4
0.00174681
0.001843
0.00170245
8.8184E-4
7.9482E-5
-0.00128827
1.75982E-5
2.2186E-4
-6.85748E-4
0.00158633
6.47224E-4
-3.29265E-4
-5.99863E-4
-0.0010638
-3.75854E-4
-0.00151942
-6.76463E-4
-9.03456E-4
-0.00160752
-5.16604E-4
-7.66976E-4
9.23803E-6
2.36058E-4
7.82694E-4
0.00101513
0.00190664
0.00275743
0.00151916
0.00173439
0.00321278
0.0048299
0.00403941
0.00313865
0.0030796
0.00194864
0.00194375
0.00189622
0.00184809
0.00233464
0.00259209
0.00166074
9.44372E-4
0.0022494
0.00307693
0.00248657
0.00218241
0.00288408
0.00265377
0.00354975
0.00387687
0.00239737
0.0048362
0.00574655
0.00421391
0.0048401
0.00572353
0.00633656
0.0055173
0.00490551
0.00581536
0.00650326
0.00451815
0.00389442
0.00532519
0.0044789
0.00266688
0.00261589
0.00340793
0.00197708
9.93473E-4
0.00133746
0.00150423
9.46641E-4
-2.12374E-5
8.2076E-4
0.00182465
-3.96145E-6
-0.00117127
0.00106121
4.66957E-4
-8.30821E-4
2.86639E-4
-2.13386E-4
4.97286E-6
4.94532E-4
9.98156E-4
0.0018781
0.00162178
0.00196584
0.00333346
0.00321056
0.0032119
0.00396201
0.00351506
0.00362247
0.00316491
0.00307506
0.00340524
0.0024235
0.0030806
0.00253399
5.62285E-4
9.38929E-4
0.00116772
-1.1768E-4
-0.00129382
-0.00245223
-0.00240683
-3.31465E-4
7.5207E-4
-1.32098E-4
1.76001E-5
0.00128164
0.00168108
0.00238173
0.00270518
0.00346703
0.00374703
0.00368737
0.00313413
0.00220849
0.00294892
0.00161161
9.57204E-4
0.00120872
-7.72656E-4
-0.00238716
-0.00184258
-0.00188204
-0.00358992
-0.00234408
-7.06032E-4
-0.00305551
-0.00495688
-0.0036323
-0.00356548
-0.00336004
-0.00170549
-0.00150321
-0.00154849
-8.26038E-4
4.11824E-4
-1.35376E-4
-2.19954E-4
3.95412E-4
7.97643E-5
5.76818E-4
0.00101552
4.31346E-4
5.06295E-5
0.00102029
0.00101376
0.00226124
0.00322209
0.00282491
0.0040276
0.00425364
0.00487422
0.00563219
0.00574226
0.0062537
0.0065896
0.00751464
0.00791307
0.00814339
0.00886862
0.00975093
0.00946932
0.00959867
0.0116779
0.0114077
0.0109925
0.0121084
0.0123175
0.0116352
0.0120768
0.0127419
0.0118535
0.0121554
0.012083
0.0119198
0.0136446
0.0129011
0.0113282
0.0128909
0.012947
0.0110692
0.0109723
0.0110478
0.00995436
0.00872894
0.00778229
0.00728832
0.00751446
0.00740146
0.00604956
0.00550428
0.00649838
0.00627032
0.00569403
0.00577523
0.00592467
0.00673375
0.0071796
0.00644246
0.00552723
0.00619421
0.00829889
0.0084314
0.00731839
0.0076857
0.00652404
0.0047367
0.00383768
0.00319754
0.00219683
9.05718E-4
1.70452E-4
-6.34164E-4
-0.00163516
-0.00348584
-0.00391045
-0.00373939
-0.00685578
-0.00835252
-0.00714534
-0.00667204
-0.00719244
-0.00834013
-0.00723658
-0.00566189
-0.00666209
-0.00822156
-0.00825103
-0.00836281
-0.00890635
-0.00873906
-0.00900854
-0.00992122
-0.0105308
-0.010799
-0.0109275
-0.0121566
-0.0127084
-0.0120658
-0.0137314
-0.0144036
-0.0143057
-0.0162477
-0.015802
-0.0147086
-0.0165966
-0.0166373
-0.0151502
-0.0147442
-0.0151665
-0.0149584
-0.0136823
-0.0142403
-0.0141077
-0.0132519
-0.0130387
-0.0131652
-0.0123298
-0.0114566
-0.0119248
-0.0114046
-0.0115484
-0.0119094
-0.0120298
-0.0124235
-0.0124276
-0.0131875
-0.012605
-0.0121848
-0.0132547
-0.0132527
-0.0123959
-0.0119685
-0.0123489
-0.0109566
-0.00926137
-0.00977024
-0.00903328
-0.00747838
-0.00760933
-0.00667398
-0.0064667
-0.00650107
-0.00474747
-0.00533028
-0.00524928
-0.00404894
-0.00437267
-0.00356053
-0.00315619
-0.00342526
-0.00260425
-0.00277529
-0.00270612
-0.00164684
-0.00177351
-9.25732E-4
4.7655E-5
-0.00117483
-0.00189198
-4.19138E-4
8.46542E-4
0.00115592
0.00208189
0.00184047
0.00234681
0.00305725
0.00257685
0.00396885
0.00451712
0.00339656
0.00443177
0.00601105
0.00555185
0.00582462
0.00713727
0.00719042
0.00774756
0.00943374
0.00890263
0.00901607
0.010822
0.0104293
0.0108067
0.0126254
0.0127172
0.0113922
0.0102957
0.010459
0.0109822
0.0108925
0.0105396
0.010919
0.0113138
0.0112638
0.0113016
0.0108701
0.0109905
0.0114781
0.0113098
0.0113914
0.0120493
0.01254
0.0121585
0.0123656
0.0130204
0.0134468
0.0128858
0.0128858
0.0134662
0.0124462
0.0124891
0.0117883
0.010698
0.0108704
0.00992914
0.00886438
0.00842375
0.00775097
0.00714857
0.00719235
0.00656282
0.00582262
0.00639618
0.00655735
0.00628625
0.00626127
0.00749457
0.00684933
0.00513758
0.00623216
0.00685049
0.00793783
0.00799272
0.00673915
0.00695867
0.00671134
0.00725797
0.00818363
0.00751759
0.00715948
0.00659401
0.00630913
0.00705967
0.00626969
0.00585528
0.00645373
0.00624281
0.00586236
0.00646866
0.0061382
0.00488851
0.00614557
0.00618394
0.00506389
0.00471088
0.00404157
0.00297283
0.00252394
0.00122417
-9.37763E-4
-5.81829E-4
2.32187E-4
3.86895E-4
-0.00140358
-0.00241693
-0.00295874
-0.00387918
-0.0041362
-0.00490618
-0.00531753
-0.00627122
-0.00616941
-0.00592419
-0.00667856
-0.00664703
-0.00582142
-0.00556029
-0.00633129
-0.00625957
-0.00555912
-0.00511561
-0.00614569
-0.00704124
-0.00495287
-0.0041797
-0.00576222
-0.00724232
-0.00722578
-0.00720506
-0.00742516
-0.00618381
-0.0055925
-0.00581535
-0.00634441
-0.00545873
-0.004178
-0.00438872
-0.0036185
-0.00257849
-0.0028857
-0.00289313
-0.00209466
-0.00192502
-0.00217001
-0.00172231
-0.00131042
-0.00270974
-0.00250868
-0.00197602
-0.00243562
-0.00244183
-0.00323568
-0.00216221
-0.00328256
-0.00341984
-0.00192522
-0.00371235
-0.0035988
-0.0029312
-0.00331368
-0.00352164
-0.00351683
-0.00313544
-0.00336003
-0.00317784
-0.00271311
-0.00304133
-0.0029642
-0.00197122
-0.00214919
-0.00220905
-0.0016056
-0.00183049
-0.00128987
-0.00131709
-0.00172406
-0.00102473
-5.30838E-4
-0.00118075
-7.26237E-4
2.47533E-4
-3.7413E-4
5.82881E-4
0.00145001
0.00147991
0.00213977
0.00209297
0.00262573
0.00353905
0.00316993
0.00258253
0.00362142
0.00327586
0.00218335
0.00286789
0.00264677
0.00164066
6.14044E-5
-5.58608E-4
5.63409E-4
7.74576E-4
0.00102271
0.0011377
1.8981E-4
0.00112376
9.93431E-4
-6.96988E-4
4.27314E-4
4.22741E-4
-2.22279E-4
-2.97548E-4
-0.00114195
-3.63773E-4
-5.7462E-4
-0.00174278
-8.99639E-4
5.25542E-4
-7.57386E-4
-0.00137428
-8.13798E-4
-0.00252532
-0.00165942
-4.07908E-4
-0.00121487
-8.75614E-4
-0.00217537
-0.00371341
-0.00299297
-0.00214635
-0.00213613
-0.00281636
-0.00187763
-0.00189475
-0.00241728
-0.00229863
-0.00263797
-0.00204217
-0.0026668
-0.00264669
-0.00192461
-0.00268694
-0.00266622
-0.00235724
-0.00297208
-0.00315423
-0.00231986
-0.00305536
-0.00261633
-0.00144434
-0.00300472
-0.00279294
-0.00181475
-0.00219539
-0.00203299
-0.00124013
-0.00143727
-0.00168817
-0.00132096
-0.00129544
-8.47263E-4
-0.00144565
-0.00147776
0.00102187
0.00103576
-0.00104278
-0.00159509
-2.58971E-4
2.87716E-4
-8.66405E-4
-9.80902E-4
-0.00104144
7.95254E-6
7.11374E-4
-9.94078E-4
-0.00111358
4.09358E-4
2.92392E-4
3.0509E-4
6.5608E-4
4.38758E-4
0.00120938
0.00250347
0.00150134
2.56069E-4
0.00131625
0.00191766
0.00139911
1.31981E-4
0.00248545
0.00324414
0.00150516
0.0027149
0.00191901
0.00226512
0.00375189
0.00300578
0.00192664
0.00102059
-9.82469E-5
7.49168E-4
0.00314755
0.00329384
0.00373552
0.00366343
0.00280685
0.00373425
0.00396459
0.00344441
0.00420688
0.00490029
0.00429433
0.00452161
0.00448695
0.00406193
0.00461449
0.00487838
0.00428649
0.00294021
0.00311027
0.00385285
0.00253013
0.00126351
0.00202446
0.00264249
0.00143453
5.32551E-4
-4.72139E-4
-0.00208727
-0.00244303
-0.0026519
-0.00332794
-0.00386199
-0.00382902
-0.00362449
-0.00458817
-0.0050142
-0.0038371
-0.00529109
-0.00627965
-0.00585501
-0.00623933
-0.00535527
-0.00570837
-0.00601701
-0.00580034
-0.00592863
-0.00592351
-0.00522255
-0.00504403
-0.00562479
-0.00540629
-0.00574858
-0.00588646
-0.00575925
-0.00572353
-0.00527369
-0.00521063
-0.00561402
-0.00539083
-0.00462703
-0.0044634
-0.00367788
-0.00308809
-0.00348873
-0.00304133
-0.00224683
-0.00207209
-0.00280147
-0.00238733
-0.00179081
-0.00221858
-0.00262166
-0.00270742
-0.00232714
-0.00233284
-0.00330008
-0.00369398
-0.00241152
-0.00324157
-0.00423085
-0.00347684
-0.00340144
-0.00314948
-0.00265955
-0.00284599
-0.00285137
-0.00185573
-0.0017482
-0.00161078
-0.00180691
-0.00212594
-0.00142538
-0.00159387
-0.00190556
-0.0019188
-0.00135553
-0.00158032
-0.00215058
-0.00323022
-0.00374265
-0.0017368
-2.01034E-4
1.4849E-4
3.4503E-5
9.52478E-4
5.40308E-4
9.61967E-4
0.0016877
5.05327E-4
0.00149139
0.00169746
0.00127193
0.00151543
0.0016251
0.00141133
0.00129242
0.00172584
0.00154328
0.00213715
0.00175743
0.00208773
0.00250136
0.00294376
0.00448867
0.00372186
0.00395209
0.00285296
0.00129371
0.00207679
0.00212914
0.00128909
0.00177534
0.00153914
0.00123693
0.00168504
0.00131327
0.00103718
0.00122233
0.00199042
0.00110304
0.00141416
0.00248917
0.00153743
0.00134038
0.00195231
0.00147721
0.00139502
0.00181182
0.00158397
0.00138673
0.00204465
0.00269391
0.00262375
0.00290152
0.00271693
0.00190279
0.00280194
0.00321404
0.00124241
0.00125681
0.00282325
0.00194454
0.00126229
0.00173926
4.15082E-4
6.20972E-4
0.00245313
7.72142E-4
1.72641E-4
0.00188302
5.07513E-4
-0.00132718
6.2073E-4
9.22766E-4
-0.00163515
-3.41323E-4
2.52514E-4
-0.00156449
-0.00124551
-5.61272E-4
-0.00172446
-0.00197331
-9.3911E-4
-0.00154486
-0.00241378
-0.00232909
-0.00166872
-0.00234955
-0.00278894
-0.00152442
-0.0025191
-0.00347257
-0.00191235
-0.00160246
-0.0032076
-0.00332355
-0.00276304
-0.00514543
-0.00636043
-0.00502257
-0.0047907
-0.00370478
-0.00401413
-0.0051973
-0.00361577
-0.00446306
-0.00533391
-0.00362885
-0.0042039
-0.00384902
-0.00377433
-0.0050133
-0.00375612
-0.00399111
-0.00498252
-0.00435387
-0.0044588
-0.00477518
-0.00421528
-0.0042684
-0.00464006
-0.00453997
-0.00375363
-0.00246983
-0.00360772
-0.00581528
-0.00630832
-0.00599536
-0.00638365
-0.00649623
-0.005838
-0.00614805
-0.00686142
-0.00658477
-0.00665145
-0.00701322
-0.00579001
-0.00497051
-0.00549252
-0.00509837
-0.00526165
-0.00487912
-0.00393192
-0.00481297
-0.0043616
-0.00333616
-0.00299893
-0.0028509
-0.00270726
-0.00200496
-0.0016769
-0.00168677
-0.00132464
-0.00127321
-0.0015494
-0.00137822
-8.06483E-4
-6.32505E-4
-9.65988E-4
3.62429E-5
0.00120965
5.25055E-4
4.64793E-5
0.00160712
0.0020942
0.00153007
0.00251276
0.00307919
0.00366276
0.00410251
0.00442414
0.00522222
0.00471449
0.00480631
0.00540335
0.00583953
0.00572562
0.00602726
0.00665703
0.00607699
0.00621237
0.00629981
0.0066958
0.00656639
0.00632131
0.00758308
0.00756638
0.00727815
0.00800636
0.00787317
0.00755496
0.00835283
0.00832052
0.00776108
0.00829987
0.00863691
0.008574
0.00740766
0.00593277
0.00714476
0.00895978
0.00887443
0.00900104
0.00882175
0.00818723
0.00950633
0.00971005
0.00935002
0.00973418
0.00924899
0.00952534
0.00967959
0.00947062
0.00988466
0.00951168
0.00868211
0.009859
0.0093047
0.00822045
0.00856088
0.00847627
0.00803557
0.00767593
0.00909009
0.00872853
0.00654313
0.00601189
0.00515257
0.00446904
0.00441947
0.00469764
0.00443533
0.00349358
0.00315557
0.00318648
0.00283208
0.00275838
0.00225106
0.00137885
0.00136401
7.02708E-4
8.44636E-4
2.32265E-4
-7.4877E-4
-2.99353E-4
-2.61882E-4
-6.62104E-4
-0.00142546
-0.00159604
-0.00155243
-0.00109831
-0.00192144
-0.00245425
-0.00164721
-0.00251523
-0.00271626
-0.00232913
-0.00288078
-0.00412514
-0.00431399
-0.00376807
-0.00412276
-0.00451007
-0.00500694
-0.00573615
-0.00567024
-0.00529894
-0.00600084
-0.00611728
-0.00632146
-0.00726053
-0.00695798
-0.00616258
-0.0070907
-0.00866251
-0.00799583
-0.00828509
-0.00837405
-0.00828949
-0.00881297
-0.00862874
-0.00964358
-0.00989771
-0.00927771
-0.00862738
-0.0094684
-0.0105177
-0.00958785
-0.00884935
-0.00939195
-0.00944328
-0.00925033
-0.0101465
-0.0100633
-0.0100591
-0.0100646
-0.00932567
-0.0102906
-0.0116193
-0.011923
-0.0100707
-0.00768713
-0.00843636
-0.00930498
-0.00844664
-0.00856927
-0.0088449
-0.00795411
-0.00808906
-0.00867101
-0.0082973
-0.00826543
-0.00812916
-0.00724958
-0.00718247
-0.00781533
-0.00750516
-0.00643871
-0.00541978
-0.00609694
-0.00607664
-0.00562681
-0.0064888
-0.0046563
-0.00315542
-0.00414553
-0.0043395
-0.00425551
-0.0052108
-0.00533616
-0.00396984
-0.00335126
-0.00384804
-0.00371118
-0.00295388
-0.00328324
-0.00297029
-0.0019842
-0.00232599
-0.00199454
-0.00156275
-0.00180131
-0.00151399
-0.00160122
-6.02843E-4
1.7756E-4
-5.73056E-5
0.00115032
0.00116636
7.28869E-4
0.00186966
0.00233343
0.0025227
0.00254204
0.00306648
0.00380772
0.00370188
0.00418142
0.00429801
0.00428588
0.00502759
0.00470053
0.00450941
0.004984
0.00491663
0.00528795
0.00553427
0.00556995
0.0055676
0.0052053
0.00567767
0.00550734
0.00542807
0.00611151
0.00556715
0.00605572
0.00631743
0.00598149
0.0070388
0.00680718
0.00659194
0.00718308
0.00634692
0.00630489
0.00733868
0.00651254
0.00575577
0.00632174
0.00578226
0.00527201
0.00587251
0.00553897
0.0049909
0.00501933
0.00488544
0.00478873
0.00460082
0.00392214
0.00236826
0.0023512
0.00397804
0.00332029
0.00276458
0.00268147
0.00215784
0.00249759
0.0017908
0.00201304
0.00220657
0.00144497
0.00176355
0.00182656
7.67014E-4
7.43674E-4
9.25166E-4
-3.40934E-4
-2.27899E-4
-7.33322E-4
-0.00159013
-0.00167174
-0.00246407
-0.00226778
-0.00300771
-0.00259913
-0.00233606
-0.0044795
-0.00483129
-0.00483898
-0.00466751
-0.00497722
-0.00542358
-0.00479491
-0.00519725
-0.00594191
-0.00581014
-0.00573914
-0.00612002
-0.00633299
-0.00624081
-0.00670907
-0.00685135
-0.00590346
-0.00694372
-0.00767587
-0.0070089
-0.00747851
-0.00813876
-0.00753903
-0.00754678
-0.00854863
-0.00777712
-0.00797933
-0.00866472
-0.00833884
-0.00814821
-0.00835579
-0.00902013
-0.00822535
-0.00811781
-0.00873991
-0.00820408
-0.00785524
-0.0080169
-0.00788444
-0.00749859
-0.00722134
-0.00671368
-0.00663969
-0.0062442
-0.00549072
-0.00547133
-0.00518005
-0.00503046
-0.00499788
-0.00439518
-0.00431402
-0.00482553
-0.00416831
-0.00352269
-0.00380991
-0.00323243
-0.00307698
-0.0034961
-0.00307384
-0.00230699
-0.00199062
-0.00194557
-0.00146989
-9.13225E-4
-3.38257E-4
-7.364E-5
5.04868E-4
0.00147642
0.00159726
0.00180371
0.00286593
0.00336893
0.00243986
0.00203091
0.00305371
0.00423809
0.00451295
0.00441581
0.00443571
0.00434029
0.00450533
0.00477952
0.00496386
0.00550442
0.00565791
0.00579886
0.00593455
0.00583545
0.00630083
0.00698968
0.0067557
0.00618905
0.00655433
0.0066457
0.00641096
0.00638378
0.00659919
0.00681099
0.00744563
0.00741675
0.00656705
0.00572747
0.00567594
0.00626634
0.00556336
0.00502401
0.0053085
0.00474919
0.00410502
0.00438651
0.00436211
0.00396602
0.00373604
0.00398231
0.003534
0.00276579
0.00354461
0.00388235
0.00314876
0.0030309
0.00362141
0.00310868
0.00245121
0.00285943
0.00225933
0.00177456
0.00203949
0.00196942
0.00139303
0.0011773
0.00154366
0.00102214
7.61024E-4
8.93778E-4
8.29159E-4
4.92112E-4
5.98772E-4
6.88678E-4
1.81479E-5
-2.687E-5
-3.99915E-4
-7.78591E-4
-6.19526E-4
-5.49181E-4
-0.00110248
-0.00141887
-0.00108038
-8.53075E-4
-0.00124243
-0.0015695
-0.00118726
-0.00150248
-0.00148116
-0.00126184
-0.00161625
-0.00148798
-0.00167891
-0.00195514
-0.00167015
-0.00191449
-0.00230741
-0.00276569
-0.00293436
-0.0031574
-0.00308004
-0.00293262
-0.00343334
-0.00323711
-0.00299564
-0.00282311
-0.00291259
-0.00335132
-0.00322884
-0.00373767
-0.00406102
-0.003023
-0.00284428
-0.00286969
-0.00258042
-0.00248568
-0.00210718
-0.00224036
-0.00225952
-0.00144963
-0.00132328
-0.00188406
-0.0019151
-0.00150345
-0.00166232
-0.00178291
-0.00143378
-0.00140758
-0.00103859
-8.84569E-4
-5.67237E-4
-1.86882E-4
-3.16659E-4
3.29511E-4
7.66077E-4
8.23224E-4
9.90156E-4
4.53758E-4
3.90574E-4
8.99259E-4
0.00111888
0.00155044
0.00187605
0.00213767
0.00226884
0.00251145
0.00278827
0.00266973
0.00296567
0.00307615
0.00278633
0.00305567
0.00306346
0.00309262
0.00319119
0.00295874
0.00299133
0.00274625
0.00271361
0.00280346
0.0026544
0.00295575
0.00315827
0.00320013
0.00306516
0.00301613
0.00340516
0.00328324
0.00312976
0.00341476
0.00353828
0.00342663
0.00335341
0.00346601
0.00358986
0.00322343
0.00320973
0.00340308
0.00315001
0.00350529
0.00331535
0.00286523
0.00294471
0.00300338
0.00290845
0.0024431
0.00237833
0.00216857
0.00180725
0.00177737
0.00178159
0.00173796
0.00155445
0.00145688
0.00123961
0.00120903
0.00136332
0.00176952
0.00149541
0.00105525
0.00144247
0.00120333
0.00110584
0.00101825
9.03574E-4
9.12041E-4
6.55203E-4
9.09669E-4
5.68545E-4
-3.69073E-4
-8.26376E-5
3.58039E-4
4.04003E-5
1.49896E-4
2.42569E-4
3.04747E-5
-1.55101E-4
-1.00442E-4
-2.36727E-4
-4.65761E-4
-3.1596E-4
-5.42924E-4
-5.40973E-4
-3.40858E-4
-4.73949E-4
-7.07227E-4
-7.4832E-4
-8.0021E-4
-9.60993E-4
-8.29315E-4
-7.72112E-4
-8.61129E-4
-0.00105254
-9.22826E-4
-4.62013E-4
-4.43896E-4
-8.45549E-4
-9.43788E-4
-0.00105393
-0.00102672
-4.72544E-4
-9.4453E-4
-0.0013425
-8.40009E-4
-9.80997E-4
-0.00106025
-8.33543E-4
-8.74793E-4
-0.00101098
-0.00104067
-8.47608E-4
-8.82339E-4
-0.00101768
-7.62805E-4
-7.22548E-4
-7.55499E-4
-6.11532E-4
-5.32021E-4
-4.46781E-4
-5.08614E-4
-4.87722E-4
-2.6922E-4
-2.87545E-4
-3.20511E-4
-2.81813E-4
-2.44973E-4
-1.51526E-4
-1.37061E-4
-2.0838E-6
2.42392E-5
1.54624E-4
1.20089E-4
2.67479E-5
3.22027E-4
2.97406E-4
1.52544E-4
3.85995E-4
4.24761E-4
4.28244E-4
5.56916E-4
5.48751E-4
6.98629E-4
7.12918E-4
8.38458E-4
9.4235E-4
9.97657E-4
0.00124583
0.00138163
0.00156382
0.00156958
0.00170242
0.00173809
0.0016692
0.00198232
0.0020232
0.00212745
0.00227427
0.00230933
0.00232886
0.00221554
0.00221154
0.00221461
0.00226101
0.00234398
0.00238964
0.00222435
0.00222034
0.00226275
0.00206928
0.00204781
0.00193134
0.00196674
0.00208464
0.00206829
0.00233754
0.00214185
0.00184817
0.0019476
0.00179008
0.00179829
0.00188702
0.00174357
0.0016178
0.00156016
0.0015787
0.00153711
0.00143994
0.00141393
0.00135799
0.00131648
0.00122749
0.00125073
0.00135018
0.00117507
0.00120339
0.00138834
0.00121462
0.00103364
0.00100317
9.00837E-4
9.24154E-4
8.83715E-4
8.40034E-4
8.20912E-4
6.91864E-4
7.40878E-4
5.34637E-4
4.84108E-4
7.97511E-4
6.98812E-4
4.03773E-4
3.88039E-4
4.3659E-4
2.76164E-4
1.7079E-4
1.35673E-4
9.51005E-5
5.78036E-5
-3.32739E-5
-7.54557E-5
-1.06741E-4
-1.54912E-4
-1.64187E-4
-2.58375E-4
-2.66263E-4
-2.41281E-4
