7.802543999999999E-4
7.907752999999998E-4
7.425025999999999E-4
6.718834999999999E-4
6.201115999999999E-4
6.178675999999999E-4
6.836457E-4
8.151740999999999E-4
9.728143999999999E-4
0.0010979309999999997
0.0011501549999999997
0.001113688
9.921045999999997E-4
8.058954E-4
5.874316E-4
3.7754059999999993E-4
1.9819669999999998E-4
2.7017349999999996E-5
-1.5588309999999998E-4
-3.086265E-4
-3.7740199999999994E-4
-3.845214E-4
-4.1713149999999996E-4
-5.467750999999999E-4
-7.689720999999999E-4
-0.0010105599999999998
-0.001191585
-0.00128181
-0.0013112849999999997
-0.0013326909999999998
-0.001380497
-0.001457515
-0.0015499419999999997
-0.0016433359999999998
-0.0017241939999999999
-0.0017839369999999998
-0.0018046109999999998
-0.0017465739999999999
-0.0015730709999999999
-0.0012794389999999998
-8.973813999999999E-4
-4.7325899999999996E-4
-3.626821E-5
4.0822899999999997E-4
8.532332999999999E-4
0.001264954
0.001588728
0.0017921939999999998
0.001896375
0.0019627149999999994
0.0020593219999999997
0.002213214
0.0023957249999999996
0.002557657
0.0026362019999999994
0.0025536599999999997
0.002274101
0.001857031
0.001426334
0.0010781009999999997
8.319990999999999E-4
6.360596E-4
4.035566999999999E-4
1.0618509999999998E-4
-2.0976159999999997E-4
-5.10488E-4
-8.041387999999999E-4
-0.0011137309999999997
-0.001451822
-0.001809146
-0.002171336
-0.0025388079999999996
-0.0029231089999999997
-0.003317683
-0.003691693
-0.004007411
-0.004225952
-0.004325709999999999
-0.004314723
-0.004235233
-0.004154641999999999
-0.004127217999999999
-0.004182022
-0.004324655
-0.004547559999999999
-0.0048425
-0.005160835999999999
-0.005387898
-0.005395496
-0.005137128999999999
-0.004695396
-0.004229408999999999
-0.00386849
-0.0036439969999999995
-0.003540441
-0.0035628179999999997
-0.0036919749999999997
-0.0038525659999999995
-0.003968435
-0.003993794
-0.003890047
-0.0036169989999999996
-0.00316528
-0.002581415
-0.0019421729999999997
-0.001287529
-5.87416E-4
2.1079819999999998E-4
0.001084072
0.001905205
0.002518604
0.002787795
0.0026421089999999997
0.0021389189999999995
0.001450538
7.988262E-4
3.941574E-4
3.7000229999999997E-4
7.160806E-4
0.0012973629999999997
0.001956445
0.002590228
0.003122337
0.0034473859999999998
0.0034717639999999996
0.0031864649999999994
0.002648784
0.0019200949999999997
0.00107608
2.7195419999999994E-4
-2.815032E-4
-4.62667E-4
-3.408831E-4
-1.248872E-4
8.054073E-6
1.748836E-5
-1.0745439999999998E-5
7.774804999999999E-5
3.7537719999999994E-4
7.824927999999999E-4
0.001013485
7.960646999999999E-4
1.0629729999999998E-4
-7.964584999999998E-4
-0.001520586
-0.0017068929999999997
-0.0011226919999999998
3.0569639999999997E-4
0.002485035
0.005116489999999999
0.0077359989999999995
0.009917186
0.011413599999999998
0.012192019999999998
0.012358199999999998
0.01196203
0.010974469999999998
0.009445449
0.007631467
0.0059291809999999995
0.004633403999999999
0.0038180719999999996
0.0033702299999999997
0.00309663
0.0028748489999999996
0.0026926309999999996
0.0025996599999999997
0.002611852
0.0026407959999999995
0.002567569
0.002364645
0.0021688309999999995
0.0021886929999999994
0.0025555809999999995
0.0032571459999999994
0.004142851
0.004991064999999999
0.005533827999999999
0.005569875
0.005118036999999999
0.004361738
0.003551533
0.002912935
0.0025311959999999994
0.002339321
0.002172203
0.0018597989999999999
0.00132817
6.260611999999999E-4
-1.3614679999999997E-4
-8.289242E-4
-0.001317503
-0.001514351
-0.0013773109999999998
-8.641777E-4
3.444464E-5
0.001212342
0.002415257
0.003372154
0.003935792
0.004035404
0.0036156259999999994
0.0026844079999999997
0.0014071819999999999
1.313493E-4
-7.890511999999999E-4
-0.001215029
-0.001245894
-0.001113491
-0.00101083
-9.906613999999998E-4
-0.001018698
-0.001045304
-0.00104028
-0.001029927
-0.001118538
-0.001421092
-0.001968001
-0.002670675
-0.0033679239999999996
-0.0038726039999999995
-0.004018795
-0.0037378159999999997
-0.0030877369999999997
-0.002247391
-0.001464601
-9.825071999999997E-4
-9.940072E-4
-0.001591072
-0.00271872
-0.004156736
-0.005604176
-0.006812721999999999
-0.007677210999999999
-0.008259169
-0.008660395
-0.008891385
-0.008904641999999999
-0.008683336
-0.008276795
-0.007817200999999998
-0.0074755049999999995
-0.007333408999999999
-0.007345196
-0.007406858999999999
-0.007434167999999999
-0.007407795
-0.007324605999999999
-0.007189954999999999
-0.007050011999999999
-0.0069556999999999996
-0.006937211
-0.006948576999999999
-0.006821267
-0.006376985999999999
-0.005650959999999999
-0.004943738
-0.0046082499999999995
-0.004821231999999999
-0.005469105999999999
-0.006243823999999999
-0.006836843999999999
-0.007054827999999999
-0.0068916559999999995
-0.00644345
-0.005814857999999999
-0.005111634999999999
-0.004403442999999999
-0.0036998649999999997
-0.002912425
-0.001907741
-6.149892999999999E-4
9.380811999999999E-4
0.002658007
0.004476364
0.006345349
0.008112946999999999
0.009545358
0.010431099999999999
0.010598049999999998
0.010053089999999999
0.009025122
0.007819219999999998
0.0067330229999999994
0.0059746339999999995
0.005590593
0.005488003
0.00550189
0.0054642
0.005255162
0.004850191
0.004328241
0.0038170939999999996
0.0034348819999999998
0.00322163
0.00312374
0.00297498
0.00251234
0.001541106
1.286009E-4
-0.001375239
-0.00253995
-0.003040077
-0.0027172269999999996
-0.001645022
-1.9070749999999998E-4
0.001184629
0.002157528
0.002571499
0.002472702
0.0020560919999999994
0.001554177
0.0011840959999999997
0.0011254
0.001425582
0.001943278
0.0025494379999999994
0.003216816
0.0038746509999999994
0.004407361
0.004736514999999999
0.004778192999999999
0.0044089689999999996
0.0036177219999999994
0.0025555789999999997
0.001431696
5.370969E-4
1.725875E-4
4.5404699999999996E-4
0.001310634
0.0026625449999999997
0.00437621
0.006081599
0.007297915
0.0077122499999999995
0.007271358999999999
0.00615958
0.004697691999999999
0.003137925
0.001620545
2.9751519999999995E-4
-6.048323E-4
-8.638144999999999E-4
-4.282933999999999E-4
5.404878E-4
0.0017656829999999999
0.0029486569999999995
0.0038097909999999994
0.004086506
0.003596752
0.002329338
5.006146999999999E-4
-0.001525415
-0.003384227
-0.004862015999999999
-0.005999368
-0.006996534
-0.008011816
-0.009047455999999999
-0.01001938
-0.01081934
-0.011322589999999999
-0.01143972
-0.01115812
-0.010565229999999998
-0.009799854
-0.009007206
-0.008348994
-0.007954586
-0.007858945999999999
-0.007994942
-0.008231157999999999
-0.008387538999999998
-0.00826657
-0.007743364
-0.006806162
-0.005532925
-0.004056915
-0.002529525
-0.001095399
1.2631319999999998E-4
0.001026136
0.001527509
0.00158793
0.001169551
3.094702E-4
-8.317196E-4
-0.001929891
-0.0025693319999999997
-0.0024335229999999995
-0.001472101
8.426697999999998E-5
0.0018242199999999999
0.0032703899999999998
0.004228626
0.004903492999999999
0.005593662999999999
0.0064456259999999994
0.0073616079999999995
0.008086626
0.008441477
0.008441764999999999
0.008215217
0.007874583
0.007462746999999999
0.0069905639999999995
0.006552716
0.0063392859999999995
0.006451648
0.006824952
0.007249611999999999
0.00749928
0.00749444
0.007286173999999999
0.0069574879999999995
0.006502025
0.005796707
0.004683858999999999
0.0030758799999999996
0.0010006409999999998
-0.0014802099999999998
-0.004352768
-0.007643475
-0.011316779999999999
-0.01513289
-0.01873158
-0.02189864
-0.024625569999999996
-0.02696735
-0.028879999999999996
-0.03020613
-0.030823569999999998
-0.030709239999999995
-0.029994119999999996
-0.02896998
-0.02793199
-0.02703018
-0.026220709999999998
-0.02533199
-0.02409941
-0.022317599999999996
-0.02001601
-0.01738817
-0.014726949999999999
-0.012273339999999999
-0.01007601
-0.008095441
-0.006259568
-0.004477928999999999
-0.0027127799999999997
-0.0010375039999999999
3.9083859999999995E-4
0.0015124159999999997
0.002395494
0.0031133789999999995
0.0037015169999999997
0.004139005
0.004406944
0.004621493
0.005043943
0.005907973
0.007310752999999999
0.009134521
0.0111122
0.01300386
0.014587559999999998
0.01572791
0.01636693
0.01643859
0.01598143
0.015170379999999999
0.014162139999999998
0.013120019999999998
0.01225648
0.011638209999999998
0.01121667
0.01088864
0.01051664
0.01004479
0.009485859999999999
0.008908374999999998
0.008389904999999998
0.008008388
0.007715185999999999
0.007293147999999999
0.006552947
0.005354429999999999
0.003719319
0.0018236449999999998
-1.2199339999999998E-4
-0.001943394
-0.003591423
-0.005063920999999999
-0.006418354
-0.007667865
-0.008688157999999998
-0.00935236
-0.009511767999999999
-0.008964927999999999
-0.007641528999999999
-0.005687960999999999
-0.003337008
-8.932100999999999E-4
0.0013482009999999998
0.0032016239999999997
0.004586201999999999
0.005522528
0.006104291
0.006455594999999999
0.006631699999999999
0.006717223
0.006756846999999999
0.006711815
0.006613026
0.006514729
0.006420913
0.00628056
0.005953332999999999
0.005277018999999999
0.004205459999999999
0.0028390159999999998
0.001339295
-1.746236E-4
-0.0015393449999999997
-0.002636157
-0.00337936
-0.003735615
-0.0038570459999999994
-0.0038650909999999998
-0.0037222319999999994
-0.003265352
-0.002377127
-0.00119632
-5.011821E-5
7.521078E-4
0.001073633
9.463732999999999E-4
5.271738999999999E-4
1.8205229999999998E-4
2.0148949999999996E-4
6.213180999999999E-4
0.0013462739999999997
0.0021924269999999994
0.0030140419999999998
0.0036756
0.004056572999999999
0.004122172
0.0038982639999999994
0.003441256
0.002940763
0.0026543769999999994
0.0025978639999999996
0.002646361
0.0028369339999999997
0.0030562299999999996
0.002999416
0.002485917
0.001482228
2.3146479999999997E-4
-8.368922E-4
-0.0013506009999999999
-0.001204285
-6.288021E-4
-6.619193999999999E-5
1.415148E-4
-1.475122E-5
-4.756567999999999E-4
-0.0011865309999999998
-0.0019616329999999995
-0.0026514289999999994
-0.003243039
-0.0035784509999999994
-0.0034028189999999996
-0.0026383239999999996
-0.0012443259999999998
5.797745E-4
0.002504026
0.004304898
0.00572899
0.006724439
0.007338794
0.0075618759999999995
0.007334574
0.006713664
0.005876573
0.004864671
0.0037114059999999996
0.002317516
7.059884E-4
-8.285795E-4
-0.0021911039999999997
-0.0031707129999999995
-0.0035312539999999997
-0.0034220849999999996
-0.0031265219999999996
-0.0028620599999999996
-0.0026860989999999995
-0.002614097
-0.002600004
-0.0025901819999999995
-0.002691518
-0.0029895479999999994
-0.003444472
-0.00392694
-0.004306086
-0.004512639
-0.004514468
-0.00436877
-0.004275917
-0.004430017999999999
-0.004848694
-0.005418831
-0.006081156
-0.006860671
-0.0077186929999999996
-0.008657306
-0.009747558
-0.01086389
-0.011905179999999998
-0.012865
-0.013529599999999998
-0.01385451
-0.013896929999999998
-0.01364494
-0.013214809999999999
-0.012682959999999998
-0.012284099999999997
-0.01222551
-0.012393009999999998
-0.012612099999999998
-0.012632569999999997
-0.01221501
-0.01136956
-0.01027628
-0.009131930999999998
-0.008027823
-0.007064840999999999
-0.006377674
-0.005971741
-0.005890408
-0.006085508
-0.006286361999999999
-0.006300462999999999
-0.0059949999999999995
-0.005287212
-0.004299888
-0.003180008
-0.0018711919999999998
-3.2282489999999997E-4
0.0015838699999999998
0.003949543
0.0064628969999999996
0.008701684999999999
0.010258219999999998
0.010752489999999998
0.01014602
0.008868767
0.007494574999999999
0.006497023999999999
0.0061935589999999995
0.006488717999999999
0.006994323
0.0074159379999999995
0.007665859999999999
0.007869413
0.008344069
0.0093351
0.010990809999999998
0.01334332
0.01605921
0.01870862
0.02092462
0.02241013
0.02314101
0.023363149999999996
0.02332119
0.023182099999999997
0.02305969
0.02292877
0.02284696
0.02273652
0.02250519
0.022260039999999995
0.021877799999999996
0.02132002
0.02067551
0.020049429999999997
0.019522789999999998
0.019051539999999995
0.01867262
0.01838416
0.018331339999999998
0.01856898
0.01887534
0.01923963
0.019425699999999997
0.01931047
0.019140539999999998
0.018768229999999997
0.01841552
0.0184263
0.01862072
0.018977039999999997
0.01940947
0.019671239999999996
0.01947344
0.01874364
0.01757263
0.01591286
0.01412316
0.012535559999999998
0.011133389999999998
0.010070599999999999
0.009183767999999998
0.00820019
0.007281234999999999
0.006308215999999999
0.005116924999999999
0.0036692769999999994
0.001924482
1.398659E-4
-0.0017461539999999998
-0.003838333
-0.005917653999999999
-0.007767709999999999
-0.009334033
-0.01079909
-0.01220593
-0.01354219
-0.014770569999999998
-0.015798059999999996
-0.0165242
-0.01717785
-0.018122719999999995
-0.01938629
-0.02088317
-0.02235116
-0.023543219999999997
-0.024161449999999998
-0.024175229999999995
-0.02374856
-0.02304594
-0.02251172
-0.022167309999999996
-0.021819919999999996
-0.021439789999999997
-0.020855409999999998
-0.019812719999999995
-0.01834537
-0.016673129999999998
-0.015075809999999999
-0.013751649999999999
-0.01271503
-0.01196536
-0.01153359
-0.011464079999999998
-0.01160487
-0.01199001
-0.012370799999999998
-0.012404309999999998
-0.01230456
-0.011951029999999998
-0.011281269999999998
-0.01063415
-0.01006773
-0.009586194999999999
-0.009176777
-0.008792064999999998
-0.008507957
-0.008433654
-0.008573599
-0.00883133
-0.009104495
-0.009370679
-0.009732354999999998
-0.01004228
-0.010091899999999997
-0.009941155999999998
-0.009635637
-0.009151427
-0.008683526999999998
-0.008501388
-0.008507164999999999
-0.008558291
-0.008690381999999998
-0.008732741
-0.008526688999999999
-0.008237592
-0.007934738999999998
-0.007766894999999999
-0.007896953
-0.008100076
-0.008567360999999999
-0.009294942
-0.009952583
-0.010605379999999998
-0.01099933
-0.01086272
-0.01023097
-0.009309788
-0.008133567
-0.006808238999999999
-0.005628924999999999
-0.004597701
-0.003718253
-0.002977844
-0.002466229
-0.002118979
-0.0018741619999999997
-0.0018351729999999998
-0.00180638
-0.0015956139999999998
-0.0011972489999999998
-6.024942999999999E-4
2.670931E-4
0.00150285
0.002946593
0.00438514
0.005713589999999999
0.006653242
0.007053123
0.006969056999999999
0.006414588999999999
0.00547222
0.00444017
0.0035897509999999995
0.0029698449999999996
0.0024072859999999994
0.001789335
0.001042485
2.1283639999999997E-4
-4.0261689999999994E-4
-6.126172999999999E-4
-6.494306E-4
-9.59202E-4
-0.0015044359999999998
-0.002145277
-0.0026578479999999995
-0.002788378
-0.002349337
-0.001254978
2.3568819999999997E-4
0.002017511
0.003835048
0.005434187
0.0068865739999999995
0.008228354999999998
0.009366534
0.010356009999999999
0.01125605
0.012016119999999998
0.012772259999999999
0.013534469999999998
0.01421373
0.014931839999999998
0.015493419999999999
0.01544045
0.014852739999999998
0.013855509999999998
0.01257715
0.01122838
0.009884569
0.008557057
0.0070758999999999996
0.005377248999999999
0.003467274
0.001421052
-5.786366E-4
-0.002325446
-0.003640255
-0.004330318999999999
-0.004320304
-0.0037674519999999997
-0.0028142669999999996
-0.0016159969999999999
-4.0519429999999994E-4
6.849685E-4
0.0015485809999999998
0.0021628509999999995
0.002536547
0.002664971
0.0026406619999999994
0.0024623249999999996
0.0022547539999999994
0.002142694
0.00214013
0.0022555899999999996
0.002516668
0.0029870099999999996
0.0035027229999999997
0.003983561
0.004526351999999999
0.005266384
0.006338255999999999
0.007750377
0.009499910999999998
0.011436919999999998
0.01332174
0.01503642
0.01643835
0.017457009999999995
0.01814387
0.0185068
0.018391439999999995
0.017685689999999997
0.01641879
0.014679139999999999
0.01259267
0.01029625
0.008096908
0.005916604
0.0034286549999999996
7.557950999999999E-4
-0.002249618
-0.005543907999999999
-0.008809103
-0.01200395
-0.014792999999999999
-0.017114599999999997
-0.019038979999999997
-0.020609
-0.021956169999999997
-0.02306961
-0.02385381
-0.024279939999999996
-0.02444988
-0.024335909999999995
-0.02398683
-0.02349286
-0.022811949999999998
-0.02192739
-0.020734489999999998
-0.01951316
-0.018805879999999997
-0.01847246
-0.018340479999999996
-0.01854066
-0.01881396
-0.018947979999999996
-0.019075169999999995
-0.01912633
-0.019023189999999995
-0.018792339999999998
-0.01840046
-0.01785092
-0.01710812
-0.01617698
-0.015240839999999999
-0.014160269999999999
-0.01288956
-0.01181367
-0.011017909999999999
-0.010415859999999999
-0.009879483999999997
-0.009200539999999998
-0.008244531999999999
-0.007132492
-0.005953688999999999
-0.004411307
-0.0026355519999999998
-0.001095248
2.2339119999999996E-4
0.0014605959999999998
0.002540455
0.003582364
0.004902585
0.00646939
0.007829518
0.00890223
0.009926528
0.01078361
0.01161975
0.012672579999999998
0.013856209999999999
0.01497137
0.01600736
0.01696766
0.01774307
0.01837102
0.01877366
0.01880579
0.018513669999999996
0.01820057
0.017472179999999997
0.01615355
0.014683899999999998
0.012934539999999998
0.01117453
0.009537728
0.007895763
0.00667705
0.005633574
0.004596943
0.003952122999999999
0.0033272069999999996
0.002597126
0.0017271699999999999
6.874768E-4
-6.557365E-5
-5.316290999999999E-4
-7.769837E-4
-7.142332999999999E-4
-5.386171999999999E-4
-6.071740999999999E-4
-0.001007336
-0.0019186909999999997
-0.0032177559999999996
-0.004747704999999999
-0.00693993
-0.009372267999999998
-0.011552429999999999
-0.013486109999999999
-0.014959989999999998
-0.015862859999999996
-0.0162801
-0.016039519999999998
-0.015339429999999998
-0.01499044
-0.01493208
-0.015064859999999998
-0.01528857
-0.015246989999999998
-0.01487817
-0.013882449999999998
-0.01217274
-0.009721029
-0.006872381
-0.0038481089999999997
-5.386957E-4
0.0026629919999999994
0.00600743
0.009627064
0.013513
0.01778301
0.021965059999999998
0.025991709999999998
0.029582409999999996
0.032849819999999995
0.03600442
0.03880441
0.04148962999999999
0.04378182
0.045432929999999996
0.04657463
0.04737998
0.04784817
0.04796018999999999
0.04836196
0.048910909999999995
0.04914403
0.04950394
0.049747999999999994
0.049853
0.05026583999999999
0.05068083999999999
0.05121815999999999
0.051789489999999994
0.05209637999999999
0.052518419999999996
0.05309309999999999
0.05385968
0.05496735
0.056254059999999995
0.0578162
0.05945162
0.06084325
0.06228878999999999
0.06363803
0.06472476
0.06563488999999999
0.06642004
0.06704349999999999
0.06754109999999999
0.0681786
0.06891324
0.06981085
0.07048797
0.07095674
0.07124356999999999
0.07100314
0.07069765999999998
0.07059117
0.07036549
0.06993801
0.06965608
0.06927159999999999
0.06882060999999999
0.06844066
0.06803475999999999
0.06768691999999998
0.0668742
0.06604636999999998
0.06525434
0.06419333
0.06351541
0.06281928
0.06178756999999999
0.06053755999999999
0.05900732
0.05742196
0.05596565999999999
0.054200849999999995
0.05223395
0.05057455999999999
0.04888873999999999
0.04720371
0.045805469999999994
0.044493979999999995
0.043147679999999994
0.041766679999999994
0.04048594999999999
0.03939311999999999
0.03818706999999999
0.03703179
0.03601006
0.03489338
0.03407563999999999
0.033521159999999994
0.03262072
0.03151396
0.030371549999999997
0.02885276
0.026685649999999998
0.023896779999999996
0.02060742
0.01682295
0.0126105
0.007932761
0.0025720199999999995
-0.0033207449999999995
-0.009083470999999997
-0.014270809999999998
-0.018773119999999997
-0.022592819999999996
-0.025856259999999995
-0.0289453
-0.03215484
-0.03559878
-0.03898519
-0.04218194
-0.04533833999999999
-0.04798995
-0.05024987999999999
-0.052499309999999993
-0.05485472999999999
-0.05719650999999999
-0.059233759999999996
-0.06103921
-0.0626267
-0.06411790999999999
-0.06562211
-0.06715547
-0.06856485
-0.06984695
-0.07109459
-0.07205236
-0.07286064
-0.07391064999999998
-0.07521237
-0.07648276
-0.07769023
-0.07870699
-0.07957854
-0.08070253
-0.0816709
-0.08249684
-0.08336996
-0.08395433
-0.08408473
-0.08390294999999999
-0.08392765999999999
-0.08365403
-0.08307478
-0.08261651
-0.08159997999999999
-0.08027391
-0.07870665
-0.07645571999999999
-0.07396511999999998
-0.07119988
-0.06803195
-0.06479237999999998
-0.06141982
-0.05791444
-0.0544781
-0.05088655
-0.047170239999999995
-0.04311956
-0.038619959999999995
-0.03412608
-0.029392369999999998
-0.02463716
-0.020350779999999995
-0.01631039
-0.012614829999999999
-0.009407545
-0.006290406999999999
-0.003418088
-9.628406999999999E-4
0.0013276949999999998
0.0033928599999999997
0.005237671
0.0066461179999999995
0.007507328999999999
0.008352567
0.009044720999999999
0.009438777999999998
0.009903140999999999
0.01029729
0.010505699999999998
0.01066533
0.010776739999999998
0.01056075
0.010379439999999998
0.01034276
0.01011248
0.009840443999999999
0.009475216999999998
0.009201467999999999
0.008969821
0.008743935
0.008865908
0.009027834
0.009291687999999998
0.009847061999999998
0.010166849999999998
0.01024763
0.010283949999999998
0.01025661
0.01008056
0.01011327
0.010746149999999998
0.011610019999999999
0.012557639999999998
0.01345029
0.01436818
0.015126239999999999
0.015408469999999999
0.015451539999999998
0.01503398
0.013766979999999998
0.012002019999999999
0.009820678
0.006951357
0.004135333999999999
0.0015699539999999997
-0.001238029
-0.004247165999999999
-0.007262727
-0.010411989999999998
-0.013663939999999998
-0.01666544
-0.019292329999999996
-0.021576709999999995
-0.02370986
-0.025658179999999996
-0.027513049999999997
-0.029588689999999997
-0.03131044
-0.03230754
-0.03314937
-0.03390921999999999
-0.03455583
-0.035312579999999996
-0.03613304
-0.03688752
-0.03736926
-0.03782775
-0.03803256
-0.03790642999999999
-0.03785293
-0.03766724999999999
-0.03766263
-0.03769218
-0.03754687
-0.037437479999999995
-0.03731608
-0.03734737
-0.03743362
-0.03762709
-0.03827284999999999
-0.03894225999999999
-0.03965921
-0.04075041
-0.04191035
-0.043028949999999996
-0.04429759999999999
-0.04590284
-0.04739883
-0.04913867999999999
-0.05134783
-0.0532905
-0.05511271
-0.05690613
-0.05836055
-0.059666369999999996
-0.060452019999999995
-0.06027471
-0.059737519999999995
-0.05839585
-0.05611749
-0.05324112
-0.049369979999999994
-0.04497667
-0.040034499999999994
-0.03450619
-0.028980609999999997
-0.023492689999999997
-0.018153609999999997
-0.01303401
-0.008128581
-0.003493451
0.0014162819999999998
0.006543824999999999
0.01140689
0.016127449999999998
0.020574129999999996
0.024758939999999997
0.028421639999999998
0.03146100999999999
0.03419961999999999
0.03644741
0.03833112
0.03977474999999999
0.04092538
0.04240249
0.04424467
0.046522289999999994
0.04926143999999999
0.05257123
0.05637664999999999
0.06070337
0.06561292
0.07032407999999998
0.07457327999999999
0.07802704
0.08054651999999998
0.08275471999999999
0.08435993
0.08538764
0.08643468
0.08716811
0.0875318
0.08772213
0.08780998999999999
0.08782691999999999
0.08743820999999999
0.08691354
0.08644084999999999
0.08581085999999999
0.08527624999999998
0.08495022999999999
0.0844581
0.08405647999999999
0.08375736
0.08314812
0.08217377999999999
0.08067430999999999
0.07883478999999999
0.07700290999999998
0.07530726
0.07362874
0.07200438
0.07015516999999999
0.06783464999999998
0.06540183999999999
0.06256529
0.058785849999999994
0.05425021
0.04952986999999999
0.04438894
0.03876745999999999
0.033331139999999995
0.027314969999999997
0.020574809999999995
0.014237859999999998
0.007959697
0.0015682499999999998
-0.004041771
-0.009209872
-0.014110009999999997
-0.018409909999999998
-0.02256934
-0.026650729999999997
-0.030265979999999998
-0.03347181
-0.03647424
-0.03916850999999999
-0.04201051
-0.04472863999999999
-0.04716821
-0.04997388999999999
-0.05272585999999999
-0.05513655
-0.05723660999999999
-0.059078809999999995
-0.06078409
-0.06207404999999999
-0.06305156
-0.06404986999999998
-0.06510225
-0.06636343
-0.06760263999999999
-0.06902443
-0.07094372999999998
-0.07284195
-0.07502754999999998
-0.07777915
-0.08066179999999999
-0.08357443999999999
-0.08641242
-0.08920304
-0.09198877999999999
-0.09441576
-0.0971599
-0.10007779999999998
-0.1021705
-0.10384699999999998
-0.1053564
-0.1063829
-0.1067553
-0.10691249999999998
-0.1065261
-0.10570679999999999
-0.10446739999999999
-0.1022507
-0.09992025999999998
-0.09743843999999999
-0.09470911999999998
-0.09202086
-0.08936182
-0.08645458
-0.08303167999999998
-0.07929116999999998
-0.07559197999999999
-0.07216618
-0.06912794
-0.06628746999999999
-0.06311702
-0.06056933
-0.05858039999999999
-0.056456839999999994
-0.05470190999999999
-0.05352807999999999
-0.05294469999999999
-0.05255661999999999
-0.05247741
-0.05245317
-0.05178404
-0.05056519999999999
-0.048661159999999995
-0.04586773999999999
-0.04234246
-0.03824878
-0.03402863999999999
-0.03013339
-0.026247349999999996
-0.02254448
-0.01935773
-0.01619264
-0.013071409999999999
-0.009970312999999998
-0.00692048
-0.004288746999999999
-0.001842791
5.839328E-4
0.0030949409999999995
0.005976190999999999
0.009263327999999998
0.013187489999999998
0.01734565
0.02129521
0.02528477
0.028416009999999995
0.030433439999999996
0.03166745
0.03185693
0.031203089999999996
0.03003889
0.028584139999999997
0.026922559999999998
0.025460439999999997
0.024422729999999997
0.023694729999999997
0.023148149999999996
0.02279256
0.022575339999999996
0.022241719999999996
0.02177013
0.02118489
0.02029237
0.01915453
0.01773736
0.01610157
0.014206319999999998
0.011738159999999997
0.009527023999999999
0.007519836999999999
0.0057025619999999996
0.004509175
0.003510461
0.002810342
0.0020835039999999995
0.001570328
0.0015672029999999999
0.0016345259999999999
0.00215879
0.0031251529999999994
0.004270164999999999
0.005674219999999999
0.007100390999999999
0.008822921
0.01064589
0.01261262
0.01519309
0.017707819999999996
0.02020388
0.02248036
0.024292819999999996
0.02595378
0.027232309999999996
0.02804367
0.028706509999999998
0.02933967
0.029561029999999995
0.029665209999999997
0.030073509999999998
0.030625809999999996
0.03157722
0.03293209
0.034516979999999996
0.0366903
0.03901516
0.04112506999999999
0.0428982
0.0441546
0.04467659
0.04400287
0.04270559
0.04103351999999999
0.039002419999999996
0.036197
0.032053139999999994
0.026718729999999996
0.019184269999999996
0.009952126999999998
2.3304009999999998E-4
-0.009641711999999998
-0.01865493
-0.02660274
-0.03402981
-0.04097252
-0.04694398999999999
-0.05271904
-0.05833493
-0.06309309
-0.06774561
-0.07214717
-0.07588983999999999
-0.07905535999999999
-0.08130299
-0.0824973
-0.08277551999999999
-0.08241962999999998
-0.08171321999999999
-0.08039104
-0.07868198
-0.07685435999999998
-0.07452677999999999
-0.07135914999999998
-0.0670168
-0.06178355
-0.0558171
-0.04877830999999999
-0.04120015
-0.03388998
-0.026843169999999996
-0.020302409999999996
-0.014219529999999998
-0.008397087
-0.0025522949999999996
0.004286919999999999
0.0119607
0.02009739
0.028726849999999998
0.03735324
0.04531227
0.05287084999999999
0.06013125999999999
0.06663777
0.07254789999999998
0.07795221999999999
0.08278363
0.08675042999999999
0.08980950999999998
0.09215639999999999
0.09364114999999999
0.09447889999999999
0.09495859999999999
0.0948913
0.09441693
0.09372129
0.09289213
0.09218047999999998
0.09190539999999998
0.09189968999999999
0.09198448999999999
0.09215514
0.09219906999999998
0.09204412999999999
0.0914018
0.08983728999999999
0.08696174
0.0823751
0.0760559
0.06852322
0.06051988
0.0527447
0.045600919999999996
0.03971201
0.03522660999999999
0.03175152
0.02905597
0.026977299999999996
0.02549524
0.0242787
0.0231761
0.02220752
0.02116097
0.02033787
0.020049309999999997
0.0199452
0.020130419999999996
0.020726449999999997
0.021317009999999997
0.02162687
0.02193956
0.02262693
0.023984889999999995
0.025934979999999996
0.028060089999999996
0.031009519999999995
0.03434497999999999
0.037455619999999995
0.04063595999999999
0.04384502999999999
0.04682507999999999
0.049321409999999996
0.051990589999999996
0.05460402
0.05681209
0.05903441999999999
0.060940839999999996
0.06230242999999999
0.06347432
0.06408207
0.06407207
0.06386713
0.06320473
0.062084179999999996
0.06062693
0.05885549999999999
0.05633099999999999
0.05261824999999999
0.048220149999999996
0.043454259999999995
0.0385064
0.03395527
0.029910629999999997
0.026411709999999998
0.023697959999999997
0.021603689999999995
0.020249409999999995
0.01965793
0.01947965
0.019577879999999995
0.01937239
0.018990119999999996
0.01856174
0.01760941
0.01631952
0.01474663
0.01315609
0.011927159999999997
0.01067629
0.009310080999999998
0.008339387
0.007855040999999998
0.007592135
0.007474839
0.007472806999999999
0.007575602999999999
0.007896307
0.008294411999999998
0.008950505999999999
0.01006998
0.011078399999999999
0.012134599999999999
0.01350649
0.014493539999999997
0.01511585
0.01562441
0.01596417
0.01625932
0.016589099999999996
0.016827219999999997
0.016951489999999996
0.017125199999999997
0.01741948
0.0177269
0.01793748
0.018320279999999998
0.01904352
0.01991643
0.02064676
0.021590399999999996
0.022792339999999998
0.023918259999999997
0.02521142
0.026614189999999996
0.02795476
0.029095669999999997
0.02990605
0.030164399999999997
0.029753899999999996
0.02870144
0.026716669999999998
0.023909239999999995
0.02023981
0.01566373
0.01070164
0.005843759
0.001570883
-0.0023961889999999995
-0.006315463
-0.010301619999999997
-0.01471039
-0.01892871
-0.02283223
-0.026514599999999996
-0.029394079999999996
-0.03173761
-0.03394914999999999
-0.03567333999999999
-0.03702911
-0.038051249999999995
-0.03842895999999999
-0.03865916
-0.03850513
-0.03778962
-0.03709069999999999
-0.03611070999999999
-0.03494003999999999
-0.03396063
-0.03304686
-0.03210581999999999
-0.03153878
-0.03194127
-0.03297877999999999
-0.03416212
-0.035578259999999994
-0.036677499999999995
-0.03719708
-0.037911389999999996
-0.0383083
-0.038237259999999995
-0.03824639
-0.03764604999999999
-0.03626758
-0.03439086999999999
-0.03196378
-0.028979839999999996
-0.02549802
-0.02169294
-0.01764199
-0.01352737
-0.00967766
-0.006032494
-0.0026410989999999996
2.0846269999999996E-4
0.0027225449999999994
0.005403083
0.007990158
0.010202929999999999
0.01226968
0.013935699999999999
0.01537752
0.016535
0.01716965
0.01770861
0.01801713
0.01830015
0.018510549999999997
0.018347209999999996
0.01849972
0.01884182
0.01885109
0.018929939999999996
0.019277749999999996
0.01969248
0.02000676
0.020056559999999998
0.020197309999999996
0.02028101
0.0201196
0.0196888
0.018750909999999996
0.017832809999999998
0.016521839999999996
0.014692629999999998
0.013037399999999998
0.01129876
0.009101321
0.006530864999999999
0.004382242
0.002716125
0.001171349
2.825112E-4
2.487401E-4
6.798974E-4
0.0012489049999999998
0.0019906459999999996
0.0026301669999999997
0.003094976
0.0037089459999999994
0.004097961
0.004388432999999999
0.004483632999999999
0.003974597
0.0034553529999999995
0.002599294
0.001174011
-1.336262E-4
-0.0017843169999999999
-0.004002336
-0.006476593999999999
-0.009521554
-0.012749069999999998
-0.01588594
-0.01911151
-0.02208587
-0.024745209999999997
-0.027215399999999997
-0.029411289999999996
-0.031108829999999997
-0.03221192
-0.0330352
-0.03337371
-0.03317033
-0.032743959999999996
-0.03185821
-0.030837589999999998
-0.029398939999999995
-0.027295569999999998
-0.02538932
-0.023260849999999996
-0.02060353
-0.01798929
-0.01549335
-0.01304322
-0.010204609999999998
-0.007140531
-0.004497028999999999
-0.0018976379999999999
7.457105999999999E-4
0.0027441139999999998
0.004533132
0.006283718999999999
0.007454842999999999
0.008502028
0.009312680999999998
0.009539479999999998
0.009650584999999998
0.009774157
0.009848401999999997
0.009839454999999999
0.009809063
0.009851042
0.009525766999999997
0.008871965
0.008005661
0.006692207
0.005067816
0.0033749609999999997
0.001207366
-0.001359374
-0.003680186
-0.006545794999999999
-0.010152579999999998
-0.01349234
-0.017193819999999995
-0.02142549
-0.02526746
-0.02902901
-0.03249001
-0.03517857
-0.03733569
-0.0391298
-0.04004439
-0.04018676999999999
-0.04028303999999999
-0.04008417
-0.03951117999999999
-0.03884971
-0.038340439999999996
-0.03805404999999999
-0.03770412
-0.03760518
-0.03772138
-0.037704919999999996
-0.03814432
-0.03874974
-0.03930064
-0.04041780999999999
-0.04168242999999999
-0.042969999999999994
-0.04451271
-0.04599849999999999
-0.04765848999999999
-0.04936446
-0.050975089999999994
-0.052701359999999996
-0.05441424999999999
-0.05616357
-0.0579025
-0.06005959999999999
-0.062239779999999995
-0.06410278999999999
-0.06596743999999999
-0.06768597
-0.06953765
-0.07069993
-0.07121138
-0.07164049999999998
-0.07188154
-0.07223905
-0.07228401
-0.07181834
-0.07087986999999998
-0.06961023999999999
-0.06806833999999999
-0.06615794
-0.06388797
-0.06126780999999999
-0.05847344
-0.05554724999999999
-0.05264884999999999
-0.04974318999999999
-0.046881799999999994
-0.04410004
-0.04150845999999999
-0.03884173
-0.03596368
-0.03361127999999999
-0.03174082999999999
-0.030194099999999998
-0.029207819999999995
-0.028574849999999995
-0.028343399999999998
-0.028320549999999996
-0.02777764
-0.027381039999999995
-0.02756031
-0.02733875
-0.02730054
-0.027777349999999996
-0.027635639999999996
-0.02761674
-0.02796727
-0.0278444
-0.02755079
-0.027558399999999997
-0.027677579999999997
-0.02714035
-0.02652042
-0.026051869999999998
-0.02489102
-0.023674589999999995
-0.02216292
-0.01981857
-0.017369109999999997
-0.014658709999999998
-0.011526629999999998
-0.008141448999999999
-0.004658572
-0.001491594
0.001889985
0.005744805
0.009066436
0.012281889999999998
0.01576958
0.018919869999999995
0.021940299999999996
0.02489629
0.02788344
0.03058991
0.033153629999999996
0.035785849999999994
0.037903849999999996
0.04000296
0.042115669999999994
0.04420481
0.04650915
0.04920189
0.05190435999999999
0.05448019
0.05744708999999999
0.05932269
0.060578339999999994
0.062107899999999994
0.06319481
0.06391069999999999
0.06403139999999999
0.06412877
0.06405126999999998
0.06306897
0.06179722
0.060265919999999994
0.058329479999999996
0.05610559
0.05346595999999999
0.051045709999999994
0.049138749999999995
0.047073529999999995
0.04498531
0.04348467999999999
0.04216564999999999
0.04068491
0.03957342999999999
0.03867849
0.03790929999999999
0.03780450999999999
0.037946669999999995
0.03835688
0.038953659999999994
0.039205189999999994
0.039402879999999994
0.03945944
0.03926932999999999
0.038600039999999995
0.03729723
0.03574854999999999
0.03384786
0.03160181
0.02936087
0.027107529999999998
0.02520049
0.02345509
0.02155603
0.020112
0.018365099999999995
0.01626203
0.014512169999999998
0.012849399999999999
0.010859599999999999
0.008751538
0.0068917779999999994
0.00449813
0.0020116069999999995
5.272839E-5
-0.002005776
-0.0037988379999999997
-0.005207646999999999
-0.007329754
-0.01011347
-0.012518709999999999
-0.014945299999999998
-0.01781866
-0.02064772
-0.02329358
-0.02530066
-0.027435319999999996
-0.030256419999999996
-0.032917
-0.0357944
-0.03895334
-0.042001689999999994
-0.045066779999999994
-0.04802155
-0.05099523
-0.05387642
-0.05657993
-0.059385249999999994
-0.06216582999999999
-0.0645141
-0.06654049
-0.06847408999999999
-0.06980609
-0.07074095
-0.07109927
-0.0707306
-0.07004811
-0.06855579
-0.06616616999999998
-0.06330882
-0.059779299999999994
-0.055687839999999995
-0.05150551999999999
-0.04716218999999999
-0.04313228999999999
-0.03905338999999999
-0.03484181
-0.03091999
-0.02684929
-0.02317691
-0.01969392
-0.015877619999999995
-0.01235063
-0.009030525
-0.005391403999999999
-0.00174171
0.001539395
0.004683897
0.007490700999999999
0.009714755
0.011643719999999998
0.013110119999999998
0.01406182
0.014848829999999999
0.01533455
0.01567952
0.01615073
0.016233699999999997
0.01583674
0.015283069999999998
0.014274509999999999
0.012531869999999999
0.010762679999999998
0.008857827999999998
0.006600817
0.004935197999999999
0.00392724
0.003244661
0.0028925389999999995
0.002793709
0.002476665
0.002304074
0.002616072
0.0031133459999999995
0.00405681
0.0054416759999999995
0.007098378999999999
0.009198721999999998
0.011400079999999998
0.013156959999999999
0.015007249999999998
0.016854769999999998
0.0181336
0.019566589999999995
0.0211376
0.022243739999999998
0.0230366
0.0234676
0.023904849999999995
0.0240916
0.023422569999999997
0.022596869999999998
0.021176239999999995
0.01897693
0.01745735
0.016178229999999995
0.01478224
0.01397469
0.013101939999999998
0.012286329999999998
0.012133019999999998
0.012007289999999999
0.012268079999999999
0.013355969999999998
0.01435314
0.01549624
0.017125269999999998
0.01825083
0.018854419999999997
0.019380699999999997
0.018949179999999996
0.01767218
0.01570882
0.012814909999999999
0.009646156
0.005996809999999999
0.0020810149999999994
-0.001552662
-0.005160115
-0.008674381
-0.01196069
-0.015297599999999998
-0.01850195
-0.02114464
-0.02338014
-0.02555592
-0.027386279999999995
-0.02892803
-0.030624269999999995
-0.03215601
-0.03323716
-0.03407307999999999
-0.03463933
-0.03474143
-0.03432306999999999
-0.03353919999999999
-0.0328296
-0.03179197
-0.030803249999999997
-0.02986671
-0.028666459999999998
-0.027767579999999997
-0.026736679999999995
-0.025616879999999998
-0.02469986
-0.023619519999999998
-0.02209
-0.02030175
-0.01859279
-0.016761669999999996
-0.014511919999999998
-0.01217299
-0.009830844
-0.007572387999999999
-0.005136378
-0.0023239219999999995
3.424619E-4
0.00271845
0.005001185
0.007023392999999999
0.008826148
0.0106826
0.012164699999999999
0.013603079999999998
0.015139629999999998
0.01650847
0.01834456
0.0204705
0.0224214
0.024583749999999998
0.02669058
0.02857813
0.03070154
0.0329489
0.035319819999999995
0.037987459999999994
0.04100909
0.0440637
0.04690873
0.04990003
0.05265064999999999
0.05524559999999999
0.05803749999999999
0.06054735
0.06311101
0.06547564999999998
0.0674247
0.06939902999999999
0.07122234999999999
0.07276745999999999
0.07377511999999999
0.07420048
0.07388893
0.07270348999999998
0.07153831
0.07015209
0.06815979
0.06602203999999999
0.06264904
0.05784229999999999
0.05247473999999999
0.04667949
0.04098725
0.03618311999999999
0.03214218
0.028349109999999997
0.025248519999999997
0.022939469999999997
0.02099165
0.01962686
0.01858039
0.01746296
0.01616259
0.014565669999999998
0.013051319999999998
0.011699519999999998
0.010436459999999998
0.009444953999999998
0.008691469999999998
0.008154164
0.007727089999999999
0.007504109
0.0074623269999999995
0.007553579999999999
0.008182499
0.008804511
0.009256485999999998
0.010219559999999999
0.011163529999999998
0.011770429999999998
0.012554479999999998
0.0130714
0.01304956
0.01297657
0.01248156
0.011535389999999998
0.010493419999999998
0.008882302999999998
0.006748300999999999
0.004373769
0.0017594899999999998
-0.001051219
-0.003926956
-0.007008998999999999
-0.010552349999999999
-0.01396602
-0.01716916
-0.020531089999999995
-0.02375116
-0.026687559999999996
-0.02920564
-0.03146518
-0.03367268999999999
-0.035531349999999996
-0.03711728999999999
-0.03846283
-0.03956418999999999
-0.040482979999999995
-0.04104301
-0.04109030999999999
-0.04064574
-0.03991920999999999
-0.03919485999999999
-0.038630399999999995
-0.037946459999999994
-0.03715094
-0.036207029999999994
-0.03471516999999999
-0.03268429999999999
-0.030332399999999995
-0.02805256
-0.02577049
-0.02319666
-0.020785959999999996
-0.01882785
-0.01729602
-0.01600679
-0.015099719999999999
-0.014651439999999998
-0.0143943
-0.014285359999999999
-0.01399798
-0.01366804
-0.013133549999999999
-0.012319049999999998
-0.011500569999999998
-0.010467179999999998
-0.009343896999999999
-0.008225874
-0.007026718999999999
-0.006120549
-0.00600329
-0.006611985
-0.007876609999999997
-0.009579663999999998
-0.01134351
-0.013180549999999997
-0.015341829999999999
-0.017422479999999997
-0.01928222
-0.02183206
-0.02422565
-0.026337739999999995
-0.028831839999999997
-0.031014829999999997
-0.03291353
-0.03465391
-0.03644647
-0.03764606999999999
-0.03857493
-0.039679809999999996
-0.04010969
-0.04064510999999999
-0.04108033
-0.04091514
-0.04085861
-0.04073834
-0.040433699999999996
-0.04015338999999999
-0.03982191999999999
-0.03919808999999999
-0.03854065
-0.03779073
-0.03675624
-0.03591658999999999
-0.03494193
-0.03373173
-0.03260941
-0.03153804
-0.030477219999999996
-0.029564199999999995
-0.02900063
-0.02857407
-0.02811204
-0.027831179999999997
-0.027693499999999996
-0.027525569999999996
-0.027556779999999996
-0.027553639999999997
-0.02770369
-0.028054499999999996
-0.02835156
-0.02866756
-0.02851289
-0.028233939999999996
-0.027973069999999996
-0.027359919999999996
-0.026562139999999998
-0.02560466
-0.024567319999999997
-0.02348746
-0.022368909999999995
-0.02115454
-0.019543989999999997
-0.01738526
-0.014996139999999998
-0.012632349999999999
-0.01007757
-0.007423682
-0.005032416
-0.002787537
-3.794669E-4
0.0017082979999999998
0.0032729669999999995
0.004761226
0.006368249
0.008041540999999998
0.00972739
0.011573269999999998
0.013002239999999998
0.013649379999999997
0.01402692
0.014350009999999998
0.01458834
0.01475183
0.014756159999999999
0.014664429999999999
0.014339799999999998
0.013322619999999999
0.012234629999999998
0.011456409999999998
0.0105345
0.009704831999999998
0.009021953999999999
0.008640409999999998
0.008354572
0.008223240999999997
0.008567985999999998
0.008809068
0.009208059
0.009960535
0.01051543
0.01102167
0.01199164
0.013606209999999999
0.015723199999999996
0.017979219999999997
0.020361379999999995
0.022782049999999998
0.024907749999999996
0.026843929999999995
0.028540459999999997
0.02965338
0.03063166
0.03143840999999999
0.0315763
0.03170734
0.03170819
0.031405029999999994
0.03108038
0.0306992
0.030074519999999997
0.029097269999999998
0.027942179999999997
0.026418389999999996
0.02490614
0.023485519999999996
0.02221001
0.02090702
0.01945751
0.018631389999999998
0.01806669
0.01761711
0.017348739999999998
0.016977769999999996
0.01674203
0.01692997
0.01746861
0.01807811
0.01905304
0.02053734
0.02236746
0.024386069999999996
0.026737369999999996
0.02939412
0.03208528
0.03479547
0.03721699
0.03943285999999999
0.04137642
0.04316281
0.044884259999999995
0.046085869999999994
0.046815319999999994
0.047216
0.0473608
0.04696837999999999
0.04623138
0.04528819
0.04382492
0.04211618
0.04034491
0.03837302
0.036175099999999995
0.033990009999999994
0.03163304
0.02886114
0.02594019
0.023150749999999998
0.02080566
0.01881243
0.017124879999999995
0.015893579999999997
0.014539
0.013326859999999998
0.012688299999999998
0.011949119999999999
0.011168109999999998
0.010488909999999999
0.009315926
0.007820238
0.006371413
0.0048504939999999995
0.0035179249999999994
0.0025017059999999994
0.0016774739999999998
9.921953E-4
4.5070559999999996E-4
-3.447249E-5
-4.1745769999999995E-4
-5.212161999999999E-4
-4.6022649999999995E-4
-2.0172699999999996E-4
2.5526039999999997E-4
6.02341E-4
0.001021117
0.0016845509999999998
0.0018567789999999998
0.0020476539999999994
0.0028115249999999996
0.0030815179999999997
0.002839101
0.002519859
0.001999843
0.001703953
0.001991908
0.002237853
0.002084965
0.001602607
5.457516E-4
-0.001002161
-0.0029654139999999996
-0.004760012999999999
-0.006040474
-0.007413268999999999
-0.008362373999999999
-0.008719295999999998
-0.009272112999999998
-0.009829122
-0.010081939999999998
-0.010427769999999998
-0.01106753
-0.012097669999999998
-0.013142769999999998
-0.013944839999999998
-0.015334799999999999
-0.01681223
-0.01791363
-0.018801169999999996
-0.019393959999999995
-0.020405039999999996
-0.021473109999999997
-0.022287729999999995
-0.023531859999999998
-0.02480731
-0.025608689999999996
-0.025940219999999996
-0.026022359999999998
-0.025813669999999997
-0.02479997
-0.02355392
-0.02180978
-0.01946264
-0.017122919999999996
-0.014124039999999997
-0.010886699999999997
-0.0077864169999999995
-0.004463199999999999
-0.0010796469999999998
0.0017819149999999998
0.0038461989999999994
0.0052187679999999995
0.005637826999999999
0.005667347999999999
0.0052548199999999995
0.003903769
0.002442264
0.001000743
-8.010088999999998E-4
-0.0028381069999999994
-0.0047983669999999996
-0.006698957999999999
-0.008763992999999998
-0.01083943
-0.01286627
-0.014965729999999998
-0.016984319999999997
-0.01914362
-0.02116693
-0.022770059999999998
-0.024570049999999996
-0.025945819999999998
-0.02676057
-0.027522669999999996
-0.028018769999999995
-0.02820895
-0.027811749999999996
-0.02707899
-0.026549779999999995
-0.02585528
-0.02522125
-0.02510385
-0.025165299999999998
-0.025385669999999996
-0.02601654
-0.026605419999999998
-0.02717094
-0.028219519999999998
-0.029148619999999997
-0.029991819999999995
-0.031118889999999996
-0.03227031
-0.03311903
-0.03377624
-0.03468199
-0.03539829
-0.03601807
-0.03652384999999999
-0.036519359999999994
-0.03637168
-0.03592667
-0.03528035999999999
-0.03464054
-0.03410127999999999
-0.033328029999999995
-0.032330309999999994
-0.03168007
-0.030901639999999998
-0.030268779999999995
-0.029996159999999997
-0.029788229999999995
-0.029477309999999996
-0.028678439999999996
-0.02767182
-0.026301279999999996
-0.02443349
-0.022711559999999995
-0.020971039999999996
-0.01941029
-0.018107679999999998
-0.0166743
-0.015252039999999998
-0.01341094
-0.011240929999999998
-0.008565894
-0.004986388
-0.0013217389999999997
0.002562713
0.006659414999999999
0.010374639999999997
0.013906609999999998
0.01717222
0.0201849
0.02323569
0.02602589
0.02843431
0.030625529999999998
0.03221456
0.03347243999999999
0.03446058
0.034890069999999995
0.03547158
0.03589072
0.03594281999999999
0.0359763
0.03547332
0.03456502999999999
0.03328597
0.031572899999999994
0.029609799999999995
0.02747323
0.025504519999999996
0.02348353
0.021510689999999996
0.02004351
0.018705849999999996
0.017189049999999997
0.01574701
0.014656109999999998
0.013643219999999998
0.01281036
0.012121179999999999
0.011356949999999998
0.010872469999999999
0.01027099
0.009220918
0.008209560999999999
0.0075316919999999996
0.006835817999999999
0.006303887999999999
0.006325376999999999
0.006659401
0.007135237
0.00771294
0.008563035999999998
0.009916145999999999
0.011507849999999998
0.013252789999999999
0.015859689999999996
0.01829107
0.01984302
0.02156613
0.02300949
0.024006459999999997
0.02500071
0.02586956
0.02636345
0.026325349999999997
0.02651032
0.026725239999999997
0.026281809999999996
0.025780599999999997
0.025383619999999996
0.02449278
0.023285669999999998
0.02226839
0.020908209999999997
0.01913428
0.01749539
0.01626509
0.015248899999999998
0.013861949999999998
0.01224198
0.011128589999999999
0.010289019999999998
0.009385993
0.008852098
0.008805912999999999
0.008695732
0.008202342999999999
0.008184782
0.007959838
0.007352493999999999
0.007132657999999999
0.006344956999999999
0.005497825999999999
0.004800832
0.0036331739999999994
0.00223948
0.001021597
8.184334E-5
-0.001064222
-0.002363939
-0.0034117019999999995
-0.0044019459999999995
-0.005491031999999999
-0.006165867999999999
-0.006469133
-0.006877983999999999
-0.006701919999999999
-0.006685994999999999
-0.007254447999999999
-0.007031401999999999
-0.006988472999999999
-0.007024397
-0.006714655
-0.006681726
-0.006401966
-0.006043351999999999
-0.005318046999999999
-0.003930585
-0.0027650869999999994
-0.001868289
-0.0010508919999999999
-3.428579E-4
4.6673529999999996E-4
0.001390801
0.0025525099999999996
0.0038767899999999998
0.005518887999999999
0.0076324949999999996
0.009679942999999998
0.011830539999999999
0.01402838
0.01597754
0.01777627
0.018979829999999996
0.02017315
0.02119092
0.02165485
0.022575419999999995
0.022932939999999995
0.02294024
0.02367259
0.02399825
0.02407225
0.02442627
0.024560479999999996
0.02416676
0.024130299999999997
0.02384676
0.02263726
0.0213551
0.019610369999999995
0.0172594
0.015119059999999998
0.014106669999999998
0.01301247
0.01182431
0.01149513
0.01093371
0.010046099999999999
0.009306464
0.008779875
0.008135034
0.007490449
0.006870165999999999
0.005809447
0.004981244
0.00416707
0.0032173409999999994
0.0028868339999999996
0.0024850009999999997
0.0025946429999999998
0.003062363
0.003163363
0.0035200969999999994
0.003880337
0.004370724999999999
0.004420959
0.004172
0.00400674
0.0026379189999999994
0.001135405
1.716402E-4
-8.509902E-4
-0.00146262
-0.0018301289999999998
-0.0024145119999999997
-0.003032073
-0.002893528
-0.00291568
-0.002974804
-0.002052056
-0.001120408
-2.506105E-4
8.692639999999999E-4
0.0023156029999999994
0.0035902089999999996
0.004521593
0.005620665999999999
0.00666331
0.007734008
0.008640288999999999
0.009683725
0.010716099999999998
0.01170206
0.012999879999999998
0.013920159999999999
0.014781879999999999
0.01572164
0.01647991
0.017382439999999996
0.019062079999999995
0.02081489
0.022314199999999996
0.024388669999999998
0.02637983
0.027761209999999998
0.028936169999999997
0.030490289999999996
0.03155723
0.03210774
0.03328485
0.03408321
0.03454995999999999
0.035366779999999994
0.03558755
0.0353375
0.03566214
0.03572693
0.03527404
0.03524438
0.03537567999999999
0.03543618
0.0353703
0.035640479999999995
0.0358411
0.035734089999999996
0.036088159999999994
0.03645157999999999
0.036572469999999996
0.03693935999999999
0.03754822
0.03801691
0.03851167
0.03899844
0.03959828
0.04023809999999999
0.0408188
0.04134922
0.04144546999999999
0.04139490999999999
0.04107318
0.040379019999999995
0.03950974
0.03846594999999999
0.03751368
0.03666058999999999
0.03570175999999999
0.03466829
0.03317508
0.03183631
0.030526979999999995
0.02858955
0.026998269999999998
0.0254899
0.02414942
0.02287547
0.020874049999999998
0.0195694
0.01874243
0.01722349
0.016369249999999995
0.01577578
0.01492561
0.014124059999999999
0.013304039999999998
0.01306718
0.012671159999999999
0.01257731
0.01298584
0.01260387
0.01201823
0.01151166
0.01105658
0.010585639999999999
0.010127499999999998
0.009999302
0.009742626999999998
0.009285877
0.008726210999999998
0.008002220999999999
0.007157064999999999
0.006261021
0.005003191999999999
0.004056824
0.0033653679999999997
0.0018182459999999997
5.326477E-4
-1.760147E-4
-0.0012161129999999998
-0.002558127
-0.0035745379999999995
-0.004278906999999999
-0.005327040999999999
-0.006203413
-0.007214993
-0.008700722999999999
-0.009658414999999998
-0.010236789999999999
-0.01089934
-0.01161696
-0.012584419999999999
-0.0133464
-0.013895499999999998
-0.014649729999999998
-0.015350019999999999
-0.01599712
-0.016307319999999997
-0.01664225
-0.01711729
-0.01721708
-0.017510189999999995
-0.018031119999999998
-0.018562099999999998
-0.019294109999999996
-0.019902649999999997
-0.020466489999999997
-0.02131717
-0.0219003
-0.02234474
-0.022750719999999995
-0.02331528
-0.02426893
-0.024708769999999998
-0.02536544
-0.026388119999999998
-0.027012319999999996
-0.02760469
-0.02818241
-0.02889147
-0.029688849999999996
-0.030415159999999997
-0.030989729999999997
-0.03174449
-0.03259359
-0.03255818
-0.03277678999999999
-0.0332303
-0.03278348999999999
-0.03236729
-0.03200738999999999
-0.030854209999999996
-0.029772359999999998
-0.029137429999999995
-0.02732974
-0.024857379999999995
-0.022338439999999998
-0.01937693
-0.01665716
-0.014628409999999998
-0.01299768
-0.011432279999999998
-0.010211569999999998
-0.0089658
-0.00795218
-0.007371650999999999
-0.006542107
-0.006275157999999999
-0.006622865999999999
-0.006810719
-0.007081625999999999
-0.008006138
-0.009197099
-0.010113449999999998
-0.01120411
-0.01267488
-0.014093789999999998
-0.015100449999999998
-0.016381559999999996
-0.018288039999999995
-0.020470549999999997
-0.022834239999999995
-0.025292879999999997
-0.027854969999999996
-0.03015123
-0.03220263
-0.03422536
-0.03639288999999999
-0.03868896
-0.04077014
-0.04263378999999999
-0.04399609
-0.04542387
-0.04672579999999999
-0.04731377999999999
-0.0479928
-0.04867902
-0.04898506
-0.049320459999999997
-0.04949185999999999
-0.04951557
-0.04972848999999999
-0.0493826
-0.049074809999999996
-0.04929433
-0.0489316
-0.04838146
-0.04799054999999999
-0.047182049999999996
-0.04595022
-0.044359569999999994
-0.04282779999999999
-0.04148523
-0.03997293999999999
-0.03869050999999999
-0.03757763
-0.036524799999999996
-0.03568344999999999
-0.03477546
-0.03395793999999999
-0.03321835
-0.03257623
-0.03185886999999999
-0.030948409999999996
-0.03019134
-0.02933853
-0.028543969999999995
-0.02760551
-0.026118239999999997
-0.024597579999999997
-0.02287952
-0.02094758
-0.01909818
-0.01687765
-0.014718309999999998
-0.012653869999999998
-0.01027673
-0.008620790999999997
-0.007269534999999999
-0.005527344
-0.00395908
-0.0027057059999999996
-0.0013930149999999998
-7.574211E-5
0.0010851859999999997
0.002534845
0.0040369379999999995
0.005393172
0.007228144
0.009419550999999998
0.011264249999999998
0.012934799999999998
0.014623969999999998
0.016516499999999996
0.01872062
0.021163529999999996
0.024243709999999998
0.0272963
0.030050339999999995
0.03254189
0.03462991
0.03707148
0.03929905999999999
0.041221509999999996
0.04335780999999999
0.04495993999999999
0.04598429999999999
0.04676044
0.04717462
0.04743174
0.04760891
0.04768189999999999
0.047919949999999996
0.04796391999999999
0.04751302
0.04707396999999999
0.04701908999999999
0.04680316
0.04594175
0.04530541
0.044631849999999994
0.04297151999999999
0.0413435
0.0402082
0.03868027999999999
0.03699912
0.03546356999999999
0.03331025
0.030876409999999996
0.028602719999999998
0.02589483
0.02313707
0.02062602
0.01790448
0.0151564
0.012671349999999998
0.010192329999999998
0.007751884
0.005696907
0.0038691579999999997
0.0021839759999999994
4.449290999999999E-4
-0.001431749
-0.003219063
-0.0051839469999999995
-0.007407063
-0.009481387999999999
-0.01120976
-0.0128525
-0.01444554
-0.01579228
-0.017233
-0.018845719999999996
-0.020458
-0.02182551
-0.02302201
-0.023950919999999997
-0.02409959
-0.02415317
-0.024337249999999998
-0.02417139
-0.023965449999999996
-0.024150589999999996
-0.02450807
-0.02481329
-0.02511284
-0.02550075
-0.02595626
-0.02630825
-0.026481279999999996
-0.02675721
-0.027133389999999997
-0.027442189999999998
-0.028050449999999998
-0.028900389999999998
-0.029484909999999996
-0.030006719999999997
-0.03060711
-0.030827609999999995
-0.03129877
-0.03171813
-0.03166629
-0.03214456
-0.032588429999999995
-0.03269815
-0.03276852
-0.03260179
-0.03240525999999999
-0.03187418
-0.03126404
-0.030762489999999997
-0.029982369999999998
-0.0293125
-0.02884107
-0.0286197
-0.02795152
-0.02672871
-0.0260147
-0.02508384
-0.0243946
-0.024179539999999996
-0.023570709999999998
-0.02320237
-0.02251465
-0.021243619999999998
-0.020103189999999996
-0.01905488
-0.01720919
-0.015325089999999998
-0.014063099999999999
-0.012335489999999998
-0.010665929999999999
-0.009174164999999998
-0.0073841409999999994
-0.005225216999999999
-0.003030202
-6.436944E-4
0.0022231259999999997
0.004992751999999999
0.007792575999999999
0.01027807
0.012019609999999998
0.01386375
0.01596394
0.0180007
0.02048714
0.023104719999999995
0.02535542
0.02758997
0.029737909999999996
0.03155181
0.03346875
0.03576366999999999
0.037820679999999995
0.03967235999999999
0.0413284
0.04249587999999999
0.04364643
0.04451168
0.04498032
0.04538401
0.045531709999999996
0.04545735
0.04510655
0.04456323
0.04393398999999999
0.04295171
0.041735799999999997
0.04028661
0.03877984
0.037499779999999996
0.035653899999999995
0.03404068
0.03298779999999999
0.03155999
0.030490589999999998
0.029538289999999995
0.02860973
0.02827622
0.028287689999999997
0.02828789
0.02801525
0.02748732
0.02704064
0.026345769999999998
0.02540684
0.024637509999999998
0.02363838
0.02245244
0.021317449999999998
0.020289459999999995
0.019377639999999998
0.01859797
0.017647149999999997
0.01669989
0.01587266
0.0148663
0.013957399999999998
0.012889069999999999
0.011779029999999998
0.01083631
0.009915764
0.008871242
0.007850053
0.007024515999999999
0.0059992349999999995
0.005326657
0.004913626999999999
0.004322474
0.004218261
0.004300108999999999
0.00410249
0.004574119999999999
0.005262561999999999
0.005313911
0.006220697
0.007574225999999999
0.008250308
0.008827868999999999
0.009416702
0.009933886999999999
0.01016154
0.0105941
0.01130458
0.011635369999999999
0.01193176
0.012426929999999997
0.01273927
0.012746619999999998
0.012642779999999998
0.012714179999999999
0.01267047
0.01230382
0.01201991
0.01164412
0.01108447
0.01084396
0.010720879999999999
0.010189479999999999
0.009620519
0.00890949
0.00783521
0.006800344
0.005684556
0.004709233999999999
0.004025660999999999
0.003078127
0.0017815359999999998
3.328775E-4
-0.001037604
-0.002048149
-0.0029411119999999996
-0.003889165
-0.004334916999999999
-0.0047351
-0.005433973999999999
-0.005679496
-0.005778289
-0.006087041
-0.006368288999999999
-0.006618954999999999
-0.006820639999999999
-0.006905004999999999
-0.0069947559999999995
-0.007029442999999999
-0.006882452
-0.006939684999999999
-0.007201197
-0.007229377999999999
-0.007267911999999999
-0.007306131
-0.007198163
-0.007202387999999999
-0.007073582999999999
-0.006929564
-0.006988973999999999
-0.007090607999999999
-0.007121031
-0.006971842999999999
-0.007000022
-0.007230051
-0.007340813999999999
-0.007220734
-0.0070212849999999995
-0.007016538999999999
-0.00721763
-0.007414719
-0.007719983
-0.008328499
-0.008560665999999998
-0.008753767
-0.009342678999999998
-0.009888743999999998
-0.01057452
-0.01148123
-0.01252425
-0.01349113
-0.01433847
-0.015103549999999999
-0.01557367
-0.01601346
-0.01664759
-0.017093339999999995
-0.01735333
-0.017787349999999997
-0.018373019999999997
-0.019126049999999995
-0.01973721
-0.02021239
-0.021043439999999997
-0.021719309999999995
-0.02261386
-0.023816129999999998
-0.024620309999999996
-0.025154079999999995
-0.02544979
-0.02554272
-0.025517599999999998
-0.025686929999999997
-0.025855319999999998
-0.026073829999999996
-0.02655195
-0.026804009999999996
-0.026788539999999996
-0.026713749999999998
-0.02671457
-0.026841399999999998
-0.02697775
-0.02708862
-0.02725568
-0.02732402
-0.027323879999999995
-0.02733158
-0.02735944
-0.027576579999999996
-0.02772254
-0.027918049999999996
-0.02841724
-0.028400659999999998
-0.028467229999999996
-0.029465039999999998
-0.030065909999999998
-0.030331239999999995
-0.030778039999999996
-0.030784399999999996
-0.030469139999999995
-0.03016347
-0.029764089999999997
-0.02897505
-0.028082179999999998
-0.027332009999999997
-0.02607823
-0.024598299999999997
-0.023185189999999998
-0.021260199999999996
-0.01945192
-0.017945769999999996
-0.01586349
-0.01388872
-0.0124821
-0.010811869999999998
-0.009328042
-0.008405597999999999
-0.007552658999999999
-0.006562346
-0.005630166999999999
-0.005037003
-0.004274974
-0.0035776249999999996
-0.0034577609999999997
-0.0033142139999999994
-0.0029630159999999997
-0.002615792
-0.002209243
-0.001732634
-0.001283431
-5.261237E-4
2.89509E-4
7.889718E-4
0.0014824229999999999
0.0019228359999999998
0.0022589059999999998
0.0029874429999999998
0.003552615
0.004129308
0.004570836
0.004656531
0.004781134999999999
0.004588881999999999
0.0037931849999999997
0.002971583
0.002055721
6.880919E-4
-4.954814E-4
-0.001509626
-0.002964768
-0.004565306
-0.005832308999999999
-0.007230597
-0.009034507
-0.01064338
-0.012085679999999998
-0.013664369999999999
-0.015191959999999997
-0.016606439999999997
-0.01802106
-0.019369389999999997
-0.02054463
-0.021669989999999997
-0.022808909999999998
-0.023758759999999997
-0.024678879999999997
-0.02577728
-0.02698346
-0.02776061
-0.02807313
-0.028338089999999996
-0.028434589999999996
-0.028625069999999996
-0.028943529999999995
-0.029262069999999998
-0.02935231
-0.02878415
-0.027627569999999997
-0.025910929999999995
-0.02349217
-0.020575079999999996
-0.017438719999999998
-0.014125599999999999
-0.010811989999999999
-0.007855731999999999
-0.005069546999999999
-0.0024847
-1.715192E-4
0.002528097
0.005326085999999999
0.007611758
0.01020467
0.01291901
0.014818229999999998
0.016526649999999997
0.01809906
0.019273429999999998
0.02047913
0.02190313
0.023111059999999996
0.023977639999999998
0.025093379999999995
0.025978869999999998
0.026429569999999996
0.027087599999999996
0.027542909999999997
0.027754129999999995
0.0280193
0.028286079999999998
0.02865716
0.02887661
0.028892059999999997
0.02907769
0.02928427
0.02912185
0.029105529999999998
0.029244239999999998
0.029338109999999997
0.029630489999999995
0.029935129999999997
0.030130769999999998
0.03014937
0.03040489
0.030732849999999996
0.03083851
0.031070129999999998
0.031035169999999997
0.030888939999999997
0.03084269
0.030417859999999998
0.030159639999999998
0.03032138
0.030164899999999998
0.029872249999999996
0.02992788
0.02978597
0.029544429999999997
0.02963409
0.02956415
0.029462209999999996
0.029496229999999995
0.029287769999999998
0.02895355
0.028930169999999998
0.02898344
0.02864218
0.028448039999999997
0.028295249999999997
0.02784172
0.027441399999999998
0.027153479999999997
0.026542169999999997
0.02572442
0.02519909
0.024576279999999995
0.024138489999999995
0.02383356
0.02345706
0.02326703
0.023258049999999995
0.023095019999999997
0.0226101
0.02227073
0.02165347
0.02075917
0.019860739999999998
0.018676959999999996
0.01744601
0.016492939999999998
0.015814469999999997
0.01511756
0.014158719999999998
0.01312934
0.011909689999999999
0.01059403
0.00955067
0.008450035999999998
0.007515385999999999
0.006603048999999999
0.005154783
0.003843988
0.0028084149999999994
0.001357129
-1.131874E-4
-0.001411369
-0.00317605
-0.00515782
-0.007074470999999999
-0.009036806
-0.010799679999999999
-0.012111509999999999
-0.01299285
-0.01388475
-0.015049639999999998
-0.01610958
-0.01742944
-0.018639279999999998
-0.018875049999999997
-0.019156319999999998
-0.019384189999999996
-0.0191146
-0.01920887
-0.01934199
-0.019017919999999997
-0.01862177
-0.01827785
-0.01785366
-0.01703437
-0.01599114
-0.01490612
-0.01351509
-0.011888229999999998
-0.01034241
-0.008939232999999998
-0.007420931999999999
-0.006110034999999999
-0.00517403
-0.004275597
-0.003492615
-0.0029230879999999995
-0.0024576609999999994
-0.0021673709999999995
-0.001948605
-0.0018420499999999998
-0.0017134089999999997
-0.001561892
-0.001462485
-0.001343927
-0.0015131049999999998
-0.001658532
-0.001676726
-0.0018331799999999998
-0.0021646759999999995
-0.0023200829999999997
-0.0021694769999999995
-0.00247963
-0.002948566
-0.0031538739999999997
-0.0037549739999999995
-0.0044327839999999995
-0.005055614999999999
-0.006118763
-0.007283961999999999
-0.008235839999999998
-0.009043811
-0.009706186
-0.01016455
-0.010588399999999998
-0.01098791
-0.0113416
-0.011783389999999998
-0.011780439999999998
-0.01166767
-0.01191255
-0.011765259999999998
-0.011232329999999999
-0.01099318
-0.01100098
-0.01081302
-0.01076686
-0.0109591
-0.010949359999999998
-0.01094409
-0.011289869999999999
-0.011790909999999998
-0.0124001
-0.01347929
-0.01451596
-0.015003109999999998
-0.01551604
-0.01595687
-0.01639364
-0.01717309
-0.017682639999999996
-0.018103359999999995
-0.01868622
-0.01877355
-0.018544269999999998
-0.018502809999999998
-0.01821871
-0.01771034
-0.01727948
-0.01686738
-0.01653346
-0.01577693
-0.01477979
-0.013969109999999998
-0.012894059999999999
-0.012063939999999999
-0.01160243
-0.01072532
-0.009938943
-0.009480133
-0.009100171
-0.009009417
-0.009150492
-0.009041104999999999
-0.008626855
-0.008473726
-0.008148979999999998
-0.00761874
-0.007433074
-0.007310325
-0.007244406999999999
-0.007297453
-0.0071971199999999996
-0.007093948
-0.007198433999999999
-0.007446324
-0.007643434999999999
-0.007963945
-0.008434744
-0.008690994999999998
-0.009266159999999999
-0.009831873
-0.01005492
-0.01079008
-0.01157533
-0.012014269999999999
-0.012305909999999998
-0.01280801
-0.013594089999999998
-0.014001009999999998
-0.014441969999999998
-0.0151049
-0.015553559999999998
-0.01602598
-0.016775569999999997
-0.01750306
-0.018015589999999998
-0.01848692
-0.01908422
-0.019705839999999995
-0.02013992
-0.020466489999999997
-0.020754349999999998
-0.021140059999999995
-0.02162153
-0.0219183
-0.021911799999999995
-0.02165594
-0.02150533
-0.02161591
-0.021275479999999996
-0.02082865
-0.020639289999999998
-0.02012209
-0.019648259999999997
-0.019400309999999997
-0.019032139999999996
-0.0187305
-0.01846964
-0.017982829999999998
-0.01751683
-0.01724581
-0.017302649999999996
-0.017469699999999998
-0.017311989999999996
-0.01713921
-0.01729058
-0.0172202
-0.01685226
-0.016778549999999996
-0.016820629999999996
-0.01638986
-0.01600145
-0.01631401
-0.016267399999999998
-0.01573588
-0.015555399999999999
-0.015302319999999998
-0.015286019999999999
-0.01576532
-0.0163647
-0.0174564
-0.018706549999999995
-0.019811109999999996
-0.02093407
-0.021990699999999995
-0.02268894
-0.02343676
-0.024387019999999995
-0.024876709999999996
-0.02519936
-0.02556975
-0.025855319999999998
-0.025883889999999996
-0.02594973
-0.026236829999999996
-0.026416169999999996
-0.026671669999999998
-0.02669063
-0.02637121
-0.026470289999999997
-0.02699052
-0.02738414
-0.02793789
-0.028407809999999995
-0.028373879999999997
-0.028262749999999996
-0.028024789999999997
-0.028007139999999996
-0.02796072
-0.02780314
-0.027727439999999996
-0.02726855
-0.026964649999999996
-0.026512019999999997
-0.025916449999999997
-0.02553833
-0.02492917
-0.024261859999999996
-0.023242959999999997
-0.022046669999999997
-0.02058982
-0.01852708
-0.0163113
-0.014184109999999998
-0.01194771
-0.009361777
-0.00711807
-0.005164145
-0.0030149309999999998
-0.001127061
5.119228999999999E-4
0.002017755
0.0034888979999999994
0.005165163999999999
0.006706755
0.00817427
0.009624868
0.01132758
0.01294608
0.0141159
0.01570113
0.01723917
0.01820869
0.019275279999999995
0.020491369999999995
0.0214686
0.02254639
0.023610559999999996
0.024465779999999996
0.02543038
0.02629992
0.027095889999999997
0.02791058
0.028711579999999997
0.029437199999999997
0.03008946
0.030746059999999995
0.03122323
0.031727809999999995
0.03210768
0.03230419
0.03260765999999999
0.03292564
0.03318089
0.03315006999999999
0.03330696
0.03351464
0.033236289999999995
0.0330694
0.0328778
0.032195879999999996
0.03147745
0.030711529999999997
0.029724759999999996
0.028963409999999995
0.02827115
0.027823399999999998
0.02771341
0.0272306
0.0264808
0.02573819
0.025142909999999997
0.024534499999999997
0.02397052
0.02373397
0.02338941
0.022923589999999997
0.022449869999999997
0.021731999999999998
0.0207822
0.020418619999999995
0.02011828
0.019451839999999998
0.01936783
0.019343559999999996
0.019234259999999996
0.019459189999999998
0.01972522
0.02013535
0.02043682
0.020061629999999997
0.019556309999999997
0.019299069999999998
0.0191572
0.01923094
0.019758189999999995
0.020305599999999997
0.020848109999999996
0.021475
0.02177463
0.02213893
0.02232864
0.02246471
0.02270436
0.02263664
0.0224953
0.02217149
0.02170156
0.021123029999999998
0.02023518
0.01935297
0.01855527
0.01755819
0.016539409999999997
0.015564669999999997
0.01454826
0.01352312
0.01256397
0.011762599999999998
0.01061041
0.009564428999999998
0.008963156999999998
0.00809918
0.007220958999999999
0.006636895999999999
0.006251369
0.005737911
0.005165921999999999
0.005082368
0.005176901
0.005149639
0.005318111999999999
0.005392809
0.005219927
0.005399323
0.005581561999999999
0.005450281999999999
0.005497358
0.005444174999999999
0.005331124
0.0052267799999999994
0.004875479999999999
0.004797731999999999
0.004740300999999999
0.004462721
0.0043452099999999995
0.004394518
0.004829237999999999
0.005361711999999999
0.00587934
0.006693123999999999
0.007331587
0.007831665
0.008456220999999998
0.009079086999999998
0.009674888
0.01027724
0.010954789999999999
0.011376749999999998
0.01186501
0.012506039999999998
0.012766859999999998
0.013144049999999997
0.0137786
0.01455709
0.01557678
0.0166999
0.01771737
0.01818875
0.01831529
0.018466189999999997
0.018549729999999997
0.01863427
0.018671959999999998
0.018472349999999995
0.01802391
0.017549469999999998
0.017017449999999996
0.01624373
0.01550525
0.014702599999999998
0.013776849999999998
0.01280991
0.011615009999999999
0.010374269999999998
0.009222514
0.008158374
0.007220870999999999
0.006341239
0.0051495
0.0036148879999999997
0.002050769
6.314595E-4
-5.747998E-4
-0.0017631589999999998
-0.002565744
-0.0029553239999999996
-0.0035041709999999995
-0.003958288
-0.004228701
-0.004397330999999999
-0.004426274
-0.004545352
-0.0044296809999999995
-0.00408501
-0.003901026
-0.003570071
-0.003324714
-0.00295426
-0.002316071
-0.0018860889999999999
-0.001203805
-6.506687999999999E-4
-4.772039999999999E-5
6.570278999999999E-4
0.001008033
0.0016754049999999998
0.002259899
0.0024078579999999997
0.0026210709999999996
0.002905983
0.0029174849999999996
0.002846767
0.0029447599999999994
0.0030231929999999995
0.003094452
0.0032884959999999997
0.003337754
0.00345517
0.003871356
0.003896521
0.0038971339999999996
0.004236537999999999
0.004576436
0.005108896999999999
0.00559734
0.006052972999999999
0.006783911999999999
0.007752027999999999
0.008898061
0.009935544
0.010927089999999999
0.0118423
0.0124021
0.01297921
0.013699889999999998
0.014133879999999998
0.01442685
0.014419219999999998
0.013959269999999998
0.013631879999999999
0.01310218
0.01243003
0.011878429999999999
0.011048939999999998
0.010109389999999998
0.009247905
0.008546236
0.007942329999999997
0.007526845999999999
0.007206629
0.006719593999999999
0.0060470789999999995
0.005337765
0.004942659999999999
0.004742691999999999
0.004591956
0.004366659
0.0038799409999999996
0.0030675629999999997
0.0020344659999999995
8.374622999999999E-4
-2.147935E-4
-7.840429999999999E-4
-0.001202153
-0.001681378
-0.002269705
-0.002844931
-0.0033273069999999994
-0.0038203969999999997
-0.00449291
-0.005323152999999999
-0.006020749999999999
-0.006832316
-0.007702684
-0.008208491
-0.008387514
-0.008409973999999999
-0.00829835
-0.008231708
-0.008599358999999999
-0.009307928999999998
-0.010112749999999998
-0.01095919
-0.01175785
-0.01227276
-0.012625109999999998
-0.013123259999999998
-0.01370028
-0.01425622
-0.014897879999999999
-0.015531639999999998
-0.01610992
-0.01669119
-0.01719987
-0.017734309999999996
-0.01827844
-0.01880538
-0.01932164
-0.019870399999999996
-0.020248979999999996
-0.02057478
-0.02094817
-0.02120476
-0.021491209999999997
-0.021836669999999996
-0.022014119999999998
-0.022032269999999996
-0.02211423
-0.021895609999999996
-0.021484349999999996
-0.02124081
-0.020817779999999998
-0.02014302
-0.01982918
-0.0197584
-0.0194798
-0.019378099999999995
-0.01953908
-0.019553629999999995
-0.01969627
-0.02007308
-0.020337499999999998
-0.020687269999999997
-0.020879569999999997
-0.02106457
-0.021632619999999998
-0.022040779999999996
-0.022297129999999995
-0.022823179999999995
-0.023473739999999996
-0.023831219999999997
-0.024133519999999995
-0.024571569999999997
-0.024746789999999998
-0.02504404
-0.025468549999999996
-0.02552975
-0.025595979999999997
-0.02563245
-0.0252479
-0.024701739999999996
-0.02413319
-0.023472659999999996
-0.02247739
-0.02138576
-0.02041142
-0.019269249999999998
-0.018216899999999998
-0.017237739999999998
-0.01606526
-0.014778159999999999
-0.013777409999999999
-0.01308806
-0.01190732
-0.01003651
-0.008091554
-0.005879789
-0.0034524429999999995
-0.001361533
6.293361E-4
0.002749403
0.004772400999999999
0.006621870999999999
0.008605977
0.010527439999999999
0.01213954
0.013706449999999998
0.01525316
0.016691799999999996
0.01807502
0.019387909999999998
0.0209033
0.022460089999999995
0.023751769999999995
0.02498268
0.02601415
0.027269659999999998
0.028604129999999995
0.02949954
0.030282999999999997
0.030667179999999995
0.03058343
0.03062284
0.03083845
0.031063699999999996
0.031221669999999997
0.031138909999999995
0.030869519999999998
0.030578999999999995
0.030204549999999997
0.02982875
0.029526489999999996
0.029320649999999997
0.02917713
0.02882065
0.028473269999999995
0.028164419999999996
0.027845199999999997
0.027533039999999998
0.027023919999999996
0.026475189999999996
0.0259289
0.025296919999999997
0.02464674
0.023961789999999997
0.023330029999999998
0.022825169999999995
0.0223858
0.022023629999999995
0.021700219999999996
0.021512989999999996
0.021269219999999995
0.021047529999999995
0.021085229999999996
0.02116019
0.0211256
0.020992919999999998
0.02083779
0.020680479999999998
0.020276769999999996
0.01970153
0.01944775
0.0192402
0.01878875
0.01830999
0.017918349999999996
0.0175348
0.017031789999999998
0.01638979
0.01574542
0.01508558
0.014259909999999999
0.013355619999999999
0.012512429999999998
0.011415979999999997
0.01005615
0.008851876999999998
0.007598041999999999
0.006302377999999999
0.005146643999999999
0.003943868
0.0025835549999999995
0.001337064
2.483354999999999E-4
-9.252696E-4
-0.001870696
-0.0026210129999999997
-0.0034510779999999994
-0.00409032
-0.004630945
-0.005332072999999999
-0.006090393999999999
-0.006514755999999999
-0.006442614999999999
-0.006279781999999999
-0.006036908
-0.005719945999999999
-0.005591403
-0.005455423
-0.005445884999999999
-0.0055873649999999995
-0.00540605
-0.005257236999999999
-0.005401269999999999
-0.005569778
-0.005609849
-0.005644953
-0.005851842
-0.005914154999999999
-0.005911686999999999
-0.0059001669999999996
-0.0056884
-0.005454488999999999
-0.0052376029999999995
-0.00491149
-0.004504185
-0.003965628
-0.00336516
-0.002993679
-0.0028701409999999997
-0.0031081189999999995
-0.0034182209999999995
-0.0034607179999999998
-0.0035002329999999997
-0.003385202
-0.003011933
-0.0027113309999999996
-0.002423822
-0.002066686
-0.0017850059999999998
-0.0016092569999999998
-0.001511587
-0.0016319139999999997
-0.001833697
-0.0019485479999999998
-0.002246158
-0.002567918
-0.002871907
-0.0033674909999999994
-0.003989133
-0.004640887999999999
-0.005182682
-0.005619633999999999
-0.006082022999999999
-0.006614626
-0.007179222
-0.007769942999999999
-0.008335195999999998
-0.008758221999999998
-0.009014554999999999
-0.009073077
-0.008920636
-0.008775506
-0.008816614
-0.008778065
-0.008463488
-0.008027374999999998
-0.007470053
-0.006831215
-0.006424887
-0.006312863999999999
-0.006216443999999999
-0.006004752
-0.005819587999999999
-0.005674042999999999
-0.0054711379999999995
-0.005372923999999999
-0.005424464999999999
-0.0056027509999999996
-0.005824609999999999
-0.005800714999999999
-0.005826706
-0.006035338999999999
-0.006232481999999999
-0.006522026999999999
-0.006930618
-0.00728237
-0.007162737
-0.006684277999999999
-0.0060506579999999996
-0.005276278
-0.004397379
-0.003510951
-0.002859073
-0.00220143
-0.0013320079999999998
-1.972022E-4
9.389986E-4
0.0017995639999999998
0.002771229
0.0037809619999999997
0.004451932
0.004953598
0.005795487999999999
0.007017686999999999
0.008398491
0.009981265999999999
0.01151789
0.012670709999999998
0.013475969999999999
0.014187279999999998
0.01477398
0.015186249999999998
0.01565553
0.015998139999999998
0.01612347
0.01622886
0.01606473
0.0157797
0.015429839999999998
0.014887329999999999
0.0143492
0.013639499999999999
0.012742559999999998
0.01175167
0.01052875
0.009338942999999999
0.008266929
0.006978211
0.005492290999999999
0.0038254019999999994
0.002072542
4.0356139999999995E-4
-0.0010816629999999999
-0.002036681
-0.0027017719999999994
-0.003320079
-0.0035772349999999994
-0.0036553009999999997
-0.003824932
-0.0039027189999999994
-0.003863946
-0.003908121999999999
-0.003924774
-0.003925471999999999
-0.004022604999999999
-0.004183402999999999
-0.00441313
-0.004749311
-0.005167627
-0.005570327999999999
-0.00595244
-0.0063497499999999995
-0.006731464999999999
-0.006962206999999999
-0.007301285999999999
-0.007702189999999999
-0.007939377
-0.008285505999999998
-0.008565114999999998
-0.008677884
-0.00880183
-0.008861124999999997
-0.008843150999999999
-0.008810884
-0.008771465999999999
-0.008753514999999998
-0.008760123999999998
-0.008837609999999997
-0.008905598
-0.008781062
-0.008677496999999998
-0.008613977
-0.008518877
-0.008541495999999999
-0.008489103
-0.008429691
-0.008542512
-0.008788855
-0.009091676
-0.009381315
-0.009782532
-0.01021942
-0.010524989999999998
-0.010890599999999999
-0.011464719999999998
-0.012061659999999998
-0.012575959999999999
-0.01309758
-0.013689489999999999
-0.014139359999999998
-0.014531369999999998
-0.015031959999999999
-0.015609229999999998
-0.01626078
-0.016802489999999996
-0.017398489999999996
-0.01794566
-0.01837866
-0.018835449999999997
-0.01931852
-0.020030709999999997
-0.02068209
-0.02109197
-0.021181939999999996
-0.020755259999999998
-0.01996831
-0.019142809999999996
-0.018533849999999998
-0.018151529999999996
-0.01789872
-0.01754661
-0.01706736
-0.016587889999999997
-0.016107719999999996
-0.01568158
-0.015429209999999999
-0.015356299999999998
-0.015188029999999998
-0.01500545
-0.0149767
-0.014821029999999999
-0.014619749999999999
-0.01449619
-0.014083479999999999
-0.01343661
-0.01261701
-0.011539539999999997
-0.01061336
-0.01009208
-0.009863232
-0.009720661
-0.009599446999999999
-0.009334363
-0.008888435
-0.008412165
-0.008111162
-0.008071409
-0.008068154
-0.008114016
-0.008207388999999999
-0.008241281
-0.008193700999999998
-0.008151100999999997
-0.008137701999999998
-0.007973219
-0.0077974049999999994
-0.007668461999999999
-0.007499029999999999
-0.007432608
-0.007305163999999999
-0.007158216999999999
-0.007025183999999999
-0.006623535999999999
-0.0062416749999999995
-0.005922368
-0.005535994999999999
-0.005293905999999999
-0.005057830999999999
-0.004868876999999999
-0.004820771999999999
-0.004861343
-0.005099125999999999
-0.005452363
-0.005719400999999999
-0.005946805999999999
-0.006228096999999999
-0.006448787999999999
-0.006690814
-0.007011445
-0.007265963999999999
-0.007386083999999999
-0.007333004
-0.007131173999999999
-0.006638292
-0.005957275999999999
-0.005304818
-0.004544827999999999
-0.0036257469999999995
-0.0027546849999999998
-0.0019500429999999998
-0.0010024699999999999
-2.6091079999999997E-5
9.098713999999998E-4
0.0018000169999999997
0.0026891699999999994
0.0036229929999999997
0.0045235399999999995
0.005391174
0.006103561999999999
0.0064643
0.006639718
0.006877195
0.007139544
0.007473310999999999
0.007778537999999999
0.007855658999999997
0.007838138
0.007779306
0.007426973
0.0068970939999999994
0.006404568
0.005916472999999999
0.005546181999999999
0.005723722999999999
0.006329791999999999
0.006931819999999999
0.0075093799999999995
0.007832398
0.008035387
0.00817195
0.008219076
0.008496555999999999
0.008941277
0.009452858999999997
0.01008351
0.01074648
0.011365489999999999
0.012047569999999999
0.01262231
0.013057829999999998
0.01354549
0.013952159999999998
0.014289149999999999
0.01467263
0.015170539999999998
0.015877079999999995
0.01656534
0.016967989999999995
0.01708468
0.016767499999999998
0.01613261
0.01563706
0.015277889999999999
0.01484719
0.014286059999999998
0.01347022
0.01242355
0.0112619
0.009897084
0.008462998
0.007168983999999999
0.0058430209999999995
0.00451387
0.0033242059999999997
0.0021561739999999994
9.146524999999999E-4
-3.6185799999999995E-4
-0.001594582
-0.002643134
-0.0035735119999999996
-0.004610307
-0.005533719
-0.006271990999999999
-0.00685222
-0.007056421
-0.0069241419999999995
-0.006454765999999999
-0.005706505
-0.004957358
-0.004193312
-0.0033270789999999997
-0.002529138
-0.0018173649999999998
-0.0011680469999999997
-5.396243999999999E-4
5.943485999999999E-5
6.184860999999999E-4
0.001429741
0.002112463
0.002526623
0.0030017889999999995
0.0032361469999999995
0.003265389
0.0033860879999999998
0.003543107
0.0035398579999999995
0.0036750639999999996
0.00395704
0.004036164
0.00396034
0.0037705499999999997
0.00358461
0.003376117
0.0033661559999999995
0.0035224009999999997
0.00355774
0.003668977
0.003852342
0.003970426
0.004079472999999999
0.004289370999999999
0.004542864
0.004843519
0.005258177
0.005746552
0.006277061999999999
0.006841269999999999
0.007539107999999999
0.008282515999999998
0.00893581
0.009452572
0.009713534999999999
0.009935303999999999
0.0104645
0.011368759999999999
0.01236174
0.013172229999999998
0.013731399999999998
0.01392578
0.01400892
0.01415747
0.014286419999999998
0.014434169999999998
0.014602699999999998
0.014747699999999999
0.014820709999999999
0.014916259999999999
0.01498054
0.014969579999999998
0.015076259999999998
0.015165399999999999
0.01517433
0.015345719999999998
0.015621889999999998
0.01591564
0.01626271
0.016807739999999998
0.017345809999999996
0.01758367
0.0175933
0.017394369999999996
0.01718682
0.01712657
0.017327229999999996
0.017643029999999997
0.01796859
0.018420879999999997
0.018668539999999997
0.018806619999999996
0.01908693
0.01930405
0.019462889999999997
0.019707999999999996
0.01988078
0.019889639999999997
0.019846269999999996
0.01960128
0.019281109999999997
0.019102819999999996
0.018818049999999996
0.018311719999999997
0.017768069999999997
0.017028999999999996
0.01613924
0.015209979999999998
0.01411444
0.013080969999999999
0.012114049999999998
0.011115869999999998
0.010129119999999998
0.009129900999999998
0.007872281999999998
0.006390457
0.004878984
0.0032853809999999995
0.0017981619999999999
5.37462E-4
-5.951429E-4
-0.0017004149999999998
-0.00267145
-0.003537413
-0.004523251
-0.005512101
-0.006509306
-0.007445624999999999
-0.00819683
-0.008887863
-0.009525301
-0.01016989
-0.0109021
-0.01167842
-0.01244355
-0.013243539999999998
-0.013850429999999999
-0.014142029999999998
-0.014432079999999998
-0.014671599999999998
-0.01487331
-0.01526836
-0.01577365
-0.016358969999999997
-0.01699194
-0.017596839999999996
-0.018266599999999997
-0.01895796
-0.01964715
-0.020285519999999998
-0.02081659
-0.02142754
-0.02218418
-0.02304035
-0.02397166
-0.024819979999999995
-0.02517282
-0.025028349999999998
-0.024634
-0.024063699999999997
-0.023596029999999997
-0.02326653
-0.022892489999999998
-0.022408559999999998
-0.02180032
-0.021097779999999997
-0.02032156
-0.01956649
-0.018936419999999995
-0.01838469
-0.01785738
-0.017398949999999996
-0.016888039999999997
-0.01625105
-0.01562688
-0.015065529999999999
-0.014525329999999998
-0.013881189999999998
-0.013087819999999998
-0.01221164
-0.0114879
-0.01107136
-0.010930889999999999
-0.01104693
-0.011119079999999998
-0.010995319999999998
-0.01083889
-0.0106456
-0.010545439999999998
-0.01064567
-0.010853219999999998
-0.011104319999999999
-0.01131315
-0.01156748
-0.01178457
-0.0117978
-0.01174856
-0.011705249999999999
-0.011568959999999998
-0.011351719999999997
-0.01100234
-0.010446269999999999
-0.009715111999999998
-0.008885182999999998
-0.008031098
-0.007039128999999999
-0.005979177999999999
-0.004889994999999999
-0.0036854279999999997
-0.002454328
-0.001210505
4.736022E-5
0.0012523319999999999
0.0023855559999999996
0.003443567
0.004314688999999999
0.005064965
0.005811786999999999
0.006505181999999999
0.007262786999999999
0.008117216
0.008869566
0.009380481999999999
0.009691042
0.01001008
0.010330119999999998
0.010524619999999998
0.010585769999999998
0.010418399999999998
0.010154789999999999
0.009982794
0.01006132
0.01032243
0.010526049999999999
0.010846139999999999
0.011239249999999998
0.011626079999999999
0.012206329999999998
0.01279975
0.013315369999999998
0.01389592
0.014302829999999999
0.014620159999999998
0.015072809999999999
0.015430319999999999
0.01578471
0.01628816
0.016778299999999996
0.01722401
0.01756968
0.01776891
0.01779575
0.01756743
0.017010849999999998
0.016324439999999996
0.01585235
0.01562697
0.01559223
0.015555729999999999
0.015264399999999997
0.014700349999999997
0.014005169999999999
0.013282699999999998
0.012560859999999998
0.01185931
0.011194349999999999
0.010545879999999999
0.009996474
0.009456722
0.008836368999999998
0.008142483
0.007305444
0.006494659
0.005841586
0.005305259999999999
0.004880347999999999
0.004572573999999999
0.004220635
0.0038918099999999995
0.0036369919999999995
0.003205906
0.0025060879999999996
0.001626779
7.413416E-4
-3.972348E-6
-6.101484999999999E-4
-0.0011306959999999998
-0.001530118
-0.0018324169999999998
-0.002112422
-0.002398508
-0.0026532539999999994
-0.0029432449999999997
-0.003201552
-0.003348919
-0.0034662489999999994
-0.003428149
-0.003257061
-0.003094129
-0.003073557
-0.003128163
-0.0032374849999999996
-0.00345088
-0.0035330649999999997
-0.00360769
-0.0037953959999999995
-0.004024169
-0.004212549
-0.004449013
-0.004771948
-0.004978806999999999
-0.005167735
-0.005434576
-0.005614536999999999
-0.005630319
-0.005665783999999999
-0.0056495569999999995
-0.005467712999999999
-0.005234863
-0.004992634
-0.004786656
-0.004419631999999999
-0.0038536329999999995
-0.0034207449999999998
-0.002918738
-0.00233303
-0.0020987409999999995
-0.0020724399999999996
-0.0020972809999999995
-0.00234072
-0.0027248439999999997
-0.0031051039999999996
-0.0035480909999999997
-0.003998162
-0.004492499
-0.005032682
-0.005562091999999999
-0.006174520999999999
-0.006773423999999999
-0.0073389829999999994
-0.007762618
-0.007950128999999998
-0.008131414
-0.008417643
-0.008602169
-0.008762325
-0.008968081999999999
-0.009086078999999999
-0.00930163
-0.009472753999999998
-0.009516694999999999
-0.009610490999999999
-0.009722718999999998
-0.009977363
-0.01042217
-0.010835159999999998
-0.01100555
-0.01098918
-0.010932899999999999
-0.01092638
-0.01113454
-0.01145727
-0.011801569999999999
-0.01216744
-0.0123216
-0.012322319999999998
-0.012398149999999998
-0.012444709999999998
-0.012406239999999999
-0.0123948
-0.012296029999999998
-0.01211143
-0.012007329999999998
-0.011853959999999998
-0.011618149999999999
-0.011242579999999999
-0.010574029999999998
-0.009733745999999998
-0.008722137999999999
-0.007519655
-0.006526551
-0.005925569999999999
-0.00553873
-0.0052861439999999996
-0.004909583999999999
-0.004215985
-0.0032806959999999996
-0.0023154289999999995
-0.0014862549999999997
-7.523173E-4
-1.201838E-4
3.8244109999999995E-4
8.797873999999998E-4
0.0015424679999999997
0.0022251119999999996
0.002798031
0.003410773
0.003926845
0.004272032999999999
0.004608353
0.004988200999999999
0.005372180999999999
0.005737631
0.006072034999999999
0.006406175
0.006646772999999999
0.006716111
0.006697689
0.00654544
0.006456006999999999
0.006469949
0.0064468979999999995
0.006563886
0.006766713999999999
0.006905928
0.0072069989999999995
0.007644175
0.008023478
0.008409860999999998
0.008761721999999998
0.008975746
0.009101188
0.009148622
0.009142557
0.009202862
0.009327843
0.009434807
0.009546896
0.00965238
0.009672945
0.009668009999999998
0.009510029
0.009237904
0.008930664
0.008461692
0.007895288
0.007268074999999999
0.0066826509999999995
0.006208363999999999
0.005762631999999999
0.005227535
0.004675794
0.004227496
0.0037122779999999994
0.003225446
0.002805619
0.002264644
0.001637964
8.80381E-4
6.524467E-5
-6.442553E-4
-0.0012135709999999999
-0.0017209139999999998
-0.0023107209999999995
-0.002898385
-0.0033492229999999997
-0.0035481149999999997
-0.0033483089999999994
-0.0029466829999999994
-0.0025021219999999994
-0.002127636
-0.0020229049999999998
-0.002004553
-0.002074706
-0.002289537
-0.0023808259999999995
-0.0023525499999999997
-0.0024921589999999994
-0.002878669
-0.0033438959999999994
-0.003937633
-0.004624159
-0.0052505849999999995
-0.005876457
-0.006509684
-0.0070681319999999995
-0.007516540999999999
-0.007879374
-0.008020388
-0.007955672
-0.008003464999999998
-0.008380882999999999
-0.008997176
-0.009604906999999998
-0.010075459999999998
-0.010286829999999999
-0.010346849999999998
-0.01043057
-0.01049448
-0.01052253
-0.01053078
-0.0105219
-0.010505729999999998
-0.01049724
-0.010493289999999999
-0.01042953
-0.0102825
-0.01010699
-0.009896453999999999
-0.009666945
-0.009429691
-0.009219643
-0.009011412
-0.008811843
-0.008742298
-0.008718629
-0.008649714999999999
-0.008589123
-0.008389225
-0.008075173999999997
-0.007860008
-0.007650512999999999
-0.007362197
-0.007055345999999999
-0.006735099
-0.006267993999999999
-0.005696605
-0.005086679999999999
-0.004379045
-0.0036561759999999997
-0.0028594449999999995
-0.0019485359999999998
-0.001119928
-3.2669029999999997E-4
4.574082E-4
0.001147353
0.0018286009999999998
0.00258481
0.003378117
0.004219061999999999
0.0052305039999999995
0.006099073
0.006797915999999999
0.007589437
0.008270145999999999
0.008785878
0.009203989
0.009620555
0.010028049999999998
0.01037961
0.01081728
0.01123276
0.011606599999999998
0.011975269999999998
0.01232083
0.012767189999999998
0.013217979999999999
0.013605609999999999
0.013917829999999999
0.014168
0.014374259999999998
0.014462759999999998
0.01442298
0.01418248
0.013895459999999998
0.01383741
0.01395736
0.014195619999999999
0.014410689999999999
0.01430341
0.013866689999999997
0.013281959999999999
0.012699339999999998
0.01210924
0.01146166
0.01086106
0.01031161
0.009722468999999997
0.009126992
0.008551832999999998
0.007977839999999998
0.007334885
0.006684927
0.006093605
0.00540329
0.004721396999999999
0.00414833
0.0036431159999999996
0.0032126429999999994
0.0026982829999999997
0.001910953
8.291404E-4
-3.8460279999999995E-4
-0.0014501419999999998
-0.0022830549999999995
-0.002888648
-0.0031990809999999995
-0.0034415549999999994
-0.003729546
-0.003996100999999999
-0.004280822
-0.004498242999999999
-0.004618290999999999
-0.004668032
-0.004652408
-0.004653115999999999
-0.004649501
-0.004646459
-0.004695674
-0.004699808999999999
-0.004657776999999999
-0.004609914
-0.004515721999999999
-0.004429604999999999
-0.004393591999999999
-0.004462112999999999
-0.004709056
-0.005054158999999999
-0.005414346999999999
-0.005657667
-0.005765031
-0.005916288
-0.006233249999999999
-0.006709075
-0.007163972
-0.007445754999999999
-0.007603201
-0.007728231999999999
-0.007819794
-0.007908241
-0.008062545999999999
-0.008288094
-0.008492702999999999
-0.008662419
-0.008807027999999998
-0.008958164999999999
-0.009125984
-0.009311743999999999
-0.009569573999999999
-0.009865743999999997
-0.010125909999999998
-0.01042822
-0.01081436
-0.01116631
-0.01161962
-0.012139979999999998
-0.012430779999999999
-0.012786629999999998
-0.013101839999999998
-0.013321269999999998
-0.01338993
-0.013371009999999997
-0.013326169999999998
-0.013259109999999998
-0.013296
-0.01341649
-0.013404329999999999
-0.013285829999999998
-0.01311407
-0.01285814
-0.012640209999999999
-0.012487289999999998
-0.01236669
-0.01238824
-0.01238113
-0.01216747
-0.011632
-0.010697619999999998
-0.009631164999999999
-0.008550674999999999
-0.007563329999999999
-0.006782641999999999
-0.006164039999999999
-0.0055477109999999994
-0.004874829999999999
-0.004196744
-0.0033807059999999994
-0.0025017599999999996
-0.0016527999999999998
-7.448473E-4
2.257917E-4
0.001143926
0.002055391
0.003024482
0.003895669
0.004727474
0.005583006999999999
0.006446137999999999
0.007437558
0.008496392999999998
0.009316610999999999
0.009714108
0.009633638
0.009093460999999999
0.008414507
0.007922490999999999
0.007646276999999999
0.007499442
0.007400353999999999
0.007192981999999999
0.006799415999999999
0.006405512999999999
0.006053361999999999
0.005676517
0.005302013
0.004811499999999999
0.004305807
0.0038817869999999994
0.003464351
0.003115833
0.00278811
0.0024981589999999994
0.002288903
0.002175803
0.002161668
0.002231029
0.0023082919999999995
0.002372665
0.0025469809999999994
0.0026402579999999995
0.0025817479999999996
0.002529096
0.002479415
0.002495885
0.002630815
0.0027757439999999997
0.002892812
0.0030577859999999994
0.003265052
0.0034858989999999998
0.0038443309999999994
0.004322319
0.004686485999999999
0.004994559
0.005288411
0.005474783
0.005609072999999999
0.005676388
0.005749608999999999
0.005845435999999999
0.005896508999999999
0.005957696999999999
0.006036941999999999
0.006078252999999999
0.006095639999999999
0.006116185
0.006059654999999999
0.0059358909999999996
0.005855203
0.005832885
0.00579629
0.005759485
0.005727685
0.005642247
0.005537786999999999
0.005445197999999999
0.005395111999999999
0.0053674
0.005339032999999999
0.005399442
0.005489324999999999
0.0055272559999999995
0.005497886999999999
0.005341941
0.005094484
0.004940397
0.005008849999999999
0.005231449
0.005488931999999999
0.005675072
0.005760554
0.005707226999999999
0.005565115999999999
0.0054797249999999995
0.005479478
0.0054674319999999995
0.005409178999999999
0.005390738
0.005330011999999999
0.005241793
0.005213828999999999
0.005190103999999999
0.005219229999999999
0.005258536
0.005203815
0.005122787999999999
0.005001496999999999
0.004937341
0.005052368999999999
0.005149492
0.005025743
0.004683906999999999
0.004260812
0.003816577
0.0035406259999999994
0.0035170279999999997
0.0035614079999999994
0.0036569109999999997
0.003782486
0.0038118639999999994
0.003787731
0.003755104
0.003648165
0.0036190069999999996
0.0037156519999999994
0.003800824
0.00385287
0.003905623
0.003960507999999999
0.003996457
0.003952030999999999
0.0038741579999999995
0.0038288
0.0036409809999999997
0.0034240169999999997
0.003162888
0.0027784969999999996
0.0025220449999999997
0.002216562
0.001827241
0.0015519129999999998
0.001340093
0.001063479
7.7868E-4
5.947876999999999E-4
3.8498319999999994E-4
2.53463E-4
2.411873E-4
2.1177569999999998E-4
1.644509E-4
1.353815E-4
1.743472E-4
1.6120859999999997E-4
8.046973E-5
1.516307E-4
3.679102E-4
6.489460999999999E-4
0.0010146269999999997
0.0013554919999999998
0.0016658029999999998
0.002020182
0.002356223
0.0027315899999999995
0.0031674689999999996
0.0035545249999999994
0.003912988
0.004202792999999999
0.004474434
0.004808323
0.005102658
0.005416834
0.005760577
0.006107703
0.006445022
0.006667716999999999
0.006845737999999999
0.007002322
0.007098742999999999
0.007186228999999999
0.007223708999999999
0.007298021
0.007359713
0.0071844859999999995
0.006874969999999999
0.006541431
0.006366974
0.006464138
0.00660426
0.006663447999999999
0.006642005999999999
0.006499948
0.006219993
0.00588699
0.005662086
0.005553513999999999
0.005468460999999999
0.005426965
0.005458743999999999
0.005476163
0.005396442
0.005290132999999999
0.0051735539999999995
0.005032716999999999
0.004945389
0.004923251
0.004880532
0.004898462
0.005013393
0.004995193
0.004893117999999999
0.004720087
0.004288286
0.0037441439999999996
0.003309189
0.003010058
0.0027728099999999997
0.002569106
0.002403186
0.0021906039999999996
0.0019772309999999994
0.0018226799999999997
0.0017049859999999997
0.001572188
0.0014079939999999999
0.0012501149999999998
0.001040009
8.63485E-4
7.775392999999999E-4
6.901337E-4
6.573522E-4
6.682543E-4
6.269856E-4
5.484581999999999E-4
5.255285E-4
5.873832999999999E-4
6.184913E-4
6.581433999999998E-4
6.557539999999999E-4
5.424792E-4
4.872343E-4
4.0867219999999997E-4
2.9635259999999993E-4
1.9189149999999998E-4
-5.845678999999999E-5
-3.2650309999999994E-4
-5.546734E-4
-8.3891E-4
-0.001113993
-0.0013647139999999997
-0.0016799819999999998
-0.001986425
-0.0022769429999999996
-0.002639181
-0.0029346909999999997
-0.0032091939999999994
-0.003504783
-0.0037898319999999995
-0.004146600999999999
-0.004439228
-0.004675289
-0.004921625
-0.005124398999999999
-0.00535463
-0.00557917
-0.005779328
-0.005938030999999999
-0.006018702
-0.006101095999999999
-0.0061464219999999995
-0.006149844999999999
-0.006178916999999999
-0.006143464999999999
-0.006108695
-0.006130765999999999
-0.006072288999999999
-0.006021248999999999
-0.005998243
-0.005911654999999999
-0.005810799
-0.005740300999999999
-0.005700538
-0.005697615
-0.005762927
-0.005849203
-0.005911820999999999
-0.005931026
-0.005826909999999999
-0.005615959
-0.005418883999999999
-0.00526379
-0.005161908999999999
-0.0051111839999999995
-0.005049672
-0.004939242999999999
-0.004780644999999999
-0.004601474
-0.004433153
-0.004292696
-0.004170031999999999
-0.004045233
-0.0038649259999999994
-0.0036171929999999995
-0.0033371529999999994
-0.0030556509999999995
-0.0028331479999999997
-0.00266001
-0.002455056
-0.002189273
-0.0018719299999999997
-0.0015383789999999999
-0.0012664769999999998
-0.0011412519999999997
-0.0011336519999999998
-0.001102648
-0.001011181
-8.906789E-4
-7.716925E-4
-6.809228999999999E-4
-6.473496999999999E-4
-6.601284999999999E-4
-6.790571999999999E-4
-7.168821E-4
-7.304839999999999E-4
-7.080598999999999E-4
-7.044247999999999E-4
-7.317851999999998E-4
-7.827704E-4
-8.273767999999998E-4
-8.586219999999999E-4
-8.871846999999999E-4
-8.921379999999999E-4
-8.909405999999999E-4
-8.890931E-4
-8.895647999999999E-4
-8.879447999999999E-4
-8.763504999999999E-4
-8.649707999999999E-4
-8.582867999999999E-4
-8.864705999999999E-4
-9.49398E-4
-0.001020282
-0.0011074499999999998
-0.001191715
-0.001259361
-0.0013853069999999997
-0.00152156
-0.0016390819999999998
-0.0017871479999999997
-0.0019326609999999998
-0.0020495979999999997
-0.002152572
-0.0022814739999999995
-0.002376461
-0.002448799
-0.002545968
-0.002631025
-0.0027054899999999996
-0.002750368
-0.0027789199999999994
-0.0028071029999999996
-0.002816681
-0.002798442
-0.0027809039999999994
-0.0027664369999999996
-0.002722824
-0.002664103
-0.002605393
-0.002544791
-0.0024676939999999994
-0.0023937389999999998
-0.002350243
-0.002299617
-0.002253084
-0.0022355219999999998
-0.002199495
-0.0021511149999999995
-0.0021176759999999998
-0.002084765
-0.0020606189999999996
-0.002066567
-0.002064319
-0.002071733
-0.002112337
-0.0021535099999999995
-0.0022120899999999995
-0.0022395409999999994
-0.002203547
-0.002163524
-0.00212574
-0.002109471
-0.002150449
-0.0021991319999999995
-0.002231055
-0.002269976
-0.0023067449999999994
-0.002318816
-0.002330598
-0.002355588
-0.002375291
-0.002396223
-0.002398802
-0.0023822159999999995
-0.0023643249999999996
-0.002333244
-0.002298372
-0.002261344
-0.002211783
-0.0021447599999999995
-0.0020537779999999996
-0.001966206
-0.0019201929999999997
-0.0018891759999999998
-0.001848288
-0.0018025589999999998
-0.0017279129999999998
-0.0016400709999999999
-0.001558659
-0.001481417
-0.0014076019999999998
-0.001333532
-0.001270902
-0.001206114
-0.0011279709999999997
-0.0010412299999999998
-9.644081E-4
-8.909916999999999E-4
-8.163613E-4
-7.545586E-4
-6.917462E-4
-6.239876E-4
-5.449147999999999E-4
-4.7134109999999994E-4
-4.096291E-4
-3.3581799999999993E-4
-2.6570169999999994E-4
-2.029502E-4
-1.360566E-4
-8.843160999999998E-5
-4.942998999999999E-5
-4.3105489999999995E-6
2.955965E-5
5.6540949999999996E-5
9.121111999999999E-5
1.228884E-4
1.460796E-4
1.7655519999999997E-4
2.015355E-4
2.1477629999999999E-4
2.3161979999999997E-4
2.517291E-4
2.6452519999999995E-4
2.727236E-4
2.858272E-4
2.9814059999999995E-4
3.085807E-4
3.1398609999999997E-4
3.147728E-4
3.2056429999999996E-4
3.261519E-4
