-3.57555E-4
-4.48912E-4
-5.518E-4
-6.49623E-4
-7.11854E-4
-7.10542E-4
-6.44976E-4
-5.45155E-4
-4.49781E-4
-3.8577E-4
-3.57116E-4
-3.48629E-4
-3.42308E-4
-3.2526E-4
-2.92936E-4
-2.49471E-4
-2.02875E-4
-1.63642E-4
-1.38387E-4
-1.28033E-4
-1.3136E-4
-1.40731E-4
-1.48348E-4
-1.53581E-4
-1.67441E-4
-2.17181E-4
-3.28287E-4
-4.99504E-4
-7.00286E-4
-8.87707E-4
-0.00102051
-0.00106432
-0.00100058
-8.38299E-4
-6.15375E-4
-3.84497E-4
-1.90533E-4
-6.20689E-5
-1.09463E-5
-4.42024E-5
-1.72106E-4
-3.8673E-4
-6.57072E-4
-9.37893E-4
-0.00118168
-0.00135832
-0.00147104
-0.00155916
-0.00167022
-0.00182574
-0.002008
-0.00216601
-0.00224616
-0.00222249
-0.00210806
-0.00196713
-0.0018878
-0.00192444
-0.00207639
-0.00230393
-0.00254528
-0.00273167
-0.00281323
-0.00277417
-0.00263344
-0.00243279
-0.00222306
-0.00205158
-0.00193684
-0.00185344
-0.001749
-0.00158025
-0.00134018
-0.00105707
-7.67706E-4
-4.90042E-4
-2.10769E-4
8.82184E-5
4.03531E-4
7.12285E-4
9.83509E-4
0.00119046
0.00129901
0.00126887
0.00108472
7.75477E-4
4.0273E-4
4.26827E-5
-2.43857E-4
-4.18663E-4
-4.7257E-4
-4.39924E-4
-3.59014E-4
-2.67239E-4
-2.12397E-4
-2.40623E-4
-4.00451E-4
-7.01854E-4
-0.00109658
-0.00151807
-0.00189035
-0.00215616
-0.00229599
-0.00232504
-0.00228197
-0.00219846
-0.00208731
-0.00192389
-0.00167905
-0.00135966
-9.98995E-4
-6.47089E-4
-3.44817E-4
-8.72524E-5
1.56888E-4
4.02053E-4
6.15519E-4
7.31959E-4
7.17032E-4
5.59953E-4
3.08519E-4
7.74271E-5
-5.52956E-5
-5.01012E-5
4.28567E-5
9.81692E-5
2.54483E-5
-2.30941E-4
-6.09401E-4
-9.63374E-4
-0.00118932
-0.00123217
-0.00109793
-8.45254E-4
-5.55608E-4
-2.64865E-4
4.21365E-5
3.81599E-4
7.58147E-4
0.00114685
0.0015102
0.00179369
0.00195605
0.00195373
0.00176498
0.00145756
0.00110542
7.56907E-4
4.44034E-4
1.5892E-4
-1.01877E-4
-3.26384E-4
-5.04603E-4
-5.94121E-4
-5.25287E-4
-2.61395E-4
1.69975E-4
6.74573E-4
0.00111622
0.00139576
0.00147846
0.00139039
0.00119928
9.78525E-4
7.85495E-4
6.24192E-4
4.62132E-4
2.88815E-4
9.68678E-5
-1.0261E-4
-2.49748E-4
-2.95888E-4
-2.15151E-4
-6.88351E-6
2.86634E-4
5.73676E-4
7.47104E-4
7.76023E-4
6.87288E-4
5.52387E-4
4.62723E-4
4.60088E-4
5.44654E-4
6.69319E-4
7.46433E-4
7.01436E-4
5.36397E-4
2.79345E-4
-5.51156E-6
-1.92539E-4
-1.38228E-4
2.84316E-4
0.00109652
0.00220092
0.00340511
0.00447649
0.00527123
0.00572939
0.00585463
0.00576534
0.00557647
0.00538551
0.00527992
0.0052705
0.00533681
0.00544083
0.00558043
0.00573242
0.00581779
0.00577483
0.0055141
0.00501891
0.00437204
0.00370127
0.00314423
0.00276688
0.00257488
0.00250181
0.00239295
0.00212901
0.00170196
0.00115627
6.00441E-4
1.52947E-4
-1.40033E-4
-2.54719E-4
-2.16798E-4
-1.01004E-4
3.62583E-5
1.42331E-4
2.16133E-4
2.55286E-4
2.91401E-4
3.41221E-4
2.90198E-4
4.19437E-5
-4.19879E-4
-0.00106396
-0.0017804
-0.00242764
-0.00289359
-0.00315776
-0.00324106
-0.00314086
-0.00297791
-0.00281345
-0.00260856
-0.00238754
-0.00210044
-0.00167897
-0.00114586
-5.38511E-4
1.70764E-4
9.65861E-4
0.00173537
0.00240236
0.00289599
0.00318548
0.00327065
0.00316994
0.00290881
0.00250994
0.00205958
0.00162591
0.00134506
0.00133677
0.00157174
0.00198136
0.00245568
0.00288147
0.00313321
0.00317194
0.00308153
0.0029288
0.00278527
0.00265915
0.0025435
0.00241483
0.00220273
0.00192808
0.00164526
0.00146533
0.00146014
0.00163294
0.0020024
0.00245873
0.00290396
0.00328122
0.0034812
0.00345422
0.0032381
0.00287746
0.00240926
0.00192683
0.00146382
0.00104515
7.00442E-4
4.10047E-4
2.36613E-4
1.8156E-4
2.17846E-4
3.8836E-4
7.11284E-4
0.00112938
0.00161573
0.00214552
0.00260038
0.00292728
0.00301776
0.00275688
0.00212929
0.00118953
5.4968E-5
-0.00111682
-0.00202139
-0.00242715
-0.00235848
-0.00187671
-0.00104192
-4.13999E-5
9.24842E-4
0.00177643
0.00240252
0.00272618
0.00281019
0.00269461
0.00242973
0.00210765
0.00174747
0.00132524
8.63609E-4
3.75863E-4
-6.29321E-5
-3.73483E-4
-4.94981E-4
-3.54312E-4
-3.13625E-5
3.2906E-4
6.55229E-4
9.02564E-4
9.84578E-4
9.20388E-4
8.15709E-4
7.04384E-4
6.31932E-4
6.27278E-4
6.2216E-4
5.79689E-4
5.14833E-4
4.00705E-4
2.55252E-4
9.8329E-5
-8.61372E-5
-3.13023E-4
-5.66476E-4
-7.72328E-4
-8.63836E-4
-8.1997E-4
-6.74665E-4
-5.10082E-4
-4.45347E-4
-5.30863E-4
-7.54038E-4
-0.00112383
-0.00157893
-0.00197482
-0.00221623
-0.00227124
-0.0021265
-0.00179032
-0.00134553
-8.93672E-4
-5.2901E-4
-3.75547E-4
-4.47908E-4
-7.03128E-4
-0.00112521
-0.00163276
-0.00214209
-0.00257314
-0.00282145
-0.0028397
-0.00262727
-0.00220593
-0.00163409
-0.00104125
-4.97845E-4
-4.95172E-6
4.22741E-4
8.27604E-4
0.00121263
0.00156354
0.00186118
0.00204896
0.00212767
0.00209803
0.0020095
0.00193032
0.00186475
0.00184351
0.00184895
0.00181068
0.00169988
0.0015247
0.00135404
0.00125057
0.00121459
0.00121345
0.00117936
0.00111329
0.00100463
8.04784E-4
5.18873E-4
1.73257E-4
-2.07693E-4
-6.12825E-4
-0.00101129
-0.00140442
-0.00177548
-0.00214762
-0.00252292
-0.00282782
-0.00302748
-0.00306155
-0.00292165
-0.00268903
-0.00245969
-0.00232433
-0.0023647
-0.00261672
-0.00305283
-0.00361959
-0.00419769
-0.00467076
-0.00501887
-0.0051889
-0.00520034
-0.00511568
-0.00497601
-0.00484965
-0.00475593
-0.00470892
-0.00469866
-0.00471057
-0.0046641
-0.00448355
-0.00416257
-0.00366683
-0.00304044
-0.00241021
-0.00187042
-0.00146336
-0.00124849
-0.00119365
-0.00116755
-0.00106657
-7.64039E-4
-1.99319E-4
6.27018E-4
0.00164077
0.00271182
0.0037074
0.00446054
0.00489554
0.00501566
0.00482978
0.00438689
0.00381477
0.00321513
0.00263219
0.002152
0.00184603
0.00172009
0.00174876
0.0018595
0.00196261
0.0019743
0.00186968
0.00171458
0.00155403
0.0014413
0.00141147
0.00147589
0.00158845
0.00171403
0.00192979
0.00225297
0.002705
0.00329522
0.00390013
0.00443285
0.00484641
0.00506993
0.00513834
0.00508688
0.00492932
0.004667
0.00422863
0.0036527
0.00310153
0.00273716
0.00267989
0.00294476
0.00340811
0.0038645
0.00411925
0.00405515
0.00361827
0.0028584
0.00189327
8.45272E-4
-1.13181E-4
-8.61605E-4
-0.00135354
-0.00157963
-0.00159436
-0.00148467
-0.0013498
-0.00120464
-0.00102392
-8.2741E-4
-5.6024E-4
-1.83527E-4
2.55966E-4
7.61822E-4
0.00131041
0.00179427
0.00211486
0.00218607
0.00194919
0.00140895
6.20914E-4
-3.41487E-4
-0.00139927
-0.00244613
-0.00337106
-0.0040836
-0.00456013
-0.00482968
-0.00489938
-0.00482602
-0.00464737
-0.00433543
-0.00392366
-0.00346922
-0.00301636
-0.00262009
-0.00231638
-0.00208872
-0.00191783
-0.00180605
-0.00176402
-0.00178126
-0.00183324
-0.001907
-0.00193851
-0.00191176
-0.00184951
-0.00173778
-0.00162024
-0.00152603
-0.00145732
-0.00143202
-0.00143015
-0.00143071
-0.00143483
-0.00144744
-0.00144299
-0.00137535
-0.00121165
-8.82404E-4
-3.63984E-4
2.86027E-4
9.97558E-4
0.00163949
0.00209164
0.00231212
0.00231995
0.0022094
0.00211598
0.00217458
0.00244736
0.00289721
0.00337864
0.00369917
0.00371368
0.00333526
0.0025803
0.00158657
5.9718E-4
-1.18327E-4
-4.00055E-4
-2.87222E-4
3.12467E-5
3.21741E-4
4.05435E-4
2.6047E-4
3.85676E-5
-8.37635E-5
7.02747E-6
3.33694E-4
7.67735E-4
0.0011448
0.00135195
0.00133446
0.00111444
7.63146E-4
3.56731E-4
-4.57227E-5
-4.23584E-4
-7.44286E-4
-9.81502E-4
-0.00113727
-0.00121014
-0.00123386
-0.00122449
-0.00118683
-0.00115392
-0.00114818
-0.00115077
-0.00115874
-0.0011767
-0.00116121
-0.00109539
-9.87397E-4
-8.64305E-4
-7.83704E-4
-7.60927E-4
-7.84054E-4
-8.61272E-4
-9.97325E-4
-0.00123306
-0.00163812
-0.00218572
-0.00278578
-0.00340594
-0.00403151
-0.00461262
-0.00514149
-0.00562542
-0.00598267
-0.0060924
-0.00590791
-0.00545881
-0.00483581
-0.00418912
-0.00365247
-0.00330562
-0.00315118
-0.00316573
-0.003275
-0.00336477
-0.00339155
-0.00334499
-0.00325902
-0.0031898
-0.00315829
-0.00317581
-0.0032422
-0.00332585
-0.00339311
-0.00344003
-0.00345683
-0.00342101
-0.00328039
-0.0029507
-0.00238045
-0.00155492
-5.32945E-4
5.79093E-4
0.0016844
0.00270111
0.00360593
0.00437549
0.00495597
0.00528672
0.00529888
0.00498997
0.00441865
0.00371433
0.00304614
0.00251476
0.00218823
0.00206478
0.00208638
0.00218276
0.00224004
0.0021561
0.00186138
0.00133069
6.31572E-4
-1.07522E-4
-7.59656E-4
-0.00120192
-0.00137607
-0.00131141
-0.00109483
-8.38167E-4
-5.88726E-4
-3.29258E-4
-1.29427E-5
3.53862E-4
7.26439E-4
0.00108578
0.00137274
0.00153764
0.00158975
0.00155947
0.00147811
0.00138075
0.00130318
0.00125994
0.00124636
0.00126325
0.00129426
0.00131836
0.00133649
0.00134183
0.00134642
0.00135624
0.00139602
0.00155349
0.00186727
0.00230791
0.00280764
0.00321201
0.00335743
0.00319034
0.00277527
0.00223485
0.00170116
0.00129808
0.00109132
0.00106975
0.00117531
0.00133862
0.00149481
0.0015953
0.00163264
0.00162384
0.00159448
0.00157509
0.00157294
0.00156917
0.00149587
0.0012693
8.64429E-4
3.00474E-4
-3.16284E-4
-8.65438E-4
-0.00128137
-0.00150288
-0.00155086
-0.00151995
-0.00153543
-0.00171916
-0.00212306
-0.00270921
-0.00335815
-0.00393933
-0.00436685
-0.00463073
-0.00479203
-0.00490762
-0.00500333
-0.00507491
-0.00506972
-0.00497275
-0.00481757
-0.00461923
-0.00443466
-0.00428149
-0.00409285
-0.00380347
-0.00337512
-0.00281977
-0.00218319
-0.00151746
-8.61709E-4
-2.75233E-4
1.89067E-4
5.11181E-4
7.02576E-4
8.13508E-4
9.03995E-4
0.00102017
0.00118653
0.00145356
0.00186532
0.00242502
0.00308411
0.00374704
0.00431441
0.00467875
0.00473433
0.00442609
0.00382672
0.00309391
0.00238558
0.00183682
0.00152328
0.00143859
0.00152686
0.00170983
0.00189121
0.00201717
0.00208205
0.00208483
0.00204017
0.00198629
0.00194842
0.00193606
0.00194476
0.00196269
0.00198764
0.00199432
0.00194463
0.00180672
0.00156787
0.00124955
9.07733E-4
5.98627E-4
3.2381E-4
7.88314E-5
-1.40814E-4
-3.44492E-4
-5.25374E-4
-6.93142E-4
-8.43299E-4
-9.72205E-4
-0.00107524
-0.00113809
-0.00116496
-0.00116724
-0.00115757
-0.00113439
-0.00110292
-0.00103934
-9.20395E-4
-7.80751E-4
-6.47576E-4
-5.64132E-4
-5.73343E-4
-6.3814E-4
-6.52499E-4
-4.93579E-4
-1.1709E-4
4.24374E-4
0.00103778
0.00159473
0.00199345
0.00216021
0.00200751
0.00153612
8.35206E-4
4.39661E-5
-6.71171E-4
-0.00120048
-0.00149659
-0.00156883
-0.00148173
-0.00132284
-0.00117151
-0.00108753
-0.00113788
-0.00137886
-0.00180068
-0.00228938
-0.00266246
-0.00279191
-0.00263669
-0.00221437
-0.00157957
-8.07991E-4
9.73627E-6
7.63795E-4
0.00135354
0.0017284
0.00185743
0.00170401
0.0012757
6.50487E-4
-6.17049E-5
-7.26197E-4
-0.00122972
-0.00153179
-0.00163906
-0.00159731
-0.00145626
-0.00121336
-8.37366E-4
-3.22022E-4
2.54658E-4
7.27831E-4
9.36521E-4
8.04964E-4
3.60867E-4
-2.75562E-4
-9.27274E-4
-0.00144314
-0.00175149
-0.00183838
-0.00174391
-0.00150416
-0.0011201
-6.1317E-4
-2.38346E-5
5.75078E-4
0.00111301
0.00153855
0.00185488
0.00215673
0.00252135
0.00297615
0.00349212
0.0039681
0.00426387
0.00427876
0.00399871
0.00347332
0.0028236
0.00219235
0.00166136
0.00121605
7.86639E-4
3.17967E-4
-1.90246E-4
-7.16434E-4
-0.00125558
-0.00181429
-0.00239293
-0.00293275
-0.00332546
-0.0034759
-0.00334526
-0.00298275
-0.00253462
-0.00214898
-0.00189803
-0.00178854
-0.00176113
-0.00172304
-0.00157676
-0.00126905
-8.60282E-4
-4.73244E-4
-2.36671E-4
-2.34534E-4
-4.50545E-4
-8.09006E-4
-0.00118192
-0.00142939
-0.00147878
-0.00136284
-0.00119348
-0.00105788
-0.00101697
-0.00109956
-0.00126588
-0.00145395
-0.00161463
-0.00171496
-0.00174515
-0.00171668
-0.00165498
-0.00159416
-0.00152594
-0.00141591
-0.00122097
-8.83988E-4
-4.0552E-4
1.55497E-4
7.16188E-4
0.00118181
0.00149874
0.00165398
0.00166168
0.00158064
0.00147256
0.00137919
0.00132876
0.00134086
0.00144899
0.00170878
0.00215861
0.00275599
0.00339813
0.0039792
0.00441459
0.00465687
0.00471499
0.00464657
0.00451789
0.00439179
0.00429417
0.00419794
0.00401687
0.00366658
0.00315616
0.00255263
0.00194974
0.0014314
0.00101914
7.17712E-4
4.96561E-4
2.67274E-4
-3.2935E-5
-4.20566E-4
-8.72962E-4
-0.00135001
-0.00184708
-0.00238892
-0.00296696
-0.00354838
-0.00408825
-0.00452099
-0.00481029
-0.00495339
-0.00496578
-0.0048435
-0.00454045
-0.00405969
-0.00345918
-0.00281602
-0.00223917
-0.00178592
-0.00143919
-0.00113947
-8.10941E-4
-4.11749E-4
5.12764E-5
5.26054E-4
9.38261E-4
0.00122974
0.00138581
0.00141337
0.00135513
0.00126667
0.00117505
0.00110231
0.00101547
8.16648E-4
4.3648E-4
-1.08766E-4
-7.42938E-4
-0.00136401
-0.00186384
-0.0021767
-0.00231436
-0.00233473
-0.00230258
-0.00228036
-0.00228907
-0.00229476
-0.00222427
-0.00199301
-0.00156117
-9.71779E-4
-3.27556E-4
2.52309E-4
6.63403E-4
8.57536E-4
8.09533E-4
5.30044E-4
1.2516E-4
-2.68159E-4
-5.38783E-4
-6.14841E-4
-5.00188E-4
-2.64694E-4
5.42499E-6
2.62903E-4
4.90283E-4
6.54964E-4
7.30299E-4
6.94083E-4
5.29921E-4
2.56564E-4
-1.11295E-4
-5.66274E-4
-0.00107693
-0.00162233
-0.00217388
-0.00267143
-0.00303148
-0.00315246
-0.00298386
-0.00253605
-0.0018622
-0.00104344
-1.53902E-4
7.14457E-4
0.00147682
0.00206628
0.00243527
0.00260435
0.0026281
0.00256148
0.00246188
0.00237307
0.00232714
0.00233781
0.00241618
0.00260862
0.00293889
0.00334701
0.00372396
0.00396505
0.00400175
0.00385359
0.0036221
0.00342099
0.00333443
0.00337084
0.00347994
0.00361672
0.00377495
0.00398862
0.00426336
0.00452514
0.00466589
0.00458667
0.00426049
0.0037536
0.00317336
0.00262474
0.00212904
0.00163995
0.00113077
6.04171E-4
9.02822E-5
-3.58233E-4
-6.94069E-4
-9.10208E-4
-0.00104606
-0.00115888
-0.00127751
-0.00137405
-0.00141614
-0.00139134
-0.00129506
-0.00115993
-0.00103354
-9.47544E-4
-9.62838E-4
-0.00116833
-0.00159436
-0.00217239
-0.00277675
-0.00327271
-0.00358132
-0.00370616
-0.00365929
-0.00343221
-0.00303351
-0.00252233
-0.00199667
-0.00156736
-0.00137133
-0.00150522
-0.00195511
-0.00261473
-0.00332407
-0.00394161
-0.00436426
-0.00455689
-0.00456253
-0.00445299
-0.00430735
-0.00416924
-0.00402123
-0.00379624
-0.00343714
-0.00294209
-0.0023536
-0.00171602
-0.00105113
-4.16319E-4
1.05857E-4
4.68789E-4
6.51159E-4
6.6892E-4
5.76637E-4
4.23938E-4
2.24538E-4
-2.48794E-5
-3.1494E-4
-6.18934E-4
-8.99854E-4
-0.00112772
-0.00127128
-0.00128606
-0.00109787
-6.7486E-4
-7.28587E-5
6.19871E-4
0.00131708
0.00198687
0.00264039
0.00327211
0.00384199
0.00431358
0.00466223
0.00486411
0.00493543
0.00490806
0.00482078
0.00472635
0.00464726
0.00459733
0.00458064
0.00458192
0.00459074
0.00462988
0.00475486
0.00501693
0.00545032
0.00602475
0.0066427
0.0071897
0.00759517
0.00788806
0.00815414
0.00848189
0.00892851
0.00948289
0.0100783
0.0106109
0.0109887
0.0111517
0.0110516
0.0106791
0.0100643
0.00929156
0.0084626
0.00761281
0.00674161
0.00583047
0.004843
0.00376073
0.00261302
0.00145467
3.19109E-4
-7.78663E-4
-0.00185754
-0.00294203
-0.00402639
-0.00508094
-0.00606862
-0.0069572
-0.00773401
-0.0084274
-0.00905174
-0.00960374
-0.0101014
-0.010596
-0.0111395
-0.0117389
-0.0123517
-0.0129125
-0.0133523
-0.0136227
-0.0137439
-0.0137456
-0.0136591
-0.0135552
-0.0134627
-0.0133319
-0.0130894
-0.0126921
-0.0121561
-0.0115568
-0.0110062
-0.0105957
-0.0103586
-0.0102895
-0.0103545
-0.0104849
-0.0106167
-0.0107535
-0.010958
-0.0112871
-0.0117569
-0.0123209
-0.0128906
-0.0133787
-0.0137147
-0.0138772
-0.0138871
-0.0137751
-0.013543
-0.0131525
-0.0125823
-0.0118496
-0.0109635
-0.00996872
-0.00894866
-0.00794152
-0.00698905
-0.00610133
-0.00523962
-0.00437711
-0.00352539
-0.00273626
-0.00207234
-0.00159691
-0.00131824
-0.00122248
-0.00127485
-0.00140934
-0.0016127
-0.00191099
-0.00230559
-0.00276993
-0.0032647
-0.00368736
-0.00390682
-0.00383798
-0.00344246
-0.00275732
-0.00185581
-8.49953E-4
1.52331E-4
0.00111518
0.00201339
0.0028255
0.0035182
0.00404879
0.00440156
0.0045935
0.00467829
0.00475099
0.00490595
0.00522402
0.00574096
0.00644337
0.00731202
0.00825739
0.00916507
0.00997996
0.010701
0.0113709
0.0119995
0.0125458
0.0129688
0.0132081
0.0132104
0.0129915
0.0126158
0.0121674
0.0117168
0.0113183
0.0109935
0.0107037
0.0103807
0.0099302
0.00930141
0.00848202
0.00743337
0.00614332
0.00466752
0.00308566
0.001484
-3.68563E-5
-0.0014058
-0.00260634
-0.00366737
-0.00463186
-0.00552783
-0.00633812
-0.00701104
-0.00750773
-0.00783605
-0.00803014
-0.00816346
-0.00832408
-0.00852158
-0.00870406
-0.00879928
-0.00876486
-0.00860387
-0.00834069
-0.00803097
-0.0077016
-0.00731147
-0.00680447
-0.00611787
-0.00519565
-0.00404661
-0.00270307
-0.00119318
4.07434E-4
0.00201979
0.00358103
0.00503523
0.00635262
0.00751201
0.00852826
0.0094188
0.0101682
0.0107823
0.0112655
0.0115705
0.0116577
0.0115386
0.0112486
0.010856
0.0103923
0.00989034
0.00940555
0.00892047
0.00839313
0.00775171
0.00697198
0.00612977
0.00531102
0.00459135
0.00399027
0.00347078
0.00297024
0.00243503
0.00185544
0.00120385
4.70884E-4
-3.0226E-4
-0.00109713
-0.00189395
-0.0026713
-0.00340453
-0.00402586
-0.00449445
-0.00481042
-0.00497479
-0.00500895
-0.0049648
-0.00490143
-0.00484572
-0.00482118
-0.00488926
-0.00504059
-0.00523982
-0.00544796
-0.00558818
-0.00565083
-0.00560855
-0.00543893
-0.00511339
-0.00457825
-0.00380765
-0.00282956
-0.00171125
-4.7525E-4
8.0886E-4
0.00203743
0.00319272
0.00432301
0.00545813
0.00665375
0.00783846
0.00914695
0.010789
0.0124638
0.0140276
0.0155404
0.0168946
0.0179844
0.0187867
0.0192417
0.0193314
0.0191094
0.0185515
0.0177757
0.0168753
0.0158182
0.0146338
0.0133449
0.0119433
0.010439
0.00890343
0.00736388
0.00580319
0.00429566
0.00288676
0.00155984
3.04488E-4
-8.75967E-4
-0.00204187
-0.00328845
-0.00465128
-0.00622486
-0.00801326
-0.00993806
-0.0119222
-0.0138504
-0.0156347
-0.017191
-0.0184486
-0.019327
-0.0197745
-0.0197586
-0.0192686
-0.0183167
-0.0170052
-0.015493
-0.013834
-0.0121635
-0.0106172
-0.00923248
-0.00806452
-0.00709801
-0.00629382
-0.00567782
-0.0052638
-0.00508897
-0.00521469
-0.00563197
-0.00627684
-0.00709361
-0.00805211
-0.00903506
-0.00996221
-0.0108123
-0.0115797
-0.0123324
-0.0129892
-0.0134901
-0.0139107
-0.0142214
-0.0143939
-0.0144776
-0.0145105
-0.0144669
-0.0143757
-0.0142835
-0.0141701
-0.0140399
-0.013874
-0.0136125
-0.0131334
-0.0124114
-0.0114689
-0.0102737
-0.00892134
-0.00748872
-0.00600115
-0.00449911
-0.00290626
-0.00116686
7.22579E-4
0.00278087
0.00493165
0.00704211
0.00906114
0.0109644
0.0126551
0.0140723
0.015159
0.0158864
0.0163007
0.0164679
0.0165628
0.0167418
0.0170817
0.0176525
0.018383
0.0192197
0.0201368
0.0209624
0.0216177
0.0221256
0.0224746
0.0227352
0.023012
0.0233334
0.0235693
0.0236131
0.0233839
0.0227518
0.0217572
0.0204789
0.0190318
0.0175547
0.0160971
0.0146764
0.013293
0.0118709
0.0103474
0.00871163
0.00698579
0.00525934
0.00361349
0.00215492
9.30413E-4
-5.47464E-5
-8.10309E-4
-0.00139462
-0.00180503
-0.00202132
-0.00208384
-0.00208244
-0.00199807
-0.00178895
-0.00143945
-9.50346E-4
-4.09518E-4
1.61214E-4
6.87906E-4
0.00102626
0.00120795
0.00129253
0.00125371
0.00113674
9.88705E-4
7.58931E-4
4.56869E-4
4.76894E-5
-5.00566E-4
-0.00106389
-0.0016087
-0.00211934
-0.00259446
-0.00304396
-0.0034745
-0.00389937
-0.0043167
-0.00480211
-0.00536803
-0.00603633
-0.00685826
-0.00782791
-0.00897165
-0.0102054
-0.0114219
-0.0125815
-0.0135857
-0.0143574
-0.0149378
-0.015452
-0.0159
-0.0162923
-0.0166418
-0.0168922
-0.0170123
-0.0168733
-0.016447
-0.0156982
-0.0144855
-0.0128344
-0.0107953
-0.00843899
-0.00586353
-0.00309559
-3.10746E-4
0.00233759
0.00486929
0.00732387
0.00976371
0.012159
0.0143935
0.0164867
0.018384
0.0199046
0.0210837
0.0219128
0.022343
0.0224399
0.0222008
0.0216624
0.0209021
0.0199702
0.0189039
0.0176641
0.0163073
0.0148908
0.0134118
0.0119295
0.0104855
0.00917714
0.00799135
0.00688571
0.0059349
0.00517085
0.00457186
0.00416552
0.00402879
0.0041613
0.00453557
0.0051236
0.0058142
0.0064628
0.0069985
0.00730092
0.00737657
0.0073663
0.00729773
0.00722852
0.00722296
0.00726508
0.00733316
0.00747769
0.00767546
0.00791987
0.00815325
0.00830048
0.00832859
0.00821348
0.0081143
0.0080352
0.00799444
0.00814638
0.00844529
0.00886088
0.00935531
0.00988866
0.0105066
0.0112243
0.0121224
0.0131974
0.0144314
0.0157925
0.017211
0.0186387
0.0199233
0.021042
0.0219405
0.0225509
0.0230189
0.0233404
0.0234912
0.0234996
0.0233486
0.0230874
0.0227144
0.022248
0.021682
0.0209931
0.0202839
0.0195762
0.0188345
0.0181426
0.0175242
0.0170017
0.0166355
0.0163789
0.0162719
0.0163108
0.016363
0.0164013
0.0164577
0.0165085
0.0165499
0.0166599
0.0169642
0.0174825
0.0181768
0.0190609
0.0200368
0.0209644
0.0217624
0.0223995
0.0228891
0.0233608
0.0238782
0.0244294
0.0250317
0.0255892
0.0260475
0.026319
0.0263754
0.0262965
0.0261052
0.0258219
0.0254192
0.0248608
0.0240951
0.0231146
0.0219131
0.0205207
0.0190529
0.017483
0.0157604
0.0138118
0.0115346
0.00892745
0.00598994
0.00274841
-7.40181E-4
-0.00442809
-0.00815581
-0.0117441
-0.015185
-0.018438
-0.0215298
-0.0245774
-0.027641
-0.0308159
-0.0341361
-0.0375541
-0.0410238
-0.0444938
-0.0478321
-0.0510334
-0.054125
-0.0569259
-0.059367
-0.0614624
-0.0631928
-0.0646534
-0.0658582
-0.0667842
-0.0676041
-0.0683388
-0.0687973
-0.0689843
-0.0689013
-0.0685482
-0.0680324
-0.0674634
-0.0668974
-0.0663051
-0.0657013
-0.0651132
-0.0645875
-0.0640695
-0.0635426
-0.063
-0.0623153
-0.0615149
-0.0606438
-0.0595905
-0.0583069
-0.0568391
-0.0551857
-0.0533086
-0.0512406
-0.0490762
-0.0468885
-0.0447375
-0.0425527
-0.0403453
-0.0382453
-0.0361369
-0.0339318
-0.0317945
-0.0296626
-0.0273276
-0.0249374
-0.0225711
-0.0202042
-0.0179279
-0.0159699
-0.014479
-0.0133321
-0.0126529
-0.0123982
-0.0123842
-0.0125993
-0.0128938
-0.0131676
-0.013507
-0.0139732
-0.0144656
-0.0150128
-0.0156393
-0.0162713
-0.0169269
-0.0176007
-0.018306
-0.0190321
-0.0196857
-0.0203375
-0.0210397
-0.0216361
-0.0221378
-0.022626
-0.0231528
-0.0237698
-0.024428
-0.0251366
-0.0259372
-0.0267539
-0.0275077
-0.0281796
-0.0287764
-0.0293288
-0.0299107
-0.0305351
-0.0310609
-0.0315158
-0.0320504
-0.0326112
-0.0330962
-0.0336141
-0.0341475
-0.0344869
-0.0347262
-0.0348368
-0.0347334
-0.0344575
-0.0339622
-0.0332654
-0.0323368
-0.0312401
-0.0299792
-0.0285814
-0.027106
-0.0254791
-0.0237047
-0.0217456
-0.0195569
-0.0172352
-0.0147665
-0.0121094
-0.00946944
-0.00676976
-0.00394539
-0.00102573
0.00206897
0.00525454
0.00865824
0.0121786
0.0156763
0.0192223
0.0226479
0.0258981
0.0290529
0.0321589
0.0352519
0.0383767
0.0416244
0.045087
0.0486444
0.0520429
0.0552319
0.0581383
0.0605699
0.0624452
0.0638988
0.0651001
0.066068
0.0669009
0.0677544
0.068578
0.0691744
0.0695521
0.0697961
0.0698212
0.0697406
0.0696811
0.0696062
0.0694985
0.0693013
0.0689271
0.0682277
0.0672382
0.0660232
0.0646033
0.0631238
0.0616681
0.0603458
0.0592381
0.0584073
0.057842
0.0576196
0.0578309
0.0583222
0.0591477
0.0603501
0.061684
0.0631483
0.064745
0.0662256
0.067715
0.0691321
0.0703249
0.0713529
0.0720618
0.0724893
0.0724928
0.0719642
0.0710506
0.0696913
0.0677852
0.0654211
0.0626587
0.0593224
0.0556878
0.0519085
0.0477938
0.0436221
0.0394077
0.0350856
0.0309503
0.0270703
0.0233999
0.0202022
0.0175788
0.0154362
0.0138334
0.0127565
0.0120361
0.0114882
0.0109565
0.0104942
0.0101894
0.00982416
0.0096268
0.00966031
0.00985701
0.0104098
0.0112096
0.0122388
0.0133521
0.0145586
0.0158096
0.0169143
0.0179842
0.019026
0.0199071
0.0206561
0.0213393
0.0218811
0.0223568
0.0226307
0.0227249
0.0227774
0.0224118
0.0216602
0.0205334
0.0187767
0.0165195
0.013695
0.0103629
0.00669646
0.00282243
-0.00103778
-0.00486453
-0.00853954
-0.0120347
-0.0153768
-0.0185083
-0.0214636
-0.0242274
-0.0267267
-0.0289751
-0.0311155
-0.0329664
-0.034507
-0.0360754
-0.0375174
-0.0386875
-0.0396821
-0.0405863
-0.0414202
-0.0421821
-0.0430157
-0.0439187
-0.0447965
-0.0456139
-0.0462923
-0.0467722
-0.0471523
-0.0475491
-0.0479919
-0.0485425
-0.0492385
-0.0500333
-0.0509044
-0.0519184
-0.0529688
-0.0539119
-0.0547156
-0.0553175
-0.0556781
-0.0557595
-0.0557355
-0.0556314
-0.0555132
-0.0555348
-0.0556397
-0.0560567
-0.0567045
-0.0573556
-0.0580936
-0.0589351
-0.0598712
-0.0607537
-0.0616558
-0.0627322
-0.063738
-0.0646357
-0.0655619
-0.0664363
-0.0670041
-0.0672209
-0.0670914
-0.0663059
-0.064945
-0.0630697
-0.060597
-0.0576852
-0.0545377
-0.0513249
-0.0480633
-0.0449309
-0.0419962
-0.0392216
-0.0366997
-0.0344021
-0.0320357
-0.0295827
-0.0270651
-0.0241702
-0.020986
-0.0176307
-0.0140522
-0.0102058
-0.00614506
-0.00191029
0.00263222
0.00734288
0.0119866
0.0164764
0.020682
0.0244759
0.0276989
0.030299
0.0323141
0.0336862
0.0345187
0.0349053
0.0349261
0.0348132
0.0346309
0.0344609
0.0344383
0.0344476
0.0344103
0.0343274
0.0341223
0.0336389
0.032926
0.0321726
0.0313108
0.0303854
0.029489
0.0284831
0.0273105
0.0260021
0.0242931
0.0219907
0.0192233
0.0160714
0.0127283
0.00938164
0.00616826
0.00317512
4.15204E-4
-0.00200914
-0.00411245
-0.00593334
-0.00746688
-0.00875193
-0.00973927
-0.0103902
-0.0107876
-0.0109973
-0.0110116
-0.0109258
-0.0108511
-0.0107702
-0.0106564
-0.0103739
-0.00990179
-0.00927233
-0.00839796
-0.00736451
-0.00634691
-0.00549257
-0.00491402
-0.00457816
-0.00449221
-0.00462944
-0.00490318
-0.00534826
-0.00592571
-0.00669824
-0.00764081
-0.00871186
-0.0101144
-0.0116884
-0.0133796
-0.0151895
-0.0168421
-0.0183854
-0.0197691
-0.020859
-0.0216843
-0.0222927
-0.0225793
-0.0224865
-0.0220558
-0.0212055
-0.0199746
-0.0184663
-0.0167345
-0.0148337
-0.0128829
-0.0109656
-0.00921386
-0.00761141
-0.00605807
-0.00464831
-0.00327151
-0.00183203
-3.77395E-4
0.00101701
0.00223129
0.00320101
0.00381548
0.00415918
0.00425407
0.00419234
0.00423366
0.00439004
0.00473107
0.00521659
0.00576083
0.00627149
0.00657215
0.006663
0.00657444
0.00631971
0.00605902
0.00593738
0.00599564
0.00636102
0.00700533
0.00796503
0.00935142
0.0111777
0.0135003
0.0162422
0.0193793
0.0229457
0.026846
0.0310101
0.0352685
0.0394346
0.0433993
0.0469
0.0499647
0.0525434
0.0545383
0.0560455
0.0570829
0.0576959
0.0576775
0.0571509
0.0561656
0.0544926
0.0522379
0.0494821
0.0464084
0.0431976
0.0400301
0.0371881
0.0347485
0.0327684
0.0314404
0.0306966
0.0304144
0.0306127
0.0311401
0.0318712
0.0328494
0.0340504
0.0353279
0.0366968
0.0381379
0.0396028
0.0411448
0.0426091
0.0440706
0.0456525
0.0470821
0.048441
0.0497639
0.0507797
0.0515078
0.0519743
0.0521121
0.0519363
0.0513866
0.0504384
0.0492394
0.047778
0.0461406
0.0444868
0.0428339
0.0412389
0.0396332
0.0380347
0.0364192
0.0347363
0.0330807
0.0313746
0.0296596
0.0280694
0.0267162
0.0255609
0.0245333
0.0238009
0.0232759
0.0228206
0.0224252
0.0219926
0.0214664
0.0207681
0.0199021
0.0188883
0.0177525
0.0166387
0.0155873
0.0145338
0.0134512
0.0123051
0.0109906
0.0094721
0.00764564
0.00547476
0.00313443
6.82904E-4
-0.00183696
-0.0043342
-0.00686476
-0.00937591
-0.0117909
-0.0140909
-0.0160479
-0.0176218
-0.0188911
-0.0197802
-0.0203725
-0.0208775
-0.0212876
-0.0214849
-0.0214219
-0.02114
-0.0206555
-0.0200468
-0.0195243
-0.0190221
-0.0185574
-0.0181832
-0.0177509
-0.0172549
-0.0167991
-0.0164105
-0.015999
-0.0155044
-0.0148531
-0.0140013
-0.0128168
-0.0112513
-0.00946743
-0.00748694
-0.00541004
-0.00359725
-0.00211225
-9.78117E-4
-3.52382E-4
-3.94996E-5
6.99613E-5
-8.9943E-5
-5.42933E-4
-0.00116389
-0.0020509
-0.00336804
-0.00488056
-0.00662008
-0.00856914
-0.0105554
-0.0125839
-0.0145531
-0.0164802
-0.0184327
-0.0203234
-0.0221969
-0.0240734
-0.0258597
-0.0276394
-0.0293946
-0.0310703
-0.0327308
-0.0344061
-0.0360405
-0.0375959
-0.0390953
-0.0404072
-0.0414976
-0.0423575
-0.0429251
-0.0432904
-0.0434017
-0.0432221
-0.042731
-0.0418334
-0.0406128
-0.0391253
-0.0374031
-0.0354453
-0.0335128
-0.0317835
-0.0300111
-0.0284856
-0.0273238
-0.0262082
-0.0253384
-0.0248043
-0.0244013
-0.0242121
-0.0242231
-0.0242017
-0.0242521
-0.0244029
-0.0244392
-0.0243742
-0.024388
-0.024605
-0.0249239
-0.025376
-0.0260724
-0.0267473
-0.0272619
-0.0277035
-0.0281822
-0.0287725
-0.0292977
-0.029712
-0.0300813
-0.0303927
-0.0305484
-0.0305449
-0.030509
-0.0303774
-0.0300591
-0.0296412
-0.029164
-0.0284862
-0.0276883
-0.0269625
-0.0263507
-0.0259015
-0.0257161
-0.0258189
-0.0260961
-0.0265736
-0.0270824
-0.0273572
-0.027464
-0.0273425
-0.0268903
-0.0261754
-0.025404
-0.0245485
-0.0236138
-0.0227029
-0.0216882
-0.0205313
-0.0191928
-0.017572
-0.0158385
-0.0140924
-0.0122291
-0.0105382
-0.00911996
-0.0078649
-0.00688243
-0.00606014
-0.00517341
-0.00432553
-0.00342572
-0.00237292
-0.00123142
-2.42407E-5
0.00100942
0.00201491
0.00308058
0.00401831
0.00492844
0.00580029
0.00656324
0.00705438
0.00720463
0.00706871
0.00647971
0.00557916
0.00461908
0.00364304
0.00286685
0.00243731
0.0023063
0.00253506
0.00314686
0.00415489
0.00540744
0.00658544
0.00769382
0.00860557
0.00928734
0.00995765
0.0104704
0.0108477
0.0111334
0.0113657
0.011487
0.0114777
0.0115319
0.0114365
0.0113393
0.0113329
0.0112938
0.0113218
0.0113241
0.0113204
0.0111688
0.0108711
0.0104356
0.0096653
0.00871572
0.00763138
0.0066348
0.00590752
0.00527642
0.00495313
0.00506605
0.00550107
0.00607838
0.00673357
0.00745771
0.00793131
0.00830701
0.0087324
0.00902357
0.00944125
0.010085
0.0106752
0.01134
0.0122115
0.0129682
0.0135803
0.014112
0.0143865
0.0145635
0.0146271
0.0145455
0.0144868
0.0143818
0.0143529
0.0141712
0.0137067
0.0131374
0.0125389
0.0119659
0.0113755
0.0109249
0.0107692
0.0108612
0.0109425
0.0109865
0.0110692
0.0109754
0.010531
0.0098891
0.00910399
0.00810123
0.00711585
0.00605796
0.00499685
0.00414562
0.00307605
0.00196335
0.00113517
2.23613E-4
-8.17426E-4
-0.00173097
-0.00255315
-0.00326078
-0.00376123
-0.00409491
-0.00421889
-0.00415478
-0.00406989
-0.00404769
-0.00394936
-0.00392167
-0.00395836
-0.00389663
-0.00397393
-0.00406067
-0.00405081
-0.00404569
-0.00395438
-0.00399634
-0.00405069
-0.00389932
-0.00390476
-0.00398817
-0.00396474
-0.00398307
-0.00391867
-0.00389787
-0.00400859
-0.00395732
-0.00386863
-0.0037704
-0.00349474
-0.00296522
-0.00236084
-0.00185427
-0.001238
-8.26263E-4
-7.80112E-4
-8.15263E-4
-0.00109336
-0.00173772
-0.00249407
-0.00339836
-0.00452835
-0.00552897
-0.00647637
-0.0073446
-0.00793298
-0.00819028
-0.00800246
-0.00748913
-0.00664271
-0.00532398
-0.00371418
-0.00209724
-3.54615E-4
0.00135847
0.00284251
0.00414819
0.00520706
0.00606839
0.00662379
0.00692961
0.00694577
0.00649621
0.00569442
0.00463039
0.00337753
0.00193448
4.61923E-4
-9.84395E-4
-0.00219262
-0.00295911
-0.00336177
-0.00316398
-0.00251727
-0.00145453
-3.97378E-5
0.00141207
0.00303466
0.00444961
0.00563814
0.00697827
0.00823571
0.00949016
0.0108647
0.0121342
0.0133416
0.0144786
0.0154509
0.0162836
0.0167293
0.0169505
0.0169667
0.0167094
0.0166173
0.0165261
0.0165294
0.0168402
0.0172791
0.0178672
0.0186105
0.0194409
0.0202386
0.0210602
0.0219077
0.0226303
0.023307
0.0240163
0.0247076
0.0253971
0.0259827
0.0264581
0.0266599
0.0264854
0.0260166
0.0251368
0.0240857
0.022991
0.0217313
0.0204963
0.0192638
0.0179083
0.0165719
0.0152769
0.0139926
0.0127523
0.0116994
0.0108988
0.0103312
0.010079
0.0102591
0.0108039
0.0115271
0.0122311
0.0127309
0.0128338
0.012447
0.0118244
0.0109938
0.00998562
0.00893653
0.00796901
0.00709848
0.00603609
0.0048117
0.00348509
0.0019233
1.51159E-4
-0.00162866
-0.00330056
-0.00479408
-0.00609258
-0.00725764
-0.00831669
-0.0093912
-0.0106227
-0.0120461
-0.0134869
-0.0150049
-0.0165974
-0.0180344
-0.0193591
-0.0205313
-0.0216403
-0.022769
-0.0236838
-0.0245127
-0.0252946
-0.0258523
-0.0260899
-0.0259432
-0.0256781
-0.0252657
-0.0246321
-0.0240378
-0.0234877
-0.0229734
-0.0224316
-0.0219943
-0.0218481
-0.0216878
-0.021598
-0.0217094
-0.0217679
-0.0218302
-0.0219102
-0.0220775
-0.0225484
-0.0231009
-0.0237534
-0.0245995
-0.025456
-0.0263428
-0.0270668
-0.0276052
-0.0280204
-0.0281445
-0.0280882
-0.0279755
-0.0278069
-0.0275374
-0.0270513
-0.0264488
-0.0257089
-0.024783
-0.0238291
-0.0226731
-0.021205
-0.0195676
-0.0178645
-0.0160668
-0.0142307
-0.0124928
-0.0108813
-0.00939281
-0.00798333
-0.00673515
-0.00572565
-0.00477728
-0.00384705
-0.00316059
-0.00245041
-0.00166774
-0.00125952
-9.34455E-4
-6.05936E-4
-5.87953E-4
-7.00464E-4
-7.22518E-4
-7.70584E-4
-9.2034E-4
-8.89363E-4
-6.93028E-4
-3.70407E-4
1.74422E-4
8.68091E-4
0.00171198
0.00262941
0.00357329
0.00443302
0.00493593
0.00523502
0.00545368
0.00534609
0.0051201
0.00478697
0.00414679
0.0035662
0.00273396
0.0016156
7.36046E-4
-8.8383E-5
-6.88522E-4
-0.00102934
-0.00106183
-7.12887E-4
-2.54526E-4
3.73491E-4
9.95776E-4
0.00149289
0.00193815
0.00217801
0.00226414
0.00228112
0.00217659
0.00208342
0.00206883
0.00205517
0.00206572
0.0020998
0.00216361
0.00221012
0.0022583
0.00260894
0.00313252
0.00378783
0.00480395
0.00598919
0.00727372
0.00854785
0.00967226
0.0106809
0.0114528
0.0119452
0.0123714
0.0128916
0.013241
0.0135413
0.0139485
0.0140613
0.0140714
0.014029
0.0137088
0.0131689
0.0124875
0.0116931
0.0106841
0.00961156
0.00856522
0.00745279
0.00643765
0.00554909
0.00472411
0.00410481
0.00360872
0.00314153
0.00271429
0.00233184
0.00197433
0.00155245
0.00114064
8.06498E-4
5.03106E-4
3.25146E-4
2.8007E-4
2.68049E-4
3.60744E-4
5.78164E-4
7.28596E-4
7.32818E-4
6.91056E-4
4.97266E-4
1.01097E-4
-3.19785E-4
-7.42592E-4
-0.00116708
-0.00154744
-0.00195565
-0.00243972
-0.00295821
-0.00343927
-0.00389078
-0.00432233
-0.00454364
-0.00457192
-0.00473222
-0.00499642
-0.00534967
-0.00596126
-0.00662183
-0.00717615
-0.00760186
-0.00783479
-0.00792419
-0.00786547
-0.00773648
-0.00767282
-0.00769081
-0.00786679
-0.00821638
-0.00859263
-0.00899734
-0.00932179
-0.00951282
-0.00966236
-0.00954741
-0.00930625
-0.00915328
-0.00879166
-0.0083962
-0.0081688
-0.00794533
-0.0078144
-0.00772899
-0.00761742
-0.00738897
-0.00693357
-0.0062644
-0.00549499
-0.00465855
-0.00375599
-0.00285973
-0.00192816
-0.00104605
-2.10278E-4
5.5537E-4
0.00133584
0.00226123
0.00325086
0.00433965
0.00545709
0.00646462
0.00727859
0.00777322
0.00806611
0.00819132
0.00807352
0.0079357
0.00780767
0.00765187
0.00754514
0.00746819
0.0073936
0.00736086
0.00737087
0.00733615
0.00731364
0.00736793
0.00737502
0.00750259
0.00783028
0.00807627
0.00836446
0.00866425
0.00879453
0.00881841
0.00870285
0.00847086
0.00813692
0.00771482
0.00727432
0.00681065
0.00635444
0.00596032
0.00566301
0.00545075
0.00530773
0.00523649
0.0051272
0.0050135
0.00480698
0.00446727
0.00413672
0.00375055
0.0034052
0.00308402
0.00284735
0.00284226
0.00295635
0.00326531
0.0037488
0.00431369
0.00491356
0.00551028
0.00603351
0.00644511
0.00684537
0.00724707
0.00768822
0.00816868
0.00869332
0.00929758
0.0098444
0.0102643
0.010643
0.0109095
0.0109785
0.010764
0.0103588
0.00995091
0.00934652
0.00858191
0.00777855
0.00685775
0.00584915
0.00476076
0.00366223
0.00268836
0.00182354
0.00111519
6.754E-4
4.65238E-4
4.8862E-4
5.65135E-4
6.41651E-4
8.02784E-4
9.61954E-4
0.00116764
0.00147354
0.00186109
0.0023149
0.00274104
0.00317413
0.00367841
0.00414823
0.00461326
0.00514206
0.00563984
0.00594186
0.00593025
0.00566984
0.00517867
0.00440717
0.00350391
0.00258857
0.00171003
9.40211E-4
2.30407E-4
-4.58354E-4
-0.00107158
-0.00172646
-0.002465
-0.00321517
-0.0039668
-0.00465444
-0.00524505
-0.00566104
-0.00586018
-0.00591683
-0.00591531
-0.00584758
-0.00572735
-0.00570554
-0.00574303
-0.0057198
-0.00562775
-0.00541099
-0.00497759
-0.00439176
-0.00377329
-0.00316973
-0.0027585
-0.00261157
-0.00259849
-0.00284002
-0.00342979
-0.00414102
-0.00496441
-0.00582109
-0.00659514
-0.00733655
-0.00787027
-0.00803941
-0.00791849
-0.00757654
-0.00701466
-0.00637778
-0.00574839
-0.00520914
-0.0048025
-0.00449303
-0.00430667
-0.00422469
-0.00433216
-0.00459472
-0.00486033
-0.0051896
-0.00547978
-0.00554017
-0.00540651
-0.0050046
-0.00440585
-0.00379548
-0.00313397
-0.00251642
-0.00196677
-0.00137405
-7.34228E-4
-4.00816E-5
7.40453E-4
0.00163112
0.00247606
0.00321562
0.00389012
0.00432689
0.0044875
0.00443648
0.00412355
0.0036502
0.00315521
0.0026602
0.00220115
0.00171701
0.00131564
0.00107744
8.28571E-4
6.58516E-4
6.77341E-4
8.68243E-4
0.00117931
0.0015257
0.00183408
0.00197602
0.0018789
0.00161351
0.00123132
7.25824E-4
2.39989E-4
-2.0591E-4
-6.22519E-4
-8.96795E-4
-0.00101335
-9.68509E-4
-7.79819E-4
-4.73341E-4
-1.15139E-4
1.45126E-4
2.93243E-4
3.46598E-4
3.02723E-4
2.93756E-4
3.56124E-4
4.98615E-4
7.8329E-4
0.00113497
0.00148485
0.00183201
0.00219395
0.00250707
0.00265883
0.00265627
0.00246403
0.00207036
0.00149583
7.25999E-4
-1.91207E-4
-0.00119317
-0.00222906
-0.00327481
-0.00426297
-0.00515488
-0.00595501
-0.0066132
-0.00713805
-0.00751871
-0.0077752
-0.00802658
-0.00830883
-0.00855767
-0.00878781
-0.00904365
-0.00924927
-0.00936613
-0.00943741
-0.00945423
-0.00936117
-0.00922379
-0.00904507
-0.00874593
-0.00840089
-0.00810114
-0.00785961
-0.00776732
-0.00797184
-0.00851348
-0.00936083
-0.0104525
-0.0116669
-0.0129091
-0.0141072
-0.0151184
-0.0158997
-0.0164584
-0.0167495
-0.0168147
-0.0167809
-0.0167141
-0.016597
-0.0163832
-0.0160456
-0.0155763
-0.0150173
-0.0144142
-0.013804
-0.0133018
-0.0128839
-0.012557
-0.0123921
-0.0123087
-0.0123141
-0.0123897
-0.0124431
-0.0125481
-0.0127145
-0.0129264
-0.0132409
-0.0135697
-0.0138543
-0.0141339
-0.0143983
-0.0146713
-0.0149682
-0.0152952
-0.0156434
-0.015956
-0.0162007
-0.0163267
-0.0162887
-0.0160606
-0.0156906
-0.0152611
-0.0147564
-0.0141281
-0.0134627
-0.012791
-0.0120286
-0.0112351
-0.0104631
-0.00969079
-0.00891752
-0.00820965
-0.00753417
-0.006862
-0.00629883
-0.00576018
-0.00524812
-0.00479446
-0.00425206
-0.00357272
-0.00277672
-0.00181956
-7.25877E-4
4.33526E-4
0.00167423
0.00293108
0.00415469
0.00536501
0.0065193
0.00759089
0.00855091
0.0093327
0.00996003
0.0104512
0.0108019
0.0110124
0.0110627
0.010972
0.0107243
0.0103469
0.00988382
0.00925077
0.00847897
0.00765482
0.00670535
0.00568786
0.00477373
0.00403516
0.0035364
0.00329438
0.00320027
0.0032823
0.00354162
0.00391359
0.00444436
0.00500339
0.0055635
0.00613447
0.00654945
0.00690494
0.00731341
0.00776809
0.00824721
0.00867506
0.00909658
0.00940732
0.00951356
0.00963078
0.00977855
0.0100183
0.010516
0.0111017
0.0118626
0.0127766
0.0136696
0.0145402
0.0152967
0.01607
0.0168123
0.0174242
0.0179535
0.018309
0.0185099
0.018573
0.018516
0.0184659
0.0183551
0.0182368
0.0180987
0.0177704
0.0172726
0.0165496
0.0156213
0.0144534
0.0130722
0.0116809
0.0103017
0.00894063
0.00781538
0.0069892
0.00641011
0.00609942
0.00600587
0.00606933
0.00611369
0.00619106
0.00633824
0.00631942
0.0062486
0.00625603
0.00619313
0.00605013
0.0057795
0.00529472
0.00472925
0.00414935
0.00362406
0.00319855
0.00278013
0.00236118
0.00197361
0.00153701
0.00105804
7.37111E-4
5.21072E-4
3.8256E-4
3.91614E-4
4.19012E-4
4.90923E-4
6.51208E-4
7.16097E-4
7.67669E-4
9.52181E-4
0.00125437
0.0017397
0.00231191
0.00297063
0.00351004
0.00378494
0.00395042
0.00393321
0.00389999
0.00378659
0.00360276
0.00366907
0.00392116
0.00439029
0.00500767
0.00567428
0.0063531
0.00674156
0.00694774
0.0072375
0.00745117
0.00775525
0.00832443
0.00885783
0.00929983
0.00966756
0.0100482
0.0103502
0.0105306
0.0107407
0.0108161
0.0108113
0.0106981
0.0103506
0.00986921
0.00938011
0.00866099
0.00784716
0.00721737
0.00661026
0.00611697
0.00568707
0.00528344
0.00499916
0.004629
0.00428964
0.00439746
0.00471145
0.00505002
0.00556628
0.00610812
0.00645277
0.00654135
0.0066244
0.00660914
0.00644577
0.00631866
0.00616245
0.00588532
0.00553226
0.00508581
0.00440403
0.00382076
0.0032281
0.00259338
0.0021339
0.00154475
9.68624E-4
4.52988E-4
-1.35352E-4
-7.34164E-4
-0.00146542
-0.0022062
-0.00286678
-0.00360581
-0.00440236
-0.00498017
-0.0054156
-0.00584353
-0.00602722
-0.00614759
-0.00620666
-0.00612429
-0.00592425
-0.00577875
-0.0056951
-0.00544822
-0.0054366
-0.00545887
-0.00541788
-0.00548559
-0.00550239
-0.00560007
-0.00555051
-0.00561268
-0.00591451
-0.0060876
-0.00638896
-0.00673305
-0.00698634
-0.00717894
-0.00714964
-0.0069523
-0.00663236
-0.00613271
-0.00556204
-0.00505625
-0.00449503
-0.00390559
-0.00345874
-0.00316979
-0.0029524
-0.00274764
-0.00269774
-0.00281979
-0.00295953
-0.00323638
-0.00358783
-0.00392619
-0.00425752
-0.00438612
-0.00440056
-0.00431927
-0.00402606
-0.00362012
-0.00321262
-0.00285643
-0.00259753
-0.00229777
-0.00205041
-0.0019035
-0.00176658
-0.00181863
-0.00205922
-0.00236463
-0.00270333
-0.00307496
-0.00326702
-0.00335255
-0.00345427
-0.00341262
-0.00327388
-0.00315107
-0.00312683
-0.00301164
-0.00275146
-0.00245063
-0.00198385
-0.00159377
-0.00128545
-8.99486E-4
-7.50555E-4
-8.34595E-4
-9.40511E-4
-0.00118766
-0.00151588
-0.00177518
-0.00201774
-0.00230911
-0.00263916
-0.00289117
-0.00302293
-0.0030714
-0.00295596
-0.00255824
-0.00198771
-0.00130194
-6.62412E-4
-3.50989E-5
5.72709E-4
0.00103509
0.00162648
0.0021212
0.00233785
0.00265711
0.00287964
0.00280619
0.00285838
0.00290902
0.00293117
0.00309752
0.00335346
0.00371445
0.00404194
0.00439914
0.00457758
0.00462978
0.00469298
0.0046383
0.00457606
0.00447257
0.00448932
0.00444309
0.00416462
0.00396094
0.00368416
0.0033774
0.00321045
0.00301819
0.00294516
0.00299181
0.003033
0.00310362
0.00312449
0.00318958
0.00315866
0.00307381
0.00315105
0.00304385
0.00306613
0.00329271
0.00338365
0.00369967
0.00427682
0.00478268
0.00514758
0.00575106
0.00644906
0.00690334
0.00750904
0.00822331
0.00873194
0.00919196
0.00970714
0.0100405
0.0101731
0.0104581
0.010668
0.0106295
0.0105263
0.0103467
0.0101029
0.00967703
0.00927177
0.008847
0.00822268
0.00761847
0.00680065
0.00577039
0.00475302
0.00372883
0.00279849
0.00196231
0.00100867
1.5556E-4
-4.58645E-4
-0.00130683
-0.00212525
-0.00272703
-0.00337944
-0.00399641
-0.00465131
-0.00515027
-0.00557781
-0.00612045
-0.00660198
-0.00720538
-0.00761146
-0.00757741
-0.00735848
-0.0068988
-0.00602007
-0.00502214
-0.00406578
-0.00284958
-0.00165033
-4.93259E-4
9.59836E-4
0.00244486
0.00366046
0.00493877
0.00619783
0.00718045
0.00808145
0.00881029
0.0094343
0.0100178
0.010455
0.0107188
0.0108983
0.0109259
0.0107479
0.0103646
0.00998935
0.00988884
0.00962705
0.00947873
0.0095129
0.00932935
0.0091851
0.00904259
0.00899397
0.0090484
0.00909627
0.0093456
0.00949812
0.00930848
0.00912019
0.00870435
0.0080745
0.00759489
0.00711531
0.00670879
0.00640276
0.00637683
0.00653286
0.00640875
0.00631016
0.00621863
0.00590174
0.00546738
0.00512825
0.00504568
0.00496748
0.00510414
0.00550046
0.00582742
0.00616497
0.0064425
0.00647557
0.00646338
0.00644368
0.00642888
0.00653719
0.00665148
0.00693431
0.00733716
0.00748397
0.00744109
0.00738315
0.00725332
0.00699568
0.00665791
0.00642999
0.00604558
0.00536808
0.00485143
0.00430357
0.00359259
0.00302428
0.0025752
0.00199925
0.0014418
0.00105403
7.0678E-4
5.34682E-4
4.06423E-4
3.44456E-4
3.45541E-4
2.77859E-4
1.52419E-4
-5.17929E-5
-1.65854E-4
-2.40524E-4
-2.28518E-4
-9.06001E-5
1.55514E-4
4.99025E-4
6.90646E-4
8.20569E-4
9.62696E-4
9.72064E-4
8.87754E-4
7.96554E-4
7.67543E-4
7.64509E-4
7.91882E-4
8.02263E-4
7.99695E-4
8.82695E-4
8.26804E-4
8.66755E-4
8.83856E-4
5.49081E-4
2.93212E-4
-7.0027E-5
-6.57924E-4
-0.00126872
-0.00180738
-0.00212524
-0.00237204
-0.00262579
-0.00269828
-0.0025997
-0.00258573
-0.00256962
-0.00249367
-0.00260718
-0.00280922
-0.00279738
-0.00294992
-0.00323308
-0.00336394
-0.00341142
-0.00332254
-0.00342604
-0.00355606
-0.00345413
-0.00332392
-0.00343625
-0.00350226
-0.00327988
-0.00311498
-0.00287326
-0.00261174
-0.00232926
-0.00199003
-0.00183168
-0.00163977
-0.00150029
-0.00128738
-9.44609E-4
-8.51203E-4
-6.06215E-4
-3.37798E-4
-5.08475E-4
-7.54193E-4
-9.7359E-4
-0.00139458
-0.00189116
-0.00234264
-0.00289155
-0.00350352
-0.00401954
-0.00448606
-0.00485393
-0.00506654
-0.00522743
-0.00552959
-0.00595065
-0.00633052
-0.0068555
-0.00742225
-0.00778912
-0.00823474
-0.00875433
-0.00909827
-0.00956011
-0.010125
-0.0105994
-0.010922
-0.0111365
-0.0113521
-0.0112782
-0.0111977
-0.0112203
-0.0110366
-0.0107776
-0.0104273
-0.00989222
-0.00922361
-0.00868858
-0.00820269
-0.00772935
-0.0073387
-0.00676926
-0.0063299
-0.00597754
-0.00543515
-0.00507079
-0.00493219
-0.00481872
-0.00482095
-0.00491515
-0.00497143
-0.00501487
-0.00502514
-0.00505382
-0.00495456
-0.00482288
-0.00457211
-0.00400262
-0.00356106
-0.00299538
-0.00229037
-0.00196226
-0.00183365
-0.00175479
-0.00181494
-0.00196126
-0.0021154
-0.00211303
-0.0020709
-0.00212031
-0.00191359
-0.00168809
-0.00176481
-0.00174986
-0.00168905
-0.00186011
-0.0020332
-0.00206415
-0.00204089
-0.00205715
-0.00205022
-0.00188687
-0.00169298
-0.00138168
-7.85613E-4
-1.28865E-4
4.3985E-4
9.63215E-4
0.00149441
0.00199142
0.00246618
0.00303688
0.00357233
0.00407622
0.00459938
0.00499912
0.00540468
0.00566944
0.00572742
0.00558202
0.00503719
0.00434985
0.00353663
0.00258082
0.0015962
6.74714E-4
-8.32824E-5
-9.02458E-4
-0.00169734
-0.00231974
-0.00298376
-0.00371142
-0.00441615
-0.00515524
-0.00593191
-0.00661435
-0.00715796
-0.00752176
-0.00766427
-0.00770707
-0.00767278
-0.00754616
-0.00733676
-0.00701261
-0.00663287
-0.00613519
-0.00542419
-0.0047346
-0.00409676
-0.00328859
-0.00233427
-0.00145919
-5.90778E-4
4.41697E-4
0.00156082
0.00253106
0.00335719
0.00426131
0.00504619
0.00575998
0.00641177
0.00694998
0.00737546
0.0075925
0.00767965
0.00765398
0.00765398
0.00751395
0.00721464
0.00683374
0.0062985
0.00569141
0.00500267
0.00434647
0.00373364
0.00307845
0.00235578
0.00166406
9.93382E-4
2.50337E-4
-4.54125E-4
-0.00106626
-0.00164963
-0.00223218
-0.00282896
-0.00341111
-0.00387691
-0.0042706
-0.00452829
-0.00472807
-0.00508026
-0.00544449
-0.00587366
-0.00650152
-0.00701694
-0.00726813
-0.00748825
-0.00755757
-0.00743063
-0.00718384
-0.00669265
-0.00618216
-0.00561029
-0.00494885
-0.00444185
-0.00415384
-0.00399547
-0.00393033
-0.00387127
-0.00349315
-0.00299833
-0.00248645
-0.00189956
-0.00142379
-0.00107189
-8.06024E-4
-5.75755E-4
-3.27361E-4
4.83568E-5
5.78656E-4
0.00110582
0.00159726
0.002209
0.00282498
0.00329312
0.0037906
0.00430155
0.00459905
0.0047214
0.00481027
0.00482276
0.00478444
0.004742
0.00466019
0.00464021
0.00467544
0.00470424
0.00472416
0.00474345
0.00478365
0.00479536
0.00478313
0.00473693
0.00463528
0.00456385
0.00435476
0.00394501
0.00365591
0.00338571
0.00299998
0.00264962
0.00235952
0.00205933
0.00185243
0.00174803
0.00166912
0.00168902
0.00184988
0.00216926
0.00252911
0.00294194
0.00341354
0.00380487
0.00415679
0.00446888
0.00463195
0.00474639
0.00489338
0.00507189
0.00535717
0.00582801
0.00636803
0.00685089
0.00728386
0.00764312
0.00785092
0.00789898
0.00785759
0.00774876
0.0077204
0.0076722
0.00756397
0.00754379
0.00731314
0.00689985
0.00638398
0.00566497
0.00485444
0.00396698
0.00311169
0.00230193
0.00151728
8.27297E-4
9.85283E-5
-6.68989E-4
-0.0013619
-0.00215416
-0.0030255
-0.0039007
-0.0047611
-0.00557787
-0.00631348
-0.00683698
-0.00726193
-0.00755994
-0.00774117
-0.00789681
-0.00795853
-0.00792645
-0.00781915
-0.00767746
-0.00736566
-0.00702552
-0.00673131
-0.00623491
-0.00569964
-0.00522572
-0.00470406
-0.00410711
-0.00349565
-0.00286917
-0.00227204
-0.00168662
-0.00105682
-5.3397E-4
-5.23642E-5
4.6092E-4
8.74425E-4
0.00127115
0.00164571
0.0018968
0.00221724
0.00255333
0.00291422
0.00338553
0.0038602
0.00430155
0.00463884
0.00485148
0.0049499
0.00499158
0.00501861
0.00504793
0.00504037
0.00502092
0.0050126
0.00496656
0.00490604
0.00483129
0.00478223
0.00475382
0.00474276
0.00475267
0.0047423
0.00478197
0.00480789
0.00480328
0.00482191
0.00477894
0.00480052
0.00484454
0.00478935
0.00477918
0.00477678
0.00463182
0.0043833
0.00411022
0.0038818
0.00372709
0.00361647
0.00364603
0.00372028
0.00379446
0.00391072
0.00398444
0.00402911
0.00407507
0.00411398
0.00414253
0.00428988
0.00453408
0.00472974
0.00493349
0.00509867
0.00513886
0.00516893
0.00514354
0.00509102
0.00514217
0.00527999
0.00554583
0.00595973
0.00644635
0.00698966
0.00750922
0.00789333
0.00817332
0.00828004
0.00827905
0.0082563
0.00811399
0.00792403
0.00769048
0.00723842
0.00665215
0.00606964
0.00541123
0.00474621
0.00409033
0.00342346
0.00282364
0.00220446
0.00154287
8.93786E-4
2.63859E-4
-2.81231E-4
-6.76883E-4
-9.07456E-4
-0.00100104
-9.5766E-4
-8.27462E-4
-6.94307E-4
-4.81408E-4
-1.87132E-4
1.70847E-4
5.85317E-4
0.00107332
0.00161222
0.00208299
0.00246654
0.00269335
0.00283141
0.00291452
0.00288393
0.0028948
0.00310882
0.00357088
0.00421488
0.00491175
0.00555532
0.00602407
0.00629094
0.0063674
0.00623901
0.00597845
0.00561521
0.00518726
0.00468441
0.00419423
0.0038105
0.00350801
0.00334217
0.00330677
0.00338056
0.00348374
0.00359745
0.00372032
0.00378165
0.00383395
0.00384133
0.00383695
0.00387894
0.00389224
0.00389868
0.00387151
0.00383509
0.00373402
0.00346447
0.0031064
0.00266877
0.00217871
0.0016082
9.73778E-4
4.57661E-4
3.0273E-5
-3.51331E-4
-5.85862E-4
-7.79737E-4
-9.43451E-4
-0.00115748
-0.00153365
-0.00190638
-0.00233621
-0.00278431
-0.00309215
-0.00324439
-0.00328007
-0.003189
-0.00295138
-0.00275248
-0.00268349
-0.00268185
-0.00276407
-0.00292975
-0.00311741
-0.00336041
-0.003696
-0.00412767
-0.00465384
-0.0052322
-0.00591769
-0.00658731
-0.00710044
-0.00755807
-0.00801653
-0.00846609
-0.00897058
-0.00953454
-0.010101
-0.0106569
-0.0109874
-0.0110145
-0.0109366
-0.0106728
-0.0102817
-0.00998875
-0.00973871
-0.00968685
-0.00986323
-0.0101988
-0.0107372
-0.0112408
-0.0116873
-0.0121028
-0.0122855
-0.0123465
-0.0123357
-0.0121673
-0.0119336
-0.0116214
-0.0112069
-0.0108408
-0.0105522
-0.0103512
-0.0103239
-0.0102476
-0.0101092
-0.00999717
-0.00980781
-0.00956335
-0.00934197
-0.00916591
-0.00888153
-0.00855053
-0.00834401
-0.00817016
-0.00795811
-0.00767267
-0.00730108
-0.00693667
-0.00653241
-0.00613117
-0.00577289
-0.00546875
-0.00538619
-0.00538962
-0.00552119
-0.00590383
-0.00627905
-0.00671988
-0.0071684
-0.00751135
-0.00798237
-0.00829425
-0.00828891
-0.00822625
-0.00800023
-0.00746122
-0.00677071
-0.00616724
-0.00565024
-0.0052125
-0.00484544
-0.00448547
-0.00416863
-0.00376404
-0.00326979
-0.00284434
-0.00252102
-0.00230505
-0.00224388
-0.00223273
-0.00223104
-0.00225729
-0.00224581
-0.00220367
-0.00219449
-0.00224066
-0.00232017
-0.00239301
-0.00252715
-0.00282452
-0.00309165
-0.00344607
-0.0039632
-0.00450887
-0.00500567
-0.00538554
-0.00570871
-0.00587909
-0.00590143
-0.0058753
-0.00588218
-0.00593105
-0.00604338
-0.00633994
-0.00658169
-0.00672541
-0.00694319
-0.0070194
-0.00712897
-0.00736207
-0.00756871
-0.00790706
-0.00830024
-0.00856643
-0.00864845
-0.00874666
-0.00879891
-0.00866266
-0.00861344
-0.00863052
-0.00855585
-0.00860276
-0.00884221
-0.00883713
-0.00864783
-0.00846913
-0.00800376
-0.00741887
-0.00695642
-0.00657246
-0.0063255
-0.00618752
-0.00611048
-0.0061528
-0.00623172
-0.0061145
-0.00602403
-0.00607284
-0.00595375
-0.0058836
-0.0058933
-0.00583936
-0.00590835
-0.00590808
-0.00581828
-0.00583292
-0.00579402
-0.00568257
-0.00556712
-0.00539866
-0.00513894
-0.00469513
-0.00415363
-0.00351079
-0.00280098
-0.00214344
-0.00152044
-0.00106379
-7.15096E-4
-3.56807E-4
-4.88245E-5
9.30831E-5
1.20438E-4
1.08291E-4
-1.05631E-4
-6.20995E-4
-0.00113037
-0.00170487
-0.00238705
-0.00275389
-0.00296369
-0.00309762
-0.00303143
-0.00293372
-0.00285706
-0.00281913
-0.00292217
-0.00305978
-0.00329808
-0.00357495
-0.00376926
-0.00391066
-0.00401866
-0.00416571
-0.00417056
-0.00415987
-0.00427505
-0.00429483
-0.00420536
-0.00410553
-0.00393249
-0.00379486
-0.00357041
-0.00316192
-0.00266637
-0.00199948
-0.0012713
-3.42437E-4
6.59276E-4
0.00135004
0.00191517
0.00244891
0.00271979
0.00283949
0.00303478
0.00318764
0.00319858
0.00323301
0.00335745
0.00338002
0.00337226
0.0034793
0.00349676
0.00344635
0.0035298
0.00350377
0.00346185
0.00355152
0.00353466
0.00349132
0.00350913
0.00359946
0.00355814
0.00353572
0.0036794
0.00360814
0.0035565
0.00370288
0.00366546
0.00350801
0.00344447
0.00335481
0.00317187
0.00289872
0.00263195
0.00224696
0.00190128
0.00172814
0.0014914
0.00142457
0.00157165
0.00175107
0.00195173
0.00227789
0.00253353
0.00250595
0.0025519
0.00274449
0.0027454
0.00288471
0.00329622
0.00350446
0.00379971
0.0041965
0.00451031
0.0049754
0.00537954
0.00582455
0.00617521
0.00637856
0.00665589
0.00665749
0.00654091
0.00646614
0.00642193
0.0064243
0.00645917
0.00657638
0.00666311
0.00674571
0.00675006
0.00664087
0.00645639
0.00604987
0.00562699
0.00531109
0.00503785
0.00505727
0.00524748
0.00554446
0.00600181
0.00639945
0.00666411
0.00692281
0.00733979
0.00773689
0.00812194
0.0085796
0.00891854
0.00916675
0.00936284
0.00940554
0.00945581
0.00955381
0.0094911
0.00946515
0.00951612
0.00953152
0.00948157
0.00940009
0.00936749
0.00930599
0.00914381
0.00871246
0.00824523
0.00784061
0.00734155
0.00692641
0.00662545
0.00648841
0.00648521
0.00647485
0.00653228
0.00661752
0.00665698
0.00669749
0.00664563
0.00641089
0.00607577
0.00568517
0.00513045
0.00451196
0.00397752
0.00344642
0.00301916
0.0027437
0.00245138
0.00216734
0.00187789
0.00151392
0.00121132
9.94403E-4
8.85656E-4
9.63068E-4
0.0010459
0.00109104
0.00121236
0.00121895
0.00111685
0.00107885
0.001006
9.25844E-4
9.1853E-4
8.92272E-4
7.25024E-4
3.96934E-4
-1.51126E-5
-6.27394E-4
-0.00133402
-0.00190072
-0.00249568
-0.00305
-0.0034724
-0.00380933
-0.00411984
-0.00440808
-0.00452527
-0.00457518
-0.00459657
-0.00447093
-0.00432855
-0.00431214
-0.00430785
-0.00428387
-0.00438372
-0.0045637
-0.00471504
-0.00490396
-0.00497649
-0.00490628
-0.00492127
-0.00494246
-0.00490299
-0.00485627
-0.00497302
-0.00527546
-0.0055113
-0.00573883
-0.00586575
-0.00595172
-0.00615488
-0.00622411
-0.00636641
-0.00659658
-0.00667597
-0.00669828
-0.00655407
-0.00634269
-0.00611106
-0.00575071
-0.00540705
-0.00511283
-0.00487253
-0.00468282
-0.00445223
-0.00417908
-0.003989
-0.00387591
-0.00374443
-0.00367442
-0.00386861
-0.00419886
-0.00450369
-0.00476488
-0.00497912
-0.00514306
-0.00514478
-0.00507102
-0.00504502
-0.00500174
-0.00492819
-0.00495201
-0.00494998
-0.00472627
-0.00454355
-0.00435118
-0.00392685
-0.00359036
-0.00339626
-0.00315292
-0.00290134
-0.00271895
-0.00257785
-0.00243912
-0.00229123
-0.00222121
-0.00219876
-0.00215974
-0.0022399
-0.00239013
-0.00244768
-0.00254735
-0.00267919
-0.00265391
-0.00260044
-0.00249157
-0.0024321
-0.00248872
-0.0023862
-0.00231252
-0.00240357
-0.00244181
-0.00245235
-0.00247265
-0.00252303
-0.0025544
-0.00252341
-0.00254128
-0.00245069
-0.00232552
-0.00225073
-0.00192279
-0.0014098
-8.73893E-4
-3.3765E-4
8.31061E-5
4.2208E-4
5.69664E-4
5.85392E-4
5.73972E-4
3.65866E-4
2.01411E-4
2.18042E-4
1.94677E-4
1.64731E-4
2.19302E-4
2.50902E-4
2.4056E-4
2.06356E-4
1.9053E-4
1.5903E-4
6.36234E-5
2.48666E-5
2.92548E-5
3.85199E-5
2.5938E-5
6.70287E-5
1.98134E-4
3.80811E-4
6.70909E-4
8.83436E-4
9.09808E-4
8.64925E-4
7.52621E-4
5.35109E-4
4.20928E-4
5.82439E-4
7.21522E-4
8.88852E-4
0.00115136
0.00127921
0.00132651
0.00122644
0.00103108
8.11922E-4
5.86436E-4
3.70522E-4
9.78529E-5
-9.77172E-5
-2.02126E-4
-3.25231E-4
-3.28422E-4
-2.0703E-4
-8.17882E-5
-7.0533E-6
3.59066E-5
1.87945E-4
3.84887E-4
5.68328E-4
7.85231E-4
0.00102382
0.00123534
0.00144447
0.00172846
0.00196038
0.00212196
0.00228777
0.00246854
0.00262165
0.00265572
0.00272364
0.0027363
0.00272216
0.00277648
0.00272889
0.00271347
0.00269468
0.00268523
0.00276536
0.00272534
0.0026336
0.00248022
0.00224029
0.0021065
0.00198454
0.00181715
0.00171593
0.00161564
0.00148982
0.00156269
0.00176403
0.00196209
0.00225884
0.00252239
0.00263039
0.00268603
0.0026075
0.0023981
0.00223943
0.00204396
0.00186873
0.00181094
0.00189489
0.00206641
0.00226446
0.00249762
0.00264796
0.00278764
0.00288028
0.00289156
0.0028868
0.00287438
0.00280432
0.00274146
0.00286072
0.00306434
0.00321531
0.00328309
0.00337756
0.00341053
0.00331813
0.00314654
0.00295434
0.00291601
0.00282094
0.00260692
0.00256254
0.00259226
0.00257951
0.00267472
0.00286691
0.00306762
0.00324642
0.0034084
0.00346225
0.00341575
0.00334597
0.00327691
0.003301
0.0033352
0.00333132
0.00335391
0.00334323
0.00330109
0.00321789
0.00298831
0.00276872
0.00259021
0.00231685
0.00187715
0.00134251
8.27341E-4
2.03383E-4
-3.65485E-4
-6.9417E-4
-8.78907E-4
-9.20708E-4
-7.71456E-4
-5.49528E-4
-3.71719E-4
-3.54685E-4
-5.9451E-4
-9.0944E-4
-0.00132872
-0.00187111
-0.00212223
-0.00218067
-0.00221285
-0.00199619
-0.00182552
-0.00176565
-0.00178875
-0.00201072
-0.00212653
-0.00216799
-0.00227324
-0.00220429
-0.00209321
-0.00198386
-0.00165657
-0.0013328
-0.00105278
-7.9222E-4
-5.65499E-4
-3.73479E-4
-3.29728E-4
-3.56238E-4
-4.23896E-4
-6.24852E-4
-9.09168E-4
-0.00115422
-0.00135834
-0.00148815
-0.00150278
-0.00140686
-0.00129874
-0.00122638
-0.0011946
-0.00124561
-0.00136755
-0.00156479
-0.00176577
-0.00196328
-0.00216314
-0.00231458
-0.0024596
-0.00262846
-0.00284252
-0.0030071
-0.00310883
-0.00324943
-0.00328317
-0.00326638
-0.0032687
-0.00318967
-0.00316877
-0.00318674
-0.00316282
-0.00316214
-0.00315125
-0.00316316
-0.00321674
-0.00319321
-0.00311739
-0.00307141
-0.00302233
-0.00290743
-0.00269564
-0.0025017
-0.00229474
-0.00203292
-0.00183678
-0.00171569
-0.00169053
-0.00177005
-0.00185475
-0.00186588
-0.00187772
-0.0018276
-0.00172224
-0.0016466
-0.00156181
-0.00154116
-0.00153649
-0.00150093
-0.00151053
-0.00157058
-0.00156539
-0.00152983
-0.00154923
-0.00152932
-0.00157425
-0.00176954
-0.00198629
-0.00222943
-0.00247745
-0.00260533
-0.00267137
-0.00268822
-0.00266916
-0.00270069
-0.002753
-0.00293589
-0.00325165
-0.00350107
-0.00372726
-0.00395019
-0.00409729
-0.00420222
-0.00426701
-0.0042603
-0.00419822
-0.00406727
-0.00384104
-0.00364096
-0.00346975
-0.00328847
-0.00317956
-0.00310756
-0.0029549
-0.00276627
-0.00262779
-0.00248941
-0.00244934
-0.00260205
-0.00287119
-0.00323219
-0.0036995
-0.00415541
-0.00448518
-0.00480406
-0.00508487
-0.00526798
-0.00537418
-0.00538633
-0.00539447
-0.00546389
-0.00559821
-0.00581448
-0.00618953
-0.00659311
-0.00697762
-0.00730458
-0.00741194
-0.00737236
-0.00715887
-0.0067598
-0.00634233
-0.00604697
-0.00584218
-0.0057308
-0.00576187
-0.00580746
-0.00577282
-0.00560589
-0.00530999
-0.0049377
-0.00451118
-0.00401881
-0.00347816
-0.00303323
-0.00264402
-0.00232761
-0.00220917
-0.00216083
-0.00214125
-0.00216698
-0.00217661
-0.00207277
-0.00191865
-0.00182219
-0.00175536
-0.00174248
-0.00171745
-0.00166561
-0.00164252
-0.00152882
-0.00131028
-0.00105859
-7.70866E-4
-4.86765E-4
-2.10583E-4
4.06424E-5
2.87635E-4
5.52095E-4
8.43826E-4
0.00134045
0.00205012
0.00278131
0.00347851
0.0040534
0.00435747
0.00442272
0.00423635
0.00389181
0.00358703
0.00328542
0.00310484
0.00310447
0.00319662
0.00335682
0.00353421
0.00372818
0.00390645
0.00407593
0.00433586
0.00464548
0.00492998
0.00516767
0.00539903
0.00565531
0.00584997
0.00601375
0.00616394
0.0062373
0.00622228
0.00620191
0.00614172
0.00602721
0.00588537
0.00563431
0.00535989
0.00511416
0.00490301
0.00479625
0.00478869
0.00483581
0.00497007
0.00513486
0.00528852
0.00541985
0.00548764
0.00556968
0.00558248
0.00551588
0.00549265
0.0054033
0.00525445
0.00517803
0.00510111
0.00497741
0.00492773
0.00492949
0.00482335
0.00467111
0.00447647
0.00422569
0.00397555
0.00370943
0.00351486
0.00341738
0.00336401
0.00328488
0.00315594
0.00301336
0.00288867
0.00276394
0.00261335
0.00246873
0.00231752
0.00211007
0.0018634
0.00167855
0.00159584
0.00161301
0.00172441
0.00188545
0.00206649
0.00218365
0.00225852
0.00231399
0.00230206
0.00229789
0.00231618
0.00236067
0.00236741
0.00233281
0.00234201
0.00236735
0.00243215
0.00254175
0.00270035
0.00287181
0.00305815
0.00320979
0.00322127
0.00316767
0.00303636
0.00292756
0.00286626
0.00278078
0.00273914
0.00261732
0.00245996
0.00244244
0.00249259
0.00261635
0.00288265
0.00315519
0.00338471
0.00361938
0.00382827
0.00399314
0.004146
0.00426907
0.004282
0.00424592
0.00423112
0.004247
0.00433975
0.00453526
0.00474816
0.00488664
0.00495523
0.00486669
0.00457427
0.00420355
0.00384262
0.00352283
0.00326086
0.00310706
0.0029981
0.00280219
0.00257583
0.00236305
0.00221217
0.00212729
0.00211334
0.00213608
0.00212445
0.0021324
0.00209971
0.00202498
0.00192527
0.00177567
0.00165198
0.00158666
0.00153715
0.00151042
0.00152929
0.00156142
0.00164081
0.00180245
0.00202551
0.00225503
0.00249393
0.0027274
0.00286284
0.0030125
0.00322425
0.00343903
0.00373934
0.00404835
0.00424578
0.00436655
0.00436822
0.00422859
0.00395855
0.00352733
0.00299221
0.00241818
0.00182882
0.00126314
7.99175E-4
4.57456E-4
2.06877E-4
5.41732E-5
-4.44684E-5
-1.1389E-4
-1.88959E-4
-2.53729E-4
-2.36775E-4
-2.0151E-4
-1.46707E-4
-4.37867E-5
3.76018E-5
2.52097E-5
-4.95384E-5
-1.82549E-4
-4.02909E-4
-6.04853E-4
-7.67314E-4
-9.22245E-4
-0.00101222
-0.00110854
-0.00132249
-0.00162335
-0.00199096
-0.00239897
-0.00278578
-0.00305696
-0.00317371
-0.00320513
-0.00314618
-0.00304231
-0.00297973
-0.0029028
-0.00278432
-0.00260905
-0.00227006
-0.00180758
-0.00129803
-8.11685E-4
-3.93778E-4
-2.63038E-5
1.43214E-4
1.47877E-4
1.39843E-4
1.07271E-4
7.11377E-5
8.7659E-5
1.43563E-4
1.8093E-4
1.90519E-4
8.95096E-5
-1.49123E-4
-4.19485E-4
-7.9001E-4
-0.0012846
-0.00183537
-0.00238761
-0.00280152
-0.00311446
-0.00337243
-0.00354233
-0.00368841
-0.00383539
-0.00396832
-0.00408713
-0.00419738
-0.00421291
-0.00411669
-0.00398926
-0.00375729
-0.00347016
-0.00326796
-0.00314886
-0.00307693
-0.00293854
-0.00279233
-0.00260441
-0.00229402
-0.00209516
-0.00191298
-0.00167068
-0.00152145
-0.00137911
-0.00128507
-0.00137551
-0.00164664
-0.00205694
-0.00251146
-0.00287113
-0.0031241
-0.0032741
-0.00327168
-0.00321272
-0.00317623
-0.00322773
-0.00340274
-0.00358655
-0.00369759
-0.0037049
-0.00358617
-0.00333411
-0.00300702
-0.00266358
-0.00231798
-0.00204514
-0.00192385
-0.0019603
-0.00208379
-0.00220334
-0.00223217
-0.00209799
-0.00184204
-0.00150184
-0.00111762
-7.94043E-4
-5.49624E-4
-4.49188E-4
-5.21791E-4
-6.77907E-4
-8.77825E-4
-0.00110081
-0.00130787
-0.00142918
-0.00152367
-0.00167083
-0.0018258
-0.00208156
-0.00240852
-0.00268203
-0.00289654
-0.00305458
-0.00312767
-0.00307961
-0.00303483
-0.0029839
-0.00291643
-0.00291415
-0.00292577
-0.00295676
-0.00296297
-0.00290639
-0.00276004
-0.00244861
-0.00203775
-0.00155595
-0.00108337
-7.22229E-4
-4.39248E-4
-2.45157E-4
-7.87494E-5
7.08136E-5
1.90267E-4
3.5674E-4
5.03826E-4
5.55388E-4
5.60348E-4
4.54133E-4
2.8847E-4
2.0371E-4
1.45519E-4
9.69631E-5
7.4834E-5
9.88382E-5
1.36298E-4
2.0059E-4
3.45067E-4
5.32318E-4
7.47808E-4
9.71807E-4
0.0011859
0.00135095
0.00142696
0.00148862
0.00158488
0.00164284
0.00168024
0.0017057
0.0016769
0.00163522
0.00164327
0.00171464
0.00179084
0.00186078
0.00193378
0.0019219
0.00179376
0.00165117
0.00154343
0.00143832
0.00137382
0.00140553
0.00146008
0.00150918
0.00151687
0.00147181
0.0014119
0.00132266
0.00128556
0.00131096
0.0013603
0.00145154
0.00158664
0.00179362
0.00202794
0.0021808
0.00224823
0.00223428
0.00209821
0.00190727
0.00172744
0.00159574
0.00153804
0.00152283
0.00160903
0.00177862
0.00190939
0.00197494
0.00198803
0.00191646
0.00172213
0.00147542
0.00131738
0.0012661
0.00127766
0.00133857
0.0013904
0.00133972
0.00109218
6.52973E-4
1.19595E-4
-3.98833E-4
-8.31876E-4
-0.0011386
-0.00124722
-0.00116838
-9.5458E-4
-6.91068E-4
-4.58936E-4
-2.47803E-4
-1.37558E-4
-1.14111E-4
-1.39784E-4
-2.11871E-4
-2.59633E-4
-3.07481E-4
-3.85559E-4
-4.89523E-4
-6.35971E-4
-8.23196E-4
-9.34483E-4
-9.30009E-4
-8.27754E-4
-5.98167E-4
-3.67655E-4
-2.47659E-4
-2.20163E-4
-2.65109E-4
-2.83373E-4
-1.52806E-4
1.49235E-4
6.18038E-4
0.00110502
0.00150925
0.00185795
0.00201982
0.00198327
0.00188974
0.00175921
0.00157006
0.00142572
0.0014162
0.001496
0.0017001
0.00198067
0.00220531
0.00243086
0.00257084
0.00253545
0.00247048
0.00240589
0.00238042
0.00247463
0.00263362
0.00284578
0.00300578
0.00300209
0.00292416
0.0028208
0.00272617
0.00268288
0.00267835
0.00273617
0.00285919
0.00301393
0.00316137
0.00326086
0.00334687
0.00338491
0.00335321
0.00327599
0.00315149
0.00305253
0.00300543
0.00302345
0.0030979
0.00316998
0.00328221
0.0033907
0.00342854
0.00343618
0.00340239
0.00333899
0.00323664
0.00309959
0.00300703
0.00294666
0.00290948
0.00291353
0.00291039
0.00292451
0.00296509
0.00297435
0.00295811
0.0029304
0.00283171
0.00272363
0.00263016
0.00246471
0.00231899
0.0022188
0.00216432
0.00219944
0.00233581
0.00255567
0.00276941
0.00291857
0.00295279
0.00290979
0.00281008
0.00264833
0.00254302
0.00251445
0.0025272
0.00257479
0.00258712
0.00258986
0.00263572
0.00265248
0.00267004
0.00272879
0.00269937
0.00259785
0.00248744
0.00230599
0.00209957
0.00185807
0.00159035
0.0014141
0.00134093
0.00139645
0.00155911
0.00173993
0.00193656
0.00213086
0.00222268
0.00225919
0.00222454
0.0020188
0.00179499
0.00158794
0.00135817
0.00122034
0.00117834
0.00116747
0.001126
0.00103003
8.20902E-4
5.18991E-4
2.44635E-4
2.8343E-5
-2.1611E-5
9.24257E-6
3.70318E-5
4.90419E-5
-6.40226E-5
-2.71825E-4
-5.97548E-4
-9.82183E-4
-0.00126024
-0.00137921
-0.00138984
-0.00137557
-0.00138451
-0.00147705
-0.00162814
-0.00180468
-0.00199434
-0.00209836
-0.00207093
-0.0019097
-0.00165149
-0.00136569
-0.00107979
-7.98126E-4
-5.47495E-4
-3.55046E-4
-1.99239E-4
-5.11459E-5
1.07093E-4
2.87382E-4
4.81474E-4
6.90446E-4
8.91182E-4
0.00108727
0.00134373
0.00161881
0.00181606
0.0018884
0.00188495
0.00180692
0.00163555
0.00148989
0.00134963
0.00121913
0.00115384
0.00114393
0.00120561
0.00123694
0.00115922
0.00103451
9.1167E-4
8.14508E-4
8.0633E-4
8.74525E-4
9.64928E-4
0.0010185
9.88402E-4
9.84485E-4
0.00104464
0.00111479
0.00122466
0.00131949
0.00137144
0.00134222
0.00120066
0.0010142
8.12578E-4
6.13368E-4
4.55197E-4
3.98932E-4
4.20798E-4
5.02674E-4
6.43896E-4
7.1035E-4
6.23068E-4
4.51492E-4
2.4826E-4
2.48706E-6
-2.46798E-4
-4.21589E-4
-5.23294E-4
-5.57757E-4
-5.66668E-4
-5.63961E-4
-5.17716E-4
-4.12451E-4
-2.31439E-4
3.6451E-5
3.80067E-4
6.91136E-4
9.44815E-4
0.00110993
0.00107211
8.85284E-4
6.55356E-4
4.63764E-4
4.14267E-4
5.22382E-4
7.31919E-4
0.0010016
0.00123968
0.00132001
0.00123417
0.00106795
8.64556E-4
5.93091E-4
2.44537E-4
-7.85196E-5
-3.29249E-4
-5.20459E-4
-5.29602E-4
-4.19447E-4
-3.32559E-4
-2.9746E-4
-4.12735E-4
-7.04098E-4
-0.00111954
-0.00156052
-0.00193688
-0.00214828
-0.00214249
-0.00199862
-0.00178337
-0.00150286
-0.00124359
-0.0011196
-0.0011158
-0.001219
-0.001386
-0.00152082
-0.00156828
-0.00154001
-0.00146093
-0.00132114
-0.00115861
-0.00103695
-9.96722E-4
-0.00108942
-0.0013029
-0.00155005
-0.00174976
-0.00191629
-0.0020544
-0.00210524
-0.00211735
-0.00209445
-0.00200296
-0.00192834
-0.00190549
-0.00192937
-0.00201021
-0.00207871
-0.00215728
-0.00221316
-0.0021184
-0.00193817
-0.00171855
-0.00147856
-0.00126692
-0.00114602
-0.00119526
-0.00138343
-0.00164194
-0.00192585
-0.00215499
-0.00231333
-0.00237465
-0.00231644
-0.00230285
-0.00233285
-0.00237027
-0.00252905
-0.00275847
-0.00298491
-0.00318675
-0.00330302
-0.00334968
-0.00340249
-0.0035052
-0.00360212
-0.00368681
-0.00375852
-0.00370643
-0.00353247
-0.00326655
-0.00295069
-0.00267325
-0.00247942
-0.00238965
-0.00239205
-0.00243114
-0.00246269
-0.00251245
-0.00260418
-0.00271859
-0.0028729
-0.00306327
-0.00323498
-0.00341842
-0.00358418
-0.00369358
-0.00379719
-0.0038706
-0.00393739
-0.00402435
-0.00404678
-0.00398841
-0.00383624
-0.00355965
-0.00321493
-0.00282847
-0.00249583
-0.0022782
-0.00211675
-0.00203041
-0.00198451
-0.00189909
-0.00178717
-0.00164913
-0.00147718
-0.00132565
-0.00123248
-0.00117224
-0.0011034
-0.001004
-8.51318E-4
-6.68792E-4
-5.11431E-4
-4.19605E-4
-3.76276E-4
-3.56349E-4
-3.60167E-4
-3.48527E-4
-2.95055E-4
-2.23381E-4
-1.73301E-4
-1.00547E-4
-4.94921E-6
8.02944E-5
1.54019E-4
1.77035E-4
1.11909E-4
-3.63146E-5
-1.99846E-4
-3.32432E-4
-3.95542E-4
-3.7942E-4
-2.98413E-4
-1.58115E-4
-3.02725E-5
4.55026E-5
9.7371E-5
1.07526E-4
9.48886E-5
1.21356E-4
2.1092E-4
3.58821E-4
4.90309E-4
5.84725E-4
6.04129E-4
5.1734E-4
4.11445E-4
3.14606E-4
2.93782E-4
3.3657E-4
3.76168E-4
4.22408E-4
4.26369E-4
3.95216E-4
3.44714E-4
2.69198E-4
2.29953E-4
2.25399E-4
2.23588E-4
2.41617E-4
2.75881E-4
3.10593E-4
3.45432E-4
3.59047E-4
3.53176E-4
3.66133E-4
3.76052E-4
3.98612E-4
4.20513E-4
4.12626E-4
3.89195E-4
2.97502E-4
1.12469E-4
-1.07442E-4
-2.81311E-4
-3.83215E-4
-3.67921E-4
-2.30889E-4
-6.58155E-5
4.38829E-5
7.41475E-5
-1.73941E-6
-1.6825E-4
-3.30963E-4
-4.81103E-4
-5.70888E-4
-5.57611E-4
-4.72748E-4
-3.09126E-4
-9.37576E-5
1.40606E-4
3.6416E-4
5.3061E-4
6.36519E-4
6.79036E-4
6.67014E-4
6.45109E-4
5.98252E-4
5.41327E-4
4.86013E-4
3.92185E-4
3.01016E-4
2.61162E-4
2.64904E-4
3.18653E-4
4.12637E-4
5.01787E-4
5.82583E-4
6.47817E-4
6.84165E-4
6.88826E-4
6.59707E-4
6.33996E-4
6.0145E-4
5.6747E-4
5.63186E-4
5.53357E-4
5.53503E-4
5.45041E-4
4.90563E-4
4.03335E-4
3.17228E-4
2.77711E-4
2.79748E-4
3.49437E-4
4.58941E-4
5.53803E-4
6.30303E-4
6.46019E-4
5.78485E-4
4.47468E-4
2.91007E-4
1.10605E-4
-9.96353E-5
-3.3348E-4
-6.26134E-4
-9.56499E-4
-0.00124644
-0.00145096
-0.00156565
-0.00153909
-0.00136849
-0.00118656
-0.00101477
-8.70053E-4
-8.41123E-4
-9.08428E-4
-9.97134E-4
-0.00101164
-9.21941E-4
-7.96986E-4
-6.99938E-4
-6.85995E-4
-7.9422E-4
-0.00101307
-0.0013218
-0.00167516
-0.00196349
-0.00212705
-0.00215596
-0.00205445
-0.00187883
-0.0017008
-0.00160417
-0.00162342
-0.00176577
-0.00196434
-0.00215223
-0.00232582
-0.00243807
-0.0025143
-0.00256619
-0.00260148
-0.00269516
-0.00284009
-0.00304207
-0.00330336
-0.00351751
-0.00364991
-0.00373398
-0.00374949
-0.00371946
-0.00369298
-0.00366874
-0.00359717
-0.00342108
-0.00316717
-0.00284107
-0.00249369
-0.00222315
-0.00201958
-0.00186204
-0.00176375
-0.00169749
-0.00162428
-0.00152816
-0.00134807
-0.00110241
-8.64161E-4
-6.57886E-4
-4.98212E-4
-3.90014E-4
-3.46488E-4
-3.00489E-4
-1.73328E-4
2.22759E-5
2.17778E-4
3.35717E-4
3.7772E-4
3.3894E-4
2.31623E-4
1.2259E-4
1.3028E-5
-1.29938E-4
-2.70965E-4
-3.65366E-4
-3.83952E-4
-3.3037E-4
-2.45847E-4
-1.41509E-4
-8.22393E-5
-1.15773E-4
-2.34989E-4
-4.12171E-4
-6.0403E-4
-7.53305E-4
-8.00332E-4
-7.53995E-4
-6.14064E-4
-3.9634E-4
-1.92773E-4
-7.98413E-5
-8.2744E-5
-2.03622E-4
-4.20488E-4
-7.0797E-4
-0.00104622
-0.00137316
-0.00159515
-0.00162063
-0.00147338
-0.00123645
-9.41396E-4
-6.63014E-4
-4.71769E-4
-3.93616E-4
-3.94049E-4
-4.06222E-4
-3.92133E-4
-3.02773E-4
-1.37022E-4
3.38879E-5
1.2793E-4
8.74346E-5
-6.04587E-5
-2.6601E-4
-5.06275E-4
-7.20996E-4
-8.95591E-4
-0.00101579
-0.00106976
-0.00112157
-0.00115141
-0.00115733
-0.00119932
-0.00126839
-0.00136421
-0.00147261
-0.00154726
-0.00154663
-0.00143786
-0.00125208
-0.00103013
-7.98311E-4
-6.01131E-4
-4.43481E-4
-3.10608E-4
-2.10824E-4
-1.46378E-4
-1.10067E-4
-7.3801E-5
-5.56259E-5
-4.95207E-5
-1.35037E-5
5.83853E-5
2.16356E-4
4.06356E-4
5.48323E-4
6.36455E-4
6.49465E-4
6.24262E-4
5.95051E-4
5.7759E-4
5.68385E-4
5.21111E-4
4.28482E-4
3.21311E-4
2.30831E-4
1.67771E-4
1.29569E-4
9.35155E-5
5.21312E-5
1.70243E-5
1.7429E-5
9.1735E-5
2.18244E-4
4.08665E-4
6.81058E-4
9.75515E-4
0.00125837
0.00148634
0.00159926
0.0016084
0.00150335
0.0012926
0.00104661
8.20193E-4
6.76647E-4
5.87972E-4
4.93626E-4
3.92396E-4
2.65615E-4
7.55283E-5
-2.00194E-4
-5.1296E-4
-7.97818E-4
-0.00100317
-0.00106064
-9.89125E-4
-9.05377E-4
-8.42665E-4
-8.21202E-4
-9.08728E-4
-0.00105043
-0.00118254
-0.00129201
-0.00136524
-0.00138839
-0.0013529
-0.00130092
-0.00122707
-0.00111258
-9.90131E-4
-8.64656E-4
-7.07687E-4
-4.99464E-4
-2.66149E-4
-3.52729E-5
1.82912E-4
3.32269E-4
3.64906E-4
2.93415E-4
1.65502E-4
4.71125E-5
7.45606E-6
8.05867E-5
2.6691E-4
4.93837E-4
6.95305E-4
8.58684E-4
9.84406E-4
0.00112454
0.00128434
0.00147007
0.00167401
0.00184589
0.00198027
0.00206669
0.00209994
0.00208814
0.00205518
0.00202212
0.00199527
0.0019804
0.00194246
0.0018689
0.00179526
0.00175225
0.00175416
0.0017605
0.00171669
0.00161127
0.00148089
0.00139857
0.00139393
0.00149263
0.00170055
0.00193367
0.00214146
0.00229943
0.00236411
0.00236004
0.00231333
0.00223679
0.00218738
0.00216834
0.00215248
0.00216859
0.00220628
0.00222256
0.00223783
0.00224539
0.00223544
0.00222414
0.00220815
0.0021958
0.00221096
0.00225204
0.00233702
0.00249337
0.00263269
0.00271327
0.00271686
0.00260828
0.00243744
0.00223415
0.0020574
0.00195844
0.00196662
0.00211282
0.0023379
0.00257116
0.00275358
0.00286591
0.00295075
0.00301268
0.0030988
0.00327642
0.0035207
0.00379053
0.00398973
0.00405141
0.00396402
0.00369399
0.00327111
0.00279874
0.00234804
0.00197711
0.00179408
0.00179901
0.0019219
0.00210772
0.00228985
0.00238923
0.00237316
0.00228874
0.00217307
0.00207464
0.002052
0.00208372
0.00214998
0.00223414
0.00223201
0.00209801
0.00186077
0.00154246
0.00121781
9.28075E-4
6.79547E-4
5.28998E-4
4.58166E-4
4.27623E-4
4.30427E-4
4.4221E-4
4.60359E-4
4.70495E-4
4.6406E-4
4.57807E-4
4.48604E-4
4.48282E-4
4.75569E-4
4.74866E-4
4.34808E-4
3.80093E-4
2.57462E-4
6.0354E-5
-1.44685E-4
-3.04019E-4
-4.0124E-4
-4.01582E-4
-3.31819E-4
-2.68167E-4
-1.79323E-4
-5.34301E-5
6.01768E-5
1.72266E-4
2.97895E-4
4.03097E-4
4.79661E-4
5.2174E-4
5.31095E-4
5.32383E-4
5.14185E-4
4.88033E-4
4.72881E-4
4.58306E-4
4.90604E-4
5.78099E-4
6.72807E-4
7.70134E-4
8.12109E-4
7.728E-4
7.02666E-4
6.2011E-4
5.28729E-4
4.45449E-4
4.1119E-4
4.4715E-4
5.70197E-4
7.77297E-4
9.78734E-4
0.00110121
0.00112397
0.00103065
8.59952E-4
6.88822E-4
5.94868E-4
6.17819E-4
7.4239E-4
9.11078E-4
0.00102566
0.00102215
8.67342E-4
5.81789E-4
2.50958E-4
-1.32181E-5
-1.12213E-4
-5.78102E-5
8.61528E-5
2.47101E-4
3.70447E-4
4.53479E-4
4.86657E-4
4.82629E-4
4.43692E-4
3.74928E-4
3.50079E-4
3.88224E-4
4.83969E-4
6.62487E-4
9.19891E-4
0.00119437
0.00143568
0.0016075
0.00162295
0.00153469
0.00146491
0.00145081
0.00152675
0.00167177
0.00183198
0.00197864
0.00207241
0.00208808
0.00200839
0.00181968
0.00154466
0.00124636
9.91926E-4
8.11826E-4
7.1283E-4
6.76653E-4
6.48437E-4
6.01162E-4
5.34907E-4
4.42292E-4
3.72719E-4
3.17471E-4
2.58634E-4
2.55552E-4
2.7242E-4
2.76695E-4
2.7001E-4
1.91693E-4
2.94801E-5
-1.70735E-4
-3.76775E-4
-5.40795E-4
-6.33137E-4
-6.47091E-4
-5.7544E-4
-4.31197E-4
-2.26942E-4
1.90561E-5
2.80736E-4
5.27122E-4
7.36501E-4
8.76047E-4
9.16243E-4
8.55294E-4
7.20138E-4
5.79414E-4
4.61852E-4
3.69205E-4
3.32514E-4
3.53764E-4
3.89564E-4
4.09795E-4
3.70448E-4
2.34766E-4
2.51873E-5
-2.26447E-4
-4.73545E-4
-6.68912E-4
-7.89825E-4
-8.3039E-4
-8.12596E-4
-7.72793E-4
-7.27997E-4
-6.91754E-4
-6.80645E-4
-6.95958E-4
-7.46705E-4
-8.53773E-4
-0.00106735
-0.00141459
-0.00185377
-0.00233542
-0.00278574
-0.00313762
-0.00339278
-0.00356194
-0.00367013
-0.00374313
-0.00377335
-0.00374754
-0.00363066
-0.00340974
-0.00313617
-0.00289503
-0.00275571
-0.00276587
-0.002943
-0.00323275
-0.00357019
-0.00389834
-0.00410658
-0.00413857
-0.0040458
-0.00387922
-0.00370941
-0.00360854
-0.00359398
-0.00366348
-0.00376833
-0.00387447
-0.00395972
-0.00398728
-0.00398103
-0.00395262
-0.00390811
-0.0038698
-0.00383133
-0.00378233
-0.00370741
-0.00360378
-0.0035103
-0.00346089
-0.00345545
-0.0034997
-0.00357319
-0.00363457
-0.0036782
-0.00369448
-0.0036751
-0.00362611
-0.00356964
-0.00353172
-0.00349604
-0.00346516
-0.00345586
-0.00345806
-0.0034761
-0.00353341
-0.00360343
-0.00364469
-0.00364382
-0.00358888
-0.00349546
-0.00337538
-0.00322691
-0.00304274
-0.00285027
-0.00267085
-0.0024944
-0.00234227
-0.00223065
-0.00214196
-0.00207284
-0.00205239
-0.00208285
-0.00215749
-0.00226933
-0.00237903
-0.00244838
-0.00243274
-0.00230732
-0.00208932
-0.00182468
-0.00158411
-0.0014
-0.00128074
-0.00122506
-0.00119278
-0.0011656
-0.00118415
-0.00125167
-0.00133693
-0.00142603
-0.00148003
-0.00148473
-0.00147463
-0.0014677
-0.00148019
-0.00152001
-0.00153337
-0.00148035
-0.00135686
-0.0011774
-9.90986E-4
-8.12415E-4
-6.56101E-4
-5.62189E-4
-5.21146E-4
-5.26505E-4
-5.83467E-4
-6.67525E-4
-7.67681E-4
-8.77237E-4
-9.82965E-4
-0.00108039
-0.0011621
-0.00124304
-0.00134315
-0.00145335
-0.00153876
-0.00154885
-0.00146716
-0.00131452
-0.00115089
-0.00103383
-9.74549E-4
-9.91839E-4
-0.00106588
-0.00112
-0.00111504
-0.00104417
-9.16528E-4
-7.63677E-4
-6.45926E-4
-6.15196E-4
-6.89951E-4
-8.48472E-4
-0.00102775
-0.0011805
-0.00129074
-0.0013553
-0.001376
-0.00140489
-0.00149633
-0.00163675
-0.00177082
-0.00184323
-0.00182305
-0.00170785
-0.00154332
-0.00136399
-0.00116037
-9.28135E-4
-6.62497E-4
-3.60658E-4
-6.83512E-5
1.71611E-4
3.5362E-4
4.58568E-4
4.79028E-4
4.50022E-4
4.02611E-4
3.54715E-4
3.29079E-4
3.29718E-4
3.51144E-4
3.84088E-4
4.31794E-4
5.20422E-4
6.64389E-4
8.55384E-4
0.00106
0.00125209
0.00144486
0.00161456
0.00172543
0.00179737
0.0018326
0.00182169
0.0017988
0.0017935
0.00183847
0.00196949
0.00213411
0.0022638
0.00237687
0.00248404
0.00258703
0.00271273
0.00284185
0.00295593
0.00304342
0.00308968
0.00310256
0.00308847
0.00305196
0.00300332
0.00296079
0.00292537
0.00287272
0.00278718
0.00269674
0.00262681
0.00258662
0.0025982
0.00266284
0.00275462
0.00283313
0.00289454
0.00293096
0.00292633
0.00290451
0.00288559
0.00285364
0.00279472
0.00271725
0.0025907
0.00240669
0.00218978
0.001964
0.00173682
0.00155768
0.00150082
0.00157025
0.00174016
0.00194044
0.00211018
0.00220696
0.0022027
0.00211847
0.0020118
0.00192497
0.00186773
0.00184554
0.00183108
0.00179759
0.00176329
0.00173284
0.00170014
0.0016802
0.00166083
0.00166378
0.00169199
0.00170108
0.00170397
0.00172047
0.0017241
0.00172415
0.00171367
0.00164613
0.00155578
0.00144819
0.00131938
0.00117357
9.67935E-4
7.34045E-4
5.4284E-4
4.23163E-4
3.8647E-4
4.05102E-4
4.50856E-4
4.93741E-4
5.18232E-4
5.68136E-4
6.2314E-4
6.65469E-4
7.06734E-4
6.92372E-4
6.17317E-4
5.3924E-4
4.81957E-4
4.20304E-4
3.73585E-4
3.6648E-4
3.72775E-4
4.09888E-4
4.43895E-4
4.53143E-4
4.73396E-4
5.09648E-4
5.25006E-4
5.22321E-4
5.50861E-4
5.79096E-4
6.02403E-4
6.25525E-4
6.10301E-4
5.57828E-4
4.87143E-4
3.82907E-4
2.76578E-4
2.31514E-4
2.4142E-4
3.19917E-4
4.62632E-4
6.24436E-4
7.77261E-4
8.75622E-4
8.97005E-4
8.31232E-4
6.69494E-4
4.41663E-4
1.84331E-4
-3.19558E-5
-1.11501E-4
-4.33837E-5
1.17998E-4
2.90721E-4
4.16002E-4
5.16354E-4
5.8145E-4
6.04419E-4
6.3019E-4
6.52939E-4
6.73816E-4
6.74422E-4
5.9967E-4
3.88565E-4
6.9629E-5
-2.44632E-4
-5.23585E-4
-6.47467E-4
-5.04229E-4
-1.62106E-4
2.96387E-4
7.91791E-4
0.00117886
0.00137882
0.0013971
0.00129112
0.00114753
0.00101595
9.814E-4
0.00103205
0.00110673
0.00120857
0.0012978
0.00135587
0.00141565
0.00144621
0.00150373
0.00165169
0.00177613
0.00181655
0.00178959
0.00171683
0.00159076
0.00142789
0.00130311
0.00123811
0.00121384
0.00123362
0.00127178
0.0012715
0.00124293
0.00117911
0.00109309
0.00104895
0.00105276
0.00109386
0.00113279
0.00111356
0.00103154
8.42914E-4
5.19082E-4
1.1915E-4
-3.33913E-4
-7.5521E-4
-9.82891E-4
-0.00102605
-9.81341E-4
-8.64587E-4
-7.73568E-4
-8.23425E-4
-9.86837E-4
-0.0012324
-0.00152217
-0.00178975
-0.00197331
-0.00205363
-0.00204457
-0.00197432
-0.00190752
-0.00184624
-0.00180939
-0.00180054
-0.00181806
-0.00186722
-0.00189112
-0.00190471
-0.00190773
-0.00188987
-0.00186696
-0.00178714
-0.0016162
-0.00137915
-0.00116817
-0.00105228
-0.00106269
-0.00122178
-0.001444
-0.00166171
-0.00185133
-0.00191791
-0.00184813
-0.00169927
-0.00151367
-0.00134211
-0.00119491
-0.00110315
-0.00104987
-9.63583E-4
-8.44819E-4
-7.62704E-4
-7.24471E-4
-7.51563E-4
-9.17591E-4
-0.00118154
-0.00146387
-0.00169691
-0.00182036
-0.00177331
-0.00153236
-0.00119927
-8.96383E-4
-6.31611E-4
-4.26713E-4
-2.73925E-4
-1.60122E-4
-1.21189E-4
-8.82473E-5
-9.07315E-5
-1.48524E-4
-1.70484E-4
-1.86859E-4
-2.08279E-4
-1.96622E-4
-2.05553E-4
-2.10719E-4
-1.9258E-4
-2.20094E-4
-2.40638E-4
-2.23005E-4
-2.14602E-4
-1.99365E-4
-1.52586E-4
-5.74159E-5
6.61415E-5
1.3979E-4
1.59432E-4
1.2218E-4
3.18818E-5
-5.63912E-5
-1.25998E-4
-7.96046E-5
1.23023E-4
3.78527E-4
6.35939E-4
8.63732E-4
0.00103149
0.00114912
0.00121351
0.0012121
0.0011628
0.00103868
8.40803E-4
6.67922E-4
5.72036E-4
5.99511E-4
7.21108E-4
8.87128E-4
0.00106398
0.00112806
0.00105508
9.02842E-4
7.29152E-4
6.28693E-4
6.33684E-4
7.29967E-4
8.9818E-4
0.00106339
0.00118631
0.00126279
0.00127327
0.00123274
0.00117269
0.00110947
0.00109727
0.00117958
0.00134239
0.00154488
0.00170913
0.00177441
0.00179408
0.00177256
0.00170035
0.0016365
0.00159503
0.00156073
0.00151024
0.00144541
0.00136181
0.00129519
0.00124887
0.00121979
0.00122137
0.00123603
0.0012666
0.0013207
0.00133975
0.00129897
0.00125422
0.00113371
9.32528E-4
7.21773E-4
5.51373E-4
4.68753E-4
4.4954E-4
4.66279E-4
5.26527E-4
6.88175E-4
9.21772E-4
0.00119187
0.00148178
0.00166462
0.00175869
0.00183086
0.0018292
0.001785
0.00171209
0.00165636
0.00166831
0.0017101
0.00183773
0.00205034
0.00224785
0.00239809
0.00250964
0.00253632
0.00246918
0.00235166
0.00222865
0.00217249
0.0022166
0.00235457
0.002546
0.00274108
0.00292774
0.00303003
0.0030198
0.00291943
0.00269185
0.00247041
0.0023411
0.00229127
0.00238692
0.00252287
0.00258601
0.00258019
0.00247539
0.0023199
0.0021456
0.00195311
0.00175738
0.00154341
0.00131012
0.00112164
0.00101862
9.79879E-4
0.00102638
0.00112776
0.00126609
0.0014046
0.00149111
0.00152483
0.00152563
0.00154133
0.00170586
0.00178632
0.00183976
0.00187487
0.00187504
0.00180582
0.00174701
0.00167366
0.00161094
0.00161297
0.00159806
0.00160124
0.00164131
0.00166756
0.00167216
0.00167225
0.00167185
0.00164797
0.001578
0.00149232
0.00140586
0.00127652
0.00111257
9.37768E-4
7.09284E-4
4.62887E-4
3.0049E-4
1.747E-4
8.05709E-5
6.67131E-5
1.13022E-4
2.20788E-4
3.89862E-4
5.92708E-4
7.56165E-4
8.07487E-4
7.3599E-4
5.63043E-4
2.73884E-4
-1.0555E-4
-4.94077E-4
-8.11271E-4
-9.54196E-4
-8.97171E-4
-6.89266E-4
-4.03008E-4
-1.11434E-4
1.30693E-4
2.92097E-4
4.02112E-4
4.36924E-4
4.03058E-4
4.16429E-4
4.94483E-4
6.44351E-4
8.60379E-4
0.00103778
0.00109615
0.00102132
8.53891E-4
6.25802E-4
3.97159E-4
2.76294E-4
3.14109E-4
5.10319E-4
8.04067E-4
0.00111813
0.00138148
0.00145757
0.00136448
0.00119724
9.77978E-4
7.79026E-4
6.11545E-4
4.55216E-4
3.33641E-4
2.47967E-4
2.11388E-4
1.57817E-4
4.32736E-5
-7.63723E-5
-1.79119E-4
-2.33813E-4
-2.30871E-4
-1.72084E-4
-1.14067E-4
-1.25705E-4
-2.19772E-4
-3.67971E-4
-5.01166E-4
-6.31004E-4
-7.65082E-4
-8.5864E-4
-9.0174E-4
-8.88669E-4
-8.2984E-4
-7.35759E-4
-6.01339E-4
-4.38988E-4
-2.82873E-4
-1.42702E-4
-5.78236E-5
-8.01287E-5
-1.90624E-4
-3.80711E-4
-5.97542E-4
-7.44081E-4
-7.73538E-4
-7.19597E-4
-6.65333E-4
-6.6322E-4
-7.34103E-4
-8.60395E-4
-9.86057E-4
-0.00104942
-0.00101689
-8.79723E-4
-6.64346E-4
-4.11968E-4
-2.0185E-4
-1.15799E-4
-1.32282E-4
-2.34546E-4
-4.10237E-4
-5.65148E-4
-6.51626E-4
-7.02256E-4
-6.83252E-4
-6.21236E-4
-5.78279E-4
-5.10927E-4
-4.23979E-4
-3.75853E-4
-3.83664E-4
-4.22513E-4
-4.8125E-4
-5.30721E-4
-5.41751E-4
-5.2178E-4
-5.08362E-4
-5.50404E-4
-6.37248E-4
-7.33263E-4
-8.14618E-4
-8.80274E-4
-9.2353E-4
-9.77512E-4
-0.00108066
-0.00120863
-0.00132342
-0.00138227
-0.00135391
-0.00124353
-0.00113249
-0.00110808
-0.00122069
-0.00147825
-0.00181339
-0.00213777
-0.00237674
-0.00253348
-0.0026215
-0.00262908
-0.00264199
-0.00269529
-0.00275429
-0.00281591
-0.0028746
-0.00291728
-0.00293136
-0.00291695
-0.00288263
-0.00284637
-0.00282099
-0.00279847
-0.00277422
-0.00277241
-0.00279462
-0.00279801
-0.00277969
-0.00278297
-0.0027723
-0.00273907
-0.00271827
-0.00268734
-0.0026632
-0.00270699
-0.0028303
-0.00297908
-0.00311728
-0.00322637
-0.00329102
-0.00331724
-0.00330714
-0.00326136
-0.00320535
-0.00315851
-0.00315697
-0.00320793
-0.00328238
-0.00338239
-0.00348468
-0.00356994
-0.00364212
-0.00371156
-0.00377358
-0.00384519
-0.00396226
-0.00407303
-0.00411485
-0.00404939
-0.00386148
-0.00359331
-0.00330413
-0.00305289
-0.00284952
-0.00274083
-0.00272183
-0.00272076
-0.00274736
-0.00277625
-0.00276061
-0.00269703
-0.00258773
-0.00244268
-0.00232751
-0.00225516
-0.00222211
-0.00226085
-0.00231951
-0.00235981
-0.00234533
-0.00222355
-0.0020035
-0.00172594
-0.00145227
-0.00126834
-0.00124792
-0.00137306
-0.00158759
-0.00183616
-0.00204103
-0.00215272
-0.00217774
-0.00210042
-0.00188676
-0.00160888
-0.00132945
-0.00107758
-9.48684E-4
-9.69517E-4
-0.00105144
-0.00109388
-0.00105962
-9.28113E-4
-6.80011E-4
-4.22291E-4
-2.57121E-4
-1.89867E-4
-2.38726E-4
-3.68513E-4
-5.07306E-4
-6.06127E-4
-6.27546E-4
-5.84295E-4
-5.18401E-4
-4.7685E-4
-4.65893E-4
-4.77306E-4
-5.36115E-4
-5.98667E-4
-6.36974E-4
-6.68168E-4
-6.53504E-4
-5.95361E-4
-5.1073E-4
-3.94091E-4
-3.1696E-4
-2.99264E-4
-2.92177E-4
-2.92238E-4
-2.86093E-4
-2.70502E-4
-2.39324E-4
-1.80264E-4
-1.0804E-4
-2.8449E-5
6.54747E-5
1.86964E-4
3.2408E-4
4.46821E-4
5.50358E-4
6.03066E-4
5.83723E-4
5.08544E-4
