-1.22545E-4
-8.08436E-5
-8.07486E-5
-5.83136E-5
-7.70122E-7
-9.28777E-6
1.96742E-5
7.09016E-5
7.18492E-5
6.2227E-5
1.02493E-4
1.51892E-4
1.48569E-4
1.72789E-4
2.34279E-4
2.2489E-4
2.53556E-4
3.11017E-4
3.06599E-4
3.29986E-4
3.92955E-4
3.85017E-4
3.80521E-4
4.15726E-4
4.76488E-4
4.63076E-4
4.96377E-4
5.53208E-4
5.49932E-4
5.70045E-4
6.41045E-4
5.60347E-4
3.75513E-4
2.03405E-4
8.68309E-5
-2.73793E-5
-1.95561E-4
-3.72503E-4
-5.28937E-4
-7.0202E-4
-8.29985E-4
-9.37568E-4
-0.00111093
-0.00128586
-0.00145061
-0.00161241
-0.0017624
-0.00132617
-2.03373E-6
0.0012203
0.00241646
0.00309053
0.00294321
0.00283601
0.00278038
0.00268887
0.00265106
0.00253914
0.00242814
0.00232207
0.00222227
0.00210848
0.00200973
0.00189674
0.00179811
0.00168594
0.00158695
0.00151147
0.00148796
0.00120918
6.75378E-4
1.74174E-4
-2.84577E-4
-7.7921E-4
-0.00125179
-0.0017342
-0.00216215
-0.00256864
-0.0030445
-0.00351849
-0.00398212
-0.00442931
-0.00491882
-0.00453292
-0.00266067
-0.00100196
5.09369E-4
0.00208321
0.00369349
0.00514818
0.0066788
0.00749975
0.00715909
0.00690602
0.0068433
0.00664341
0.00649091
0.00632382
0.00618164
0.00599926
0.00586841
0.00568098
0.00556015
0.00535703
0.00526765
0.00426474
0.00191587
-3.07344E-4
-0.00227556
-0.00441674
-0.0064364
-0.00852654
-0.00988885
-0.0102791
-0.0106466
-0.0113402
-0.0101245
-0.00623405
-0.00253503
-0.00165066
-0.00461642
-0.00715822
-0.00924719
-0.0114872
-0.0138636
-0.0145698
-0.0129543
-0.0115598
-0.0104522
-0.00921785
-0.00803095
-0.00683789
-0.00559692
-0.00446476
-0.00328636
-0.00209239
-9.70948E-4
1.06037E-4
0.00127625
0.00239601
0.00351971
0.00342578
0.00133185
-5.52325E-4
-0.00213669
-0.00395721
-0.00518733
-0.00533805
-0.00582129
-0.00470168
-6.01188E-4
0.00308835
0.00641134
0.00848845
0.00809729
0.00784763
0.00798091
0.00794905
0.00783762
0.00783053
0.00782652
0.00774664
0.00770872
0.00771612
0.00767877
0.00766316
0.00761052
0.00661888
0.00391043
0.00148123
-8.34345E-4
-0.00308779
-0.00706204
-0.0136862
-0.0202001
-0.0236639
-0.0231377
-0.0230101
-0.023341
-0.0233809
-0.0235483
-0.0217397
-0.016382
-0.0116298
-0.00702426
-0.00512643
-0.00775346
-0.00989432
-0.011449
-0.0123972
-0.0115923
-0.0109908
-0.0105488
-0.0100451
-0.00935057
-0.0090337
-0.00607761
9.69637E-4
0.00762041
0.0122336
0.0149047
0.017788
0.0222139
0.029479
0.0315033
0.0251464
0.0200186
0.0158185
0.0110485
0.00622123
0.00304108
0.00208756
8.98443E-4
2.84687E-4
0.00141122
0.00226714
0.00296409
0.00373879
0.0045502
0.00527308
0.0060307
0.00813703
0.0128275
0.016925
0.0210915
0.0227297
0.0203221
0.018193
0.0168267
0.0143732
0.0112801
0.00807627
0.00826021
0.0140942
0.0156029
0.0100886
0.00592565
0.00422829
0.00589621
0.00247648
-0.00810165
-0.0180818
-0.0228902
-0.0217856
-0.0212099
-0.0198972
-0.0149257
-0.0107806
-0.00659146
-0.00661665
-0.0128356
-0.0190809
-0.0181672
-0.00861577
4.0985E-4
0.00125075
-0.0081314
-0.0165888
-0.0186147
-0.0127869
-0.00799449
-0.00398675
4.42185E-4
0.00491346
0.00905802
0.0134116
0.0175383
0.021827
0.0233313
0.02011
0.0177337
0.0131528
0.00390298
-0.00490742
-0.0126835
-0.0213556
-0.0236965
-0.0161671
-0.00962513
-0.0076475
-0.00999092
-0.0120707
-0.00895022
0.00183135
0.0115376
0.0202872
0.0295786
0.0346073
0.0316065
0.0300392
0.0263378
0.01778
0.00955167
0.00245566
-0.00544743
-0.0127629
-0.0204924
-0.0231893
-0.0181617
-0.0140036
-0.00961399
-0.00225654
0.00451949
0.010028
0.013968
0.0183586
0.0200982
0.0176141
0.0154276
0.0139463
0.01202
0.0103134
0.00849024
0.00679835
0.00505411
0.0033561
0.00162502
-6.60304E-6
0.00164489
0.0101348
0.0101189
-0.00316527
-0.0141632
-0.023962
-0.0268952
-0.0157543
-0.00645451
0.00152504
0.00585467
0.00311214
4.71894E-4
0.00100075
0.00320218
0.00559836
0.00861345
0.0156038
0.0107558
-0.0117282
-0.0325027
-0.0402181
-0.0318606
-0.0254811
-0.0206512
-0.021265
-0.0336338
-0.035777
-0.0210721
-0.00643835
0.0123402
0.0251604
0.0269989
0.0297983
0.0346016
0.0325381
0.0215424
0.0155808
0.0176389
0.0137611
0.00239034
-0.00757699
-0.0164064
-0.0264335
-0.0299891
-0.0233966
-0.0181581
-0.014223
-0.00632044
0.00751422
0.0137216
0.0086167
0.00518942
0.00306115
-5.53878E-5
-0.00296556
-0.00669196
-0.0126479
-0.0179728
-0.0255007
-0.0365912
-0.0476538
-0.052576
-0.0491699
-0.0464968
-0.045315
-0.0357919
-0.0128606
0.00160532
0.00383318
0.00832664
0.0147566
0.0222384
0.0234889
0.0148168
0.00722584
0.00458809
0.00721292
0.00916805
0.00930345
0.00760718
0.00620477
0.00646741
0.00953655
0.0121662
0.0136112
0.0131044
0.013022
0.0136262
0.0158483
0.0174847
0.023475
0.0371106
0.0436782
0.03865
0.0357119
0.0337264
0.0310983
0.0283265
0.0261103
0.0233839
0.0198177
0.0136101
0.00814164
0.00244493
-0.00263824
-0.0102703
-0.0201911
-0.0306307
-0.0347739
-0.0312466
-0.0280148
-0.0266055
-0.0236318
-0.0219162
-0.0130921
0.00530244
0.0236852
0.0287423
0.0169872
0.00654496
0.00265848
0.0029515
0.00379518
-0.00684602
-0.0340121
-0.0596638
-0.0768594
-0.0860416
-0.0892701
-0.0819417
-0.0754968
-0.0703033
-0.0646619
-0.058828
-0.0535313
-0.0478425
-0.044223
-0.0435708
-0.0425938
-0.0411984
-0.0401161
-0.0391005
-0.0366865
-0.0328051
-0.0248295
-0.0100209
0.00397808
0.0168277
0.0304486
0.0393034
0.0401594
0.0420207
0.0485702
0.0620402
0.0674019
0.060773
0.0557676
0.0524193
0.0477976
0.0435333
0.0394287
0.0353586
0.0311409
0.0271293
0.0230212
0.019152
0.0149446
0.0137584
0.0169723
0.0198578
0.0217966
0.0246061
0.0191218
-0.00111328
-0.0118224
-0.00814242
-0.00708218
-0.00749842
-0.00648472
-0.00944195
-0.0197585
-0.0203825
-0.00624682
0.0103793
0.034674
0.050545
0.0523876
0.0485637
0.0341224
0.019941
0.00752604
-0.00548643
-0.0188629
-0.0314499
-0.0447474
-0.0502009
-0.0436762
-0.0313794
-0.0070717
0.00567558
-9.67769E-4
-0.00489744
-0.00639436
-0.00974653
-0.0126893
-0.0154028
-0.0181209
-0.0210679
-0.0236254
-0.0265321
-0.0289163
-0.0321333
-0.0256294
-0.00441647
0.0155494
0.0225343
0.0121426
0.00433237
-0.00231197
6.88706E-4
0.0220839
0.0334838
0.0286086
0.0238069
0.0137841
0.00385746
-0.00593487
-0.00864508
-0.00195092
0.00513103
-3.04526E-5
-0.0192343
-0.0382079
-0.0375357
-0.0103997
0.0142386
0.0209722
0.00528369
-0.0105475
-0.0314011
-0.0450738
-0.0484182
-0.0389696
-0.0103138
0.0179417
0.0301806
0.0230769
0.0186091
0.0157578
0.0187728
0.0331105
0.047108
0.0472318
0.0281958
0.0077938
-0.01924
-0.0325469
-0.0228972
-0.0157002
-0.0119756
-0.00560739
-3.37301E-4
0.00961562
0.0271191
0.0439168
0.0602383
0.080285
0.0928165
0.0953548
0.0922825
0.0798461
0.0675073
0.0571152
0.0455568
0.0348995
0.0177534
-0.00919443
-0.0354422
-0.0547263
-0.0676777
-0.0703841
-0.0559357
-0.0396705
-0.018697
-0.00774877
-0.0149355
-0.0237963
-0.038208
-0.0431981
-0.031853
-0.0185801
-0.00205997
0.0161052
0.0230449
0.0144605
0.00178319
-0.0190188
-0.0398553
-0.0589034
-0.0788198
-0.0903367
-0.087958
-0.0798676
-0.0602369
-0.0416322
-0.0243543
-0.00751736
0.0100667
0.0263786
0.0436839
0.0597066
0.0768857
0.0873883
0.090575
0.085002
0.0666987
0.0485265
0.0335152
0.0159204
0.00914358
0.0178714
0.0258584
0.02021
-0.00121898
-0.0216009
-0.0323085
-0.0335269
-0.0249036
5.17936E-4
0.0243432
0.0456295
0.0682777
0.0843702
0.0890859
0.0898995
0.0807457
0.0734982
0.0561398
0.0225714
-0.0192671
-0.0733273
-0.128037
-0.163658
-0.173186
-0.186091
-0.197873
-0.191731
-0.152637
-0.0913721
-0.0406605
-0.0156974
-0.00717498
0.00432863
0.0168775
0.0280658
0.0352238
0.034025
0.0424177
0.0654919
0.086699
0.0969915
0.0930551
0.0911161
0.086798
0.0754609
0.0649765
0.0554476
0.054161
0.0693979
0.0817051
0.0935199
0.0931622
0.073268
0.0496518
0.021277
-0.00887106
-0.0250991
-0.0219977
-0.0212496
-0.0227636
-0.0222743
-0.0221593
-0.02514
-0.0344907
-0.0321427
-0.0127897
0.0152241
0.0596316
0.102608
0.143469
0.168037
0.147224
0.096574
0.0389634
0.0043455
0.00388526
-0.0098517
-0.0434776
-0.0582057
-0.0467902
-0.0511085
-0.0762896
-0.08737
-0.0798905
-0.0732858
-0.061146
-0.0585567
-0.0731671
-0.0858506
-0.0958752
-0.107578
-0.118867
-0.125133
-0.122376
-0.127903
-0.145645
-0.153413
-0.125739
-0.0558125
0.031232
0.0972451
0.123187
0.130926
0.143958
0.156862
0.16891
0.180506
0.203164
0.243711
0.281533
0.317413
0.340186
0.322029
0.259029
0.151946
0.0247261
-0.0859857
-0.160463
-0.201322
-0.220035
-0.211887
-0.182813
-0.165487
-0.170714
-0.187461
-0.187755
-0.150304
-0.0708435
0.0320326
0.124726
0.182288
0.17308
0.112173
0.041705
-9.87713E-4
0.0142115
0.0688065
0.135277
0.174243
0.141343
0.0443394
-0.0582431
-0.116175
-0.124409
-0.0960162
-0.0320767
0.0504325
0.115896
0.13983
0.139382
0.144075
0.150572
0.152193
0.150325
0.150543
0.155382
0.13435
0.0453224
-0.0782875
-0.176578
-0.23138
-0.251317
-0.245262
-0.210209
-0.154513
-0.103426
-0.0614842
-0.04796
-0.0655802
-0.0914311
-0.0994925
-0.0871655
-0.0692398
-0.0394432
-0.0158207
-0.0156061
-0.0439858
-0.0993767
-0.16864
-0.217356
-0.211149
-0.168282
-0.141433
-0.129714
-0.105065
-0.0627096
-0.0374949
-0.0346132
-0.022916
0.0233854
0.114206
0.209379
0.258856
0.264024
0.248223
0.209128
0.131654
0.0298975
-0.0582411
-0.107883
-0.100135
-0.0598543
-0.0371297
-0.0320051
-0.0226132
-0.0121366
-0.00347113
0.00594606
0.0149171
0.030303
0.0571036
0.0771874
0.0763613
0.0522286
0.0261518
0.012745
-0.00145432
-0.0176495
-0.0328242
-0.0524616
-0.0803858
-0.106534
-0.132144
-0.154023
-0.169889
-0.1855
-0.197538
-0.185207
-0.153209
-0.116688
-0.0689343
-0.0197474
0.0298716
0.0647732
0.0547506
0.0201653
-0.00830766
-0.0231367
-0.0194879
-0.0241638
-0.0431437
-0.0471883
-0.0179095
0.026433
0.0547623
0.0620722
0.0848686
0.128811
0.168656
0.197506
0.200684
0.171917
0.103447
0.0108753
-0.07697
-0.14668
-0.176064
-0.167981
-0.148785
-0.123879
-0.0850596
-0.036493
0.028143
0.0936734
0.162641
0.21774
0.237894
0.23054
0.199552
0.151056
0.106994
0.0633779
0.0286702
0.00803365
-0.0024357
0.00330582
-0.00517897
-0.05862
-0.136067
-0.207205
-0.263967
-0.286629
-0.269967
-0.21701
-0.146086
-0.0947251
-0.0796345
-0.0750925
-0.0574899
-0.0234253
-0.00458895
-0.00581558
-0.00457012
1.02395E-4
-0.00817788
-0.032296
-0.0509593
-0.0451955
-0.0189726
0.011683
0.052633
0.0938441
0.126814
0.150809
0.175477
0.209283
0.256869
0.30217
0.339216
0.354241
0.339583
0.289268
0.222158
0.158569
0.106613
0.068129
0.0419162
0.0527056
0.0882057
0.108852
0.0994232
0.0630955
0.0149654
-0.0201204
-0.0392257
-0.0528571
-0.054303
-0.056262
-0.0596777
-0.0626363
-0.0650101
-0.0681247
-0.070709
-0.0735348
-0.0864037
-0.119875
-0.134367
-0.12181
-0.109991
-0.0971127
-0.0815051
-0.0680526
-0.0536869
-0.04057
-0.0192596
0.0126221
0.0447628
0.0563098
0.0395563
0.0255958
0.0160054
-0.00297968
-0.0321068
-0.0652696
-0.107865
-0.138994
-0.136166
-0.113691
-0.101565
-0.108049
-0.141946
-0.195399
-0.245065
-0.280038
-0.279975
-0.245254
-0.171792
-0.0728496
0.021185
0.0999257
0.145926
0.170308
0.199977
0.229624
0.270071
0.331876
0.379967
0.391348
0.368563
0.310442
0.22773
0.137741
0.0677848
0.0332892
0.00953562
-0.0193616
-0.0462458
-0.0737631
-0.0906821
-0.0935632
-0.0793501
-0.0387897
0.00813093
0.0642111
0.116383
0.142685
0.146791
0.142314
0.117831
0.0950769
0.0743142
0.0622005
0.0650508
0.0668345
0.0664098
0.0603328
0.0407273
0.0233732
0.00671091
0.00203793
0.0292088
0.0842894
0.150092
0.206013
0.233278
0.241916
0.24013
0.203012
0.133809
0.0497062
-0.0222586
-0.0816685
-0.132183
-0.167557
-0.189026
-0.18792
-0.194407
-0.212354
-0.228304
-0.236658
-0.237578
-0.22703
-0.186661
-0.130111
-0.0843677
-0.0486854
-0.0108313
0.0270782
0.0649617
0.104263
0.14356
0.170686
0.163818
0.135069
0.119978
0.119245
0.115761
0.104207
0.082517
0.0617183
0.0483174
0.044736
0.0398078
0.032754
0.0229988
0.0144408
-8.39121E-4
-0.02657
-0.0511486
-0.073912
-0.0974665
-0.120933
-0.136579
-0.150143
-0.193596
-0.248141
-0.299294
-0.333735
-0.345685
-0.349317
-0.341129
-0.326551
-0.304126
-0.291603
-0.298001
-0.293169
-0.274031
-0.256632
-0.2574
-0.283386
-0.299678
-0.277441
-0.207779
-0.121162
-0.0487934
0.00934884
0.0701472
0.122167
0.142604
0.141319
0.145365
0.149809
0.153815
0.144208
0.11276
0.0744001
0.0127066
-0.0633507
-0.135336
-0.196338
-0.233414
-0.243052
-0.22366
-0.173742
-0.109859
-0.043177
0.0331428
0.108862
0.181788
0.25552
0.316285
0.35492
0.396391
0.430579
0.434126
0.396532
0.313624
0.195335
0.0674052
-0.0441098
-0.110445
-0.132097
-0.13877
-0.161168
-0.199324
-0.235025
-0.257282
-0.249302
-0.222512
-0.201455
-0.173864
-0.134305
-0.0878636
-0.0290834
0.0244962
0.0666923
0.123246
0.201075
0.269271
0.313402
0.329939
0.313361
0.275002
0.241527
0.202154
0.135481
0.0419496
-0.0608539
-0.150562
-0.214592
-0.255488
-0.266886
-0.257519
-0.261459
-0.281964
-0.299225
-0.30793
-0.295238
-0.248438
-0.178383
-0.121624
-0.0913352
-0.0755873
-0.0565328
-0.0351664
-0.0200719
-0.0366389
-0.0715673
-0.111003
-0.162566
-0.207292
-0.218274
-0.205645
-0.186134
-0.149326
-0.113486
-0.080083
-0.0559761
-0.04878
-0.0403309
-0.0293926
-0.0205992
0.010808
0.10624
0.234137
0.342065
0.408658
0.44785
0.48162
0.488978
0.464841
0.427272
0.402062
0.392458
0.379474
0.376267
0.392442
0.406332
0.400692
0.336396
0.211696
0.0704626
-0.0436083
-0.106562
-0.1229
-0.116426
-0.11479
-0.114561
-0.109354
-0.0984868
-0.0893308
-0.076471
-0.0578157
-0.0393715
-0.0325634
-0.054079
-0.093085
-0.120498
-0.136683
-0.149459
-0.153538
-0.160637
-0.175172
-0.181853
-0.177712
-0.175372
-0.174168
-0.172025
-0.16194
-0.12078
-0.0553416
0.00152601
0.0506878
0.102274
0.167981
0.295197
0.478366
0.61622
0.639943
0.569491
0.486263
0.437378
0.385563
0.282123
0.165236
0.082481
0.0315188
-0.00215844
-0.0564561
-0.162986
-0.298455
-0.379602
-0.328032
-0.219585
-0.176576
-0.165811
-0.103176
0.00506781
0.107967
0.174155
0.218787
0.263444
0.289352
0.266529
0.202126
0.134193
0.0842183
0.0554811
0.0240186
-0.00936196
-0.041703
-0.0736446
-0.100568
-0.116545
-0.13472
-0.15078
-0.164754
-0.167092
-0.15418
-0.134317
-0.106606
-0.0613123
0.00970829
0.0698921
0.0909674
0.0829884
0.0806799
0.0804056
0.0780477
0.0759156
0.0746315
0.0656579
0.0289512
-0.0499043
-0.165773
-0.297142
-0.410128
-0.478265
-0.49495
-0.470729
-0.416591
-0.335584
-0.23925
-0.156419
-0.0910995
-0.0227576
0.0377409
0.0824057
0.128122
0.184167
0.253196
0.319807
0.374177
0.387972
0.343072
0.235607
0.0982649
-0.0325612
-0.145354
-0.237179
-0.314557
-0.344513
-0.314096
-0.249386
-0.180107
-0.128317
-0.101599
-0.0711397
-0.0457932
-0.0329012
-0.0247677
-0.0238455
-0.0235718
-0.021474
-0.0228443
-0.0283574
-0.033276
-0.0376666
-0.0364465
-0.0231212
-0.027673
-0.062113
-0.0724861
-0.0446524
-0.0383394
-0.0598618
-0.0506213
0.040783
0.150799
0.161246
0.10833
0.0867261
0.0761717
0.0225937
-0.0413203
-0.0541991
-0.0293697
-0.0177811
-0.0334921
-0.0734378
-0.0963185
-0.0946944
-0.0998898
-0.112412
-0.121502
-0.140959
-0.179754
-0.207066
-0.219391
-0.226144
-0.221367
-0.209903
-0.189369
-0.169424
-0.150876
-0.131846
-0.11311
-0.0833737
-0.0232416
0.0495354
0.110927
0.141921
0.149141
0.155189
0.154721
0.153707
0.148838
0.136241
0.11661
0.0857116
0.0506063
0.00799677
-0.0333569
-0.0743678
-0.10637
-0.124846
-0.143526
-0.175809
-0.22597
-0.275131
-0.325155
-0.365345
-0.372009
-0.333561
-0.249826
-0.143844
-0.0564723
0.0113058
0.0658189
0.0933975
0.122953
0.150825
0.170102
0.179259
0.173262
0.16798
0.159373
0.124747
0.06046
-0.0143993
-0.0631926
-0.0514522
-0.00814547
0.0256679
0.05905
0.0810826
0.0800596
0.0810348
0.0943985
0.122919
0.141614
0.148129
0.144894
0.125155
0.0937264
0.0432054
0.00277494
-0.021236
-0.0461968
-0.0702626
-0.0937226
-0.12063
-0.135437
-0.129276
-0.138578
-0.171959
-0.190433
-0.175448
-0.144368
-0.11791
-0.0836345
-0.0187292
0.0674204
0.147593
0.226373
0.298601
0.357929
0.405903
0.415676
0.396414
0.383631
0.372771
0.361114
0.352255
0.3438
0.327636
0.285973
0.223569
0.170012
0.139257
0.138752
0.154935
0.181503
0.184198
0.152548
0.124459
0.116821
0.141422
0.17781
0.209229
0.240772
0.268215
0.276325
0.25593
0.222125
0.191568
0.162549
0.121807
0.0532637
-0.0298422
-0.107636
-0.177707
-0.216589
-0.228627
-0.238025
-0.240204
-0.227932
-0.196134
-0.166616
-0.139586
-0.111524
-0.0757066
-0.0247205
0.00166734
-0.0114895
-0.0189438
-0.0167139
-0.00725678
8.65441E-5
0.0211113
0.0643197
0.0971364
0.0903371
0.0397116
-0.0249058
-0.0673263
-0.0643494
-0.040447
-0.0150393
0.0215562
0.058473
0.0822312
0.0734807
0.029064
-0.0330336
-0.0921496
-0.155824
-0.20316
-0.213828
-0.199964
-0.156668
-0.0770084
0.0175554
0.0981901
0.146452
0.174096
0.211386
0.245029
0.217567
0.200565
0.312518
0.422719
0.363144
0.202297
0.100418
0.0541227
-0.0150822
-0.103419
-0.176349
-0.235815
-0.298172
-0.340605
-0.311416
-0.220517
-0.12195
-0.0384284
0.0340321
0.092764
0.114767
0.111943
0.0856762
0.0412259
-5.00126E-4
-0.0326818
-0.0531675
-0.0868491
-0.141797
-0.193162
-0.233242
-0.258061
-0.303258
-0.367925
-0.353014
-0.239199
-0.148164
-0.107094
-0.0575751
-0.00262864
0.0277853
0.0144206
-0.0129676
-0.0352173
-0.0473556
-0.0516875
-0.0819896
-0.108828
-0.0891264
-0.0626746
-0.0851527
-0.140022
-0.194297
-0.259498
-0.31569
-0.336528
-0.318578
-0.284245
-0.25413
-0.225321
-0.189427
-0.143256
-0.109749
-0.0857142
-0.0256151
0.0676402
0.168094
0.251751
0.315719
0.365139
0.362763
0.295265
0.196515
0.117454
0.0688961
0.040807
0.0136104
-0.0211551
-0.0622748
-0.113687
-0.153672
-0.162443
-0.144915
-0.0975287
-0.0340231
0.026486
0.0723282
0.0995801
0.119955
0.128764
0.137641
0.155341
0.194445
0.245589
0.282898
0.277582
0.243552
0.203191
0.145436
0.0840896
0.0181189
-0.0368567
-0.0616494
-0.0540855
-0.0297508
-0.00809197
0.00289069
7.69068E-4
-2.40281E-4
6.51513E-4
1.648E-5
0.00876094
0.0339985
0.0485703
0.0368958
-0.00246192
-0.0572485
-0.108569
-0.158284
-0.19624
-0.193796
-0.16803
-0.14744
-0.143304
-0.162107
-0.178407
-0.189708
-0.197606
-0.207048
-0.206469
-0.191817
-0.171114
-0.141042
-0.100043
-0.0288675
0.0615264
0.139434
0.189121
0.203938
0.202626
0.205243
0.208846
0.202513
0.164697
0.098131
0.0623121
0.0714553
0.0722849
0.084984
0.128461
0.167592
0.20141
0.234868
0.280839
0.348671
0.39277
0.381076
0.349297
0.324842
0.30058
0.274662
0.250174
0.225488
0.201258
0.176763
0.148414
0.108442
0.101282
0.129307
0.109287
0.0843413
0.0648375
-0.0512767
-0.238881
-0.382779
-0.455321
-0.497213
-0.536642
-0.517433
-0.422656
-0.317892
-0.232374
-0.160511
-0.0867171
-0.0131463
0.0594939
0.124666
0.178482
0.219027
0.198783
0.0976097
-0.0104448
-0.0863527
-0.165917
-0.236205
-0.266881
-0.276307
-0.298539
-0.320202
-0.303511
-0.265959
-0.234542
-0.205588
-0.175691
-0.159701
-0.165441
-0.168334
-0.168894
-0.170841
-0.173045
-0.174244
-0.176574
-0.177528
-0.189625
-0.20378
-0.154094
-0.0460184
0.0173175
0.0207024
0.0646624
0.178578
0.261365
0.252915
0.262033
0.358602
0.443865
0.434466
0.382843
0.356732
0.351437
0.332441
0.299471
0.278519
0.274892
0.257075
0.220365
0.187101
0.156389
0.123708
0.0924264
0.0605973
0.0418505
0.0442107
0.04443
0.0374748
0.0242447
0.0155058
0.0139132
0.00516483
-0.0148866
-0.0353793
-0.0606943
-0.0740053
-0.0580176
-0.0283561
-0.0136697
-0.0141907
-0.0229282
-0.047898
-0.0783982
-0.118877
-0.145063
-0.133244
-0.0836442
-0.0157578
0.0491167
0.101281
0.139071
0.162638
0.151885
0.125892
0.111501
0.106996
0.100581
0.0814907
0.0421757
0.00603907
-0.0281334
-0.0658825
-0.1106
-0.141268
-0.153882
-0.157142
-0.132975
-0.0728792
0.00543744
0.0756751
0.120862
0.144709
0.165536
0.179118
0.191598
0.213043
0.24723
0.278758
0.309803
0.327594
0.313755
0.269158
0.201959
0.137121
0.0701882
0.0151245
-0.0196056
-0.0492193
-0.0701503
-0.0903557
-0.111938
-0.137193
-0.170864
-0.195743
-0.207261
-0.216117
-0.218859
-0.221119
-0.224718
-0.222841
-0.212123
-0.203027
-0.194561
-0.186397
-0.163697
-0.101282
-0.026168
0.0135607
0.0319207
0.0605721
0.098777
0.121063
0.121814
0.12603
0.123833
0.0885094
0.00657549
-0.102033
-0.199514
-0.277141
-0.331571
-0.361764
-0.357866
-0.314883
-0.253864
-0.207246
-0.175851
-0.142026
-0.1018
-0.0525723
-0.0209548
-0.0183573
-0.011382
-0.00213104
0.00604155
-0.00758359
-0.0689646
-0.124957
-0.121535
-0.0967499
-0.0683359
-0.0431309
-0.0803384
-0.170447
-0.236567
-0.212383
-0.151107
-0.169557
-0.256189
-0.298842
-0.26688
-0.221117
-0.219912
-0.234594
-0.185476
-0.0534877
0.081986
0.177809
0.317842
0.534651
0.671802
0.629857
0.510796
0.442162
0.426819
0.413468
0.32769
0.194144
0.174529
0.176937
0.00167868
-0.272973
-0.472371
-0.553115
-0.587201
-0.619557
-0.617856
-0.584824
-0.539368
-0.480679
-0.368342
-0.233319
-0.156377
-0.127094
-0.0694562
0.0177387
0.0972583
0.173867
0.245161
0.301058
0.354467
0.400829
0.437236
0.409445
0.313769
0.22937
0.148921
0.0712289
0.0479559
0.0626662
0.0578452
0.0300134
0.0358437
0.0891851
0.125409
0.140297
0.161069
0.186941
0.219273
0.241306
0.247868
0.255436
0.266373
0.259989
0.22985
0.193055
0.142613
0.0930596
0.0376152
-0.032489
-0.10308
-0.177417
-0.236722
-0.270396
-0.306267
-0.345832
-0.352749
-0.272325
-0.141502
-0.0443779
-3.07643E-4
0.0275248
0.0605779
0.0873405
0.0912245
0.0648628
0.0211579
-0.0180403
-0.0571811
-0.0989378
-0.126398
-0.107478
-0.0597388
-0.0178682
0.00909757
0.0191626
0.0221138
0.0125816
-9.0717E-4
-0.0231784
-0.0260402
0.00170017
0.0307439
0.0639651
0.0906994
0.0878282
0.0663207
0.0453481
0.0179899
-0.00503628
-0.0186648
-0.0334649
-0.0418434
-0.0244222
0.00870541
0.0384476
0.055292
0.053504
0.054067
0.0562501
0.0576652
0.0582129
0.0559982
0.031125
-0.0125781
-0.0542672
-0.0781613
-0.0807924
-0.0808922
-0.0781477
-0.0649304
-0.0382778
-0.0129986
0.0105258
0.0367163
0.0625823
0.0920482
0.10404
0.106654
0.149783
0.199284
0.20319
0.176933
0.147161
0.110653
0.105327
0.127125
0.106476
-0.00679646
-0.129574
-0.166232
-0.151936
-0.156275
-0.167975
-0.175389
-0.181945
-0.188165
-0.193298
-0.191968
-0.166142
-0.126154
-0.089073
-0.0618834
-0.0557504
-0.075027
-0.106954
-0.130561
-0.130136
-0.111882
-0.0971489
-0.0837407
-0.0753979
-0.0788623
-0.0806898
-0.0867558
-0.103398
-0.118392
-0.139586
-0.174657
-0.207554
-0.238941
-0.271816
-0.299348
-0.316909
-0.330772
-0.3234
-0.300374
-0.270709
-0.228901
-0.169737
-0.0762121
0.0262885
0.113925
0.170839
0.208086
0.242737
0.26864
0.293741
0.323362
0.357982
0.380155
0.36675
0.310171
0.215709
0.106348
0.0155417
-0.0324865
-0.0395538
-0.0164067
0.0212696
0.0554395
0.088793
0.107497
0.0805823
0.0276786
-0.0088778
-0.0271259
-0.0327429
0.0245674
0.0612038
-0.00194973
0.00208566
0.0647984
0.0720434
0.0234057
-0.0169399
0.00137745
0.0378285
0.0654059
0.0940516
0.125629
0.144853
0.147128
0.137299
0.0949805
0.0385976
-0.00535847
-0.0359932
-0.0699003
-0.0959877
-0.0954475
-0.0754295
-0.0606989
-0.0493078
-0.0439481
-0.0362407
-0.0426892
-0.0692041
-0.0951529
-0.105551
-0.101473
-0.0869986
-0.0575198
-0.0192285
0.0313329
0.0812541
0.128661
0.165373
0.165436
0.144257
0.122494
0.0935492
0.0632901
0.0360914
-6.66384E-4
-0.0507795
-0.0995476
-0.138121
-0.165363
-0.192938
-0.222624
-0.236466
-0.218704
-0.191349
-0.17424
-0.165798
-0.156011
-0.140959
-0.119498
-0.0931906
-0.0581757
-0.0242625
0.00835299
0.0409879
0.0738299
0.0975857
0.0966364
0.0813118
0.0697624
0.0590102
0.0470893
0.036086
0.0244607
0.0304372
0.0676044
0.0927897
0.102854
0.11521
0.144186
0.19592
0.237378
0.245751
0.217907
0.172458
0.132557
0.0924185
0.0678219
0.0702784
0.0702777
0.063724
0.0560828
0.0337871
-0.0145524
-0.0589428
-0.102477
-0.13238
-0.139845
-0.135522
-0.112551
-0.0854979
-0.0523913
-0.0331754
-0.0387467
-0.0408787
-0.0456769
-0.0609764
-0.0840647
-0.121281
-0.156768
-0.196762
-0.247422
-0.297208
-0.334692
-0.347175
-0.330726
-0.295486
-0.258957
-0.215552
-0.172487
-0.127412
-0.0769157
-0.0344385
-0.0176048
-0.0151603
-0.00976394
-0.00308153
0.00173466
0.00906414
0.0179414
0.0331271
0.0578406
0.0820325
0.09737
0.101507
0.107211
0.10694
0.0930626
0.0813701
0.0681684
0.0499086
0.0313918
0.0250854
0.0353659
0.0530272
0.0855995
0.104638
0.101048
0.0965842
0.0872767
0.0770984
0.0678436
0.0590776
0.0491685
0.0497592
0.0661391
0.0807902
0.093051
0.107027
0.119894
0.144786
0.191148
0.226311
0.246148
0.256715
0.246759
0.238821
0.227242
0.205898
0.17603
0.13453
0.0925164
0.0658073
0.0574406
0.0559252
0.0657683
0.0831226
0.11097
0.137842
0.167186
0.204886
0.231983
0.24344
0.23985
0.206854
0.186524
0.186443
0.166883
0.100712
0.0177453
-0.0694611
-0.169938
-0.271064
-0.349893
-0.399505
-0.45237
-0.501595
-0.537659
-0.558183
-0.532676
-0.484075
-0.432956
-0.369966
-0.289534
-0.174236
-0.0452331
0.065294
0.15541
0.239369
0.29439
0.311657
0.288751
0.240928
0.197995
0.15575
0.108252
0.062357
0.0172264
-0.025821
-0.0652475
-0.102243
-0.13597
-0.173631
-0.22028
-0.253967
-0.26862
-0.279309
-0.281284
-0.270571
-0.222155
-0.141693
-0.0535538
0.0181917
0.0724502
0.118874
0.152811
0.178423
0.193706
0.200434
0.192891
0.187229
0.175357
0.150362
0.123924
0.0945033
0.0718663
0.063762
0.0530511
0.0501205
0.0622958
0.0793118
0.104795
0.13027
0.155423
0.183852
0.203024
0.194266
0.169294
0.148435
0.13306
0.124533
0.114909
0.113384
0.125634
0.136997
0.127465
0.0716291
-0.00294383
-0.0710204
-0.137303
-0.206098
-0.25551
-0.275284
-0.29853
-0.324765
-0.347214
-0.3572
-0.337548
-0.280523
-0.206051
-0.132412
-0.0541042
0.0246244
0.0957426
0.157525
0.212847
0.243771
0.257876
0.271927
0.28089
0.272709
0.22045
0.125749
0.0204651
-0.0613478
-0.0928874
-0.100412
-0.106874
-0.101511
-0.0958527
-0.0919819
-0.0965312
-0.116238
-0.134137
-0.145367
-0.137726
-0.101978
-0.0503052
-0.0132122
0.00852723
0.022934
0.0233607
0.0234881
0.0325466
0.0508762
0.0676758
0.0836707
0.0891181
0.0621463
0.0183142
-0.0209738
-0.0536435
-0.0789977
-0.108772
-0.149137
-0.173408
-0.175611
-0.168497
-0.144731
-0.107149
-0.0377571
0.0465522
0.125091
0.202928
0.272421
0.326266
0.367885
0.377105
0.371327
0.370595
0.362262
0.339095
0.309814
0.265968
0.224259
0.183446
0.143802
0.10204
0.0776202
0.0761869
0.0801512
0.0905867
0.103818
0.0978263
0.0661993
0.0324635
-0.00553002
-0.0451789
-0.0752903
-0.0926122
-0.111705
-0.128197
-0.137331
-0.147274
-0.158083
-0.163022
-0.157604
-0.165311
-0.192874
-0.211327
-0.203231
-0.17782
-0.162081
-0.170371
-0.194084
-0.21481
-0.223378
-0.200028
-0.140497
-0.0490511
0.0558518
0.148512
0.213719
0.253592
0.263442
0.256894
0.241481
0.209452
0.169172
0.11852
0.0613152
-0.00435686
-0.0769036
-0.161141
-0.243658
-0.312806
-0.348514
-0.365557
-0.386742
-0.402255
-0.391663
-0.35197
-0.295789
-0.250861
-0.218754
-0.176255
-0.117954
-0.057141
0.0153565
0.0775561
0.126282
0.162418
0.180255
0.189852
0.190014
0.188797
0.197124
0.215811
0.233583
0.24917
0.266409
0.282292
0.29925
0.307469
0.305154
0.289238
0.252941
0.211295
0.162578
0.112908
0.0731472
0.0450199
0.0241712
0.0164659
0.00793294
-0.00219717
-0.00966976
-0.0132749
-0.0182782
-0.017816
-0.00928684
-9.27727E-4
-0.00391662
-0.0221071
-0.0441022
-0.0739039
-0.103139
-0.133051
-0.166167
-0.191796
-0.202425
-0.216366
-0.22493
-0.225754
-0.213546
-0.183372
-0.142643
-0.0872197
-0.0373003
-0.0154122
-0.0123505
-0.0167118
-0.0359942
-0.0558781
-0.0630443
-0.0564467
-0.0437051
-0.0197917
0.00359215
0.0248676
0.047109
0.0686565
0.0953046
0.130045
0.164306
0.189693
0.205003
0.208234
0.190936
0.175534
0.162864
0.148794
0.134547
0.120186
0.106092
0.0914811
0.087486
0.0999707
0.117692
0.145395
0.173048
0.192656
0.202236
0.20731
0.202143
0.19834
0.194887
0.195164
0.200344
0.206005
0.207984
0.208974
0.199898
0.175301
0.152518
0.127881
0.0943747
0.0624599
0.0319291
6.72248E-4
-0.0205906
-0.0235188
-0.0297812
-0.0312397
-0.0231842
-0.00703905
0.0207569
0.0485686
0.0733301
0.0996145
0.123452
0.15901
0.212916
0.258254
0.275952
0.264528
0.219686
0.154936
0.0884262
0.0156825
-0.0582691
-0.118798
-0.16263
-0.199317
-0.222815
-0.246739
-0.27188
-0.303745
-0.348586
-0.391462
-0.432818
-0.460703
-0.447487
-0.395288
-0.327639
-0.271051
-0.226853
-0.180139
-0.133714
-0.0876547
-0.0499595
-0.0236823
-0.00501928
0.00321978
-7.53566E-4
-0.0232929
-0.0441874
-0.0623745
-0.0818832
-0.101161
-0.119947
-0.138559
-0.158729
-0.180484
-0.202844
-0.213048
-0.205976
-0.189005
-0.15573
-0.109697
-0.0425742
0.0217417
0.0766791
0.104904
0.099856
0.0563963
-0.010692
-0.0766258
-0.142827
-0.21124
-0.276558
-0.343202
-0.399613
-0.443914
-0.471694
-0.475018
-0.468519
-0.437523
-0.374578
-0.294478
-0.211811
-0.119323
-0.0277605
0.0566741
0.123386
0.161934
0.163577
0.14551
0.131383
0.124099
0.123804
0.12321
0.121495
0.120634
0.115326
0.102633
0.0908448
0.0812361
0.0730216
0.0648976
0.0548404
0.0427
0.0184575
-0.0269718
-0.0690714
-0.109269
-0.149811
-0.19142
-0.222652
-0.242055
-0.250025
-0.241368
-0.225722
-0.200401
-0.175039
-0.151767
-0.129143
-0.109399
-0.0893021
-0.0720336
-0.0589701
-0.0462598
-0.0257185
0.00575168
0.035634
0.0682727
0.109698
0.14918
0.182948
0.193782
0.185054
0.172991
0.153451
0.132355
0.122076
0.123928
0.131838
0.150207
0.168642
0.177107
0.172818
0.170312
0.168918
0.171198
0.181803
0.190959
0.200161
0.193314
0.159533
0.122772
0.0784392
0.0340952
-0.00925185
-0.0441819
-0.0660141
-0.088724
-0.10931
-0.121437
-0.127905
-0.109986
-0.0749104
-0.0349737
0.0166992
0.0733229
0.135697
0.197654
0.252526
0.296918
0.343098
0.379485
0.399388
0.412819
0.414879
0.417168
0.416977
0.408918
0.401726
0.3957
0.3825
0.345358
0.290766
0.239984
0.191433
0.141169
0.100245
0.0737702
0.0456082
0.0162267
-0.0119112
-0.0397978
-0.0678146
-0.0951389
-0.122577
-0.148401
-0.172636
-0.190588
-0.197864
-0.201766
-0.184034
-0.144762
-0.102468
-0.0512213
4.08287E-4
0.0417324
0.0685286
0.0980764
0.119661
0.12786
0.128433
0.118106
0.097324
0.0609767
0.0248686
-0.0125156
-0.0367126
-0.0378039
-0.0377977
-0.0333122
-0.0374424
-0.057457
-0.0761689
-0.0842322
-0.0805612
-0.0781341
-0.077201
-0.0749863
-0.0815205
-0.103175
-0.122113
-0.140222
-0.149707
-0.144356
-0.134389
-0.116475
-0.0987148
-0.0820619
-0.0732388
-0.0782328
-0.0815327
-0.083532
-0.0802973
-0.0666096
-0.0540566
-0.0404576
-0.0215022
-0.00348931
0.0138979
0.027311
0.0332251
0.0399792
0.0484502
0.0595616
0.0585006
0.0388317
0.0145893
-0.0191374
-0.0525443
-0.0843531
-0.116276
-0.143948
-0.162481
-0.182902
-0.203925
-0.228288
-0.238233
-0.229166
-0.207129
-0.164631
-0.122642
-0.0851975
-0.0449085
-0.0207378
-0.0218479
-0.024151
-0.0300704
-0.0375559
-0.0435887
-0.0537417
-0.0707474
-0.0867428
-0.101544
-0.121884
-0.150415
-0.177659
-0.192687
-0.175808
-0.142127
-0.104823
-0.0542413
-0.0047997
0.0429277
0.080591
0.10215
0.113852
0.109059
0.105213
0.103477
0.100948
0.0977939
0.095979
0.0837247
0.0549757
0.0286798
0.00212645
-0.0293741
-0.060191
-0.0895057
-0.119731
-0.148666
-0.178711
-0.194812
-0.190408
-0.174608
-0.138958
-0.104508
-0.0731014
-0.0407709
-0.00846179
0.0229742
0.0544604
0.0857002
0.1124
0.132202
0.145155
0.146433
0.140781
0.121743
0.104782
0.0881343
0.0796503
0.0824088
0.0926846
0.113143
0.133973
0.151884
0.17161
0.189863
0.209475
0.214925
0.20011
0.177785
0.143855
0.109154
0.086508
0.0787336
0.0691074
0.0599691
0.0556134
0.0505625
0.0451341
0.0398841
0.0351449
0.029612
0.028805
0.0337486
0.047488
0.0754915
0.102401
0.127824
0.157502
0.177273
0.182923
0.177277
0.151831
0.121984
0.0846404
0.0477207
0.0160284
-0.00673846
-0.0321478
-0.0452295
-0.0401761
-0.0295289
-0.0114835
0.008452
0.0167922
0.0127407
-0.00154751
-0.0323009
-0.0626925
-0.0818512
-0.0897286
-0.0897203
-0.0749888
-0.0616733
-0.0501866
-0.0387304
-0.0264032
-0.0218687
-0.0280673
-0.0334793
-0.0367848
-0.0419889
-0.0349474
-0.00794014
0.0162204
0.0382399
0.0607179
0.083473
0.0948714
0.090428
0.077691
0.0508409
0.0244333
0.00645285
-0.00151038
-0.0111734
-0.0217953
-0.0337959
-0.0444597
-0.0565856
-0.0588764
-0.048622
-0.0289141
0.00483645
0.0386547
0.0613502
0.0730949
0.0773972
0.0697161
0.0553572
0.0306253
0.00653457
-0.0156622
-0.0471733
-0.094522
-0.138296
-0.181524
-0.215992
-0.237447
-0.250828
-0.253874
-0.247044
-0.227706
-0.198465
-0.152962
-0.109388
-0.0676025
-0.0350759
-0.0191382
-0.00193151
0.0152542
0.0268624
0.0392302
0.0476845
0.0477657
0.0489237
0.0509457
0.0525577
0.0537308
0.0556854
0.0565342
0.0680663
0.0960428
0.122344
0.136474
0.134843
0.135704
0.128666
0.104947
0.0833371
0.0631165
0.0400793
0.0173155
0.0016667
-0.00363343
-0.0100374
-0.0176203
-0.0193803
-0.0117981
-0.00636125
0.00422511
0.0241811
0.0433646
0.0603515
0.0791017
0.0877904
0.0810714
0.0759225
0.0731598
0.0648199
0.0500561
0.0364184
0.0235487
0.0103366
-0.00532023
-0.0259459
-0.0453634
-0.0647503
-0.0762723
-0.0751686
-0.0749871
-0.0810816
-0.0928603
-0.104348
-0.108977
-0.10444
-0.0958892
-0.0794406
-0.0637234
-0.0488558
-0.0366135
-0.0288427
-0.0211274
-0.0124505
-0.00451751
0.00360115
0.0115361
0.0194479
0.0272258
0.0295366
0.0210989
0.0149692
0.00134756
-0.0255008
-0.0516008
-0.0641067
-0.0594748
-0.0567477
-0.0552347
-0.0508188
-0.0467837
-0.0432964
-0.0393741
-0.0356976
-0.0277744
-0.012122
0.0021569
0.0159096
0.0295536
0.0438265
0.0512618
0.0497279
0.0482814
0.0568555
0.0780659
0.097974
0.117437
0.142048
0.157086
0.15933
0.14855
0.115031
0.0832685
0.0604412
0.0463052
0.0303924
0.0203788
0.0201615
0.0196927
0.0102127
-0.0102215
-0.0326764
-0.0605648
-0.0772887
-0.0751607
-0.0691146
-0.0543026
-0.0397477
-0.02609
-0.0179629
-0.0184031
-0.0185329
-0.0169029
-0.016696
-0.0156023
-0.0203422
-0.0337142
-0.046454
-0.0572047
-0.0697721
-0.0671421
-0.0395774
-0.0156218
0.00591393
0.0189551
0.0147641
0.0120554
0.0132027
0.0179004
0.0261861
0.0349085
0.0374023
0.0305843
0.0252261
0.018099
0.00579839
-0.00603765
-0.0165911
-0.0316105
-0.0527777
-0.0729948
-0.0927606
-0.114442
-0.127956
-0.127682
-0.12962
-0.127009
-0.113328
-0.101178
-0.0904192
-0.0814765
-0.0770908
-0.0728252
-0.0625359
-0.0438458
-0.0263489
-0.013215
-0.00582169
0.00258157
0.0108351
0.0195146
0.0202202
0.00895167
-0.00114584
-0.00926063
-0.0187855
-0.0261601
-0.0306189
-0.0353042
-0.0416749
-0.0499077
-0.0577098
-0.0656406
-0.0639901
-0.0455906
-0.026473
-0.00218674
0.011685
0.00909607
0.00230798
-0.0105788
-0.0248909
-0.0308566
-0.0278951
-0.0197192
-0.00333426
0.0131687
0.0212122
0.0185079
0.0172402
0.0141428
0.00477787
-0.00343686
-0.0113445
-0.0126703
-0.0025362
0.00653327
0.0137189
0.0221679
0.0300512
0.0382088
0.039823
0.0312934
0.0236098
0.0179794
0.00408215
-0.0211754
-0.0448617
-0.0684321
-0.0968049
-0.116415
-0.123979
-0.12206
-0.103892
-0.0807548
-0.0499713
-0.0193309
0.00352942
0.0150963
0.0286993
0.0423831
0.0560836
0.0685961
0.0826924
0.0869173
0.0783588
0.0641628
0.0421429
0.0191823
0.00768555
0.0103115
0.0175188
0.0335187
0.0489798
0.0636126
0.0682029
0.0555235
0.042521
0.0270362
0.0178052
0.019887
0.0212276
0.0156005
0.00259743
-0.00962348
-0.0206634
-0.0318185
-0.0414478
-0.0514811
-0.0543903
-0.045199
-0.0375926
-0.0314223
-0.0244049
-0.0172968
-0.0109088
-0.00190358
0.0104291
0.0226378
0.0291634
0.027665
0.0272458
0.024528
0.015094
0.0121936
0.0193773
0.0248717
0.0291477
0.0344422
0.0351949
0.0281401
0.0224601
0.0173515
0.011978
0.00633379
0.00141563
-0.00429861
-0.0037468
0.00608339
0.015139
0.0224163
0.031139
0.0331949
0.0251277
0.0181793
0.0128288
0.00618675
0.00473894
0.0114469
0.0171803
0.0215907
0.0271907
0.0269015
0.0172621
0.0086241
0.0059597
0.0109836
0.0147544
0.0194745
0.0267618
0.0339582
0.0403477
0.047439
0.0538237
0.0608857
0.0620251
0.0548635
0.0442801
0.0284249
0.0121897
0.00297367
0.00324337
0.00229478
3.54967E-4
-9.7779E-4
-0.00213995
-0.00366731
-0.00481607
-0.00635204
-0.00744594
-0.0131055
-0.0259704
-0.0380385
-0.0489002
-0.060581
-0.0691943
-0.0728114
-0.0770046
-0.0818162
-0.0860928
-0.0905139
-0.0906761
-0.0834025
-0.0772589
-0.0717493
-0.0659302
-0.0599352
-0.0542739
-0.051693
-0.0565678
-0.0528675
-0.0375496
-0.0200281
8.59087E-4
0.0232484
0.0342973
0.0309516
0.0185849
-0.00935166
-0.0363719
-0.0606467
-0.0862063
-0.103608
-0.106193
-0.111182
-0.111663
-0.101449
-0.0925869
-0.0807049
-0.0592124
-0.0396269
-0.018096
0.00821699
0.0343928
0.0586887
0.0845537
0.0973882
0.090449
0.0793952
0.0601803
0.0408067
0.0227496
0.0078747
-0.00203533
-0.0118938
-0.0227872
-0.0342427
-0.0495767
-0.0558732
-0.0495633
-0.0348347
-0.00540764
0.0231902
0.0496331
0.0785498
0.0976475
0.0997887
0.104526
0.108053
0.106112
0.104435
0.104148
0.102704
0.102034
0.0955667
0.0803543
0.0659424
0.053284
0.0393624
0.0335483
0.0412368
0.0468618
0.0515617
0.0491069
0.0339144
0.0134356
-0.0160017
-0.0451484
-0.0683311
-0.0836809
-0.100602
-0.112491
-0.11616
-0.120062
-0.125892
-0.126761
-0.123288
-0.109558
-0.0790181
-0.0466307
-0.00988658
0.0210745
0.0419677
0.0558119
0.0572398
0.0594162
0.062639
0.0646016
0.0661033
0.0685674
0.0645637
0.0507588
0.0381941
0.0268384
0.0201684
0.0235271
0.0253961
0.0298035
0.0402919
0.0504813
0.0572999
0.0615735
0.0657418
0.0706953
0.0742285
0.0776723
0.0744264
0.0609272
0.048271
0.0397144
0.0339916
0.0282147
0.0204215
0.0102544
3.60732E-4
-0.00763589
-0.012904
-0.0188097
-0.0165484
4.52063E-4
0.015328
0.0277406
0.0388018
0.0508775
0.0546508
0.0472161
0.0358387
0.0189121
0.00114678
-0.00891725
-0.00991677
-0.0115648
-0.0148818
-0.016595
-0.0264989
-0.0490214
-0.0701872
-0.0890003
-0.109654
-0.11924
-0.111297
-0.105433
-0.101903
-0.0965866
-0.0961439
-0.103672
-0.110095
-0.115363
-0.121585
-0.122167
-0.113165
-0.105502
-0.101233
-0.100907
-0.0955614
-0.0830177
-0.0714431
-0.0609934
-0.049828
-0.0389362
-0.0297425
-0.023778
-0.0171024
-0.0134546
-0.0147575
-0.0157041
-0.0155592
-0.0165259
-0.0113782
0.00334426
0.0169065
0.0302544
0.0473444
0.0543114
0.0447515
0.0377705
0.0314626
0.0225528
0.0136074
0.00942079
0.0111738
0.012447
0.0127654
0.0137859
0.0145414
0.0153773
0.0160752
0.0169742
0.0176109
0.0185218
0.0191035
0.0200717
0.0187828
0.0145491
0.0104145
0.00709465
0.00317903
-3.01612E-4
-0.00424329
-0.00743524
-0.0116619
-0.00533037
0.017249
0.038147
0.0562495
0.0762724
0.0893542
0.0918711
0.0954604
0.100683
0.098151
0.0845499
0.072592
0.0618958
0.0505573
0.0390735
0.0317296
0.0303286
0.0282848
0.0255594
0.0244525
0.0252168
0.0254201
0.0258285
0.026
0.0280876
0.0323703
0.0369693
0.034637
0.0223298
0.011176
0.00145637
-0.00913307
-0.0196025
-0.0302645
-0.0406874
-0.0512428
-0.0613399
-0.0718504
-0.0815321
-0.0922304
-0.0902475
-0.0682606
-0.0485982
-0.0311736
-0.0106524
0.00606796
0.0171356
0.0286858
0.0449284
0.0671797
0.0886721
0.108897
0.130058
0.141886
0.138053
0.136522
0.133139
0.122911
0.113341
0.105324
0.090023
0.0637633
0.0393788
0.0159659
-0.00779353
-0.0320531
-0.0494354
-0.0582064
-0.0598622
-0.0506554
-0.0370398
-0.0172596
0.00253495
0.0207991
0.0399337
0.0514406
0.0509308
0.0457123
0.0312681
0.017476
0.00266706
-0.0166544
-0.0353061
-0.0533934
-0.064399
-0.0626939
-0.062531
-0.0637589
-0.0609451
-0.0523791
-0.0452782
-0.0379942
-0.0351791
-0.039141
-0.0426818
-0.043711
-0.0430857
-0.0476103
-0.0618061
-0.0739037
-0.0858917
-0.0886897
-0.0765146
-0.0597812
-0.035223
-0.0108918
0.0123631
0.0264702
0.0244418
0.0243969
0.0259849
0.0274759
0.0298226
0.0331848
0.030148
0.0189813
0.00296542
-0.0208791
-0.0445536
-0.0663023
-0.0891687
-0.102982
-0.101875
-0.102678
-0.10311
-0.0990744
-0.0954122
-0.0926943
-0.0891751
-0.0861988
-0.0783631
-0.0622454
-0.0473074
-0.0333534
-0.0191247
-0.00458782
0.00267845
-0.00144713
-0.00418907
-0.00562813
-0.00759301
-0.00911676
-0.0103348
-0.0119096
-0.0131889
-0.0147229
-0.0142933
-0.0110782
-0.0080216
-0.00562146
-0.0026603
-0.00362998
-0.0106816
-0.0170927
-0.0225141
-0.0286334
-0.0334216
-0.0365908
-0.0396752
-0.0455723
-0.05496
-0.064246
-0.0683376
-0.0650332
-0.0625809
-0.0610323
-0.0588722
-0.0568509
-0.0548493
-0.0530434
-0.0462153
-0.0308976
-0.0169042
-0.00368821
0.00982891
0.0236475
0.0315428
0.030606
0.0306494
0.0317278
0.0320992
0.0325353
0.0357711
0.0441164
0.044794
0.0331015
0.0234491
0.014873
0.00591121
-0.0036415
-0.00428395
0.00854089
0.019929
0.0292502
0.040059
0.0458993
0.0438446
0.0426254
0.0448786
0.0503909
0.0554794
0.0611763
0.0693854
0.0698406
0.0578243
0.0474019
0.0415669
0.0403609
0.0383694
0.0363405
0.0336429
0.030414
0.0268569
0.0240402
0.0204294
0.0204044
0.0248496
0.0294774
0.0264673
0.0139314
-0.0011121
-0.0203764
-0.0401672
-0.0511625
-0.0492013
-0.049416
-0.0454498
-0.0317666
-0.0190869
-0.00816516
0.00400133
0.0152881
0.0323553
0.0588047
0.0841359
0.102064
0.110093
0.119664
0.124491
0.120393
0.109875
0.0882537
0.0676059
0.0476876
0.0263049
0.00445841
-0.00669193
-0.0015688
0.00155293
0.00531185
0.0149826
0.0237961
0.0319438
0.0358675
0.0319168
0.0287556
0.0266328
0.0239444
0.021291
0.0170903
0.00938878
0.00254283
-0.00438165
-0.00568827
0.00266546
0.00991415
0.0159044
0.0211961
0.0241205
0.0269605
0.0304318
0.0318909
0.0306699
0.0295804
0.0292319
0.0229315
0.00736365
-0.00686969
-0.0199932
-0.033742
-0.0466912
-0.0582327
-0.0699337
-0.0817349
-0.0898107
-0.0912597
-0.0939617
-0.0926207
-0.0832302
-0.0749647
-0.0644028
-0.0473841
-0.0313191
-0.020338
-0.0169696
-0.0119469
-0.0132678
-0.0251254
-0.0403391
-0.0604799
-0.0813677
-0.0924502
-0.0897877
-0.089044
-0.0864557
-0.0772376
-0.0689532
-0.0614658
-0.0536522
-0.0419304
-0.0237099
-0.00287999
0.0231218
0.048243
0.0731497
0.0943705
0.11132
0.118503
0.110761
0.0990634
0.0809281
0.0626032
0.0481857
0.0386026
0.0279001
0.0211926
0.0210869
0.0204425
0.018723
0.0179196
0.0166867
0.0156365
0.0144031
0.0140162
0.0138994
0.01437
0.00819211
-0.00813884
-0.0231618
-0.0398225
-0.0626811
-0.0842568
-0.10533
-0.121478
-0.129043
-0.137306
-0.143528
-0.142933
-0.143723
-0.136618
-0.114978
-0.0952153
-0.0753534
-0.050468
-0.0266287
-0.00340797
0.0196266
0.0431345
0.0577993
0.0588937
0.0612219
0.065692
0.0630617
0.0508182
0.0402006
0.0304937
0.0203171
0.00931033
-0.00260998
-0.0145613
-0.0260107
-0.0377463
-0.0466595
-0.0507382
-0.0556859
-0.0542554
-0.0403569
-0.028458
-0.014798
0.00463827
0.023721
0.0359324
0.0392787
0.0435512
0.0475432
0.0482356
0.0528927
0.0660726
0.0763993
0.0785935
0.0820609
0.0835492
0.0796205
0.0764636
0.0739676
0.0710023
0.0681193
0.0654862
0.0606203
0.0524433
0.0446049
0.0383832
0.0338336
0.0290645
0.0242614
0.0195128
0.0149244
0.00934396
0.00241157
-0.004245
-0.0107931
-0.0172849
-0.0238995
-0.0254266
-0.018441
-0.0127858
-0.0058639
0.00484428
0.0154268
0.0196985
0.0150535
0.0117437
0.00636098
-0.00467888
-0.0151355
-0.0218571
-0.0242994
-0.0272788
-0.0306715
-0.0336841
-0.0366642
-0.0397031
-0.0427322
-0.0431865
-0.039163
-0.0357616
-0.0328755
-0.027566
-0.0182223
-0.00975882
-0.00147513
0.00669468
0.0151458
0.0229942
0.0313614
0.0390041
0.0474717
0.049616
0.0435294
0.0328172
0.015555
-0.00219651
-0.0110428
-0.00890604
-0.00405887
0.00620832
0.0163914
0.0258595
0.031541
0.0303725
0.0299909
0.0302856
0.0303217
0.0299413
0.0303956
0.0242148
0.00820305
-0.00696779
-0.0200813
-0.0349382
-0.0392659
-0.0275357
-0.0134429
0.00549183
0.0248789
0.042971
0.0613931
0.0763665
0.0854186
0.0949602
0.10544
0.108001
0.0978739
0.0897808
0.0802853
0.0657146
0.0516701
0.0387291
0.0251371
0.011899
-0.00109872
-0.0142361
-0.0212452
-0.0174193
-0.0154602
-0.010514
9.59701E-4
0.0121557
0.0147971
0.00609032
-0.00113717
-0.00884108
-0.0204428
-0.0317654
-0.0358584
-0.0292461
-0.0242142
-0.0200494
-0.0181283
-0.0203193
-0.0227348
-0.0203249
-0.0123744
-0.0048407
0.00148581
0.00881631
0.010299
0.00248608
-0.00415997
-0.00962072
-0.0157598
-0.0218128
-0.0275984
-0.0355744
-0.0474411
-0.0584225
-0.0692999
-0.0743516
-0.0694671
-0.0656613
-0.0631795
-0.0583988
-0.05098
-0.0443306
-0.0376309
-0.0312153
-0.0212213
-0.00585782
0.00903738
0.0227548
0.0372191
0.0464083
0.0470883
0.0488445
0.0515472
0.053011
0.0536696
0.0546311
0.0554997
0.0563873
0.0572435
0.0581859
0.0588981
0.0598849
0.0584356
0.0533253
0.0485869
0.0443999
0.0389789
0.0319367
0.0252392
0.0186749
0.012069
0.00554438
-7.90774E-4
-0.0073944
-0.014081
-0.0209604
-0.0246892
-0.0236571
-0.0231575
-0.0232676
-0.0229411
-0.0227036
-0.0225042
-0.0223175
-0.022026
-0.0219344
-0.0198252
-0.0146422
-0.00959829
-0.00801713
-0.0112125
-0.0137047
-0.0158086
-0.016886
-0.0159386
-0.0150738
-0.0146625
-0.0134491
-0.0112683
-0.00931488
-0.00748445
-0.00558159
-0.00365842
-0.00176301
8.46293E-5
0.00186452
0.0037064
0.00547332
0.00769416
0.0102458
0.0129412
0.0153006
0.0180501
0.0156961
0.00539504
-0.00418905
-0.00860825
-0.00698378
-0.00615221
-0.00592013
-0.00537259
-0.00481454
-0.00466623
-0.00444654
-0.00163324
0.00623156
0.0129674
0.0197284
0.0215867
0.0154291
0.00986238
0.00590059
-0.00226398
-0.0153338
-0.027777
-0.0392067
-0.0515163
-0.0568646
-0.0511294
-0.0467216
-0.0437617
-0.0376479
-0.0276617
-0.0186221
-0.00976687
-0.00106715
0.0092089
0.0211456
0.0332553
0.0410635
0.0432877
0.0457702
0.0494782
0.0458787
0.0312447
0.0181201
0.00609124
-0.00681387
-0.0199228
-0.0259321
-0.0208085
-0.0172594
-0.0115882
1.17053E-4
0.0112617
0.021164
0.0319933
0.0381279
0.0369934
0.0365894
0.0372882
0.0370382
0.0373564
0.0320749
0.0176137
0.00422128
-0.00768708
-0.0206643
-0.0270832
-0.0225282
-0.0196028
-0.0158603
-0.00817567
-9.50342E-4
0.00558006
0.0125696
0.019338
0.0260275
0.0326952
0.0392074
0.0457567
0.0493181
0.0477161
0.0468282
0.0463793
0.0491982
0.0483407
0.0477407
0.0469807
0.046267
0.0454594
0.0447833
0.0440812
0.0432906
0.0426099
0.0384632
0.0281498
0.0188914
0.00896597
-0.00325158
-0.0152963
-0.0265436
-0.0383134
-0.0470566
-0.0515511
-0.0563182
-0.0617634
-0.0639588
-0.0617287
-0.060159
-0.0590209
-0.0576577
-0.0520378
-0.0390806
-0.0272556
-0.0149335
-1.1215E-4
0.0146006
0.0247253
0.0286863
0.0334012
0.0368727
0.0364223
0.0365586
0.0370991
0.0373468
0.037466
0.0390239
0.042193
0.0454576
0.0453968
0.0406286
0.0364247
0.0328914
0.0290298
0.0251735
0.0214646
0.0177276
0.014076
0.0104298
0.00689119
0.00333801
2.9994E-5
-0.00360049
-0.00279233
0.00536755
0.0124187
0.0187355
0.0227809
0.0223414
0.0222498
0.0227995
0.0229396
0.0230967
0.0233611
0.0234703
0.02363
0.0237027
0.0250352
0.0283416
0.0313235
0.0339543
0.036845
0.0395254
0.0423282
0.0402906
0.0301003
0.0212122
0.01049
-0.00553602
-0.020579
-0.0348808
-0.0433301
-0.0409909
-0.0402254
-0.0366245
-0.0259229
-0.0159462
-0.00744504
0.00202607
0.00886743
0.012184
0.0156386
0.01996
0.0182926
0.00786376
-0.00133265
-0.00932179
-0.0186756
-0.0292886
-0.0391762
-0.0491762
-0.0549357
-0.053969
-0.0537576
-0.0544465
-0.0529952
-0.0489629
-0.0455011
-0.0422471
-0.0391342
-0.0361839
-0.0335099
-0.0305968
-0.0279566
-0.0238557
-0.0175685
-0.0114723
-0.00601094
-1.70718E-4
0.0032471
0.00323052
0.00356339
0.0043515
0.00471651
0.00534148
0.00569011
0.00858931
0.0151867
0.0215528
0.0224064
0.0155331
0.0098061
0.00488663
-2.67833E-4
-0.00566837
-0.00653311
-7.89585E-4
0.00426603
0.00821384
0.0127787
0.0160043
0.0173061
0.0186771
0.0216654
0.0264072
0.0311021
0.0306967
0.0223083
0.0152193
0.00539721
-0.0110868
-0.0263137
-0.0405389
-0.0510056
-0.0544149
-0.0583436
-0.0631806
-0.0645223
-0.0607441
-0.0581468
-0.0532588
-0.0439776
-0.0352041
-0.0274405
-0.0192244
-0.011577
-0.00375553
1.37192E-4
-0.00183377
-0.00328633
-0.00381554
-0.00597426
-0.00974714
-0.0131969
-0.0163365
-0.0195749
-0.022598
-0.0256556
-0.0285506
-0.0314572
-0.0341528
-0.0368924
-0.0393367
-0.041999
-0.0442381
-0.0468879
-0.0440692
-0.0328296
-0.0227157
-0.0139878
-0.00441791
0.00523103
0.0146481
0.0211281
0.02291
0.025297
0.0257053
0.0216815
0.0184133
0.0145349
0.00847371
0.00269229
-8.69266E-5
0.00104377
0.00170962
0.00191279
0.00247659
0.00313862
0.0036726
0.00424373
0.00477571
0.00527621
0.00574583
0.00626727
0.00666375
0.00713963
0.00751663
0.00802101
0.00602517
-1.38913E-4
-0.00559181
-0.0104426
-0.0153166
-0.0202527
-0.0225927
-0.0213607
-0.0203781
-0.0212395
-0.0239278
-0.0263766
-0.0284046
-0.0306283
-0.0306728
-0.0271822
-0.0242239
-0.0217288
-0.0190482
-0.0164374
-0.0138839
-0.0110882
-0.00847019
-0.00589755
-0.00346013
-8.4039E-4
0.00189898
0.00460195
0.0063902
0.00692016
0.00750014
0.0082338
0.00882669
0.00946407
0.00998357
0.0113854
0.0142328
0.016767
0.0190283
0.0213325
0.0234797
0.0255144
0.0274878
0.0293186
0.0310583
0.0327393
0.0342567
0.0357814
0.0351703
0.0309748
0.0275192
0.0219955
0.0122444
0.00338464
-0.00457234
-0.0116654
-0.0166088
-0.0216728
-0.0233769
-0.019301
-0.0160825
-0.013343
-0.00987095
-0.00652308
-0.00476361
-0.00493965
-0.00491881
-0.004627
-0.00455912
-0.00444346
-0.0043108
-0.00416389
-0.00408234
-0.00395401
-0.00387114
-0.00370716
-0.00368216
-0.00267145
-2.23592E-4
0.00199577
0.00379081
0.0057584
0.00555684
0.0019719
-9.95592E-4
-0.0038397
-0.00735669
-0.0106481
-0.0126606
-0.0130761
-0.0136618
-0.0136624
-0.0123455
-0.0112466
-0.0103418
-0.00938911
-0.0084679
-0.00761873
-0.00677915
-0.00600469
-0.00523927
-0.00517399
-0.00622476
-0.00702479
-0.00772068
-0.00725555
-0.00487859
-0.00282843
-0.00114814
8.16359E-4
0.00308079
0.00508382
0.00694293
0.00866118
0.010124
0.0111198
0.0121699
0.0118569
0.00946498
0.00745542
0.0054569
0.00278457
3.9747E-4
-0.00172737
-0.00376077
-0.00566928
-0.00687729
-0.00711579
-0.00744591
-0.00748034
-0.00686476
-0.00634574
-0.00594537
-0.0054925
-0.0050778
-0.00441759
-0.00330099
-0.00235184
-0.00149148
-0.00113653
-0.00157584
-0.00189677
-0.00209379
-0.00232049
-0.00253472
-0.00242136
-0.00185054
-0.00136961
-9.82648E-4
-5.93756E-4
-2.4034E-4
2.01052E-4
8.49507E-4
0.00138508
0.00187203
0.00197811
0.00151325
0.00114954
7.30346E-4
3.37398E-5
-5.58387E-4
-0.00105999
-0.00152236
-0.00193941
-0.00228796
-0.00260945
-0.00286353
-0.00310899
-0.00295364
-0.00224461
-0.0016595
-0.00119217
-7.1878E-4
-2.97933E-4
5.43413E-5
3.38141E-4
5.97463E-4
8.23341E-4
0.00102944
0.0010811
9.22821E-4
8.00692E-4
7.14573E-4
6.15259E-4
5.15149E-4
4.32632E-4
3.58776E-4
2.95237E-4
2.42871E-4
2.0115E-4
1.65461E-4
1.40302E-4
1.20421E-4
1.73406E-4
3.33523E-4
4.59289E-4
5.9564E-4
7.74855E-4
9.26119E-4
0.00100407
0.00101191
0.0010215
0.00103376
0.00103508
0.00102337
9.8948E-4
9.63163E-4
8.90438E-4
7.49215E-4
6.39458E-4
5.61268E-4
4.95112E-4
4.46562E-4
4.12363E-4
4.07817E-4
4.39064E-4
4.70342E-4
5.01712E-4
5.38563E-4
5.77792E-4
6.19059E-4
6.62481E-4
7.08061E-4
7.54238E-4
8.12852E-4
8.87568E-4
9.54328E-4
0.00101446
0.001072
0.00112544
0.00117435
0.00122125
0.00126144
0.00129426
0.00132821
0.00136311
0.00139741
0.0014318
0.00146626
0.00150101
0.00153618
0.00157063
0.00160447
0.00163787
0.00167078
0.00170312
0.00173501
0.00176641
0.00179738
0.00182787
0.00185791
0.00188757
0.0019169
0.00194569
0.001974
0.00200186
0.00202929
0.00205629
0.00208289
0.00210909
0.00213492
0.00216036
0.00218544
0.00221012
0.00223443
0.00225842
0.00228208
0.00230537
0.0023283
0.00235082
0.00237295
0.00239471
0.00241608
0.00243708
0.00245769
0.00247792
