-5.482378E-4
2.3522239999999997E-4
0.001123742
5.179622E-4
0.0011606619999999998
0.002018581
0.0020727399999999996
0.0017086979999999998
0.001317117
0.0016976749999999998
0.001074552
0.0019324699999999997
0.0018040469999999998
0.002468164
0.0019490809999999999
0.0011913169999999997
0.0019778329999999996
0.001124189
0.0019382449999999997
0.0016823199999999997
0.0014957549999999999
0.0014754499999999997
-7.888553999999999E-4
-9.774612E-4
-0.001155867
-0.0017188129999999998
-0.0019574
-0.002610107
-0.0024947539999999996
-0.001572581
-4.3824889999999995E-4
1.8914319999999997E-4
9.029501E-5
-1.431934E-4
-4.2462209999999997E-4
-3.6741099999999994E-4
-0.0013536599999999998
-8.598896999999999E-4
-4.5995939999999994E-4
-0.0012187489999999999
-2.1089969999999998E-4
0.00108663
0.0023586589999999995
0.0027983679999999994
0.0024536969999999995
9.482651E-4
7.861732999999999E-4
2.211812E-4
6.874089E-4
0.001098556
0.002035003
4.132904E-4
-0.0014073229999999998
-0.003729776
-0.00501897
-0.002674924
-7.245988999999999E-4
-0.0019158729999999998
-0.003105108
-0.001949363
1.728115E-5
0.0031722249999999994
0.00456053
0.0026032329999999995
-1.323228E-4
2.155805E-4
-0.001031796
-0.0010429329999999998
0.001670349
0.002936252
0.005217054
0.004557196
0.0014676969999999998
0.0020124589999999994
0.0027867199999999995
7.417007999999999E-4
-1.9457849999999997E-4
1.1864189999999999E-4
-0.0023721179999999994
-0.0030778779999999996
-0.0030043579999999995
-0.004931059
-0.005164558999999999
-0.00323974
-0.004058721999999999
-0.005672282999999999
-0.004006545
-4.436069E-4
0.002158491
0.003320348
0.005603186
0.005341123
0.0035980199999999995
0.003587896
0.001971273
-4.213118999999999E-5
0.001170725
9.26604E-5
-0.001054764
0.0019430909999999999
0.002595966
0.004097480999999999
0.004822775
0.0026410699999999997
0.001293724
6.469749E-5
-4.1666889999999996E-4
-0.0027850349999999995
-0.004540382
-0.006242688999999999
-0.006237517
-0.0030519839999999998
-0.003061092
-0.00134028
-4.232283E-4
-0.001065757
-0.005186485
-0.007489573999999999
-0.006099242999999999
-0.004293772999999999
-8.746622999999999E-4
-5.145321E-4
-0.004293562
-0.005350211999999999
-0.0014231429999999998
6.036666E-4
0.0010902759999999998
0.0024836649999999995
0.0021767129999999994
0.001813662
0.00156893
0.001227298
7.551057999999999E-4
6.990732999999999E-4
4.2680069999999993E-4
-0.001128632
-0.0012917649999999998
-0.0010999379999999997
3.444481E-4
-0.002475786
-0.005619358999999999
-0.002092134
0.002293932
0.004131016999999999
0.007965261999999999
0.009234208999999998
0.0072330319999999995
0.005952997
0.0045913609999999995
7.001255999999999E-4
-0.0034206099999999997
-0.005908325999999999
-0.01348482
-0.0179085
-0.0143313
-0.01007069
-0.005129750999999999
-0.001697388
0.002310254
0.006361754999999999
0.008798599
0.011350699999999998
0.009091461999999998
0.0100901
0.010174819999999998
0.0035969039999999997
-0.004738475
-0.012008969999999999
-0.01691613
-0.01549011
-0.013194029999999999
-0.012900209999999999
-0.007309534999999999
0.0015196439999999997
0.006064822999999999
0.010426399999999999
0.01268882
0.009224959
0.0101114
0.008725274999999998
0.008056214
0.0063518509999999995
0.004182369
0.0024576059999999998
0.0017987429999999998
0.005252519999999999
0.006153237
0.003127973
0.0016724899999999998
0.0033382059999999994
0.0029924819999999994
0.002343818
-0.0026602469999999997
-0.007939711
-0.004902095999999999
0.002127799
0.002436914
-3.425316E-4
-0.004032837
-0.009429602999999998
-0.007813869
-0.004088774999999999
-0.003862281
-0.006274528
-0.005871574
-0.007964561
-0.01203533
-0.007595214999999999
0.0017816969999999998
0.0068817489999999995
0.009554201999999998
0.011730929999999999
0.01360575
0.016189459999999996
0.013964889999999999
0.008986321
0.006215030999999999
0.004401522
0.002473773
0.003119483
0.002912474
-0.0010522159999999997
-0.001982406
-0.0028065159999999994
-0.005426846
-0.001723177
0.004186752
0.008844121
0.0013277909999999998
-0.00556226
-7.233319E-4
0.004965256
0.003968765
-2.6826699999999993E-4
-0.005432477999999999
-0.009588932
-0.004927484
-0.005594515999999999
-0.008442308999999999
-0.006282921999999999
-0.004378534999999999
-0.0038837879999999996
-0.0023578219999999994
3.472646E-4
0.004332450999999999
0.010263799999999998
0.010560659999999998
0.004186728
-4.1240589999999995E-4
9.299594999999999E-4
0.003295385
-0.00124765
-0.005248044
-0.002266541
-0.001199576
3.019082999999999E-4
0.0022124119999999995
0.001944197
0.00130878
-0.0027987159999999997
-9.698121999999999E-4
0.006774071
0.010747009999999998
0.011898639999999999
0.00768302
0.0013692629999999997
-0.0044824339999999996
-0.009544650999999998
-0.009525229
-0.004536367
-0.004952485
-0.008417384
-0.006810842
-0.008894659999999999
-0.010911159999999998
-0.009238319
-0.009186257
-0.002818356
0.0035832049999999995
0.006738105
0.008851586
0.0037506059999999996
-0.002768174
-0.005306913999999999
-0.005622054
-0.004152194999999999
9.866046999999999E-4
2.032841E-4
-1.087968E-4
-0.0032248579999999997
-0.004533478999999999
6.165982E-5
-8.675216E-4
-0.001586583
-0.005682865
-0.009719987
-0.01305127
-0.014087549999999999
-0.011810869999999998
-0.009738195999999998
-0.007154497999999999
-0.0024288009999999995
-3.4184419999999996E-4
-0.001768787
-0.00263983
-0.005875234
-0.007329717
-0.005095881
-0.001001565
0.002297151
0.005342907
0.007961283
0.008759979
0.005028853999999999
-0.001483811
-0.007857755
-0.01270884
-0.01117881
-0.008108571
-0.007579155999999999
-0.004160081
2.399275E-5
6.105268999999999E-4
0.0038409009999999994
0.006400115
0.006127808999999999
0.004409141999999999
0.0027669759999999996
8.338933E-5
-0.004027177
-0.005794803999999999
-0.006399631
-0.003371218
-8.823858E-4
-9.904732E-4
-4.590208E-4
5.916115E-4
-0.0028324959999999995
-0.003645404
-0.004681692
-0.009126819999999999
-0.008834049999999998
-0.008562698
-0.010884189999999998
-0.006119735
0.001365056
0.003811047
0.007890058
0.01338483
0.01429776
0.01216191
0.008688839999999998
3.442503E-4
-0.00218124
-0.00125607
-0.00304512
0.00109917
0.0076363789999999996
0.013721729999999998
0.016641
0.013850309999999998
0.006982675999999999
2.649852E-4
-0.006215045999999999
-0.01285012
-0.015081849999999999
-0.0118423
-0.004990932
-8.201238E-4
0.001795184
0.005871131999999999
0.01063252
0.011886129999999998
0.01153833
0.005890622999999999
0.00243387
0.004840077
0.004412724
0.004676930999999999
0.003342798
7.785449E-4
-0.0024487079999999995
-0.004705941999999999
-0.003968456
-0.001348049
0.0015069569999999997
0.004168163
0.004393609
0.0076892539999999995
0.015251559999999999
0.02303418
0.030923909999999995
0.03620856
0.03752336
0.03361373
0.028657569999999997
0.024875439999999995
0.024659219999999996
0.027723329999999997
0.027416329999999996
0.023617869999999996
0.01642792
0.004213443
-0.01421691
-0.03135697
-0.04481787999999999
-0.05455987999999999
-0.056121479999999994
-0.041795549999999994
-0.008070251
0.02940967
0.05273708999999999
0.06043812
0.06600223999999999
0.07004349999999998
0.07180303
0.06691418999999998
0.04878676999999999
0.01553378
-0.026583019999999995
-0.060687719999999994
-0.08557366
-0.10608579999999998
-0.1179107
-0.1205535
-0.1163347
-0.1042538
-0.08211471
-0.0451254
0.002792176
0.050645499999999996
0.0776694
0.07325384
0.038437179999999994
-0.00812376
-0.0426079
-0.06026101999999999
-0.06267942
-0.04484776
-0.01146518
0.015092579999999998
0.02851682
0.03372292
0.030705779999999995
0.020914819999999997
0.019806099999999997
0.029886779999999998
0.040457059999999996
0.05043982
0.049254599999999996
0.013766779999999998
-0.037090399999999996
-0.07342175999999999
-0.09091372999999998
-0.08515886999999998
-0.054833219999999995
-0.01099667
0.03246249
0.07148669
0.08689890999999998
0.06432734
0.029821779999999996
0.01314174
0.020100199999999995
0.03816747999999999
0.05533613
0.07033524999999999
0.07798323
0.08063525999999999
0.07545978
0.06084218
0.04871133999999999
0.04665504
0.05553924999999999
0.06899409
0.07622693999999999
0.07482851999999998
0.06134923999999999
0.042255879999999996
0.026638679999999998
0.02069821
0.02709669
0.03295557999999999
0.01840734
-0.0145621
-0.05878622
-0.1071332
-0.14169379999999998
-0.15403989999999998
-0.1307808
-0.08068146999999999
-0.03445199
-0.001666117
0.020350599999999996
0.036064729999999996
0.04972458999999999
0.0461444
0.023307639999999998
-0.009126306999999998
-0.04509658999999999
-0.07956950999999998
-0.10820909999999999
-0.12165569999999999
-0.1206734
-0.1093361
-0.06919501999999998
-0.01599283
0.010670999999999998
0.006130998999999999
-0.009855446999999998
-0.01585405
-0.02228718
-0.037521879999999994
-0.06244759999999999
-0.08219888
-0.07980492
-0.056879389999999995
-0.03211888
-0.01433822
0.0033659289999999997
0.01839768
0.025032789999999996
0.01913211
0.006307660999999999
-0.012923409999999998
-0.02456975
-0.01149742
0.02016645
0.04182921999999999
0.04404876
0.03483714999999999
0.0122309
-0.018224249999999997
-0.04447291
-0.061319219999999994
-0.06722398999999998
-0.05777266
-0.0321176
-0.002936413
0.021708839999999997
0.04646424999999999
0.06336566
0.06893079
0.07255382999999999
0.07862081
0.08384628999999999
0.0792767
0.06259869
0.04506999999999999
0.03334001
0.028638839999999995
0.03236389
0.03360728
0.03196917999999999
0.03297898999999999
0.03462017999999999
0.03632971
0.039379519999999994
0.04240383
0.03853294
0.026861089999999997
0.012639239999999998
7.623703999999999E-4
-0.01087786
-0.026777609999999997
-0.042284659999999995
-0.05583535
-0.06699719999999999
-0.07092724999999998
-0.06745719999999998
-0.054031949999999995
-0.03712951999999999
-0.02226301
-0.009753722
0.006276608
0.021939739999999996
0.031021829999999997
0.0322642
0.025451619999999998
0.015007849999999998
0.004545723
-0.005875606999999999
-0.019085619999999998
-0.029666069999999996
-0.033789919999999994
-0.022723929999999996
-8.490030999999999E-4
0.015264969999999997
0.02306185
0.024749959999999998
0.025038629999999996
0.020466999999999996
0.009197028999999999
-0.003613143
-0.01724849
-0.03133061
-0.043097319999999995
-0.04751696999999999
-0.04095631999999999
-0.029067189999999996
-0.022833969999999995
-0.0249168
-0.03168040999999999
-0.03678346
-0.03083787
-0.01014717
0.01578736
0.04147913
0.060417469999999994
0.06957504
0.07188943
0.06610296999999998
0.049879879999999994
0.026408669999999995
0.0016420579999999998
-0.01764511
-0.028336749999999997
-0.033613199999999996
-0.03227087
-0.021712849999999995
-0.0061231589999999995
0.006764547
0.01662999
0.020595759999999998
0.01510817
0.0033353339999999997
-0.006961558999999999
-0.010771249999999998
-0.011564809999999998
-0.012638859999999998
-0.01545609
-0.016915709999999997
-0.01730942
-0.015210249999999998
-0.0038821289999999994
0.008620017999999998
0.022231919999999995
0.039707589999999994
0.055114689999999994
0.0646058
0.06926312999999999
0.06623576999999999
0.057996219999999994
0.053196099999999996
0.05106227
0.05229137
0.04654367999999999
0.024619809999999995
-0.005894506999999999
-0.03343449999999999
-0.05459540999999999
-0.062305589999999994
-0.06209545999999999
-0.06022478
-0.05873964999999999
-0.054421989999999996
-0.04366301999999999
-0.03288366
-0.023462929999999996
-0.018176269999999998
-0.009204344
0.00678314
0.02243912
0.03500349
0.04417941
0.04657233999999999
0.03741376
0.018037849999999998
-0.0016899659999999998
-0.010437479999999999
-0.011285099999999998
-0.008657571999999999
-0.009460308
-0.01541506
-0.01852606
-0.02186043
-0.025025489999999997
-0.0226346
-0.014744899999999998
-0.007534516999999999
-0.005885173
-0.006011648
-0.009060424
-0.011594099999999998
-0.007381496
-1.384724E-4
0.0038201509999999995
-0.001438964
-0.008608540999999999
-0.014961099999999998
-0.01951641
-0.018150629999999997
-0.0195062
-0.020323219999999996
-0.01753046
-0.004364294
0.00966275
0.014344549999999998
0.01718526
0.01834806
0.01934256
0.01844191
0.016032669999999995
0.01933237
0.027661699999999997
0.03498632
0.03789332
0.03254853
0.02282691
0.010823549999999998
0.0012906359999999997
-0.0038236399999999997
-0.005284277
-0.0017132539999999998
-4.178514E-4
5.562515E-4
0.0020168939999999995
0.0018077969999999999
0.00229944
9.530430999999999E-4
-0.0023966339999999995
-0.006997850999999999
-0.011915269999999999
-0.009391785999999997
-0.002002903
0.004072219999999999
0.007614682
0.003969205
-0.0017570719999999997
-0.006503129999999999
-0.008838928
-0.009870144999999999
-0.013593139999999998
-0.0167735
-0.01889204
-0.02033635
-0.02030473
-0.01974781
-0.013223889999999999
-0.006934566
-0.0035879429999999997
0.005983738
0.014038679999999998
0.01561152
0.0164469
0.026452089999999998
0.03928879
0.04279963
0.03711211
0.02407753
0.008878517999999998
-0.0071416
-0.02127982
-0.03078214
-0.03615344999999999
-0.03723872999999999
-0.03597495
-0.03580665
-0.03285987
-0.019079669999999996
-0.001082784
0.008345077
0.0095701
0.01044628
0.009867941999999998
0.011349999999999999
0.01749653
0.021171589999999997
0.02092577
0.01444469
0.0023066919999999995
-0.01229155
-0.023628839999999998
-0.0304506
-0.028844099999999998
-0.009163201
0.010489139999999997
0.02002104
0.024954779999999996
0.021353159999999996
0.01184575
-0.007511811999999999
-0.030457729999999995
-0.050713909999999994
-0.06312832999999998
-0.06791926999999999
-0.06561915
-0.05248054
-0.03485188
-0.01854208
-0.005320841999999999
0.006192919
0.007252699999999999
8.828014E-4
-0.0017895979999999999
0.0017406229999999997
0.008051364
0.01390106
0.01165809
0.002801427
0.002111908
0.007166009
0.015226049999999998
0.016921289999999995
0.010653389999999999
0.01371951
0.022578209999999998
0.028165769999999996
0.03509361
0.03898491
0.03532107999999999
0.029042979999999996
0.02024242
0.015713619999999998
0.019530459999999996
0.020592279999999998
0.006748841
-0.007993216999999999
-0.006831437999999999
-0.009317177999999999
-0.020763619999999997
-0.027519079999999998
-0.02431831
-0.015522849999999998
-0.01014643
-0.003973393999999999
2.9938659999999994E-4
-0.0028932129999999995
-0.0058950719999999995
-0.007493412
-0.013743969999999998
-0.01587271
-0.01191817
-0.0034950099999999993
0.0055860499999999995
0.017876029999999998
0.03357485
0.042159169999999996
0.047421349999999994
0.04239274999999999
0.02926433
0.01628381
0.007400633
4.064934E-4
-0.01069723
-0.01910713
-0.025596359999999995
-0.0320601
-0.029203079999999996
-0.014105039999999998
-0.006966065
-5.992245E-4
0.008102396
0.007969796
0.014137739999999998
0.0232188
0.03335964
0.036321719999999995
0.035924939999999995
0.03558221999999999
0.033289259999999994
0.03307608
0.028838999999999997
0.018458459999999996
0.004282496999999999
-0.006785522
-0.01938864
-0.030609659999999997
-0.03591672
-0.03822191999999999
-0.03231714
-0.02232318
-0.018839879999999996
-0.02110734
-0.01759344
-0.003920342
0.009239697
0.01362978
0.009246838
0.004721096999999999
0.008604237
0.012315
0.0137277
0.014991479999999998
0.012830099999999999
0.005081156999999999
-0.007529102999999999
-0.0175506
-0.0236757
-0.025357679999999997
-0.02599008
-0.030185339999999998
-0.03738348
-0.04149714
-0.0404955
-0.03442445999999999
-0.030141479999999995
-0.027752639999999995
-0.0222783
-0.01822278
-0.01424172
-0.006278584999999999
0.001620295
0.005960394
0.01349513
0.021785689999999996
0.023186149999999996
0.022488469999999997
0.023072929999999995
0.019574329999999997
0.015391309999999998
0.014704849999999998
0.014675269999999999
0.01460999
0.01623791
0.021962149999999996
0.028689049999999997
0.03175109
0.03238247
0.030685189999999998
0.025317949999999995
0.018443149999999995
0.01854821
0.02532611
0.023657389999999997
0.01333193
0.002698429
-0.0030951709999999994
-0.0018915709999999999
0.003230868
0.0027688079999999998
-5.574123E-4
0.002500547
0.006881446999999999
0.008636867
0.012912709999999999
0.01822385
0.01716917
0.01020869
7.543053E-4
-0.006513195
-0.01050955
-0.012698479999999998
-0.01631846
-0.022079419999999995
-0.02361656
-0.02282912
-0.023478859999999997
-0.02197436
-0.022772
-0.024583519999999998
-0.0251894
-0.026551099999999998
-0.029307139999999995
-0.03250076
-0.03223964
-0.032734339999999994
-0.03515072
-0.03471212
-0.029532559999999996
-0.024481519999999996
-0.019924159999999996
-0.01647656
-0.01181618
-0.0055595029999999995
-0.001333643
0.0017967369999999999
0.0017977559999999997
-7.802407E-5
-0.0016121039999999998
5.186753E-4
0.0034848349999999995
0.005796154
0.01017705
0.01464975
0.018664469999999996
0.02522715
0.03458055
0.04070157
0.04191128999999999
0.03855651
0.03162051
0.025152689999999995
0.02114205
0.018633869999999997
0.015189329999999997
0.01060851
0.005936909999999999
0.005510548999999999
0.007138468999999999
0.01047999
0.013983689999999998
0.01409997
0.01582887
0.015922709999999996
0.01389291
0.009138688
0.0029197469999999994
-7.155334E-4
-0.005744133999999999
-0.011432669999999999
-0.01530051
-0.01851045
-0.01671525
-0.011024669999999999
-0.006694775
-0.005602355
-0.004181495999999999
-0.001979316
6.788034999999999E-4
0.005328983
0.010276999999999998
0.013254379999999998
0.0141734
0.01551674
0.016856
0.01616546
0.008308401999999998
2.3204129999999996E-4
-0.003968319
-0.006450998999999999
-0.01083904
-0.017958639999999998
-0.02233954
-0.022488459999999995
-0.01904188
-0.01391944
-0.01064014
-0.010828839999999998
-0.013132
-0.01446106
-0.01701514
-0.0205576
-0.01959676
-0.0161665
-0.01196104
-0.009623202999999999
-0.009991423
-0.009349843
-0.007624002999999999
-0.004417123
-2.0146309999999999E-4
0.004640476999999999
0.007608676
0.008623576999999999
0.01010972
0.0103178
0.010848199999999999
0.012876979999999998
0.011927359999999998
0.01002404
0.009790455
0.007963635
0.005000535
0.0016885949999999998
-0.0017641049999999998
-0.005066864999999999
-0.005666624999999999
-0.0033869249999999994
-9.878851E-4
0.002361795
0.0045507149999999994
0.002339355
-0.001387725
-0.006345945
-0.007792303999999999
-0.005887964999999999
-0.005010765
-0.0017906249999999997
-0.001079685
-0.001894665
-0.001987485
-0.0031370249999999994
-0.004246785
-0.006121545
-0.006179684999999999
-0.006782505
-0.005972624999999999
-0.004256985
3.3199449999999996E-4
0.004907714
0.007348573999999999
0.008691914999999998
0.01112563
0.01356037
0.012513849999999998
0.010222929999999998
0.005281035
0.002926875
0.0023077349999999996
0.003419535
0.004170255
0.004318155
1.565554E-4
-0.006119504
-0.01079722
-0.017306859999999997
-0.02388076
-0.024404019999999995
-0.020146539999999998
-0.012545499999999998
-0.005043403
-0.002176183
-1.127234E-4
-7.002431999999999E-4
-0.0031186629999999994
-0.005962422999999999
-0.006485683
-0.004590522
-0.0015580619999999998
5.298777999999999E-4
8.14458E-4
0.0017967179999999999
0.004429337999999999
0.006553997999999999
0.007724959
0.008064619
0.007648458999999999
0.005827758999999999
0.0014580799999999998
1.4779979999999998E-5
8.685201999999999E-4
-8.195796E-4
-0.0012551189999999999
3.91161E-4
0.001892601
0.004750641
0.007574002
0.009081561999999998
0.009609921999999998
0.009629302
0.010269859999999999
0.012304759999999998
0.01173866
0.009782304
0.008157443999999998
0.005370804
0.0034501449999999995
-2.463348E-4
-0.005681914
-0.009875134999999998
-0.013843949999999999
-0.01821261
-0.019163249999999996
-0.017805629999999996
-0.015224009999999998
-0.014208089999999998
-0.015338249999999998
-0.01552185
-0.014973089999999998
-0.01159077
-0.008384911
-0.004302868999999999
4.289108E-4
0.004132530999999999
0.005004631999999999
0.004534411999999999
0.0037561519999999996
0.004013192999999999
0.005501373
0.005130095
0.005552373999999999
0.004694555
0.005178035
0.005217816
0.007334315999999999
0.01128886
0.01431826
0.016618359999999995
0.01749454
0.01959778
0.01890928
0.01699372
0.017160999999999996
0.01706818
0.0185584
0.02026588
0.020362779999999997
0.0205117
0.018503319999999997
0.015549399999999998
0.015149559999999998
0.01481194
0.016746879999999995
0.017756689999999995
0.017029429999999998
0.012728089999999997
0.006955906999999999
0.0011561879999999998
-0.004989311
-0.00758317
-0.009233530999999998
-0.01108891
-0.01302487
-0.012306789999999998
-0.012744369999999998
-0.013015689999999998
-0.014984289999999999
-0.01661629
-0.018339059999999997
-0.01906428
-0.01742106
-0.017329259999999996
-0.0170661
-0.016654019999999995
-0.01533414
-0.013004459999999999
-0.01074312
-0.0106911
-0.010888979999999998
-0.008522578
-0.008087038
-0.007705556999999999
-0.004673096
-4.615156E-4
0.005011806
0.009906785
0.01348393
0.014530449999999999
0.014498829999999999
0.01712329
0.016143069999999995
0.012335409999999998
0.011665269999999998
0.011771349999999998
0.010745229999999998
0.008197272999999998
0.004839433
0.0013846939999999997
-0.0017732249999999998
-0.005011724
-0.006519284
-0.008656184
-0.010970559999999999
-0.014798619999999998
-0.01870726
-0.02128174
-0.023462499999999997
-0.0262216
-0.02887972
-0.02831158
-0.026833599999999996
-0.02467936
-0.021579569999999996
-0.01964157
-0.01818501
-0.016345949999999998
-0.01671417
-0.01668765
-0.01656729
-0.01847163
-0.019407989999999996
-0.01731495
-0.013765349999999999
-0.011388749999999998
-0.008920346
-0.005468665
-0.0031604049999999994
-0.001608984
4.2387659999999994E-4
0.002249677
0.004938398
0.007680158999999999
0.009416199
0.010072059999999999
0.011195079999999998
0.015206739999999998
0.018390159999999996
0.022460979999999995
0.02615644
0.02969584
0.03461938
0.03697660999999999
0.038868709999999994
0.04072102999999999
0.04102499
0.04101070999999999
0.03927160999999999
0.035633269999999995
0.03332296999999999
0.03150737
0.03025175
0.030462889999999996
0.029928409999999996
0.028902289999999997
0.025670939999999996
0.022017299999999997
0.017859779999999995
0.01456416
0.01109922
0.009620218999999998
0.009892561
0.009176521
0.007563901999999999
0.007015140999999999
0.007082463
0.007822984
0.005857445
0.004377424999999999
0.0037225859999999995
0.0016938069999999999
0.001690748
-0.001582432
-0.005204450999999999
-0.009353810999999998
-0.014277349999999998
-0.019041769999999996
-0.02237921
-0.025014889999999998
-0.02712017
-0.029300929999999996
-0.029587539999999996
-0.029620179999999996
-0.02940904
-0.0311512
-0.03230074
-0.029673219999999997
-0.026790699999999997
-0.022599519999999998
-0.019472199999999995
-0.01533916
-0.012184299999999999
-0.009885218
-0.007604497
-0.006732397
-0.004834176
-0.004199736
-0.004561835
-0.0032480749999999996
-0.002045494
-1.773348E-5
0.001468407
0.001203208
0.001853968
8.732883999999999E-5
-0.0024443109999999994
-0.005500229999999999
-0.008674468999999999
-0.010821569999999999
-0.014863829999999998
-0.01832979
-0.02038101
-0.021108269999999995
-0.01801155
-0.01329711
-0.008476586
-0.003345985
-0.0016864439999999998
5.952961E-4
5.9796599999999996E-5
-0.0021984829999999998
-0.005762361999999999
-0.007778902
-0.008791761
-0.010040239999999999
-0.00982094
-0.01140602
-0.0130064
-0.01529324
-0.01555742
-0.013952959999999999
-0.009724039999999998
-0.003628518
0.004515161999999999
0.011430759999999998
0.01780168
0.02108812
0.0200416
0.0172876
0.01164088
0.005802403999999999
-0.0014385749999999999
-0.006843554999999999
-0.007560614
-0.007411693999999999
-0.008488815
-0.009023294
-0.006751753
-0.0031399329999999997
0.002107967
0.008737968
0.01335449
0.01647161
0.017790469999999996
0.01798529
0.01760687
0.01809851
0.01733963
0.015350629999999999
0.01328309
0.01246913
0.01186121
0.009400968
0.009968088999999998
0.009368327999999999
0.009579468
0.011601109999999998
0.012873049999999999
0.014684569999999997
0.01536083
0.01331675
0.009005208
0.004668168
9.757679999999999E-4
-0.0011927519999999998
-0.0035693519999999996
-0.005312531999999999
-0.008389871999999998
-0.01155391
-0.01391623
-0.01575733
-0.015363609999999998
-0.01567675
-0.014634309999999998
-0.013525569999999999
-0.01161511
-0.009781154
-0.010177929999999998
-0.01150801
-0.012310759999999999
-0.009399676
-0.007500435999999999
-0.007505535999999999
-0.005222777
-0.003069557
-1.1155779999999999E-4
0.004249962
0.007734280999999999
0.01052194
0.01264048
0.013925679999999998
0.012081519999999998
0.008859338
0.004827278
9.339375E-4
-0.002911463
-0.006795623999999999
-0.007813584
-0.007382124999999999
-0.004320086
8.604935999999999E-4
0.005993133999999999
0.009548852
0.013403429999999997
0.01469475
0.015881009999999997
0.01624005
0.013168829999999998
0.01233855
0.01197951
0.01394403
0.01473962
0.01453868
0.0146672
0.012908719999999999
0.01080446
0.00781994
0.0034951379999999996
-6.256623999999998E-4
-0.0034235229999999995
-0.005568584
-0.008011487
-0.01114289
-0.013337929999999998
-0.017327149999999996
-0.017401609999999998
-0.01610519
-0.016187809999999997
-0.012689209999999998
-0.009524155999999999
-0.005403357
-0.0028921179999999995
-0.00280746
-0.002029201
-0.001757883
-1.7892409999999996E-4
-1.289456E-4
-1.411871E-4
-0.001723209
-0.00264427
-0.0036122519999999994
-0.006665112999999999
-0.008378716
-0.009731235999999999
-0.011139859999999998
-0.0112286
-0.011368339999999998
-0.0114377
-0.009690444999999999
-0.007861586999999998
-0.004791388999999999
-0.001938451
-2.2995289999999996E-4
-8.378747999999999E-4
-0.0027136569999999995
-0.0034837589999999995
-0.004007021
-0.005965422999999999
-0.004670025
-0.0035000869999999994
-0.0030757689999999995
-0.0035918909999999994
-0.002493353
-3.034157E-4
0.001704962
0.00474354
0.007936137
0.010461649999999998
0.011389849999999998
0.013161589999999999
0.01340129
0.014110179999999998
0.013513479999999998
0.01321258
0.01315546
0.01512915
0.01785561
0.018718529999999997
0.01890111
0.018709339999999998
0.019024519999999996
0.019322359999999997
0.018236059999999995
0.016641789999999997
0.014623209999999998
0.01311259
0.013108499999999999
0.011824319999999998
0.01054218
0.011831459999999999
0.01296467
0.012311869999999999
0.013090129999999998
0.013083999999999998
0.014150919999999999
0.015564639999999998
0.015546269999999997
0.015588089999999999
0.01579821
0.014590519999999997
0.013725559999999998
0.01460786
0.013615389999999998
0.015083169999999998
0.014351829999999998
0.013557239999999998
0.0126117
0.01028609
0.008476612
0.005237087
0.0034612629999999996
7.184796999999999E-4
-6.768842E-4
-8.329481999999999E-4
-8.666121E-4
-0.001275636
-2.505401E-4
2.655758E-4
-0.001059408
-0.0026342919999999995
-0.005636155999999999
-0.006703080999999999
-0.008401385
-0.01032919
-0.01325557
-0.015206839999999998
-0.014587699999999999
-0.015448589999999998
-0.015554669999999998
-0.0168409
-0.017578359999999998
-0.01809754
-0.02112593
-0.02316797
-0.025972979999999996
-0.02883918
-0.030998529999999996
-0.032831469999999995
-0.03415238
-0.034727659999999994
-0.03343839
-0.032575469999999995
-0.03141777999999999
-0.029492019999999997
-0.02739797
-0.02371271
-0.020762879999999997
-0.017615169999999996
-0.01468777
-0.01284158
-0.010523119999999999
-0.007544727999999999
-0.006700172999999999
-0.006578799
-0.006704265
-0.00655637
-0.007007216
-0.008049663
-0.0069154279999999995
-0.005855654
-0.0025508599999999994
0.0014546739999999998
0.0038210679999999995
0.005934501
0.007038134999999999
0.005208249
0.001355703
-0.002529483
-0.00533857
-0.007179675999999999
-0.008244563
-0.006980788999999999
-0.004899996
-0.0038259419999999997
-0.003747409
-0.001778816
5.783973999999999E-4
0.0028019899999999994
0.006406663
0.007928496
0.01009905
0.010476439999999998
0.009997035
0.009774667999999999
0.008754662
0.008581254
0.007343986
0.007024718999999999
0.0072429899999999995
0.006626904
0.006595275999999999
0.007084868999999999
0.006743161
0.004732733
0.004060546
0.003204758
0.0032710499999999997
0.004005442
0.004359373999999999
0.0030282659999999995
0.0025825179999999994
0.004176769999999999
0.004106380999999999
0.004061493
0.001869505
0.0017042559999999997
0.0011259079999999997
-0.001056901
-0.001338429
-0.0013455779999999998
-0.001335386
-0.0014118949999999998
-4.0720409999999997E-4
1.7106959999999998E-5
-2.2362199999999998E-4
-0.0015424909999999998
-0.00174242
-0.0017587489999999998
-5.316985E-4
4.434122E-4
-0.0012355169999999998
-0.0010447859999999998
-0.0013252959999999997
-0.001133545
-0.002187215
-0.0018067649999999999
-0.0013610339999999997
3.8315569999999995E-4
0.002855626
0.004981296
0.007090646
0.006915195999999999
0.007010045999999999
0.007097754999999999
0.006308265
0.004096895
0.002101765
0.0014877139999999998
-2.146762E-4
-0.0016355469999999998
-9.480773999999999E-4
-0.001270408
-0.0011622989999999999
-0.00230573
-0.0038490009999999995
-0.005109732
-0.006835582999999999
-0.006885573999999999
-0.005837025
-0.004266235999999999
-0.004417208
-0.004018398999999999
-0.002363971
-5.086022E-4
7.847461E-4
0.0026727539999999994
0.004161941999999999
0.004659691
0.006169279
0.007800246999999999
0.009791275
0.009539322
0.008439750999999999
0.007335077999999999
0.0072779459999999995
0.007532933
0.007186120999999999
0.007664487999999999
0.005854994999999999
0.0049777829999999995
0.00369563
0.0018177969999999997
5.318410999999999E-5
-7.832288999999999E-4
-5.384419999999999E-4
-6.516752E-4
0.001637191
0.0034058579999999995
0.004638003999999999
0.002743851
0.003833197
0.004785864
0.00618631
0.007970276
0.009232002999999999
0.01069059
0.011643249999999999
0.014337059999999999
0.014712409999999999
0.013803569999999998
0.011883919999999997
0.0108996
0.011145409999999998
0.009790834
0.008543357999999997
0.008541304
0.007346868999999999
0.005918854
0.004226659
0.001002424
-7.471139999999998E-5
0.001857153
0.001061538
6.902424E-4
0.001237967
0.0029637909999999995
0.004516215
0.004396859
0.003683864
0.003617548
0.005647331
0.006673435
0.008723619999999998
0.009345802999999998
0.008680747
0.0073608499999999995
0.007563812999999999
0.0058328569999999995
0.0012346799999999997
-0.0028820569999999995
-0.006053253999999999
-0.007621010999999999
-0.007705688
-0.008951127
-0.010717779999999998
-0.008697179999999999
-0.007508897999999999
-0.007711895999999999
-0.007393672999999999
-0.007534451
-0.007276409
-0.007732367
-0.009960065
-0.010239559999999998
-0.01010086
-0.01036812
-0.010797559999999998
-0.01160848
-0.01120458
-0.01040389
-0.008682152999999998
-0.007576492
-0.005603830999999999
-0.004919429999999999
-0.0034241299999999996
-0.001699329
-0.002162429
-0.0018605279999999997
-0.002209388
-0.004229006999999999
-0.004863466999999999
-0.005034846999999999
-0.005666246999999999
-0.004825786999999999
-0.004904348
-0.005012488
-0.003821148
-0.0021198089999999994
-0.00188319
-0.00218105
-0.002428931
-0.003906931999999999
-0.005016713
-0.005021834
-0.004608756
-0.002900277
-0.002299519
-0.0022923999999999996
-0.0019956019999999995
-0.0015621239999999998
-0.002387326
-0.002401628
-0.00248427
-0.0014030919999999999
-0.0018559939999999997
-0.001320517
-6.187792999999999E-4
-0.002723062
-0.002108025
-0.003098467
-0.00481821
-0.006256432999999999
-0.008208736999999999
-0.009949901
-0.008801403
-0.006945027
-0.005090690999999999
-0.003162914
-0.0024662779999999997
-0.002553002
-0.002486726
-3.182304999999999E-4
2.9476519999999996E-4
1.628074E-5
4.0589619999999995E-4
-9.619483999999999E-4
-8.905733E-4
1.651019E-4
-1.909031E-4
7.529180999999998E-5
0.002097927
0.006155461
0.009797855999999999
0.01255081
0.01439188
0.017324359999999997
0.017315149999999998
0.01657665
0.016080899999999995
0.013952129999999998
0.013344189999999999
0.012352719999999998
0.013114629999999999
0.013504249999999999
0.014082559999999997
0.013968289999999998
0.014043749999999999
0.012499439999999999
0.011514089999999998
0.011015279999999999
0.008477498
0.006705729
0.003980262
0.003470234
0.0012619059999999997
4.5811739999999994E-4
-5.323309E-4
-0.002353059
-0.0019195879999999998
-0.0023245569999999997
-0.0019482059999999999
-0.002325635
-0.0021828639999999996
-0.003373233
-0.004517701999999999
-0.005375551999999999
-0.007644061
-0.01002273
-0.011212079999999998
-0.01162521
-0.01298082
-0.01341741
-0.01138866
-0.01053393
-0.010572719999999999
-0.010508489999999999
-0.010517699999999998
-0.008872475999999999
-0.007403706999999999
-0.006624457999999999
-0.005817669
-0.004908881
-0.0051251529999999995
-0.004981365
-0.005273116999999999
-0.003562609
-0.0021948209999999996
-0.002403953
-0.002206106
-0.0023009989999999998
-0.0021266109999999996
-0.002314324
-9.210374E-4
1.784893E-4
-9.496641E-4
-0.001621877
-9.538110999999999E-4
-4.3058479999999997E-4
-0.0016831789999999997
-0.002306433
-0.002195287
-0.003142901
-0.002715556
-0.00233207
-0.0029237049999999995
-0.0023066399999999996
-0.0030023149999999998
-0.005141289999999999
-0.006855944999999999
-0.008199321
-0.008066756
-0.007913793
-0.008327947999999998
-0.008170904
-0.00834128
-0.008323976
-0.009355234
-0.009482769999999998
-0.008208826999999998
-0.008200704
-0.006008758999999999
-0.004222778
-0.001613655
2.2842739999999996E-4
2.202297E-4
2.3957189999999998E-4
1.71194E-4
1.497359E-4
2.2313759999999998E-4
8.901791999999999E-4
0.002265101
0.005131262
0.005350522999999999
0.006449024
0.007968785
0.009100945
0.01123883
0.01096033
0.011286689999999999
0.011858869999999999
0.012346389999999999
0.013969169999999998
0.011914849999999998
0.011124309999999998
0.010043059999999998
0.008273323999999999
0.008346723
0.008254880999999999
0.00804268
0.006603419
0.005558897
0.005184514999999999
0.004861132999999999
0.004109350999999999
0.002601749
0.0034166859999999995
0.005284264
0.0032462609999999994
0.002741318
0.0025005549999999994
0.0028197719999999995
0.0020996079999999998
1.309647E-4
-9.655790999999999E-4
-0.0029138229999999994
-0.0027731069999999995
-0.004104251
-0.005229356
-0.00473062
-0.005429364999999999
-0.004885137999999999
-0.005110939
-0.004069437
-0.002784065
-0.0017595289999999997
-2.2400219999999996E-4
0.0016822659999999998
0.0031241439999999997
0.004450009999999999
0.005167327
0.005686346999999999
0.007778293
0.0083052
0.008683122
0.008393148
0.008391259
0.007229409
0.005557401
0.005908911
0.005087115
0.004000079
0.0052031049999999995
0.005597554
0.005606147
0.004524042
0.0026765409999999997
0.002722076
0.002641927
0.002413555
0.004172322
0.005108738999999999
0.006609810999999999
0.007534283999999999
0.008561887999999998
0.007956808999999999
0.007537458999999999
0.007367047999999999
0.006513051
0.006681806
0.004390874999999999
0.003948089
0.0034399919999999994
0.0014642859999999998
9.42095E-4
0.001086205
5.622359E-4
6.977833999999999E-4
0.0010309459999999998
0.0020236759999999994
0.0026298879999999995
0.002618591
0.002040401
2.5544789999999994E-4
2.572418E-4
-0.001387922
-0.0026611229999999996
-0.003921897
-0.00520604
-0.004664954
-0.005776458999999999
-0.005644459999999999
-0.004713019999999999
-0.0036572849999999997
-0.002600627
-0.0035418169999999996
-0.005074455999999999
-0.004852994999999999
-0.006053691
-0.007039618
-0.0069880969999999995
-0.006826211999999999
-0.007317772999999999
-0.008668796
-0.008711588
-0.008634212999999998
-0.008452558999999998
-0.008319501
-0.008153497999999999
-0.008045481
-0.007912666
-0.007746156999999999
-0.007563601
-0.007441517999999999
-0.007137462999999999
-0.008401994999999999
-0.008761751999999998
-0.008173943999999999
-0.008318192
-0.007859889
-0.007788068
-0.007584701
-0.007421092999999999
-0.008487815
-0.007276417999999999
-0.006395541
-0.006070973
-0.005499211
-0.004945529999999999
-0.004727474999999999
-0.005066483
-0.004856128
-0.004586743
-0.004341873
-0.004103734999999999
-0.002867648
-0.0018195269999999998
-6.042035E-4
-4.1194809999999996E-4
6.722252999999999E-4
1.269669E-4
5.438829E-4
0.0014867539999999999
0.001199151
0.0015405889999999998
0.0013930689999999998
0.001732115
0.001716787
0.0017852829999999997
0.0017792289999999998
0.0019274129999999998
0.0019150799999999998
0.002331998
0.0030290649999999996
0.003583727
0.004247698
0.00405949
0.004645845
0.004963379999999999
0.005441299
0.005814823
0.005774415
0.005944529
0.00533257
0.005088744
0.004273032
0.0037057269999999994
0.003631841
0.0037893869999999995
0.004138543
0.0038247499999999996
0.004198653
0.004243077
0.004254988
0.004591656
0.004275392
0.004072094
0.0037799609999999997
0.0035364319999999995
0.0032486729999999997
0.0028812559999999996
0.0024034329999999995
0.002024397
0.0014278449999999999
0.001064038
9.330856E-4
8.329711E-4
5.678948E-4
9.775564999999999E-5
1.651824E-5
-5.115545E-5
-1.293249E-4
-1.487884E-4
-1.8859609999999997E-4
-2.957053E-4
-3.33963E-4
-4.1377479999999995E-4
-4.4226019999999994E-4
-5.975097E-4
-5.402325E-4
-7.062389E-4
-9.485464999999999E-4
-9.575882999999999E-4
-9.557961999999999E-4
-0.001088761
-0.001238306
-0.0011599049999999997
-0.001175454
-0.001109956
-0.001116732
-0.001164662
-0.0011618389999999998
-0.001094303
-0.0010414589999999998
-0.0010663019999999999
-0.0010910939999999997
-9.722702999999999E-4
-8.869143999999999E-4
-8.441044999999999E-4
-7.07616E-4
-6.413715E-4
-5.586946999999999E-4
-5.291481999999999E-4
-4.970238E-4
-4.0668919999999997E-4
-3.327017E-4
-2.551483E-4
-1.595964E-4
-7.94188E-5
-5.127214E-5
-2.5984849999999996E-5
2.195786E-5
6.735278999999999E-5
