0.0266131
-0.00606853
-0.199352
-0.276853
-0.18161
-0.0606916
0.0798357
0.193285
0.159671
-0.140526
-0.508887
-0.459865
-0.0714289
-0.115315
-0.741389
-0.986961
-0.156399
1.22273
1.83014
1.17792
0.0891736
-0.698436
-0.965019
-0.848302
-0.285256
0.52243
0.642882
0.108315
-0.0168068
0.869313
1.84881
1.71295
0.980429
0.495351
-0.0522883
-1.48605
-3.10888
-3.23074
-2.19149
-1.37167
-1.07427
-0.511688
0.390771
0.485546
-0.479941
-1.51686
-1.34972
0.153602
2.31988
4.60988
5.60431
4.15235
1.28997
-0.633074
-1.13683
-1.54347
-2.26852
-3.12803
-3.99174
-4.57439
-4.04123
-2.57619
-1.19939
0.410848
2.95482
6.30135
8.26267
6.877
2.98751
-0.908527
-3.57762
-5.13698
-4.5165
-2.14247
0.114851
0.21336
-2.39084
-4.24992
-2.66769
0.938411
3.46465
3.01411
-0.562577
-4.62388
-5.44651
-1.92631
3.54449
7.483
8.44803
5.70189
1.31657
-0.924868
-0.755394
-0.43839
-1.79931
-3.75457
-4.90028
-4.26392
-0.97996
2.81476
3.6019
0.864645
-1.54534
-1.84181
-2.3605
-4.12527
-5.7934
-5.16499
-1.71714
3.0468
7.88498
9.68196
5.74344
0.169009
-1.5332
0.112983
-0.344548
-4.84892
-7.96715
-5.11784
1.16344
5.1057
4.06364
-0.805816
-5.5142
-7.59178
-6.48483
-2.11819
2.88386
6.05391
6.87327
6.77803
6.50351
4.89187
1.05467
-2.79469
-3.15651
-1.4417
-0.97389
-2.41232
-3.57436
-4.64396
-7.80607
-9.21042
-5.06181
1.70221
6.10527
6.80464
5.36294
3.206
3.40396
6.1851
7.14919
4.03423
-0.636342
-3.04026
-2.44267
-0.701237
-1.86001
-6.1048
-7.69169
-4.09398
1.55001
4.60755
3.45297
-0.162936
-1.61351
2.57713
9.24497
11.1942
4.77095
-5.88864
-14.0322
-14.8264
-9.96209
-4.99598
-0.986961
2.43239
5.12577
7.08523
7.60065
5.81814
2.85071
1.11068
0.0406189
-2.5393
-6.14308
-6.7262
-2.81663
2.60373
5.88771
3.36987
-3.00758
-6.53339
-3.68874
3.62152
9.00313
7.28038
-0.618135
-8.23093
-8.75569
-1.8941
6.54553
11.372
10.6773
3.93199
-6.98718
-15.4847
-14.9777
-6.65664
1.21199
3.92218
5.45538
8.07173
9.27579
8.9457
8.57875
6.75935
1.09341
-4.42453
-6.08146
-7.72811
-10.9827
-13.557
-13.1779
-7.49001
1.67747
7.88124
8.695
7.8677
7.1814
5.40169
1.78764
-0.845033
0.608333
3.49313
3.71489
0.0714324
-4.20043
-6.68232
-8.49564
-9.05542
-7.67909
-6.14728
-6.23225
-5.3438
0.23437
8.44756
12.1396
9.1558
6.23553
6.82705
6.88821
2.59627
-2.1574
-1.94451
-0.113914
-1.32638
-4.54078
-7.77433
-11.4103
-14.0024
-13.9548
-9.865
-0.527095
9.18521
15.8577
18.6104
16.8648
12.3711
5.31859
-2.9212
-11.5027
-17.8536
-15.8872
-7.4998
1.21246
8.88641
11.5943
4.50157
-5.05153
-5.71449
1.15737
5.30739
2.11352
-3.76671
-6.98438
-6.77662
-6.27614
-6.24719
-2.06216
5.79806
10.5891
10.5051
9.2305
7.80374
1.52994
-8.92937
-14.2507
-9.44619
0.749796
5.71123
3.43477
2.09765
3.32832
2.61261
-1.46784
-6.16129
-8.23139
-7.04461
-4.85545
-3.82227
-4.72566
-4.23031
1.12936
9.23843
18.2238
23.6395
18.9041
2.31054
-15.6807
-18.7598
-8.00403
3.83721
10.3771
11.4486
9.3332
2.27273
-8.59788
-13.0154
-10.6096
-10.2614
-14.2111
-16.0813
-10.09
-1.32078
1.31518
-4.09632
-9.14226
-5.30878
6.24999
16.7251
17.2299
9.79681
0.643815
-6.45869
-9.21415
-9.65908
-8.22952
-4.61128
-0.370693
3.51694
4.79989
2.33248
-0.644746
1.92538
12.4197
20.8617
18.6323
13.1797
8.4737
1.00377
-8.4779
-16.0198
-19.4236
-18.2392
-9.89207
1.8306
9.58532
8.67492
3.6668
5.98014
12.7759
13.9693
6.22618
-3.71675
-8.04792
-9.68289
-11.3062
-10.7763
-5.49693
3.73496
9.60259
6.57681
0.254445
-0.804416
0.873516
1.60463
4.76722
12.1172
20.4046
21.399
13.7895
6.66504
5.18974
5.90125
0.317474
-14.734
-32.4162
-42.9591
-40.0523
-26.8707
-12.5047
-2.39925
2.16347
3.39275
4.54778
5.94093
3.46465
-6.15709
-15.622
-15.3339
-1.80912
17.3106
26.9202
25.1699
16.2812
4.24619
-6.58474
-16.4945
-16.7243
-1.92444
15.1121
24.6807
24.3716
14.178
2.98844
-2.69245
-6.35131
-9.64414
-8.75242
-3.34372
0.776406
0.581722
2.94642
10.4621
10.7082
1.13637
-5.49553
-3.97633
-0.133056
0.553243
0.197954
1.21433
-1.20592
-10.2931
-19.7762
-22.5886
-17.7322
-11.5667
-11.3202
-10.4056
-2.42306
8.58435
18.8597
23.3136
21.7384
16.6874
7.11837
-5.29711
-10.7973
-0.969221
11.7394
14.0351
8.27061
0.0396854
-5.81628
-8.96485
-12.2559
-16.1229
-15.508
-7.29859
3.73029
8.35512
-0.0541555
-15.0005
-25.7451
-25.6817
-11.3992
7.43212
15.0851
8.69313
-1.76057
-4.86573
-0.0616252
8.51339
20.2734
28.7177
29.4148
21.3477
3.74337
-14.9782
-24.4267
-19.6571
-7.6338
1.41648
9.37989
16.305
11.4005
-3.86335
-10.9467
-1.84974
12.0317
18.6197
19.5726
18.3947
14.1438
4.88301
-8.73188
-19.1333
-22.5004
-21.4541
-17.5534
-9.42565
-0.961284
0.621873
-3.5146
-5.85829
-7.24583
-10.8538
-10.5457
-8.88735
-4.40352
6.93957
14.2204
14.1275
9.74779
4.66031
-1.06773
-7.54649
-4.55619
8.11001
19.5371
22.2716
15.6729
4.23779
-7.74258
-16.3325
-22.2202
-25.564
-21.4822
-11.5107
0.284792
8.97559
9.09511
4.66731
1.85721
3.16071
4.45675
2.17282
-0.663421
-1.47811
2.68637
6.91529
6.82471
6.72714
4.41987
-2.93754
-8.22205
-5.1888
3.14624
10.6615
15.551
20.2505
22.4625
15.7233
-0.888452
-18.5973
-27.396
-26.7778
-19.68
-9.00593
2.48142
10.7339
12.6064
11.4374
9.27018
7.52503
7.67956
6.61789
2.56406
-3.10095
-5.5044
-0.894055
4.69065
5.73737
4.25599
5.07488
7.37095
3.41563
-4.6575
-10.4882
-14.1382
-15.2223
-14.0962
-11.0457
-8.29395
-11.0172
-14.5631
-12.3628
-6.5572
-0.679295
0.389838
-0.908994
2.89179
8.43868
9.37243
7.51895
8.23373
11.2852
13.1148
11.978
5.4876
-6.1865
-14.833
-9.4672
8.84673
23.2091
19.2491
0.9132
-16.3596
-21.6614
-14.4875
-4.3643
-0.0312795
3.58463
12.197
21.4205
26.7354
27.5884
26.2367
22.8795
15.7485
5.07115
-7.79347
-18.3293
-23.9164
-25.1419
-24.1736
-20.7263
-11.3231
-0.0149396
7.16506
5.65614
-2.02715
-7.55303
-11.1129
-12.9729
-12.7274
-11.725
-8.81965
-3.67007
3.47352
8.3836
5.50067
-0.26518
-0.634475
2.89273
5.43157
5.84942
6.06325
7.28552
10.5518
16.4862
21.2267
21.6418
16.9316
11.7031
11.8305
11.8725
4.00715
-9.4686
-20.6618
-26.2433
-25.416
-18.6557
-11.2189
-6.83312
-2.92821
2.49262
6.95777
9.45273
6.16129
-4.77654
-14.9104
-17.0595
-11.9481
-4.95023
0.335214
4.28307
10.0494
19.4368
29.1719
34.0418
29.9647
16.7476
-0.0275441
-11.2012
-14.502
-15.2573
-15.2489
-13.7031
-11.1797
-8.23
-6.16782
-4.85919
-4.70512
-7.62073
-10.8384
-13.1853
-15.7658
-17.7457
-18.7752
-16.8087
-9.26411
4.28307
18.3266
26.4109
27.6084
24.0985
18.4988
9.94571
-0.189081
-7.74024
-9.60912
-2.41372
10.4117
20.7305
23.7124
19.0936
12.4412
8.65345
5.88444
2.4394
-1.55281
-5.71309
-6.48856
-4.16869
-2.66676
-2.32315
-2.05937
-1.89176
-2.57152
-1.94732
2.4296
6.57634
5.34801
1.34038
-1.78345
-2.87312
-1.10228
-1.87869
-7.43958
-12.7064
-15.1042
-15.5664
-16.2205
-15.4091
-10.2837
-2.98937
1.49258
0.830098
-1.76897
-2.26993
-0.483209
2.56779
7.7804
14.2209
16.5511
12.0083
4.59541
-1.06446
-4.26066
-6.49977
-7.55396
-5.6482
-3.07107
-4.4376
-9.57971
-12.768
-8.37612
2.25592
11.9836
18.1206
22.2492
22.9658
19.5002
14.0215
9.1544
5.8004
3.92265
4.40399
6.52965
8.93684
11.7595
13.233
11.0583
6.16643
-0.121851
-5.36434
-8.40134
-12.9332
-20.3084
-25.6349
-24.1433
-16.7858
-8.20198
-4.04076
-5.49133
-8.89949
-13.3367
-18.686
-23.0732
-23.6526
-18.5833
-10.6035
-4.30175
-2.9072
-6.47315
-10.8617
-11.795
-8.29862
-1.06633
8.26361
15.7994
18.9802
19.7365
20.7379
20.9392
17.5007
11.1003
5.37228
3.96233
6.72294
8.79817
7.06282
2.29047
-2.0617
-4.98945
-9.36449
-13.0323
-13.0971
-12.2713
-11.4766
-9.62967
-7.71457
-7.70476
-9.18334
-7.6198
-0.318871
11.1596
23.3972
31.9396
33.3004
28.2601
21.5909
15.5319
9.65115
3.63738
-1.68493
-3.81293
-2.97816
-1.16671
1.53087
5.50393
9.48494
11.4822
11.4841
10.6764
8.92049
5.61832
0.690036
-6.96617
-16.1057
-22.3944
-24.3674
-24.633
-24.5326
-20.2337
-10.1012
1.49212
10.344
14.4655
12.5738
4.52631
-5.71309
-12.1503
-12.0896
-9.91168
-12.4879
-18.137
-20.7939
-19.701
-18.2351
-17.4049
-13.6825
-4.3531
9.08343
19.7033
20.04
10.6886
-0.536898
-6.52825
-5.93672
-1.37167
3.16819
4.75041
2.41325
-1.9207
-3.77138
-1.68307
2.23631
6.16923
10.0881
12.5682
11.7736
9.16093
5.98295
5.27797
8.48491
10.9962
11.3337
10.6544
10.041
9.57505
6.23786
0.380968
-4.41893
-3.58183
3.01272
7.51662
6.88681
3.84935
0.757731
-0.9921
-2.67376
-5.67387
-10.6937
-16.5856
-20.6595
-21.7515
-19.2276
-14.0486
-8.67959
-3.90211
0.756331
5.22008
7.37422
6.06278
4.47122
6.2542
12.1918
19.4821
24.0998
23.71
18.4438
10.2282
0.47014
-9.6955
-19.1874
-26.2908
-29.4721
-28.319
-22.9621
-15.0202
-6.56934
-0.391235
1.64339
1.01031
0.621873
1.35673
1.49725
-0.861374
-6.08892
-10.4444
-9.02835
-1.73816
6.12441
9.92335
10.6666
10.4826
9.3276
6.66971
2.84931
-2.0533
-7.14685
-9.12826
-5.79713
0.603198
4.60054
4.23919
3.25315
6.22152
12.471
19.2327
26.1401
29.8531
29.6659
27.0202
19.4218
7.35602
-4.99224
-12.7409
-14.2876
-11.7567
-7.78553
-4.93295
-3.39882
-2.14387
-0.861841
-0.636809
-3.91704
-11.1362
-20.0722
-27.2825
-30.4311
-30.3008
-27.6271
-22.6955
-16.136
-9.18288
-3.24334
1.96786
5.59965
8.08106
12.4458
18.2057
22.1525
21.5517
17.038
13.0776
11.6522
12.1265
13.2274
11.4677
5.01045
-3.85495
-12.147
-19.1571
-25.493
-30.4731
-32.2192
-28.0822
-16.6178
-1.32917
11.2179
16.8657
16.4212
12.6391
8.09413
5.83308
3.69014
-1.14756
-5.51467
-7.74352
-6.72527
-2.70271
2.13173
8.65578
17.2634
24.0102
24.0452
18.9914
11.4775
1.85674
-7.85183
-15.0374
-16.7667
-14.4006
-11.1736
-9.13338
-9.01527
-8.56007
-8.25753
-10.7562
-15.7214
-19.8136
-20.4863
-17.0398
-12.0186
-10.8421
-12.2969
-11.2152
-5.70282
2.32876
10.1376
17.2014
21.0876
21.7697
22.7128
26.2185
31.9969
35.611
33.5582
25.2815
13.8488
3.69014
-3.42963
-7.28084
-9.61053
-11.7665
-13.4772
-14.0799
-11.753
-6.64263
-2.18215
0.519628
3.38015
6.41387
9.44713
13.9972
19.9083
24.3403
23.456
18.919
16.186
15.5481
15.7051
14.7573
9.22536
-0.417848
-9.44199
-11.4761
-4.5151
6.39612
14.677
17.6935
18.355
18.4022
16.3852
14.0519
15.0001
19.9247
26.0196
27.6294
20.9097
9.87334
1.75123
-1.68354
-2.9128
-4.44834
-7.21455
-10.0055
-10.3052
-5.67108
1.94079
8.49237
13.2353
17.3536
22.9971
30.6613
37.4346
37.0396
28.1579
15.206
-1.18818
-18.6524
-32.8915
-40.6317
-39.7465
-30.9596
-16.2895
-0.79928
9.32294
9.98033
2.76247
-8.26174
-21.8995
-35.5928
-46.7954
-52.5089
-49.7871
-39.9762
-25.4636
-10.1418
2.59206
12.1078
17.0623
18.3027
17.8741
13.7073
4.74481
-5.18273
-11.3099
-11.3968
-6.82564
-0.90526
4.71399
11.7049
20.4274
27.6719
30.3583
27.755
22.0213
16.5567
10.8646
0.437926
-15.5202
-32.0688
-42.2732
-42.1775
-34.8808
-26.9622
-21.2907
-16.0296
-10.8174
-6.92182
-4.00762
-0.879115
2.15134
3.4978
4.48242
6.22058
9.3192
14.1275
20.5764
27.8316
32.3975
34.1857
33.8859
32.2467
28.5589
19.426
2.74987
-20.6058
-44.1272
-61.7413
-68.3274
-61.5354
-45.9069
-28.6042
-14.2484
-2.36236
8.83365
18.4918
24.8693
27.7171
27.1443
26.1153
27.5986
31.0595
34.8047
38.1373
42.3097
46.956
51.3399
52.0631
45.5736
36.0102
27.4627
20.4298
14.0826
4.97964
-6.99279
-15.2167
-13.9818
-3.20879
13.1368
27.6794
34.7324
34.0367
28.0482
22.4556
17.5445
9.35936
2.18635
-1.61864
-3.51787
-2.77461
0.758665
7.18701
15.3587
22.5555
24.5051
18.4671
4.59167
-14.3806
-33.6357
-50.183
-62.8179
-72.0951
-78.7928
-84.3817
-88.9145
-88.7586
-81.1617
-66.4894
-48.0947
-27.1681
-6.74207
8.91863
20.581
28.1191
30.4656
28.3092
24.4337
19.9802
15.5309
8.06052
-6.94049
-27.0767
-48.7572
-65.7144
-74.7614
-76.4225
-71.2953
-62.5135
-52.5015
-42.7093
-31.4666
-19.6786
-8.28508
2.97723
15.1023
30.109
42.9988
51.7227
55.594
54.664
51.3838
43.2831
31.9746
20.7697
9.19922
-1.84087
-7.21361
-7.54742
-6.81538
-4.74247
-4.07204
-5.01979
-6.60248
-6.25747
-0.792744
8.69967
20.1222
30.3611
39.2741
45.4559
44.969
37.5728
28.1453
20.5418
14.3637
9.85755
7.37515
6.19117
5.60198
7.17253
11.0256
14.8138
16.1145
12.0952
3.34793
-5.06227
-9.33041
-11.7698
-14.0295
-15.2513
-13.1354
-6.26727
3.30264
17.96
38.776
62.2096
83.0684
95.3098
95.5152
84.2351
68.6477
53.6653
37.0546
17.4371
-3.59677
-25.1695
-45.2407
-62.6349
-75.7493
-80.1621
-77.422
-69.8224
-57.5329
-40.924
-20.7645
2.76901
27.2583
46.5825
57.5283
57.0446
45.7743
27.437
7.30979
-12.5873
-33.4009
-51.1214
-63.4365
-68.7583
-68.7986
-66.2168
-60.132
-51.5817
-39.9114
-25.112
-9.45319
4.78682
14.5477
17.3041
13.1545
5.00485
-7.4153
-24.8446
-43.9022
-60.702
-71.0269
-72.2679
-65.3913
-51.9571
-32.8486
-13.7302
-0.384232
6.21358
9.66376
13.5093
13.8394
11.9066
11.999
16.298
26.768
41.776
59.6343
76.1676
85.7992
82.279
68.1323
51.86
35.097
17.4768
-3.53281
-23.985
-37.2348
-43.6314
-45.8785
-49.0317
-53.7732
-58.8901
-64.4141
-72.4713
-82.4689
-88.6255
-94.5301
-99.8886
-100.525
-95.327
-81.1743
-63.4529
-45.3906
-28.5374
-14.3554
0.9865
16.9629
30.9806
39.9693
44.0269
45.363
45.1604
44.1468
41.4011
39.6443
42.6258
49.6372
56.0646
59.7198
62.443
65.5524
67.805
67.2438
62.3744
50.4906
32.8396
11.6471
-9.82107
-27.9043
-41.3629
-46.892
-45.7762
-39.7064
-31.6557
-25.8796
-20.8355
-16.5249
-12.733
-11.1213
-12.7815
-16.0673
-20.3747
-22.4561
-21.6381
-17.9465
-12.606
-5.41569
6.7094
19.3453
28.185
31.3597
27.9496
20.9256
13.6607
7.53622
1.18211
-4.87086
-8.23607
-6.51751
-0.433721
5.32046
8.75336
10.801
11.4851
9.31453
4.82558
-1.75776
-7.87377
-9.37289
-6.68232
-0.914598
3.89651
4.5884
1.4627
-1.14477
-0.136324
0.636812
1.91137
6.23039
12.8395
20.6412
27.6704
29.3372
23.81
13.3216
0.72085
-11.1386
-22.47
-30.4465
-34.4093
-35.4466
-34.0685
-32.0862
-28.3357
-23.541
-15.5865
-6.62116
-0.627005
2.00101
-0.3086
-4.41659
-8.98352
-9.47514
-3.16631
5.46986
13.3455
18.6804
23.7026
27.7107
30.976
34.7912
36.6082
37.9416
40.6024
44.6879
47.8757
46.6679
40.2765
27.6761
11.3398
-4.25786
-17.4428
-27.1331
-35.314
-41.7233
-43.8363
-42.6869
-39.4002
-35.843
-33.117
-31.6641
-31.045
-29.9334
-29.2271
-29.2844
-30.2266
-33.2649
-37.8865
-41.6519
-40.9557
-32.208
-17.5529
-0.714776
16.2793
31.5283
45.0226
54.9825
58.5128
54.2611
47.759
42.2275
33.3173
22.4583
12.0121
4.33303
2.41746
5.86016
11.6914
14.6094
13.7843
9.76133
1.39828
-10.3338
-22.209
-30.01
-33.7665
-35.2893
-36.034
-36.2076
-33.9802
-29.657
-22.9649
-15.952
-10.9079
-8.38125
-11.1942
-17.8289
-24.5382
-29.1206
-30.8289
-27.9207
-19.7977
-10.0825
0.341283
8.83972
12.655
12.9057
10.2343
6.92883
5.54736
7.14032
11.2735
16.6654
20.6801
20.73
17.2467
9.56338
-2.05796
-13.6106
-20.8434
-21.9863
-18.4269
-12.2992
-6.72107
-1.02151
5.13091
11.2982
20.1846
29.939
41.0066
52.7452
64.0897
74.252
79.212
77.522
67.2509
54.0248
40.3754
25.4636
12.2091
0.289461
-6.24813
-7.0306
-3.69341
2.66069
10.6069
21.9429
33.9126
44.1431
51.8474
55.354
51.88
41.0944
27.7232
14.6508
4.55899
-1.33291
-4.61408
-6.09079
-5.68835
-3.40489
-0.528496
0.839901
-1.33198
-6.49744
-11.8319
-15.2517
-15.7265
-12.5873
-7.19214
-1.54908
4.03797
7.51755
6.13701
0.546239
-6.88167
-15.0318
-23.2426
-27.7876
-26.0738
-19.6132
-8.84206
4.01929
17.433
29.615
36.6862
39.2391
36.2964
30.1561
24.8669
20.2318
18.0222
17.0151
16.6644
16.6402
15.1681
12.6746
8.0932
2.03882
-3.84794
-7.80421
-8.9233
-7.24069
-2.72232
2.07244
5.53241
6.60201
4.21864
-1.09387
-7.90551
-14.1224
-18.8891
-21.5965
-22.1777
-22.3421
-22.9663
-24.1409
-26.1051
-28.4656
-30.1967
-31.2061
-32.2342
-32.1244
-29.2191
-24.0844
-19.0526
-16.6995
-18.7108
-23.3542
-27.2975
-29.7406
-30.6011
-30.792
-31.1351
-31.2439
-30.7224
-28.219
-22.7464
-13.599
0.0135398
17.2994
35.0526
49.8618
58.7785
58.8668
51.247
38.846
23.9425
10.7324
1.26709
-5.51514
-9.6236
-10.8944
-11.8431
-14.6261
-18.8359
-24.2544
-29.9483
-35.0928
-37.8884
-35.8398
-28.798
-17.5245
-4.53098
8.52785
19.4321
26.2139
30.01
31.2388
31.8168
32.6492
33.124
32.8135
30.0034
23.9584
16.1733
8.88222
1.19985
-7.10156
-14.3833
-19.7141
-21.9354
-21.075
-17.6388
-12.677
-7.07122
-1.70128
0.866979
0.410381
-0.97669
-2.26712
-2.26759
-1.93098
-2.2195
-0.947278
2.90953
8.84906
15.6705
22.7772
29.1626
34.3482
39.085
43.059
47.9485
54.283
61.1839
67.9591
71.4256
69.5007
62.394
51.6475
39.8791
29.1813
19.3621
9.50688
-1.1583
-12.5102
-22.4047
-30.0273
-34.864
-37.5527
-39.9408
-42.5301
-45.905
-48.8659
-50.3614
-51.6901
-52.8231
-54.1542
-54.8223
-53.6416
-53.0626
-52.2372
-52.5332
-55.0197
-57.0319
-59.5633
-61.6409
-63.8361
-65.7708
-66.4488
-67.1266
-65.1864
-59.5414
-51.9515
-43.4937
-34.9448
-27.9594
-20.5923
-12.5116
-6.75748
-1.88429
4.09212
11.915
21.6689
33.0031
42.6542
48.1582
48.8211
44.5185
40.065
37.4029
36.2623
35.6189
33.9238
32.194
30.0697
27.8713
26.092
23.4401
19.1407
14.1354
8.89201
3.71583
0.124188
-1.62611
-2.77134
-3.46044
-2.70971
-0.787608
2.12006
5.10336
7.1039
8.96811
11.4061
14.5066
18.0137
21.4942
24.4697
26.0668
24.7703
19.8775
11.8142
2.03836
-7.91205
-16.9372
-24.5163
-30.4773
-33.0212
-32.1183
-28.4805
-22.4911
-14.4828
-4.85032
3.77418
10.2577
14.0463
15.6528
17.7247
21.076
25.612
31.4913
37.091
40.7896
41.6191
39.4156
35.7669
31.3709
26.9688
21.9369
15.2494
7.99142
1.89083
-1.59949
-2.28066
-0.493479
2.16021
5.23549
9.2501
12.5906
13.9805
12.9379
9.72678
5.33727
-0.234366
-6.83545
-13.9678
-22.0587
-30.8247
-39.254
-47.1231
-53.5524
-58.2906
-61.6427
-62.8062
-62.0942
-60.6446
-59.2692
-57.5371
-55.0944
-51.6867
-46.202
-39.6588
-33.6044
-28.7747
-25.3198
-21.9247
-18.5011
-15.1602
-10.9864
-6.95824
-3.35867
1.61444
7.57871
11.8987
13.339
13.423
13.8908
14.6537
15.1382
15.5375
16.0198
16.2364
16.4965
16.9563
17.8583
19.265
19.8892
19.4172
17.8027
15.9898
14.2162
11.6933
9.92149
8.30516
7.06515
6.99186
6.52031
5.60245
4.55945
4.25272
5.45678
8.60583
13.7605
21.1128
28.0235
31.0482
31.0445
28.7943
27.0383
25.5243
23.1843
21.5745
19.6221
17.0375
13.2152
10.2487
8.24447
7.69356
10.6292
14.7316
20.8187
27.7923
34.4532
41.0631
46.0395
48.1936
46.1338
41.5772
35.8702
29.4782
23.9397
17.7396
9.98543
0.421118
-12.7624
-27.2848
-41.1312
-52.818
-60.323
-64.1853
-63.7297
-57.9213
-47.2085
-34.6829
-22.3752
-12.1583
-6.44795
-4.97077
-6.37558
-7.44425
-6.29575
-2.75967
2.30728
7.04694
10.6465
12.839
13.0453
11.4878
9.35889
6.46569
3.45204
0.659689
-3.21253
-8.39293
-13.5981
-17.0987
-17.9549
-15.7723
-11.0312
-3.967
4.84752
14.488
23.2693
28.932
31.7678
31.1926
27.1046
21.8668
16.5356
12.1027
8.38967
4.28353
0.573318
-2.66957
-6.07305
-10.1782
-15.875
-21.7025
-25.3375
-26.7479
-26.1807
-23.6405
-20.1483
-15.989
-12.1854
-10.6993
-11.4215
-13.8343
-17.277
-21.3565
-26.3661
-31.4045
-35.6698
-38.9113
-40.9146
-41.9889
-42.2373
-41.6271
-39.8138
-36.1712
-31.3289
-25.8866
-21.294
-18.2831
-16.347
-16.4459
-17.404
-18.6543
-19.3976
-18.3513
-16.2858
-12.8562
-8.99333
-5.04967
-0.925335
2.78769
6.02496
8.7711
11.633
14.4996
17.6174
21.4308
25.521
29.1701
32.1599
34.2183
35.189
35.0093
33.6623
32.1188
30.6762
30.1659
31.3732
34.7618
39.2428
43.3219
46.8528
48.6236
49.366
48.3388
45.0777
41.0043
36.8627
33.1193
28.6467
23.8599
17.5468
10.5536
4.23405
-2.99544
-9.61333
-15.9072
-21.4798
-25.5588
-29.3176
-32.4508
-35.4855
-37.9817
-40.0715
-41.8746
-42.0884
-40.6794
-37.0839
-31.6618
-25.0066
-17.6752
-10.7632
-5.30552
-2.42119
-0.612532
0.906197
2.40158
4.63696
7.80981
12.6223
18.5576
25.0215
31.3186
36.8062
41.2508
44.5684
46.2757
45.8182
43.0949
38.4407
32.7187
25.9179
18.8672
12.078
6.65664
2.25405
-1.81472
-3.86662
-5.41243
-5.93579
-5.4283
-4.56833
-2.85678
-2.56592
-3.36053
-4.59353
-4.8139
-3.36194
-0.927202
2.03882
2.44874
0.102713
-3.63972
-7.18326
-9.81783
-12.4333
-14.1177
-14.2671
-12.1213
-8.59042
-6.01096
-5.5861
-7.21128
-8.7851
-9.59652
-9.81175
-9.477
-9.21136
-8.75148
-7.96715
-6.80371
-5.35828
-4.04917
-2.83296
-1.42675
0.400576
2.6747
4.74994
4.82978
2.73493
-0.101309
-2.99123
-5.07534
-5.84662
-5.69442
-5.1225
-4.1911
-3.10002
-2.13173
-1.05653
-0.185345
-0.0219416
-0.842232
-2.28393
-3.8909
-5.25509
-5.34987
-4.62529
-3.74337
-2.10559
0.15687
2.03462
3.02719
2.45201
-0.298795
-4.28167
-8.21879
-10.4855
-10.4505
-8.88454
-5.93112
-1.82407
2.86472
7.4872
11.6363
15.3787
18.5628
21.1436
22.8827
23.7912
25.1307
27.2703
29.9184
32.9125
35.6358
37.4482
37.6942
36.239
33.039
28.439
23.323
18.3737
14.2615
11.217
8.49937
5.81114
3.67847
2.0052
1.07053
0.660156
0.204957
-0.200752
-0.779672
-1.17231
-1.4627
-1.82779
-2.47441
-4.21351
-7.26077
-11.2693
-15.579
-19.8238
-23.5573
-26.8423
-29.3605
-30.6785
-30.9484
-29.6159
-26.5579
-21.6352
-15.2373
-8.44522
-2.62147
1.27595
3.44644
4.54125
5.34801
5.56977
5.1099
4.55619
4.19857
4.13087
3.85262
1.86935
-1.9828
-6.74628
-11.534
-14.8301
-16.5939
-16.3909
-13.7097
-9.08343
-3.26762
1.91977
5.29618
6.79344
6.76495
5.21728
2.55518
-0.959417
-5.39936
-9.16233
-10.993
-10.52
-8.20524
-5.55529
-2.94642
-1.00144
0.0247449
0.7596
1.29883
2.37964
4.09959
6.27428
8.7809
11.189
13.021
13.6013
13.212
11.2539
7.63661
3.79612
0.217097
-2.64342
-5.18227
-7.7846
-9.90834
-11.6275
-13.0813
-14.0799
-14.5365
-15.0155
-15.1891
-14.7153
-13.7638
-12.1289
-10.8211
-10.3781
-10.8254
-12.3954
-14.3133
-16.1219
-17.7775
-18.7939
-18.806
-17.6113
-15.4161
-13.1545
-11.6979
-10.7464
-9.66982
-8.69919
-7.90972
-7.48253
-7.5549
-8.0185
-8.84532
-9.0881
-7.9312
-5.56276
-2.69104
0.0747
2.65183
4.85218
6.39006
6.73975
5.67248
4.18362
3.0552
2.76995
3.48659
5.61412
9.31313
13.8689
19.3377
25.1536
30.8387
35.0456
37.9365
40.6766
40.8689
38.7932
35.359
30.1286
24.7255
20.1281
17.0114
15.5995
14.6042
13.5565
13.0948
13.2563
13.5897
13.2998
12.3758
11.1746
10.0443
9.59699
9.5391
9.79961
10.1605
10.4219
10.7315
10.7263
10.0998
8.6894
6.98952
5.52495
3.77698
1.16251
-2.29
-6.15149
-10.0764
-14.1023
-17.7901
-20.9952
-23.3921
-24.5728
-25.14
-25.14
-24.5906
-23.4406
-21.4368
-18.8476
-16.2378
-14.0309
-12.866
-12.8912
-13.4608
-14.8451
-16.6729
-18.221
-19.2168
-18.8009
-16.5268
-12.7788
-8.65905
-4.99645
-1.87355
0.166674
1.30164
2.09811
1.97346
0.524764
-2.304
-5.98901
-10.182
-14.7521
-19.6025
-24.9155
-29.3647
-31.9751
-32.7874
-31.5801
-28.3643
-23.4131
-17.6584
-11.6979
-5.61178
0.427187
6.61369
12.7886
19.2164
26.0929
33.0045
39.3292
43.7089
46.0628
46.6095
45.7949
44.0375
41.0108
37.5312
34.0601
30.3672
26.014
20.6968
14.1924
7.66135
2.01641
-3.01365
-6.4741
-8.45035
-9.09931
-8.98025
-9.3206
-10.3314
-11.9468
-13.5397
-14.6667
-14.9062
-13.9206
-12.2175
-10.1106
-8.15856
-6.67531
-5.15751
-4.30501
-4.05477
-3.57623
-2.61868
-0.963152
1.219
3.66307
5.45632
6.68092
7.23183
6.44141
5.08983
3.11776
0.633078
-1.86468
-4.88206
-7.43444
-8.18331
-7.89944
-7.5633
-6.71686
-4.94183
-3.0454
-1.88289
-1.96646
-2.86144
-3.96933
-5.56463
-7.03947
-8.06659
-8.64784
-8.65531
-8.20152
-7.12257
-5.91058
-4.68598
-3.96186
-4.36851
-5.53194
-6.95777
-8.096
-8.89668
-9.3897
-9.59699
-9.55731
-9.40837
-9.23936
-9.14693
-9.29586
-9.87853
-11.2007
-12.9477
-14.7452
-16.1799
-16.8905
-16.8871
-16.142
-14.6985
-12.8613
-10.928
-8.80331
-6.46195
-4.05243
-1.70034
0.459869
2.37497
3.81713
4.29055
3.59444
1.64478
-1.53273
-5.16499
-8.26174
-10.2105
-11.0363
-11.0065
-10.167
-8.73841
-6.76542
-3.95766
-0.320738
3.82413
8.12308
12.2549
15.5025
17.3872
18.3545
18.9853
19.7006
20.3098
20.7263
21.1829
21.1955
20.7697
20.3233
19.8943
19.9587
20.4415
21.0148
22.2291
24.0172
25.9818
27.9361
29.6267
30.6253
30.3498
28.452
24.9757
20.6688
15.8997
10.9238
6.59594
3.29704
0.638213
-1.67887
-3.76531
-5.64353
-7.17533
-8.76736
-10.542
-12.4687
-14.5883
-16.2382
-17.1323
-17.2639
-16.4801
-15.093
-13.3665
-11.4103
-9.54283
-7.80188
-6.21125
-4.83444
-3.69108
-2.79655
-2.11352
-1.9856
-2.29467
-2.95669
-3.95439
-5.19627
-7.08102
-9.47373
-12.4192
-15.1472
-16.8951
-17.8671
-17.8032
-17.1295
-16.1019
-15.1775
-14.8642
-14.7022
-14.6635
-14.6845
-14.5416
-14.2237
-13.5607
-13.1471
-13.4123
-13.824
-14.7442
-15.8718
-16.6663
-17.4838
-17.7873
-17.5011
-16.8667
-15.8008
-14.6336
-13.438
-11.9192
-9.87804
-7.22202
-4.09492
-0.849702
2.34929
5.44885
8.32664
10.506
11.8015
12.4034
12.4585
12.4206
12.7073
13.6242
14.9968
16.1664
16.4497
15.818
14.4137
12.4641
10.9644
10.0554
9.99523
11.0168
12.7441
14.7802
16.1841
16.8261
16.7168
16.2634
15.438
13.8347
12.5346
11.768
11.8478
13.1625
14.3796
14.7186
13.9394
11.6475
8.60769
5.31018
1.84741
-1.16951
-3.55988
-5.23455
-6.36811
-7.25097
-8.05771
-9.15486
-10.5643
-11.908
-13.1298
-13.8166
-13.7059
-12.7591
-10.6297
-8.35044
-5.69255
-2.77321
-0.831494
0.542505
0.834766
0.524764
0.298799
-0.345948
-1.31517
-2.47301
-2.99544
-2.61261
-1.71107
-0.687698
0.0261463
0.571451
1.09388
1.75964
2.45901
2.76761
2.30774
1.30164
0.386103
-0.507019
-1.70407
-3.39461
-5.47919
-7.8691
-10.45
-13.1312
-15.9156
-18.1599
-19.1444
-18.0907
-15.0519
-10.8697
-6.05064
-1.1471
3.54682
7.75612
11.5751
15.29
18.6772
21.3603
23.3743
25.0761
26.2129
26.7531
26.7713
26.014
24.6415
22.6619
19.8626
16.3358
12.3837
8.26128
4.5011
1.65366
-0.586387
-2.40858
-3.54962
-4.18456
-4.27233
-3.90397
-3.52161
-3.2863
-3.26015
-3.44177
-4.02536
-5.09542
-6.39098
-7.70523
-9.04375
-10.4131
-11.7137
-12.9519
-14.3437
-16.0169
-17.7555
-19.4975
-21.1273
-22.2851
-22.8099
-22.3491
-20.7949
-18.5828
-16.277
-14.2326
-12.3086
-10.4995
-8.49004
-6.23739
-4.01369
-1.57055
0.722717
2.6859
4.35217
5.489
6.12721
6.30649
6.33964
6.65337
7.32053
8.28555
9.42051
10.5443
11.6549
12.529
13.2489
14.0523
14.7881
15.248
15.3171
15.219
15.0388
14.7975
14.3231
13.5714
12.7568
11.6708
10.1549
8.03718
5.29291
2.14061
-1.13823
-4.16541
-6.70333
-8.27715
-8.77529
-8.44335
-7.34714
-5.81721
-3.87923
-1.76617
0.281058
2.20737
3.67287
4.75087
5.3326
5.24622
4.55245
3.49173
2.42679
1.54534
0.725051
0.0135398
-0.288524
-0.587788
-0.930005
-1.1373
-1.4529
-1.89036
-2.39224
-2.88806
-3.09955
-2.38991
-0.788543
1.15363
3.01785
4.29755
4.96937
5.2635
5.43018
5.80694
6.3415
7.01846
8.01851
8.95737
9.62734
10.1358
10.5377
10.9957
11.4136
11.5747
10.8337
9.0853
6.71453
3.69481
0.5327
-2.62521
-5.6482
-8.0409
-9.88922
-11.1031
-11.6666
-11.8436
-11.9696
-12.2918
-12.7404
-13.1363
-13.5299
-13.9828
-14.2582
-14.5337
-14.7596
-14.917
-15.1803
-15.2853
-15.3195
-15.0061
-13.8437
-11.8455
-8.99659
-5.50674
-1.92444
1.20873
3.4497
4.78589
5.16593
4.47262
2.98891
1.02805
-0.789477
-1.9095
-2.17002
-1.80772
-1.36933
-1.16111
-1.25448
-1.63358
-2.53744
-3.94878
-5.53101
-6.88353
-7.7225
-8.19778
-8.21832
-8.07312
-8.04651
-7.81401
-7.27991
-6.33357
-5.21074
-4.17289
-3.39135
-3.39555
-4.21303
-5.36714
-6.41527
-6.93022
-6.61415
-5.42504
-3.43523
-1.0033
1.67933
4.64723
7.60485
10.2235
12.3156
13.7727
14.7582
15.5753
16.4464
17.3848
17.9928
18.6286
19.4681
20.2389
21.2534
22.4962
24.1134
25.6293
26.5397
27.1317
27.6121
28.022
28.0211
27.3362
25.8899
23.9985
21.6408
18.8975
16.3348
13.8707
11.5261
9.41444
7.73418
6.83359
6.61042
6.82985
7.26218
7.72904
8.15997
8.17864
7.19028
5.36575
3.29984
1.47858
0.515893
0.597128
1.50193
2.96042
4.45301
5.51
5.72803
5.03893
3.97773
2.57013
0.955686
-0.604595
-1.96553
-2.60654
-2.55378
-1.98513
-1.25028
-0.816555
-0.796012
-1.15177
-1.9277
-3.33253
-5.2098
-7.14359
-8.93263
-10.2207
-10.7899
-11.0518
-11.1274
-11.0518
-10.8944
-10.6133
-10.1479
-9.37149
-8.39339
-7.26357
-6.07351
-4.91428
-3.93011
-3.19012
-2.59487
-2.33669
-2.68264
-3.74617
-5.21448
-6.61695
-8.01196
-9.32574
-10.5144
-11.8155
-13.049
-14.248
-15.4417
-16.2425
-16.4422
-15.9291
-14.3927
-11.767
-8.40227
-4.47169
-0.671357
2.26152
4.24853
5.17153
5.25463
4.5856
3.1229
1.17137
-0.709642
-2.2209
-3.38248
-4.10659
-4.66496
-5.2028
-5.71216
-6.12301
-6.44468
-6.93162
-7.58664
-8.19078
-8.42608
-8.096
-7.31819
-6.39565
-5.39609
-4.42219
-3.4413
-2.38851
-1.52713
-1.07894
-1.27035
-1.93565
-2.77741
-3.47071
-3.52907
-2.748
-1.04253
1.1443
3.26762
5.17667
6.48997
6.93863
6.45262
5.17526
3.52861
1.84134
0.295997
-1.08501
-2.30774
-3.55102
-4.88066
-6.24906
-7.67488
-8.79724
-9.4672
-10.083
-10.7945
-11.4164
-11.8174
-11.6018
-10.5256
-8.9359
-7.25564
-5.75558
-4.40259
-2.98611
-1.2909
0.524764
2.06077
3.09021
3.5907
3.84935
4.03096
4.28307
4.59074
4.96611
5.58191
6.30462
7.12165
7.74632
7.93774
7.58104
6.48577
4.76582
2.66816
0.853907
-0.503284
-1.64852
-2.7466
-3.95906
-4.86152
-5.36528
-5.93345
-6.69585
-7.45032
-7.83642
-7.58104
-6.55393
-4.89233
-2.89599
-0.780605
1.25354
3.10328
4.14254
4.58981
4.83772
4.38532
4.1206
4.18222
4.16215
4.15981
3.68221
2.8199
1.75543
0.719916
-0.0975744
-0.656885
-0.90806
-0.834763
-0.340347
0.537836
1.94451
3.83394
5.90918
7.91252
9.79868
11.5975
13.1784
14.4417
15.1597
15.1654
14.6341
13.7209
12.394
10.6764
8.65392
6.42647
3.95813
1.42255
-0.682562
-2.12146
-2.95202
-3.37594
-3.46931
-3.13457
-2.47487
-1.65506
-0.870245
-0.243704
0.280591
0.544372
0.53877
0.315139
-0.0359484
-0.301597
-0.609265
-1.03598
-1.77784
-2.87872
-4.17148
-5.56929
-6.87653
-8.00683
-8.82292
-9.2305
-9.1866
-8.75102
-7.99282
-6.82938
-5.10243
-2.87312
-0.430453
2.00708
4.25972
6.18323
7.42138
8.11421
8.41674
8.1539
7.39569
5.99135
4.06364
1.85814
-0.403374
-2.48328
-4.50203
-6.62302
-8.83039
-10.9429
-12.859
-14.4646
-15.756
-16.9035
-17.8401
-18.5221
-18.8672
-18.714
-18.284
-17.7733
-17.214
-16.658
-16.2112
-15.9726
-15.8363
-15.6705
-15.1737
-14.1098
-12.5047
-10.4808
-8.23512
-5.88303
-3.55802
-1.30117
0.78341
2.49496
3.77979
4.67198
5.40309
5.98715
6.15849
6.08053
6.14448
6.37419
6.66504
6.85553
6.80324
6.65244
6.51891
6.40266
6.1697
5.97454
6.13515
6.49277
6.88027
7.09596
6.97785
6.75422
6.46195
5.90078
5.01045
3.78912
2.48936
1.5318
1.07241
1.05839
1.31518
1.48231
1.3824
1.11675
0.65502
0.0775018
-0.588722
-1.34412
-1.79278
-1.70921
-1.13356
-0.110646
1.34272
3.23214
5.36014
7.49048
9.33134
10.6834
11.5957
12.1433
12.4052
12.3109
12.0831
11.8086
11.2595
10.486
9.58485
8.65345
7.631
6.70427
5.90778
5.16965
4.69625
4.36477
4.12947
3.78445
3.17566
2.41886
1.38007
0.160138
-0.950547
-1.85674
-2.49356
-2.88432
-3.15091
-3.39648
-3.72703
-4.08185
-4.45534
-4.84285
-5.10522
-5.21961
-5.08655
-4.54825
-3.49966
-2.10792
-0.6158
0.685367
1.51079
1.91417
1.75823
1.14756
0.443995
-0.176009
-0.537833
-0.448194
0.349221
1.65225
3.23402
4.77048
5.968
6.88961
7.34294
7.43258
7.16086
6.65524
6.27754
6.01562
5.98108
6.1907
6.50164
6.82145
7.15106
7.36815
7.54977
7.79114
7.95687
8.18424
8.28088
7.98115
7.20942
5.86716
4.07625
2.00568
-0.137725
-2.06404
-3.53607
-4.49503
-5.05341
-5.34006
-5.32699
-5.15238
-5.13091
-5.37695
-5.92738
-6.79436
-7.81074
-8.67632
-9.19781
-9.13198
-8.39806
-7.37188
-6.40079
-5.70235
-5.40823
-5.53194
-5.99368
-6.53198
-6.82378
-6.72293
-6.37371
-5.80647
-4.75601
-3.13364
-1.16251
0.692837
1.987
2.65836
2.71252
2.24098
1.6868
1.19799
0.797416
0.612068
0.499553
0.298799
0.0303475
-0.24277
-0.469203
-0.537833
-0.549972
-0.495348
-0.452395
-0.579385
-0.965019
-2.01081
-3.61264
-5.46331
-7.06749
-7.90272
-8.03251
-7.60578
-6.89334
-6.18183
-5.81067
-5.81674
-5.99975
-6.33636
-6.65383
-6.76449
-6.50398
-5.84569
-4.81811
-3.54074
-2.24517
-0.965953
0.0747
0.698906
1.07754
1.36233
1.63171
1.97393
2.41092
2.87032
3.24569
3.39275
3.33812
3.13644
2.76295
2.32035
1.7699
0.823561
-0.334277
-1.21152
-1.66766
-1.70595
-1.45617
-1.04532
-0.474805
0.103646
0.603198
1.22461
2.0052
2.90441
3.86756
4.76161
5.56417
6.11927
6.42554
6.64777
6.9433
7.44052
7.96901
8.42935
9.02741
9.85843
10.6792
11.3286
11.7927
11.9827
11.9561
11.7694
11.4892
11.2908
11.1596
11.0755
11.0737
11.098
11.119
11.0322
10.7474
10.281
9.60633
8.76176
7.8565
6.99932
6.3317
5.86296
5.7047
5.94747
6.2612
6.3275
5.86716
4.78075
3.45578
2.15228
0.730186
-0.831494
-2.40858
-3.8923
-5.10429
-6.10946
-7.02406
-7.7944
-8.42935
-8.76829
-8.80237
-8.80611
-8.85653
-9.0274
-9.24124
-9.22396
-8.83972
-8.10954
-7.32193
-6.75002
-6.50677
-6.59687
-6.86719
-7.22809
-7.60065
-7.85696
-7.83408
-7.41763
-6.83452
-6.36578
-6.04644
-5.76865
-5.35454
-4.70839
-3.8106
-2.9142
-2.29607
-1.88336
-1.66486
-1.66066
-2.01594
-2.79889
-3.74524
-4.75554
-5.80926
-6.89288
-8.02504
-9.27812
-10.4868
-11.2974
-11.5522
-11.2166
-10.5093
-9.59232
-8.70853
-8.0862
-7.62119
-7.24723
-6.83872
-6.32143
-5.74625
-5.18693
-4.67384
-4.18876
-3.68688
-3.23962
-2.94361
-2.73912
-2.60561
-2.27786
-1.61911
-0.634941
0.6821
1.9221
2.96789
3.92078
4.73687
5.46238
6.01143
6.26167
6.30556
6.37231
6.60482
7.06235
7.59225
7.9326
8.15249
8.39527
8.73002
9.10957
9.35422
9.48168
9.55544
9.64695
9.73191
9.7842
9.87059
9.83744
9.60633
9.1558
8.66045
8.32803
8.0213
7.87704
7.96201
8.26174
8.88081
9.45553
9.82156
10.0606
10.0451
9.76227
9.11611
8.15669
7.22856
6.48017
5.89237
5.39889
4.85825
4.21631
3.56176
2.8045
1.87122
0.844103
-0.386567
-1.75169
-3.13924
-4.54638
-5.91478
-7.30886
-8.70807
-10.0802
-11.3566
-12.5625
-13.7251
-14.7274
-15.6313
-16.2536
-16.4586
-16.3582
-16.0296
-15.6201
-15.1416
-14.5482
-13.8371
-12.9716
-11.9972
-11.0293
-10.0783
-9.20855
-8.43635
-7.75612
-7.10857
-6.42647
-5.86529
-5.4325
-5.18413
-5.06927
-4.95443
-4.88673
-4.84845
-4.77702
-4.64303
-4.40539
-3.90723
-3.33906
-2.7592
-1.90203
-0.717577
0.765669
2.40018
4.10986
5.85316
7.51662
9.09044
10.4579
11.4654
12.1345
12.423
12.4706
12.2175
11.6073
10.8552
9.91678
9.02835
8.20292
7.50448
7.12678
6.92183
6.82985
6.65058
6.39473
6.05812
5.60525
5.09962
4.53659
4.05571
3.69902
3.42963
3.16259
3.01225
2.92448
2.6028
1.99867
1.02384
-0.30253
-1.99867
-4.02955
-6.17016
-8.20338
-9.92845
-11.3875
-12.6046
-13.4987
-14.106
-14.5118
-14.7046
-14.6845
-14.3361
-13.662
-12.7717
-11.556
-10.1726
-8.6231
-7.01566
-5.52634
-4.00948
-2.69664
-1.47298
-0.306266
0.583589
1.39128
2.00427
2.30774
2.30074
2.0052
1.70221
1.52527
1.42255
1.32825
1.15597
0.897326
0.490683
-0.128854
-0.824491
-1.46877
-1.85534
-1.79091
-1.4501
-0.998631
-0.456597
0.169476
0.896393
1.56355
2.11866
2.50056
2.69011
2.81103
2.86705
3.04587
3.3386
3.60751
3.8022
3.78398
3.59023
3.35867
3.11029
2.74707
2.24331
1.60184
1.06073
0.921137
1.05372
1.37353
1.8264
2.20876
2.51316
2.73166
2.80029
2.71766
2.40486
1.86702
1.20126
0.420185
-0.405708
-1.14383
-1.73116
-2.10839
-2.21576
-2.03275
-1.60137
-1.07706
-0.611599
-0.311867
-0.184411
-0.239503
-0.534098
-0.997699
-1.62751
-2.44033
-3.30777
-4.04216
-4.57486
-4.89794
-5.05527
-5.07021
-4.8774
-4.64349
-4.47121
-4.2882
-4.00995
-3.5258
-2.85258
-2.15367
-1.55187
-1.00563
-0.40851
0.310003
1.03086
1.64245
2.14573
2.61821
3.10328
3.51927
3.75644
3.77138
3.81667
4.05197
4.47635
4.98757
5.43857
5.82842
6.13935
6.33543
6.32096
6.24066
6.20331
6.26354
6.51145
6.77709
7.04041
7.36162
7.78833
8.24073
8.63337
9.06663
9.60913
10.2132
10.7282
11.1494
11.3823
11.4658
11.5154
11.3743
11.2021
11.1134
10.9798
10.7749
10.4659
10.0191
9.50969
8.94524
8.13895
7.1039
6.01003
5.02306
4.25879
3.70275
3.16725
2.57759
2.0617
1.50379
0.951017
0.429056
-0.256777
-1.24235
-2.52344
-3.8162
-4.91988
-5.70516
-6.22245
-6.57073
-6.83452
-7.16039
-7.66368
-8.3341
-9.0699
-9.87902
-10.6419
-11.2838
-11.7002
-12.0154
-12.2829
-12.3949
-12.4458
-12.422
-12.4589
-12.3711
-12.078
-11.6587
-10.9972
-10.2553
-9.55497
-9.0699
-9.01433
-9.34535
-9.76786
-10.0037
-10.0008
-9.76039
-9.22069
-8.38079
-7.27524
-6.06838
-5.0394
-4.22051
-3.70602
-3.47725
-3.29563
-3.15791
-2.96509
-2.6831
-2.39318
-1.92024
-1.08547
-4.65998E-4
1.12656
2.22978
3.18779
4.00202
4.62669
5.03053
5.27751
5.16032
4.80036
4.23685
3.59257
3.22234
3.06314
3.09956
2.99544
2.68684
2.40065
2.07384
1.80026
1.52807
1.27316
1.24747
1.49025
1.81566
2.24938
2.64202
2.84184
3.13364
3.56176
4.23078
5.19814
6.32516
7.48253
8.63477
9.77207
10.6909
11.2184
11.2572
11.013
10.738
10.486
10.2464
9.94483
9.62314
9.33601
9.05589
8.63011
8.16276
7.74492
7.22902
6.64497
5.86249
4.9549
4.14067
3.49173
3.16585
3.16445
3.38715
3.69201
3.97961
4.1248
4.07064
4.03376
4.04357
4.04917
4.16355
4.52678
5.1762
6.00862
6.863
7.56751
8.21178
8.81919
9.35982
9.87108
10.2856
10.6236
10.8393
10.857
10.6465
10.3183
9.92051
9.36869
8.69826
7.86257
6.87047
5.79573
4.57533
3.15231
1.60277
-0.140059
-2.01501
-3.81527
-5.59311
-7.21781
-8.62403
-9.79447
-10.4808
-10.6353
-10.4051
-9.87569
-9.17167
-8.38966
-7.55303
-6.87046
-6.42974
-6.21825
-6.23973
-6.35364
-6.44561
-6.44561
-6.2682
-5.9596
-5.55715
-5.06367
-4.65843
-4.30454
-3.94973
-3.64905
-3.39928
-3.2849
-3.31291
-3.43803
-3.65653
-3.96933
-4.30361
-4.69905
-5.29337
-6.10573
-7.11183
-8.34204
-9.70717
-11.1092
-12.4692
-13.6583
-14.7111
-15.4609
-15.7933
-15.7485
-15.4277
-15.0071
-14.431
-13.7545
-13.0056
-12.1872
-11.4714
-10.8991
-10.4075
-9.96905
-9.54564
-9.10584
-8.62823
-8.04558
-7.38962
-6.75095
-6.13561
-5.56929
-5.00905
-4.44834
-4.06177
-3.85589
-3.72796
-3.43616
-2.81336
-1.95992
-0.919733
0.184415
1.31144
2.35817
3.24522
3.99081
4.48056
4.75928
4.85265
4.93062
5.07862
5.17667
5.20608
5.17339
5.24203
5.50067
6.04224
6.75468
7.55163
8.4018
9.3136
10.5835
11.8852
13.1606
14.4142
15.3978
16.325
17.0529
17.5515
17.847
17.9222
17.8233
17.481
16.9829
16.3806
15.8633
15.3978
14.7858
14.0906
13.24
12.2003
11.1648
10.1003
8.97606
7.89105
6.68792
5.43018
4.22938
2.8876
1.41229
-0.184411
-1.91696
-3.50293
-4.79335
-5.89517
-6.77288
-7.38915
-7.81915
-7.95594
-7.82708
-7.55677
-7.10437
-6.53712
-5.88069
-5.25602
-4.8125
-4.48102
-4.19436
-3.91518
-3.64719
-3.44363
-3.31944
-3.24755
-3.34326
-3.60471
-4.16448
-5.06601
-6.00955
-7.06655
-8.10674
-8.9429
-9.67029
-10.2179
-10.6101
-10.8981
-11.028
-10.95
-10.647
-10.232
-9.8244
-9.47093
-9.10444
-8.57361
-7.89944
-7.16133
-6.43674
-5.71589
-4.92828
-3.9614
-2.86518
-1.85721
-0.862308
0.121388
1.0542
1.87262
2.53137
3.06594
3.34186
3.53935
3.77698
4.05664
4.42266
4.67945
4.70932
4.42733
3.97166
3.361
2.57666
1.8194
1.10835
0.578453
0.00933869
-0.737186
-1.58035
-2.63735
-3.73217
-4.70558
-5.46098
-6.06325
-6.50303
-6.89848
-7.27524
-7.39056
-7.39056
-7.1095
-6.46569
-5.60151
-4.446
-3.19666
-2.11072
-1.17044
-0.40851
0.229701
0.884721
1.43656
1.88289
2.16442
2.25545
2.25826
2.2055
2.1518
2.11913
2.14761
2.34043
2.77181
3.33532
4.00154
4.67758
5.21448
5.64353
6.02357
6.45262
6.95777
7.46619
7.89151
8.21038
8.54327
8.90275
9.09604
9.10211
8.95832
8.65952
8.31729
7.9592
7.55677
7.12211
6.62536
6.0161
5.29432
4.4474
3.53047
2.61587
1.70875
0.936543
0.272653
-0.465935
-1.27176
-2.08411
-2.81383
-3.41189
-4.10052
-4.94695
-5.88864
-6.93722
-7.83175
-8.65764
-9.61753
-10.5359
-11.3342
-11.8001
-11.8118
-11.4444
-10.76
-9.80802
-8.60255
-7.20241
-5.69535
-4.28773
-3.02906
-1.93705
-1.06633
-0.356687
0.223632
0.748861
1.22507
1.5841
1.75216
1.78718
1.81753
1.93191
2.22604
2.69291
3.22934
3.70509
4.17709
4.71913
5.34754
6.05624
6.71687
7.28411
7.78226
8.21038
8.56474
8.82852
9.0148
9.14226
9.09557
8.85046
8.33504
7.51848
6.51191
5.14165
3.6626
2.29887
0.927673
-0.178343
-1.04065
-1.74049
-2.18729
-2.65602
-3.26576
-3.91611
-4.62808
-5.23875
-5.51841
-5.51934
-5.28077
-4.82464
-4.32415
-3.75224
-3.16258
-2.70084
-2.25826
-1.9095
-1.59483
-1.32591
-1.28576
-1.40574
-1.77504
-2.19662
-2.50989
-2.80403
-3.03466
-3.26155
-3.34606
-3.20646
-2.94502
-2.58973
-2.2223
-1.90577
-1.56868
-1.16344
-0.6905
-0.118583
0.466871
1.04672
1.66206
2.26386
2.84044
3.31758
3.63085
3.75924
3.73777
3.68548
3.66493
3.68267
3.63972
3.50806
3.3638
3.15371
2.86472
2.5169
2.0757
1.66439
1.32218
0.919269
0.46267
-0.0648937
-0.671357
-1.31611
-1.9912
-2.69664
-3.31898
-3.74617
-4.04403
-4.12807
-4.02583
-3.87502
-3.69948
-3.55802
-3.40395
-3.22374
-3.05054
-2.87919
-2.73446
-2.58459
-2.40812
-2.18542
-1.89036
-1.55001
-1.20826
-0.894988
-0.604595
-0.450995
-0.504685
-0.758663
-1.20826
-1.77597
-2.36283
-2.93568
-3.52114
-4.03236
-4.54591
-5.10382
-5.56883
-5.89891
-6.05111
-6.23973
-6.53245
-6.67064
-6.83965
-7.08009
-7.03153
-6.8616
-6.78316
-6.73087
-6.64403
-6.40453
-5.92786
-5.16965
-4.27606
-3.39135
-2.56732
-1.88195
-1.34319
-0.972956
-0.737186
-0.521959
-0.26518
0.0364168
0.342217
0.595728
0.757731
0.859978
0.982293
1.16111
1.43189
1.68914
1.8236
1.88429
1.86421
1.85021
1.86562
1.96412
2.22137
2.57852
3.06454
3.57809
4.14161
4.72006
5.09869
5.27377
5.29898
5.30832
5.36061
5.51514
5.75185
6.0189
6.41014
6.93396
7.59879
8.24493
8.71087
8.9191
8.80938
8.49004
8.12075
7.84016
7.6338
7.48347
7.44939
7.52969
7.7071
7.88171
7.90412
7.74725
7.46432
7.09036
6.67718
6.22152
5.70376
5.20141
4.65517
4.07531
3.62992
3.23869
2.94875
2.82643
2.72979
2.72138
2.82317
3.01365
3.26155
3.38575
3.24848
2.86098
2.37403
1.90296
1.48605
1.12936
0.873049
0.691436
0.46407
0.200289
-0.0182072
-0.184411
-0.348283
-0.453796
-0.437923
-0.311867
-0.107378
0.0732996
0.161538
0.168542
0.124188
0.0676971
0.0401522
0.00513654
-0.0462199
-0.0536887
-0.0583576
-0.0704953
-0.0994414
-0.184878
-0.28012
-0.451462
-0.751659
-1.27502
-2.06123
-2.94128
-3.86896
-4.78215
-5.72616
-6.74207
-7.7776
-8.86494
-9.89481
-10.8333
-11.6862
-12.506
-13.3348
-14.0253
-14.4982
-14.6914
-14.6135
-14.388
-14.0304
-13.522
-12.9015
-12.1499
-11.2777
-10.3103
-9.23703
-8.10114
-6.98485
-5.91852
-4.91895
-4.02162
-3.24428
-2.66676
-2.27739
-2.02668
-1.86608
-1.72509
-1.57289
-1.36
-1.11768
-0.830094
-0.506552
-0.169472
0.0630281
0.0779686
-0.0760978
-0.410377
-0.750259
-1.02525
-1.24047
-1.35672
-1.46177
-1.50799
-1.47158
-1.3021
-1.0061
-0.688165
-0.383299
-0.14146
0.051823
0.168075
0.189084
0.178346
0.178812
0.233437
0.388904
0.711045
1.15084
1.66999
2.29607
2.91608
3.46185
3.94646
4.40726
4.85032
5.22895
5.56136
5.82701
6.102
6.3924
6.56374
6.55439
6.27521
5.71636
4.93529
4.08232
3.2737
2.54818
1.93658
1.41836
1.00003
0.569584
0.0275467
-0.661554
-1.43422
-2.18309
-2.86658
-3.34092
-3.57249
-3.56642
-3.23821
-2.57619
-1.74095
-0.826825
0.155936
1.00564
1.65506
2.09625
2.32595
2.42119
2.39925
2.35162
2.32315
2.34836
2.40391
2.3675
2.26386
2.18216
2.13313
2.17002
2.3801
2.71626
3.08742
3.39601
3.61778
3.76158
3.78959
3.71069
3.56876
3.43244
3.37687
3.45251
3.59583
3.78772
4.00762
4.17009
4.25693
4.21817
4.09352
3.88623
3.50527
2.96277
2.20269
1.30397
0.436058
-0.422982
-1.18399
-1.74143
-2.03649
-2.02761
-1.78671
-1.42536
-1.07146
-0.755394
-0.500483
-0.311867
-0.157334
-0.0228752
0.142396
0.343151
0.575652
0.81329
1.00704
1.16858
1.27783
1.29557
1.24795
1.2022
1.25308
1.40341
1.50472
1.53367
1.53227
1.48651
1.47858
1.55422
1.76383
2.12753
2.53697
2.91281
3.23495
3.51227
3.71115
3.84982
3.98614
4.1248
4.27467
4.4418
4.6547
4.93249
5.28218
5.63093
5.93345
6.22479
6.52872
6.85226
7.01286
6.89568
6.5516
5.99088
5.21261
4.25365
3.17145
2.11539
1.32964
0.827296
0.528499
0.385636
0.256312
0.0546248
-0.289458
-0.807217
-1.44263
-2.10092
-2.73259
-3.28817
-3.70741
-4.05664
-4.35356
-4.60334
-4.86619
-5.16358
-5.45912
-5.70002
-5.84288
-5.84148
-5.7453
-5.53662
-5.22008
-4.88954
-4.59494
-4.47355
-4.50576
-4.61315
-4.79335
-4.95536
-5.02866
-4.96423
-4.72939
-4.36011
-3.9684
-3.63645
-3.46231
-3.56222
-3.92685
-4.56365
-5.43157
-6.37605
-7.29158
-8.03437
-8.50218
-8.7893
-8.94851
-8.99052
-8.98959
-8.87754
-8.62169
-8.27295
-7.80794
-7.20941
-6.42647
-5.46986
-4.39371
-3.26903
-2.20503
-1.22366
-0.336145
0.405244
0.94308
1.21013
1.15784
0.831031
0.361826
-0.114381
-0.577984
-1.08313
-1.58269
-2.14667
-2.87732
-3.69481
-4.58514
-5.44324
-6.15055
-6.68138
-6.92415
-6.90875
-6.64823
-6.12207
-5.42457
-4.5912
-3.69155
-2.81149
-1.99727
-1.34226
-0.852971
-0.478073
-0.0788996
0.470606
1.09528
1.80538
2.57339
3.29798
4.11173
5.02119
5.88304
6.68465
7.38216
8.08199
8.76222
9.25571
9.60866
9.78234
9.88089
9.9462
9.96679
10.0214
10.1153
10.336
10.6414
11.0569
11.5172
11.9243
12.3086
12.5229
12.6489
12.7848
12.9178
13.1023
13.3413
13.6317
13.9034
14.1714
14.3404
14.3451
14.1635
13.7419
13.2442
12.6205
11.9491
11.3212
10.6082
9.90374
9.17914
8.37472
7.56844
6.82098
6.15756
5.58191
5.03007
4.4843
4.00622
3.48939
2.94922
2.39831
1.79792
1.25402
0.768003
0.372097
0.0714324
-0.176476
-0.381431
-0.559775
-0.749325
-1.04532
-1.45196
-2.01828
-2.67003
-3.24802
-3.78212
-4.23451
-4.57486
-4.72239
-4.68598
-4.5716
-4.47355
-4.52538
-4.55712
-4.6687
-4.87366
-4.95069
-5.0422
-5.06088
-5.02166
-4.92688
-4.6547
-4.34796
-4.13788
-4.08652
-4.12807
-4.21817
-4.36523
-4.59634
-5.00158
-5.5651
-6.18603
-6.8079
-7.40596
-7.96621
-8.41768
-8.67492
-8.75195
-8.67352
-8.49891
-8.33924
-8.23886
-8.22159
-8.27434
-8.42001
-8.6273
-8.77063
-8.8738
-8.88454
-8.79584
-8.66558
-8.4046
-8.05025
-7.67021
-7.2379
-6.69539
-6.06325
-5.44184
-4.92035
-4.5095
-4.18082
-3.96373
-3.79239
-3.61871
-3.48145
-3.35867
-3.22327
-3.02345
-2.70552
-2.31474
-1.8362
-1.17044
-0.371627
0.455667
1.21573
1.82173
2.30214
2.64389
2.82457
2.88946
2.89086
2.88946
2.84417
2.76434
2.72372
2.65602
2.52344
2.33388
2.12287
1.96319
1.77084
1.49119
1.20966
0.975294
0.796949
0.669494
0.601331
0.578453
0.607866
0.658288
0.617671
0.59993
0.655954
0.787144
1.13916
1.55188
1.94172
2.27226
2.46881
2.65183
2.74614
2.72419
2.74053
2.84371
2.96042
3.13457
3.28163
3.33205
3.34979
3.23962
3.11869
2.97444
2.76014
2.52344
2.29
2.1322
1.92351
1.69334
1.46691
1.22366
1.02851
0.849705
0.72365
0.63868
0.512625
0.441194
0.472475
0.535502
0.649418
0.839434
1.19706
1.7685
2.54491
3.41189
4.12293
4.67104
5.05247
5.27563
5.38816
5.30552
5.0338
4.64162
4.2742
3.96606
3.74803
3.55195
3.213
2.8269
2.29233
1.6868
1.12003
0.597128
0.229234
-0.118116
-0.347816
-0.446793
-0.53223
-0.630273
-0.838497
-1.07987
-1.30537
-1.55841
-1.86141
-2.20362
-2.54258
-2.82877
-3.09769
-3.39835
-3.73029
-4.10099
-4.50062
-4.93528
-5.37274
-5.74764
-5.95353
-5.94793
-5.83868
-5.68835
-5.51327
-5.36061
-5.24109
-5.12951
-4.98197
-4.72846
-4.34844
-3.83674
-3.2172
-2.54725
-1.83433
-1.05886
-0.225496
0.618604
1.4361
2.1518
2.75687
3.26762
3.59817
3.76484
3.85729
3.89044
3.88343
3.83721
3.74617
3.65886
3.55569
3.44411
3.32552
3.16865
3.01925
2.889
2.7536
2.60701
2.46227
2.297
2.13827
2.00894
1.87495
1.7503
1.64572
1.53274
1.40902
1.27783
1.11956
0.934209
0.705442
0.425787
0.0803025
-0.310934
-0.762864
-1.25635
-1.69567
-2.0715
-2.33062
-2.51316
-2.70971
-2.93428
-3.1243
-3.23074
-3.26669
-3.199
-3.07995
-2.95015
-2.85118
-2.84091
-2.93521
-3.15745
-3.45858
-3.77651
-4.0501
-4.23218
-4.29334
-4.23544
-4.13694
-4.06224
-4.02862
-4.08185
-4.26113
-4.49829
-4.7462
-5.04593
-5.36061
-5.66734
-6.00769
-6.33216
-6.61368
-6.84152
-7.03761
-7.27617
-7.5068
-7.66461
-7.77293
-7.86536
-7.87517
-7.7888
-7.63566
-7.35928
-6.92275
-6.3345
-5.70049
-4.9745
-4.14114
-3.29096
-2.3745
-1.46924
-0.649415
0.0681639
0.597128
0.930007
1.15551
1.33152
1.5318
1.81145
2.10512
2.3619
2.53651
2.58553
2.46461
2.22744
1.93377
1.55001
1.16904
0.824961
0.454266
0.107382
-0.137258
-0.24137
-0.214758
-0.102242
0.0499559
0.225966
0.454266
0.6849
0.874917
1.00891
1.02805
1.01405
0.970625
0.901528
0.907598
0.95942
1.09201
1.3049
1.52807
1.74236
1.91557
1.99774
1.95152
1.81846
1.65225
1.49352
1.34366
1.24094
1.25308
1.35673
1.5248
1.6882
1.76897
1.72416
1.53087
1.26428
0.962222
0.648951
0.404311
0.246976
0.173677
0.192818
0.254912
0.26565
0.192352
0.0873064
-0.0144719
-0.0532219
0.0270799
0.142863
0.277789
0.461736
0.703575
1.04579
1.37307
1.66113
1.94265
2.20597
2.5071
2.89506
3.38668
3.84935
4.35591
4.94976
5.64867
6.52779
7.38496
8.26174
9.0867
9.80194
10.5153
11.1181
11.6493
12.055
12.296
12.387
12.3501
12.2698
12.1101
11.8749
11.4565
10.8734
10.2875
9.68243
9.05402
8.35231
7.59552
6.88494
6.17016
5.36761
4.47216
3.47865
2.39318
1.34179
0.415516
-0.374428
-1.0033
-1.53973
-2.03882
-2.4632
-2.8381
-3.2256
-3.60237
-3.93712
-4.25225
-4.58279
-4.86852
-5.08141
-5.2663
-5.38581
-5.52868
-5.7243
-5.85222
-5.94886
-5.99741
-5.91151
-5.7229
-5.37928
-4.86478
-4.30408
-3.7317
-3.23728
-2.88806
-2.65462
-2.48515
-2.34322
-2.27553
-2.25265
-2.24004
-2.22884
-2.22604
-2.21717
-2.19288
-2.22697
-2.31054
-2.40765
-2.50896
-2.57245
-2.56312
-2.56499
-2.70364
-2.93568
-3.1159
-3.22234
-3.2681
-3.21114
-3.0734
-2.83391
-2.53277
-2.22371
-1.86188
-1.46504
-1.00891
-0.480875
0.0789021
0.53877
0.829163
1.07334
1.28576
1.522
1.81193
2.12426
2.40532
2.58459
2.71066
2.78162
2.74753
2.52156
2.25919
2.0757
1.9137
1.87169
1.86608
1.832
1.7475
1.54534
1.25588
0.873516
0.416449
-0.0854357
-0.668557
-1.28343
-1.82033
-2.30774
-2.7522
-3.10936
-3.33906
-3.38854
-3.24101
-2.87032
-2.37684
-1.9011
-1.4585
-1.01777
-0.585453
-0.223162
0.00700471
0.118587
0.193752
0.209626
0.149399
0.0331482
-0.152197
-0.37116
-0.610198
-0.861841
-1.13776
-1.41929
-1.57522
-1.59623
-1.50472
-1.28062
-1.09154
-0.99256
-0.913663
-0.893121
-0.919733
-0.929537
-0.921134
-0.943543
-0.959884
-0.898724
-0.820757
-0.761464
-0.656418
-0.57098
-0.526628
-0.471537
-0.480408
-0.519625
-0.555573
-0.563511
-0.495348
-0.470603
-0.484143
-0.514956
-0.586853
-0.628873
-0.656418
-0.592924
-0.399173
-0.181144
0.0943084
0.366027
0.643349
0.919735
1.05886
1.13637
1.18772
1.25075
1.30771
1.30444
1.226
1.03598
0.845971
0.732521
0.763335
0.999102
1.33385
1.61351
1.81006
1.9095
1.86374
1.71202
1.5318
1.35953
1.19052
1.05372
0.918335
0.763335
0.605065
0.421118
0.240439
0.0340818
-0.186746
-0.350151
-0.502351
-0.673692
-0.864175
-1.12796
-1.49865
-1.93331
-2.35349
-2.72652
-3.02719
-3.23588
-3.38108
-3.45204
-3.44083
-3.42169
-3.45624
-3.47399
-3.49266
-3.55709
-3.59023
-3.64252
-3.72329
-3.78445
-3.86149
-4.00295
-4.19389
-4.41706
-4.74434
-5.12997
-5.52588
-5.95774
-6.38072
-6.79857
-7.15105
-7.33127
-7.30793
-7.0418
-6.57447
-5.99368
-5.39795
-4.84285
-4.31528
-3.80686
-3.3526
-2.96789
-2.5818
-2.17609
-1.7489
-1.28762
-0.796478
-0.307199
0.13446
0.442128
0.558378
0.578453
0.541571
0.469206
0.378167
0.279657
0.26285
0.374432
0.569584
0.712445
0.869313
1.15363
1.46037
1.88755
2.54725
3.29751
4.19903
5.27284
6.30742
7.30886
8.28322
9.14179
9.88461
10.5205
11.02
11.3197
11.4244
11.3958
11.3239
11.1998
10.9644
10.6904
10.3977
10.0517
9.67916
9.30753
8.94104
8.56521
8.13195
7.67488
7.20708
6.66785
6.08053
5.47873
4.86899
4.23779
3.57202
2.85865
2.0687
1.26149
0.498619
-0.197484
-0.718512
-1.03832
-1.19845
-1.18538
-1.03879
-0.786208
-0.49955
-0.237635
0.0256785
0.321675
0.693304
1.12422
1.59343
2.08411
2.5337
2.96743
3.37781
3.69762
3.99547
4.31949
4.62576
4.86666
4.99738
4.99225
4.88394
4.65936
4.25646
3.7527
3.25222
2.71952
2.20737
1.79419
1.39874
1.04532
0.701241
0.296464
-0.116249
-0.553706
-0.959884
-1.37493
-1.78952
-2.12286
-2.45247
-2.7522
-3.0398
-3.28023
-3.37408
-3.37968
-3.2835
-3.10282
-2.92821
-2.72933
-2.55845
-2.51923
-2.55238
-2.58039
-2.60747
-2.63642
-2.64155
-2.64109
-2.70084
-2.78115
-2.85118
-2.92775
-2.94735
-2.89179
-2.78534
-2.6649
-2.5183
-2.32408
-2.0617
-1.78017
-1.54487
-1.29603
-1.14383
-1.11815
-1.17137
-1.33105
-1.55141
-1.83246
-2.11539
-2.3745
-2.62568
-2.87686
-3.12009
-3.32272
-3.52067
-3.69948
-3.80966
-3.79519
-3.69808
-3.60424
-3.47164
-3.28023
-3.05006
-2.8171
-2.53044
-2.16207
-1.79885
-1.39921
-0.94401
-0.463601
0.0312811
0.457534
0.830564
1.17978
1.44963
1.66159
1.84928
2.02295
2.17375
2.3675
2.64202
2.93801
3.25455
3.53328
3.77698
4.00528
4.16822
4.22051
4.17616
4.14114
4.10286
4.05011
4.00435
3.93432
3.85448
3.73963
3.54308
3.31945
3.11916
2.90907
2.72326
2.61541
2.50149
2.3591
2.24798
2.12192
1.96132
1.77645
1.58363
1.42583
1.33619
1.31891
1.32031
1.36653
1.46131
1.55234
1.64759
1.71482
1.73395
1.71995
1.67326
1.58129
1.43096
1.21387
0.919269
0.56258
0.168075
-0.20402
-0.549505
-0.931405
-1.374
-1.86934
-2.39318
-2.92821
-3.41609
-3.83768
-4.2247
-4.53098
-4.68691
-4.69811
-4.61408
-4.48102
-4.3643
-4.27794
-4.23218
-4.27373
-4.37457
-4.48849
-4.62669
-4.77702
-4.86573
-4.91381
-4.92175
-4.85311
-4.76908
-4.72706
-4.77749
-4.93716
-5.2042
-5.56322
-5.97127
-6.31816
-6.56934
-6.81024
-6.98532
-7.06001
-7.08382
-7.04881
-6.98391
-6.89427
-6.72807
-6.54179
-6.33123
-6.07492
-5.79573
-5.51934
-5.30131
-5.10849
-4.9535
-4.82837
-4.73313
-4.60101
-4.39185
-4.17569
-3.90163
-3.64019
-3.41749
-3.19572
-2.94361
-2.65462
-2.44827
-2.30681
-2.21904
-2.17002
-2.13219
-2.08178
-1.98046
-1.92163
-1.89922
-1.84134
-1.75357
-1.65552
-1.53834
-1.43189
-1.34505
-1.19799
-0.994434
-0.775936
-0.5383
-0.241837
0.13586
0.580788
1.09575
1.60884
2.03742
2.42913
2.78722
3.13878
3.53842
3.8727
4.14674
4.39372
4.54359
4.6491
4.70886
4.67898
4.60195
4.45768
4.3531
4.29101
4.23685
4.31015
4.41333
4.55479
4.69905
4.79103
4.89794
4.93576
4.8802
4.7308
4.51183
4.24292
3.98754
3.78025
3.56642
3.41563
3.34653
3.29144
3.21254
3.09302
3.00851
2.9567
2.8101
2.59954
2.35303
2.08225
1.82873
1.48045
1.06634
0.6821
0.339883
0.0658289
-0.184411
-0.401974
-0.583586
-0.734852
-0.811419
-0.832428
-0.790877
-0.682096
-0.56071
-0.420182
-0.256777
-0.075631
0.153602
0.397308
0.636346
0.862778
1.03739
1.16765
1.25821
1.34366
1.44357
1.53881
1.70642
1.92257
2.11585
2.31802
2.49775
2.63455
2.69197
2.69245
2.67704
2.55939
2.39972
2.2774
2.20036
2.19569
2.24191
2.35443
2.53464
2.71485
2.88339
3.07528
3.2695
3.52814
3.91471
4.3405
4.7392
5.1071
5.43578
5.69162
5.8667
5.92739
5.84102
5.64446
5.3424
4.92782
4.42966
3.83348
3.16912
2.52904
1.88522
1.24701
0.607866
-0.115782
-0.89779
-1.7531
-2.66116
-3.60004
-4.50903
-5.34287
-6.1146
-6.76776
-7.3392
-7.74258
-7.98862
-8.12261
-8.11841
-8.06985
-7.92979
-7.74258
-7.54416
-7.34014
-7.15992
-6.93956
-6.71033
-6.44561
-6.1781
-5.93859
-5.65801
-5.32933
-4.91754
-4.45254
-3.95533
-3.48052
-3.05147
-2.65136
-2.2872
-1.89222
-1.5192
-1.1429
-0.75306
-0.368359
-9.32795E-4
0.303467
0.614402
0.900595
1.15971
1.388
1.59296
1.7699
1.9067
2.03742
2.12987
2.2055
2.24425
2.25919
2.2209
2.0617
1.87588
1.6756
1.42302
1.17371
0.932809
0.691903
0.440728
0.174144
-0.126054
-0.455196
-0.71711
-0.963619
-1.19332
-1.39081
-1.58689
-1.69521
-1.81239
-1.96132
-2.11726
-2.34415
-2.58973
-2.89413
-3.24195
-3.5879
-3.91657
-4.17662
-4.4138
-4.62155
-4.77421
-4.87786
-4.9054
-4.84985
-4.73127
-4.5081
-4.14394
-3.71536
-3.28537
-2.86144
-2.4296
-1.99913
-1.59716
-1.19985
-0.826825
-0.521025
-0.236234
0.0126063
0.205424
0.362293
0.486947
0.626074
0.787144
0.936543
1.06493
1.20266
1.32311
1.44029
1.5234
1.55655
1.64712
1.76011
1.91184
2.09672
2.30121
2.47348
2.55332
2.61028
2.61028
2.56359
2.48048
2.37824
2.23771
2.0491
1.87915
1.72509
1.54955
1.33245
1.11162
0.871648
0.609268
0.379101
0.221765
0.124188
0.109716
0.181614
0.279189
0.409914
0.52243
0.641481
0.775473
0.873049
1.01965
1.23161
1.51873
1.88616
2.30821
2.75734
3.14064
3.4483
3.69902
3.88249
4.02256
4.12947
4.19296
4.18783
4.13647
4.09306
4.04404
3.95346
3.86055
3.75738
3.62012
3.48332
3.33253
3.21534
3.12897
3.051
3.00291
2.91094
2.83064
2.77088
2.6663
2.61354
2.61401
2.58133
2.54258
2.56078
2.60468
2.64856
2.7284
2.8269
2.8988
2.95342
2.99218
2.96789
2.89367
2.75687
2.58087
2.40158
2.16301
1.89596
1.61864
1.33478
1.0822
0.877251
0.69237
0.508891
0.358091
0.165273
-0.0831008
-0.332876
-0.611132
-0.889853
-1.18585
-1.5318
-1.9095
-2.33436
-2.77508
-3.16164
-3.52907
-3.90911
-4.22144
-4.45721
-4.67384
-4.86478
-4.9591
-4.95209
-4.86339
-4.69065
-4.52724
-4.3517
-4.08512
-3.81713
-3.58463
-3.41189
-3.33299
-3.30451
-3.31151
-3.33953
-3.37361
-3.36987
-3.30217
-3.17145
-2.98611
-2.75267
-2.47535
-2.18776
-1.91696
-1.68166
-1.44403
-1.15644
-0.815153
-0.485076
-0.177409
0.153135
0.448664
0.72225
0.990697
1.21947
1.42162
1.55048
1.59343
1.59996
1.52574
1.32264
1.04626
0.750263
0.431856
0.159671
-0.00233318
-0.0564904
-0.00373357
0.111116
0.308603
0.554644
0.790413
1.01965
1.18118
1.30771
1.4445
1.5981
1.72742
1.84134
1.99074
2.12239
2.21811
2.29233
2.35863
2.3549
2.29887
2.29467
2.30494
2.2816
2.23585
2.21157
2.2111
2.20223
2.17982
2.12987
2.0547
1.94732
1.8376
1.73956
1.59763
1.4501
1.34599
1.27876
1.27456
1.33385
1.41088
1.47158
1.51079
1.55328
1.64339
1.76057
1.86095
1.9151
1.9151
1.86841
1.80305
1.77785
1.78671
1.7587
1.66999
1.57102
1.46131
1.36326
1.3021
1.2204
1.14196
1.10789
1.10088
1.11956
1.19332
1.2839
1.3628
1.42862
1.43703
1.46598
1.50426
1.45524
1.37307
1.25028
1.04765
0.827763
0.573785
0.276388
-0.0247434
-0.335678
-0.632607
-0.952881
-1.27642
-1.54814
-1.80865
-2.05423
-2.26386
-2.46601
-2.69338
-2.90487
-3.07014
-3.20086
-3.30544
-3.41935
-3.56969
-3.75457
-3.96886
-4.18222
-4.36618
-4.50764
-4.59541
-4.60895
-4.5165
-4.3573
-4.14348
-3.84654
-3.53795
-3.24288
-2.9128
-2.56825
-2.23117
-1.85067
-1.4585
-1.09014
-0.692834
-0.311867
0.0102723
0.311404
0.603665
0.876317
1.13449
1.38895
1.62237
1.86281
2.16254
2.48608
2.79748
3.04213
3.16212
3.20647
3.18079
3.10142
2.97863
2.76061
2.48329
2.15787
1.81052
1.46551
1.10368
0.757731
0.426254
0.148933
-0.0452863
-0.188146
-0.315602
-0.445859
-0.570514
-0.760063
-0.974356
-1.19378
-1.46737
-1.71248
-1.86141
-1.92491
-1.97906
-1.9884
-1.92724
-1.83807
-1.71575
-1.60043
-1.49118
-1.43982
-1.47437
-1.50612
-1.53647
-1.56261
-1.5136
-1.38707
-1.19892
-0.984627
-0.772202
-0.545303
-0.329608
-0.162469
-0.0373488
0.0957088
0.215695
0.307202
0.450998
0.600396
0.732521
0.9132
1.10275
1.31144
1.52994
1.71762
1.9151
2.07758
2.16021
2.17562
2.1462
2.07244
1.95339
1.82173
1.63218
1.40995
1.22507
1.08548
0.967823
0.882387
0.847371
0.833365
0.898727
1.00564
1.13263
1.27736
1.42255
1.63405
1.89736
2.19336
2.46601
2.74707
3.00992
3.19713
3.39182
3.56596
3.66727
3.66914
3.61218
3.51927
3.4399
3.43056
3.4483
3.53701
3.67567
3.84982
4.02209
4.12293
4.21631
4.25179
4.21257
4.13974
4.00249
3.79706
3.53842
3.2891
3.01505
2.66209
2.30447
1.94451
1.55375
1.17091
0.784344
0.385169
-0.0266105
-0.486477
-0.983225
-1.46551
-1.90343
-2.29981
-2.62101
-2.84464
-2.9819
-3.04633
-3.04866
-2.99824
-2.92261
-2.79236
-2.5986
-2.33622
-1.97206
-1.56682
-1.20219
-0.887518
-0.597125
-0.385166
-0.257244
-0.156399
-0.114848
-0.169472
-0.296928
-0.443524
-0.610198
-0.783406
-0.938407
-1.06539
-1.16671
-1.27876
-1.38894
-1.49912
-1.68213
-1.97486
-2.28207
-2.57012
-2.86379
-3.10609
-3.38341
-3.73076
-4.0473
-4.36523
-4.68038
-4.96003
-5.23128
-5.49367
-5.73597
-5.94372
-6.10153
-6.21544
-6.27333
-6.1837
-6.00022
-5.79806
-5.63046
-5.48433
-5.28404
-5.11456
-4.95303
-4.8027
-4.60334
-4.33022
-4.15328
-3.96606
-3.7485
-3.59537
-3.46511
-3.38808
-3.38201
-3.39928
-3.40909
-3.41796
-3.42309
-3.38481
-3.2849
-3.07668
-2.73212
-2.34275
-1.94405
-1.55701
-1.24795
-1.0005
-0.834763
-0.73812
-0.67696
-0.66809
-0.714776
-0.824491
-0.920667
-0.982293
-1.04158
-1.07847
-1.0808
-1.05513
-1.03085
-0.958016
-0.83803
-0.671357
-0.412244
-0.105511
0.256312
0.66249
1.0612
1.44357
1.79092
2.06637
2.25732
2.40998
2.5169
2.56779
2.61868
2.6593
2.67283
2.66863
2.67376
2.71672
2.748
2.77181
2.80216
2.79002
2.78255
2.81057
2.86752
2.93288
2.99591
3.11402
3.27417
3.45204
3.65653
3.85168
4.0263
4.25926
4.52911
4.80784
5.04687
5.17293
5.26116
5.29244
5.25089
5.12531
4.95957
4.77189
4.53238
4.32649
4.07252
3.76531
3.48052
3.18686
2.85679
2.46928
2.10418
1.76711
1.44076
1.18678
0.963155
0.789012
0.660623
0.518228
0.401977
0.308603
0.209626
0.0947752
-0.0284787
-0.158268
-0.256311
-0.287591
-0.350151
-0.433254
-0.472937
-0.476205
-0.443524
-0.440257
-0.451929
-0.447728
-0.444458
-0.426718
-0.398705
-0.324006
-0.222228
-0.121384
-0.0410832
0.0261463
0.136328
0.266584
0.381901
0.466404
0.573318
0.694237
0.827296
1.03646
1.26569
1.52853
1.79092
2.01034
2.23585
2.43333
2.59907
2.73166
2.82784
2.93848
3.06828
3.17612
3.22141
3.24055
3.25829
3.213
3.14017
3.03139
2.86705
2.6705
2.41512
2.14668
1.82967
1.45803
1.06167
0.605532
0.132592
-0.366959
-0.907127
-1.45103
-2.01081
-2.55238
-3.03652
-3.50993
-3.99081
-4.44974
-4.86992
-5.23968
-5.56463
-5.85176
-6.11506
-6.32843
-6.46008
-6.51424
-6.47736
-6.43861
-6.41107
-6.34757
-6.32236
-6.28314
-6.20611
-6.15522
-6.09732
-6.03289
-5.94607
-5.81254
-5.66594
-5.51934
-5.37134
-5.20561
-5.05153
-4.92128
-4.79756
-4.6547
-4.46702
-4.21817
-3.89837
-3.55942
-3.24615
-2.96276
-2.67423
-2.41558
-2.1999
-1.97627
-1.76617
-1.5276
-1.2951
-1.10321
-0.904793
-0.809552
-0.733918
-0.59946
-0.485543
-0.313268
-0.129321
-0.0102697
0.0761014
0.160138
0.242773
0.339416
0.39544
0.437458
0.543905
0.664825
0.864179
1.04579
1.18025
1.31751
1.38381
1.38147
1.34599
1.26055
1.07146
0.966423
0.952417
0.823561
0.715247
0.744659
0.764735
0.749796
0.691436
0.62234
0.612535
0.672295
0.718048
0.624674
0.516359
0.376299
0.270786
0.237172
0.172276
0.0966434
-0.0107365
0.0634949
0.27452
0.333347
0.422986
0.589192
0.618604
0.712912
0.815157
0.8371
1.09528
1.42583
1.61117
1.70221
1.68773
1.70221
1.72556
1.61864
1.42816
1.18912
1.01405
0.969225
0.912267
0.731588
0.508424
0.274054
0.0658289
-0.0387492
-0.199352
-0.376763
-0.429052
-0.479007
-0.541101
-0.549505
-0.514956
-0.465001
-0.481809
-0.519625
-0.526628
-0.549972
-0.533164
-0.537833
-0.610198
-0.690033
-0.792277
-0.870712
-0.919267
-0.932339
-0.944477
-1.00144
-1.00377
-1.0005
-1.01358
-1.02525
-1.06446
-1.05139
-1.03318
-1.03132
-1.03832
-1.06353
-1.06166
-1.03785
-1.03085
-1.06727
-1.06866
-1.03692
-0.983695
-0.92907
-0.947278
-0.93514
-0.901992
-0.868844
-0.773602
-0.685363
-0.583119
-0.397305
-0.138658
0.13586
0.436991
0.810021
1.20453
1.58736
1.95805
2.30027
2.57246
2.8297
3.06314
3.16678
3.26622
3.36241
3.40396
3.46232
3.4399
3.347
3.18499
2.98424
2.81663
2.60934
2.41512
2.27833
2.1462
1.94779
1.75637
1.55701
1.3105
1.1527
1.03879
0.987902
1.00984
1.071
1.21806
1.36
1.45431
1.51266
1.54581
1.58829
1.61818
1.59996
1.55748
1.53554
1.522
1.5066
1.54534
1.67747
1.80679
1.9137
2.07104
2.19523
2.26526
2.35022
2.42867
2.49542
2.5323
2.51503
2.51316
2.50056
2.42726
2.31614
2.18309
2.09298
2.00941
1.91043
1.8292
1.73349
1.66159
1.60744
1.55561
1.54581
1.52574
1.45757
1.34972
1.22787
1.11022
0.968757
0.859978
0.779208
0.651286
0.530833
0.394507
0.218964
0.0648953
-0.101775
-0.285723
-0.485076
-0.71571
-0.927202
-1.10135
-1.26055
-1.38381
-1.47017
-1.56728
-1.63638
-1.68026
-1.76243
-1.86608
-1.98606
-2.13733
-2.3012
-2.4548
-2.58459
-2.65509
-2.69245
-2.72279
-2.70318
-2.62335
-2.49963
-2.36189
-2.14994
-1.86421
-1.56868
-1.27783
-1.00797
-0.719445
-0.442124
-0.188146
0.0378182
0.241373
0.446796
0.614402
0.798816
0.963622
1.10229
1.24281
1.33478
1.39828
1.40574
1.40014
1.41836
1.46598
1.53927
1.56729
1.62844
1.70454
1.69801
1.63732
1.50286
1.29697
1.0542
0.775473
0.457534
0.0989775
-0.279186
-0.68583
-1.09901
-1.49305
-1.87495
-2.19662
-2.45901
-2.67097
-2.78815
-2.84184
-2.86425
-2.83063
-2.73212
-2.58973
-2.41652
-2.18542
-1.92491
-1.67513
-1.42489
-1.21806
-1.05513
-0.872112
-0.677427
-0.464067
-0.246039
-0.0336135
0.191418
0.406179
0.637279
0.858576
1.071
1.2895
1.46037
1.60184
1.69287
1.77551
1.87122
1.93751
2.00661
2.07758
2.17982
2.32876
2.5127
2.67844
2.79982
2.90813
2.98424
3.07201
3.1439
3.12476
3.06547
2.97584
2.86145
2.75174
2.66256
2.63221
2.66209
2.75687
2.87453
2.99778
3.10516
3.17659
3.23028
3.24055
3.24055
3.22701
3.21721
3.18359
3.09956
3.04773
3.00011
2.8988
2.76528
2.62708
2.50803
2.43193
2.32876
2.20176
2.05516
1.88243
1.77971
1.68634
1.58129
1.48325
1.35112
1.23394
1.11535
0.983695
0.904329
0.824494
0.722717
0.633078
0.533634
0.47014
0.412715
0.355289
0.33288
0.274054
0.237172
0.252578
0.29553
0.375365
0.429522
0.481812
0.575652
0.667159
0.747461
0.808153
0.846904
0.908531
0.942613
0.924405
0.887521
0.846904
0.804419
0.752597
0.669494
0.543438
0.42392
0.298799
0.223165
0.208692
0.179279
0.190018
0.246042
0.367428
0.506556
0.605532
0.719916
0.821227
0.935143
1.05746
1.12329
1.15177
1.14851
1.14897
1.14897
1.10882
1.02245
0.904329
0.766136
0.604599
0.427654
0.196554
-0.0462199
-0.257711
-0.49955
-0.787608
-1.1527
-1.55281
-1.94358
-2.35676
-2.7452
-3.11869
-3.48099
-3.83814
-4.22798
-4.60614
-4.93342
-5.19113
-5.43484
-5.65613
-5.83121
-6.0231
-6.1865
-6.31022
-6.40967
-6.4923
-6.55486
-6.59687
-6.66411
-6.72714
-6.78969
-6.86439
-6.96664
-7.05768
-7.09316
-7.11137
-7.1193
-7.13845
-7.14778
-7.16039
-7.12024
-7.00165
-6.90548
-6.84898
-6.84198
-6.83965
-6.87467
-6.96664
-7.04694
-7.15478
-7.26543
-7.36675
-7.48487
-7.58197
-7.62726
-7.63893
-7.6268
-7.50775
-7.28411
-7.00306
-6.65337
-6.29668
-5.89564
-5.4213
-4.97264
-4.56553
-4.21724
-3.91844
-3.63272
-3.34186
-3.03045
-2.76294
-2.50989
-2.18495
-1.81332
-1.37353
-0.857639
-0.351552
0.136795
0.636346
1.12796
1.57055
2.00568
2.37357
2.65089
2.92401
3.10142
3.29424
3.50806
3.61964
3.68641
3.67007
3.66307
3.65886
3.63786
3.63132
3.59957
3.64112
3.73217
3.85915
3.9698
4.06224
4.1939
4.31201
4.47356
4.60195
4.70793
4.79196
4.80877
4.80737
4.75368
4.73546
4.69812
4.5828
4.4955
4.45395
4.4348
4.45114
4.53611
4.6589
4.76675
4.82604
4.92268
5.05948
5.20655
5.34473
5.39142
5.43857
5.44091
5.38115
5.32513
5.20748
5.07255
4.93669
4.78822
4.64863
4.51885
4.32042
4.05383
3.78025
3.46371
3.15045
2.83717
2.52204
2.22604
1.92257
1.63872
1.40669
1.23768
1.07567
0.894992
0.75213
0.631677
0.509824
0.415049
0.321208
0.261448
0.246509
0.221765
0.214295
0.192352
0.142396
0.112517
0.0812361
0.0569598
0.0686307
0.103646
0.164339
0.239506
0.295063
0.348287
0.376299
0.3777
0.396841
0.412715
0.446796
0.50142
0.563514
0.654554
0.726918
0.817491
0.916468
0.959887
0.972493
0.916935
0.824961
0.676963
0.439326
0.196086
-0.0396828
-0.261445
-0.483676
-0.670424
-0.770335
-0.866977
-0.994904
-1.09201
-1.16204
-1.24374
-1.31143
-1.32451
-1.31471
-1.29836
-1.26662
-1.2218
-1.14944
-1.11302
-1.12796
-1.17978
-1.28529
-1.35486
-1.3866
-1.46551
-1.55654
-1.66439
-1.81753
-1.9277
-2.01175
-2.11726
-2.21343
-2.32128
-2.39365
-2.44033
-2.5057
-2.56218
-2.64949
-2.74986
-2.84091
-2.89179
-2.89833
-2.90346
-2.85491
-2.77134
-2.6747
-2.52951
-2.34789
-2.13033
-1.88615
-1.66673
-1.48605
-1.34085
-1.21759
-1.071
-0.944943
-0.87538
-0.804883
-0.707307
-0.607396
-0.535965
-0.480875
-0.450995
-0.445859
-0.450528
-0.416446
-0.314668
-0.275919
-0.320738
-0.354353
-0.341747
-0.314201
-0.298328
-0.293659
-0.284789
-0.242304
-0.195617
-0.11298
-0.0345471
-0.0191408
-0.0303459
-0.0140051
0.0994443
0.231569
0.381435
0.554177
0.703575
0.92067
1.15597
1.38988
1.63311
1.84274
2.08131
2.31521
2.51456
2.7536
2.97537
3.13504
3.33019
3.47165
3.53187
3.62012
3.65186
3.63272
3.58743
3.45064
3.27043
3.07107
2.89179
2.76295
2.64202
2.55192
2.48796
2.42539
2.39784
2.39598
2.41653
2.46041
2.48048
2.48235
2.49029
2.49215
2.47441
2.445
2.4352
2.40298
2.34322
2.33295
2.31428
2.2167
2.11213
2.00755
1.89316
1.80166
1.7643
1.75964
1.73349
1.71295
1.64105
1.59577
1.61911
1.60184
1.58456
1.55935
1.56261
1.57896
1.6009
1.62985
1.5967
1.55655
1.51126
1.4571
1.39781
1.32031
1.19472
1.02618
0.881453
0.714313
0.528031
0.396374
0.250244
0.0490223
-0.123252
-0.27265
-0.375361
-0.465468
-0.570047
-0.635875
-0.695635
-0.705439
-0.753527
-0.844566
-0.89779
-1.02805
-1.16997
-1.32871
-1.53273
-1.68587
-1.8446
-1.94965
-2.02061
-2.13313
-2.23071
-2.32174
-2.39458
-2.48749
-2.55704
-2.62521
-2.65836
-2.62988
-2.65462
-2.57573
-2.52344
-2.57292
-2.60561
-2.69898
-2.74986
-2.84651
-3.05193
-3.2116
-3.45111
-3.66073
-3.67614
-3.76998
-3.88016
-3.92078
-3.98707
-4.00107
-3.95906
-3.94506
-4.03002
-4.12479
-4.15795
-4.17289
-4.22424
-4.26392
-4.24992
-4.21537
-4.17942
-4.14114
-4.05383
-3.9754
-3.9007
-3.85354
-3.79892
-3.64486
-3.49873
-3.32412
-3.11916
-2.93754
-2.78441
-2.63595
-2.49075
-2.42212
-2.2844
-2.1364
-2.04629
-1.88102
-1.75357
-1.65085
-1.52199
-1.43236
-1.33198
-1.18352
-1.02572
-0.877714
-0.754928
-0.603661
-0.415046
-0.216159
0.00933869
0.153135
0.285726
0.541571
0.780143
1.00237
1.27783
1.42816
1.60977
1.91837
2.11166
2.30728
2.40765
2.36984
2.41746
2.42399
2.37964
2.32081
2.27833
2.25219
2.15694
2.1322
2.07944
2.02808
2.09578
2.10839
2.12473
2.11213
2.12659
2.20783
2.19943
2.24705
2.32455
2.3521
2.37871
2.32922
2.28767
2.25125
2.18729
2.15087
2.06077
1.97253
1.90436
1.84507
1.80772
1.78764
1.818
1.84367
1.88569
1.94031
2.00894
2.07664
2.11913
2.20316
2.26479
2.32221
2.41653
2.47768
2.50943
2.53324
2.57806
2.58927
2.49636
2.33062
2.13173
1.96272
1.77271
1.54394
1.31845
1.09061
0.923005
0.784811
0.633545
0.43139
0.266584
0.196554
0.108782
0.0676971
0.0476219
0.00653792
-0.0546223
-0.143794
-0.222695
-0.356687
-0.517758
-0.683496
-0.833362
-0.982293
-1.13123
-1.22926
-1.33945
-1.41836
-1.50846
-1.61677
-1.67606
-1.73629
-1.77645
-1.78017
-1.76103
-1.74516
-1.70268
-1.62097
-1.54113
-1.52527
-1.55094
-1.57055
-1.62611
-1.69614
-1.76757
-1.81566
-1.84087
-1.83714
-1.81519
-1.78157
-1.70314
-1.62658
-1.54161
-1.46877
-1.39267
-1.27316
-1.16951
-1.06027
-0.924401
-0.801148
-0.679295
-0.553239
-0.422982
-0.273584
-0.124186
0.013073
0.173677
0.358091
0.481345
0.586857
0.653153
0.650819
0.635412
0.542972
0.445395
0.36416
0.303934
0.243707
0.114384
0.00653792
-0.149396
-0.281054
-0.331942
-0.437456
-0.505618
-0.527095
-0.55604
-0.635408
-0.731117
-0.772202
-0.844566
-0.916465
-0.954281
-0.974356
-0.978559
-0.970622
-0.933739
-0.918799
-0.923001
-0.944477
-1.00003
-1.09808
-1.28669
-1.49212
-1.65599
-1.83807
-2.04442
-2.24051
-2.3675
-2.43613
-2.50429
-2.53837
-2.49775
-2.42353
-2.30681
-2.10839
-1.88989
-1.68166
-1.4585
-1.17697
-0.855771
-0.56211
-0.331942
-0.130255
0.110649
0.318874
0.452398
0.58499
0.727852
0.82216
0.89079
0.980429
1.071
1.11582
1.1527
1.21433
1.29976
1.46831
1.50893
1.49258
1.63125
1.76664
1.9067
2.02435
2.1462
2.31662
2.40018
2.42586
2.49916
2.54958
2.56872
2.60047
2.45948
2.25359
2.12287
1.92864
1.75357
1.57569
1.30583
1.11022
0.957086
0.697973
0.484145
0.384702
0.243707
0.10598
0.0266131
-0.0709621
-0.103176
-0.0275441
-0.0126047
0.0266131
0.171343
0.253979
0.331479
0.478077
0.617671
0.706843
0.830564
0.941213
1.03879
1.20966
1.25915
1.32498
1.47251
1.47251
1.52293
1.68073
1.75357
1.83993
1.987
2.08037
2.19476
2.32455
2.40205
2.48515
2.54071
2.54351
2.56685
2.62008
2.63875
2.67844
2.66863
2.59394
2.56872
2.51784
2.45387
2.38664
2.32595
2.31007
2.297
2.2928
2.27319
2.30634
2.41839
2.49729
2.54911
2.58553
2.58366
2.56546
2.52017
2.4562
2.40998
2.35396
2.27366
2.21811
2.14573
2.02015
1.89736
1.75964
1.61818
1.50986
1.43703
1.37821
1.25075
1.12236
1.02618
0.883787
0.742792
0.59106
0.422052
0.233437
0.013073
-0.197018
-0.443991
-0.686765
-0.950547
-1.22833
-1.43376
-1.65926
-1.88008
-2.10606
-2.34555
-2.54444
-2.762
-3.00197
-3.23728
-3.41982
-3.56222
-3.70228
-3.82647
-3.92545
-4.00341
-4.0641
-4.1332
-4.18315
-4.22751
-4.29801
-4.3377
-4.38438
-4.40773
-4.39185
-4.37644
-4.34656
-4.29334
-4.20977
-4.10239
-3.97166
-3.84701
-3.69948
-3.56128
-3.48612
-3.36706
-3.22888
-3.17052
-3.12336
-3.10609
-3.10002
-3.07901
-3.1215
-3.12943
-3.1243
-3.11123
-3.06361
-3.01832
-2.92354
-2.79422
-2.6789
-2.61774
-2.52857
-2.45854
-2.42866
-2.3521
-2.30074
-2.22557
-2.13219
-2.09578
-2.09952
-2.15881
-2.28579
-2.42866
-2.56499
-2.69291
-2.81056
-2.94502
-3.02532
-3.06594
-3.11543
-3.1341
-3.1341
-3.11495
-3.04586
-2.94035
-2.85024
-2.70458
-2.50009
-2.24331
-1.89596
-1.55515
-1.19659
-0.800214
-0.411777
-0.0224084
0.367428
0.742325
1.09575
1.388
1.61023
1.87776
2.135
2.38198
2.66537
2.91327
3.18033
3.43196
3.67707
3.90023
4.09072
4.31248
4.52864
4.79616
5.06555
5.33399
5.61645
5.87837
6.16503
6.39519
6.60435
6.78223
6.90081
6.99465
7.05815
7.12771
7.16833
7.19354
7.1842
7.14452
7.08943
6.98019
6.85926
6.69773
6.53853
6.37185
6.11507
5.84335
5.55436
5.23922
4.8872
4.50483
4.13834
3.78959
3.5314
3.29237
3.08742
2.99637
2.91794
2.88153
2.86519
2.80869
2.73586
2.66304
2.5972
2.49356
2.38664
2.2914
2.18495
2.05796
1.88755
1.69754
1.49398
1.27316
1.03925
0.802552
0.546239
0.295063
0.0704988
-0.137725
-0.317003
-0.507486
-0.694234
-0.894988
-1.13076
-1.38894
-1.69521
-2.01641
-2.32408
-2.60794
-2.87452
-3.11729
-3.30217
-3.45018
-3.56176
-3.61498
-3.65186
-3.67381
-3.69434
-3.74103
