-1.57977
-1.55794
-1.55522
-1.57743
-1.54392
-1.57665
-1.59146
-1.53496
-1.57158
-1.55366
-1.54431
-1.57587
-1.53145
-1.55016
-1.57821
-1.56185
-1.55093
-1.58055
-1.57158
-1.55016
-1.58055
-1.55054
-1.56301
-1.58951
-1.57354
-1.57548
-1.55288
-1.58562
-1.60821
-1.58912
-1.60471
-1.57158
-1.58327
-1.61913
-1.61289
-1.62458
-1.60393
-1.60588
-1.58795
-1.586
-1.6012
-1.56106
-1.58367
-1.59925
-1.60705
-1.61328
-1.62926
-1.639
-1.58678
-1.63198
-1.61679
-1.59263
-1.7107
-1.67485
-1.64523
-1.73993
-1.692
-1.67953
-1.74577
-1.722
-1.72044
-1.73135
-1.73759
-1.74383
-1.7372
-1.72824
-1.71927
-1.72979
-1.71343
-1.71459
-1.70953
-1.68225
-1.692
-1.70719
-1.70291
-1.67329
-1.66316
-1.65887
-1.71031
-1.78318
-1.78863
-1.79098
-1.79566
-1.83267
-1.82449
-1.82565
-1.89619
-1.9036
-1.93438
-1.96283
-1.93516
-1.96205
-1.96049
-1.96165
-1.96984
-1.90477
-1.9375
-2.00335
-2.00491
-1.91567
-1.95854
-2.07622
-2.02752
-2.06726
-1.99595
-1.95659
-1.99595
-1.87632
-1.90048
-1.97569
-1.99634
-1.99205
-1.98854
-2.0014
-1.98854
-1.97022
-1.94373
-1.88489
-1.74967
-1.65927
-1.62225
-1.62185
-1.62146
-1.56145
-1.52054
-1.41805
-1.41572
-1.46949
-1.38026
-1.42779
-1.5178
-1.52677
-1.65147
-1.7676
-1.78435
-1.78747
-1.68693
-1.5295
-1.55405
-1.73408
-1.98971
-2.19586
-2.21534
-2.25665
-2.32289
-2.2282
-2.0657
-2.05595
-2.17871
-2.16429
-1.94724
-1.66316
-1.42117
-1.2197
-1.16476
-1.23646
-1.35297
-1.45195
-1.36895
-1.30622
-1.21074
-1.13164
-1.2766
-1.39195
-1.39661
-1.24152
-0.972255
-0.689736
-0.500741
-0.542047
-0.684281
-0.838594
-0.929001
-1.08331
-1.3822
-1.45741
-1.37947
-1.43247
-1.4391
-1.26413
-1.01551
-0.828852
-0.866651
-1.18697
-1.58406
-1.98114
-2.22859
-2.05206
-1.66277
-1.31868
-1.01473
-0.847947
-0.912244
-1.03889
-1.10124
-1.15618
-1.40012
-1.96556
-2.6814
-3.28736
-3.49388
-3.52934
-3.83213
-4.14894
-4.21791
-4.09672
-3.49467
-2.27847
-1.15891
-0.614528
-0.340971
0.165225
0.971476
1.48585
1.42
0.791443
-0.436054
-2.03569
-3.4783
-4.06905
-3.73743
-2.6245
-1.25906
-0.686229
-1.05214
-1.82215
-2.16857
-1.86423
-1.49209
-1.54625
-2.1604
-2.7644
-3.0703
-3.21877
-2.88286
-2.2017
-1.68148
-1.24542
-0.79456
-0.222508
0.457096
0.552179
-0.131712
-0.959395
-1.7789
-2.70088
-3.57299
-4.32664
-5.04014
-5.56972
-5.27239
-3.43544
-0.576339
1.79955
3.25267
4.14777
4.72528
4.84257
3.85473
1.47494
-1.44299
-3.61975
-4.78373
-5.03235
-4.82504
-5.00584
-5.71468
-6.46209
-6.3218
-4.61305
-1.84202
0.372925
1.06032
0.649598
0.0989795
0.250175
1.09189
1.89229
2.25704
2.55242
2.75387
2.28236
0.81989
-1.35414
-3.23318
-4.06554
-3.76355
-2.66386
-1.7937
-2.19702
-3.56832
-4.33248
-3.70899
-2.47721
-1.63471
-2.13585
-4.23194
-6.51976
-7.42499
-6.40286
-4.14582
-2.40317
-2.11208
-2.6284
-2.89182
-2.54774
-1.98309
-1.60627
-1.85839
-2.69192
-3.17162
-2.5719
-1.68069
-2.11792
-3.89915
-4.60097
-2.44876
1.17528
3.92721
5.10093
5.51321
5.63908
5.33863
4.19804
2.0583
-0.0331229
-1.63393
-3.17318
-4.34494
-4.92246
-5.41034
-5.9633
-5.82029
-4.48991
-2.61359
-1.20685
-0.969138
-1.88917
-3.30957
-4.46731
-4.7245
-3.86135
-2.60853
-2.16546
-2.06921
-1.13787
0.20809
1.01551
0.542437
-0.77157
-1.43442
-0.91692
0.44073
1.44688
0.793391
-1.27777
-3.74289
-5.27551
-4.49537
-1.74071
1.13865
2.14871
0.95472
-0.638298
-1.88684
-3.31425
-4.46185
-4.59044
-4.22571
-4.14349
-3.41712
-1.3218
1.13046
2.73167
3.11355
3.24722
4.02775
4.59006
3.57454
1.4239
-0.571273
-1.97608
-2.6888
-3.0851
-3.57922
-4.67579
-6.68849
-8.74329
-9.70268
-9.33365
-8.26398
-6.13709
-2.44837
1.42897
3.37113
2.66814
1.21347
1.38026
3.70041
6.9488
9.15908
9.46224
8.55
6.94607
4.11971
0.546723
-2.3564
-4.40574
-5.92316
-7.70673
-9.65903
-10.5814
-10.1247
-8.16967
-5.62622
-3.09329
-0.506975
0.763386
0.245499
-0.416959
0.095082
0.750526
-0.0900166
-2.06921
-3.77874
-4.30403
-4.09127
-3.96891
-3.86486
-3.6026
-3.68054
-5.1512
-7.90781
-10.6789
-12.5158
-13.7963
-15.7358
-17.6764
-17.5154
-14.2998
-9.21675
-3.94514
0.675708
4.08074
7.28393
11.6156
15.9025
18.4062
18.3392
15.3269
9.93688
3.57572
-2.42499
-6.66979
-7.94951
-6.60939
-3.98761
-0.992904
2.1
5.15548
8.3423
12.1553
15.1119
15.1099
11.3881
4.02112
-3.36334
-6.70486
-6.02525
-3.72809
-2.62061
-3.50869
-5.61882
-7.29133
-6.97841
-5.18938
-3.27839
-2.35913
-2.06063
-1.57821
-1.30466
-1.49092
-1.99049
-2.67711
-3.35282
-3.16265
-1.78513
-0.737278
-0.816772
-0.84444
-0.252513
0.00935228
-0.547502
-1.41337
-1.6694
-0.455927
1.51626
2.61749
2.20794
0.149638
-3.42296
-7.74531
-10.8125
-11.1277
-9.5772
-7.946
-8.12914
-10.4158
-13.6411
-15.9789
-15.1586
-11.2836
-6.92074
-3.44751
-0.608293
1.87398
4.85543
7.85831
9.71125
10.4591
10.9984
11.7598
11.5848
9.97464
8.11356
7.17559
6.42818
5.2794
3.83252
3.07926
3.66846
3.48687
1.44299
-1.31791
-3.51961
-5.59661
-8.01107
-10.4151
-12.0789
-11.7259
-10.4068
-9.30209
-7.61477
-5.6309
-5.14379
-6.14099
-6.63744
-6.38259
-6.64134
-8.14083
-11.7816
-17.3576
-22.1394
-24.0749
-22.5521
-17.4636
-11.5599
-7.65646
-5.09898
-3.28774
-1.58055
1.66316
5.78053
8.97398
10.1189
8.51844
5.72676
3.86097
2.9004
1.86463
1.3787
2.67166
3.76471
3.18097
2.35328
2.01583
1.86502
1.77617
1.30504
0.592706
1.54781
4.11231
6.36778
7.08246
5.89237
4.19297
3.02938
1.63238
0.0576729
-0.710779
-0.871328
-0.0506586
1.66589
2.56294
1.90983
0.174188
-1.828
-3.60572
-4.31222
-2.70556
0.936015
3.9276
3.53831
-0.155093
-4.70268
-7.18377
-6.00811
-2.81974
-0.692464
0.295378
1.5899
3.3271
5.09431
6.64757
7.80649
7.82129
5.35306
0.810537
-3.50441
-7.02595
-10.0725
-12.5961
-15.0619
-17.2964
-18.3282
-17.4835
-15.3679
-11.5299
-6.05059
-2.46785
-2.20871
-3.13888
-2.70166
-0.469566
1.36895
1.75902
1.18191
-0.432547
-3.91162
-8.63262
-12.1242
-12.6518
-10.1259
-6.09384
-2.04349
1.40909
3.94202
5.34565
5.26771
4.532
4.36326
5.91615
9.24207
11.473
11.0404
9.76971
10.1379
12.4897
14.5811
14.4127
11.4485
7.08791
4.18401
3.73861
4.06321
3.29359
1.0989
-2.18806
-6.27036
-9.85078
-11.9672
-13.0426
-13.6712
-13.7854
-12.7827
-11.15
-9.51213
-8.31152
-8.70159
-10.2198
-11.1504
-10.6706
-8.61858
-5.20887
-2.27223
-1.28634
-0.719352
-0.00662473
-0.0428649
-0.979659
-2.80726
-4.52654
-5.87172
-7.26717
-8.60066
-10.0094
-11.4874
-12.1179
-10.5389
-7.45772
-4.20895
-1.19827
1.95698
6.01902
9.71048
11.5681
11.2777
9.25299
7.43239
6.45702
4.7358
2.38134
0.30551
-1.85294
-3.56285
-4.00008
-3.12915
-1.59068
-0.28135
1.37947
4.05035
6.10437
5.5327
1.5143
-5.32344
-11.6671
-14.7892
-15.1438
-12.7676
-6.67291
2.18221
10.2911
14.6006
15.6161
15.1318
13.4081
9.83989
4.71866
-0.0611798
-3.96618
-7.61554
-10.1691
-10.8935
-9.49849
-6.609
-3.8368
-1.59536
-0.346037
-0.774297
-1.74655
-2.73868
-4.64929
-7.41369
-9.79971
-10.1399
-8.96891
-8.75848
-10.2502
-11.3662
-10.4812
-8.80213
-7.7531
-7.97288
-8.80836
-8.91942
-7.45616
-4.1996
-0.184319
3.76237
6.24738
5.79846
3.56169
1.02408
-2.18806
-5.68623
-7.53917
-7.07857
-3.70938
2.49864
8.86369
14.3586
18.1927
18.3681
15.4131
11.5517
9.34845
9.34339
9.36326
6.90749
0.966799
-7.00102
-13.8765
-16.8085
-14.8542
-9.28338
-3.26397
0.860806
2.6814
2.56683
1.31985
-0.519446
-3.00678
-6.17178
-8.9954
-10.8764
-12.2013
-13.4472
-14.4938
-13.3384
-9.68359
-5.91615
-3.09407
-1.53105
-1.22594
-1.8015
-3.02081
-4.69254
-7.11987
-10.5928
-15.4341
-20.4345
-22.9211
-22.6678
-20.4369
-15.1247
-6.95582
1.76214
8.93189
13.407
14.7288
13.7842
13.1066
13.6057
14.2522
13.4935
10.551
6.34519
1.30933
-4.10841
-8.23513
-9.39094
-7.37434
-3.20903
2.75077
9.29585
14.0297
15.9906
15.3581
13.9693
13.3388
12.5162
10.7837
7.63191
2.77336
-2.32328
-5.71975
-6.91996
-6.43714
-5.66168
-6.31907
-8.61975
-11.7766
-13.9813
-13.1229
-8.70392
-2.03725
4.75528
9.92443
11.9121
10.6609
6.89268
1.23568
-3.74016
-6.46443
-8.39997
-11.2704
-15.3547
-18.7347
-19.1201
-16.3502
-11.0525
-4.24324
2.57969
8.04458
11.2766
12.7706
12.8415
11.1515
6.95738
1.02876
-3.48492
-5.17146
-5.16095
-5.18393
-5.89783
-6.24815
-4.66098
-0.940691
3.40776
6.78553
8.65015
9.80594
10.3585
9.62981
7.96509
6.21932
4.84608
2.78076
-1.02097
-5.14575
-7.73907
-9.05308
-10.5187
-11.9305
-11.7984
-10.3718
-8.74601
-6.77344
-3.62676
0.206531
2.87196
3.56948
2.36459
0.75949
0.566987
1.59263
2.69582
1.7863
-2.48149
-8.29515
-11.3841
-10.3854
-7.55709
-5.08144
-4.52965
-5.25953
-5.8386
-5.4041
-4.29585
-3.16305
-2.12298
-1.39077
-0.272387
1.05721
2.57852
4.03476
4.40223
4.22103
4.42873
5.24978
5.82301
5.20381
2.86767
-0.258359
-1.7033
-1.10396
-0.330839
-1.27738
-4.35663
-7.79168
-10.0597
-10.8604
-10.4111
-9.33131
-7.49006
-4.7697
-2.05011
-0.738836
-1.23412
-2.1604
-2.40862
-1.65575
-0.17068
1.51859
2.9534
3.76511
4.01489
3.20513
1.47533
0.2077
0.181592
0.775855
0.328112
-1.35375
-3.30606
-5.09587
-5.91186
-5.67805
-5.29655
-4.97935
-4.63682
-4.16452
-3.43738
-3.05939
-2.57034
-0.873276
1.38804
3.22773
4.10724
4.94662
6.66511
8.10421
8.04458
6.36701
3.73198
0.254462
-4.11971
-9.21441
-14.3648
-18.5496
-21.4917
-22.8131
-22.6553
-21.0533
-18.5286
-16.6219
-15.0604
-12.9663
-9.80634
-5.65856
-1.97685
0.116125
0.646482
0.546333
0.547892
0.157821
-1.49443
-4.35313
-6.85605
-7.38758
-6.21386
-4.24558
-1.62029
1.14605
3.38166
5.37956
7.50838
9.76035
11.8779
13.0403
11.8365
7.87312
2.21456
-4.00242
-9.3356
-12.81
-14.0172
-13.1019
-10.6235
-6.67798
-1.62302
3.65326
7.60814
9.87216
11.1441
11.1721
9.98366
8.28931
6.29063
4.31728
3.1911
2.6927
2.51929
2.80259
3.63261
4.98363
5.97732
6.50066
7.0131
7.65374
8.53948
9.10686
9.33872
9.71593
9.96414
10.0753
10.6317
11.6686
12.7679
13.4701
13.0466
11.8213
10.6613
10.4443
12.4328
16.4142
21.0709
24.336
25.8974
26.3428
24.7097
22.1015
19.5492
16.9667
14.1583
11.0066
8.32398
5.88341
3.13109
-0.279791
-4.33716
-7.81662
-9.26584
-8.24488
-5.96953
-4.47861
-4.43146
-5.66363
-7.78271
-9.615
-10.9883
-12.0057
-12.4612
-12.3385
-11.8951
-11.7532
-12.4032
-14.4381
-17.3787
-20.3866
-23.0204
-24.9213
-26.012
-25.6586
-23.8446
-21.4776
-19.8886
-20.4122
-22.9386
-26.3888
-28.9814
-29.3301
-27.9822
-25.7065
-23.2702
-21.4371
-20.6181
-20.5303
-19.4525
-16.6651
-12.1581
-6.77812
-2.22431
0.900943
1.85371
0.914193
-0.95394
-3.02705
-4.27831
-4.4225
-3.45453
-1.6881
0.765724
4.39015
8.81226
13.1042
16.3058
17.4239
16.4204
14.0012
10.726
7.59723
6.32959
7.10078
8.20514
8.19811
6.90126
5.51555
4.6676
3.78653
2.39421
0.296937
-2.28315
-5.01091
-7.47877
-9.53902
-12.0084
-15.4481
-19.3231
-22.7655
-24.8282
-25.0967
-23.903
-21.6273
-19.0052
-16.7107
-14.5562
-12.3143
-10.8327
-10.98
-11.9208
-12.591
-12.2808
-10.2327
-6.57276
-1.96477
2.70556
7.05324
11.4383
16.4379
22.1647
27.7036
32.5618
36.1874
36.9769
34.6976
31.4107
29.691
30.5226
32.8626
35.3001
36.9145
37.3283
36.2115
33.9611
31.7251
30.2529
30.4376
32.0392
33.4709
33.2472
31.2346
29.2963
28.3743
27.4141
24.9802
20.6219
15.4513
10.3531
5.32071
0.1095
-5.52724
-11.0903
-15.9317
-19.3527
-20.6099
-20.2794
-19.1583
-17.7909
-16.4325
-14.7015
-13.2585
-12.9826
-13.6727
-14.4374
-14.5811
-14.4751
-14.8726
-16.3269
-18.3353
-19.8647
-20.9672
-22.0529
-23.3746
-25.0853
-26.7473
-27.3576
-26.4165
-25.0098
-24.1992
-23.792
-23.4522
-21.8576
-17.1456
-9.13997
1.35843
12.8774
23.2581
29.9627
31.2154
28.3871
24.3075
20.3826
16.551
12.3264
7.3451
1.3105
-5.15627
-10.3655
-12.7987
-11.7044
-8.19695
-4.66098
-2.10584
-0.992129
-1.68966
-4.46341
-9.7471
-16.7147
-24.6407
-33.0637
-41.3308
-49.1474
-56.0463
-61.1032
-62.7687
-60.3173
-54.8204
-48.3341
-41.4345
-34.352
-27.4425
-21.2088
-17.2773
-14.3231
-12.3323
-12.4519
-13.3076
-14.2725
-14.7241
-15.1407
-15.8215
-17.4121
-21.1971
-26.6959
-32.8945
-37.9624
-41.0919
-42.307
-41.7443
-38.9502
-33.2784
-26.3319
-18.1487
-9.071
0.222898
10.855
21.8841
32.5703
42.2134
50.03
56.4875
61.0265
63.0922
63.6276
63.707
64.661
66.3764
67.4266
68.6354
69.0827
68.3673
67.7395
67.1729
67.1058
66.028
62.7695
56.4745
46.595
33.2246
16.7119
-0.26849
-16.1613
-28.9139
-37.3942
-42.215
-42.9266
-40.2479
-35.0382
-28.5212
-22.185
-16.8865
-13.3201
-11.6378
-11.2801
-11.9196
-13.2944
-14.1673
-14.0613
-13.165
-11.3549
-9.52265
-8.81265
-8.42764
-8.25735
-8.27255
-7.3833
-6.53807
-6.45897
-7.82208
-11.8681
-17.3217
-21.4847
-23.0848
-21.4874
-18.0473
-16.0619
-16.9664
-19.779
-21.6963
-21.9406
-20.1633
-15.3277
-7.80493
2.35484
13.34
22.6573
29.1435
33.6408
37.8728
41.3421
42.088
39.0484
32.3565
21.8326
9.31573
-3.18409
-15.364
-25.5113
-31.5197
-33.8614
-35.0148
-34.8278
-34.1673
-34.8547
-36.0662
-37.9963
-41.1905
-46.194
-52.639
-59.2979
-63.4012
-63.0076
-57.8688
-48.2071
-36.9535
-24.8227
-13.5714
-3.60962
7.18183
18.1537
29.3279
38.2286
44.1493
46.3475
43.2508
38.8691
35.1602
31.7231
28.2959
24.6657
20.8534
17.1643
14.6259
12.8256
10.8222
7.024
0.294599
-8.42063
-17.1417
-23.9954
-28.4416
-30.5051
-29.4007
-24.8983
-17.6241
-7.91482
2.86221
14.0421
25.6087
37.0455
47.6233
55.8686
60.7323
61.0522
56.8502
47.556
33.0555
16.1129
-0.222508
-12.3167
-19.7705
-24.1802
-25.3188
-22.7909
-17.7519
-12.0817
-5.61141
1.57665
8.07264
11.4757
10.0168
3.81186
-5.91536
-16.724
-26.6581
-34.5913
-40.6438
-45.1259
-47.7722
-48.2944
-47.1059
-44.8232
-39.6306
-30.9586
-21.3086
-13.7152
-9.39639
-7.78038
-8.07303
-7.85715
-6.62771
-6.56418
-9.35548
-14.4684
-19.5304
-23.8726
-26.3011
-26.1375
-23.3969
-16.996
-8.10732
2.09765
13.2099
24.5164
34.9291
43.174
49.1855
53.1876
53.2465
48.4589
41.261
32.499
23.2905
14.4798
6.03617
-1.37207
-8.00835
-12.9562
-14.085
-9.80753
-0.215884
12.4274
24.3146
33.4039
39.4127
43.2352
44.0235
39.036
27.8552
11.547
-6.2197
-24.8609
-43.6115
-59.8118
-72.8194
-79.6657
-79.2885
-71.4547
-58.5442
-43.529
-27.5782
-13.3477
-1.17255
6.89541
8.7955
5.0569
-2.28119
-9.49069
-14.5308
-17.2914
-17.7874
-15.5658
-11.1067
-3.80329
6.94062
19.8485
32.7153
41.5786
44.4237
41.7026
34.6302
25.2288
16.1628
9.72645
5.4949
3.66106
4.86323
8.23553
13.5064
19.6645
25.5592
30.2401
32.0248
29.5694
22.529
12.2652
1.76877
-6.2123
-9.63293
-8.26593
-5.53309
-3.14083
-2.15688
-3.95254
-8.05043
-14.6096
-20.8051
-25.0444
-27.563
-28.4643
-29.1731
-29.7432
-30.4575
-30.2365
-28.9806
-27.4094
-25.629
-24.3579
-24.177
-26.2131
-29.1236
-31.9352
-33.8126
-32.7987
-28.9447
-22.4409
-13.8064
-4.30403
4.51758
10.8167
13.0212
10.8725
5.92432
-0.14652
-5.4119
-7.10078
-5.43605
-2.52397
0.605175
2.90586
3.40971
0.727145
-5.71975
-15.0398
-24.7588
-32.7737
-38.6638
-41.9216
-41.9395
-38.0571
-29.9053
-18.2129
-3.99268
12.1721
28.0984
41.5993
51.2396
57.6159
60.9703
58.1113
49.841
37.676
22.1152
6.93672
-4.95129
-11.8724
-13.2507
-9.51407
-2.58904
4.37144
10.3999
14.3325
16.1262
17.0302
16.9492
16.5775
16.1161
15.8694
15.7287
15.2732
15.7981
17.7734
21.2423
27.1269
33.9639
38.9799
41.1632
39.4868
34.3524
26.2984
16.4898
7.21457
-1.34401
-9.21636
-17.0634
-23.4311
-27.0668
-29.1828
-29.0519
-27.8937
-27.3712
-26.8674
-25.3476
-21.7512
-16.941
-12.6592
-9.42912
-6.44261
-2.89417
2.3377
9.77555
17.9464
26.157
33.197
36.8268
35.6749
28.368
16.4114
2.88442
-12.0053
-27.9075
-42.8022
-54.3609
-62.0805
-65.8465
-63.9846
-56.9184
-46.4898
-35.5892
-26.2813
-18.4911
-11.4804
-4.43146
2.86533
10.703
16.4114
19.6575
22.1074
23.4787
23.8317
22.4308
20.1995
17.66
15.1516
12.181
7.52592
1.0576
-6.89659
-14.1124
-19.269
-22.2025
-23.5867
-22.6899
-18.8625
-13.5219
-6.81358
0.0284464
5.53542
10.39
15.5553
21.224
26.5373
29.7214
30.2549
27.7519
22.1538
16.1258
9.81028
3.1159
-3.01497
-9.12206
-13.3793
-15.117
-14.9669
-13.2788
-10.424
-7.71608
-6.45274
-6.0159
-6.14917
-4.63526
-1.85059
1.40168
4.61461
5.00624
2.72972
-1.50612
-5.78015
-9.96061
-12.8053
-12.7372
-11.2139
-9.11387
-8.3762
-8.08277
-7.05362
-3.81538
2.6775
10.5323
18.3894
24.7366
28.412
29.1396
27.6884
23.8165
17.6584
10.2518
2.05557
-5.04598
-9.22181
-10.8433
-10.3278
-7.91871
-5.40995
-3.17162
-0.559583
2.52981
5.08028
4.99143
1.08799
-6.31089
-15.5826
-25.7248
-35.6079
-43.9872
-49.8574
-53.0852
-54.3992
-53.4307
-50.2323
-44.8204
-37.6467
-29.3033
-20.0471
-10.7591
-2.01465
5.79184
12.4051
17.4145
20.8519
22.8965
24.2728
25.862
28.0497
30.7615
32.7255
33.7082
33.8489
33.4292
33.4833
34.186
34.9607
35.6492
36.7123
37.3417
37.1658
35.9057
31.7485
24.3897
14.2705
2.70595
-8.46934
-18.0181
-24.8823
-29.6213
-32.6116
-33.8458
-32.8197
-29.5164
-25.0257
-19.1283
-12.3576
-6.37909
-1.9749
0.512431
0.384616
-1.92698
-5.63752
-10.3714
-15.8086
-22.1011
-27.6175
-31.0007
-32.4371
-31.8117
-29.373
-25.2774
-20.3413
-16.014
-12.6806
-10.4723
-9.12634
-8.01964
-7.18845
-6.61367
-6.26102
-6.19867
-5.73806
-4.18868
-2.14013
0.429039
3.77407
7.63191
12.8154
18.5535
23.2496
26.3023
27.1888
25.89
22.9039
19.1782
15.0744
11.0035
6.84125
2.23989
-2.49591
-7.37628
-11.7988
-15.207
-16.9258
-16.9508
-15.8262
-13.7819
-11.7828
-10.0483
-7.72504
-4.21518
-0.142234
3.53753
6.44377
8.14239
8.35126
7.65646
6.29959
4.13374
1.80188
-0.487881
-2.29172
-3.01613
-1.73369
1.79059
5.75638
9.72177
13.0492
14.53
14.8835
14.4712
13.7106
13.5367
13.0723
11.828
10.6013
9.32196
7.8096
6.00343
3.71678
0.546723
-3.93306
-9.48836
-15.0698
-18.7744
-19.6957
-18.8044
-17.6004
-16.8752
-16.4091
-15.7182
-14.4627
-13.3275
-12.7562
-13.2909
-15.9235
-19.7877
-23.824
-26.5345
-27.0088
-24.7818
-18.8945
-10.325
-0.647651
8.29904
15.7806
21.0673
23.5496
23.7531
21.323
17.0918
11.5443
5.85731
1.13865
-2.97522
-5.63167
-6.76371
-6.14917
-4.11855
-1.745
0.908737
3.4553
5.08106
5.83236
6.1745
5.79807
5.3889
5.22992
4.74593
3.99735
2.94521
2.12805
1.55249
0.363183
-2.05518
-6.11644
-11.3861
-17.0743
-22.6296
-27.4573
-31.1422
-33.7807
-35.115
-34.3976
-31.4937
-26.1839
-18.8801
-10.3843
-1.38727
7.00024
14.3414
19.8586
23.2461
24.3473
22.7539
18.8746
12.9612
5.98316
-0.8686
-6.06617
-8.8259
-9.86598
-9.66449
-8.63807
-6.90632
-5.05923
-3.20903
-1.52639
-0.719741
-0.57556
-1.65615
-4.06398
-7.45616
-11.7454
-16.2438
-20.3986
-23.8157
-26.1643
-27.022
-26.9153
-26.0159
-23.6775
-19.4576
-12.8677
-4.93181
3.33334
11.2143
17.7738
23.437
28.1642
32.0427
34.8613
35.5495
34.4997
31.6609
27.6125
23.0711
18.4089
14.571
10.8923
8.00444
6.51898
6.54392
8.08316
9.74944
11.5529
12.845
13.181
12.9285
12.2645
11.8931
11.4297
10.89
10.161
8.7842
6.66394
3.25306
-0.895098
-4.98246
-8.5991
-11.3756
-13.6443
-15.5736
-16.9173
-17.3661
-16.5832
-14.2954
-10.8319
-6.70953
-1.95854
2.72153
6.65265
10.0491
13.0099
15.1002
15.4708
13.8372
10.1625
4.86244
-0.322266
-4.3356
-7.11675
-9.19375
-11.0522
-12.3587
-13.1335
-13.3443
-13.1092
-12.5727
-12.1546
-12.5103
-13.6852
-15.9575
-18.4998
-20.4134
-21.157
-20.0572
-17.9339
-15.3293
-12.7145
-10.5588
-8.51765
-6.43286
-4.34845
-2.81818
-2.08635
-2.35212
-3.47323
-4.74087
-6.31323
-8.11785
-10.0806
-12.3307
-14.5694
-16.5022
-17.6448
-18.0325
-17.99
-17.5556
-16.8187
-15.3402
-13.015
-10.1582
-6.80033
-2.90351
1.49131
5.66518
9.51525
12.7644
14.9381
16.2829
16.339
15.0834
12.9191
10.1317
6.88723
3.25657
-0.476581
-3.71484
-5.68506
-6.33544
-5.75559
-4.02151
-1.06188
2.59528
6.18307
9.85892
13.3949
16.7863
20.1481
23.2324
25.505
26.3522
25.4298
22.4656
17.9254
12.287
6.47222
1.30972
-3.06251
-6.39234
-8.89877
-10.7782
-12.0945
-12.6764
-12.409
-11.1897
-8.83213
-5.89589
-3.02276
-0.633622
0.974983
1.66355
1.15307
-0.356558
-1.83189
-2.43629
-1.74616
0.0943027
2.56917
5.45398
8.10772
10.3558
12.2582
13.7495
14.811
14.7432
13.5531
11.0806
7.85871
4.60331
1.05837
-2.35874
-6.01278
-9.37262
-12.0396
-14.17
-15.4489
-15.9656
-15.0889
-13.5598
-12.1187
-11.0104
-10.438
-10.0433
-10.1847
-10.3484
-10.3375
-10.4376
-10.3827
-10.3722
-10.2903
-9.72099
-8.34892
-6.20334
-3.58273
-0.487102
3.0742
7.0544
11.0268
14.4942
16.8039
17.4796
16.9465
15.2639
12.63
9.11815
4.80516
0.251344
-4.28533
-8.38517
-11.7964
-14.1282
-15.1664
-14.5387
-11.856
-8.16928
-4.63799
-2.23288
-1.06384
-0.383447
-0.173019
-0.654275
-2.35484
-5.09002
-8.006
-10.5284
-12.1008
-12.8513
-13.0434
-12.9775
-12.7321
-12.2687
-11.7446
-11.0568
-10.5015
-9.87687
-8.82862
-7.64321
-6.49677
-5.53504
-4.4373
-3.30878
-2.56566
-2.24496
-2.6245
-3.38399
-4.25844
-5.28058
-6.31595
-7.46318
-8.78459
-10.512
-12.455
-13.958
-14.6029
-14.2113
-13.2304
-12.2379
-11.0451
-9.31962
-7.0809
-4.5281
-2.27963
-0.740005
0.535033
2.07662
3.82278
5.31525
6.25322
6.61367
6.51197
6.23607
5.88108
5.50932
5.18705
4.71086
4.36599
4.63097
5.34098
6.04513
6.84437
7.52436
7.61437
7.32718
6.43013
5.11379
3.7086
1.93399
0.213935
-1.00616
-1.71771
-2.04582
-2.38524
-2.98223
-3.57805
-3.73899
-3.37932
-2.68763
-1.66784
-0.271608
1.90086
4.92323
8.12252
11.2065
13.6755
15.0171
15.0627
13.8559
11.7247
8.94358
5.89861
2.59645
-1.10943
-5.14107
-9.26857
-12.9347
-15.5397
-16.7832
-16.9285
-16.4083
-15.426
-14.0846
-12.4375
-10.4929
-8.15136
-5.59349
-3.26436
-1.19866
0.977711
3.47557
5.93017
7.99275
9.32624
9.79347
9.89677
10.0401
10.387
10.7766
11.0175
10.8725
10.3039
9.42796
8.0855
6.45195
4.69333
3.06875
1.78747
0.964461
0.710779
0.704933
0.803524
0.976932
1.35882
2.20677
3.08666
3.53324
3.39295
2.78856
2.27963
1.73058
1.13008
0.610631
-0.389681
-1.78825
-3.29359
-4.39756
-4.72411
-4.84803
-4.95831
-5.13015
-5.58881
-6.02253
-6.23958
-6.32142
-6.34557
-6.61796
-7.04155
-7.38914
-7.59645
-7.25275
-6.34635
-4.98831
-3.36022
-1.36271
1.0537
3.26514
5.19952
6.4239
6.83423
6.73486
5.66869
3.83564
1.28478
-2.40629
-6.828
-11.3257
-15.2319
-17.8981
-19.4642
-20.0406
-19.7296
-19.1427
-18.2258
-17.4987
-17.4441
-17.2407
-17.3471
-18.0127
-18.7592
-19.7818
-20.5409
-20.7232
-20.4525
-19.4377
-17.3335
-14.5596
-11.353
-7.78739
-4.94662
-2.76128
-0.976931
0.238095
1.39467
2.25586
2.56995
2.54501
2.01894
1.04084
0.0654666
-1.095
-2.48928
-3.79745
-5.41462
-7.14247
-8.71873
-10.2899
-11.0635
-10.8487
-10.0799
-8.76706
-7.54501
-6.5299
-5.53659
-5.00351
-4.40457
-3.61663
-3.07303
-2.53761
-1.97685
-1.34674
-0.653106
0.0526068
0.723639
1.55016
2.67594
4.01099
5.37059
6.53184
7.18572
6.5486
5.07638
3.46543
1.96828
0.556855
-1.15073
-2.64399
-3.80719
-4.60292
-4.72956
-4.38548
-3.91552
-2.80882
-1.35258
-0.124698
1.54353
3.02782
4.56473
6.23569
7.10428
7.69972
8.11005
8.30528
8.47362
8.61586
8.47674
8.11005
7.77687
7.27341
6.78162
6.17762
5.47619
5.19952
5.52413
6.43013
7.86222
9.59239
11.3733
13.0333
14.3793
15.3071
15.8866
16.3498
16.6452
17.0081
17.1662
16.595
15.6746
14.3979
13.4806
12.9374
12.6312
13.2721
13.9202
14.4377
14.3395
13.0142
10.8246
7.31471
3.09914
-1.32063
-5.71351
-9.8091
-13.4916
-16.5291
-19.2078
-20.7575
-21.0241
-20.5581
-19.2627
-17.7363
-16.4294
-15.2907
-14.3699
-13.5169
-12.5384
-11.4945
-10.1231
-8.35126
-6.80462
-5.51633
-4.25532
-3.46622
-2.75661
-1.59263
-0.755202
-0.532694
-0.80664
-1.64874
-2.59996
-3.09953
-2.96275
-2.25274
-1.28166
-0.39202
0.674928
1.9149
2.88325
3.769
4.41665
4.53823
4.28065
3.42764
1.90944
0.230691
-1.04084
-2.06102
-2.82169
-3.36256
-3.93266
-4.1166
-4.22726
-4.47198
-4.83556
-5.66948
-6.84826
-8.23592
-9.74047
-11.4414
-12.9998
-14.1221
-14.9135
-15.1426
-14.9283
-14.3621
-13.5149
-12.6627
-11.9391
-11.5735
-11.5719
-11.7898
-11.8821
-11.674
-11.4909
-11.2481
-10.8086
-10.1925
-9.39716
-8.47011
-7.50878
-6.56574
-5.47035
-4.51991
-3.66534
-2.57228
-1.51626
-0.527629
0.386564
0.974594
1.22282
1.178
0.933676
0.874445
1.07708
1.50963
2.46513
3.91981
5.60869
7.37628
9.05971
10.6702
12.0953
13.1214
13.7515
13.7986
13.1572
11.8253
9.90413
7.52124
5.04989
2.76401
0.33045
-2.42148
-5.32032
-8.15058
-10.9922
-13.4346
-15.3725
-17.01
-18.1853
-18.8563
-18.7636
-18.4023
-18.0224
-17.4675
-16.858
-15.9715
-14.7829
-13.1829
-11.3176
-9.46926
-7.54073
-5.71507
-4.21518
-3.03639
-2.10934
-1.24035
-0.141844
1.19516
2.46473
3.41868
3.90928
3.92877
3.59365
3.06601
2.66659
2.65724
2.81506
2.91599
2.90858
2.54735
2.02167
1.58288
1.1971
1.231
1.60353
1.95269
2.31276
2.54657
2.63892
2.82831
3.14707
3.55584
4.124
4.68631
5.36747
6.03266
6.51586
7.29094
8.02081
8.60027
9.04646
9.15985
9.39405
9.64189
9.85196
10.4002
11.012
11.4804
11.9749
12.4047
12.6869
12.8549
12.9311
12.7694
12.3182
11.4072
9.95983
8.15331
6.06149
4.23584
2.57268
1.01473
-0.397085
-1.90242
-2.92417
-3.64625
-4.27208
-4.48874
-4.33014
-4.20583
-4.29429
-4.39055
-4.57681
-4.56278
-4.34845
-3.83564
-3.01418
-2.3151
-1.34401
-0.259138
0.553737
1.18892
1.51976
1.47533
1.09579
0.350713
-0.944978
-2.5754
-4.37768
-6.18151
-7.80026
-9.30559
-10.7735
-12.1838
-13.2663
-14.1482
-14.7924
-15.3916
-15.9044
-15.8495
-15.2338
-13.8212
-11.7454
-9.34807
-6.89347
-4.50238
-2.15143
0.1095
2.30224
4.06789
5.10989
5.47346
5.21706
4.41081
3.04575
1.23022
-0.817941
-2.7605
-4.19804
-5.09392
-5.36319
-5.13951
-4.57369
-3.98176
-3.66457
-3.1763
-2.7114
-2.2543
-1.68888
-1.58951
-1.87592
-2.43161
-3.22696
-4.10062
-5.07911
-6.15892
-7.1187
-7.73011
-8.47947
-9.31066
-9.83401
-10.4423
-10.883
-10.913
-10.4739
-9.69449
-9.24987
-8.77719
-7.98963
-7.1752
-6.41455
-5.74429
-4.97935
-4.14193
-3.11746
-1.93126
-0.877173
0.114177
1.17918
2.37083
3.60416
4.84023
5.86665
6.56263
6.97529
7.01427
6.87203
6.47884
5.8195
5.11223
4.48173
4.29351
4.56785
5.3363
6.42078
7.47877
8.68561
9.82156
10.655
11.1164
11.0876
10.4879
9.41315
8.12174
6.61211
5.1625
3.71561
2.02829
0.0919648
-2.12999
-4.12556
-5.71312
-6.72006
-6.97023
-6.91412
-6.72863
-6.59926
-6.47845
-6.2992
-6.06305
-5.56816
-4.9774
-4.20349
-3.27644
-2.24184
-1.15385
-0.504637
-0.0958614
0.184709
0.223677
0.221728
0.254072
0.366301
0.0323437
-0.96602
-2.29756
-3.74756
-5.13717
-6.32102
-6.8506
-6.89035
-6.61211
-5.7178
-4.33949
-2.54657
-0.549841
1.23996
2.54229
3.30683
3.68872
3.60806
2.91248
1.71265
0.116904
-1.68186
-3.29632
-4.44042
-5.01559
-5.1134
-4.90258
-4.6076
-4.28104
-3.99891
-3.82122
-3.76276
-4.03476
-4.61968
-5.63363
-6.89152
-8.02354
-8.85006
-9.23545
-9.51057
-9.63955
-9.78451
-10.023
-9.81489
-9.27637
-8.59793
-7.76285
-6.87281
-5.97615
-5.15471
-4.46419
-3.6669
-2.5602
-1.49326
-0.500351
0.576339
1.27153
1.51586
1.43247
0.99057
0.395527
-0.411114
-1.34362
-2.06414
-2.45382
-2.55125
-2.37277
-1.93204
-1.39311
-0.874835
-0.451251
-0.186657
-0.0296161
0.0424752
0.00233791
-0.0280568
0.160938
0.566207
1.12969
1.77266
2.22469
2.36147
2.09493
1.35219
0.231861
-1.20489
-2.77648
-4.3278
-5.78989
-7.05557
-8.04731
-8.69067
-8.94904
-8.59286
-7.60191
-5.97303
-3.71873
-1.43325
0.686618
2.46201
3.48336
3.72224
3.19266
2.03569
0.553737
-1.00187
-2.54539
-3.84381
-4.77204
-5.47892
-5.89939
-5.98979
-5.73105
-5.04598
-3.90656
-2.38446
-0.64882
1.2727
3.20747
4.88739
6.19048
7.06376
7.75466
8.21331
8.31814
8.09953
7.32563
6.13397
4.71242
3.15408
1.51508
0.014808
-0.918479
-1.25828
-1.07085
-0.61219
-0.00896263
0.812486
1.73175
2.81818
3.99462
4.74437
4.97429
4.71359
3.74211
2.39225
0.849895
-0.644533
-2.04856
-3.52194
-4.64383
-5.35383
-5.63674
-5.54127
-5.00584
-4.09984
-3.17395
-2.37549
-1.96672
-1.61834
-1.17255
-0.834697
-0.550231
-0.494896
-0.752475
-1.08331
-1.33271
-1.44962
-1.32843
-1.15891
-1.00771
-0.936015
-1.16086
-1.53223
-2.04232
-2.76479
-3.50986
-4.12712
-4.66995
-5.07171
-5.20107
-5.2268
-5.33318
-5.49062
-5.64804
-5.70805
-5.4306
-4.83322
-3.98995
-2.97755
-2.03881
-1.17333
-0.468008
0.0580626
0.42826
0.48905
0.172629
-0.479308
-1.30115
-2.15805
-2.52981
-2.06687
-0.918479
0.762606
2.66464
4.6602
6.59847
8.30762
9.77321
10.8515
11.5257
11.8405
11.8619
11.6254
11.2548
10.9006
10.4906
10.2836
10.2794
10.2026
10.0156
9.55811
8.80368
7.74881
6.59107
5.32149
3.71834
1.87242
-0.150807
-2.04349
-3.56013
-4.61032
-5.23303
-5.67259
-6.15774
-6.98816
-8.00523
-8.93773
-9.8445
-10.7302
-11.6211
-12.4144
-13.0259
-13.5683
-14.0079
-14.0577
-13.575
-12.8038
-11.9769
-11.2665
-10.7954
-10.5156
-10.4548
-10.5935
-10.8593
-11.1367
-11.2544
-11.3316
-11.1948
-10.9778
-10.9181
-10.6368
-10.3979
-10.0877
-9.65514
-9.41003
-9.04178
-8.95215
-9.14427
-9.42834
-9.99376
-10.4599
-10.9142
-11.1612
-10.9918
-10.7552
-10.4863
-10.2568
-10.0343
-9.8698
-9.71826
-9.532
-9.42561
-9.21597
-8.95137
-8.61781
-8.14083
-7.67751
-7.16819
-6.70564
-6.41455
-6.16905
-5.94888
-5.63558
-5.08807
-4.34144
-3.39101
-2.30185
-1.05916
0.209649
1.21308
2.22196
3.21643
4.04762
4.86439
5.42631
5.89393
6.3218
6.46209
6.44533
6.33544
6.19438
6.07708
5.88614
5.52217
4.91271
3.93695
2.77336
1.71927
0.895098
0.369028
-0.129764
-0.797678
-1.58483
-2.38641
-3.00873
-3.4292
-3.54415
-3.29125
-2.78817
-2.0844
-1.35375
-0.679214
-0.0413063
0.668304
1.70642
3.06289
4.56862
5.93368
7.04076
7.90274
8.44946
8.83174
9.02346
9.1053
9.27169
9.54642
9.90884
10.2011
10.5058
10.8359
11.277
12.0704
12.9289
13.5983
13.9054
13.7148
13.2737
12.6272
11.842
11.0046
10.0362
8.98488
7.80103
6.59107
5.53581
4.6415
3.8559
3.1159
2.42771
1.7446
1.03422
0.284467
-0.532305
-1.35375
-2.17325
-3.01107
-3.88512
-4.83556
-5.78872
-6.66161
-7.34082
-7.78311
-7.91911
-7.82909
-7.83416
-7.86027
-7.86338
-7.92262
-7.96586
-8.02043
-8.19655
-8.55896
-8.96774
-9.34573
-9.64461
-9.70657
-9.55967
-9.37574
-9.20388
-9.10842
-9.18518
-9.32235
-9.34689
-9.20623
-9.0145
-8.82395
-8.61352
-8.40503
-8.20046
-8.00288
-7.71998
-7.26717
-6.62653
-5.85224
-5.11301
-4.60097
-4.41977
-4.50589
-4.75645
-5.0417
-5.12899
-5.00702
-4.85543
-4.61812
-4.29312
-3.88318
-3.39295
-2.98184
-2.61554
-2.39069
-2.40082
-2.65841
-3.35633
-4.5394
-6.06539
-7.86066
-9.71749
-11.3078
-12.5769
-13.1763
-13.047
-12.6101
-11.8479
-10.9594
-10.0491
-8.89447
-7.54657
-6.33856
-5.33747
-4.52225
-4.17427
-4.08503
-4.15206
-4.36014
-4.46341
-4.47198
-4.33404
-4.05308
-3.79706
-3.61507
-3.50597
-3.48219
-3.32827
-3.15758
-3.10615
-3.06679
-3.20279
-3.31073
-3.38673
-3.49155
-3.23124
-2.84818
-2.43824
-1.87827
-1.40129
-0.723639
0.127815
1.13358
2.64749
4.11036
5.44736
6.76681
7.3942
7.79636
8.12135
7.92418
7.74141
7.49669
6.91178
6.30349
5.83392
5.42398
5.34565
5.67259
5.99681
6.54587
7.01582
7.03063
7.0583
6.82332
6.10787
5.16601
3.78576
2.18144
0.786767
-0.415011
-1.27309
-1.64523
-1.71226
-1.59731
-1.24308
-0.818721
-0.299665
0.50191
1.47105
2.54501
3.57065
4.37418
4.82075
4.90141
4.75217
4.63137
4.66137
4.55226
4.28883
3.90928
3.45686
3.13576
2.85247
2.5341
2.36965
2.38836
2.48967
2.8022
3.17746
3.48999
3.83915
4.03126
4.05853
4.03008
3.9915
3.91201
3.62755
3.16928
2.57619
1.74889
0.748578
-0.545554
-2.18729
-3.84966
-5.42008
-6.68304
-7.40551
-7.66192
-7.57346
-7.25041
-6.94295
-6.74266
-6.49326
-6.37363
-6.51236
-6.83696
-7.32563
-7.84467
-8.29125
-8.70236
-9.15401
-9.78256
-10.5288
-11.231
-11.7925
-11.9928
-11.777
-11.222
-10.385
-9.41548
-8.39335
-7.32212
-6.28244
-5.06157
-3.64001
-2.34003
-1.25751
-0.634402
-0.479698
-0.67259
-1.12579
-1.65731
-2.13311
-2.44213
-2.55358
-2.46006
-2.36459
-2.21456
-1.9336
-1.63315
-1.231
-0.729483
-0.157042
0.361235
0.77157
1.12929
1.42623
1.6581
1.76292
1.7824
1.79098
1.911
2.16391
2.44252
2.67205
2.7379
2.62022
2.2886
1.79019
1.16086
0.462942
-0.344868
-1.30154
-2.09688
-2.68179
-2.91949
-2.79713
-2.68646
-2.71803
-2.95145
-3.29514
-3.68094
-4.17544
-4.69216
-5.106
-5.33474
-5.31409
-5.0756
-4.70034
-4.29858
-3.88083
-3.32359
-2.67555
-2.09844
-1.70993
-1.66823
-2.16468
-3.07459
-4.28727
-5.77469
-7.27691
-8.64547
-9.82313
-10.7201
-11.3183
-11.745
-11.8608
-11.6592
-11.2879
-10.606
-9.81371
-8.95293
-7.89377
-6.90905
-6.10709
-5.36631
-4.82114
-4.47627
-4.15283
-3.87811
-3.45491
-2.86377
-2.31432
-1.71226
-1.065
-0.448523
0.233419
1.01161
1.7559
2.45109
3.05238
3.45609
3.80835
4.15712
4.4638
4.79971
5.14184
5.58998
6.16905
6.75084
7.16663
7.20482
6.91841
6.31011
5.5631
4.89284
4.27364
3.86174
3.64702
3.72146
4.15206
4.76697
5.53036
6.35844
7.1413
7.76362
8.14551
8.10304
7.54151
6.63705
5.48632
4.33287
3.3723
2.56566
1.97802
1.5786
1.25867
1.06305
0.958226
0.901722
0.992129
1.16554
1.29102
1.3631
1.28867
1.01668
0.67181
0.346427
0.0518276
-0.266542
-0.706102
-1.3479
-2.16546
-3.11706
-4.21246
-5.38969
-6.59419
-7.70867
-8.64937
-9.40652
-9.94581
-10.3137
-10.4657
-10.4151
-10.2392
-9.84254
-9.17193
-8.29164
-7.23443
-6.13592
-5.27746
-4.69177
-4.33053
-4.15362
-3.99034
-3.82589
-3.65443
-3.50012
-3.47596
-3.63339
-3.92838
-4.34494
-4.83945
-5.30629
-5.84639
-6.33739
-6.61328
-6.67174
-6.39546
-5.84483
-5.13951
-4.34261
-3.57805
-2.84428
-2.05907
-1.32141
-0.655833
-0.192113
-0.0997581
-0.235757
-0.482426
-0.683112
-0.712337
-0.582184
-0.375654
-0.14613
0.0604005
0.247058
0.494116
0.704933
0.800016
0.77157
0.688956
0.527629
0.252513
0.00428682
-0.0907958
0.0662459
0.312914
0.450862
0.393578
0.105993
-0.347985
-0.845998
-1.13397
-1.26257
-1.29919
-1.13787
-0.778974
-0.143403
0.707662
1.72473
2.76596
3.79627
4.79503
5.53036
6.11332
6.49326
6.72084
6.79293
6.58874
6.38259
6.1784
6.06968
6.01746
5.84132
5.64883
5.33045
4.88816
4.32429
3.59325
2.72271
1.69005
0.719741
-0.105215
-0.794171
-1.40986
-2.0092
-2.53449
-3.14044
-3.79394
-4.50471
-5.26421
-5.90991
-6.43558
-6.77032
-6.85099
-6.78397
-6.70019
-6.473
-6.13086
-5.64999
-5.03079
-4.27402
-3.38049
-2.59957
-1.75357
-1.01239
-0.453589
-0.0896269
0.111838
0.397085
0.518666
0.583743
0.716235
0.889253
1.03071
1.16359
1.07085
0.835867
0.736887
0.506586
0.224067
-0.124698
-0.421635
-0.810148
-1.41922
-2.08324
-2.91248
-3.83797
-4.83088
-5.81638
-6.97647
-8.25189
-9.34885
-10.4423
-11.3713
-11.9239
-12.1889
-12.1281
-11.7996
-11.245
-10.484
-9.70424
-8.95838
-8.21994
-7.55904
-6.77422
-5.75053
-4.7319
-3.62481
-2.46318
-1.48352
-0.715066
-0.189385
0.141065
0.261866
0.218221
0.0374091
-0.337464
-0.823007
-1.29686
-1.71343
-2.12766
-2.38408
-2.30145
-2.03413
-1.74421
-1.51196
-1.44767
-1.57198
-1.82254
-2.15026
-2.43707
-2.51734
-2.26911
-1.80579
-1.24581
-0.44034
0.525681
1.46287
2.25119
2.84507
3.32126
3.57299
3.62326
3.41984
2.82169
1.91529
0.828852
-0.237316
-1.26101
-2.10857
-2.73284
-3.34697
-3.94163
-4.5055
-5.00078
-5.48555
-5.9103
-6.20373
-6.41065
-6.30426
-5.86237
-5.19017
-4.25766
-3.05822
-1.7863
-0.542047
0.67181
1.57782
2.17871
2.51851
2.53566
2.23171
1.7033
1.16748
0.605565
0.0607901
-0.448913
-0.918089
-1.30855
-1.65615
-1.90281
-2.06298
-2.1491
-2.19469
-2.15805
-2.04778
-2.02556
-2.02517
-1.9375
-1.70953
-1.25672
-0.55062
0.267711
1.02408
1.68693
2.18105
2.56917
2.91832
3.19227
3.43232
3.68522
4.03905
4.38859
4.65124
4.91583
5.13483
5.17886
5.15627
5.12743
4.83712
4.41548
3.93266
3.27332
2.54813
1.75864
0.968358
0.235757
-0.356169
-0.738836
-0.957447
-0.987451
-0.899385
-0.822228
-0.794171
-0.854571
-1.02798
-1.28556
-1.51391
-1.67485
-1.79799
-1.83033
-1.85527
-1.81981
-1.79566
-1.84397
-1.79292
-1.82527
-1.90593
-1.96283
-2.12338
-2.35991
-2.69932
-3.04536
-3.35204
-3.67508
-3.91981
-4.11855
-4.38508
-4.62864
-4.82309
-5.0756
-5.35383
-5.6422
-5.9477
-6.16281
-6.2614
-6.24309
-6.10437
-5.91069
-5.64259
-5.34838
-5.10638
-4.93766
-4.83634
-4.78178
-4.89245
-5.11925
-5.49879
-6.00032
-6.40363
-6.79293
-7.15066
-7.46473
-7.71764
-7.87547
-7.91053
-7.73011
-7.38797
-6.86307
-6.19555
-5.59817
-5.1738
-4.85154
-4.62902
-4.41158
-4.1162
-3.71912
-3.23124
-2.83065
-2.51696
-2.37745
-2.42811
-2.60346
-2.81038
-2.85831
-2.85948
-2.80414
-2.68841
-2.53722
-2.30068
-1.96477
-1.43987
-0.870159
-0.339023
0.0970309
0.382667
0.553737
0.619594
0.588809
0.4041
0.114566
-0.266932
-0.558414
-0.632063
-0.447354
0.00974193
0.646482
1.5104
2.39498
3.28033
4.12556
4.74827
5.10912
5.19173
5.01131
4.57564
4.18479
3.83018
3.45726
3.1759
2.92105
2.7948
2.86649
3.15758
3.55039
3.98137
4.42561
4.80048
5.08067
5.04014
4.68358
4.09672
3.30255
2.42771
1.55834
0.781701
-0.00116895
-0.752086
-1.39857
-1.97022
-2.41719
-2.81155
-3.19616
-3.58468
-3.92253
-4.20154
-4.52693
-4.87881
-5.30396
-5.76767
-6.22984
-6.75824
-7.27457
-7.79791
-8.25657
-8.54454
-8.54182
-8.15214
-7.50371
-6.67524
-5.86393
-5.07171
-4.20934
-3.37309
-2.60229
-1.98582
-1.47689
-0.976152
-0.392409
0.242382
0.764944
1.20606
1.43363
1.50145
1.55093
1.42701
1.16437
0.692854
0.0771568
-0.616866
-1.3331
-1.97257
-2.64555
-3.16967
-3.60222
-3.98722
-4.23662
-4.45172
-4.64383
-4.88037
-5.17146
-5.45242
-5.65389
-5.79028
-5.90134
-5.97888
-6.03422
-6.0954
-6.10202
-6.02486
-5.90718
-5.74546
-5.63363
-5.54517
-5.45982
-5.34058
-5.10756
-4.91973
-4.74048
-4.48056
-4.17232
-3.84654
-3.66885
-3.62676
-3.58858
-3.53441
-3.39101
-3.18253
-3.00367
-2.87507
-2.89533
-2.98223
-2.98223
-2.88949
-2.59294
-2.12922
-1.57626
-0.982773
-0.406827
0.206921
0.766113
1.22165
1.55834
1.84202
2.11597
2.3264
2.56644
2.80181
3.02432
3.25072
3.52155
3.86018
4.17348
4.45679
4.61149
4.59512
4.45016
4.14855
3.72068
3.24449
2.76518
2.29367
1.84982
1.51002
1.31011
1.118
0.90484
0.715844
0.524901
0.328501
0.0681942
-0.214325
-0.465279
-0.694023
-0.889253
-1.07357
-1.27426
-1.51976
-1.7937
-2.1109
-2.44213
-2.73634
-2.923
-2.92417
-2.79363
-2.54501
-2.17364
-1.68654
-1.13436
-0.641805
-0.153534
0.323825
0.67337
0.998366
1.33427
1.63939
1.94607
2.17637
2.30692
2.39615
2.37355
2.17793
1.79019
1.15502
0.393578
-0.358897
-1.12033
-1.84593
-2.58241
-3.38594
-4.15478
-4.86634
-5.45788
-5.92628
-6.32999
-6.64251
-6.8884
-7.05713
-7.24145
-7.50137
-7.80804
-8.19578
-8.60689
-8.98372
-9.20544
-9.23
-9.17895
-9.12361
-9.09789
-9.01684
-8.76939
-8.39374
-7.90118
-7.27341
-6.64134
-6.01708
-5.34409
-4.71631
-4.22649
-3.89799
-3.70626
-3.66027
-3.69028
-3.81538
-4.19414
-4.8075
-5.57439
-6.35532
-6.90866
-7.21145
-7.34394
-7.23678
-6.84476
-6.28244
-5.62506
-4.84023
-4.03944
-3.27723
-2.49435
-1.72395
-0.971086
-0.273946
0.398644
1.08019
1.76954
2.51189
3.19851
3.75575
4.12244
4.2448
4.22025
4.09867
3.89019
3.67041
3.46193
3.20747
2.92027
2.62022
2.33458
2.12338
2.06414
2.17676
2.43123
2.74686
2.95534
3.04342
3.0212
2.91208
2.80142
2.70634
2.66542
2.65256
2.63503
2.61671
2.65179
2.77414
2.87546
2.91092
2.88209
2.78505
2.62373
2.36927
2.05751
1.67096
1.21035
0.745071
0.234978
-0.226794
-0.56231
-0.79456
-0.917699
-1.01201
-1.09383
-1.20333
-1.3744
-1.64485
-2.06765
-2.591
-3.21292
-3.90461
-4.51368
-4.9774
-5.3476
-5.5631
-5.64142
-5.60751
-5.38189
-4.91661
-4.19141
-3.26904
-2.23716
-1.26335
-0.411504
0.294209
0.805471
1.17333
1.46599
1.68342
1.74227
1.78786
1.78786
1.65498
1.57237
1.51586
1.45663
1.44572
1.36194
1.06734
0.697529
0.245499
-0.385785
-1.12462
-2.03686
-3.05744
-4.04645
-4.97506
-5.75209
-6.29218
-6.57938
-6.57509
-6.29453
-5.82379
-5.24083
-4.61929
-3.95059
-3.22929
-2.5306
-1.95971
-1.51274
-1.27504
-1.35649
-1.67212
-2.15884
-2.71881
-3.20941
-3.53675
-3.74795
-3.72262
-3.50557
-3.36256
-3.13888
-2.85324
-2.58008
-2.34744
-2.17286
-1.94763
-1.85566
-1.96165
-2.18533
-2.51461
-2.90819
-3.31425
-3.68483
-3.97825
-4.16063
-4.29468
-4.43067
-4.58227
-4.71826
-4.78723
-4.82465
-4.83985
-4.81958
-4.78567
-4.74905
-4.65163
-4.48094
-4.27558
-3.98683
-3.6782
-3.38166
-3.08355
-2.83182
-2.57501
-2.32094
-2.03842
-1.75317
-1.51664
-1.30504
-1.17216
-1.05993
-0.996022
-1.01941
-1.10085
-1.3031
-1.52404
-1.66861
-1.75864
-1.71655
-1.5104
-1.201
-0.756371
-0.229912
0.279012
0.860028
1.47065
2.03336
2.65061
3.24682
3.73354
4.26506
4.78061
5.22173
5.68545
5.92784
5.97265
5.9329
5.61843
5.16095
4.65786
4.06048
3.44557
2.90975
2.45032
2.04037
1.71694
1.4578
1.27933
1.25204
1.37519
1.61913
1.95971
2.29288
2.65179
3.05861
3.43309
3.87343
4.41548
4.91583
5.30863
5.58375
5.64453
5.53465
5.30512
4.85699
4.30754
3.72185
2.95769
2.07778
1.13125
0.156652
-0.777805
-1.66589
-2.44993
-3.20435
-3.99501
-4.83829
-5.72988
-6.56301
-7.23483
-7.82909
-8.43699
-8.97281
-9.34339
-9.50706
-9.49888
-9.30481
-8.97163
-8.60105
-8.25229
-7.92066
-7.65919
-7.56021
-7.62061
-7.83377
-8.05004
-8.22306
-8.36957
-8.38984
-8.3349
-8.1989
-7.81116
-7.33576
-6.84241
-6.21581
-5.69754
-5.24589
-4.84218
-4.58928
-4.35041
-4.09789
-3.81654
-3.49428
-3.09368
-2.73205
-2.40667
-2.03102
-1.745
-1.41883
-1.05837
-0.817162
-0.607902
-0.44112
-0.419687
-0.506975
-0.634012
-0.909906
-1.17294
-1.37986
-1.74889
-2.13078
-2.60034
-3.15993
-3.68366
-4.18557
-4.55927
-4.92518
-5.25446
-5.41774
-5.40527
-5.23381
-4.97233
-4.56434
-4.08659
-3.50401
-2.82363
-2.19274
-1.52404
-0.962124
-0.535033
-0.0830022
0.300444
0.560752
0.728705
0.781701
0.688567
0.564648
0.446185
0.443847
0.560362
0.561141
0.510093
0.429039
0.328501
0.157042
-0.0974206
-0.21939
-0.245499
-0.266152
-0.194061
0.0701425
0.366301
0.749747
1.32375
1.828
2.25392
2.58203
2.85286
3.02899
2.97561
2.97483
2.96509
2.76362
2.55398
2.38368
2.23404
1.95231
1.54509
1.18969
0.693633
0.180812
-0.31915
-0.967189
-1.51196
-1.97802
-2.34354
-2.68802
-3.13265
-3.55233
-3.9841
-4.3356
-4.70073
-5.11613
-5.46411
-5.74196
-5.84483
-5.75326
-5.47658
-5.03469
-4.43263
-3.77368
-3.02198
-2.17793
-1.42974
-0.678825
-0.0272775
0.459045
0.840543
1.08019
1.22945
1.22205
1.06461
0.824176
0.457096
-0.0763775
-0.68584
-1.38454
-2.13273
-2.79168
-3.40231
-3.87967
-4.24987
-4.54524
-4.69878
-4.77009
-4.70112
-4.52888
-4.31222
-4.07607
-3.92214
-3.85122
-3.85161
-3.93813
-4.13725
-4.39327
-4.64189
-4.85349
-4.98714
-5.06391
-5.03313
-4.79191
-4.34962
-3.80485
-3.22149
-2.62295
-2.01583
-1.49053
-1.06422
-0.670641
-0.37916
-0.155483
0.0300057
0.187826
0.376043
0.60011
0.885356
1.20645
1.52483
1.79059
2.0318
2.16701
2.14636
2.04271
1.68693
1.08994
0.484764
-0.205362
-1.06072
-1.84553
-2.47292
-2.74102
-2.7531
-2.75699
-2.34277
-1.69706
-1.20957
-0.621152
0.160159
0.816382
1.2427
1.56886
1.73408
1.65731
1.25556
0.67181
0.14652
-0.436443
-0.986676
-1.3296
-1.58678
-1.71733
-1.69356
-1.57977
-1.43013
-1.27036
-1.09227
-0.921986
-0.740005
-0.574781
-0.40332
-0.310186
-0.310186
-0.373705
-0.588029
-0.708051
-0.761437
-0.911465
-0.979659
-1.0537
-1.18463
-1.20294
-1.11488
-0.961734
-0.833918
-0.684281
-0.409555
-0.168732
0.0436442
0.251734
0.357339
0.329281
0.233809
0.153924
0.0529965
-0.0923545
-0.264594
-0.494116
-0.749358
-0.987059
-1.21035
-1.37207
-1.54041
-1.66043
-1.66433
-1.62458
-1.50261
-1.29725
-1.10514
-0.946926
-0.764166
-0.58725
-0.370587
-0.153534
0.0452028
0.301224
0.545944
0.789494
1.01823
1.24114
1.50573
1.78942
2.01816
2.20287
2.27262
2.19274
2.0583
1.72278
1.30894
0.835867
0.261476
-0.230691
-0.742733
-1.18073
-1.47768
-1.72434
-1.84319
-1.87086
-1.90983
-1.84086
-1.65731
-1.5069
-1.41377
-1.4235
-1.47884
-1.59808
-1.86073
-2.17364
-2.5189
-2.96041
-3.40152
-3.80017
-4.15751
-4.46809
-4.75996
-4.96025
-5.15003
-5.29148
-5.32188
-5.25408
-5.19406
-5.23069
-5.22056
-5.26889
-5.31369
-5.32422
-5.38501
-5.44775
-5.55102
-5.68585
-5.89042
-6.03227
-6.17567
-6.40091
-6.57393
-6.80539
-7.01855
-7.14754
-7.26794
-7.29211
-7.24379
-7.13156
-6.89307
-6.59029
-6.25322
-5.83743
-5.42515
-5.04598
-4.66137
-4.42717
-4.28533
-4.15478
-4.12322
-4.09634
-4.06633
-4.00125
-3.9124
-3.81966
-3.6443
-3.43153
-3.16733
-2.82597
-2.44837
-2.12727
-1.84241
-1.5938
-1.40091
-1.23451
-1.10358
-0.923545
-0.70961
-0.425922
-0.0311747
0.434495
0.98901
1.59691
2.20521
2.73985
3.142
3.39257
3.51726
3.54571
3.5048
3.43933
3.40036
3.4062
3.43933
3.54338
3.68678
3.75731
3.75964
3.6856
3.45686
3.15408
2.76791
2.21262
1.66199
1.14917
0.635571
0.287585
0.0381891
-0.166004
-0.20848
-0.218221
-0.224457
-0.144182
-0.116515
-0.14691
-0.176526
-0.34214
-0.534643
-0.655055
-0.776245
-0.727145
-0.492168
-0.18393
0.200296
0.604396
1.01045
1.45624
1.87242
2.23794
2.61788
2.89066
3.02198
3.05471
2.92534
2.65256
2.27613
1.74539
1.02837
0.192113
-0.722859
-1.62965
-2.48149
-3.29905
-4.00905
-4.60214
-5.08535
-5.43294
-5.66208
-5.81678
-5.89627
-5.86977
-5.77624
-5.62077
-5.41969
-5.26927
-5.2077
-5.24433
-5.37215
-5.53621
-5.69325
-5.81366
-5.93173
-6.07708
-6.22945
-6.38999
-6.55327
-6.73175
-6.94139
-7.21417
-7.50371
-7.75934
-7.98691
-8.11122
-8.14785
-8.08511
-7.92106
-7.71374
-7.40083
-6.99829
-6.51937
-5.89978
-5.17068
-4.39639
-3.65054
-3.02626
-2.53644
-2.15377
-1.85683
-1.60665
-1.37479
-1.17489
-1.00343
-0.871717
-0.818332
-0.78287
-0.745071
-0.761437
-0.783649
-0.818721
-0.92978
-1.07279
-1.25789
-1.50066
-1.79059
-2.13311
-2.4924
-2.82325
-3.07926
-3.28852
-3.44985
-3.52934
-3.55507
-3.57454
-3.54805
-3.54883
-3.56676
-3.48492
-3.43076
-3.34268
-3.28229
-3.22461
-3.18253
-3.24838
-3.24605
-3.30918
-3.22384
-3.059
-2.98146
-2.74959
-2.56527
-2.43317
-2.30107
-2.2395
-2.14792
-1.99907
-1.88956
-1.79059
-1.6842
-1.56925
-1.41572
-1.19749
-0.852233
-0.475022
0.0210431
0.564259
1.04123
1.57119
1.99478
2.2886
2.60463
2.86845
3.06289
3.26203
3.37542
3.33567
3.16928
2.90468
2.52007
2.03375
1.556
1.07747
0.594654
0.131712
-0.299275
-0.654275
-0.94108
-1.12384
-1.16748
-1.10631
-0.950822
-0.728705
-0.518277
-0.335905
-0.143792
0.0646873
0.276674
0.483205
0.626218
0.723248
0.827294
0.88029
0.90562
0.874835
0.775466
0.620763
0.402541
0.206921
-0.0136391
-0.231471
-0.385395
-0.479308
-0.453979
-0.339023
-0.153924
0.0806643
0.253682
0.337464
0.385395
0.390071
0.36669
0.365132
0.292261
0.119632
-0.0771568
-0.332398
-0.588029
-0.774297
-0.933676
-1.03928
-1.08565
-1.13865
-1.25439
-1.47183
-1.828
-2.32484
-2.87858
-3.3953
-3.88279
-4.37651
-4.83088
-5.31993
-5.75871
-6.02993
-6.27387
-6.34363
-6.25166
-6.13397
-5.88419
-5.58257
-5.27784
-4.95869
-4.69177
-4.51446
-4.36404
-4.27987
-4.30364
-4.29507
-4.29741
-4.36054
-4.42171
-4.51329
-4.6676
-4.84647
-5.05729
-5.29655
-5.47035
-5.60946
-5.74975
-5.79651
-5.74001
-5.627
-5.42982
-5.17458
-4.887
-4.51524
-4.1314
-3.76549
-3.34541
-2.95184
-2.62099
-2.26717
-1.91138
-1.5334
-1.08526
-0.625829
-0.144961
0.315642
0.656224
0.89354
1.04317
1.13942
1.25244
1.34128
1.38142
1.47689
1.639
1.88255
2.24223
2.61047
2.98067
3.33607
3.5761
3.73861
3.85668
3.905
3.86408
3.70626
3.43426
3.04068
2.53176
2.02245
1.55366
1.11332
0.73299
0.362014
-0.014808
-0.395137
-0.825345
-1.26764
-1.68966
-2.0735
-2.36887
-2.55163
-2.62684
-2.61866
-2.52085
-2.3603
-2.09532
-1.6464
-1.09539
-0.484374
0.144572
0.681552
1.12696
1.50417
1.75629
1.88295
1.97374
2.05986
2.13623
2.16975
2.15143
2.07934
1.89152
1.62302
1.32881
0.986284
0.607124
0.231081
-0.130933
-0.458266
-0.741953
-0.982773
-1.14177
-1.20685
-1.1784
-1.05097
-0.846778
-0.596602
-0.328891
-0.0783257
0.127426
0.302003
0.433716
0.444237
0.338633
0.125088
-0.202245
-0.573221
-1.0311
-1.5595
-2.08713
-2.64321
-3.18136
-3.70041
-4.22999
-4.70853
-5.16133
-5.62778
-6.0233
-6.34596
-6.62224
-6.8167
-6.96204
-7.06687
-7.07194
-6.99089
-6.81552
-6.48936
-6.09734
-5.65856
-5.16055
-4.69098
-4.207
-3.69652
-3.20007
-2.71803
-2.31471
-1.98971
-1.70602
-1.50027
-1.38259
-1.337
-1.36973
-1.48157
-1.64796
-1.80384
-1.93516
-2.06142
-2.17598
-2.25704
-2.29016
-2.31276
-2.32172
-2.31198
-2.27925
-2.21027
-2.15221
-2.11364
-2.11909
-2.20988
-2.33497
-2.49513
-2.67711
-2.80688
-2.9117
-3.00249
-3.0894
-3.19266
-3.25774
-3.27644
-3.24955
-3.14785
-2.9799
-2.76868
-2.50916
-2.15299
-1.75006
-1.35649
-0.922766
-0.540488
-0.271218
-0.0370195
0.123139
0.187436
0.154314
0.00233791
-0.0974206
-0.120022
-0.114177
0.0604005
0.384227
0.767282
1.16359
1.556
1.91918
2.2204
2.51929
2.7796
2.95846
3.08901
3.19266
3.27839
3.35048
3.39802
3.39062
3.34191
3.20747
2.99977
2.77259
2.50292
2.18456
1.81787
1.45702
1.12852
0.808978
0.462162
0.0584522
-0.395137
-0.869379
-1.35181
-1.83423
-2.25392
-2.62373
-2.95262
-3.16577
-3.26631
-3.25501
-3.12642
-2.96742
-2.76245
-2.57228
-2.54073
-2.5528
-2.58982
-2.68062
-2.78427
-2.9152
-3.02861
-3.11394
-3.15876
-3.16811
-3.11667
-2.99899
-2.87429
-2.704
-2.48967
-2.3038
-2.14364
-2.00296
-1.89892
-1.83228
-1.84086
-1.8919
-1.92892
-1.97178
-2.02128
-2.077
-2.17169
-2.30925
-2.46552
-2.65685
-2.84507
-3.01262
-3.18447
-3.31697
-3.40932
-3.45803
-3.44401
-3.37737
-3.27995
-3.16265
-3.01029
-2.83494
-2.61633
-2.38992
-2.19313
-1.99244
-1.82565
-1.70057
-1.59925
-1.52443
-1.46092
-1.40324
-1.38454
-1.39077
-1.40831
-1.4843
-1.58483
-1.67368
-1.72902
-1.70563
-1.57042
-1.41805
-1.26101
-1.0272
-0.824955
-0.607902
-0.317201
-0.0377994
0.224067
0.469956
0.670641
0.792222
0.852233
0.881459
0.817551
0.604006
0.314082
-0.0561143
-0.470346
-0.855351
-1.16631
-1.28361
-1.28322
-1.18191
-0.940301
-0.662848
-0.339023
0.0389684
0.380329
0.673759
0.922376
1.11254
1.29491
1.46052
1.58406
1.6846
1.75317
1.76214
1.72122
1.63238
1.49092
1.29686
1.04356
0.742733
0.356169
-0.100148
-0.593095
-1.14956
-1.71421
-2.23444
-2.69309
-3.01886
-3.20435
-3.25851
-3.15993
-2.98379
-2.76323
-2.55319
-2.42031
-2.31705
-2.23911
-2.17092
-2.077
-1.99711
-1.93516
-1.89385
-1.92931
-2.00258
-2.06882
-2.1448
-2.1939
-2.22976
-2.33497
-2.50643
-2.73634
-3.03639
-3.32203
-3.59365
-3.84343
-3.99774
-4.10296
-4.17348
-4.19376
-4.207
-4.22181
-4.23038
-4.27013
-4.32858
-4.40535
-4.47822
-4.51524
-4.56356
-4.57759
-4.53589
-4.42757
-4.23779
-3.98644
-3.67508
-3.40152
-3.17434
-2.98574
-2.90547
-2.89533
-2.95534
-3.10849
-3.32282
-3.54883
-3.73198
-3.84733
-3.83447
-3.71951
-3.54649
-3.30566
-3.0551
-2.78661
-2.51228
-2.27886
-2.09844
-1.99517
-1.96438
-1.9901
-2.01154
-1.9562
-1.83423
-1.61718
-1.31362
-1.00031
-0.639467
-0.267711
0.0685838
0.371366
0.670252
0.983166
1.24152
1.43559
1.57237
1.70213
1.82644
1.98777
2.21183
2.42811
2.62255
2.71803
2.70712
2.64321
2.50059
2.2695
2.06414
1.84787
1.57042
1.32413
1.02447
0.710779
0.420466
0.10989
-0.176136
-0.503079
-0.834308
-1.14294
-1.47339
-1.745
-1.99283
-2.27925
-2.568
-2.86493
-3.12836
-3.32827
-3.48336
-3.56403
-3.54532
-3.46816
-3.37269
-3.29905
-3.27567
-3.26631
-3.27411
-3.29905
-3.37659
-3.48921
-3.53013
-3.5804
-3.64508
-3.67197
-3.70704
-3.74211
-3.76627
-3.77212
-3.81576
-3.89331
-3.97865
-4.12945
-4.36287
-4.63175
-4.89596
-5.1777
-5.43177
-5.61726
-5.76183
-5.81755
-5.80937
-5.79807
-5.75598
-5.75247
-5.80236
-5.89003
-6.03071
-6.16359
-6.3031
-6.39779
-6.40598
-6.38961
-6.31283
-6.18191
-5.98668
-5.65116
-5.21004
-4.65007
-3.97669
-3.27839
-2.56099
-1.86658
-1.24035
-0.63674
-0.0689735
0.412283
0.805861
1.04863
1.1067
1.03343
0.824566
0.5023
0.154703
-0.212766
-0.581794
-0.882628
-1.14995
-1.35999
-1.46443
-1.53768
-1.53184
-1.39116
-1.20996
-0.991354
-0.736109
-0.521783
-0.307069
-0.124308
-0.0354608
0.0124694
-0.0736499
-0.236147
-0.368639
-0.572832
-0.78287
-0.96641
-1.14527
-1.23256
-1.22243
-1.10592
-0.879121
-0.595044
-0.249396
0.138337
0.530746
0.938353
1.33856
1.67135
1.87008
1.96127
1.98542
1.93555
1.8654
1.81007
1.76409
1.73135
1.73564
1.7637
1.79916
1.82137
1.82059
1.79448
1.66628
1.47377
1.22205
0.902113
0.558024
0.169122
-0.245109
-0.718963
-1.20412
-1.65615
-2.09297
-2.46006
-2.75154
-2.99197
-3.20747
-3.39295
-3.5652
-3.72535
-3.86253
-3.99034
-4.10451
-4.19648
-4.23623
-4.24363
-4.2031
-4.09478
-3.94241
-3.72224
-3.44985
-3.14785
-2.83883
-2.55436
-2.29679
-2.0809
-1.92074
-1.83228
-1.78708
-1.78318
-1.80072
-1.7676
-1.72044
-1.67602
-1.64991
-1.68148
-1.7676
-1.89385
-2.04973
-2.26561
-2.53682
-2.83494
-3.11979
-3.38633
-3.63378
-3.84421
-4.02541
-4.14894
-4.22103
-4.25376
-4.27558
-4.30014
-4.30482
-4.29507
-4.25181
-4.12673
-3.91007
-3.66768
-3.40308
-3.14122
-2.90702
-2.63815
-2.42343
-2.2925
-2.20248
-2.17442
-2.15026
-2.13273
-2.11129
-2.06765
-2.0353
-1.97802
-1.87398
-1.72239
-1.4995
-1.24347
-1.02798
-0.808199
-0.566597
-0.350324
-0.136388
0.0296161
0.111838
0.154314
0.116125
0.015977
-0.1095
-0.249007
-0.325774
-0.363962
-0.34214
-0.254072
-0.139116
0.00467647
0.133661
0.278622
0.41579
0.478139
0.503858
0.539319
0.533085
0.487102
0.473463
0.44073
0.338633
0.20848
0.0693631
-0.0861195
-0.229522
-0.361235
-0.466449
-0.579067
-0.743902
-0.853013
-0.899774
-0.911465
-0.843271
-0.690905
-0.490609
-0.255631
0.0264983
0.3059
0.573221
0.801964
1.01473
1.23646
1.40948
1.58562
1.73681
1.84241
1.95308
2.01738
2.02517
2.01115
1.96945
1.88605
1.78396
1.65147
1.47027
1.28946
1.1067
0.869379
0.592316
0.31759
0.0413063
-0.231081
-0.560752
-0.91731
-1.19749
-1.4917
-1.78669
-2.05401
-2.31938
-2.5337
-2.73011
-2.89573
-2.99899
-3.00678
-2.91404
-2.79752
-2.68725
-2.60814
-2.59566
-2.65139
-2.77024
-2.96586
-3.24487
-3.58897
-3.96968
-4.37768
-4.79426
-5.1929
-5.54166
-5.83899
-6.07903
-6.21347
-6.28128
-6.29413
-6.22009
-6.07903
-5.86081
-5.59076
-5.3059
-5.0152
-4.71242
-4.42133
-4.16882
-3.91396
-3.68911
-3.52662
-3.40932
-3.33255
-3.25851
-3.18214
-3.12212
-3.07147
-2.99665
-2.89573
-2.7792
-2.64243
-2.47292
-2.30068
-2.12805
-1.94529
-1.76837
-1.54002
-1.33856
-1.17723
-0.992521
-0.860417
-0.748967
-0.681943
-0.667914
-0.659731
-0.718183
-0.794171
-0.875224
-0.977711
-1.08643
-1.19983
-1.28985
-1.41221
-1.54625
-1.6581
-1.74148
-1.76877
-1.71382
-1.53768
-1.28867
-1.00927
-0.73299
-0.476581
-0.263424
-0.117684
-0.0261085
0.00311721
-0.0210431
-0.0978103
-0.249786
-0.486712
-0.738836
-0.965241
-1.14956
-1.23958
-1.24776
-1.20178
-1.12268
-1.04708
-1.0007
-0.948874
-0.932507
-0.937574
-0.956668
-1.04708
-1.11605
-1.19593
-1.25127
-1.25945
-1.24698
-1.12579
-0.984333
-0.836646
-0.663237
-0.485933
-0.340193
-0.247447
-0.0872884
-0.00935228
-0.0522172
0.00701437
0.0826126
0.156262
0.238874
0.26927
0.300444
0.296158
0.274725
0.267321
0.267711
0.286805
0.28135
0.264204
0.271608
0.226794
0.123919
-0.0015586
-0.253682
-0.540098
-0.771959
-1.06734
-1.39428
-1.72318
-2.1448
-2.55319
-2.90975
-3.278
-3.51766
-3.70197
-3.84849
-3.83524
-3.73782
-3.60183
-3.40152
-3.13849
-2.89143
-2.64555
-2.41914
-2.26794
-2.17169
-2.14598
-2.15338
-2.17793
-2.28042
-2.39265
-2.44681
-2.54851
-2.60658
-2.59489
-2.65139
-2.69932
-2.7948
-2.93937
-3.03211
-3.17123
-3.33022
-3.4218
-3.48765
-3.50752
-3.43504
-3.33762
-3.22734
-3.0742
-2.89573
-2.66893
-2.41251
-2.17481
-1.92814
-1.63822
-1.34401
-1.04162
-0.720521
-0.426312
-0.139896
0.112618
0.321487
0.507365
0.641025
0.702595
0.707271
0.69636
0.624659
0.518277
0.42865
0.315252
0.206921
0.143013
0.127426
0.153534
0.174967
0.181981
0.199517
0.18354
0.167173
0.138727
0.0471517
-0.0822229
-0.299665
-0.565817
-0.822617
-1.08487
-1.32999
-1.53417
-1.71382
-1.83774
-1.87983
-1.89073
-1.89035
-1.93516
-2.0092
-2.08675
-2.29016
-2.56566
-2.8361
-3.20825
-3.67703
-4.16414
-4.65747
-5.13444
-5.55998
-5.91536
-6.21152
-6.41767
-6.52755
-6.55795
-6.4726
-6.37519
-6.25906
-6.03149
-5.72637
-5.34448
-4.96104
-4.56278
-4.10568
-3.62872
-3.11043
-2.57775
-2.10545
-1.68576
-1.2766
-0.936794
-0.675317
-0.482036
-0.377212
-0.286805
-0.238095
-0.249007
-0.236147
-0.210817
-0.185099
-0.167173
-0.18315
-0.225626
-0.2568
-0.324994
-0.418128
-0.496064
-0.619983
-0.751306
-0.906399
-1.11371
-1.30231
-1.4426
-1.60939
-1.72239
-1.72278
-1.70407
-1.65887
-1.57665
-1.42194
-1.26764
-1.12462
-0.987451
-0.877563
-0.801575
-0.764555
-0.725586
-0.72247
-0.627387
-0.528018
-0.476191
-0.285636
-0.0222121
0.26888
0.565817
0.900164
1.28049
1.51742
1.66277
1.82254
1.8467
1.80539
1.75006
1.63822
1.53456
1.41298
1.31011
1.23256
1.16164
1.18347
1.27777
1.37207
1.4995
1.66472
1.82215
1.94957
2.06609
2.14208
2.1526
2.11129
1.98815
1.85138
1.68771
1.48975
1.31635
1.12384
0.940301
0.75754
0.561531
0.344089
0.123139
-0.0490999
-0.287974
-0.564259
-0.765724
-0.942639
-1.10124
-1.22399
-1.29725
-1.35219
-1.4391
-1.50378
-1.58016
-1.71459
-1.86735
-2.03219
-2.25197
-2.54501
-2.84857
-3.17084
-3.50752
-3.84616
-4.19103
-4.48601
-4.73268
-4.93727
-5.15081
-5.378
-5.53426
-5.67259
-5.78521
-5.86197
-5.96914
-6.00343
-5.98746
-5.99642
-5.97927
-5.94498
-5.8538
-5.7139
-5.59817
-5.53309
-5.45866
-5.38228
-5.33123
-5.2607
-5.22836
-5.22173
-5.25485
-5.33435
-5.41774
-5.46138
-5.44931
-5.46801
-5.51165
-5.55919
-5.58608
-5.59933
-5.59465
-5.55608
-5.53581
-5.46723
-5.33123
-5.17848
-5.0078
-4.8188
-4.57369
-4.29429
-3.99969
-3.65755
-3.25774
-2.82207
-2.42226
-2.01699
-1.62536
-1.32804
-1.07357
-0.862755
-0.687009
-0.580625
-0.533474
-0.503079
-0.569325
-0.612579
-0.561141
-0.508535
-0.445406
-0.335126
-0.133271
0.0943027
0.330059
0.609072
0.807809
0.958226
1.15151
1.28517
1.29062
1.26569
1.23802
1.17138
1.10319
0.994855
0.895488
0.795729
0.692464
0.658562
0.589198
0.52607
0.4645
0.372146
0.302782
0.245889
0.239265
0.237316
0.236926
0.254851
0.291482
0.361624
0.365912
0.315252
0.234198
0.120411
-0.00662473
-0.200296
-0.389681
-0.563869
-0.78248
-0.957447
-1.08019
-1.19009
-1.22906
-1.20373
-1.16281
-1.11449
-1.04084
-0.939132
-0.88107
-0.83158
-0.783259
-0.775466
-0.768452
-0.824566
-0.94186
-1.04903
-1.12891
-1.15034
-1.11761
-1.00889
-0.877173
-0.77157
-0.560752
-0.314082
-0.136388
0.0568937
0.262255
0.458655
0.552958
0.589198
0.616086
0.5136
0.355
0.128595
-0.118853
-0.307848
-0.534254
-0.747409
-0.877952
-0.98395
-1.13904
-1.23256
-1.3105
-1.44806
-1.54937
-1.69122
-1.83267
-1.98153
-2.21066
-2.50292
-2.87
-3.24878
-3.6595
-4.09984
-4.49498
-4.84374
-5.189
-5.49763
-5.74585
-5.98356
-6.20061
-6.37013
-6.44105
-6.48274
-6.47416
-6.33388
-6.17061
-5.91848
-5.61375
-5.33863
-4.97545
-4.60487
-4.26818
-3.87577
-3.5348
-3.24761
-2.93937
-2.69465
-2.45772
-2.17715
-1.91373
-1.67719
-1.41805
-1.1441
-0.907958
-0.687787
-0.500351
-0.340193
-0.229912
-0.161328
-0.0662459
-0.0206528
-0.0136391
7.79302E-4
0.00467647
0.0342919
0.0861195
0.130154
0.139116
0.129764
0.118853
0.079885
0.0222121
-0.0323437
-0.0642977
-0.0857297
-0.115346
-0.125477
-0.124698
-0.139116
-0.138727
-0.101707
-0.0533861
0.00623507
0.0958614
0.167173
0.197958
0.239265
0.255241
0.234198
0.222508
0.182761
0.104824
0.0163666
-0.0732603
-0.164835
-0.289533
-0.44073
-0.593875
-0.747409
-0.913413
-1.05837
-1.19009
-1.31128
-1.38103
-1.45819
-1.52054
-1.51664
-1.45
-1.35999
-1.24542
-1.04903
-0.837425
-0.626218
-0.401762
-0.194451
-0.00272755
0.151976
0.242771
0.294209
0.321877
0.290702
0.220949
0.0923545
-0.118853
-0.345258
-0.561921
-0.766503
-0.962124
-1.14216
-1.27972
-1.39077
-1.45702
-1.50495
-1.55678
-1.55678
-1.55249
-1.56185
-1.55834
-1.55482
-1.51547
-1.42897
-1.33427
-1.2349
-1.11254
-0.986284
-0.841712
-0.695191
-0.577118
-0.462552
-0.401762
-0.395916
-0.43995
-0.56309
-0.669863
-0.80703
-1.03071
-1.28829
-1.60471
-1.94412
-2.27886
-2.5984
-2.89494
-3.16733
-3.39218
-3.57728
-3.7199
-3.86603
-4.03437
-4.16998
-4.30559
-4.46263
-4.61617
-4.7662
-4.85699
-4.93727
-5.00858
-5.02221
-5.06469
-5.08184
-5.07326
-5.01091
-4.88544
-4.80516
-4.68553
-4.56629
-4.43847
-4.23739
-4.041
-3.81615
-3.58507
-3.36217
-3.11628
-2.86961
-2.60775
-2.36576
-2.13078
-1.89853
-1.72395
-1.54509
-1.38376
-1.26724
-1.13436
-1.02526
-0.920817
-0.824955
-0.741563
-0.655833
-0.58725
-0.492558
-0.415401
-0.318759
-0.21978
-0.15938
-0.0935235
-0.0830022
-0.0572833
-0.0872884
-0.222118
-0.325385
-0.478529
-0.6609
-0.866651
-1.10436
-1.31128
-1.53223
-1.73058
-1.93672
-2.13935
-2.36615
-2.59878
-2.75505
-2.90313
-3.00211
-3.09407
-3.14785
-3.15642
-3.14785
-3.04536
-2.90001
-2.66542
-2.37393
-2.0848
-1.7863
-1.49559
-1.20957
-0.950433
-0.719352
-0.525291
-0.390851
-0.335126
-0.337464
-0.386954
-0.495675
-0.614528
-0.727925
-0.817941
-0.838205
-0.84444
-0.817551
-0.773517
-0.748578
-0.677656
-0.622321
-0.58686
-0.549451
-0.55101
-0.591537
-0.662848
-0.764555
-0.891591
-1.02175
-1.18931
-1.34908
-1.49131
-1.66355
-1.82215
-1.97529
-2.12649
-2.29094
-2.45577
-2.58944
-2.72855
-2.83727
-2.89338
-2.93625
-2.94053
-2.89222
-2.83221
-2.72855
-2.57307
-2.40862
-2.20832
-1.98542
-1.73408
-1.45858
-1.22671
-1.02019
-0.83119
-0.679994
-0.563479
-0.462162
-0.369808
-0.31837
-0.26927
-0.233419
-0.204972
-0.139116
-0.0810539
-0.0276672
0.0202632
0.0833918
0.162107
0.224457
0.287195
0.31915
0.308238
0.278622
0.235757
0.160938
0.0526068
-0.0806643
-0.247447
-0.418518
-0.595823
-0.786767
-0.968748
-1.15034
-1.35414
-1.56145
-1.7676
-1.98114
-2.20521
-2.45812
-2.7079
-2.94794
-3.17239
-3.38282
-3.56909
-3.67743
-3.74328
-3.76355
-3.74795
-3.73275
-3.69729
-3.68249
-3.6708
-3.65638
-3.6595
-3.63651
-3.59442
-3.53519
-3.45686
-3.38828
-3.34035
-3.27761
-3.22461
-3.22501
-3.19656
-3.16032
-3.13265
-3.07848
-3.04808
-3.00756
-2.93937
-2.86416
-2.77687
-2.62996
-2.40473
-2.14364
-1.85722
-1.56691
-1.26841
-0.992904
-0.796509
-0.60011
-0.411504
-0.317201
-0.246668
-0.224457
-0.273557
-0.370977
-0.552958
-0.749358
-0.943418
-1.14449
-1.31167
-1.41416
-1.46325
-1.48897
-1.46092
-1.40986
-1.35025
-1.27621
-1.21931
-1.15774
-1.10552
-1.04396
-0.97927
-0.976932
-1.0046
-1.07513
-1.15073
-1.17918
-1.21308
-1.26101
-1.26841
-1.24035
-1.24503
-1.2388
-1.20996
-1.16047
-1.08799
-0.999533
-0.889253
-0.808199
-0.728314
-0.651937
-0.569714
-0.50191
-0.468008
-0.400982
-0.338243
-0.273946
-0.212376
-0.193282
-0.182371
-0.17068
-0.152365
-0.135999
-0.128984
-0.153924
-0.217053
-0.273946
-0.339412
-0.420077
-0.529967
-0.667914
-0.785209
-0.930949
-1.08799
-1.25711
-1.46637
-1.62302
-1.75902
-1.88333
-1.96361
-2.02596
-2.04271
-2.04933
-2.0735
-2.12377
-2.21534
-2.32796
-2.45071
-2.57424
-2.71452
-2.83454
-2.9078
-2.93742
-2.8965
-2.82558
-2.7114
-2.53644
-2.36147
-2.17676
-1.96945
-1.775
-1.61328
-1.49677
-1.4087
-1.34284
-1.25633
-1.11839
-0.959006
-0.750136
-0.512821
-0.271218
-0.0576729
0.0802747
0.188216
0.256021
0.270049
0.234198
0.148469
0.0354608
-0.104824
-0.25719
-0.424753
-0.589978
-0.731432
-0.862365
-0.976152
-1.09618
-1.23568
-1.34713
-1.46871
-1.64173
-1.79721
-1.9562
-2.14636
-2.31315
-2.47565
-2.65217
-2.77999
-2.87936
-2.95184
-2.9534
-2.90507
-2.7983
-2.64632
-2.45772
-2.23872
-2.00803
-1.78435
-1.57704
-1.39428
-1.2462
-1.12384
-1.02798
-0.961344
-0.949653
-0.978101
-1.02603
-1.08137
-1.14449
-1.23178
-1.32843
-1.43247
-1.52483
-1.63198
-1.75824
-1.87983
-1.99984
-2.11597
-2.25353
-2.41135
-2.57931
-2.75778
-2.92144
-3.0851
-3.25072
-3.41439
-3.5574
-3.65561
-3.74445
-3.78264
-3.77952
-3.76355
-3.71366
-3.66924
-3.60572
-3.51843
-3.41556
-3.29749
-3.15758
-3.01653
-2.89923
-2.76868
-2.65179
-2.56255
-2.45538
-2.31237
-2.17092
-2.03648
-1.92814
-1.85606
-1.78123
-1.722
-1.65731
-1.61289
-1.59029
-1.54898
-1.50885
-1.44221
-1.34596
-1.19672
-1.01201
-0.823786
-0.602058
-0.375263
-0.14691
0.0580626
0.23225
0.385005
0.480477
0.570104
0.626608
0.617645
0.589978
0.506586
0.374874
0.231861
0.0604005
-0.123529
-0.302393
-0.496454
-0.690125
-0.88029
-1.09656
-1.29452
-1.47533
-1.6429
-1.77227
-1.90048
-2.00491
-2.08012
-2.13858
-2.18923
-2.28236
-2.36965
-2.44057
-2.53254
-2.61749
-2.67049
-2.68413
-2.70516
-2.76011
-2.81155
-2.81857
-2.78856
-2.74647
-2.71179
-2.70127
-2.70595
-2.76635
-2.88676
-3.00444
-3.16226
-3.36957
-3.56988
-3.78264
-4.01138
-4.19687
-4.30988
-4.39639
-4.46303
-4.44783
-4.36911
-4.29078
-4.20505
-4.11504
-4.01606
-3.90032
-3.8559
-3.8446
-3.8181
-3.81303
-3.77757
-3.75575
-3.74055
-3.63612
-3.49505
-3.34152
-3.16382
-2.98535
-2.81194
-2.64321
-2.49318
-2.34861
-2.19819
-2.06999
-1.95776
-1.84747
-1.76409
-1.75785
-1.77149
-1.74383
-1.72746
-1.70563
-1.64991
-1.58483
-1.47456
-1.33115
-1.16164
-0.921986
-0.666744
-0.380329
-0.0689735
0.167563
0.369808
0.563479
0.724808
0.853402
0.916141
0.986676
1.05643
1.07162
1.11839
1.16515
1.19905
1.24854
1.29218
1.32297
1.34245
1.35414
1.34674
1.33933
1.32219
1.32999
1.38142
1.42585
1.46871
1.49482
1.48274
1.4652
1.43286
1.39077
1.35999
1.32024
1.28595
1.26062
1.25165
1.26373
1.25165
1.19516
1.10592
1.00148
0.873276
0.706102
0.493337
0.242771
-0.0268879
-0.292261
-0.530746
-0.767672
-0.985892
-1.15502
-1.31947
-1.44455
-1.53612
-1.62653
-1.68966
-1.75629
-1.79721
-1.85488
-1.91138
-1.93477
-1.98542
-1.98309
-1.96828
-1.96672
-1.9488
-1.94529
-1.93672
-1.94295
-1.96165
-2.00452
-2.0922
-2.22547
-2.39459
-2.58944
-2.80882
-3.02276
-3.24137
-3.45414
-3.64236
-3.80679
-3.93695
-4.04645
-4.12439
-4.17154
-4.18284
-4.17154
-4.15245
-4.08698
-3.98644
-3.89019
-3.80914
-3.70782
-3.58546
-3.4666
-3.3271
-3.20903
-3.12252
-3.04302
-2.97327
-2.90468
-2.86689
-2.80142
-2.70712
-2.62567
-2.49474
-2.35991
-2.24067
-2.13351
-2.02868
-1.9036
-1.80695
-1.73447
-1.6768
-1.63277
-1.63627
-1.65848
-1.67251
-1.70642
-1.72122
-1.72628
-1.69317
-1.64602
-1.61016
-1.56691
-1.55834
-1.57899
-1.62225
-1.69317
-1.80695
-1.91606
-2.02245
-2.15767
-2.26639
-2.39304
-2.53449
-2.62099
-2.67244
-2.69971
-2.70868
-2.72894
-2.77882
-2.85208
-2.92067
-2.99937
-3.09953
-3.17474
-3.21176
-3.2063
-3.16928
-3.14317
-3.08277
-2.99197
-2.89923
-2.787
-2.70127
-2.6093
-2.54306
-2.51423
-2.4624
-2.43863
-2.41642
-2.35017
-2.27029
-2.19781
-2.09453
-1.98738
-1.89774
-1.79838
-1.71265
-1.61913
-1.4917
-1.35219
-1.22867
-1.07864
-0.936405
-0.828852
-0.707271
-0.580625
-0.425922
-0.290702
-0.13483
0.0584522
0.223288
0.418128
0.59894
0.780143
0.956668
1.09734
1.23802
1.32219
1.37363
1.39857
1.3896
1.35687
1.29335
1.20645
1.07786
0.937574
0.789494
0.626218
0.468397
0.337854
0.249396
0.168342
0.0935235
0.0315644
-0.0463724
-0.114956
-0.174577
-0.234588
-0.283298
-0.321097
-0.323436
-0.311745
-0.301613
-0.291871
-0.271997
-0.260697
-0.25719
-0.243551
-0.252124
-0.254462
-0.263814
-0.294989
-0.310576
-0.314082
-0.335126
-0.376043
-0.413062
-0.458266
-0.515159
-0.60011
-0.714675
-0.850674
-0.999141
-1.14878
-1.30075
-1.44767
-1.59575
-1.71577
-1.83657
-1.95464
-2.04544
-2.15221
-2.2395
-2.35056
-2.47565
-2.5645
-2.68295
-2.80454
-2.90351
-3.01808
-3.142
-3.25384
-3.37815
-3.48571
-3.56481
-3.62911
-3.64118
-3.61663
-3.53947
-3.41945
-3.29632
-3.16499
-3.04536
-2.93391
-2.83766
-2.76284
-2.73361
-2.74414
-2.7792
-2.85441
-2.95184
-3.07888
-3.21838
-3.36918
-3.51882
-3.67041
-3.81966
-3.94591
-4.06983
-4.15478
-4.24441
-4.343
-4.42327
-4.49498
-4.5472
-4.61149
-4.67189
-4.75061
-4.84374
-4.92285
-5.00428
-5.09625
-5.2081
-5.32149
-5.44151
-5.54399
-5.6418
-5.73845
-5.7856
-5.82495
-5.80781
-5.7439
-5.66208
-5.48906
-5.27317
-5.03235
-4.76814
-4.50862
-4.26
-3.99774
-3.72847
-3.50168
-3.27137
-3.04653
-2.82791
-2.59761
-2.40122
-2.21768
-2.04894
-1.90671
-1.77811
-1.68342
-1.62146
-1.58132
-1.56613
-1.57198
-1.57431
-1.53145
-1.44923
-1.32336
-1.14605
-0.937963
-0.690905
-0.427481
-0.138727
0.157431
0.416959
0.665966
0.882239
1.04552
1.17333
1.25633
1.29919
1.32297
1.32336
1.29218
1.23062
1.16359
1.11371
1.04162
0.953551
0.900553
0.848726
0.790663
0.768452
0.778974
0.812486
0.856909
0.918479
0.983558
1.03577
1.08293
1.11254
1.13358
1.14683
1.14995
1.15151
1.1597
1.14605
1.14216
1.17684
1.20138
1.24542
1.2879
1.31595
1.38181
1.45235
1.52521
1.62264
1.70719
1.78474
1.8654
1.93944
2.0057
2.0431
2.10778
2.19663
2.25041
2.29717
2.35251
2.4207
2.4698
2.49007
2.50331
2.4737
2.43161
2.38096
2.29639
2.1904
2.0396
1.88372
1.70018
1.44923
1.20217
0.943029
0.681552
0.451251
0.212376
-0.0128598
-0.210428
-0.395916
-0.572052
-0.745851
-0.897436
-1.01746
-1.10592
-1.1784
-1.24542
-1.28906
-1.33076
-1.34128
-1.31088
-1.31244
-1.29725
-1.28595
-1.32453
-1.35843
-1.44338
-1.56769
-1.6994
-1.87203
-2.04193
-2.2091
-2.36186
-2.485
-2.60853
-2.71375
-2.79012
-2.82675
-2.83571
-2.82325
-2.80961
-2.80414
-2.80414
-2.83532
-2.87196
-2.94209
-3.01613
-3.07692
-3.1763
-3.26047
-3.31891
-3.39023
-3.47752
-3.54844
-3.61156
-3.66027
-3.68094
-3.70159
-3.71172
-3.72965
-3.7312
-3.716
-3.716
-3.67158
-3.62872
-3.5761
-3.47401
-3.44245
-3.42257
-3.37698
-3.39101
-3.40036
-3.38828
-3.39139
-3.38243
-3.34892
-3.28501
-3.20513
-3.11043
-2.95417
-2.78038
-2.64555
-2.51929
-2.41251
-2.32796
-2.26171
-2.22119
-2.17715
-2.14247
-2.12104
-2.07856
-1.99751
-1.8993
-1.80891
-1.71655
-1.6277
-1.52911
-1.42585
-1.34168
-1.25595
-1.19243
-1.15618
-1.12112
-1.09579
-1.07981
-1.08877
-1.09306
-1.07085
-1.0841
-1.12929
-1.16203
-1.18853
-1.22633
-1.29102
-1.34089
-1.39195
-1.5143
-1.63783
-1.74304
-1.87203
-2.02907
-2.20559
-2.35835
-2.49046
-2.64905
-2.85597
-2.98652
-3.10849
-3.3045
-3.437
-3.59053
-3.72185
-3.82355
-3.95955
-4.01918
-4.13218
-4.27909
-4.27597
-4.30559
-4.33248
-4.22375
-4.18051
-4.06672
-3.90188
-3.80563
-3.63222
-3.54883
-3.51142
-3.40932
-3.39686
-3.35789
-3.31151
-3.32164
-3.23747
-3.1911
-3.10966
-2.90547
-2.76674
-2.62178
-2.42538
-2.1943
-1.93788
-1.75279
-1.56535
-1.33349
-1.18385
-1.06032
-0.915751
-0.775855
-0.662848
-0.627387
-0.52607
-0.411504
-0.409555
-0.375654
-0.35461
-0.369418
-0.376432
-0.431767
-0.460604
-0.482036
-0.511262
-0.491389
-0.490999
-0.480477
-0.408776
-0.314082
-0.215494
-0.118463
-0.0241603
0.040527
0.104045
0.188605
0.249007
0.284857
0.321487
0.360455
0.371756
0.335905
0.282909
0.236926
0.158211
0.0709217
-0.00428682
-0.106773
-0.228743
-0.371366
-0.5136
-0.63596
-0.740785
-0.830411
-0.89276
-0.950822
-1.00577
-1.03304
-1.08877
-1.12462
-1.12384
-1.14527
-1.14645
-1.10358
-1.0611
-0.988618
-0.886136
-0.805082
-0.690516
-0.618035
-0.598161
-0.535812
-0.509314
-0.518666
-0.540878
-0.595823
-0.62427
-0.652717
-0.694023
-0.694802
-0.677656
-0.657393
-0.625049
-0.59972
-0.571663
-0.570104
-0.561531
-0.492168
-0.479698
-0.466449
-0.412673
-0.445016
-0.462942
-0.495675
-0.642585
-0.784039
-0.974203
-1.23295
-1.45546
-1.71304
-1.97646
-2.19001
-2.40434
-2.58709
-2.73517
-2.87117
-2.96431
-3.01262
-3.05432
-3.0851
-3.0968
-3.12915
-3.16188
-3.17513
-3.2098
-3.23709
-3.21721
-3.17669
-3.12836
-3.05394
-2.97834
-2.89417
-2.78817
-2.69503
-2.60814
-2.54229
-2.48539
-2.4398
-2.42655
-2.41758
-2.4285
-2.43784
-2.44057
-2.45616
-2.44798
-2.42927
-2.40044
-2.37901
-2.37979
-2.39304
-2.43784
-2.49084
-2.5719
-2.68023
-2.78194
-2.90118
-3.03523
-3.15642
-3.23942
-3.26631
-3.25462
-3.2098
-3.11434
-2.97755
-2.82207
-2.64087
-2.43784
-2.25898
-2.07895
-1.90749
-1.7863
-1.6846
-1.61523
-1.57743
-1.54898
-1.5673
-1.60744
-1.63666
-1.67212
-1.69394
-1.72707
-1.75123
-1.77383
-1.81163
-1.83618
-1.87436
-1.90477
-1.93594
-1.97101
-2.02011
-2.09181
-2.15104
-2.19586
-2.21066
-2.24261
-2.29679
-2.33419
-2.36225
-2.38134
-2.42382
-2.46396
-2.50253
-2.57346
-2.63542
-2.69309
-2.74102
-2.7644
-2.77063
-2.7644
-2.75934
-2.7153
-2.63503
-2.5754
-2.52085
-2.44798
-2.36653
-2.29873
-2.2508
-2.19351
-2.14091
-2.10506
-2.0696
-2.03413
-2.01387
-2.00063
-1.95698
-1.91411
-1.8545
-1.76642
-1.70525
-1.6238
-1.52639
-1.41922
-1.29686
-1.19593
-1.08721
-0.96602
-0.852233
-0.750136
-0.657782
-0.564648
-0.492168
-0.447744
-0.395137
-0.339023
-0.279401
-0.234978
-0.227184
-0.212376
-0.219001
-0.23303
-0.221339
-0.253293
-0.283688
-0.282909
-0.309407
-0.30512
-0.272387
-0.256021
-0.233419
-0.199907
-0.162886
-0.13444
-0.111449
-0.120801
-0.131323
-0.149248
-0.204582
-0.231861
-0.274725
-0.333567
-0.351104
-0.381889
-0.420856
-0.413452
-0.405658
-0.406048
-0.393968
-0.383447
-0.355779
-0.364742
-0.39124
-0.37916
-0.401762
-0.478529
-0.574001
-0.67337
-0.79456
-0.918479
-1.03499
-1.18035
-1.32492
-1.46871
-1.60977
-1.73993
-1.89814
-2.05401
-2.19975
-2.3451
-2.45265
-2.52085
-2.58865
-2.6284
-2.63113
-2.64593
-2.63463
-2.61749
-2.62373
-2.60892
-2.57268
-2.54073
-2.5154
-2.48578
-2.45966
-2.41525
-2.37901
-2.33263
-2.26171
-2.25742
-2.27886
-2.30496
-2.34861
-2.39304
-2.48851
-2.59177
-2.71452
-2.8704
-2.98847
-3.12524
-3.29398
-3.45842
-3.62404
-3.76667
-3.91513
-4.05697
-4.15634
-4.23818
-4.26389
-4.25493
-4.22687
-4.13646
-4.01606
-3.87226
-3.72965
-3.57961
-3.42335
-3.29125
-3.16655
-3.0929
-3.04653
-2.99392
-2.98184
-2.9834
-2.97093
-2.96547
-2.95378
-2.93352
-2.90702
-2.86065
-2.82363
-2.78388
-2.71881
-2.6701
-2.64165
-2.59878
-2.55125
-2.51851
-2.48773
-2.45733
-2.41135
-2.3264
-2.23053
-2.11909
-1.99907
-1.87436
-1.70642
-1.55756
-1.43053
-1.29179
-1.18151
-1.07201
-0.953551
-0.835478
-0.698309
-0.564259
-0.437223
-0.295378
-0.152365
-0.0284464
0.0904062
0.188216
0.248617
0.302782
0.346816
0.374094
0.373315
0.355389
0.352662
0.336685
0.312135
0.303562
0.312914
0.34292
0.397085
0.474632
0.570494
0.693244
0.835478
0.984333
1.13085
1.27231
1.39701
1.49365
1.5751
1.62926
1.6464
1.64134
1.60315
1.5486
1.47494
1.37363
1.25945
1.11332
0.973034
0.824176
0.642975
0.479698
0.308628
0.155873
0.0374091
-0.102486
-0.223677
-0.327332
-0.429429
-0.507755
-0.58725
-0.67337
-0.769621
-0.883018
-1.01239
-1.15658
-1.314
-1.46208
-1.5934
-1.70018
-1.7676
-1.83734
-1.88139
-1.88139
-1.87632
-1.85215
-1.81241
-1.77773
-1.76877
-1.77266
-1.77578
-1.82644
-1.89814
-1.96127
-2.04622
-2.11636
-2.17248
-2.23755
-2.30224
-2.34159
-2.35563
-2.37861
-2.39342
-2.38953
-2.35952
-2.31938
-2.2773
-2.21027
-2.15455
-2.08987
-2.00296
-1.94802
-1.88684
-1.81085
-1.77383
-1.74148
-1.70914
-1.71265
-1.73331
-1.75317
-1.78708
-1.82565
-1.84086
-1.85488
-1.87242
-1.87515
-1.89619
-1.97178
-2.047
-2.10467
-2.21106
-2.32757
-2.44369
-2.591
-2.70751
-2.80765
-2.9417
-3.04263
-3.09602
-3.13148
-3.15681
-3.16305
-3.09407
-3.01886
-2.98847
-2.93586
-2.88987
-2.88286
-2.87936
-2.89494
-2.9156
-2.93781
-2.96742
-2.96821
-2.95457
-2.93781
-2.91287
-2.86221
-2.77454
-2.66932
-2.56761
-2.47292
-2.40122
-2.349
-2.2999
-2.26444
-2.2434
-2.2543
-2.25353
-2.2282
-2.2169
-2.20559
-2.17404
-2.12999
-2.10701
-2.07155
-2.00998
-1.98542
-1.99361
-1.98504
-1.97569
-1.99478
-1.99673
-1.96868
-1.98348
-1.97997
-1.9145
-1.89034
-1.86735
-1.81825
-1.78123
-1.73213
-1.66628
-1.57938
-1.4995
-1.41649
-1.30933
-1.19165
-1.10085
-1.03383
-0.951212
-0.896267
-0.884187
-0.906789
-0.945757
-0.998758
-1.10085
-1.2045
-1.31284
-1.43207
-1.52911
-1.63198
-1.70446
-1.73759
-1.76993
-1.74733
-1.692
-1.61289
-1.48664
-1.36271
-1.22243
-1.06617
-0.931339
-0.804302
-0.687398
-0.585691
-0.504248
-0.468787
-0.448913
-0.417739
-0.423194
-0.443068
-0.42787
-0.425922
-0.415401
-0.333567
-0.229522
-0.0989795
0.0611798
0.200686
0.340971
0.511652
0.681552
0.815993
0.944588
1.06188
1.14566
1.21619
1.26724
1.30231
1.33193
1.33154
1.30738
1.27153
1.22243
1.16866
1.09383
1.01122
0.94186
0.835478
0.712728
0.593095
0.446575
0.350713
0.242382
0.139506
0.115735
0.0510482
0.0015586
-0.0249396
-0.0748189
-0.105993
-0.136778
-0.174967
-0.236536
-0.300444
-0.376432
-0.479698
-0.602448
-0.760268
-0.900553
-1.07864
-1.30192
-1.45507
-1.62536
-1.83423
-2.01465
-2.19351
-2.34861
-2.48266
-2.6171
-2.7453
-2.87352
-2.98808
-3.08044
-3.16461
-3.24487
-3.32827
-3.41517
-3.49895
-3.59403
-3.69924
-3.78849
-3.85785
-3.93539
-3.98878
-4.02307
-4.07451
-4.10919
-4.13608
-4.16375
-4.1692
-4.14505
-4.09399
-4.03087
-3.96735
-3.88279
-3.78537
-3.70704
-3.63924
-3.58273
-3.55
-3.53753
-3.53792
-3.55507
-3.59247
-3.63222
-3.64625
-3.64976
-3.6404
-3.59286
-3.52506
-3.44361
-3.33684
-3.24761
-3.17239
-3.08121
-3.00484
-2.91208
-2.82947
-2.75505
-2.63463
-2.53838
-2.46006
-2.34432
-2.24067
-2.13818
-2.01115
-1.92347
-1.83657
-1.75668
-1.71577
-1.66355
-1.64329
-1.65147
