0.25246
-0.127748
0.949354
0.396323
0.308978
1.01381
0.499082
0.720482
-0.0917826
-0.515431
-0.584092
-1.58225
-0.989059
-0.50095
0.0408701
1.3305
0.98952
0.61492
0.552797
0.0688953
0.948887
0.948887
0.128683
0.92273
0.736363
-1.19691
-0.515431
1.41317
0.321589
0.580822
0.42248
-0.167451
2.22824
1.73032
0.69339
0.187536
-0.0576853
1.16094
-0.704133
-2.78875
-2.34361
-0.619591
0.910119
0.369699
-1.95966
-1.17169
0.887699
-2.46926
-1.6682
3.66686
5.64918
6.13169
4.339
1.62989
-0.490208
0.195009
0.464517
2.62666
9.32329
9.13786
6.16158
4.57909
1.13712
-6.51189
-13.2996
-9.6339
-5.7711
-4.46138
-0.875088
3.25863
9.61569
13.2319
5.65058
-2.36276
-2.88122
-5.46702
-2.6318
3.61735
9.80345
13.8745
5.32362
0.458913
1.65512
-1.89754
-13.4028
-18.4432
-13.0646
-12.7681
-2.75091
3.34224
0.986255
8.34801
9.93286
9.59092
9.70443
8.17799
9.34851
10.2229
10.0654
5.76408
-0.399126
-13.6854
-19.9925
-14.2062
-13.272
1.01615
16.3698
14.344
7.77536
-7.15274
-14.5509
-9.62689
-10.4093
0.39352
14.5687
6.69359
1.98629
-1.46689
-8.25552
-1.26604
-1.73827
0.469656
11.0544
8.89496
9.78523
7.34798
-11.888
-28.9353
-34.0424
-35.0887
-26.8223
-5.17042
9.04256
20.6497
33.6412
30.8261
25.5456
19.7085
-2.26
-24.8114
-32.3973
-27.5888
-16.4823
-10.3177
-5.35352
-3.42211
-11.0151
-8.16724
4.84533
10.59
13.7288
16.7696
9.2308
4.79208
12.5307
13.401
16.6645
21.1681
15.075
4.98732
-11.6241
-20.0831
-12.0768
2.05308
15.1343
24.9147
23.7848
14.8097
11.5513
-0.168385
-17.2591
-22.2205
-15.3253
-13.0815
-17.0223
-8.87628
-1.18102
4.23811
7.50585
1.4795
0.116072
4.36422
7.74873
-1.83215
-16.7552
-18.4278
-10.9058
1.06799
-1.23568
-4.24512
11.1249
23.2943
36.5983
39.9249
27.4943
16.1162
-5.3806
-27.6256
-35.5619
-35.9481
-29.0315
-25.5148
-38.505
-40.2865
-21.2321
-0.0488105
21.0107
28.2758
25.3789
26.4532
21.4466
13.5504
11.5462
5.95792
-7.75901
-20.7435
-24.2131
-16.5131
-6.76879
-4.31845
-1.86158
0.11467
-11.2062
-21.6376
-17.0956
-9.92678
-5.30867
1.4468
9.83058
16.9129
20.2396
17.6071
8.97998
3.20959
5.91121
7.61048
8.0743
8.94962
-5.85096
-32.665
-46.4147
-52.7675
-46.0078
-7.92203
24.5377
39.5246
40.776
21.5651
9.70069
8.44937
10.7021
15.2352
16.0582
11.0566
9.455
25.4616
34.8048
26.0105
14.5948
-4.72341
-21.8861
-28.088
-23.6806
-4.87569
1.45942
2.39125
11.4452
7.96546
2.95363
-7.09482
-15.699
-6.3059
2.23618
10.2383
13.4752
6.65435
-3.92002
-10.0304
-2.80322
4.54406
9.00099
4.32546
-4.17039
-3.13018
-5.86731
1.39729
15.8523
19.9369
22.7048
7.16861
-16.4879
-19.2148
-10.4747
8.2616
17.2872
9.72077
6.21856
-4.49641
-16.1755
-15.7654
-15.5683
-18.2371
-12.0464
-8.61752
-13.6461
-4.54171
6.30777
14.003
33.3572
41.8391
22.9445
0.851733
-4.04801
-3.30347
0.480398
6.31058
7.54135
4.87848
-11.5051
-14.5935
-2.0003
-5.5254
-2.33707
-1.25202
-4.82851
11.704
16.9078
16.14
17.6351
-12.258
-34.4385
-37.6114
-46.084
-15.5785
20.8576
31.4903
44.0082
24.4275
-2.48841
-13.9783
-33.4067
-30.4086
-17.6075
-7.02802
2.5267
-5.76222
1.74994
15.7135
14.8527
18.8804
12.9334
-1.96666
-6.4848
-1.23008
2.60191
-4.85
-11.3925
-18.4263
-25.3593
-20.9482
-13.6312
-3.48657
-0.630801
-5.42545
-1.89894
-0.0684283
5.56183
16.4417
11.5438
-2.90458
-11.6121
-3.05966
8.50355
15.2964
38.0626
34.0649
-4.83551
-25.8245
-36.3929
-42.671
-37.7768
-25.1299
-13.6784
-0.275347
20.5068
15.5823
6.52029
9.22426
-6.14849
-20.879
-13.1875
12.5135
12.3528
6.6296
30.196
21.9468
12.8955
22.9566
1.15487
-14.0012
-18.4133
-28.4033
-15.3534
0.737296
0.377173
-10.5321
-26.8997
-25.683
-7.31528
13.8909
33.6889
50.4172
55.2767
30.5071
14.4383
12.1777
-1.515
6.57308
9.62876
1.02689
-1.671
-32.2259
-53.533
-46.9883
-36.9575
-15.3118
1.94472
8.66563
25.3084
46.3259
49.0888
37.5807
24.9656
7.00607
-15.1838
-26.1875
-30.2235
-33.9967
-29.3038
-35.134
-40.9292
-26.0712
-11.477
1.45847
24.3771
40.8427
30.5374
15.892
9.44379
0.803156
-10.491
-20.2106
-18.8804
-23.3359
-28.4141
-14.203
7.07379
19.8257
25.372
35.9332
24.7409
-1.74153
-11.0128
-19.2218
-24.4172
-20.6745
-17.9597
-12.6009
-2.62854
10.1617
28.2856
38.3617
29.8629
9.82685
-10.0066
-20.7375
-26.8559
-23.9413
-22.8282
-32.9028
-31.8388
-25.4817
-5.60294
36.0972
50.0781
42.8867
44.6616
36.5904
25.8675
19.7613
0.117005
-23.639
-36.575
-33.2012
-7.9295
2.49588
1.62242
14.1119
1.65652
-12.1603
-4.05408
-8.53251
-8.20181
-3.49637
3.85183
30.5977
26.6713
17.8551
26.591
4.76172
1.03717
12.0805
15.217
20.0233
2.87048
-4.93361
-11.5826
-14.8653
-2.56734
-13.1464
-17.6468
-14.017
-9.02481
16.5725
22.2607
14.6378
13.1669
-7.53715
-16.849
0.582691
5.09756
9.62689
22.114
6.9729
-13.0455
-12.3575
-19.5618
-29.0012
-12.9119
11.4821
18.97
24.5867
30.876
10.0636
-8.26347
-5.87432
-9.92953
-4.73323
3.97981
6.97898
18.063
25.3103
22.5601
6.77953
-13.4598
-24.5522
-27.0235
-17.743
-8.66096
1.25623
16.0951
6.34608
-3.54403
1.12405
-7.44606
9.57178
28.5
10.6035
7.24335
7.77863
-14.3604
-33.0774
-31.5744
-30.2025
-27.4388
-14.3262
-15.7513
-0.728422
22.7763
15.5767
13.3851
12.4159
-2.66356
-9.16822
-9.18736
5.595
22.5779
6.2265
-5.90328
-6.87435
-22.1392
-28.9265
-27.478
-19.8113
-15.4323
-17.7345
-9.77402
-0.902178
4.56834
5.61135
9.87402
13.1838
2.05121
-11.5761
-17.6486
-22.6058
-35.4853
-36.9146
-27.3898
-12.5705
0.0133119
-11.0642
-4.67577
9.63437
11.4686
33.7136
39.0333
28.1796
24.3322
9.20744
-13.1179
-22.8558
-8.80856
-1.58085
11.4831
29.1165
17.6103
12.9871
23.2532
15.0937
3.33243
13.9213
10.3285
-8.78474
-16.1974
-14.046
2.95829
12.3948
6.50161
3.22406
5.62303
3.90415
9.64324
20.6091
4.74304
-4.45531
0.832115
-12.3725
-14.5122
1.48837
9.27658
8.71
10.2271
11.3117
2.9186
-3.2264
-6.79261
-12.2099
-4.20962
15.5126
31.9896
27.2865
12.3934
-5.53988
-27.1501
-26.4808
-30.6762
-35.8412
-5.06766
20.0107
24.2518
30.2441
30.6925
26.3378
16.9246
-3.17409
-4.12882
19.6254
36.1826
33.4605
5.88693
-18.9135
-22.6086
-21.0158
-13.8989
-19.2381
-17.14
-10.9264
-32.3988
-35.4572
-16.4235
3.73599
10.923
6.65716
16.3689
18.1933
10.7399
-2.55287
-19.3152
-17.0022
-7.34284
2.99426
6.94722
-14.6961
-38.6227
-47.5169
-52.3004
-35.2807
-0.300103
13.833
13.3136
14.3267
8.62359
16.4529
31.7378
19.8309
0.138958
-12.7078
-17.9018
-3.7799
10.5107
16.6201
26.5387
31.4361
18.6496
3.17409
1.52387
-7.50119
-18.9943
-13.8526
-4.91679
5.8533
13.6495
14.5374
11.6592
8.88189
8.77025
-2.37396
-21.2452
-29.8872
-32.722
-30.2221
-14.4314
-15.4496
-32.6066
-29.43
-19.1022
-9.62035
7.39609
18.9565
18.7089
13.9521
2.4431
-7.60301
-10.9604
-18.6454
-22.796
-22.0089
-11.2187
0.0319955
-2.27028
-7.73753
-20.2279
-17.2297
3.68695
12.9652
22.0024
28.5365
20.9607
9.7815
1.78731
1.08434
1.25483
2.32259
0.362226
-0.422013
16.3544
26.4061
30.5445
25.9002
5.32362
2.18526
5.2232
6.2634
7.22279
4.68979
0.386981
-4.31425
-0.271144
-14.1898
-34.6244
-37.0879
-42.9872
-43.3772
-40.2169
-51.1813
-57.1385
-51.5382
-43.72
-24.9086
-3.74627
13.0348
31.1059
42.2832
59.2731
83.3411
102.738
117.826
110.218
94.5115
86.8397
55.3575
22.7011
13.3981
-8.5269
-36.9393
-52.7488
-69.0945
-85.9699
-89.1493
-79.3466
-68.065
-52.4732
-34.9505
-19.4642
5.15781
18.5468
3.14746
-10.2346
-19.4362
-30.1465
-17.6463
5.10222
12.0398
13.4294
11.4247
3.63277
6.83044
23.8801
38.8291
34.2293
27.1949
28.9432
24.342
20.4334
12.4533
6.21856
7.73052
-0.321122
-14.479
-31.4398
-42.3757
-36.7511
-26.0688
-13.5089
0.624729
7.08361
21.2686
41.4925
45.1274
40.7087
25.7409
0.366429
-25.6587
-50.2294
-61.4236
-61.913
-54.8722
-36.348
-9.72919
23.0916
51.2868
57.8919
60.1139
64.2948
57.2253
64.7455
75.4876
64.4905
51.8016
42.6793
34.1569
28.6597
15.9933
-4.50622
-16.9134
-23.9366
-24.6937
-21.9328
-29.2567
-37.5465
-49.1625
-55.1973
-44.962
-34.6689
-19.631
-9.65305
-16.2325
-24.2645
-36.2611
-49.8664
-53.9842
-48.9963
-41.619
-29.5388
-3.42444
30.6799
60.4207
79.6675
87.0578
79.9729
70.8335
69.5621
62.9229
53.2551
39.4336
14.2767
-12.1384
-38.6418
-50.3064
-43.6378
-32.4675
-9.90619
8.96549
20.971
31.0839
22.6306
5.67907
-15.4263
-39.4602
-54.1631
-60.5898
-55.9307
-45.1437
-28.6303
-11.569
-2.60891
3.09609
-4.54359
-24.3154
-45.4688
-55.3701
-56.449
-53.6167
-37.6918
-26.5606
-12.0908
12.6765
27.0941
42.11
53.249
48.2064
43.4262
38.9053
29.9672
25.8521
21.6557
20.4885
23.4886
20.3802
13.7643
0.860607
-8.86648
-11.1445
-15.3557
-20.9776
-32.1792
-43.2128
-50.9024
-47.985
-27.3785
-9.91413
-4.61459
-13.5215
-34.0149
-44.7177
-47.3829
-40.1683
-14.4182
4.13909
8.18266
4.55713
-11.5616
-18.9934
-9.45267
2.45711
24.4461
50.341
66.4634
73.8897
64.4129
46.5618
37.0691
33.8243
39.6092
55.7741
66.7979
60.885
38.0804
5.81267
-24.9113
-40.0749
-37.6843
-26.7601
-13.698
-16.9779
-34.8865
-41.3122
-31.3987
-21.1714
-20.5455
-27.6583
-32.6099
-17.637
2.30671
13.2505
26.1949
28.9321
22.3158
10.4275
-12.1753
-33.7379
-52.661
-65.519
-62.6482
-47.745
-29.3202
-17.0755
-20.9602
-37.0514
-44.6322
-33.6539
-5.69449
29.0087
45.5659
39.7914
27.3159
20.8062
19.5501
14.5271
10.555
1.65839
-11.7489
-19.6669
-26.9273
-24.9777
-21.9318
-29.3211
-33.4862
-29.5645
-11.512
16.9344
49.7371
81.3896
78.504
36.093
-11.0052
-47.8108
-65.7642
-47.5469
-12.2678
12.7157
29.2604
30.8803
35.3625
62.5385
86.4711
101.769
98.0193
66.625
32.5314
2.41553
-15.0344
-13.1851
4.40767
23.5643
23.3878
7.53434
-11.5966
-22.2023
-19.4932
-2.23291
17.8958
21.3643
16.7154
13.6882
9.59327
6.29096
13.9259
30.4762
39.8338
41.3734
25.3416
-5.35118
-36.6142
-70.4173
-87.3511
-85.564
-71.9246
-49.0102
-31.2133
-4.91726
24.5186
40.4625
51.8281
62.496
73.3235
71.4253
55.5654
35.1789
11.6643
-0.624262
-1.78777
-9.61288
-25.8082
-37.1888
-35.3984
-14.4687
15.0026
39.5013
61.219
76.3222
76.425
65.3882
60.1017
48.879
22.0724
-3.11898
-25.8535
-46.6052
-69.9988
-98.5058
-114.129
-110.967
-93.6591
-72.352
-59.9714
-52.8044
-49.6782
-43.061
-20.7482
5.13725
35.6852
68.8493
81.2303
71.1156
37.8454
-5.03076
-32.0984
-32.14
-8.08457
11.7578
14.6294
-0.553732
-17.2282
-6.10319
15.8513
25.3084
25.0963
13.0012
-2.69626
-6.55953
-3.36326
8.65629
12.9161
-3.58139
-20.482
-32.7216
-41.229
-49.7964
-53.6395
-46.7832
-30.3119
-6.17652
8.62172
4.59216
-10.0062
-22.469
-26.18
-22.2177
-18.9013
-6.28302
20.1667
39.9525
47.1321
31.509
2.23711
-12.195
-12.5252
0.367831
20.9196
26.4803
13.3356
-0.993727
-7.84262
-10.0318
-9.81234
-15.4001
-25.8787
-34.6193
-45.6944
-41.2426
-5.43526
41.713
77.4297
83.6691
56.2468
15.9241
-19.3774
-46.4417
-57.6701
-47.1218
-35.035
-35.0766
-27.5004
-8.96877
6.8169
11.5233
1.35899
-2.17872
8.56894
19.2489
26.9805
31.5118
33.66
35.5674
53.0333
83.3617
95.0814
87.4978
59.6888
7.31295
-43.5949
-80.207
-95.6722
-87.4118
-66.321
-35.3339
-1.3361
23.4097
33.8855
37.5134
33.7972
15.9284
-12.0021
-38.9314
-52.9922
-58.1521
-62.1522
-60.1834
-49.1457
-40.4326
-32.6967
-4.89623
42.039
84.9133
108.059
104.264
76.0462
43.2759
20.554
7.99115
-1.49397
-12.2309
-15.5589
-6.87576
0.500483
1.73873
-4.63513
-21.4428
-22.9939
-3.07693
25.7031
56.1478
67.775
61.8991
44.0727
20.24
8.35595
5.29092
0.379041
-20.298
-58.0961
-92.5484
-101.556
-79.8557
-48.0391
-12.5971
20.1643
30.4898
14.4664
-17.2488
-25.3052
0.158575
21.2256
35.2672
30.2436
-1.61963
-31.8952
-59.9364
-80.3962
-90.9262
-89.5983
-67.9413
-41.2795
-25.2907
-23.327
-14.8887
-0.458913
2.86207
-2.38145
-17.6879
-32.524
-27.2165
-0.657892
23.4933
31.4641
27.6555
12.3481
1.53602
12.2215
41.2281
67.2728
75.5272
70.9979
55.2356
38.5438
25.1005
16.1895
24.5041
37.746
40.9927
34.2218
18.552
-8.55119
-37.8016
-52.69
-62.0835
-49.4152
-6.45164
41.5345
83.9091
96.8666
79.3447
50.356
31.1605
35.6595
62.8421
90.6782
82.8199
42.3047
-26.7615
-92.0271
-128.382
-109.821
-36.8646
16.6388
46.5944
32.397
-15.1791
-33.7061
-17.9429
16.4921
27.3599
13.5336
-23.5415
-62.7631
-66.7278
-49.0083
-15.7406
-0.301504
-13.153
-22.7212
-20.1658
-3.66313
14.2963
21.4932
12.3
1.31789
15.0016
35.6077
36.0644
19.0616
-9.73433
-43.2702
-54.6812
-40.5672
-29.1674
-28.6733
-35.8389
-46.437
-51.2406
-37.9847
-1.33143
51.6334
96.9932
122.594
128.402
95.512
42.5168
4.61692
-15.8475
-26.8563
-31.7328
-36.4737
-51.611
-60.3894
-55.1067
-42.0474
-13.7797
12.1324
23.3719
15.0628
-14.2146
-31.5889
-14.877
13.1236
14.8929
-5.29606
-28.5985
-44.4239
-39.9848
-14.5584
20.5352
43.5509
50.8239
39.7447
9.3429
-8.03086
7.87158
33.5408
39.1486
27.6583
9.66894
-8.68899
-18.119
-24.0258
-28.1908
-36.34
-53.2453
-62.134
-58.2553
-36.0014
-2.12408
19.0807
28.7238
25.918
8.95242
-5.98221
-15.2254
-29.3917
-44.4594
-48.7211
-28.7453
19.141
66.9969
94.1425
99.5659
86.1596
56.6046
20.8304
-0.738698
-5.70943
-6.9743
-11.009
-10.0201
-6.99393
-1.31975
15.3791
23.071
8.74457
-20.5488
-53.6909
-82.9011
-86.6229
-59.4473
-23.0762
15.1876
39.0277
46.7159
38.1495
24.6349
26.2206
27.095
24.4653
16.4707
6.88697
7.65905
17.0844
36.4853
56.4276
65.1509
59.7743
43.6154
28.0609
15.3001
0.784939
-6.05181
-1.14553
5.05131
-0.270209
-19.3993
-41.1132
-63.0677
-85.4384
-93.4031
-76.2774
-46.9186
-18.4604
1.86905
9.16775
6.84819
4.20168
8.83845
9.49331
2.85833
-5.9981
-15.7233
-23.7885
-33.7006
-33.7001
-24.5251
-14.6251
-2.9639
1.21886
4.57255
4.29697
-0.756915
1.30668
4.10032
15.2641
36.6115
53.7367
54.6564
36.177
9.43679
-21.3746
-33.8752
-13.272
11.4191
24.0351
25.7213
11.5102
-6.45071
-7.08781
9.25836
28.8462
37.3078
42.5155
53.9885
54.1057
47.3105
44.4841
41.7424
39.0277
31.041
21.1878
10.3009
-8.10746
-31.3581
-49.8221
-58.0171
-52.8161
-27.2973
6.84913
29.4869
33.934
26.5494
11.2571
-7.07006
-16.9134
-19.3026
-22.2812
-31.9209
-41.5803
-45.6369
-40.7064
-24.7115
-8.00003
6.53385
12.1188
10.122
6.56981
-10.107
-31.558
-44.0493
-47.9149
-28.9877
8.69832
37.809
49.6763
45.2815
31.0872
12.4261
-5.87712
-18.6753
-18.062
4.56881
28.3534
38.1037
34.2737
13.8994
-9.06966
-24.7081
-37.6152
-43.1596
-38.349
-31.3899
-25.8535
-23.7087
-29.5065
-36.8441
-35.3522
-25.9399
-13.4238
-7.3746
-10.1271
-14.8275
-19.623
-16.4861
-6.54972
-5.01628
-7.15086
0.872285
9.76515
10.9585
0.258533
-25.002
-42.2954
-41.7956
-30.2637
-5.32362
16.7948
20.8033
15.0895
4.36983
-6.81596
-16.3959
-22.4937
-14.7607
-1.36412
7.28445
13.0086
16.4155
15.3361
7.58573
-1.94845
-10.8236
-19.3381
-28.9821
-32.4212
-25.2066
-14.7078
5.60014
31.7995
49.2064
52.2374
39.0922
22.8973
15.7859
10.9328
2.31839
-1.85737
5.06719
14.2146
20.6703
25.1608
20.44
10.7092
-0.878357
-17.3347
-31.1937
-35.7417
-25.1958
-2.19647
24.058
38.8834
28.918
10.3121
-5.40676
-20.637
-26.1525
-25.243
-21.4273
-14.2595
-10.9217
-14.1156
-24.1668
-31.9952
-30.0563
-18.9261
0.557936
24.3509
41.5369
41.0142
27.2043
6.43202
-16.7341
-31.997
-35.2046
-25.173
-10.0225
0.391652
15.0208
34.8127
50.6806
58.3296
54.9436
43.791
30.8495
20.0892
7.50445
-4.42728
-9.56337
-10.0949
-4.53985
3.95506
12.4812
19.3311
14.9699
-0.199212
-12.6896
-12.8022
0.253862
19.7024
32.2601
30.4006
21.7581
17.6309
16.6477
18.977
26.6896
27.0922
18.2204
7.11023
-5.97381
-12.4285
-3.82895
12.3715
28.1343
38.6217
34.241
19.5114
-0.102526
-22.3522
-34.2596
-35.5572
-33.3839
-31.9602
-36.1131
-43.2483
-46.0732
-45.1082
-42.564
-32.6921
-20.0779
-11.1342
-2.29736
5.3353
15.9442
28.1076
29.387
25.0851
22.5601
17.7085
15.6149
19.8234
21.1915
15.1123
-2.0017
-27.5322
-50.3653
-62.6964
-58.4996
-43.309
-21.4386
2.82004
18.6276
19.5142
5.24421
-12.6171
-24.8922
-28.3949
-22.4872
-7.97714
12.2202
28.7615
34.6782
30.5841
25.6068
26.91
32.7038
37.6091
40.2589
43.2913
44.054
39.6054
31.7943
22.7119
12.4808
4.78087
5.23254
10.1099
14.1021
15.2217
12.6303
8.45637
2.33567
-3.32029
-6.31945
-13.2338
-20.8071
-19.2036
-11.6102
-4.12368
-0.124479
-1.73126
-6.77953
-14.7172
-24.6554
-27.5144
-23.1616
-18.8925
-9.90344
0.285157
5.59313
10.2135
11.3098
7.29986
-1.12265
-12.1155
-20.9406
-26.6242
-25.1505
-13.6509
-1.34264
0.327662
-3.36652
-3.97934
-4.35489
-7.234
-12.8386
-19.0602
-22.497
-23.2069
-22.3312
-18.8785
-15.5365
-7.57031
6.76692
17.8868
28.7476
33.0008
26.5219
20.4329
12.6163
4.42495
1.57058
0.779801
-1.55329
-3.81913
-0.0903813
10.1738
17.7944
16.5636
7.92529
-3.3768
-14.0642
-22.7025
-20.4274
-8.68711
2.95596
11.1842
10.2369
3.51366
-8.02712
-21.6399
-28.4285
-33.488
-35.8071
-34.0934
-30.7107
-25.1174
-24.442
-31.3091
-39.9875
-43.6182
-36.8543
-18.5169
1.28893
13.8302
13.4822
-1.52947
-16.3385
-26.0875
-31.728
-30.9284
-27.3524
-22.3485
-17.8444
-11.1964
-2.06662
4.92987
10.271
15.1693
18.5754
16.5968
9.98886
4.20401
-0.414072
-3.70843
2.64208
15.741
24.3401
26.5396
23.7138
21.6493
18.5324
14.6317
14.6906
14.6579
14.1913
10.1645
0.698995
-7.85243
-13.9017
-16.0022
-7.6329
6.30825
17.3445
24.2187
24.4933
21.5017
17.8971
10.7161
0.765322
-6.46985
-5.51093
4.63934
17.4099
24.0449
23.7927
16.6668
5.88693
0.723751
2.25626
7.39235
9.61288
2.05589
-9.60214
-17.2105
-15.3912
-4.14189
7.35452
13.1389
14.4841
12.7741
6.77766
1.4412
2.97464
9.11497
17.8481
23.9632
24.4747
25.0646
22.2793
13.3356
6.24191
0.849865
-4.55013
-6.28676
-6.60484
-6.06676
-5.22881
-7.20318
-7.17095
-3.37634
-0.617255
-0.0119107
-0.827912
-2.95503
-5.60201
-3.44126
4.09612
11.5788
17.0914
15.3781
7.74407
-3.51226
-19.8206
-34.6978
-43.9059
-39.6167
-24.2593
-10.3962
-0.273012
0.805959
-6.81783
-16.6482
-23.4148
-19.4693
-7.97528
2.07643
9.89922
17.3132
18.9897
13.1838
3.46368
-7.29193
-10.3406
-7.42738
-3.41418
5.45394
15.0063
23.143
32.176
38.9348
41.6018
42.2548
37.3046
25.1646
15.1979
10.5578
7.44746
2.58556
-5.94205
-12.556
-13.8629
-10.8236
-1.74387
5.68187
6.91686
7.67447
5.48851
2.93821
3.93498
3.88499
2.56034
-2.25579
-11.5471
-19.4502
-24.5918
-23.9866
-15.8452
-8.49234
-2.57248
0.430421
-2.96296
-2.92607
3.38755
11.8012
19.291
20.9225
15.4692
7.25175
1.22213
-1.88352
-1.48884
0.0291929
1.09088
2.84853
3.23808
3.00593
2.22357
1.05445
0.494879
-1.04091
-2.67477
-3.3427
-3.26984
-2.88683
-3.87845
-4.8939
-3.83595
-7.46521
-16.3039
-21.9061
-21.5815
-15.7028
-11.7839
-13.5144
-15.5529
-16.2315
-15.997
-17.3021
-20.3848
-22.476
-23.0132
-22.1985
-20.2153
-18.7537
-18.523
-18.2932
-20.2629
-19.3311
-8.77213
3.40016
12.478
16.7579
14.5837
10.5891
7.73986
9.58066
13.0688
14.7714
15.9331
12.5336
5.43712
-2.19975
-6.52029
-3.96299
-0.426217
0.898441
1.11377
0.763454
3.18717
5.02889
1.63317
-2.02412
-4.09051
-7.53948
-11.4247
-16.082
-22.5862
-25.8049
-21.6871
-12.3365
-1.68081
6.02706
8.80014
8.7469
8.7838
5.64637
-1.88913
-6.89163
-8.66236
-9.07106
-7.32416
-6.68892
-5.8505
-1.12965
4.67764
11.0128
15.3309
13.5182
9.58019
5.50579
1.87886
1.63364
2.08998
-0.440696
-2.39406
-1.2254
0.791479
3.92002
3.56083
-3.60474
-9.19997
-8.25506
-2.87001
2.65329
4.06389
2.47999
2.38471
5.59593
11.2977
18.8602
23.2911
22.4204
20.0715
15.9816
13.2015
15.2123
19.1456
21.0201
20.2414
20.4965
19.3064
14.9923
11.2476
7.61795
6.42875
9.74834
13.4271
12.3472
5.56323
-1.90268
-7.53388
-10.087
-7.84916
-3.72946
-0.957762
-1.29826
-4.32732
-8.00143
-10.533
-10.3388
-8.02011
-6.11954
-5.32362
-4.26007
-2.67571
-1.14506
1.17122
6.35168
13.1885
20.7501
27.6943
28.4229
20.4086
6.29096
-7.06819
-14.2889
-14.5948
-10.0608
-6.57402
-8.57035
-13.804
-17.367
-17.4072
-15.2011
-11.3935
-6.7758
-4.29697
-2.78267
-0.833516
0.17399
1.05912
1.72098
2.11894
3.95973
7.11676
9.67641
10.8358
10.0235
10.0669
13.4598
17.5464
18.8869
14.2679
7.64318
3.92563
2.26981
2.25813
2.16705
1.32302
0.486938
-1.224
-1.891
-0.856404
-0.71114
0.402862
-0.0361992
-4.20168
-6.28815
-5.17929
-2.85367
-0.964301
0.300103
0.949354
1.13712
1.94612
1.65792
1.21326
1.1815
0.200614
-0.54112
-1.27632
-1.95172
-2.4146
-4.60805
-8.12474
-9.09581
-6.96777
-6.3769
-8.99119
-13.9138
-19.9102
-24.8241
-26.6835
-24.4593
-20.5339
-16.2829
-12.763
-9.68855
-4.85373
-1.62943
-1.21652
-2.38518
-4.58376
-4.6328
-4.21662
-5.72672
-8.38023
-12.315
-15.6308
-16.5711
-14.6406
-9.54328
-2.10259
6.27134
13.1422
14.1029
8.83051
3.68742
0.20295
0.0721649
6.33533
13.3939
16.863
14.3117
5.53848
-2.35388
-5.30681
-3.79531
1.07547
6.82017
11.0244
12.6013
11.9465
9.079
5.74727
2.51083
-1.36319
-2.70093
-2.74997
-5.19657
-8.36015
-10.5699
-10.3425
-5.88927
-1.19925
0.897508
2.4431
0.570079
-3.92844
-5.62489
-6.20969
-7.13919
-8.34708
-10.6923
-12.1034
-11.1888
-8.59369
-6.66696
-7.74454
-11.4093
-14.4365
-12.8423
-7.21813
-0.155774
5.25356
6.2989
3.31375
-2.46926
-7.20645
-8.78193
-7.54041
-3.27405
2.48794
6.82484
8.69972
9.84176
8.10092
3.66686
1.06566
0.152036
-0.0371334
-0.983921
-3.9672
-7.86878
-12.031
-14.5514
-12.9773
-6.38297
2.97792
10.2112
13.7078
13.06
8.99399
3.99102
-0.986726
-3.36233
-2.59444
0.4818
4.66783
6.06676
4.1503
0.668167
-2.19134
-2.26374
-0.153438
2.88823
6.71367
10.2019
10.9707
9.58906
8.84873
9.98935
12.6228
14.8625
14.5874
12.9623
11.8913
10.0968
8.80809
8.77727
8.79361
11.0118
13.798
13.1053
9.49704
4.34134
-1.37721
-4.01905
-3.34784
-0.964767
1.74013
-0.778868
-8.01357
-15.8452
-20.873
-19.467
-12.3495
-2.80603
4.42354
6.16251
1.72192
-4.96583
-8.04207
-5.4133
0.187069
3.31702
4.61552
7.22933
11.407
16.7547
21.8188
24.3494
23.6086
20.1471
13.7354
7.42038
4.43009
3.80746
5.47823
8.95288
11.6993
13.0418
13.4593
13.0324
12.8746
12.1706
10.8338
11.6956
13.6583
15.3515
15.5986
11.6582
6.07283
2.66823
1.64905
2.67104
4.62019
4.88783
3.34784
1.30668
-1.0339
-2.91392
-3.02602
-1.2184
-0.464985
-1.70837
-3.88546
-7.27885
-10.0206
-10.3648
-10.4008
-12.8624
-17.1508
-21.6782
-23.0823
-20.0607
-16.7654
-13.5635
-9.84597
-7.1546
-5.16388
-4.1517
-3.83782
-2.38004
-0.389784
0.564941
0.88256
0.382778
-0.992796
-2.92886
-6.01912
-10.5653
-15.9867
-20.5633
-21.7884
-19.6375
-17.5291
-14.7406
-11.4486
-11.0081
-10.7502
-11.1506
-11.562
-8.07477
-6.11487
-5.90188
-5.10316
-8.41013
-12.1071
-12.1057
-10.7147
-6.55953
-1.94191
-0.755045
-0.11467
0.694325
0.452374
0.549061
1.10256
1.58832
2.7369
4.01998
4.44736
5.06299
6.21856
8.0771
10.5704
11.3817
10.8689
11.1813
10.2355
7.23447
3.7771
0.678444
1.05071
3.76916
4.24512
2.59911
1.24643
0.824174
2.033
6.37223
10.9683
12.4631
9.77963
4.68698
1.38701
0.805491
2.73316
6.72255
10.803
10.6414
6.28536
3.75234
3.75935
6.03733
8.29897
6.00931
2.76726
-1.32396
-7.32368
-10.7105
-13.6013
-16.4421
-16.8639
-16.566
-14.7316
-11.2743
-9.11404
-9.17382
-10.2032
-11.1318
-9.96601
-6.26387
-2.89757
-0.535982
1.47156
3.48797
5.54455
6.26994
5.18957
2.99566
1.91809
3.1101
5.4829
6.68845
3.77009
-0.223501
-1.9223
-1.47015
2.02552
5.21385
5.34231
3.61361
1.04044
-0.19641
0.230507
1.46875
3.34177
5.63517
8.34194
10.9796
13.1787
12.9371
9.59233
5.56791
2.70794
1.34311
0.521502
0.213225
0.890501
2.55566
3.65986
2.14883
-1.50332
-5.27785
-7.80151
-8.61611
-7.4512
-5.50765
-3.40623
-1.66727
-0.819503
0.072632
1.87465
4.20401
3.87052
1.83495
1.06659
1.18009
3.16521
6.02939
7.57405
7.31388
5.02936
1.87652
-0.237046
-0.711607
-0.425283
0.172121
-0.212758
-1.2978
-0.674707
-0.0740332
-1.13712
-3.35391
-6.26154
-7.6343
-7.72025
-7.87953
-8.48954
-11.2444
-15.7439
-20.7473
-24.7377
-25.7713
-23.8801
-19.482
-14.9348
-11.2598
-8.19387
-6.3386
-4.99386
-4.22083
-2.17967
0.531778
2.06289
2.45057
0.808294
-0.364561
0.425283
3.58232
7.89633
10.4752
10.7213
8.64507
7.83001
9.63717
12.3799
14.6598
14.5766
14.1778
14.4407
15.5434
16.9648
15.3487
11.4439
7.73379
5.73653
5.7711
6.14756
6.49228
7.10836
7.29753
7.06165
6.262
5.6347
6.14383
5.49365
3.7472
2.41507
0.320188
-2.34548
-4.90511
-7.68054
-8.46572
-6.07937
-3.52814
-1.30107
-0.715811
-3.35812
-5.66646
-6.8594
-7.29846
-6.16391
-4.62206
-2.57902
-0.986726
-1.16141
-1.04838
-0.251994
-0.273947
-1.25623
-3.2292
-5.23394
-6.14195
-6.87529
-8.19434
-9.27518
-9.17989
-8.76092
-9.18457
-9.98935
-10.1224
-7.72538
-3.4534
0.0212525
1.68688
0.669102
-2.51456
-6.64221
-9.17662
-9.24528
-9.53207
-9.18736
-8.17005
-7.3802
-5.88085
-4.37543
-2.267
1.16048
5.80753
10.3392
12.9011
14.6705
15.5627
13.8433
10.2617
6.18259
3.58512
3.49078
4.24092
5.35492
5.95839
5.65198
5.01815
3.601
2.42535
1.58413
1.21793
2.02272
3.13766
4.9224
7.0355
8.2247
8.5255
8.05795
7.04997
5.81593
4.81497
4.20121
3.36373
1.28239
-1.34358
-2.62947
-3.4053
-3.54168
-2.5552
-2.10773
-1.68455
-0.84099
-0.760184
-1.71351
-2.42441
-2.856
-3.91162
-4.49921
-4.50202
-3.33009
-0.31832
2.11474
2.99986
2.84993
2.18667
2.65515
5.0742
8.20415
10.2603
11.2953
11.5316
11.1715
10.9628
9.64884
6.67117
3.40857
0.630333
-1.65232
-3.88266
-5.80939
-6.65155
-5.83041
-3.20352
-1.00027
-1.03156
-1.78917
-1.97508
-1.55423
-2.33543E-4
2.14603
2.62152
0.939078
-1.6341
-3.75141
-4.7108
-5.05645
-4.82711
-4.68885
-5.37266
-6.04901
-6.65528
-7.27932
-7.05184
-5.93784
-4.96957
-3.4819
-1.41411
-1.30154
-2.26981
-2.72755
-3.90975
-5.01815
-5.53101
-5.21432
-1.82047
3.09095
5.86077
6.26527
4.41607
0.665832
-2.71728
-4.50388
-3.79531
-0.486471
2.78734
4.74537
5.71738
5.1975
3.57532
2.02739
0.504687
-1.05445
-1.50986
-0.71908
-0.0969205
-0.0530144
-0.600441
-2.4487
-4.44736
-5.21152
-4.83318
-4.03866
-2.93821
-1.35993
-0.768591
-1.40336
-2.93868
-4.60291
-4.61271
-3.03723
-0.664898
1.60748
2.56641
1.60607
0.428553
0.358956
0.0581524
-0.465452
-0.109999
1.7023
4.5959
6.3685
5.48056
3.41044
2.68879
3.55523
4.88083
5.41424
4.57862
3.46929
3.12691
3.77196
4.71641
5.01861
4.39132
3.75234
4.32125
5.79678
7.30174
7.7394
7.02848
5.66039
3.57158
1.68875
-0.237981
-2.38658
-4.60617
-7.06493
-8.29803
-9.39756
-11.0767
-11.5952
-10.3714
-7.35031
-4.31238
-3.12084
-3.72385
-4.76031
-5.79492
-6.83838
-6.44463
-5.93598
-6.25032
-6.23725
-6.58196
-6.39512
-6.03687
-7.38254
-8.79454
-9.78197
-9.43118
-6.22043
-2.70093
0.0600206
1.6341
1.17029
0.986255
1.3688
1.75508
2.87048
3.10403
2.62106
2.54259
1.64111
0.393988
0.105795
0.549527
1.1759
2.76446
5.79678
8.02478
8.8562
8.43022
5.87058
3.27031
1.77516
1.1871
1.98255
2.66403
2.46131
2.28849
1.34077
0.318787
1.15347
1.68174
1.98582
2.59397
1.76349
1.22073
-0.108131
-2.68551
-3.57578
-3.39829
-2.36323
-0.362693
0.583158
0.280953
0.666299
2.07176
3.1185
2.97138
2.24739
1.962
1.77142
2.01711
3.17035
4.06529
4.57628
5.42731
6.25032
7.31809
8.78614
9.34524
8.86788
7.13919
4.51836
3.20258
2.94849
2.2161
0.855469
-1.04464
-2.29924
-1.61309
0.210422
2.30904
3.73599
3.67434
2.91206
1.46595
-0.737764
-2.73969
-4.65989
-6.63941
-8.06215
-9.32515
-10.1038
-10.2056
-11.0393
-11.1099
-9.42792
-7.7548
-5.61601
-4.09144
-5.08681
-7.15274
-9.68061
-11.7698
-11.5649
-9.34757
-6.25312
-3.28852
-0.730757
1.88259
4.19982
3.99803
1.18897
-1.43746
-3.35905
-4.25586
-3.71404
-2.77847
-1.2226
1.19458
4.39225
7.38908
8.16818
7.21206
5.36753
3.89901
4.4114
5.26103
5.06299
4.32872
3.60147
2.86441
2.18853
2.66356
4.32406
5.51747
5.38574
3.91816
1.23101
-0.704601
-0.841457
-0.246388
1.12124
2.59397
2.79855
1.93911
0.681713
-0.600907
-1.12031
-0.601841
0.0754345
0.874153
2.07783
2.35014
1.15113
-0.362693
-1.64157
-1.65559
-0.524772
-0.250592
-1.01708
-1.64531
-1.07266
-0.288426
-0.87462
-2.58602
-4.95789
-6.4026
-6.50349
-5.76969
-3.05638
0.0240549
1.74901
2.64534
2.24365
0.688252
-1.37861
-3.52861
-5.15734
-5.74493
-4.26987
-0.333733
4.40019
8.01825
9.31721
8.15744
6.05881
4.60898
5.16341
7.36853
8.87114
8.20134
5.87385
3.69209
2.68318
2.79201
2.8219
1.62149
0.65649
0.590164
1.14133
2.11007
1.50425
-0.131485
-1.32769
-1.64764
-0.0310613
1.80645
2.61872
2.82985
1.22213
-1.65699
-4.09051
-6.36757
-8.2588
-8.54185
-7.79638
-6.71648
-4.46371
-1.66727
0.998395
4.04848
5.89346
5.46842
3.97561
1.65512
-1.24082
-3.56504
-5.4105
-7.13451
-8.32933
-9.26676
-9.09115
-5.87245
-1.05071
2.0372
2.50522
0.784005
-2.26281
-4.3745
-5.13071
-6.12608
-6.8622
-7.13125
-6.89256
-4.39225
-1.451
0.350549
1.86484
2.26234
3.01575
4.61973
4.81916
3.23248
0.174457
-3.0321
-4.08537
-1.93257
2.4118
6.12655
6.71041
4.73088
3.13766
3.52394
4.53378
4.89904
4.67951
3.89807
2.79668
1.52995
0.759716
1.37067
2.57435
3.2591
3.57298
2.80089
0.255263
-1.94051
-1.75741
0.549527
3.9742
7.04437
8.2331
8.17845
7.17936
4.49921
1.91109
-0.0903813
-1.51079
-1.23101
-1.23147
-1.98395
-2.48513
-3.86164
-5.68468
-7.03129
-7.61515
-7.15226
-5.78697
-4.76312
-5.70336
-8.10185
-10.5849
-11.1
-9.48023
-7.35778
-4.45764
-2.10633
-2.27728
-4.11947
-6.04994
-6.8921
-5.30307
-1.60655
2.189
4.34694
4.0041
2.61031
1.19598
-0.182865
-0.19968
0.966169
1.80319
1.41177
-0.105795
-0.864344
0.353818
2.83265
5.89253
8.2602
8.30363
6.56514
4.30024
1.59253
-0.415473
-0.800353
0.0394688
1.28286
0.885363
-0.836319
-2.45758
-3.82381
-4.36236
-4.48894
-4.01391
-3.49358
-4.2638
-5.19191
-5.24281
-4.25633
-2.23057
0.47853
2.71775
3.9289
4.33854
4.39132
4.89857
4.75705
4.09798
3.34831
1.94284
0.819037
-0.256665
-0.624729
0.613986
2.05121
3.16942
3.6281
2.14883
-0.34074
-2.23011
-3.44266
-3.63604
-2.62573
-0.7415
1.25576
2.65048
3.00267
2.23431
0.739164
-1.30714
-3.02929
-3.58746
-3.26563
-2.99753
-3.51319
-4.09986
-3.95085
-3.3329
-2.26467
-1.56264
-1.93444
-2.20114
-1.98301
-0.969438
0.372968
0.218363
-0.803623
-1.05212
0.056284
1.88773
3.85744
5.08635
4.35675
2.79341
1.36786
0.350082
0.0366663
0.142228
0.749908
1.41457
1.27118
0.363627
-0.826043
-1.68081
-1.15347
0.888633
4.02185
6.92526
8.24478
8.09625
6.11767
3.01061
0.58923
-0.580356
-0.869482
-1.19037
-2.48607
-3.70424
-3.95319
-4.52864
-4.92893
-5.08635
-5.58145
-4.71594
-2.51783
-0.162313
1.64064
1.64625
2.33543E-4
-1.62382
-2.18479
-1.39822
-0.330464
-0.932539
-2.53791
-3.58186
-3.30768
-1.01241
2.21375
4.8925
7.29286
9.16214
9.24341
8.42134
7.48763
6.25172
5.33857
4.39832
3.57578
2.82985
2.17592
3.16008
4.99012
6.33814
6.79681
5.60061
4.45531
4.61038
5.05785
5.60948
5.47309
4.99058
5.971
7.80946
9.19997
9.34337
7.66513
4.59824
1.19644
-1.47436
-3.51039
-5.05645
-5.50345
-5.19143
-4.33993
-2.91999
-1.39168
0.558869
1.92509
0.68545
-2.04887
-4.33993
-5.55483
-5.20592
-3.80045
-1.84849
0.0217196
0.461716
0.146899
0.881627
2.14883
2.98725
3.37213
3.35812
3.43052
2.83265
0.982979
-1.25904
-3.08348
-3.33383
-2.34968
-1.49071
-1.11284
-1.4781
-2.47252
-3.03489
-2.118
-0.52197
0.814833
1.35105
0.625196
-0.118406
-0.79615
-0.776532
1.0082
2.8518
3.77756
3.21285
0.723284
-2.57809
-5.10503
-5.97941
-5.45347
-4.09939
-3.04938
-2.81397
-2.52951
-1.88726
-1.45942
-1.13058
-0.730757
-0.531312
-0.407533
-0.627531
-1.30994
-2.38752
-3.68602
-4.23625
-3.94431
-3.96907
-4.79629
-5.91869
-6.63847
-5.86591
-3.55429
-0.954025
1.37533
2.96997
3.57905
3.38241
2.34361
0.86014
-0.314583
-0.971307
-1.49631
-1.81673
-1.7747
-1.64812
-1.80038
-1.68034
-0.557936
0.391652
0.157175
-1.1857
-2.8845
-3.92797
-5.17275
-7.03503
-8.57128
-9.56898
-9.45874
-7.50492
-3.7827
0.607446
4.20401
6.19567
6.17326
4.43335
1.30014
-1.89007
-3.62249
-4.38711
-4.28715
-4.09425
-4.61692
-5.08821
-5.46936
-5.15547
-3.98588
-2.77146
-1.35853
-0.0735662
0.939078
1.87652
2.1479
1.52574
0.657425
0.460781
0.862943
1.29453
1.19504
0.431822
0.0394688
0.129616
0.322056
0.687319
0.938144
0.802221
0.535048
0.512161
0.0193841
-0.677977
-0.971307
-1.56918
-1.92604
-1.96901
-2.27261
-2.88776
-3.9686
-4.46652
-4.27735
-4.28296
-4.10966
-2.99099
-1.21512
0.121676
1.12498
1.82794
1.71024
0.748506
-1.1474
-3.45294
-5.73419
-7.45587
-7.78376
-7.08314
-5.5936
-3.33102
-1.35899
-0.684048
-1.22773
-2.01291
-2.25299
-2.11521
-1.61402
-0.517299
1.28705
3.74113
5.54783
5.64732
4.18673
1.58693
-0.810629
-1.57385
-1.11423
-0.323458
0.223034
-0.0698295
-0.473392
-0.0483435
1.8088
4.58423
6.59457
7.16675
6.01117
4.19514
3.42679
3.73646
4.21382
4.49595
5.00928
5.52354
5.53054
4.5917
2.82564
0.996532
-0.428553
-0.260868
2.22917
5.42218
7.79171
9.38728
9.96973
9.69976
9.4807
9.48584
9.63203
9.04304
6.94488
4.53051
3.03489
2.52811
2.61079
2.57155
1.77844
0.162313
-1.41411
-2.39171
-3.13112
-3.75655
-4.31238
-4.56928
-4.27268
-3.6309
-2.71447
-2.42114
-3.51412
-4.85654
-5.50765
-5.0074
-3.21846
-1.08715
0.666767
1.74714
2.22217
2.12875
2.0428
2.63834
3.47583
4.33526
4.44503
3.27825
1.56964
0.849865
2.42067
4.9364
6.65202
6.98505
5.76922
3.79812
2.54259
2.89711
4.71174
7.3335
9.09955
9.35878
9.13832
8.87909
8.38911
7.24802
5.83181
5.11717
5.51513
6.62539
7.70297
8.23498
7.95799
6.73703
4.27128
1.39776
-1.02595
-3.20678
-4.332
-4.31799
-3.84949
-3.31841
-3.24322
-2.95643
-2.52951
-2.10072
-1.2936
-0.522903
0.332333
0.664431
0.904047
1.78451
2.36042
2.49261
1.87605
0.92273
0.650885
0.740566
0.839122
0.82978
0.44817
-0.143629
-0.524305
-0.960097
-1.19877
-0.833516
-1.04044
-1.63317
-1.55049
-1.53508
-1.45428
-1.38515
-2.06196
-2.25159
-1.64438
-1.10816
-0.996532
-1.53135
-2.11707
-2.23945
-1.48136
0.119808
1.76115
3.03116
3.46322
2.99986
1.68502
-0.00256898
-1.48136
-3.13952
-4.49641
-5.60014
-7.49277
-9.81655
-11.3738
-11.4887
-10.1197
-8.04907
-6.26107
-5.13679
-5.29793
-6.57354
-8.19247
-9.80252
-10.7746
-10.6727
-9.4891
-8.41947
-8.46058
-9.28218
-10.5653
-11.074
-10.045
-8.02572
-5.42265
-3.57905
-2.99426
-2.81583
-2.98678
-3.19978
-3.27638
-3.22874
-2.77987
-2.13996
-1.61635
-1.28986
-1.08201
-0.989991
-1.17963
-2.08858
-3.21192
-3.49965
-2.83032
-1.35758
-0.0399359
0.23004
-0.468722
-1.94144
-3.3413
-4.01765
-4.34461
-4.52396
-4.82898
-5.24702
-4.82571
-3.6692
-2.74064
-2.78781
-3.96253
-5.24002
-5.73046
-4.8953
-2.91065
-0.803623
0.675174
0.962899
0.384178
-0.249191
-0.634071
-0.601374
0.0338638
1.31836
2.86441
4.22457
4.46371
2.69252
-0.284222
-2.77847
-3.65192
-2.46598
0.00397024
1.59393
1.45054
0.412672
-0.617722
-0.502819
0.820438
2.28942
3.44313
3.90415
3.374
2.56641
1.6285
0.240784
-0.582224
-0.381377
0.245921
1.23848
2.24038
2.84946
3.18951
3.2208
2.7084
1.77189
0.934407
0.018917
-0.68545
-0.480398
0.0249891
0.535982
1.25156
1.80973
2.01384
2.07783
2.31278
3.09281
4.4072
5.57491
6.19194
6.48574
6.61885
6.82297
7.14153
7.55163
8.69318
10.5513
12.3047
13.2403
12.9703
11.8292
10.4153
9.19204
8.2289
7.53248
7.1476
7.02335
7.17422
7.4797
8.121
8.77025
8.82491
8.42601
7.55116
6.30451
5.39976
4.91305
4.27081
3.73506
3.42912
3.24041
3.13625
2.20722
0.504687
-1.24595
-2.99893
-4.4525
-5.28999
-5.23534
-4.14703
-2.79341
-1.71538
-0.865278
-0.71441
-1.37393
-2.41881
-3.63277
-4.69352
-5.28952
-5.39976
-4.97938
-4.25072
-3.87145
-3.64911
-3.16195
-2.64675
-2.18153
-1.80412
-1.61775
-1.73406
-1.72845
-1.17869
-0.418743
0.441631
1.0778
0.754112
-0.675174
-2.24599
-2.76726
-2.16051
-0.75271
0.745705
1.37393
1.47062
1.80786
2.27168
2.76165
3.18016
2.9354
1.94565
0.495812
-1.0096
-2.04654
-2.52717
-2.40806
-1.80786
-0.767657
0.614452
1.74527
2.20442
1.87745
1.24269
0.774197
0.539252
0.576618
0.473392
0.0184499
-0.681713
-1.8938
-3.25816
-3.76309
-3.24181
-2.35716
-1.64485
-1.51546
-2.23992
-3.1797
-3.50946
-2.97184
-1.83635
-1.29126
-1.60748
-1.76115
-1.67707
-1.67427
-1.94798
-2.59023
-3.23621
-3.80138
-3.81634
-2.88169
-1.49911
-0.163246
-0.0151803
-1.60234
-3.55383
-4.89437
-5.59313
-5.59967
-5.22881
-5.04804
-4.72341
-3.83922
-3.04331
-2.24832
-1.08948
-0.17072
0.553732
1.39589
2.41041
3.95973
5.95559
7.63523
7.94445
6.6693
4.92426
3.77803
3.57064
4.16058
4.96257
5.1891
4.7463
3.94385
2.90364
1.98815
1.32583
0.933006
1.35758
2.21469
2.57341
2.79435
2.8476
2.62573
2.66076
2.64021
2.57248
2.39312
1.69856
1.06192
0.975977
1.39589
1.90408
1.8882
1.57198
1.38561
1.44073
1.93584
2.40527
2.60891
2.71775
2.24225
1.13806
-0.364094
-2.08297
-3.3684
-4.35768
-5.05178
-4.89951
-4.51135
-3.86538
-2.95782
-2.72382
-2.92233
-3.13999
-3.26984
-3.33337
-3.62062
-4.36656
-5.5637
-6.66229
-7.21579
-6.91359
-5.83695
-4.75237
-4.16291
-3.99102
-4.03726
-4.34507
-5.11343
-6.16905
-7.18216
-7.94632
-7.9323
-6.90191
-5.09008
-2.80369
-0.780736
0.429953
0.788676
0.136156
-1.39496
-3.27451
-5.0004
-5.60154
-4.82104
-3.67574
-2.80556
-2.73362
-3.4394
-4.15777
-4.43616
-3.96066
-3.21099
-2.80042
-2.73036
-3.28899
-4.13909
-4.46371
-4.10312
-3.17735
-1.96807
-0.884428
-0.153906
0.386048
0.989991
1.71817
2.34641
2.61498
2.72896
2.87001
3.31048
4.15871
4.81497
4.72388
3.45154
1.33704
-0.561205
-1.73173
-1.97508
-1.5234
-1.39075
-1.86765
-2.26794
-2.41367
-1.97508
-0.805959
0.408468
1.49771
2.32632
2.7042
2.8476
2.92046
2.97464
2.95549
3.05358
3.39548
3.82895
4.25353
4.45531
4.42868
4.50528
4.74116
4.98358
5.04944
4.6356
3.94058
3.56178
3.7145
4.10079
4.24886
4.06248
3.65052
3.32729
3.39362
3.69489
4.13629
4.77246
5.71738
6.58989
6.7132
5.99156
4.58749
3.25162
2.67618
2.97838
4.20635
5.49784
6.03499
5.71178
4.38852
2.75325
1.62056
1.2212
1.67241
2.40713
2.91346
2.89524
2.11661
1.05865
-0.0478764
-1.11097
-1.95079
-2.94195
-4.08771
-5.05225
-5.61976
-5.20685
-3.65659
-1.54442
0.67891
2.48046
3.35485
3.65145
3.51973
2.85881
2.51877
2.19461
0.979715
-0.521502
-1.85644
-2.46319
-1.92837
-1.22307
-1.17729
-2.04327
-3.4875
-4.50669
-4.50061
-3.83035
-2.97698
-2.30017
-2.0741
-1.62663
-0.752244
0.0782371
0.532245
0.121209
-0.537851
-0.794281
-0.86341
-0.466387
0.350549
1.06285
1.40757
1.13666
0.497214
-0.0875788
-0.256665
0.394455
1.43886
2.28382
2.53044
2.02459
1.4879
1.25016
1.24643
1.55096
1.7803
1.71912
1.36693
0.869015
0.399126
-0.20295
-0.744303
-1.05212
-1.12451
-0.87462
-0.675641
-0.479932
-0.0268575
0.519634
1.36833
2.20768
2.56501
2.60658
2.3707
2.05915
1.77984
1.3333
0.512628
-0.444433
-1.03903
-1.50518
-1.67474
-0.977847
0.350082
1.83635
2.80509
2.77753
2.15631
1.45521
0.761585
0.309912
-0.00116772
-0.682648
-1.35432
-1.78498
-2.27121
-2.7411
-3.22033
-3.63464
-3.59353
-2.9681
-2.1451
-1.52527
-1.4029
-1.64671
-1.85877
-1.97928
-1.72519
-1.22773
-1.1105
-1.81673
-3.28526
-4.57862
-5.07513
-4.70287
-3.79531
-3.03536
-2.94382
-3.94945
-5.32222
-5.89487
-5.5609
-4.2965
-2.43049
-1.02502
-0.716745
-1.50612
-2.96483
-4.28389
-4.8584
-4.69305
-4.06949
-3.41651
-3.38895
-3.87659
-4.25119
-4.4511
-4.0737
-3.28152
-2.99192
-2.86067
-2.38471
-1.72752
-1.00587
-0.486471
-0.283755
-0.325793
-0.762519
-1.21233
-0.992325
-0.0754345
1.09041
1.90688
2.34595
2.79715
3.25349
3.76495
4.38852
4.4455
3.51412
2.08625
0.977379
0.811563
1.2623
1.89287
2.3637
2.17826
1.58506
0.844726
0.196877
-0.141761
-0.283289
-0.0268575
0.722817
1.89473
2.93354
3.35952
3.28058
2.60798
2.10773
2.45898
3.33897
4.34647
4.50388
3.28105
1.32022
-0.483669
-1.31882
-0.852667
0.377639
1.64531
2.52297
2.54492
1.86391
1.05305
0.396323
0.294965
0.69993
1.12311
1.49445
1.81299
1.96013
1.70603
0.891902
0.268808
0.388383
0.802689
1.34077
1.54629
0.909184
-0.168852
-1.31601
-1.88587
-1.4879
-0.853601
-0.491609
-0.464985
-0.687319
-0.794281
-0.538784
0.104394
0.847062
1.16375
1.03437
0.886764
0.910586
0.988589
0.708337
-0.131485
-1.1049
-1.8186
-2.11614
-1.79478
-1.02035
-0.358489
-0.0810396
-0.428553
-1.49678
-2.8191
-4.01065
-4.52023
-4.13068
-3.62109
-3.42398
-3.66546
-4.24746
-4.70052
-4.86121
-4.50809
-3.84763
-3.25396
-2.61452
-1.82234
-0.901711
-0.0773029
0.793814
1.72612
2.20722
2.1549
1.91389
1.67194
1.46735
1.28286
0.98345
0.693858
0.483201
0.390251
0.564941
0.805959
1.12077
1.51733
1.82234
2.06336
2.08858
1.57992
0.458913
-0.815767
-1.82094
-2.55099
-2.94989
-2.72569
-1.66493
-0.261802
0.715343
0.902645
0.613519
0.657892
1.18944
1.92463
2.61638
2.45945
1.3333
0.124012
-0.70133
-0.649485
0.272545
1.23147
1.72238
1.57245
1.19784
1.19551
1.7051
2.11474
1.60421
0.506556
-0.588763
-1.41504
-1.85316
-2.12408
-2.08951
-1.58179
-0.89704
-0.411737
-0.0838421
0.265539
0.355219
0.472458
0.972241
1.62756
2.50008
3.15027
3.13952
2.51223
1.31836
0.126347
-0.394922
-0.0450739
0.925533
2.13715
3.1185
3.72432
4.03633
4.16151
4.54592
4.79021
4.50716
3.98122
3.30067
2.77053
2.56174
2.80789
3.3072
3.63183
3.81727
3.74346
3.48283
3.20165
2.80696
2.13108
1.21419
0.475727
-0.0329297
-0.474327
-0.899843
-1.33283
-1.7476
-2.0769
-2.04794
-1.61589
-1.1843
-0.989991
-0.934874
-1.16515
-1.62382
-2.00637
-2.32586
-2.32259
-1.96994
-1.57385
-1.17869
-1.00494
-1.0096
-0.897508
-0.732159
-0.542988
-0.437894
-0.603242
-0.834918
-1.14833
-1.70137
-2.33427
-3.05124
-3.64538
-3.97655
-4.1573
-4.01812
-3.57999
-2.80042
-2.01244
-1.9237
-2.34267
-2.69766
-2.44544
-1.26418
0.380909
1.6612
2.23478
2.11333
1.41971
0.709271
0.379975
0.562607
1.11517
1.47109
1.39075
1.08387
0.649485
0.332333
0.532713
0.894238
0.90031
0.355219
-0.671905
-1.56264
-1.8882
-1.56778
-0.91479
-0.374838
0.0702965
0.453307
0.970373
1.91248
2.77193
2.9667
2.60004
1.82141
0.868548
0.15951
0.0165816
0.29917
0.735895
1.28052
1.47482
1.15207
0.620525
0.0763687
-0.274414
-0.353818
-0.20295
-0.0759016
-0.274414
-0.913388
-1.6682
-2.05775
-2.02833
-1.63831
-1.04137
-0.535048
-0.374838
-0.670503
-1.37628
-2.23571
-3.01902
-3.50058
-3.20305
-2.28056
-1.26697
-0.599973
-0.461716
-0.485537
-0.613519
-0.790078
-0.855469
-0.827912
-0.812031
-1.09929
-1.54675
-2.06662
-2.66823
-3.13205
-3.27872
-2.94568
-2.33239
-1.33003
-0.0492776
0.860607
1.33003
1.21326
0.82978
0.790078
1.00353
1.40336
1.56591
1.14973
0.294499
-0.886298
-2.12408
-2.97511
-3.02275
-2.57201
-2.10913
-1.78498
-1.68221
-1.54302
-1.43092
-1.47436
-1.47529
-1.59954
-1.88119
-2.15631
-2.38145
-2.26046
-1.86438
-1.66446
-1.59346
-1.49164
-1.04698
0.0889801
1.1759
1.58132
1.44586
0.851265
0.131952
-0.336536
-0.505621
-0.40006
-0.133354
0.0614219
0.0446068
-0.110466
-0.264605
-0.340273
-0.45938
-0.520102
-0.151103
0.573817
1.34451
1.78917
1.81347
1.81767
1.72845
1.53181
1.59206
1.60981
1.29967
0.811563
0.287025
-0.0399359
-0.220699
-0.463116
-0.6294
-0.683581
-0.664898
-0.400994
-0.0488105
0.14036
0.485069
1.23427
2.34781
3.57392
4.31611
4.37217
3.72432
2.64115
1.78498
1.47996
1.65932
1.79619
1.71958
1.49631
1.17963
1.1063
1.27258
1.72098
2.19087
2.28568
2.17732
2.00311
1.80645
1.41971
0.894238
0.592967
0.419211
0.519634
1.06892
1.671
2.2175
2.49915
2.32259
1.79665
0.823241
-0.299636
-1.00587
-1.11003
-0.938144
-0.704601
-0.492543
-0.593901
-0.963834
-1.4781
-2.03954
-2.47159
-2.73409
-2.7042
-2.25767
-1.65886
-1.35853
-1.53742
-2.04654
-2.47252
-2.43842
-1.91949
-1.15861
-0.443032
-0.149235
-0.377173
-0.854536
-1.23521
-1.02035
-0.210422
0.69339
1.45381
1.99983
2.20862
2.19181
2.15631
2.19321
2.44263
2.73316
2.91392
3.05264
3.18903
3.40576
3.60381
3.7785
3.99663
4.26894
4.53985
4.80562
5.03917
5.01394
4.88083
4.77947
4.74863
4.79722
4.7122
4.57488
4.36516
4.08211
3.83782
3.50105
3.17642
3.03303
3.1157
3.3413
3.51272
3.65285
3.6706
3.35905
2.86675
2.35762
1.82701
1.53882
1.72612
1.94238
1.63084
0.843793
-0.0133119
-0.418276
-0.368765
-0.401461
-0.607913
-1.06799
-1.81533
-2.54959
-3.20772
-3.54168
-3.50853
-3.43239
-3.30394
-3.07227
-2.56313
-1.84429
-1.32349
-1.05258
-1.26183
-1.90222
-2.50709
-3.01902
-3.25162
-3.06059
-2.60424
-2.22871
-2.09839
-2.08951
-2.29456
-2.62666
-3.0307
-3.50853
-4.01624
-4.61271
-5.1821
-5.78277
-6.46004
-7.02802
-7.30453
-7.16721
-6.57682
-5.70664
-4.91819
-4.09098
-2.97838
-1.81159
-0.84099
-0.176326
0.145497
0.174457
-0.0371334
-0.338404
-0.387916
-0.153438
0.0642244
0.328595
0.75598
1.1829
1.55797
1.82748
1.84569
1.742
1.68875
1.60328
1.60561
1.72892
1.66867
1.3333
0.814833
0.443032
0.427618
0.541587
0.474327
0.034798
-0.677509
-1.56591
-2.38611
-2.82704
-3.15307
-3.68461
-4.33667
-4.93033
-5.40023
-5.822
-6.08871
-6.06162
-5.90561
-5.59687
-5.1905
-4.88596
-4.58563
-4.21616
-3.67995
-3.10542
-2.75839
-2.53091
-2.267
-1.83822
-1.35011
-1.0708
-0.965702
-0.952624
-0.874153
-0.668167
-0.556534
-0.532713
-0.500017
-0.579888
-0.712541
-0.571481
-0.158575
0.421079
1.06192
1.4823
1.6967
1.71631
1.61402
1.5234
1.18197
0.364561
-0.817169
-2.04233
-2.85554
-2.74671
-1.73687
-0.275347
1.12684
1.87419
1.81673
1.29547
0.929736
1.13712
1.73592
2.31605
2.56267
2.50942
2.42721
2.50008
2.80275
3.13438
3.13485
2.79528
2.24178
1.72425
1.55563
1.68081
2.01851
2.38378
2.69346
3.13392
3.31608
2.785
1.7448
0.64061
-0.179128
-0.683115
-0.922262
-0.890968
-0.783071
-0.765322
-0.760651
-0.790078
-0.93721
-1.11563
-1.25296
-1.37533
-1.62616
-1.95359
-2.22543
-2.39545
-2.37023
-2.24925
-1.96807
-1.45942
-0.968505
-0.624729
-0.51076
-0.579888
-0.62613
-0.503753
-0.169786
0.138958
0.212291
0.229106
0.459847
0.991393
1.56077
1.77189
1.67287
1.63037
1.82841
2.07269
2.10726
2.00918
1.83822
1.63924
1.47856
1.07406
0.569146
0.433223
0.696193
1.39075
2.21703
2.69346
2.89524
3.05918
3.54168
4.50482
5.43993
5.81406
5.53101
4.79768
4.00037
3.5258
3.50993
3.7785
4.09752
4.20028
4.07043
4.11107
4.42307
5.00974
5.79958
6.32132
6.37269
5.97707
5.24468
4.46325
3.92797
3.72478
3.62389
3.4053
2.95222
2.27028
1.43279
0.546258
-0.17866
-0.673306
-0.997935
-1.0451
-0.882093
-0.748506
-0.510292
-0.233777
-0.206686
-0.382778
-0.683581
-0.972241
-1.28192
-1.80786
-2.36229
-2.83358
-3.29973
-3.59026
-3.57532
-3.46742
-3.56271
-3.86024
-4.31285
-4.81403
-5.06112
-5.03683
-4.72855
-4.08771
-3.3698
-2.8887
-2.88263
-3.19838
-3.39035
-3.21519
-2.73783
-2.22684
-1.97508
-2.15164
-2.65048
-3.1185
-3.35112
-3.22874
-2.59209
-1.76255
-0.954025
-0.169786
0.333733
0.682648
0.658359
-0.126814
-1.32723
-2.54165
-3.29133
-3.34318
-3.02088
-2.52437
-2.04887
-1.85784
-1.85737
-1.76209
-1.37954
-0.727021
-0.0721649
0.3711
0.682648
0.780268
0.536449
0.298702
0.203883
0.24125
0.390719
0.357088
0.17399
-0.0263904
-0.013779
0.405665
