-13.6634
-13.6537
-13.6607
-13.6934
-13.6833
-13.6498
-13.6494
-13.6883
-13.6654
-13.6354
-13.6774
-13.6875
-13.6603
-13.6537
-13.6731
-13.6778
-13.6529
-13.6735
-13.677
-13.6486
-13.6662
-13.6654
-13.6723
-13.6634
-13.6567
-13.6883
-13.6498
-13.6563
-13.6759
-13.6521
-13.6723
-13.677
-13.6673
-13.6455
-13.6895
-13.6798
-13.6346
-13.6841
-13.6591
-13.665
-13.6583
-13.6575
-13.6938
-13.6513
-13.6673
-13.6719
-13.665
-13.6587
-13.6474
-13.6887
-13.6646
-13.6681
-13.6794
-13.647
-13.6867
-13.6662
-13.6393
-13.6689
-13.6571
-13.6587
-13.6723
-13.6833
-13.6689
-13.6393
-13.656
-13.6766
-13.6638
-13.6548
-13.6735
-13.6794
-13.6681
-13.6502
-13.6563
-13.6871
-13.6634
-13.6638
-13.6715
-13.6486
-13.665
-13.6587
-13.6415
-13.6844
-13.7023
-13.6435
-13.6474
-13.6719
-13.6439
-13.6401
-13.693
-13.7027
-13.6385
-13.6462
-13.6712
-13.6677
-13.6563
-13.6567
-13.6723
-13.6622
-13.6563
-13.6658
-13.6875
-13.6517
-13.631
-13.656
-13.6852
-13.6992
-13.6533
-13.6346
-13.6279
-13.6642
-13.6934
-13.6985
-13.6848
-13.6303
-13.6545
-13.6521
-13.6662
-13.665
-13.6626
-13.6887
-13.6537
-13.6575
-13.6427
-13.6887
-13.6603
-13.6922
-13.6985
-13.5761
-13.7004
-13.6415
-13.6545
-13.7584
-13.7102
-13.7219
-13.6229
-13.7133
-13.7542
-13.6459
-13.6774
-13.7191
-13.8322
-13.9292
-13.9521
-13.944
-13.866
-13.7874
-13.7059
-13.5515
-13.5145
-13.6225
-13.7339
-13.7959
-13.8131
-13.8087
-13.6969
-13.5995
-13.4768
-13.3556
-13.4456
-13.6747
-13.9089
-13.9954
-14.0425
-14.0729
-13.9647
-13.8251
-13.6918
-13.5804
-13.5297
-13.4966
-13.5843
-13.9093
-14.2526
-14.3691
-14.1404
-13.6942
-13.2437
-12.8922
-12.8112
-13.0025
-13.2877
-13.3875
-13.2095
-12.9007
-12.752
-13.0087
-13.4308
-13.7374
-13.6778
-13.1841
-12.4971
-11.982
-12.1721
-12.9663
-13.8652
-14.5063
-14.6216
-14.4767
-14.4615
-14.5051
-14.2394
-13.7051
-13.3727
-13.444
-13.6833
-13.6077
-13.0504
-12.5485
-12.7376
-13.4121
-13.9908
-14.3337
-14.4751
-14.5503
-14.4494
-13.9347
-13.4873
-13.3957
-13.5645
-14.2202
-15.0714
-15.6777
-15.9056
-15.4349
-14.186
-13.0231
-12.81
-13.1307
-13.6533
-14.3021
-14.8301
-15.2654
-15.5436
-15.8979
-16.2825
-16.3265
-16.0502
-15.4473
-14.4903
-13.4249
-12.5899
-12.1854
-12.7574
-13.836
-13.7671
-13.0687
-13.2543
-14.0417
-14.3255
-13.3568
-12.4566
-13.0318
-13.2531
-11.8467
-10.4088
-10.6738
-12.2446
-13.4385
-14.1614
-14.9466
-15.9952
-16.8732
-16.1433
-14.5527
-13.5504
-12.9733
-12.7068
-12.7433
-13.4113
-14.1906
-14.3527
-14.3375
-14.2109
-13.9639
-13.6614
-13.4164
-13.7258
-14.3079
-14.0636
-12.8397
-11.8225
-11.8253
-12.5645
-13.4646
-14.0468
-14.514
-15.1426
-15.4317
-15.2147
-14.5896
-13.4089
-11.8019
-10.8066
-10.9041
-11.374
-12.3876
-13.8419
-14.3258
-13.587
-13.0442
-13.6907
-14.9229
-15.2642
-14.4174
-13.6097
-13.2877
-12.4807
-10.7162
-9.53551
-10.4696
-12.3214
-12.7052
-11.1406
-9.62163
-9.52498
-10.643
-12.2515
-13.264
-13.7519
-13.6603
-13.7074
-14.6805
-15.6726
-16.7757
-17.0229
-16.2719
-15.5581
-14.3282
-13.6494
-13.9779
-14.6341
-15.7151
-15.8971
-15.5304
-16.2282
-16.9188
-16.5735
-16.2302
-17.3985
-19.4631
-20.1937
-18.4405
-16.1492
-15.7459
-15.7427
-13.9479
-11.3483
-10.6044
-11.581
-12.3155
-12.4585
-12.6537
-14.6403
-17.109
-16.9952
-15.7638
-15.2841
-15.198
-14.3722
-12.001
-9.88118
-9.84529
-10.3503
-9.7697
-9.54759
-10.5265
-11.5198
-12.1857
-12.8104
-13.5321
-13.806
-13.2652
-12.9842
-13.6326
-14.62
-14.9077
-14.4856
-13.3925
-10.8565
-8.53831
-8.67859
-9.83989
-10.0413
-9.88353
-11.0315
-13.7281
-16.0237
-16.4231
-15.1828
-14.129
-14.6754
-15.1898
-14.6216
-14.9946
-17.1611
-19.3087
-18.9619
-15.53
-12.4106
-12.0388
-12.7722
-13.4413
-14.468
-15.8694
-17.5287
-18.617
-17.96
-16.9422
-16.9348
-17.2103
-16.7761
-14.6173
-11.321
-8.2102
-5.98472
-5.40917
-6.77228
-9.92286
-12.8957
-13.7418
-13.3501
-13.2247
-13.8941
-14.3539
-13.9043
-12.3218
-9.44159
-7.58282
-8.92994
-12.0424
-13.9206
-14.705
-15.5982
-15.5537
-13.9357
-12.1265
-12.5208
-14.4662
-16.1492
-17.7687
-18.9046
-19.5195
-20.0171
-20.069
-19.1922
-18.1981
-18.4927
-19.1544
-18.979
-17.3335
-14.1416
-11.6503
-11.6888
-13.4958
-16.2108
-18.9794
-18.7721
-14.8281
-10.9999
-9.46692
-9.36209
-9.1618
-8.30645
-8.95137
-11.2068
-12.8089
-13.398
-14.1868
-16.3093
-17.0193
-14.4218
-10.952
-9.66878
-11.8351
-13.7367
-12.7633
-10.8265
-10.4439
-12.5193
-13.9977
-12.5567
-10.3
-9.48251
-9.33131
-8.4214
-8.0138
-9.47823
-12.0209
-13.5945
-13.5921
-13.7592
-14.1782
-15.0257
-16.4944
-17.0298
-16.8338
-16.0147
-14.6583
-13.776
-12.9542
-11.3646
-8.72457
-7.34004
-9.54018
-12.3848
-13.6423
-14.1193
-14.6684
-15.2619
-13.8271
-11.9976
-12.5505
-14.0269
-14.7183
-15.2475
-17.22
-18.9942
-18.739
-16.8331
-13.9015
-11.3709
-10.4481
-11.4254
-13.0083
-13.8711
-13.6891
-13.3777
-14.7942
-17.7293
-19.4019
-18.2877
-17.3969
-18.3809
-18.594
-16.7743
-14.5444
-14.1661
-15.0779
-14.5803
-12.738
-11.6152
-12.0489
-13.4168
-14.4435
-14.8082
-15.1314
-15.5748
-14.6453
-11.3666
-8.75342
-9.06789
-9.93139
-9.74047
-9.5433
-9.96964
-11.9375
-13.995
-13.0723
-11.5591
-12.4215
-14.5102
-16.4454
-17.4691
-17.2812
-16.5802
-15.733
-14.4022
-13.0898
-12.1651
-12.3931
-13.8454
-14.3262
-13.2016
-12.0135
-12.7972
-14.313
-14.2113
-13.5714
-12.66
-12.3576
-13.5827
-14.5873
-14.4992
-13.9217
-13.5586
-12.6069
-11.8716
-11.9854
-11.6246
-12.3038
-13.2348
-13.6263
-15.3519
-17.1503
-18.3902
-19.2592
-19.6933
-20.4337
-21.0105
-20.1727
-16.4979
-10.65
-5.96174
-4.51446
-5.40683
-6.0541
-6.0463
-8.42335
-13.2012
-16.6519
-17.1569
-16.3897
-16.494
-16.538
-14.8372
-12.8786
-13.1498
-15.0347
-16.0775
-14.9408
-12.042
-10.1902
-9.87961
-8.79706
-7.3003
-6.64913
-7.53411
-10.3028
-13.5469
-15.9883
-17.291
-17.1159
-16.2521
-15.883
-15.8924
-16.5494
-18.1708
-18.709
-17.0697
-14.3201
-11.6803
-11.0755
-11.8716
-12.7538
-14.3793
-15.4965
-14.8621
-12.4827
-9.61656
-8.10732
-8.63418
-11.2264
-13.8816
-15.1399
-14.975
-14.3138
-15.2058
-17.0073
-18.2523
-18.2573
-16.9032
-15.1119
-12.7364
-11.6643
-13.4273
-14.4139
-13.2417
-12.1686
-12.0428
-12.4075
-12.1144
-10.7602
-10.8214
-13.4935
-14.933
-13.2901
-11.0821
-10.7895
-12.024
-11.9983
-11.2731
-11.685
-13.2865
-14.8769
-14.4532
-13.6969
-13.6658
-12.2598
-9.54836
-7.59139
-9.31494
-14.2573
-16.6604
-14.1201
-10.3426
-8.79784
-9.24402
-9.39327
-9.54291
-11.577
-16.8183
-23.7784
-26.8443
-25.5658
-23.9452
-23.0583
-22.7473
-21.4776
-18.4226
-15.9625
-15.1602
-14.8161
-14.4054
-14.1622
-15.2611
-17.7761
-18.8984
-16.9819
-13.8644
-11.3066
-9.58188
-8.23631
-6.85254
-7.05636
-9.90021
-13.4385
-14.9306
-14.0188
-12.1445
-10.5101
-10.187
-9.78061
-7.92339
-6.21113
-6.70837
-9.72957
-12.6323
-14.0694
-14.6945
-14.6236
-14.3359
-13.5313
-12.7441
-12.8646
-13.036
-12.446
-11.5634
-12.1133
-13.4514
-13.416
-11.3662
-8.03718
-6.31089
-7.24885
-8.42296
-8.41828
-8.33958
-9.53979
-12.0645
-15.7085
-19.297
-21.7852
-24.2051
-26.1394
-26.5284
-25.2997
-22.5232
-19.2133
-16.5143
-16.0128
-16.8128
-16.7064
-16.6647
-16.5911
-14.8262
-12.3471
-10.9119
-10.3983
-10.9087
-11.9387
-12.0856
-12.3396
-12.976
-11.8927
-9.11971
-6.3027
-4.37339
-4.12985
-4.96337
-6.43286
-8.73432
-11.2416
-14.2495
-17.8267
-21.0786
-22.8147
-22.6479
-21.782
-21.0713
-19.6111
-15.7751
-10.2218
-6.20451
-5.75754
-8.11044
-11.36
-13.8832
-15.4988
-16.537
-17.8018
-19.2311
-19.3547
-18.0395
-15.8047
-13.8769
-12.644
-12.0135
-12.3381
-12.6525
-12.8093
-12.9323
-12.2095
-10.3951
-8.76666
-8.08355
-8.13499
-9.37378
-11.8136
-14.4806
-16.1597
-17.7633
-19.2542
-18.9744
-17.3895
-14.8524
-12.9007
-12.5419
-12.7386
-13.1997
-12.3568
-10.0441
-8.95761
-9.91237
-11.4181
-12.4644
-12.8162
-13.0267
-14.1077
-15.6227
-16.415
-15.8671
-14.7073
-13.8333
-12.8131
-11.6211
-10.6781
-10.454
-10.9991
-11.4882
-11.9893
-13.5348
-16.4442
-19.2585
-20.567
-20.5078
-19.0382
-16.4675
-13.5352
-11.0264
-9.67462
-8.95994
-9.12011
-10.4852
-11.4001
-11.1753
-11.1569
-12.3919
-14.1922
-15.4072
-16.685
-17.7543
-17.2932
-16.1921
-15.4298
-15.046
-14.6625
-14.0465
-13.338
-13.0274
-13.0531
-12.524
-12.2941
-12.4873
-12.6764
-13.3976
-14.2097
-15.2455
-16.9102
-18.2402
-17.5516
-15.2092
-13.2928
-13.3653
-15.1632
-15.8284
-14.7865
-14.1276
-14.2261
-14.4396
-14.2
-13.4042
-13.3224
-14.1868
-13.5797
-11.4262
-10.394
-11.0798
-12.4281
-12.9514
-12.6268
-13.1248
-14.1837
-14.8562
-14.7896
-14.0297
-13.4409
-12.2053
-9.98288
-8.97398
-9.45523
-10.2054
-11.2766
-11.9831
-13.2359
-17.0252
-20.6438
-21.5552
-20.4696
-18.1639
-15.3792
-12.5548
-10.2682
-8.71172
-7.98653
-8.60456
-9.73814
-10.2822
-11.2072
-12.8361
-13.1639
-12.8194
-13.497
-14.1193
-14.099
-13.6054
-12.8397
-12.7804
-13.5515
-14.1875
-14.2319
-13.6567
-12.782
-12.8802
-14.5589
-16.0643
-15.9446
-14.7062
-13.0091
-12.937
-14.7124
-15.8023
-16.4823
-17.5941
-19.1482
-20.5795
-20.9711
-20.0152
-17.7886
-15.8807
-15.0471
-14.869
-14.7109
-13.4038
-11.5322
-10.8035
-11.6308
-13.3143
-14.6411
-15.0581
-14.8585
-14.1217
-13.08
-11.734
-10.841
-11.466
-13.0322
-14.2222
-14.1244
-12.9218
-11.441
-10.8133
-10.8113
-11.1293
-12.7792
-14.546
-15.2015
-15.2856
-15.3854
-15.7478
-15.1033
-12.4476
-9.11894
-7.97172
-8.82005
-9.00632
-8.91396
-9.30637
-9.61422
-9.562
-9.02619
-8.57923
-9.855
-12.9331
-15.3663
-16.3553
-16.3289
-15.9473
-16.3775
-17.2563
-17.4667
-16.8156
-16.2934
-16.487
-16.7743
-16.1827
-14.6048
-13.5177
-13.8644
-14.7779
-15.3699
-15.9103
-17.4663
-19.6793
-20.2685
-18.854
-17.0855
-15.7665
-14.7958
-14.1762
-13.4334
-11.699
-9.76932
-8.63924
-8.39257
-9.0523
-10.4193
-12.2816
-14.0102
-15.0842
-15.1734
-14.6832
-14.0383
-12.8108
-11.5622
-10.4489
-9.43809
-9.43614
-10.3168
-11.0767
-11.4781
-12.5177
-14.682
-16.8962
-18.2204
-18.3681
-17.5388
-16.4243
-15.1387
-13.9908
-13.8251
-14.525
-15.1095
-15.0919
-14.8874
-14.836
-14.9715
-15.4068
-15.915
-15.8047
-14.882
-13.5309
-12.5041
-12.5306
-13.1923
-13.9058
-14.9454
-16.086
-16.6608
-17.1311
-17.4869
-16.8916
-15.5826
-14.133
-12.9179
-11.9106
-11.0931
-10.4571
-9.82813
-9.36054
-8.80564
-8.26202
-8.27411
-9.19999
-10.6126
-11.4341
-11.8669
-12.4807
-13.3006
-14.0788
-14.269
-14.3515
-15.2428
-16.6012
-17.4269
-17.0782
-16.2992
-16.0521
-15.6695
-14.933
-14.1116
-13.3723
-12.7839
-11.4785
-10.6064
-11.6386
-13.1218
-14.2125
-15.3975
-16.8853
-18.3606
-18.7386
-17.5076
-14.9649
-12.5275
-11.6082
-11.4773
-11.6503
-11.6558
-10.8733
-10.6769
-11.533
-12.2863
-12.303
-11.307
-10.2311
-10.3928
-10.9711
-11.0432
-11.0958
-11.5618
-12.5103
-13.1848
-13.0578
-12.8205
-13.188
-14.3197
-15.3523
-15.1656
-14.025
-12.9109
-12.1783
-11.4173
-10.7053
-11.2926
-13.7335
-16.9781
-18.8605
-17.925
-15.6434
-14.14
-13.6213
-13.4206
-13.7067
-14.3262
-14.3204
-13.8516
-13.1724
-12.4
-11.9516
-12.4
-14.4856
-17.3447
-19.4935
-20.2268
-19.8753
-19.4821
-18.9206
-17.6638
-15.7918
-13.9541
-12.9082
-12.6206
-13.0914
-14.1302
-14.5604
-13.1541
-10.6874
-9.48757
-10.1547
-11.5486
-12.7228
-13.377
-13.5609
-13.525
-13.2796
-13.0025
-13.4962
-14.2615
-14.6224
-14.3399
-12.9183
-11.3273
-10.2374
-9.78061
-9.84215
-9.40302
-8.6934
-8.32086
-7.98769
-7.63153
-7.83298
-9.25455
-11.1106
-11.8073
-12.1666
-13.22
-13.8275
-13.4986
-12.5111
-11.1695
-9.57448
-8.05666
-7.57034
-8.26943
-9.34144
-9.54252
-8.47129
-7.20014
-7.03024
-7.98613
-9.50706
-10.7599
-11.2572
-11.8517
-12.5613
-12.9005
-12.7554
-12.531
-12.0548
-10.4805
-8.27762
-5.96525
-4.58655
-4.49419
-4.32624
-3.95527
-4.54252
-6.44611
-7.84935
-7.52436
-6.61523
-6.31011
-7.07583
-8.23631
-9.29897
-11.2556
-14.495
-17.4348
-18.5485
-18.8544
-19.426
-20.1454
-20.4423
-19.4217
-18.0602
-17.3927
-17.1471
-17.197
-17.215
-16.9013
-16.0233
-14.472
-11.9597
-9.02425
-7.38368
-7.7192
-9.86912
-12.7702
-15.9044
-19.6606
-23.1011
-25.4236
-25.8495
-24.9123
-24.4136
-23.7024
-22.5322
-21.7696
-20.6067
-18.4919
-16.2782
-14.7444
-14.0231
-14.0141
-13.8855
-13.1491
-11.9925
-9.83793
-7.26055
-5.49256
-4.75217
-5.37838
-7.03453
-8.49779
-9.66955
-11.0015
-11.7715
-12.8053
-15.6566
-19.1727
-21.8888
-23.2866
-23.8138
-24.4455
-25.3133
-26.0034
-25.7536
-23.9058
-21.0904
-18.6891
-16.231
-12.9764
-10.053
-8.51883
-8.59637
-9.54486
-10.5845
-11.9741
-13.9525
-15.9399
-17.4379
-18.3809
-18.0606
-15.8436
-11.9577
-7.1565
-2.27613
2.13195
5.65349
8.1802
9.52342
10.0756
10.6348
10.5612
9.11036
6.40168
2.92417
-0.490609
-3.37503
-5.58297
-7.50098
-10.3784
-14.7977
-19.7565
-24.4864
-28.9311
-32.7176
-35.5572
-37.4203
-38.3571
-37.9749
-36.0755
-33.0134
-29.1216
-25.5721
-23.1042
-21.3892
-20.0495
-18.7047
-18.5083
-21.261
-26.3359
-31.8323
-36.809
-40.8161
-42.9951
-41.9687
-37.0576
-29.2985
-20.899
-13.8481
-9.13296
-7.22274
-7.82597
-9.22844
-9.35586
-7.77999
-5.54946
-3.10381
-0.430598
2.80337
6.54626
9.5281
10.7275
9.04373
5.42203
1.23218
-3.02666
-6.29569
-8.93111
-9.5016
-8.1494
-6.94646
-5.37137
-4.33754
-4.83829
-6.43404
-8.02199
-8.25423
-7.85442
-8.04537
-8.467
-8.17084
-7.02556
-5.68194
-5.20692
-5.84834
-6.10631
-4.7962
-2.47915
-1.07045
-1.6655
-3.13265
-4.09944
-4.60876
-4.9548
-4.52654
-2.89962
0.0658563
3.09095
4.17739
3.059
0.148079
-3.92565
-9.98405
-18.3166
-26.8565
-35.1824
-42.6592
-47.0245
-47.139
-43.9803
-39.3695
-33.2484
-25.8379
-19.1673
-14.2869
-10.8258
-7.74375
-3.86057
1.12423
6.15463
10.4528
13.7063
16.2138
17.697
15.62
11.5108
7.94248
2.59722
-4.69372
-12.9534
-22.1304
-29.5566
-33.4374
-34.5223
-34.3605
-33.2067
-29.8632
-25.1297
-21.3655
-20.4088
-22.5489
-27.116
-33.4815
-41.3818
-50.0363
-57.5695
-62.9526
-65.2261
-64.4569
-61.1106
-55.1532
-46.8744
-35.6617
-23.3797
-12.4379
-4.08386
-0.684281
-2.12805
-5.53542
-9.33014
-12.9311
-15.1399
-15.883
-15.5366
-14.7514
-14.2019
-13.6081
-12.6331
-10.9723
-9.4942
-8.93189
-7.99159
-5.4041
-2.38368
-0.106384
2.35446
5.53426
8.51805
9.4977
7.62879
3.27176
-2.41836
-8.24488
-14.7004
-20.8176
-24.0874
-24.4365
-23.9615
-24.668
-25.2993
-23.937
-21.2634
-18.1783
-15.7026
-13.9347
-12.5848
-12.086
-12.5921
-14.511
-18.0485
-23.2212
-28.4779
-32.6655
-35.8499
-37.0945
-37.4289
-37.4164
-35.9995
-33.4588
-30.4166
-27.4215
-24.6574
-21.4215
-16.0665
-8.90227
-2.32367
2.9534
7.62217
11.5401
13.2265
11.291
5.26615
-3.06796
-11.4554
-19.5885
-26.0565
-29.2943
-29.214
-25.613
-19.9711
-13.753
-7.00141
-1.52794
0.943029
-0.123919
-3.93539
-7.84156
-10.4848
-11.556
-10.9723
-9.26156
-6.42273
-2.79168
0.429039
2.84195
3.35165
0.482816
-4.66059
-10.4603
-15.1204
-17.4075
-17.9428
-16.9944
-15.2147
-13.8621
-13.2273
-12.5867
-11.9976
-12.9007
-15.2954
-17.8559
-19.859
-21.1449
-22.1035
-22.9436
-22.7652
-20.7973
-18.1288
-15.5506
-12.3615
-7.86416
-1.49559
5.91419
12.181
15.7899
16.6316
15.2989
12.1343
7.05557
-0.506975
-9.94934
-18.868
-26.2899
-32.167
-34.2788
-31.1047
-24.0344
-14.5858
-4.55771
3.40387
9.34963
14.2733
17.8202
19.6173
19.1419
17.4698
15.189
11.0779
4.95207
-1.51703
-7.46591
-13.2285
-18.0785
-22.409
-26.6257
-30.3698
-32.7976
-33.2823
-33.4993
-34.3497
-35.682
-36.9305
-36.8151
-35.6644
-34.6232
-34.1131
-34.1489
-34.4883
-35.1224
-35.8483
-36.7555
-38.3856
-40.1383
-40.9197
-40.297
-38.8271
-37.7281
-37.536
-37.8969
-38.1771
-37.937
-37.3966
-36.3537
-33.7238
-28.9429
-22.328
-15.2218
-9.33482
-5.02689
-1.95893
-0.227963
-0.390071
-3.07888
-7.71453
-13.2496
-18.9612
-24.3473
-29.7658
-34.9189
-38.0949
-37.432
-33.1954
-27.36
-20.825
-14.1622
-7.62957
-1.15852
3.97319
5.63207
3.44829
-0.949653
-6.08994
-10.1781
-11.7914
-11.6063
-11.0704
-10.0604
-7.43863
-3.96774
-1.26764
0.434885
1.29374
1.53417
0.889253
-1.57081
-5.2681
-9.09322
-12.7137
-16.3285
-20.7669
-25.611
-28.082
-26.019
-21.3155
-15.7875
-8.94085
-1.43286
5.00078
8.45258
8.60689
6.41572
3.05861
-0.83158
-5.69948
-11.1644
-16.4215
-20.4813
-22.6163
-22.1986
-19.0297
-14.2382
-9.23584
-5.05806
-1.78942
-0.400982
-1.81513
-4.99766
-8.2667
-10.8015
-13.4596
-17.0545
-21.0194
-23.7877
-24.1267
-22.0123
-17.8634
-12.1643
-6.87203
-3.42101
-1.84397
-2.31081
-3.45609
-4.41081
-5.50853
-5.87717
-4.84686
-3.27371
-1.53924
0.494896
2.62528
5.21939
7.70205
8.16772
4.86946
-1.60198
-8.75887
-14.8481
-18.4342
-19.6953
-19.889
-19.3964
-18.6139
-17.8073
-17.5809
-17.9292
-18.2137
-18.4849
-18.6112
-18.7386
-19.1267
-19.5721
-19.1077
-17.003
-14.3438
-11.7796
-9.41821
-7.99354
-7.32913
-7.9269
-10.5877
-13.8567
-16.4714
-18.2168
-18.8352
-18.3369
-17.0665
-15.2408
-13.2593
-12.1877
-12.6214
-14.4627
-17.2442
-20.8468
-24.6797
-27.6561
-29.3438
-29.1759
-27.1425
-22.9857
-16.5923
-9.37769
-2.95963
2.0353
5.98823
8.11005
7.56801
4.698
0.295378
-3.96696
-7.10116
-8.82044
-9.1166
-7.92378
-5.92511
-4.66448
-4.63643
-5.7326
-7.25625
-9.071
-11.319
-13.5064
-15.2436
-16.2341
-17.1694
-18.9537
-21.2287
-22.7138
-23.1966
-23.1724
-23.0504
-22.7796
-21.0958
-18.4455
-15.9469
-13.6595
-11.3004
-8.69067
-7.02674
-7.20716
-9.12206
-11.8358
-14.468
-16.9352
-19.4163
-22.356
-25.4221
-28.1417
-30.4158
-32.0704
-32.3463
-30.5647
-27.0984
-22.4674
-17.5524
-13.0968
-9.5016
-6.89736
-5.40683
-5.51165
-7.02518
-8.80914
-9.75684
-9.74866
-8.77407
-7.61749
-7.57735
-9.07919
-11.7135
-14.1154
-15.657
-15.9068
-14.0753
-10.9843
-8.36373
-7.41837
-8.06679
-9.19999
-10.3239
-11.602
-12.9737
-14.1677
-15.3211
-16.6865
-18.1229
-19.6606
-21.5338
-23.4187
-24.8087
-25.6874
-25.9157
-25.4571
-24.5352
-22.8755
-20.3593
-17.6482
-15.3843
-13.8847
-13.14
-12.2313
-10.5354
-9.01606
-8.9276
-10.221
-11.5054
-12.2302
-12.692
-13.045
-13.5329
-13.6241
-13.3477
-13.2691
-13.2885
-13.1381
-12.722
-12.0326
-10.8873
-9.22454
-7.12104
-5.01559
-3.10849
-0.828852
2.10817
4.83205
6.75552
7.96431
8.85901
9.56005
8.45064
5.45204
1.91762
-1.90593
-5.64142
-8.50051
-9.85813
-10.1742
-10.6921
-12.2933
-14.3493
-15.929
-17.2083
-18.5902
-20.6906
-23.3715
-25.445
-26.1219
-25.5818
-24.444
-22.2087
-18.8131
-16.1476
-15.3944
-16.5958
-19.0313
-21.6796
-23.7573
-24.4455
-24.3107
-24.288
-24.5246
-24.9143
-25.1388
-24.9972
-24.0414
-21.9629
-18.9966
-16.0097
-13.8524
-12.9854
-13.3598
-14.1232
-15.318
-16.7299
-17.9386
-19.5075
-21.127
-22.0575
-21.8619
-20.5109
-18.5457
-16.0319
-12.8642
-9.53823
-6.35532
-3.82083
-2.22158
-1.45312
-1.32725
-1.22789
-1.44728
-2.21846
-3.3536
-5.10561
-8.14083
-12.5621
-16.8358
-19.6586
-21.2606
-22.2749
-22.6417
-22.3592
-21.0977
-19.1045
-17.7473
-17.3023
-17.2925
-17.0271
-16.2934
-15.4902
-15.0639
-15.2396
-15.7774
-16.0502
-15.0175
-12.4752
-9.25688
-6.43714
-4.95831
-5.29694
-6.69745
-8.24372
-9.90805
-11.7064
-14.3193
-17.1771
-18.9358
-19.9946
-20.7408
-21.0861
-20.4781
-18.6315
-16.1289
-13.5185
-11.5685
-10.7622
-11.0252
-12.2699
-14.115
-15.5662
-16.2529
-16.7099
-16.6371
-16.1009
-15.6789
-15.1294
-14.6088
-14.2004
-14.0161
-14.2156
-14.1704
-13.7152
-13.2963
-13.543
-14.5694
-15.3405
-15.4329
-15.5269
-16.2466
-17.5412
-18.4686
-18.4646
-17.5419
-15.9111
-13.9093
-11.7887
-9.92521
-8.50675
-7.73284
-7.28665
-6.2879
-4.88816
-3.81576
-3.13849
-3.14551
-3.8863
-5.18705
-7.24652
-9.58188
-11.4098
-12.1947
-11.7528
-9.96022
-7.77493
-5.78287
-3.91981
-2.85871
-2.48383
-3.7616
-6.72006
-10.0339
-13.5765
-17.2231
-20.8569
-23.6942
-24.7826
-24.1069
-22.5197
-20.74
-19.115
-17.8603
-17.0762
-17.1261
-17.7633
-18.4175
-19.1077
-19.9318
-20.5982
-20.6644
-20.2276
-19.6505
-19.1065
-19.0086
-19.2869
-19.5008
-19.6641
-19.7194
-18.884
-17.1187
-14.8994
-11.7855
-8.34581
-5.21004
-2.63931
-1.01941
0.235757
1.43519
2.41369
3.08082
3.52506
3.48492
2.73284
1.06188
-1.55678
-3.92604
-5.76846
-7.08324
-8.06446
-9.04373
-9.0866
-8.91202
-9.45367
-10.3332
-11.2341
-11.7707
-12.3463
-13.3933
-14.4358
-15.3273
-16.1921
-17.031
-18.1584
-19.3025
-19.8835
-19.9111
-19.5371
-19.0979
-19.1034
-19.7946
-21.2626
-23.1405
-24.9096
-26.6207
-28.4857
-30.5351
-32.4578
-33.7893
-34.08
-33.1685
-31.5486
-29.6411
-27.7028
-25.8694
-23.7604
-21.5895
-19.6957
-18.2702
-17.5817
-17.2508
-17.3517
-17.5033
-16.8031
-15.3612
-13.7422
-12.665
-12.5208
-12.7574
-12.7761
-12.5941
-12.0513
-11.5318
-11.3927
-11.3616
-11.1593
-10.3028
-9.21753
-8.31736
-7.75428
-7.60892
-7.3794
-6.95503
-6.18191
-5.24356
-4.44276
-3.48024
-2.84467
-3.15096
-4.25844
-5.80313
-7.53683
-9.45562
-11.6943
-14.3874
-16.7649
-18.4674
-19.631
-20.1656
-20.0975
-19.3166
-18.6646
-18.4015
-18.329
-18.4269
-18.5091
-18.9857
-19.5702
-19.8379
-19.3843
-18.0754
-16.461
-14.742
-13.1179
-11.4395
-9.49108
-7.29679
-5.14808
-3.6408
-3.06289
-3.15837
-3.57454
-4.31533
-4.87414
-5.24433
-5.73221
-6.21697
-6.97023
-7.94483
-8.9615
-9.88
-10.565
-11.0635
-11.7871
-12.7792
-13.4892
-13.6513
-12.8326
-11.0194
-8.74445
-6.36701
-4.24869
-2.86104
-2.82481
-3.97124
-5.58842
-7.38212
-8.84382
-9.81096
-10.6122
-11.5723
-12.8482
-14.1774
-15.5182
-16.6495
-17.2223
-17.4281
-17.6237
-17.9562
-18.296
-18.2834
-17.7044
-17.0034
-16.6448
-16.5848
-16.7571
-17.204
-17.6822
-17.8867
-17.9031
-17.4998
-16.7867
-16.2774
-15.6905
-15.1668
-14.8072
-14.0936
-12.9246
-11.4862
-10.1523
-9.22961
-8.67275
-8.21098
-7.95652
-7.95417
-8.08395
-8.69067
-9.74476
-10.9703
-12.5295
-14.2441
-15.4279
-16.0124
-16.1842
-16.1733
-16.2894
-16.2217
-15.763
-14.8613
-13.5706
-11.9909
-9.87687
-7.35874
-5.08028
-3.95059
-4.35041
-5.58492
-6.93282
-8.37113
-10.0982
-12.0833
-13.799
-14.9774
-16.1277
-17.4565
-18.7865
-19.7689
-20.3375
-20.7112
-20.9594
-21.2026
-21.526
-22.45
-24.0761
-25.8986
-27.4733
-28.398
-29.1178
-29.8375
-30.1696
-30.1422
-29.7755
-29.2557
-28.9755
-29.0134
-29.1135
-29.0184
-28.6069
-27.8903
-27.0688
-26.4579
-26.2099
-26.1613
-26.0748
-25.8172
-25.3963
-24.744
-23.84
-22.8926
-22.1947
-21.9379
-21.9917
-21.8377
-20.8795
-19.3314
-17.7663
-16.4769
-15.6909
-15.2147
-14.9942
-15.2646
-15.9247
-16.8261
-18.0208
-19.5008
-20.7923
-21.2855
-20.6699
-19.1088
-17.1222
-14.9887
-12.9098
-10.6394
-7.82364
-5.00702
-2.44953
-0.1095
1.67913
2.96626
3.8785
4.35274
4.52147
4.30636
3.44713
1.84281
-0.282129
-2.28119
-3.92565
-5.36475
-6.4691
-7.14364
-7.33381
-6.83813
-5.66674
-4.44587
-3.80251
-3.8216
-4.46068
-5.59621
-7.10467
-9.00476
-11.1149
-12.7874
-13.4779
-13.4966
-13.4674
-13.7106
-13.9981
-13.7986
-13.0727
-12.0396
-10.996
-10.1718
-9.61656
-9.47823
-9.66722
-9.90766
-9.88775
-9.50005
-8.56208
-7.16586
-5.84406
-4.32858
-2.81622
-1.64562
-0.688567
-0.0101315
0.672201
1.19983
1.49482
1.4652
0.951991
0.30551
-0.474632
-1.54781
-3.02354
-4.71281
-6.4352
-8.25579
-9.95679
-11.1561
-11.5829
-11.2185
-10.2127
-9.1618
-8.30528
-7.46007
-7.03336
-7.16
-7.67751
-8.31541
-8.77991
-8.90656
-8.43544
-7.73752
-7.4437
-7.7153
-8.43076
-9.37846
-10.482
-11.586
-12.4495
-12.9479
-12.9803
-12.9449
-13.1042
-13.2063
-13.3637
-13.8633
-15.1387
-17.3864
-20.0055
-22.5154
-24.6201
-26.2719
-27.674
-28.5324
-28.7253
-28.3174
-27.3525
-25.9255
-24.2327
-22.5863
-21.2057
-20.2615
-19.7869
-19.6013
-19.6232
-20.076
-20.768
-21.4219
-21.8128
-22.0217
-22.2423
-22.3455
-22.6226
-22.9729
-23.1673
-23.2648
-23.1003
-22.6763
-22.0006
-21.0011
-19.8063
-18.6311
-17.785
-17.2368
-16.8023
-16.5104
-16.2154
-16.0829
-15.982
-15.6601
-15.3909
-15.3675
-15.7513
-16.339
-16.9005
-17.3689
-17.7793
-18.1657
-18.3014
-18.0859
-17.4857
-16.614
-15.7385
-15.1902
-15.1173
-15.65
-16.8658
-18.4717
-20.3001
-22.0388
-23.497
-24.5741
-25.0432
-24.9946
-24.2444
-22.9106
-21.4454
-19.7646
-17.9671
-16.4621
-15.3379
-14.5784
-14.2027
-14.1602
-14.3345
-14.4451
-14.4716
-14.3454
-13.822
-13.1981
-12.6744
-12.0844
-11.6223
-11.4239
-11.3662
-11.5322
-11.8365
-12.0298
-12.1164
-12.1569
-11.9324
-11.1304
-9.77828
-8.32515
-7.15105
-6.33739
-5.94849
-5.61141
-5.10989
-4.74476
-4.34378
-3.78225
-3.27605
-2.9569
-2.79129
-2.86961
-3.44634
-4.50862
-5.9477
-7.47253
-8.84616
-9.99729
-10.8842
-11.7044
-12.6
-13.6322
-14.7265
-15.65
-16.3121
-16.8331
-17.2875
-17.5072
-17.5684
-17.8579
-18.2948
-18.4491
-18.2204
-17.7738
-17.185
-16.4161
-15.6945
-15.076
-14.3071
-13.4101
-12.5501
-11.9948
-11.8089
-11.7937
-11.5603
-10.9177
-10.2978
-9.926
-9.66215
-9.38743
-8.9202
-8.07692
-7.00335
-5.85575
-4.86907
-4.53511
-4.92947
-5.79963
-7.00569
-8.51376
-10.1223
-11.6566
-12.9207
-13.5909
-13.5064
-12.7285
-11.7119
-10.715
-9.49693
-8.06719
-6.56536
-5.0417
-3.83641
-3.2176
-3.28774
-4.04256
-5.47814
-7.3642
-9.31573
-11.171
-12.4936
-13.2659
-13.6447
-13.8174
-14.1594
-14.6489
-15.2662
-15.6387
-15.7186
-15.9083
-16.1137
-15.9512
-15.2443
-14.502
-14.133
-14.1533
-14.4735
-14.9583
-15.5016
-15.9014
-15.9594
-15.5004
-14.73
-13.9689
-13.4179
-13.1615
-13.1404
-13.3435
-13.5453
-13.6466
-13.7651
-14.1318
-14.8905
-15.9435
-17.0494
-17.9651
-18.9413
-19.9806
-20.7084
-21.0436
-21.1804
-21.4563
-21.6546
-21.5439
-21.2689
-20.8402
-20.4762
-20.0327
-19.1985
-18.2242
-17.4531
-16.9461
-16.4157
-15.9103
-15.7563
-15.8955
-16.0712
-15.9976
-15.5413
-14.9875
-14.5336
-14.0917
-13.7616
-13.804
-14.3925
-15.2584
-16.1387
-17.0689
-18.0711
-19.2709
-20.629
-22.0244
-23.3022
-24.2262
-24.9287
-25.4563
-25.6059
-25.6211
-25.6765
-25.5896
-25.3792
-24.9439
-24.4385
-23.9292
-23.1163
-22.1132
-20.7202
-18.9004
-16.7321
-14.3095
-12.1662
-10.567
-9.67696
-9.33014
-9.50433
-10.1114
-10.9403
-11.9948
-12.8895
-13.3665
-13.3708
-13.1038
-12.6436
-11.9842
-11.3038
-10.4785
-9.43107
-8.29281
-7.24184
-6.24698
-5.45008
-5.0982
-5.1851
-5.65661
-6.25906
-6.97101
-7.70985
-8.32866
-8.85512
-9.14465
-9.39171
-9.76581
-10.2135
-10.5997
-10.6485
-10.4119
-10.0557
-9.81293
-9.90334
-10.2771
-10.9839
-11.8985
-12.7013
-13.3621
-13.801
-13.9058
-13.6981
-13.3653
-13.0504
-12.5856
-12.0552
-11.5166
-10.8943
-10.2077
-9.46614
-8.93072
-8.53013
-8.08355
-7.74765
-7.36771
-6.79721
-6.23919
-5.69714
-4.94973
-4.0371
-3.26086
-2.84546
-2.92222
-3.53286
-4.42601
-5.50386
-6.7185
-7.72037
-8.40971
-8.86252
-9.00359
-8.72224
-8.16071
-7.64049
-7.44915
-7.74413
-8.44673
-9.39912
-10.5027
-11.7388
-12.9799
-14.0164
-14.7861
-15.4193
-16.0712
-16.7356
-17.335
-17.9098
-18.6354
-19.6384
-20.9189
-22.3911
-24.0207
-25.7451
-27.176
-27.9093
-27.983
-27.674
-27.0326
-26.0588
-24.935
-23.7047
-22.4308
-21.3288
-20.4454
-19.6758
-19.0983
-18.8765
-18.8169
-18.8559
-19.0745
-19.2561
-19.4042
-19.6653
-20.0019
-20.2639
-20.4021
-20.4116
-20.1828
-19.7588
-19.1746
-18.4323
-17.6733
-16.9784
-16.3755
-15.6952
-14.6427
-13.2492
-11.5318
-9.60214
-7.85364
-6.37791
-5.23498
-4.5811
-4.30598
-4.24558
-4.33872
-4.64383
-5.11068
-5.50542
-5.66674
-5.48048
-5.13756
-5.0982
-5.52646
-6.23569
-6.96945
-7.50682
-7.78934
-7.94483
-8.20279
-8.60378
-9.00515
-9.53511
-10.1181
-10.5978
-11.0958
-11.7492
-12.7441
-13.9596
-15.2751
-16.5514
-17.5263
-18.1935
-18.6514
-18.9786
-19.0072
-18.7121
-18.1697
-17.4527
-16.6414
-15.6597
-14.6917
-13.7791
-13.2297
-13.4012
-14.018
-14.9158
-15.7482
-16.1445
-16.0654
-15.7529
-15.1496
-13.8625
-12.5173
-11.5385
-10.7478
-10.346
-10.2385
-10.4255
-11.0592
-11.9652
-12.7648
-13.1046
-13.0531
-12.7289
-12.0902
-11.321
-10.5873
-10.0141
-9.91158
-10.3566
-11.102
-11.8553
-12.5165
-13.0727
-13.4654
-13.5562
-13.3213
-12.9483
-12.6296
-12.5953
-12.8871
-13.3112
-13.6875
-14.1229
-14.5281
-14.7101
-14.7697
-14.6147
-14.2249
-13.8929
-13.6614
-13.3785
-13.1931
-13.3076
-13.8091
-14.5187
-15.1703
-15.6189
-15.8776
-16.1071
-16.2953
-16.4442
-16.54
-16.5463
-16.4146
-16.1157
-15.8121
-15.6773
-15.6773
-15.777
-15.9532
-15.9536
-15.7271
-15.3304
-14.8281
-14.4108
-14.1852
-14.14
-14.099
-14.0472
-14.1322
-14.3446
-14.6656
-15.1922
-15.7419
-16.0533
-16.1328
-15.9583
-15.5721
-15.0534
-14.5651
-14.2756
-14.1583
-14.1977
-14.2553
-14.2553
-14.3454
-14.3726
-14.1754
-13.9288
-13.6763
-13.5858
-13.6867
-13.8863
-14.2721
-14.7448
-15.3409
-16.0057
-16.7025
-17.2906
-17.6783
-17.9779
-17.9254
-17.6549
-17.3646
-16.9706
-16.2856
-15.2023
-13.9904
-12.7149
-11.6144
-10.74
-9.92247
-9.3543
-9.13063
-9.31494
-9.74203
-10.2506
-10.7146
-10.9918
-11.3486
-11.78
-12.0037
-12.012
-11.8584
-11.535
-11.0973
-10.6769
-10.3589
-10.2747
-10.5331
-10.9828
-11.4418
-11.9445
-12.66
-13.6061
-14.624
-15.5342
-16.178
-16.4812
-16.4013
-16.0864
-15.7198
-15.4384
-15.3691
-15.3047
-15.1481
-15.0596
-15.0487
-15.0265
-14.9587
-14.9146
-14.8301
-14.5983
-14.3169
-13.9993
-13.6271
-13.4362
-13.5453
-13.8068
-14.0983
-14.2257
-14.0484
-13.6111
-13.0559
-12.4718
-11.7925
-11.0947
-10.546
-10.2467
-10.2447
-10.4657
-10.7146
-10.8783
-10.9391
-10.6991
-10.039
-9.03594
-7.89456
-6.88528
-6.08059
-5.49139
-5.06352
-4.80439
-4.87296
-5.29772
-5.9029
-6.58874
-7.50331
-8.57923
-9.70969
-10.963
-12.275
-13.4779
-14.3777
-14.9396
-15.1843
-15.1314
-14.8422
-14.4038
-14.0609
-14.0441
-14.3898
-15.0499
-15.8998
-16.6846
-17.2286
-17.5321
-17.7071
-17.8685
-17.974
-17.9114
-17.6182
-17.1659
-16.6987
-16.2084
-15.5841
-14.8753
-14.2265
-13.6654
-13.144
-12.7009
-12.4589
-12.4075
-12.4912
-12.6884
-12.9137
-13.2573
-13.9031
-14.7257
-15.4996
-16.1569
-16.6729
-16.9052
-16.7107
-16.3701
-16.0428
-15.5089
-14.7946
-13.972
-13.1977
-12.7414
-12.6323
-12.7933
-13.1311
-13.5886
-14.1634
-14.7654
-15.3702
-16.0171
-16.7341
-17.5914
-18.5344
-19.4471
-20.1298
-20.4614
-20.5261
-20.3402
-19.8929
-19.2347
-18.5991
-18.1853
-18.0131
-18.0929
-18.4097
-18.8976
-19.458
-20.0402
-20.6067
-21.2817
-22.0267
-22.6429
-23.1658
-23.5761
-23.8473
-23.9284
-23.7604
-23.3821
-22.8934
-22.3007
-21.4095
-20.1851
-18.7284
-17.1171
-15.4213
-13.6915
-11.7754
-9.68631
-7.61749
-5.67688
-4.08035
-2.92924
-2.34003
-2.41719
-3.14278
-4.14309
-5.1816
-6.22789
-7.16351
-8.16656
-8.97086
-9.27559
-9.1392
-8.65521
-8.00016
-7.36342
-6.99284
-6.93087
-7.1339
-7.57541
-8.29047
-9.24013
-10.3507
-11.6402
-12.9265
-14.1229
-15.2291
-16.1387
-16.7512
-17.0689
-17.1674
-17.0466
-16.8432
-16.5771
-16.1254
-15.6118
-15.1575
-14.7077
-14.193
-13.6992
-13.2121
-12.6479
-12.0264
-11.3787
-10.7053
-9.89834
-8.95098
-7.96236
-7.06181
-6.36116
-5.78638
-5.20381
-4.66332
-4.33949
-4.23272
-4.3013
-4.56161
-4.88739
-5.31175
-5.94148
-6.65849
-7.34549
-8.00874
-8.84343
-9.79621
-10.6597
-11.5389
-12.5169
-13.5337
-14.4627
-15.3145
-16.1523
-16.9757
-17.7951
-18.3856
-18.6423
-18.7277
-18.7075
-18.5465
-18.1311
-17.6596
-17.4235
-17.476
-17.7878
-18.1349
-18.4518
-18.7643
-19.0328
-19.1509
-18.9681
-18.672
-18.3957
-18.0536
-17.5727
-16.9737
-16.3585
-15.7431
-15.1181
-14.3948
-13.5511
-12.7246
-11.9324
-11.2462
-10.8842
-10.8694
-11.0903
-11.4434
-11.8081
-12.1164
-12.3522
-12.5333
-12.6772
-12.7453
-12.6639
-12.3883
-11.9687
-11.5478
-11.3132
-11.3927
-11.7014
-12.1394
-12.6772
-13.1872
-13.6595
-14.1053
-14.4996
-14.9778
-15.6769
-16.5887
-17.4998
-18.236
-18.7612
-19.0234
-18.9865
-18.6603
-18.1159
-17.3513
-16.3842
-15.2611
-14.0269
-12.8201
-11.7664
-10.994
-10.5335
-10.3227
-10.3394
-10.6278
-11.1406
-11.6983
-12.3385
-13.151
-14.0531
-14.9283
-15.6196
-16.1067
-16.524
-16.8369
-16.9216
-16.7976
-16.554
-16.33
-16.2626
-16.1924
-15.8682
-15.3277
-14.6696
-14.0087
-13.4838
-13.0512
-12.6697
-12.51
-12.6713
-13.0154
-13.4354
-13.8656
-14.2289
-14.4927
-14.6147
-14.6127
-14.4832
-14.2897
-14.2733
-14.4852
-14.8313
-15.2895
-15.8288
-16.4363
-17.1195
-17.7266
-18.0633
-18.1349
-18.036
-17.8833
-17.6634
-17.3062
-16.941
-16.6916
-16.4929
-16.321
-16.2193
-16.102
-15.9466
-15.7529
-15.4049
-14.8808
-14.2569
-13.5902
-12.9019
-12.2975
-11.7492
-11.1636
-10.5721
-9.79465
-8.72848
-7.45733
-6.06344
-4.6641
-3.3232
-2.14169
-1.21931
-0.666355
-0.497623
-0.646482
-1.04747
-1.64718
-2.54111
-3.70159
-5.03976
-6.48079
-7.8856
-9.24831
-10.5047
-11.565
-12.4063
-13.0622
-13.7277
-14.4392
-15.228
-16.0892
-16.9473
-17.7706
-18.3116
-18.6108
-18.7436
-18.711
-18.7156
-18.7523
-18.7207
-18.5633
-18.3633
-18.1183
-17.8342
-17.616
-17.3179
-16.8666
-16.2871
-15.5974
-14.9131
-14.3352
-13.8859
-13.4962
-13.1128
-12.7831
-12.5512
-12.3214
-12.0833
-11.9348
-11.8171
-11.805
-11.9901
-12.3467
-12.9121
-13.656
-14.4587
-15.2074
-15.9427
-16.6464
-17.2212
-17.644
-17.8595
-17.8213
-17.5209
-17.1246
-16.8148
-16.5151
-16.1664
-15.8031
-15.3987
-15.0171
-14.7853
-14.7156
-14.7802
-14.9673
-15.1719
-15.2377
-15.1255
-14.8585
-14.484
-14.1014
-13.8251
-13.6626
-13.5189
-13.375
-13.2004
-13.0504
-13.0251
-13.0734
-13.1346
-13.1447
-13.1564
-13.2367
-13.2496
-13.0816
-12.7777
-12.3899
-11.9776
-11.646
-11.3686
-11.1609
-11.0818
-11.1589
-11.4337
-11.7863
-12.167
-12.5617
-12.9615
-13.3754
-13.6883
-13.8832
-14.0258
-14.216
-14.341
-14.4038
-14.5636
-14.6801
-14.7502
-14.6769
-14.3823
-14.0336
-13.8356
-13.7975
-13.686
-13.4389
-13.1724
-13.1491
-13.2905
-13.5262
-13.7031
-13.8731
-14.006
-13.9343
-14.2615
-14.1821
-13.9077
-14.2467
-13.9202
-13.5862
-13.7331
-13.7203
-13.9553
-14.0741
-14.2304
-14.5184
-14.4163
-14.5187
-14.6127
-14.5332
-14.7167
-14.8258
-14.9887
-15.2003
-15.3227
-15.5689
-15.6667
-15.553
-15.3628
-14.8609
-14.1408
-13.2745
-12.3171
-11.5279
-10.6941
-10.0331
-9.65436
-9.22649
-9.02269
-8.87071
-8.66457
-8.66573
-8.74679
-9.01568
-9.28533
-9.42055
-9.67579
-9.90648
-10.1247
-10.3999
-10.6558
-10.8967
-10.9478
-10.8441
-10.6589
-10.3441
-10.0771
-9.94934
-9.96689
-10.1349
-10.4321
-10.899
-11.5291
-12.1915
-12.8458
-13.543
-14.3122
-15.2023
-16.0923
-16.9216
-17.7507
-18.483
-19.018
-19.276
-19.2039
-18.8894
-18.4783
-18.066
-17.6974
-17.4008
-17.2056
-17.1296
-17.1406
-17.1943
-17.2695
-17.3704
-17.4507
-17.4405
-17.3244
-17.0166
-16.5447
-16.0459
-15.4442
-14.6309
-13.6342
-12.5185
-11.4734
-10.6683
-10.1029
-9.82391
-9.87726
-10.1508
-10.5175
-10.966
-11.4699
-11.9862
-12.4577
-12.9094
-13.3789
-13.7476
-14.101
-14.5304
-14.9361
-15.2483
-15.3757
-15.2895
-15.0234
-14.7225
-14.4568
-14.0979
-13.6587
-13.1643
-12.6783
-12.3073
-12.0833
-12.084
-12.2559
-12.5747
-13.022
-13.4666
-13.8435
-14.1572
-14.4038
-14.4992
-14.514
-14.5998
-14.7233
-14.7837
-14.7892
-14.7409
-14.6544
-14.6743
-14.7779
-14.8382
-14.9014
-15.0066
-15.0721
-15.0803
-15.0487
-14.9852
-14.9642
-14.9575
-14.9182
-14.8593
-14.8025
-14.8169
-14.825
-14.7841
-14.8072
-14.9454
-15.2104
-15.5845
-16.0112
-16.3745
-16.6792
-16.8464
-16.6118
-16.0487
-15.4575
-14.9022
-14.3009
-13.707
-13.1825
-12.7056
-12.2614
-11.8592
-11.4909
-11.1406
-10.9446
-10.9193
-10.8939
-10.8487
-10.7545
-10.5946
-10.4415
-10.3441
-10.2424
-10.0452
-9.86676
-9.79659
-9.79074
-9.83283
-9.91354
-10.0733
-10.3355
-10.6546
-11.0424
-11.411
-11.7033
-11.92
-11.934
-11.7492
-11.4387
-11.0506
-10.6266
-10.2248
-9.86794
-9.52342
-9.31573
-9.3734
-9.67852
-10.221
-11.0366
-12.0742
-13.1864
-14.2113
-15.0542
-15.6781
-16.1239
-16.5225
-16.8132
-16.9204
-16.9332
-16.8346
-16.669
-16.5642
-16.5123
-16.443
-16.3643
-16.3171
-16.2579
-16.2427
-16.3413
-16.4933
-16.6476
-16.7548
-16.8109
-16.8061
-16.7056
-16.6675
-16.7599
-16.8452
-16.9266
-17.0626
-17.2192
-17.2391
-17.0575
-16.6975
-16.1928
-15.6991
-15.2564
-14.8441
-14.5573
-14.4338
-14.387
-14.3648
-14.3262
-14.2654
-14.2133
-14.205
-14.3055
-14.4829
-14.8032
-15.2724
-15.6959
-16.0229
-16.2384
-16.3113
-16.1542
-15.7689
-15.2856
-14.7369
-14.2429
-13.7803
-13.3162
-13.0364
-12.9986
-13.1985
-13.5025
-13.8166
-14.1833
-14.5429
-14.8414
-15.0463
-15.1423
-15.159
-15.2552
-15.4165
-15.4333
-15.4119
-15.4216
-15.3413
-15.1438
-14.8683
-14.5168
-14.057
-13.5874
-13.1132
-12.6073
-12.2169
-11.9543
-11.8331
-11.8097
-11.8315
-11.9317
-11.9577
-11.8803
-11.722
-11.4866
-11.2108
-10.9271
-10.6437
-10.3772
-10.237
-10.1446
-10.0441
-9.85892
-9.66605
-9.40302
-9.06749
-8.93111
-8.64119
-8.53285
-8.74601
-8.7503
-8.90695
-9.08465
-9.21129
-9.49342
-9.76152
-10.2642
-10.7334
-11.0639
-11.5697
-11.9161
-12.2399
-12.6775
-13.0138
-13.3505
-13.6622
-14.1485
-14.7417
-15.1711
-15.7361
-16.3877
-16.9208
-17.3611
-17.5758
-17.628
-17.5197
-17.2087
-16.909
-16.5911
-16.3553
-16.3378
-16.3277
-16.3214
-16.4196
-16.5832
-16.7473
-16.8561
-16.9068
-16.8876
-16.7068
-16.5062
-16.3452
-16.1519
-16.0661
-15.9676
-15.7209
-15.3815
-14.977
-14.4942
-13.9705
-13.4877
-12.9908
-12.49
-12.1133
-11.8463
-11.5871
-11.4106
-11.3328
-11.2922
-11.353
-11.4625
-11.4769
-11.3472
-11.1285
-10.8674
-10.5748
-10.258
-10.0097
-9.91237
-9.88932
-9.95169
-10.1057
-10.2931
-10.6232
-11.1016
-11.5875
-12.0996
-12.598
-13.0014
-13.3169
-13.5554
-13.7444
-13.79
-13.7063
-13.5956
-13.4046
-13.204
-13.1124
-13.0687
-13.0839
-13.2644
-13.5995
-13.9748
-14.2927
-14.5831
-14.8656
-15.12
-15.3211
-15.3745
-15.2346
-15.0534
-14.8921
-14.7444
-14.7646
-14.9606
-15.2923
-15.6001
-15.7926
-15.7599
-15.5775
-15.4423
-15.1571
-14.9322
-14.6504
-14.6204
-14.9108
-14.9606
-15.3745
-15.7926
-16.0537
-16.3619
-16.505
-16.7964
-16.8888
-16.9375
-17.0069
-16.9289
-17.0057
-16.9921
-16.9356
-16.9878
-17.0454
-17.0766
-16.911
-16.5603
-16.178
-15.7241
-15.3156
-15.0698
-14.9237
-14.9045
-14.9361
-14.9969
-15.071
-15.1691
-15.3095
-15.2943
-15.1138
-14.7662
-14.2281
-13.6747
-13.2231
-12.9199
-12.7145
-12.582
-12.6569
-12.9589
-13.4168
-13.9775
-14.5012
-14.9275
-15.2965
-15.4945
-15.4704
-15.4053
-15.3503
-15.2584
-15.1948
-15.1426
-15.06
-15.0265
-15.0421
-14.9902
-14.8009
-14.5858
-14.3645
-14.011
-13.5941
-13.2117
-12.8977
-12.6525
-12.5201
-12.5165
-12.4527
-12.4831
-12.6549
-12.7329
-12.9714
-13.2429
-13.3618
-13.5185
-13.5169
-13.3864
-13.2247
-13.0395
-12.8701
-12.5751
-12.3447
-12.2165
-12.07
-11.9562
-11.7992
-11.6827
-11.4937
-11.1952
-11.0116
-10.7377
-10.3827
-10.0962
-9.73113
-9.34612
-8.99424
-8.68834
-8.47246
-8.35632
-8.3949
-8.55702
-8.8068
-9.15829
-9.55265
-9.91462
-10.3456
-10.8471
-11.3269
-11.7224
-12.0326
-12.3427
-12.5668
-12.8162
-13.0902
-13.248
-13.444
-13.6369
-13.7694
-13.8816
-14.0141
-14.2331
-14.375
-14.4236
-14.5016
-14.5098
-14.486
-14.5176
-14.5515
-14.6259
-14.8262
-15.1626
-15.5128
-15.9068
-16.4146
-16.8689
-17.2614
-17.5727
-17.6526
-17.5002
-17.1752
-16.7248
-16.2217
-15.8371
-15.6574
-15.6025
-15.5717
-15.5405
-15.5541
-15.5432
-15.5077
-15.5214
-15.4672
-15.2658
-14.9825
-14.615
-14.154
-13.7639
-13.5025
-13.2944
-13.2261
-13.3092
-13.4202
-13.571
-13.7842
-14.0028
-14.1941
-14.3851
-14.6123
-14.806
-14.9723
-15.106
-15.0293
-14.7673
-14.495
-14.2234
-13.9155
-13.7195
-13.7363
-13.8793
-14.1544
-14.5908
-15.1025
-15.6044
-16.1028
-16.5579
-16.8565
-17.0661
-17.2286
-17.2555
-17.1394
-16.9102
-16.6967
-16.4812
-16.337
-16.314
-16.2185
-16.1379
-16.0798
-15.9917
-15.8277
-15.627
-15.3916
-15.0327
-14.7237
-14.4174
-14.0344
-13.6295
-13.2971
-13.0255
-12.7402
-12.4752
-12.1612
-11.8908
-11.6363
-11.4134
-11.2189
-10.8402
-10.5608
-10.3472
-10.0861
-10.0191
-9.98484
-9.99141
-10.1262
-10.3351
-10.5156
-10.5549
-10.5616
-10.4536
-10.161
-9.82577
-9.42093
-8.905
-8.40349
-8.00679
-7.67906
-7.28237
-6.93321
-6.7563
-6.5447
-6.41767
-6.41961
-6.42429
-6.54042
-6.72045
-6.90437
-7.03453
-7.1643
-7.34316
-7.44331
-7.58866
-7.81935
-8.06329
-8.36491
-8.6747
-8.9771
-9.26468
-9.54875
-9.8702
-10.1777
-10.5308
-11.021
-11.5381
-11.9921
-12.4659
-12.9445
-13.3821
-13.8575
-14.3703
-14.8534
-15.2467
-15.5682
-15.7837
-15.841
-15.899
-15.998
-16.0533
-16.0639
-16.0697
-16.0455
-15.9462
-15.887
-15.8339
-15.7365
-15.719
-15.7735
-15.8675
-16.0779
-16.4247
-16.7844
-17.1398
-17.4901
-17.6853
-17.6896
-17.5625
-17.3475
-17.075
-16.7836
-16.5455
-16.3596
-16.2981
-16.4851
-16.7992
-17.1425
-17.4924
-17.8509
-18.1365
-18.296
-18.4994
-18.6743
-18.8863
-19.1645
-19.3403
-19.4525
-19.4927
-19.53
-19.421
-19.1579
-18.9179
-18.5906
-18.2632
-18.0356
-17.909
-17.7511
-17.5629
-17.4725
-17.3256
-17.0953
-16.8128
-16.4656
-16.0479
-15.604
-15.1158
-14.5304
-13.9428
-13.3416
-12.7145
-12.1168
-11.6468
-11.2781
-10.9212
-10.5206
-10.1087
-9.71398
-9.25571
-8.86798
-8.50051
-8.19967
-7.95885
-7.63308
-7.40356
-7.12533
-6.94958
-6.9449
-6.82215
-6.81124
-6.81943
-6.73993
-6.7181
-6.7563
-6.91178
-7.0622
-7.3151
-7.71453
-8.10304
-8.61041
-9.20155
-9.78918
-10.3733
-10.8795
-11.2587
-11.5891
-11.9664
-12.3478
-12.6549
-12.9818
-13.3112
-13.5009
-13.7074
-13.9487
-14.1685
-14.4358
-14.6906
-14.94
-15.1614
-15.3047
-15.4676
-15.5401
-15.4712
-15.3757
-15.2112
-15.0304
-14.9034
-14.8157
-14.7284
-14.7268
-14.855
-14.9849
-15.1636
-15.4037
-15.5849
-15.6749
-15.6959
-15.6017
-15.3811
-15.2066
-15.1192
-15.0585
-15.0289
-15.0351
-15.0826
-15.0702
-15.0752
-15.1122
-15.0639
-15.0963
-15.1964
-15.2977
-15.4633
-15.6901
-15.9668
-16.2041
-16.411
-16.5868
-16.6733
-16.6659
-16.5486
-16.399
-16.247
-16.1686
-16.2209
-16.3062
-16.4359
-16.6296
-16.7333
-16.6869
-16.6464
-16.5194
-16.2536
-15.9629
-15.6531
-15.3176
-15.0554
-14.949
-14.8246
-14.7031
-14.5702
-14.3461
-14.018
-13.5438
-13.0727
-12.5945
-12.1502
-11.8499
-11.6682
-11.5253
-11.4266
-11.4048
-11.3616
-11.3845
-11.4231
-11.4114
-11.3997
-11.4185
-11.5735
-11.6686
-11.8031
-12.0576
-12.1795
-12.3171
-12.4246
-12.3984
-12.326
-12.2422
-12.1635
-11.994
-11.9644
-12.1187
-12.1826
-12.3443
-12.5769
-12.7009
-12.8057
-12.9203
-13.064
-13.1775
-13.3556
-13.5967
-13.7023
-13.7476
-13.8188
-13.8306
-13.8411
-13.9339
-14.0468
-14.209
-14.3687
-14.5219
-14.5983
-14.4864
-14.3625
-14.1586
-13.8999
-13.7359
-13.6147
-13.5083
-13.372
-13.3131
-13.326
-13.324
-13.3785
-13.4425
-13.423
-13.3517
-13.2557
-13.1225
-12.9893
-12.895
-12.8225
-12.7394
-12.7344
-12.75
-12.6518
-12.5427
-12.4807
-12.3716
-12.2341
-12.1713
-12.1016
-12.0825
-12.1978
-12.31
-12.4098
-12.5607
-12.755
-12.9682
-13.156
-13.3368
-13.5434
-13.6837
-13.7884
-13.9564
-14.1365
-14.3262
-14.5102
-14.6212
-14.6493
-14.6583
-14.6368
-14.4786
-14.3337
-14.2978
-14.2483
-14.2698
-14.3663
-14.4416
-14.4996
-14.5122
-14.5016
-14.4544
-14.3769
-14.327
-14.2741
-14.2319
-14.2487
-14.3029
-14.3142
-14.2954
-14.2577
-14.1434
-13.9958
-13.8739
-13.76
-13.6411
-13.5539
-13.4085
-13.2265
-13.0711
-12.9359
-12.953
-13.0278
-13.1143
-13.2048
-13.2273
-13.3021
-13.375
-13.4541
-13.6202
-13.8789
-14.1548
-14.3621
-14.6555
-14.945
-15.1474
-15.4224
-15.7115
-15.9462
-16.1231
-16.199
-16.1313
-15.9368
-15.7537
-15.6044
-15.4345
-15.3067
-15.2428
-15.175
-15.1107
-15.1364
-15.2096
-15.3375
-15.5421
-15.6917
-15.7427
-15.7026
-15.6208
-15.4416
-15.2264
-15.1079
-14.8812
-14.6251
-14.4342
-14.2826
-14.1977
-14.0679
-13.9833
-13.8855
-13.7495
-13.6696
-13.5807
-13.4912
-13.4358
-13.4042
-13.326
-13.2293
-13.1491
-13.02
-12.8248
-12.6912
-12.5883
-12.4975
-12.5255
-12.5017
-12.4304
-12.3747
-12.3412
-12.305
-12.1651
-12.0442
-11.8997
-11.678
-11.4489
-11.2173
-10.9571
-10.6846
-10.5401
-10.4883
-10.4937
-10.6558
-10.9243
-11.2017
-11.5182
-11.8669
-12.1838
-12.4644
-12.7332
-12.9791
-13.1712
-13.3953
-13.6867
-13.9393
-14.154
-14.3863
-14.5199
-14.5215
-14.5312
-14.571
-14.5655
-14.5877
-14.7128
-14.7794
-14.8546
-15.0319
-15.1598
-15.2716
-15.4021
-15.4922
-15.5008
-15.4688
-15.4337
-15.3644
-15.3375
-15.3861
-15.4552
-15.546
-15.6652
-15.77
-15.8074
-15.8234
-15.8706
-15.8472
-15.7358
-15.6313
-15.4665
-15.2179
-15.0331
-14.9466
-14.9034
-14.9279
-15.0511
-15.1582
-15.1703
-15.1251
-14.963
-14.6887
-14.4104
-14.2109
-14.0656
-13.9568
-13.9904
-14.0698
-14.1006
-14.1598
-14.209
-14.221
-14.2456
-14.2877
-14.3201
-14.3239
-14.3648
-14.419
-14.4202
-14.4127
-14.3746
-14.2565
-14.0184
-13.7577
-13.4873
-13.1295
-12.8225
-12.5816
-12.3123
-12.0544
-11.906
-11.7695
-11.6238
-11.5977
-11.6378
-11.7516
-11.9433
-12.1238
-12.2278
-12.3034
-12.37
-12.3287
-12.2465
-12.1787
-12.0844
-11.9453
-11.8047
-11.6787
-11.4909
-11.3004
-11.1555
-10.9871
-10.8441
-10.7693
-10.7237
-10.6586
-10.6309
-10.6706
-10.6492
-10.5865
-10.4364
-10.1777
-9.86637
-9.54642
-9.29196
-9.01372
-8.82629
-8.80252
-8.89175
-9.0749
-9.33365
-9.698
-10.0573
-10.4688
-10.9177
-11.2568
-11.5595
-11.8981
-12.2411
-12.5676
-12.9706
-13.416
-13.7838
-14.11
-14.4011
-14.6299
-14.8629
-15.1474
-15.4633
-15.7466
-15.9898
-16.1952
-16.243
-16.2069
-16.1881
-16.086
-15.9481
-15.8678
-15.8566
-15.8874
-15.9863
-16.2314
-16.5751
-16.9983
-17.4983
-17.9592
-18.3322
-18.665
-18.9596
-19.1077
-19.1419
-19.1887
-19.1174
-18.9108
-18.7402
-18.5262
-18.2309
-18.001
-17.8318
-17.5886
-17.3443
-17.176
-16.9196
-16.6355
-16.4446
-16.272
-16.125
-16.0416
-16.0191
-15.9867
-15.9485
-15.9583
-15.9263
-15.8456
-15.7837
-15.6979
-15.5627
-15.4158
-15.281
-15.0877
-14.8672
-14.7011
-14.4806
-14.235
-14.0457
-13.8684
-13.6778
-13.474
-13.3049
-13.1237
-12.8837
-12.6229
-12.3362
-12.0154
-11.7138
-11.4531
-11.1924
-10.9582
-10.7587
-10.5164
-10.2903
-10.1804
-10.0915
-9.98827
-9.96101
-9.95483
-9.90766
-9.91237
-9.93924
-9.95444
-9.97542
-9.96885
-9.90374
-9.74983
-9.59045
-9.44121
-9.3017
-9.16102
-9.03515
-8.91825
-8.73198
-8.60182
-8.5009
-8.36801
-8.32204
-8.35399
-8.43388
-8.60612
-8.89137
-9.25259
-9.64033
-10.0464
-10.4633
-10.8394
-11.2072
-11.5879
-11.9247
-12.2161
-12.5025
-12.7777
-12.9904
-13.2379
-13.573
-13.8688
-14.1485
-14.4674
-14.7467
-14.975
-15.1964
-15.3854
-15.5237
-15.6531
-15.6933
-15.6383
-15.544
-15.4158
-15.3285
-15.1968
-15.0269
-14.8773
-14.7494
-14.7221
-14.797
-14.9408
-15.12
-15.3741
-15.6258
-15.8074
-15.9945
-16.1461
-16.2306
-16.3089
-16.4262
-16.5182
-16.572
-16.6608
-16.7299
-16.7548
-16.7704
-16.768
-16.722
-16.5836
-16.4434
-16.291
-16.086
-15.9387
-15.7814
-15.6398
-15.5892
-15.5592
-15.5066
-15.4625
-15.544
-15.6706
-15.7533
-15.8483
-15.9391
-15.9851
-16.0191
-16.1164
-16.2193
-16.3082
-16.4255
-16.5291
-16.5832
-16.6468
-16.7996
-16.9469
-17.0697
-17.2219
-17.3225
-17.3689
-17.4223
-17.4429
-17.4059
-17.3775
-17.3467
-17.2508
-17.0809
-16.8276
-16.5088
-16.199
-15.9352
-15.6523
-15.3215
-15.0394
-14.8414
-14.6544
-14.4623
-14.2998
-14.1088
-13.8703
-13.6502
-13.3941
-13.0879
-12.7694
-12.4195
-12.0002
-11.5026
-11.0315
-10.5924
-10.1847
-9.86912
-9.60409
-9.34183
-9.07568
-8.89253
-8.77835
-8.7012
-8.77758
-8.94436
-9.0901
-9.26623
-9.45406
-9.56161
-9.60214
-9.63994
-9.58811
-9.46069
-9.40769
-9.38236
-9.36794
-9.41276
-9.56084
-9.76892
-10.0417
-10.4295
-10.8125
-11.2065
-11.6023
-11.9866
-12.3104
-12.5473
-12.7777
-12.8701
-12.8412
-12.7546
-12.5996
-12.4211
-12.2313
-12.0758
-11.9243
-11.8292
-11.8389
-11.8849
-11.9733
-12.13
-12.3214
-12.4308
-12.5029
-12.6265
-12.7332
-12.8701
-13.1159
-13.3836
-13.6198
-13.8999
-14.1985
-14.4315
-14.6575
-14.8975
-15.0608
-15.2268
-15.4361
-15.6414
-15.8752
-16.1433
-16.4185
-16.6219
-16.7656
-16.9017
-16.9597
-16.8993
-16.7996
-16.6748
-16.48
-16.2734
-16.0997
-15.8846
-15.6402
-15.4267
-15.1948
-14.9334
-14.7241
-14.5967
-14.4416
-14.2705
-14.1614
-14.0546
-13.9264
-13.8435
-13.7951
-13.7019
-13.5987
-13.5208
-13.4046
-13.2721
-13.1989
-13.1362
-13.098
-13.1268
-13.1556
-13.1935
-13.3264
-13.506
-13.6739
-13.8641
-14.0679
-14.2631
-14.419
-14.5843
-14.7514
-14.8621
-14.9393
-14.9902
-15.0105
-14.9513
-14.8496
-14.7019
-14.4856
-14.2771
-14.0546
-13.7963
-13.5547
-13.3564
-13.1428
-12.9339
-12.7792
-12.6479
-12.5372
-12.4748
-12.522
-12.6047
-12.7266
-12.9398
-13.1295
-13.2839
-13.414
-13.4885
-13.4709
-13.4413
-13.4456
-13.4144
-13.3875
-13.4128
-13.4604
-13.4693
-13.4997
-13.5558
-13.6271
-13.7562
-13.8816
-14.0297
-14.1805
-14.2853
-14.3641
-14.4011
-14.389
-14.3652
-14.3321
-14.2869
-14.3387
-14.4416
-14.5433
-14.7116
-14.8835
-14.9993
-15.101
-15.2112
-15.2564
-15.2635
-15.3055
-15.332
-15.362
-15.4466
-15.5545
-15.6605
-15.7833
-15.9364
-16.0459
-16.1406
-16.2408
-16.3245
-16.3982
-16.4551
-16.5279
-16.4991
-16.4555
-16.4041
-16.2727
-16.1979
-16.1433
-16.1328
-16.1492
-16.208
-16.2716
-16.2844
-16.2906
-16.2529
-16.183
-15.9832
-15.7073
-15.4154
-15.0445
-14.6457
-14.2639
-13.8902
-13.4802
-13.1669
-12.9113
-12.6171
-12.4347
-12.2971
-12.1378
-12.0294
-11.9125
-11.7403
-11.5463
-11.3553
-11.1581
-10.9648
-10.8327
-10.7268
-10.6441
-10.6196
-10.6554
-10.7369
-10.8335
-11.0159
-11.2283
-11.4383
-11.6807
-11.9188
-12.1694
-12.4032
-12.6491
-12.8681
-13.0567
-13.2293
-13.3353
-13.4206
-13.4249
-13.3587
-13.2336
-13.0474
-12.8934
-12.7835
-12.7017
-12.7009
-12.7827
-12.7972
-12.7364
-12.6596
-12.4702
-12.1915
-11.9418
-11.6726
-11.3772
-11.1796
-11.0841
-11.0491
-11.1036
-11.2361
-11.4025
-11.5365
-11.6118
-11.6487
-11.6588
-11.6585
-11.6433
-11.6258
-11.5887
-11.5622
-11.5373
-11.4804
-11.441
-11.4161
-11.4106
-11.4558
-11.5778
-11.7485
-11.9613
-12.2333
-12.5208
-12.8073
-13.093
-13.4156
-13.762
-14.0858
-14.4502
-14.8094
-15.0807
-15.3254
-15.5292
-15.6601
-15.7466
-15.7739
-15.7006
-15.5865
-15.4836
-15.3215
-15.1695
-15.083
-15.0054
-14.9396
-14.8585
-14.7331
-14.6013
-14.4802
-14.3387
-14.1805
-13.9853
-13.815
-13.7082
-13.5718
-13.4585
-13.3969
-13.2695
-13.0656
-12.8798
-12.6822
-12.4187
-12.1557
-11.9176
-11.6819
-11.457
-11.3074
-11.2637
-11.2513
-11.3016
-11.4091
-11.5042
-11.6137
-11.7287
-11.8448
-11.9219
-12.0229
-12.1035
-12.0941
-12.1538
-12.2107
-12.2337
-12.3011
-12.3868
-12.4636
-12.5325
-12.6272
-12.6942
-12.7344
-12.7605
-12.7714
-12.7769
-12.7625
-12.7956
-12.8653
-12.9163
-12.9706
-13.0626
-13.1623
-13.2375
-13.375
-13.5106
-13.6263
-13.8107
-13.9748
-14.0972
-14.2074
-14.299
-14.3559
-14.4396
-14.6173
-14.774
-14.9241
-15.1458
-15.3472
-15.5136
-15.6558
-15.7946
-15.8939
-15.922
-15.9785
-15.9859
-15.9348
-15.8752
-15.8063
-15.7567
-15.7104
-15.7143
-15.7115
-15.717
-15.7459
-15.7591
-15.7973
-15.8059
-15.8262
-15.8292
-15.8039
-15.7985
-15.7404
-15.6469
-15.5514
-15.4793
-15.3425
-15.1922
-15.0822
-14.8956
-14.6812
-14.467
-14.2308
-13.9596
-13.7199
-13.5001
-13.2543
-13.0271
-12.8077
-12.6557
-12.5883
-12.5684
-12.5789
-12.6221
-12.7021
-12.7706
-12.7777
-12.7722
-12.7897
-12.7842
-12.7617
-12.7301
-12.6456
-12.5208
-12.4195
-12.2754
-12.084
-11.9184
-11.7918
-11.7044
-11.6274
-11.6118
-11.6694
-11.7692
-11.8962
-12.0564
-12.1919
-12.2454
-12.2726
-12.2211
-12.059
-11.8296
-11.5346
-11.1184
-10.6664
-10.2408
-9.77555
-9.37418
-9.04334
-8.72575
-8.45102
-8.2819
-8.20163
-8.18448
-8.26242
-8.37815
-8.52545
-8.69107
-8.90266
-9.15206
-9.37613
-9.61227
-9.84529
-10.0779
-10.2985
-10.5316
-10.8078
-11.0767
-11.3498
-11.6129
-11.856
-12.077
-12.2734
-12.4655
-12.6549
-12.8657
-13.0636
-13.2663
-13.5508
-13.8867
-14.2417
-14.6287
-15.0277
-15.3753
-15.7018
-16.0592
-16.3459
-16.5548
-16.7625
-16.9453
-17.0863
-17.2379
-17.4328
-17.6054
-17.7321
-17.8245
-17.8856
-17.9269
-17.9262
-17.8958
-17.8213
-17.7138
-17.5961
-17.4612
-17.2906
-17.1246
-17.0006
-16.8221
-16.6499
-16.5104
-16.369
-16.2727
-16.2322
-16.2754
-16.3296
-16.4375
-16.6231
-16.7883
-16.9609
-17.1269
-17.2531
-17.2804
-17.2636
-17.2306
-17.1047
-17.0049
-16.9321
-16.8802
-16.8666
-16.8616
-16.8557
-16.7906
-16.7345
-16.6308
-16.4781
-16.3245
-16.0977
-15.8534
-15.5888
-15.2767
-14.9225
-14.5827
-14.3013
-14.0371
-13.8325
-13.6478
-13.4904
-13.3536
-13.1416
-12.967
-12.7921
-12.5392
-12.2715
-12.0217
-11.7773
-11.5186
-11.3194
-11.1543
-11.0315
-10.9727
-10.9208
-10.855
-10.7798
-10.7404
-10.7412
-10.8074
-10.9652
-11.1624
-11.3573
-11.5545
-11.7076
-11.7684
-11.7743
-11.7676
-11.7236
-11.6819
-11.7076
-11.7555
-11.8689
-12.0252
-12.2017
-12.4148
-12.5891
-12.7348
-12.8404
-12.893
-12.9007
-12.9234
-12.9554
-12.9767
-13.052
-13.1436
-13.2561
-13.3766
-13.4942
-13.6111
-13.7483
-13.8824
-13.9911
-14.1696
-14.3033
-14.3835
-14.4836
-14.5523
-14.6013
-14.6092
-14.64
-14.6992
-14.7775
-14.894
-15.0129
-15.1652
-15.3196
-15.4762
-15.6029
-15.6625
-15.7073
-15.6898
-15.6258
-15.5342
-15.4404
-15.3843
-15.2977
-15.2354
-15.2058
-15.1936
-15.219
-15.2487
-15.33
-15.4053
-15.4856
-15.5573
-15.5417
-15.5327
-15.5081
-15.4477
-15.3963
-15.394
-15.4112
-15.4181
-15.4828
-15.5573
-15.6235
-15.6831
-15.7279
-15.7782
-15.8144
-15.8722
-15.9583
-16.0491
-16.1164
-16.1508
-16.1671
-16.1527
-16.1091
-16.0179
-15.901
-15.7856
-15.6578
-15.5409
-15.4349
-15.3247
-15.1987
-15.0725
-14.9205
-14.7229
-14.5379
-14.3446
-14.1727
-14.0012
-13.8185
-13.6607
-13.4993
-13.3602
-13.2687
-13.2363
-13.1837
-13.1595
-13.1795
-13.1969
-13.2608
-13.3131
-13.359
-13.4046
-13.4241
-13.3625
-13.2527
-13.1331
-12.9471
-12.7605
-12.5563
-12.372
-12.2349
-12.0727
-11.9512
-11.8483
-11.7512
-11.6519
-11.5666
-11.4956
-11.3822
-11.3362
-11.3081
-11.2813
-11.2891
-11.3066
-11.3635
-11.3924
-11.4165
-11.4333
-11.4379
-11.4645
-11.4839
-11.5182
-11.5677
-11.6175
-11.6736
-11.7462
-11.842
-11.9457
-12.0809
-12.2823
-12.5045
-12.7309
-12.9826
-13.2355
-13.4436
-13.6229
-13.7698
-13.854
-13.9377
-13.9981
-14.0558
-14.156
-14.2737
-14.4623
-14.6735
-14.857
-15.0507
-15.2494
-15.4228
-15.5989
-15.7954
-15.945
-16.1024
-16.2586
-16.3311
-16.3561
-16.3619
-16.3401
-16.2462
-16.132
-16.0136
-15.8612
-15.7069
-15.5429
-15.3916
-15.2346
-15.1122
-15.0242
-14.8952
-14.7794
-14.6836
-14.594
-14.5296
-14.5316
-14.5683
-14.615
-14.7116
-14.8086
-14.9197
-14.9906
-15.0311
-15.0811
-15.0503
-14.9989
-14.9166
-14.8137
-14.7124
-14.571
-14.4396
-14.2647
-14.1037
-13.9357
-13.6587
-13.4016
-13.1541
-12.8802
-12.6377
-12.4339
-12.2383
-12.0762
-11.9585
-11.8151
-11.6702
-11.5533
-11.4601
-11.3561
-11.2473
-11.1577
-11.0767
-11.0226
-10.9774
-10.9555
-10.9333
-10.9138
-10.9162
-10.915
-10.9224
-10.9839
-11.118
-11.2781
-11.5022
-11.7684
-12.0084
-12.2465
-12.4539
-12.6012
-12.6908
-12.7636
-12.8404
-12.8669
-12.8871
-12.971
-13.0454
-13.1315
-13.2897
-13.4498
-13.587
-13.727
-13.8492
-13.9039
-13.9412
-13.9771
-13.9503
-13.9043
-13.8462
-13.7511
-13.6587
-13.5773
-13.4756
-13.3564
-13.2223
-13.0734
-12.9242
-12.78
-12.6608
-12.5591
-12.4523
-12.3548
-12.2797
-12.1966
-12.1148
-12.0738
-12.0108
-11.9313
-11.8915
-11.8541
-11.8241
-11.8412
-11.9184
-11.9928
-12.0428
-12.1137
-12.1686
-12.2282
-12.305
-12.3607
-12.3911
-12.4215
-12.4659
-12.4511
-12.4363
-12.4737
-12.4784
-12.4796
-12.5461
-12.6109
-12.6272
-12.688
-12.7672
-12.8595
-12.9854
-13.089
-13.2348
-13.3672
-13.4682
-13.5862
-13.6677
-13.7203
-13.7838
-13.8867
-13.9284
-13.9459
-14.0009
-14.0149
-14.0356
-14.0562
-14.0425
-13.9997
-13.9705
-13.9389
-13.8808
-13.8906
-13.8863
-13.8384
-13.7959
-13.707
-13.5878
-13.4444
-13.3341
-13.2683
-13.2301
-13.2713
-13.3408
-13.4132
-13.4787
-13.5239
-13.5274
-13.5056
-13.5044
-13.5001
-13.5367
-13.6105
-13.6875
-13.7631
-13.8388
-13.9521
-14.0613
-14.1883
-14.345
-14.5133
-14.6599
-14.7448
-14.8426
-14.9014
-14.9038
-14.9673
-15.0623
-15.1387
-15.2432
-15.3877
-15.4937
-15.5861
-15.687
-15.7299
-15.7435
-15.7194
-15.6702
-15.5779
-15.4412
-15.3312
-15.2074
-15.1021
-15.0031
-14.9221
-14.8714
-14.836
-14.8542
-14.8321
-14.8254
-14.8656
-14.8998
-14.9486
-15.0137
-15.1173
-15.1855
-15.2225
-15.2627
-15.2844
-15.2728
-15.226
-15.2218
-15.1999
-15.1987
-15.2564
-15.2806
-15.3472
-15.4427
-15.4937
-15.5218
-15.549
-15.5237
-15.4583
-15.3956
-15.2763
-15.1263
-14.9871
-14.8465
-14.6887
-14.5624
-14.4923
-14.4218
-14.3679
-14.3173
-14.265
-14.1949
-14.0628
-13.9517
-13.85
-13.6973
-13.5387
-13.3704
-13.17
-12.9741
-12.8018
-12.6276
-12.4737
-12.3435
-12.2189
-12.1039
-11.9858
-11.858
-11.7056
-11.5299
-11.3565
-11.1757
-11.0143
-10.89
-10.793
-10.703
-10.6165
-10.5853
-10.5136
-10.4279
-10.4033
-10.3616
-10.3371
-10.3596
-10.4006
-10.4462
-10.5245
-10.5768
-10.5798
-10.5837
-10.5752
-10.5908
-10.6032
-10.6076
-10.6437
-10.7096
-10.8074
-10.9687
-11.1944
-11.4414
-11.7446
-12.033
-12.2878
-12.5789
-12.8563
-13.1003
-13.331
-13.6006
-13.8431
-14.0289
-14.2495
-14.4384
-14.5659
-14.6812
-14.7837
-14.8398
-14.8582
-14.9002
-14.9014
-14.8449
-14.8266
-14.795
-14.7432
-14.7389
-14.7825
-14.857
-14.945
-15.0729
-15.212
-15.3437
-15.4758
-15.5927
-15.701
-15.8016
-15.8827
-15.9158
-15.9481
-15.998
-16.03
-16.03
-16.0147
-16.0327
-16.0249
-15.9855
-16.005
-16.0369
-16.0217
-16.0276
-16.0436
-16.0069
-15.931
-15.8281
-15.6866
-15.5008
-15.3121
-15.1181
-14.9112
-14.7253
-14.5472
-14.3648
-14.2019
-14.0866
-13.9799
-13.8828
-13.8524
-13.8306
-13.787
-13.7698
-13.725
-13.6018
-13.4705
-13.331
-13.1307
-12.8887
-12.6658
-12.4815
-12.2933
-12.1296
-12.0485
-12.0166
-11.9792
-12.0037
-12.0536
-12.0552
-12.1054
-12.1577
-12.1643
-12.1506
-12.1401
-12.0789
-11.9664
-11.9301
-11.8775
-11.8213
-11.8272
-11.8513
-11.8724
-11.8931
-11.996
-12.0829
-12.1445
-12.2262
-12.2621
-12.2726
-12.28
-12.3283
-12.3806
-12.4231
-12.5092
-12.6191
-12.7196
-12.8271
-12.9425
-13.0075
-13.0294
-13.0454
-13.029
-12.9783
-12.9175
-12.845
-12.766
-12.7106
-12.7188
-12.757
-12.8602
-13.0618
-13.2703
-13.5021
-13.7963
-14.1057
-14.3648
-14.638
-14.9435
-15.1664
-15.3792
-15.6064
-15.7681
-15.8904
-16.0065
-16.125
-16.2201
-16.3101
-16.4063
-16.48
-16.5634
-16.6839
-16.8136
-16.9254
-17.0707
-17.2446
-17.3588
-17.4293
-17.4679
-17.4192
-17.2983
-17.1659
-16.9933
-16.7633
-16.5459
-16.3538
-16.1102
-15.8355
-15.6208
-15.4033
-15.1618
-14.9454
-14.776
-14.5912
-14.3777
-14.2358
-14.0679
-13.8758
-13.7436
-13.601
-13.4506
-13.322
-13.2207
-13.1307
-13.0948
-13.1155
-13.1244
-13.1791
-13.2601
-13.3165
-13.3641
-13.4186
-13.4638
-13.4362
-13.3712
-13.2792
-13.1521
-12.9771
-12.7929
-12.6623
-12.5201
-12.4156
-12.3759
-12.3131
-12.2531
-12.2555
-12.2675
-12.2563
-12.2878
-12.3248
-12.3202
-12.3291
-12.3544
-12.3696
-12.3938
-12.4663
-12.5465
-12.5856
-12.674
-12.8213
-12.9109
-12.9986
-13.1443
-13.2332
-13.2648
-13.3197
-13.3618
-13.3454
-13.34
-13.3517
-13.354
-13.3762
-13.3984
-13.4635
-13.5294
-13.5574
-13.6267
-13.6607
-13.6443
-13.6646
-13.6494
-13.5894
-13.5547
-13.483
-13.3606
-13.2605
-13.1751
-13.0707
-12.9986
-12.9623
-12.907
-12.856
-12.8085
-12.7481
-12.6794
-12.6631
-12.681
-12.6705
-12.7076
-12.7785
-12.8525
-12.9281
-13.043
-13.2211
-13.3746
-13.5753
-13.7955
-13.9689
-14.1412
-14.2931
-14.41
-14.4607
-14.5235
-14.5581
-14.5324
-14.5106
-14.4439
-14.3598
-14.2253
-14.1096
-14.025
-13.8828
-13.8044
-13.7908
-13.7612
-13.7288
-13.7331
-13.7363
-13.6833
-13.6583
-13.631
-13.5189
-13.4128
-13.3205
-13.1939
-13.0828
-13.013
-12.9156
-12.7781
-12.6561
-12.5329
-12.3903
-12.2551
-12.1445
-11.9948
-11.8183
-11.6979
-11.5723
-11.4652
-11.4645
-11.5229
-11.6
-11.7395
-11.9297
-12.0934
-12.2617
-12.4741
-12.7064
-12.9258
-13.119
-13.3294
-13.497
-13.6119
-13.7526
-13.8785
-13.9689
-14.0628
-14.1552
-14.184
-14.2202
-14.2907
-14.2779
-14.2725
-14.3387
-14.3769
-14.3874
-14.4279
-14.4319
-14.3714
-14.3383
-14.2901
-14.1746
-14.0476
-13.9513
-13.8496
-13.7074
-13.6127
-13.5679
-13.5126
-13.4608
-13.4631
-13.4869
-13.4342
-13.4105
-13.4222
-13.3886
-13.3918
-13.4249
-13.4526
-13.4666
-13.5145
-13.5594
-13.5469
-13.5753
-13.587
-13.5629
-13.5683
-13.6135
-13.6397
-13.6151
-13.6346
-13.6494
-13.6279
-13.6435
-13.6915
-13.7059
-13.7281
-13.8192
-13.8777
-13.9327
-14.041
-14.1345
-14.2312
-14.3489
-14.4564
-14.539
-14.6072
-14.654
-14.6481
-14.6017
-14.5546
-14.511
-14.4506
-14.4218
-14.4666
-14.4938
-14.4958
-14.5503
-14.5792
-14.5254
-14.5067
-14.5114
-14.4412
-14.4081
-14.4167
-14.3734
-14.3053
-14.2795
-14.2666
-14.1957
-14.131
-14.0652
-13.9833
-13.9151
-13.8859
-13.8458
-13.7667
-13.7335
-13.6821
-13.5785
-13.4737
-13.3692
-13.2261
-13.0843
-12.9927
-12.8701
-12.7702
-12.7336
-12.6938
-12.6612
-12.6335
-12.6468
-12.6424
-12.5617
-12.5021
-12.4114
-12.2563
-12.1039
-11.9917
-11.8813
-11.7707
-11.7614
-11.7302
-11.6862
-11.7583
-11.8023
-11.8412
-11.9336
-12.0162
-12.0735
-12.1269
-12.2239
-12.2874
-12.3572
-12.5088
-12.6736
-12.8166
-12.9745
-13.1845
-13.3147
-13.405
-13.5702
-13.7144
-13.868
-14.0573
-14.253
-14.4388
-14.6317
-14.8726
-15.0639
-15.224
-15.4345
-15.6208
-15.7202
-15.7759
-15.8284
-15.83
-15.7806
-15.7459
-15.7202
-15.6781
-15.6901
-15.7299
-15.7143
-15.7404
-15.7891
-15.7415
-15.6749
-15.657
-15.6017
-15.4925
-15.4213
-15.3753
-15.3008
-15.242
-15.2299
-15.2066
-15.1703
-15.1571
-15.1267
-15.0803
-15.0297
-14.9548
-14.8025
-14.576
-14.3375
-14.0285
-13.6814
-13.3716
-13.0598
-12.7508
-12.4745
-12.2485
-12.0466
-11.8795
-11.7672
-11.6643
-11.5767
-11.5358
-11.5517
-11.5334
-11.5393
-11.6643
-11.7314
-11.7879
-11.9204
-12.0474
-12.1522
-12.2929
-12.4869
-12.6413
-12.8361
-13.0676
-13.2399
-13.3976
-13.5699
-13.7327
-13.8384
-13.9369
-14.018
-14.0421
-14.0461
-14.0453
-14.0421
-14.0145
-14.0332
-14.1108
-14.1661
-14.2437
-14.3519
-14.4233
-14.4716
-14.5406
-14.5702
-14.5387
-14.5246
-14.5114
-14.4459
-14.3769
-14.3523
-14.2978
-14.1992
-14.1404
-14.115
-14.0656
-14.0149
-13.9961
-13.9303
-13.8435
-13.8076
-13.7222
-13.6018
-13.5383
-13.444
-13.2893
-13.2079
-13.1728
-13.0808
-13.0271
-13.0352
-13.0189
-13.0099
-13.0399
-13.0894
-13.124
-13.1795
-13.3053
-13.4328
-13.5489
-13.6954
-13.8496
-13.9444
-14.0328
-14.1485
-14.1673
-14.1754
-14.2086
-14.1669
-14.1404
-14.163
-14.184
-14.1735
