0.038842
0.129411
0.21998
0.371987
0.523993
0.565636
0.607279
0.546028
0.484778
0.254154
0.0235293
-0.235106
-0.493741
-0.628381
-0.76302
-0.81979
-0.876559
-0.804663
-0.732769
-0.81344
-0.894112
-0.915961
-0.937809
-1.04873
-1.15966
-1.37496
-1.59028
-1.48123
-1.37217
-1.34939
-1.3266
-1.06629
-0.80597
-0.514842
-0.223715
-0.215872
-0.208028
-0.0509799
0.106069
0.19309
0.28011
0.723056
1.166
1.30625
1.44649
0.783562
0.120635
-0.460312
-1.04126
-1.69355
-2.34583
-2.43845
-2.53108
-2.30942
-2.08776
-2.24331
-2.39886
-2.25563
-2.1124
-1.81175
-1.5111
-0.948264
-0.385432
0.176842
0.739117
0.99514
1.25116
1.19887
1.14658
0.73837
0.330157
0.948826
1.56749
2.54676
3.52603
3.06945
2.61286
1.67338
0.733888
-0.0761903
-0.886269
-1.15686
-1.42745
-1.4999
-1.57235
-2.54265
-3.51296
-4.01156
-4.51015
-3.97906
-3.44797
-1.55928
0.329409
2.50811
4.6868
5.15197
5.61714
5.7951
5.97307
5.61584
5.2586
4.10791
2.95721
2.18691
1.41661
1.53724
1.65788
2.76562
3.87336
3.81361
3.75385
2.21268
0.671518
-1.26983
-3.21119
-4.94339
-6.67559
-6.92227
-7.16896
-6.43749
-5.70603
-4.37849
-3.05096
-1.65937
-0.267785
-0.275255
-0.282725
-0.236786
-0.190848
1.78038
3.75161
6.22742
8.70322
9.24046
9.77772
8.38726
6.99678
5.0812
3.16562
1.17441
-0.816802
-2.31931
-3.82183
-4.63321
-5.44459
-5.8642
-6.28381
-6.71275
-7.14169
-7.8965
-8.6513
-8.35942
-8.06755
-5.97083
-3.87411
-1.73705
0.399998
0.967502
1.53501
0.853963
0.172922
0.165452
0.157982
1.55535
2.95273
4.81883
6.68493
7.78389
8.88285
7.08231
5.28176
2.04537
-1.19103
-3.24293
-5.29484
-6.37158
-7.44832
-6.77176
-6.0952
-3.73163
-1.36806
1.80354
4.97513
6.06122
7.14729
6.31443
5.48157
5.90828
6.33498
5.86457
5.39418
4.33947
3.28476
3.23471
3.18467
5.21211
7.23954
10.4918
13.7441
14.6495
15.5547
14.98
14.4052
12.3006
10.196
6.64569
3.09541
-1.16881
-5.43302
-8.93569
-12.4384
-12.773
-13.1077
-11.521
-9.93423
-9.09388
-8.25354
-9.67204
-11.0905
-11.5759
-12.0612
-10.4886
-8.9161
-6.11462
-3.31315
0.0860877
3.48532
5.4685
7.45168
8.95288
10.4541
9.69144
8.9288
6.15271
3.37664
0.662738
-2.05116
-4.85263
-7.65411
-10.3638
-13.0733
-16.4916
-19.9099
-20.5757
-21.2417
-19.2205
-17.1995
-15.5969
-13.9943
-11.4952
-8.99602
-6.89183
-4.78765
-2.62519
-0.462742
2.81828
6.0993
7.49351
8.88771
7.67297
6.45822
3.56991
0.681601
-1.52193
-3.72547
-3.84069
-3.9559
-3.64162
-3.32734
-2.34938
-1.37142
-0.826886
-0.282351
-1.3124
-2.34247
-2.42501
-2.50755
-1.24388
0.0197944
1.09952
2.17925
3.2377
4.29615
6.58559
8.87502
12.176
15.4771
17.5921
19.7071
20.2931
20.879
19.956
19.0329
15.2362
11.4394
6.92452
2.4097
-0.0502297
-2.51016
-2.21362
-1.91707
0.855831
3.62874
4.90846
6.18819
4.17009
2.15199
-1.6069
-5.3658
-9.08938
-12.813
-13.0903
-13.3676
-11.0565
-8.74541
-6.34281
-3.94021
-1.54098
0.858258
3.58485
6.31144
10.41
14.5085
16.8324
19.1562
17.3262
15.4961
11.3588
7.22162
1.35294
-4.51575
-10.4221
-16.3286
-20.0927
-23.8568
-24.0029
-24.1489
-21.2645
-18.3801
-15.0507
-11.7213
-8.3809
-5.04049
-2.4842
0.0720817
1.7927
3.51333
4.49484
5.47635
4.38877
3.30119
2.01213
0.723058
0.202801
-0.317458
0.428945
1.17535
4.35124
7.52712
9.37135
11.2156
10.334
9.45241
8.09219
6.73198
3.6687
0.605412
-3.60801
-7.82143
-10.4819
-13.1424
-13.0531
-12.9639
-10.3041
-7.64439
-3.81285
0.018674
5.41231
10.8059
15.4506
20.0951
21.3855
22.6758
21.4757
20.2755
17.4109
14.5463
12.1655
9.78481
8.0386
6.2924
6.17961
6.06682
7.29258
8.51834
7.66158
6.80481
4.20968
1.61456
-2.0463
-5.70716
-8.43523
-11.1633
-10.5539
-9.94463
-7.50825
-5.07186
-3.30082
-1.52978
-0.780389
-0.0309989
2.27599
4.58298
8.30042
12.0179
13.0674
14.1168
11.5885
9.06026
5.0332
1.00615
-2.29149
-5.58913
-7.93144
-10.2737
-12.0965
-13.9193
-13.5441
-13.169
-12.6466
-12.1243
-13.4819
-14.8395
-15.5112
-16.1829
-14.8681
-13.5532
-10.8132
-8.07315
-4.99473
-1.91633
1.16825
4.25282
6.38988
8.52693
8.32731
8.12768
6.40967
4.69166
1.59905
-1.49355
-6.04609
-10.5986
-13.9429
-17.2873
-16.7545
-16.2218
-13.4356
-10.6494
-8.60798
-6.56653
-3.89447
-1.2224
2.8379
6.89818
8.40571
9.91325
7.11011
4.30697
-0.700651
-5.70827
-10.5178
-15.3273
-18.3045
-21.2817
-20.9599
-20.6382
-16.4128
-12.1874
-6.20071
-0.214005
5.57963
11.3733
14.9994
18.6255
19.3007
19.9759
20.1083
20.2407
19.7358
19.2308
15.5045
11.7781
4.0433
-3.69148
-9.98837
-16.2852
-15.8895
-15.4938
-11.0584
-6.62293
-1.62315
3.37664
6.8022
10.2277
12.3057
14.3835
15.8746
17.3657
15.1887
13.0117
6.98239
0.953122
-4.90322
-10.7596
-13.4412
-16.1228
-15.1139
-14.1049
-10.9237
-7.74262
-2.96226
1.8181
7.54055
13.263
16.919
20.575
21.3233
22.0715
22.2989
22.5261
22.8066
23.0871
20.7726
18.4582
12.0244
5.59062
-2.45527
-10.5012
-16.4591
-22.417
-24.7234
-27.0299
-26.4965
-25.9632
-24.4906
-23.018
-20.6643
-18.3106
-13.7171
-9.12375
-4.13779
0.848174
4.64461
8.44103
10.8262
13.2115
12.2564
11.3012
8.95944
6.61769
6.41582
6.21396
8.43954
10.6651
12.7019
14.7386
13.1448
11.551
6.70899
1.86703
-3.84928
-9.56558
-12.1651
-14.7648
-12.3916
-10.0183
-5.49578
-0.973289
2.95273
6.87876
8.35212
9.82548
10.2268
10.6282
11.4749
12.3215
12.0722
11.8229
9.61282
7.40276
3.91669
0.430623
-2.33817
-5.10697
-5.66327
-6.21957
-4.28083
-2.34209
1.24462
4.83134
6.16691
7.50247
5.35831
3.21417
1.07506
-1.06404
-2.18729
-3.31053
-4.27149
-5.23246
-7.1669
-9.10135
-11.0156
-12.9299
-12.6487
-12.3675
-10.1806
-7.9936
-3.84013
0.31335
3.8448
7.37624
7.68753
7.99883
5.79119
3.58355
0.392903
-2.79774
-5.06122
-7.32469
-9.27259
-11.2205
-13.4584
-15.6962
-18.0639
-20.4317
-21.7733
-23.1151
-20.5478
-17.9805
-11.0976
-4.21472
2.76171
9.73813
12.0957
14.4533
14.3088
14.1642
14.55
14.9358
14.2806
13.6254
10.9309
8.23636
5.28082
2.32528
0.704569
-0.916147
-2.37123
-3.82631
-4.80818
-5.79006
-5.51163
-5.23321
-5.08904
-4.94488
-5.0558
-5.16673
-3.83546
-2.50419
-0.605973
1.29224
0.540986
-0.210269
-0.7746
-1.33893
1.80578
4.95049
8.37101
11.7915
12.1814
12.5713
10.8483
9.12524
8.30788
7.49053
7.24216
6.99379
5.09912
3.20446
1.13258
-0.939303
-1.60877
-2.27823
-1.79551
-1.31279
-1.64089
-1.96899
-5.00726
-8.04551
-11.5922
-15.139
-16.753
-18.367
-17.791
-17.2152
-15.4001
-13.585
-12.3338
-11.0827
-9.45187
-7.82105
-4.76747
-1.7139
1.43323
4.58036
6.53852
8.49668
8.95532
9.41394
8.82011
8.22628
5.69726
3.16823
0.00746776
-3.1533
-4.46198
-5.77064
-6.09893
-6.42722
-6.8149
-7.20257
-6.70566
-6.20874
-3.36226
-0.515777
2.70288
5.92153
7.64141
9.36128
10.8741
12.3869
13.9686
15.5502
15.619
15.6877
12.796
9.90432
6.09538
2.28645
-0.170121
-2.62669
-3.31016
-3.99362
-2.65656
-1.3195
0.95835
3.2362
5.43712
7.63805
9.04945
10.4609
10.7421
11.0233
8.95755
6.89183
2.52864
-1.83454
-4.66459
-7.49463
-6.81657
-6.13852
-4.11352
-2.0885
-2.50195
-2.91539
-4.45637
-5.99735
-4.68699
-3.37664
-1.20111
0.97441
2.24126
3.5081
5.34283
7.17755
9.58333
11.9891
11.749
11.5088
7.35532
3.20185
-1.04706
-5.29595
-8.36201
-11.4281
-13.5616
-15.6952
-16.1982
-16.7013
-16.1271
-15.5529
-13.5583
-11.5637
-7.6035
-3.6433
1.23846
6.12022
8.50584
10.8915
9.54598
8.20051
6.29146
4.38242
3.18187
1.98132
1.22857
0.475814
-0.0345469
-0.544907
-1.22315
-1.90139
-1.72996
-1.55853
-0.287953
0.982626
2.46722
3.9518
4.17234
4.39288
3.07561
1.75834
0.0948646
-1.56861
-4.02911
-6.4896
-8.94413
-11.3987
-12.3486
-13.2985
-12.0063
-10.7141
-7.45581
-4.19755
-1.63622
0.925111
2.33407
3.74302
5.08121
6.41938
7.84907
9.27875
10.3238
11.3688
11.2926
11.2164
10.0513
8.88622
5.99043
3.09466
-0.275631
-3.64592
-4.86104
-6.07615
-6.143
-6.20986
-7.66233
-9.11479
-11.7559
-14.3969
-15.7299
-17.0628
-16.0359
-15.0091
-12.7613
-10.5135
-7.9686
-5.42369
-2.78262
-0.141549
2.84517
5.8319
8.21546
10.599
11.103
11.6071
11.091
10.5751
8.92562
7.27614
3.90585
0.535571
-3.13406
-6.8037
-8.91162
-11.0195
-10.6156
-10.2117
-8.51739
-6.82311
-5.16262
-3.50212
-2.11333
-0.724552
0.461807
1.64816
3.41567
5.18316
6.96317
8.74318
9.08865
9.43411
9.04662
8.65914
8.54616
8.43319
8.08137
7.72955
7.04626
6.36299
6.00052
5.63806
5.12285
4.60763
3.45394
2.30027
1.87393
1.44761
2.04593
2.64425
3.1167
3.58915
3.53182
3.47449
3.42164
3.36879
3.54357
3.71837
3.80707
3.89577
4.70828
5.52079
6.56597
7.61116
7.37026
7.12937
4.99138
2.85339
-0.129972
-3.11334
-4.38447
-5.65561
-5.32322
-4.99082
-4.70045
-4.41006
-5.12452
-5.839
-7.35963
-8.88025
-9.6933
-10.5064
-9.92766
-9.34896
-7.51312
-5.67728
-3.84909
-2.02091
-1.38991
-0.758912
-0.241082
0.276749
1.57758
2.87841
3.8265
4.77457
4.31519
3.85581
2.2771
0.698408
-1.14379
-2.98598
-4.85879
-6.73161
-8.05354
-9.37548
-8.58482
-7.79416
-5.82667
-3.85917
-2.43977
-1.02035
0.28048
1.58131
3.54003
5.49876
8.0033
10.5078
11.3822
12.2565
10.7178
9.17902
7.17139
5.16374
3.35497
1.5462
-0.554806
-2.65582
-4.39157
-6.12732
-6.39941
-6.67148
-6.80632
-6.94114
-8.31704
-9.69293
-10.6939
-11.6948
-10.1359
-8.57697
-4.5066
-0.436225
3.33667
7.10958
8.31536
9.52114
9.40778
9.29443
9.58854
9.88265
9.18855
8.49444
5.54768
2.60092
-1.00429
-4.6095
-7.13086
-9.65222
-10.9929
-12.3334
-12.9532
-13.573
-12.9924
-12.4119
-11.3828
-10.3537
-10.2885
-10.2232
-10.0215
-9.81989
-8.23206
-6.64421
-3.72173
-0.799248
2.56955
5.93834
8.93534
11.9323
14.2528
16.5732
17.1209
17.6686
16.0483
14.4279
11.7824
9.13683
6.57606
4.01528
1.7787
-0.457887
-2.70829
-4.9587
-7.13814
-9.31759
-10.5805
-11.8434
-11.3151
-10.7868
-8.36706
-5.9473
-2.49037
0.966567
4.49259
8.01862
11.1193
14.2199
15.9766
17.7333
17.9322
18.1313
17.0424
15.9536
12.8667
9.77996
5.19418
0.6084
-3.3236
-7.25561
-9.12374
-10.9919
-11.255
-11.5181
-10.4376
-9.35718
-6.61882
-3.88046
-0.0605021
3.75946
7.8989
12.0383
15.3198
18.6012
19.5129
20.4245
18.896
17.3676
15.1
12.8324
10.3994
7.96633
4.29913
0.631929
-4.01491
-8.66175
-13.632
-18.6023
-24.0944
-29.5864
-34.3586
-39.1307
-40.3746
-41.6184
-39.295
-36.9716
-33.0114
-29.0512
-22.8331
-16.615
-8.09014
0.434731
9.18913
17.9435
24.0352
30.1268
31.463
32.799
30.1458
27.4926
22.026
16.5594
10.3669
4.17439
0.0558342
-4.06272
-5.22163
-6.38054
-6.61527
-6.85
-9.01283
-11.1757
-14.4079
-17.6402
-19.1133
-20.5862
-18.8583
-17.1305
-14.323
-11.5156
-9.69146
-7.86737
-4.07131
-0.275255
7.27071
14.8167
23.3465
31.8762
36.8957
41.915
41.2174
40.52
35.7029
30.8857
23.7441
16.6024
9.53087
2.45937
-1.96693
-6.39324
-7.96391
-9.53458
-10.2133
-10.8921
-12.643
-14.3939
-15.5898
-16.7857
-15.0363
-13.2869
-9.86735
-6.44776
-2.84611
0.75555
4.21323
7.67091
10.1532
12.6356
13.2653
13.8949
12.2017
10.5086
7.97997
5.45132
3.55833
1.66535
0.220164
-1.22502
-2.36487
-3.50474
-4.39567
-5.28662
-5.18858
-5.09053
-3.74862
-2.40671
-1.15032
0.106069
0.416804
0.72754
0.712227
0.696914
2.13892
3.58093
6.99437
10.4078
13.6157
16.8238
17.6654
18.5071
15.5693
12.6315
5.65317
-1.3251
-8.90622
-16.4873
-21.9394
-27.3914
-31.4318
-35.472
-37.3897
-39.3073
-37.3069
-35.3066
-29.6876
-24.0686
-17.5639
-11.0592
-5.64087
-0.222594
4.20278
8.62815
11.4268
14.2255
15.0144
15.8031
15.5269
15.2507
16.1303
17.0098
20.2583
23.5068
26.1864
28.866
28.011
27.1561
22.9505
18.745
12.7624
6.77979
0.392899
-5.99399
-11.7083
-17.4225
-21.7601
-26.0977
-29.2708
-32.4438
-32.9766
-33.5094
-29.8559
-26.2023
-20.2068
-14.2113
-7.85784
-1.50438
4.0799
9.66418
14.0653
18.4664
21.7181
24.9698
25.7728
26.5757
24.0126
21.4494
15.8271
10.2046
3.1787
-3.84722
-11.264
-18.6808
-26.072
-33.4631
-37.597
-41.7308
-40.6993
-39.6677
-34.9832
-30.2986
-24.9047
-19.5106
-15.1784
-10.8463
-5.5109
-0.175536
7.17249
14.5205
22.1163
29.7122
35.3208
40.9293
43.2082
45.487
44.9207
44.3545
41.0506
37.7469
33.2788
28.8107
23.8686
18.9265
12.1671
5.40762
-0.733518
-6.87466
-9.69015
-12.5056
-10.5369
-8.56801
-2.0547
4.45861
12.0757
19.6928
25.6063
31.5198
32.0374
32.5551
25.212
17.8688
5.32714
-7.21452
-19.503
-31.7914
-37.582
-43.3727
-41.3099
-39.2472
-35.0812
-30.9152
-29.7629
-28.6105
-27.7879
-26.9652
-19.8434
-12.7215
-0.438848
11.8438
22.0471
32.2504
36.4062
40.5619
39.5848
38.6078
35.7847
32.9615
28.4062
23.8509
16.5521
9.25335
-0.317838
-9.88903
-20.9554
-32.0219
-41.4001
-50.7784
-55.1453
-59.5122
-55.5163
-51.5205
-39.2961
-27.0717
-12.9637
1.14435
11.5017
21.859
25.8982
29.9374
29.2764
28.6153
26.3201
24.0249
20.7215
17.418
12.3485
7.27913
-0.856018
-8.99117
-16.8717
-24.7521
-26.7504
-28.7487
-24.646
-20.5433
-14.6935
-8.84365
-6.23936
-3.63508
-4.3897
-5.14432
-5.60538
-6.06644
-4.20707
-2.3477
1.01829
4.38429
5.16766
5.95104
0.210456
-5.53013
-15.9825
-26.4349
-31.2594
-36.0838
-27.259
-18.4342
-1.99683
14.4406
28.0542
41.6677
47.21
52.7522
50.5009
48.2496
42.9589
37.6681
33.1251
28.5821
24.3989
20.2157
13.9534
7.69108
-0.577773
-8.84663
-14.5605
-20.2744
-20.0604
-19.8464
-17.0731
-14.2999
-14.0151
-13.7303
-14.9988
-16.2673
-15.4795
-14.6916
-11.1122
-7.53272
-2.26291
3.0069
7.64869
12.2905
14.4955
16.7005
16.1435
15.5865
11.467
7.34748
0.506435
-6.33461
-13.0178
-19.7011
-23.6839
-27.6667
-27.3998
-27.1329
-23.3251
-19.5173
-14.5437
-9.57006
-4.8558
-0.141549
4.41957
8.9807
13.1282
17.2757
19.3719
21.468
20.6522
19.8363
16.2454
12.6546
6.48939
0.324181
-4.41397
-9.15213
-7.40667
-5.66121
1.22857
8.11835
15.2693
22.4204
26.3531
30.2859
29.7819
29.2779
25.6206
21.9633
18.6899
15.4165
14.9084
14.4003
14.3396
14.2789
12.7411
11.2033
8.44198
5.68064
0.859009
-3.96262
-8.52955
-13.0965
-13.5744
-14.0522
-11.5055
-8.95868
-6.29389
-3.62911
-1.81044
0.00821657
1.46797
2.92772
4.06253
5.19736
4.64946
4.10156
0.986363
-2.12884
-7.81433
-13.4998
-21.8497
-30.1996
-40.9865
-51.7733
-61.2818
-70.7902
-72.3099
-73.8296
-65.5097
-57.1899
-42.9811
-28.7722
-13.5302
1.71166
14.7408
27.7698
37.7026
47.6355
52.2406
56.8456
53.8844
50.9233
41.99
33.0567
20.8229
8.58893
-3.47937
-15.5477
-23.9333
-32.3191
-35.1348
-37.9505
-35.8024
-33.6544
-30.7305
-27.8068
-25.7244
-23.6421
-20.6374
-17.6327
-13.317
-9.00125
-3.52155
1.95816
6.35101
10.7439
11.7364
12.7289
12.4216
12.1143
13.2345
14.3547
15.2537
16.1526
13.5903
11.0282
7.76729
4.50641
5.97475
7.44309
13.3346
19.226
25.772
32.318
36.9577
41.5975
43.7872
45.9769
46.3403
46.7037
44.9233
43.143
37.7417
32.3404
24.7869
17.2335
11.8241
6.41453
4.14003
1.86554
0.126614
-1.61231
-3.34826
-5.08419
-4.83713
-4.59007
-3.1587
-1.72734
-2.32024
-2.91314
-5.50398
-8.09481
-8.54897
-9.00312
-5.37906
-1.75499
3.0715
7.89799
11.5591
15.2201
16.7504
18.2808
16.6272
14.9736
10.7669
6.56018
1.78131
-2.99755
-7.32039
-11.6432
-15.888
-20.1329
-23.5855
-27.0381
-27.565
-28.092
-25.7514
-23.4108
-20.5031
-17.5954
-14.8032
-12.0111
-8.35866
-4.70623
-0.95555
2.79513
4.11034
5.42555
3.38691
1.34827
-1.80708
-4.96243
-6.17158
-7.38072
-7.45038
-7.52002
-10.4977
-13.4755
-20.3652
-27.2547
-34.9548
-42.6548
-46.5033
-50.3519
-47.133
-43.9142
-34.9124
-25.9105
-15.436
-4.96131
3.64743
12.2562
19.0759
25.8956
31.1392
36.3826
37.0102
37.6378
31.9955
26.3531
18.0133
9.67351
3.7841
-2.10531
-4.32845
-6.5516
-7.85896
-9.16632
-11.1988
-13.2313
-14.1522
-15.0729
-13.0077
-10.9426
-6.54653
-2.1505
2.89205
7.93459
12.105
16.2755
19.2767
22.2781
24.5014
26.7248
27.7164
28.708
27.6643
26.6205
22.3287
18.0369
10.7157
3.39456
-4.24874
-11.892
-18.407
-24.9219
-30.3245
-35.7271
-38.6353
-41.5433
-40.1832
-38.8233
-33.0254
-27.2275
-19.0208
-10.8141
-3.42199
3.97009
8.0993
12.2285
11.8696
11.5107
6.70379
1.89691
-5.43542
-12.7678
-19.0371
-25.3063
-28.2254
-31.1445
-30.4562
-29.7679
-24.5933
-19.4187
-9.91697
-0.415311
10.7116
21.8385
31.0434
40.2485
45.2079
50.1674
50.6058
51.0443
47.1353
43.2262
36.3021
29.378
21.4724
13.567
5.39304
-2.78093
-10.678
-18.5751
-24.9155
-31.2559
-34.7077
-38.1596
-39.3277
-40.4958
-41.0412
-41.5867
-40.4074
-39.2282
-33.7645
-28.3008
-19.4441
-10.5875
-1.34959
7.88828
17.1123
26.3363
35.3347
44.3332
49.9737
55.6142
54.5979
53.5818
45.2964
37.0112
25.6607
14.3103
6.13254
-2.04518
-6.37084
-10.6965
-15.2754
-19.8542
-26.6583
-33.4623
-40.337
-47.2117
-50.5751
-53.9384
-52.6316
-51.3248
-47.5298
-43.7349
-40.2185
-36.7023
-34.2389
-31.7757
-29.2369
-26.6979
-22.6113
-18.5247
-12.4926
-6.46046
0.430997
7.32246
14.9279
22.5332
30.1437
37.754
41.6579
45.5616
44.226
42.8905
37.9818
33.0732
27.2979
21.5226
17.3165
13.1103
9.9512
6.79212
4.04666
1.30121
-0.0864603
-1.47413
-1.65396
-1.83378
-1.72716
-1.62053
-0.0808558
1.45882
6.31351
11.1682
17.9308
24.6934
29.9089
35.1244
36.0073
36.8902
33.0347
29.1793
23.8538
18.5284
15.6851
12.8417
12.2634
11.6851
10.2178
8.75064
5.78204
2.81343
0.0388441
-2.73574
-4.93256
-7.12937
-9.94394
-12.7585
-16.4018
-20.0451
-22.6146
-25.1842
-24.7864
-24.3886
-21.2064
-18.0241
-14.3943
-10.7645
-8.14132
-5.51817
-3.15927
-0.800369
1.60933
4.01902
6.11518
8.21134
10.1751
12.1389
14.836
17.533
21.1933
24.8536
27.4508
30.048
29.3517
28.6553
24.6432
20.631
14.542
8.45298
1.34173
-5.76953
-13.0871
-20.4047
-26.308
-32.2112
-35.3227
-38.4341
-39.1142
-39.7943
-38.5252
-37.2561
-34.1214
-30.9866
-25.9655
-20.9445
-14.0337
-7.12302
0.216805
7.55663
12.7196
17.8826
19.4229
20.9631
19.6444
18.3256
14.9232
11.5208
5.41136
-0.698034
-9.23786
-17.7777
-26.4152
-35.0526
-41.0466
-47.0406
-48.7288
-50.4169
-47.3162
-44.2156
-36.8642
-29.5128
-19.709
-9.90511
-0.212343
9.48042
18.1743
26.8682
35.3648
43.8615
51.0249
58.1882
61.3186
64.4489
62.1762
59.9036
53.6639
47.4242
39.8589
32.2937
24.2414
16.1889
8.64684
1.10476
-4.8377
-10.7802
-15.3288
-19.8774
-22.6012
-25.325
-25.9127
-26.5003
-24.7119
-22.9234
-18.7296
-14.5358
-9.78927
-5.04274
-2.26964
0.503452
-0.189915
-0.883281
-4.50362
-8.12395
-12.5042
-16.8843
-20.1537
-23.4232
-24.9907
-26.5582
-26.468
-26.3778
-25.0656
-23.7534
-21.8761
-19.9988
-17.2709
-14.543
-10.4865
-6.43021
-1.54228
3.34564
7.89166
12.4377
15.5908
18.7438
20.7169
22.69
23.8557
25.0213
24.727
24.4327
22.3071
20.1814
16.9793
13.7774
11.0181
8.25877
6.71237
5.16598
4.3262
3.48644
2.78952
2.09261
1.57011
1.04761
1.88215
2.7167
6.26231
9.80792
15.8495
21.8912
28.3352
34.7793
38.636
42.4927
42.5575
42.6223
39.5256
36.4289
30.6704
24.9119
17.7006
10.4892
3.92117
-2.64685
-7.36016
-12.0735
-14.7887
-17.5039
-18.3921
-19.2802
-19.0167
-18.7532
-17.9275
-17.102
-15.4957
-13.8894
-11.008
-8.12656
-3.93742
0.251726
4.43452
8.61731
11.0709
13.5244
13.5258
13.5271
10.9477
8.3682
3.65693
-1.05433
-6.34339
-11.6325
-15.1439
-18.6554
-19.123
-19.5905
-17.5652
-15.5398
-11.9396
-8.33945
-4.11314
0.113165
3.67411
7.23506
8.45803
9.68099
7.68641
5.69184
1.6138
-2.46422
-7.24442
-12.0246
-16.932
-21.8393
-26.1423
-30.4453
-33.1241
-35.8029
-36.0905
-36.3781
-34.3135
-32.2489
-28.121
-23.9931
-18.5724
-13.1517
-8.26864
-3.3856
-0.407839
2.56992
3.73051
4.8911
5.68269
6.47428
7.88025
9.28622
10.1458
11.0053
9.8651
8.72488
6.00351
3.28215
0.695797
-1.89056
-3.74937
-5.60818
-7.33963
-9.07109
-10.7787
-12.4862
-13.7986
-15.111
-15.7022
-16.2935
-16.326
-16.3585
-15.9054
-15.4523
-14.0257
-12.599
-9.9258
-7.25262
-3.51015
0.232305
4.3023
8.37231
12.1823
15.9924
19.2471
22.5018
24.7435
26.9851
28.0693
29.1535
28.648
28.1425
25.8236
23.5046
19.8413
16.178
12.0823
7.98651
4.62947
1.27245
-1.06759
-3.40763
-4.50175
-5.59586
-5.19082
-4.78578
-2.99027
-1.19476
2.05079
5.29633
9.25147
13.2066
16.6101
20.0137
21.7671
23.5207
23.2396
22.9585
21.1625
19.3665
16.6255
13.8845
10.6638
7.44309
4.00147
0.559847
-3.02594
-6.61172
-10.1467
-13.6817
-16.4841
-19.2865
-20.4348
-21.5831
-20.4691
-19.3553
-16.1418
-12.9284
-8.92488
-4.92135
-1.26759
2.38616
5.31444
8.24271
9.86029
11.4778
11.3811
11.2843
10.2057
9.12712
7.84888
6.57064
5.09334
3.61604
2.12697
0.637905
-0.794019
-2.22594
-3.81137
-5.3968
-7.41564
-9.43449
-12.004
-14.5736
-17.0393
-19.505
-21.2586
-23.012
-23.7569
-24.5018
-23.9401
-23.3784
-21.4861
-19.5939
-16.9373
-14.2807
-11.6197
-8.95868
-6.45113
-3.94358
-1.50195
0.939677
3.06366
5.18764
6.95402
8.7204
10.3805
12.0406
13.2392
14.4376
14.6898
14.9418
14.0688
13.1958
11.1327
9.0696
6.08998
3.11035
0.20971
-2.69093
-4.11463
-5.53834
-5.47522
-5.4121
-4.55197
-3.69185
-1.9927
-0.293555
1.68383
3.66122
4.53386
5.4065
4.68457
3.96262
2.81044
1.65826
1.3434
1.02856
1.42801
1.82744
2.37123
2.91502
3.53724
4.15945
4.53424
4.90902
4.6235
4.33797
3.61585
2.89373
2.16787
1.44201
1.0338
0.62558
0.609707
0.593834
0.900276
1.20672
1.5309
1.85507
1.8013
1.74752
1.14957
0.551631
-0.823152
-2.19794
-4.16636
-6.13479
-8.06324
-9.9917
-11.1923
-12.3929
-12.2477
-12.1026
-10.8509
-9.59919
-8.00481
-6.41042
-4.69857
-2.98672
-1.13128
0.724179
2.43901
4.15385
5.61733
7.08081
8.2401
9.39938
9.69686
9.99435
9.06363
8.13291
6.42032
4.70772
3.07729
1.44686
0.335759
-0.775345
-1.46237
-2.14938
-2.48887
-2.82837
-2.98747
-3.14657
-3.52995
-3.91332
-4.74339
-5.57345
-6.35645
-7.13945
-6.94225
-6.74505
-5.38129
-4.01753
-2.26348
-0.509427
1.01699
2.5434
4.00148
5.45954
7.15122
8.84289
10.4578
12.0728
13.1283
14.1837
14.754
15.3243
15.6083
15.8924
15.8474
15.8023
15.4851
15.1677
14.7048
14.2419
13.7952
13.3485
13.11
12.8716
12.9411
13.0106
13.2041
13.3975
13.0081
12.6188
11.204
9.78929
7.75514
5.72097
3.45731
1.19365
-1.45807
-4.10978
-7.18745
-10.2651
-13.0434
-15.8218
-17.4249
-19.028
-19.3409
-19.6537
-18.9338
-18.2139
-16.653
-15.0919
-13.0422
-10.9923
-8.68697
-6.38166
-3.90044
-1.41923
1.17497
3.76917
6.32732
8.88547
10.7252
12.565
12.7082
12.8514
10.3711
7.89089
2.90531
-2.08028
-7.95829
-13.8363
-18.9119
-23.9876
-26.8992
-29.8108
-29.9758
-30.1406
-28.1348
-26.129
-22.9703
-19.8117
-16.3335
-12.8552
-9.10062
-5.346
-1.29505
2.75591
6.75588
10.7558
14.252
17.7482
19.8201
21.892
21.9711
22.0503
20.1635
18.2767
14.5615
10.8463
6.20986
1.57348
-2.2969
-6.16728
-7.85598
-9.54467
-8.69126
-7.83786
-4.89931
-1.96077
2.1914
6.34357
10.7771
15.2107
19.0649
22.919
24.9845
27.0501
26.4276
25.8052
22.2075
18.6098
12.8313
7.05281
1.45975
-4.13331
-8.12692
-12.1205
-14.62
-17.1196
-18.0114
-18.9033
-18.3259
-17.7486
-16.4152
-15.0818
-13.7903
-12.4989
-11.6574
-10.816
-10.2438
-9.67165
-8.99509
-8.31853
-7.27316
-6.22778
-4.97326
-3.71874
-2.51595
-1.31316
-0.270027
0.773104
1.30251
1.83192
1.44164
1.05135
-0.360032
-1.77141
-3.85638
-5.94133
-7.96318
-9.98503
-11.0423
-12.0996
-11.5836
-11.0677
-9.56239
-8.05709
-6.66271
-5.26832
-4.43975
-3.61118
-3.39475
-3.17832
-3.17011
-3.16189
-2.82893
-2.49597
-1.44742
-0.398877
1.45694
3.31277
5.59418
7.87558
10.2678
12.6599
14.4139
16.1679
16.4814
16.7947
15.6665
14.5385
12.3751
10.2117
7.93009
5.64851
3.9361
2.22371
1.02353
-0.176656
-1.15274
-2.12884
-3.39717
-4.66551
-6.23414
-7.80275
-8.99735
-10.192
-10.3698
-10.5478
-9.51517
-8.48249
-6.81769
-5.1529
-3.44741
-1.74192
-0.0319354
1.67805
3.55068
5.42331
7.36522
9.30713
10.8347
12.3622
13.0699
13.7777
13.7097
13.6417
13.2173
12.7928
12.232
11.6713
10.7833
9.8954
8.66215
7.4289
6.29519
5.16149
4.44553
3.72958
3.37831
3.02706
3.07897
3.13089
3.40969
3.6885
3.85843
4.02836
3.98073
3.93312
3.72136
3.50959
3.48196
3.45432
3.69428
3.93424
4.25282
4.5714
4.87298
5.17457
5.17886
5.18316
4.64833
4.11352
2.89615
1.67879
0.082165
-1.51446
-2.94116
-4.36785
-5.65244
-6.93703
-8.0543
-9.17156
-9.80272
-10.4339
-10.427
-10.4201
-9.8802
-9.34037
-8.64775
-7.95513
-7.65298
-7.35084
-7.84178
-8.33272
-9.46961
-10.6065
-12.0255
-13.4445
-14.6867
-15.9289
-16.271
-16.6132
-15.8774
-15.1417
-14.1211
-13.1006
-12.562
-12.0234
-11.7034
-11.3833
-10.5665
-9.7497
-8.17717
-6.60463
-4.78896
-2.97328
-1.81661
-0.659939
-0.429129
-0.198318
-0.570118
-0.941918
-1.48776
-2.03361
-2.58392
-3.13424
-3.66142
-4.18859
-4.33648
-4.48438
-4.17271
-3.86104
-3.42332
-2.98561
-2.74377
-2.50194
-2.38112
-2.26031
-1.76077
-1.26124
-0.289634
0.681975
1.85564
3.0293
4.19643
5.36355
6.45841
7.55327
8.46251
9.37174
9.88246
10.3932
10.585
10.7768
10.6614
10.546
10.2974
10.0489
10.0782
10.1075
10.4156
10.7238
11.0013
11.2787
11.1828
11.0868
10.7923
10.4978
10.2349
9.97189
9.50132
9.03076
8.1471
7.26344
6.0853
4.90716
3.90231
2.89746
2.42744
1.95741
1.99102
2.02464
2.08328
2.14191
1.81455
1.4872
1.03118
0.57516
0.445002
0.314843
0.475814
0.636784
0.741732
0.84668
0.938371
1.03006
1.27208
1.51409
1.6026
1.69112
1.02763
0.364143
-1.24313
-2.8504
-4.85076
-6.85112
-8.61078
-10.3704
-11.6726
-12.9747
-13.7683
-14.562
-14.5168
-14.4716
-13.2257
-11.9798
-9.62928
-7.27876
-4.16412
-1.04948
2.42501
5.89949
9.11608
12.3326
14.4363
16.54
16.9157
17.2914
16.0791
14.8668
12.576
10.2853
7.41118
4.53704
1.69448
-1.14807
-3.52341
-5.89875
-7.60013
-9.30153
-9.90864
-10.5157
-9.56482
-8.61396
-6.09203
-3.5701
-0.212324
3.14545
6.05729
8.96913
10.6268
12.2845
12.851
13.4177
13.3388
13.2601
12.5564
11.8528
10.2994
8.74616
6.80686
4.86757
3.51034
2.15312
1.39943
0.645747
-0.311112
-1.26797
-2.63397
-3.99998
-5.32528
-6.65057
-7.68866
-8.72674
-9.52525
-10.3238
-10.895
-11.4662
-11.5916
-11.7168
-11.0798
-10.4429
-9.42759
-8.41227
-7.99809
-7.58389
-8.1809
-8.77791
-10.0239
-11.2698
-12.5755
-13.8811
-14.987
-16.0929
-16.9622
-17.8314
-18.3246
-18.8178
-18.845
-18.8723
-18.3136
-17.7548
-16.5246
-15.2944
-13.541
-11.7878
-9.78014
-7.7725
-5.59529
-3.41809
-1.0155
1.3871
3.69689
6.00668
7.68193
9.35718
10.2748
11.1924
11.5896
11.9869
11.9697
11.9525
11.483
11.0136
10.2899
9.56633
8.84439
8.12246
7.43861
6.75476
6.2627
5.77064
5.68363
5.59661
5.73516
5.87372
5.74095
5.60818
5.01098
4.41379
3.73629
3.0588
2.73312
2.40745
2.38336
2.35927
2.26907
2.17888
1.96357
1.74826
1.6196
1.49093
1.32772
1.16451
0.648734
0.132959
-0.455833
-1.04462
-0.937062
-0.8295
0.231558
1.29261
2.94713
4.60165
6.24552
7.8894
9.00199
10.1146
10.7482
11.3818
11.8468
12.3118
12.7161
13.1203
13.2217
13.3231
12.7465
12.1699
10.9619
9.75381
8.20144
6.64908
5.15291
3.65674
2.64087
1.62501
1.25732
0.88963
1.00243
1.11521
1.21419
1.31316
1.19065
1.06815
0.883465
0.698782
0.49038
0.281977
-0.207842
-0.697662
-1.77608
-2.85451
-4.26383
-5.67317
-6.74394
-7.8147
-8.109
-8.40331
-8.07203
-7.74075
-7.28286
-6.82498
-6.61284
-6.4007
-6.49669
-6.59268
-6.55103
-6.50939
-5.73648
-4.96356
-3.45507
-1.94658
-0.334078
1.27842
2.44555
3.61267
4.0913
4.56991
4.11818
3.66646
2.41063
1.1548
-0.344164
-1.84313
-3.0674
-4.29166
-4.96468
-5.63769
-5.71276
-5.78783
-5.28474
-4.78167
-3.8476
-2.91352
-1.93481
-0.95611
-0.307001
0.342108
0.613815
0.885522
1.06946
1.2534
1.59047
1.92754
2.36171
2.79588
3.30269
3.8095
4.35572
4.90193
5.04254
5.18316
4.62163
4.06011
3.03752
2.01492
0.809517
-0.39589
-1.76003
-3.12416
-4.62667
-6.12919
-7.36578
-8.60237
-9.23859
-9.87481
-9.79376
-9.71273
-8.72002
-7.72731
-6.02554
-4.32378
-2.56992
-0.816054
0.342294
1.50064
1.89933
2.29802
2.10251
1.90699
1.24014
0.573293
-0.360034
-1.29336
-2.40204
-3.51071
-4.54694
-5.58316
-6.06663
-6.5501
-6.27895
-6.00781
-5.06253
-4.11724
-2.93293
-1.74863
-0.806343
0.135947
0.63697
1.13799
1.21643
1.29486
1.20522
1.11558
1.04481
0.974037
0.861059
0.748082
0.332585
-0.0829127
-0.925109
-1.76731
-2.78037
-3.79344
-4.60314
-5.41285
-5.82518
-6.2375
-6.4007
-6.56391
-6.6965
-6.82909
-7.15364
-7.4782
-8.13758
-8.79696
-9.58276
-10.3686
-10.8209
-11.2731
-11.0533
-10.8335
-10.026
-9.21861
-8.00985
-6.80108
-5.47691
-4.15272
-3.0151
-1.87748
-0.913345
0.0507933
0.889254
1.72772
2.51726
3.30679
4.08457
4.86234
5.65898
6.45561
7.47559
8.49556
9.77716
11.0588
12.3084
13.5581
14.4231
15.2881
15.7057
16.1235
16.2621
16.4006
16.3158
16.2311
15.815
15.399
14.6436
13.8883
13.0393
12.1904
11.5095
10.8287
10.3485
9.86814
9.47428
9.08043
8.58874
8.09706
7.27634
6.45561
5.17924
3.90287
2.27076
0.638651
-0.942291
-2.52323
-3.54788
-4.57252
-4.66235
-4.75217
-3.7785
-2.80484
-1.11764
0.569557
2.34508
4.12061
5.46066
6.80071
7.4754
8.15009
8.16111
8.17213
7.74505
7.31798
6.97363
6.62928
6.68436
6.73945
6.89482
7.05019
6.75009
6.45001
5.54973
4.64946
3.43435
2.21923
1.01456
-0.190102
-1.18394
-2.17776
-3.02538
-3.87299
-4.79025
-5.70753
-6.8317
-7.95588
-9.222
-10.4881
-11.7374
-12.9867
-14.1006
-15.2144
-15.9637
-16.7129
-16.8395
-16.9661
-16.4755
-15.9849
-15.2473
-14.5097
-13.8657
-13.2216
-12.6954
-12.1691
-11.6317
-11.0943
-10.4496
-9.80498
-9.17828
-8.55159
-7.99379
-7.43599
-6.81564
-6.19529
-5.50136
-4.80744
-4.07952
-3.35161
-2.74863
-2.14565
-1.80148
-1.45732
-1.20672
-0.95611
-0.658259
-0.360408
-0.073949
0.21251
0.373667
0.534824
0.461622
0.38842
-0.00672246
-0.401865
-1.17478
-1.9477
-3.02127
-4.09484
-5.29744
-6.50005
-7.619
-8.73795
-9.47054
-10.2031
-10.2801
-10.357
-9.63338
-8.90974
-7.53515
-6.16056
-4.47318
-2.78579
-0.895048
0.995699
2.95442
4.91313
6.48157
8.04999
8.83655
9.6231
9.84009
10.0571
10.3025
10.5478
11.0121
11.4763
12.0321
12.5878
13.2372
13.8867
14.5946
15.3026
15.8463
16.3899
16.5897
16.7895
16.6791
16.5687
16.2214
15.874
15.2706
14.6673
13.6603
12.6531
11.0462
9.43934
7.28959
5.13984
2.88383
0.627821
-1.15555
-2.93892
-3.89783
-4.85674
-5.06215
-5.26756
-5.10342
-4.93928
-4.67989
-4.42051
-4.16581
-3.91109
-3.87561
-3.84013
-4.1124
-4.38466
-4.68494
-4.98522
-4.90753
-4.82984
-4.20539
-3.58093
-2.54583
-1.51072
-0.309427
0.891871
1.98766
3.08346
3.98672
4.88998
5.74375
6.59753
7.52452
8.45149
9.41974
10.388
11.1658
11.9435
12.2743
12.605
12.4813
12.3578
12.0265
11.6951
11.3411
10.9871
10.531
10.075
9.33624
8.59752
7.60013
6.60276
5.57719
4.55161
3.61809
2.68458
1.7957
0.90681
-0.0558347
-1.01848
-2.11595
-3.21342
-4.38503
-5.55664
-6.63805
-7.71946
-8.39285
-9.06624
-9.14
-9.21376
-8.83075
-8.44775
-7.88267
-7.3176
-6.95085
-6.58409
-6.77382
-6.96355
-7.65448
-8.34542
-9.16429
-9.98317
-10.6818
-11.3803
-11.8703
-12.3603
-12.5034
-12.6465
-12.4294
-12.2124
-11.8157
-11.4192
-10.9431
-10.4671
-9.95434
-9.44159
-8.88454
-8.32749
-7.59193
-6.85635
-5.84739
-4.83843
-3.61865
-2.39886
-1.18861
0.0216619
0.954804
1.88795
2.39252
2.89709
2.97607
3.05507
2.7505
2.44593
1.79027
1.13463
0.280482
-0.573665
-1.41754
-2.26142
-2.98019
-3.69895
-4.19381
-4.68868
-4.79493
-4.90119
-4.54283
-4.18448
-3.51725
-2.85003
-2.0674
-1.28477
-0.494859
0.29505
0.98804
1.68104
2.17609
2.67114
2.90942
3.14769
3.1391
3.13051
2.98168
2.83285
2.61996
2.40708
1.97496
1.54285
0.780015
0.0171801
-0.855646
-1.72847
-2.41249
-3.09653
-3.44107
-3.78559
-3.80054
-3.81547
-3.50604
-3.19661
-2.48663
-1.77664
-0.823521
0.129598
0.879732
1.62987
1.89915
2.16843
2.1548
2.14116
2.18393
2.22669
2.37197
2.51726
2.6293
2.74134
2.74714
2.75292
2.70269
2.65245
2.62911
2.60577
2.6168
2.62781
2.54154
2.45526
2.21081
1.96637
1.8222
1.67805
1.86479
2.05153
2.44293
2.83435
3.1266
3.41884
3.52528
3.63173
3.64275
3.65376
3.54022
3.42668
3.2504
3.07412
3.04106
3.00801
3.17552
3.34302
3.52958
3.71613
3.66086
3.60558
3.31595
3.02631
2.87617
2.72603
3.01623
3.30642
3.89409
4.48177
4.96468
5.44758
5.54301
5.63843
5.39362
5.14881
4.82818
4.50754
4.30736
4.10716
3.95142
3.79568
3.53648
3.27729
3.03808
2.79886
2.7602
2.72155
2.81529
2.90903
2.86664
2.82426
2.38616
1.94807
1.03828
0.128477
-1.03547
-2.19943
-3.27374
-4.34806
-5.18728
-6.02648
-6.67541
-7.32432
-7.85803
-8.39173
-8.76297
-9.13421
-9.30807
-9.48192
-9.57062
-9.65932
-9.75942
-9.85951
-9.95757
-10.0555
-10.0083
-9.9611
-9.64439
-9.32767
-8.64234
-7.957
-6.78987
-5.62275
-4.02593
-2.42912
-0.691315
1.04649
2.50157
3.95665
4.88382
5.81098
6.11518
6.41938
6.06439
5.70939
4.88942
4.06945
3.0336
1.99774
1.08029
0.162837
-0.337813
-0.838464
-0.980949
-1.12343
-1.02483
-0.926231
-0.671892
-0.417551
-0.161344
0.094864
0.212697
0.33053
0.318018
0.305507
0.337066
0.368625
0.577587
0.786549
1.15368
1.52082
1.78861
2.05639
2.04499
2.03361
1.8084
1.58319
1.17161
0.760033
0.220167
-0.319699
-0.861432
-1.40316
-1.73575
-2.06833
-2.01885
-1.96936
-1.57273
-1.17609
-0.537813
0.100466
0.895047
1.68963
2.66889
3.64815
4.74451
5.84086
6.70958
7.57829
7.87969
8.18109
7.74972
7.31835
6.24795
5.17756
3.77439
2.37123
0.932021
-0.507186
-1.80951
-3.11184
-4.22874
-5.34562
-6.14899
-6.95234
-7.28157
-7.61078
-7.49873
-7.38669
-6.91892
-6.45113
-5.71687
-4.9826
-4.18354
-3.38448
-2.67207
-1.95965
-1.23939
-0.519138
0.316709
1.15256
2.02351
2.89447
3.60296
4.31145
4.68419
5.05693
5.12004
5.18316
5.0601
4.93704
4.75011
4.56318
4.29185
4.02052
3.54171
3.06291
2.46683
1.87077
1.34658
0.822403
0.513162
0.20392
0.201119
0.198318
0.512415
0.826512
1.31895
1.81138
2.34228
2.87318
3.45076
4.02836
4.45002
4.87168
4.87523
4.87878
4.57177
4.26477
3.92697
3.58915
3.26926
2.94938
2.45097
1.95255
1.25564
0.558727
-0.144911
-0.848548
-1.40036
-1.95218
-2.34191
-2.73163
-3.1335
-3.53537
-4.08793
-4.6405
-5.37569
-6.11089
-6.9867
-7.86251
-8.71759
-9.57267
-10.2164
-10.8601
-11.242
-11.6238
-11.8741
-12.1243
-12.2485
-12.3727
-12.2108
-12.0488
-11.5536
-11.0584
-10.2612
-9.464
-8.41545
-7.3669
-6.25262
-5.13834
-4.24161
-3.34489
-2.77851
-2.21213
-1.8872
-1.56227
-1.39757
-1.23286
-1.19925
-1.16563
-1.22426
-1.28291
-1.31054
-1.33818
-1.13277
-0.927352
-0.333705
0.259942
1.13165
2.00335
2.88197
3.76058
4.51669
5.2728
5.81023
6.34767
6.55271
6.75775
6.6022
6.44665
6.08231
5.71798
5.41509
5.1122
4.98372
4.85524
4.86982
4.88438
4.95534
5.0263
5.0713
5.11631
5.08083
5.04534
4.89353
4.74171
4.51277
4.28382
3.99064
3.69746
3.34769
2.99792
2.68046
2.36301
2.19905
2.0351
2.02557
2.01605
1.95219
1.88832
1.67879
1.46927
1.1972
0.925111
0.635478
0.345843
0.165826
-0.0141923
0.00896352
0.0321193
0.199252
0.366384
0.58375
0.801115
0.976277
1.15144
1.25414
1.35686
1.22764
1.0984
0.565822
0.0332397
-0.694671
-1.42258
-2.00633
-2.59008
-2.91221
-3.23434
-3.39419
-3.55404
-3.56561
-3.57719
-3.33014
-3.08308
-2.68308
-2.28309
-1.99121
-1.69934
-1.62856
-1.55779
-1.55405
-1.55031
-1.34807
-1.14584
-0.615683
-0.085527
0.630433
1.34639
1.95573
2.56507
2.95349
3.3419
3.57196
3.80203
3.83732
3.87262
3.58056
3.28849
2.7462
2.20391
1.74471
1.28552
1.1309
0.976278
1.0323
1.08832
1.17646
1.26461
1.2971
1.32959
1.24481
1.16003
0.936314
0.7126
0.417924
0.123249
-0.0840327
-0.291314
-0.323994
-0.356674
-0.281418
-0.206161
-0.110737
-0.0153127
0.0530341
0.121381
0.203547
0.285713
0.375535
0.465357
0.479363
0.493368
0.464422
0.435478
0.453592
0.471706
0.576841
0.681975
0.778706
0.875438
0.80709
0.738744
0.532209
0.325675
0.150512
-0.0246497
-0.189541
-0.354433
-0.676189
-0.997944
-1.39794
-1.79793
-2.0885
-2.37907
-2.55144
-2.7238
-2.89429
-3.06478
-3.27487
-3.48495
-3.57608
-3.66721
-3.48551
-3.30381
-2.79737
-2.29093
-1.48048
-0.670024
0.26517
1.20036
2.01193
2.82351
3.34638
3.86925
4.03751
4.20576
4.04797
3.89017
3.48419
3.07823
2.45601
1.83378
1.00952
0.185247
-0.750508
-1.68626
-2.59419
-3.50212
-4.30417
-5.10622
-5.70286
-6.2995
-6.56281
-6.82611
-6.82704
-6.82797
-6.69594
-6.56391
-6.26663
-5.96934
-5.41528
-4.86123
-4.11426
-3.3673
-2.64947
-1.93165
-1.40989
-0.888136
-0.660874
-0.433611
-0.468905
-0.504198
-0.648175
-0.792152
-0.958909
-1.12567
-1.29224
-1.45882
-1.57553
-1.69224
-1.61941
-1.54659
-1.20373
-0.860872
-0.352005
0.156861
0.678426
1.19999
1.6394
2.07879
2.50456
2.93033
3.48514
4.03994
4.71164
5.38335
6.07373
6.76411
7.43991
8.11573
8.73646
9.35718
9.80125
10.2453
10.4188
10.5923
10.5209
10.4496
10.1882
9.92678
9.45431
8.98183
8.33646
7.69108
7.06961
6.44814
6.01099
5.57383
5.28251
4.99119
4.73816
4.48513
4.28625
4.08737
3.95403
3.8207
3.63359
3.44648
3.09559
2.7447
2.21493
1.68515
1.05732
0.429503
-0.241642
-0.912786
-1.64593
-2.37907
-3.12286
-3.86664
-4.4827
-5.09875
-5.43321
-5.76765
-5.71817
-5.66868
-5.30902
-4.94936
-4.46925
-3.98914
-3.48065
-2.97216
-2.43976
-1.90736
-1.36488
-0.822403
-0.334825
0.152753
0.419231
0.68571
0.556673
0.427635
-0.0629317
-0.553498
-1.12642
-1.69934
-2.10531
-2.51129
-2.72043
-2.92958
-3.00129
-3.07299
-3.01977
-2.96655
-2.81548
-2.66441
-2.55554
-2.44667
-2.52436
-2.60204
-2.85321
-3.10437
-3.47823
-3.85208
-4.3335
-4.81491
-5.30753
-5.80015
-6.16598
-6.5318
-6.66065
-6.7895
-6.6965
-6.6035
-6.46121
-6.31891
-6.3008
-6.28269
-6.49034
-6.698
-7.06102
-7.42405
-7.74244
-8.06083
-8.24402
-8.42721
-8.52115
-8.61507
-8.71143
-8.80778
-8.90658
-9.00536
-8.98949
-8.97361
-8.70172
-8.42983
-7.71797
-7.00612
-5.77998
-4.55385
-3.03303
-1.51222
-0.0384715
1.43528
2.6618
3.88831
4.8039
5.71948
6.26887
6.81826
6.97157
7.12488
6.94674
6.76859
6.44066
6.11275
5.822
5.53124
5.38857
5.2459
5.31537
5.38484
5.63825
5.89165
6.23414
6.57661
7.00444
7.43226
8.0388
8.64533
9.3749
10.1045
10.704
11.3033
11.5319
11.7605
11.4906
11.2209
10.4167
9.61264
8.4048
7.19696
5.87859
4.5602
3.27878
1.99737
0.725483
-0.546402
-1.78411
-3.02183
-4.02593
-5.03004
-5.48401
-5.93797
-5.73759
-5.53722
-4.83339
-4.12957
-3.23284
-2.33612
-1.569
-0.801862
-0.196451
0.408961
0.974038
1.53911
2.06049
2.58187
2.94003
3.2982
3.37924
3.4603
3.19457
2.92883
2.29074
1.65265
0.741916
-0.168813
-1.10588
-2.04294
-2.7802
-3.51744
-3.98728
-4.45711
-4.64067
-4.82424
-4.6461
-4.46795
-3.92304
-3.37813
-2.59363
-1.80914
-0.91316
-0.0171801
0.867409
1.752
2.47525
3.19849
3.60782
4.01716
3.99848
3.9798
3.60296
3.22612
2.70512
2.18412
1.68963
1.19514
0.742105
0.289074
-0.218299
-0.725672
-1.29598
-1.86628
-2.43454
-3.00279
-3.52417
-4.04554
-4.39437
-4.7432
-4.70828
-4.67336
-4.16897
-3.66459
-2.84499
-2.02539
-1.1464
-0.267412
0.454899
1.17721
1.61213
2.04705
2.1492
2.25134
2.06665
1.88196
1.5365
1.19103
0.765074
0.33912
-0.139869
-0.618857
-1.03696
-1.45508
-1.61867
-1.78225
-1.58468
-1.3871
-0.906247
-0.425394
0.192903
0.811199
1.4392
2.06721
2.47487
2.88252
2.8364
2.79028
2.31558
1.84088
1.17011
0.499343
-0.251728
-1.0028
-1.88962
-2.77645
-3.67841
-4.58036
-5.20707
-5.83376
-6.04534
-6.25692
-6.13703
-6.01714
-5.71817
-5.4192
-5.00837
-4.59754
-4.10792
-3.61828
-3.10885
-2.59942
-2.13163
-1.66386
-1.28571
-0.907557
-0.660499
-0.413442
-0.352939
-0.292435
-0.361343
-0.430249
-0.416244
-0.402238
-0.102147
0.197944
0.808773
1.4196
2.14881
2.87804
3.50381
4.12957
4.53051
4.93143
5.08214
5.23284
5.18578
5.13871
4.9191
4.6995
4.31426
3.92901
3.48365
3.03827
2.69148
2.34471
2.1421
1.93948
1.76861
1.59775
1.3746
1.15144
0.913158
0.674879
0.424647
0.174415
-0.151073
-0.476561
-0.853402
-1.23024
-1.53482
-1.83939
-2.01157
-2.18374
-2.24349
-2.30325
-2.27039
-2.23752
-2.15256
-2.06759
-1.96208
-1.85658
-1.72175
-1.58692
-1.3759
-1.16488
-0.87693
-0.588979
-0.310735
-0.0324928
0.176096
0.384684
0.519138
0.653591
0.801862
0.950134
1.21754
1.48496
1.84724
2.20951
2.52621
2.84293
2.9856
3.12827
3.12864
3.12902
3.11371
3.09839
3.13052
3.16263
3.14826
3.13387
2.92827
2.72267
2.34209
1.96152
1.50362
1.04574
0.525112
0.00448177
-0.596264
-1.19701
-1.73333
-2.26964
-2.47581
-2.68196
-2.48812
-2.29429
-1.8646
-1.43491
-0.95312
-0.471332
-0.0259567
0.419419
0.78431
1.1492
1.3281
1.507
1.43492
1.36283
1.12213
0.881414
0.650604
0.419792
0.350325
0.280858
0.333518
0.386179
0.419792
0.453406
0.331277
0.209149
-0.150139
-0.509427
-1.05602
-1.6026
-2.24967
-2.89672
-3.57122
-4.24572
-4.83638
-5.42704
-5.75365
-6.08026
-6.0162
-5.95216
-5.52228
-5.09241
-4.40221
-3.71202
-2.92024
-2.12846
-1.37908
-0.629688
-0.0216619
0.586364
0.963394
1.34042
1.42912
1.51782
1.27674
1.03566
0.466477
-0.102707
-0.887576
-1.67245
-2.45769
-3.24293
-3.75628
-4.26963
-4.30492
-4.34022
-3.84684
-3.35348
-2.41417
-1.47487
-0.248923
0.977025
2.3139
3.65077
4.84964
6.04852
6.84907
7.64963
7.96653
8.28342
8.15102
8.01862
7.51143
7.00425
6.28044
5.55664
4.85898
4.16131
3.66384
3.16637
2.83789
2.50941
2.27805
2.04668
1.9251
1.80354
1.81399
1.82445
1.92174
2.01903
2.11184
2.20465
2.2491
2.29354
2.28196
2.27039
2.20671
2.14303
2.02053
1.89803
1.67561
1.45321
1.08645
0.719696
0.195703
-0.328289
-0.932765
-1.53724
-2.14658
-2.75591
-3.29373
-3.83154
-4.14321
-4.45488
-4.44703
-4.43919
-4.16187
-3.88457
-3.48457
-3.08457
-2.61679
-2.14901
-1.62278
-1.09654
-0.635664
-0.174789
0.149205
0.473199
0.696541
0.919882
1.076
1.23211
1.26852
1.30494
1.15872
1.01251
0.695235
0.377962
-0.104761
-0.587485
-1.18748
-1.78748
-2.35965
-2.93183
-3.34489
-3.75796
-4.02107
-4.28419
-4.46757
-4.65095
-4.72771
-4.80445
-4.72826
-4.65207
-4.47037
-4.28867
-4.10866
-3.92864
-3.82089
-3.71314
-3.6334
-3.55367
-3.43415
-3.31464
-3.22108
-3.12753
-3.16899
-3.21044
-3.34022
-3.47
-3.54712
-3.62425
-3.58578
-3.54732
-3.4237
-3.30008
-3.10362
-2.90717
-2.61194
-2.3167
-1.92267
-1.52865
-1.02614
-0.523619
0.113165
0.749949
1.4829
2.21586
2.90399
3.59214
4.09447
4.5968
4.89503
5.19325
5.35683
5.52042
5.56953
5.61864
5.48905
5.35944
5.10342
4.8474
4.67542
4.50343
4.50324
4.50306
4.56449
4.62592
4.64647
4.66701
4.66086
4.65469
4.66253
4.67037
4.63825
4.60613
4.41921
4.23228
3.82929
3.42631
2.86366
2.30101
1.73033
1.15966
0.761153
0.36265
0.275255
0.187861
0.39981
0.61176
0.931275
1.25079
1.45994
1.66908
1.67096
1.67282
1.46647
1.26013
0.883282
0.506439
0.0608772
-0.384684
-0.794952
-1.20522
-1.59028
-1.97533
-2.38056
-2.78579
-3.16394
-3.54208
-3.8362
-4.13032
-4.28681
-4.4433
-4.37513
-4.30697
-3.98523
-3.66347
-3.15703
-2.65059
-2.07506
-1.49953
-0.940611
-0.381697
0.0791774
0.540052
0.867035
1.19402
1.39141
1.58879
1.58094
1.57309
1.34023
1.10737
0.782628
0.457887
0.235479
0.0130718
0.0171801
0.0212884
0.225022
0.428756
0.719508
1.01026
1.25433
1.49841
1.57982
1.66124
1.53856
1.41586
1.15592
0.89598
0.618298
0.340614
0.163397
-0.0138187
-0.0332397
-0.0526607
-9.33691E-4
0.0507933
0.0550884
0.0593834
-0.03436
-0.128103
-0.280484
-0.432864
-0.564329
-0.695794
-0.785243
-0.874691
-0.904197
-0.933701
-0.907931
-0.882161
-0.825205
-0.768249
-0.709799
-0.65135
-0.671331
-0.691312
-0.802796
-0.91428
-1.05526
-1.19625
-1.26031
-1.32436
-1.23678
-1.1492
-0.938745
-0.728287
-0.40672
-0.0851535
0.354619
0.794393
1.29038
1.78636
2.10419
2.42202
2.28214
2.14228
1.53575
0.929219
0.136694
-0.655831
-1.29598
-1.93613
-2.29373
-2.65134
-2.76843
-2.88551
-2.81342
-2.74134
-2.5363
-2.33127
-2.08981
-1.84836
-1.68944
-1.53052
-1.46609
-1.40167
-1.40932
-1.41698
-1.58618
-1.75536
-2.13966
-2.52398
-2.95628
-3.38859
-3.61772
-3.84684
-3.82649
-3.80614
-3.66234
-3.51856
-3.39306
-3.26758
-3.24797
-3.22837
-3.29671
-3.36505
-3.38896
-3.41286
-3.28271
-3.15254
-2.91221
-2.67188
-2.38897
-2.10606
-1.88384
-1.66161
-1.58766
-1.51372
-1.50812
-1.50252
-1.45844
-1.41437
-1.27563
-1.13688
-0.916334
-0.695794
-0.415683
-0.135573
0.224089
0.58375
1.02203
1.46031
1.9576
2.45489
2.87001
3.28513
3.39867
3.51221
3.26404
3.01586
2.52174
2.02762
1.52846
1.02932
0.729969
0.430623
0.338
0.245377
0.301586
0.357795
0.534264
0.710733
0.98954
1.26834
1.60876
1.94919
2.25432
2.55946
2.72995
2.90044
2.89689
2.89335
2.74825
2.60316
2.32473
2.04629
1.62258
1.19887
0.739678
0.280484
-0.0864608
-0.453406
-0.726233
-0.999062
-1.20579
-1.4125
-1.52623
-1.63996
-1.63379
-1.62763
-1.49953
-1.37142
-1.10588
-0.840331
-0.442574
-0.0448177
0.411389
0.867595
1.30139
1.73519
2.07225
2.40932
2.58281
2.75629
2.79737
2.83845
2.82911
2.81977
2.79587
2.77197
2.73257
2.69317
2.62986
2.56656
2.47599
2.38542
2.28103
2.17664
2.09504
2.01343
1.99363
1.97384
2.05471
2.13556
2.32137
2.50718
2.74565
2.9841
3.19737
3.41063
3.51632
3.62202
3.58561
3.54918
3.38766
3.22612
2.98654
2.74695
2.47674
2.20653
1.93182
1.65713
1.41101
1.16488
0.995885
0.826886
0.765822
0.704758
0.680481
0.656205
0.575907
0.495608
0.364143
0.232678
0.0788045
-0.0750695
-0.2521
-0.429129
-0.642013
-0.854897
-1.06984
-1.28477
-1.46237
-1.63996
-1.84107
-2.04219
-2.35965
-2.67711
-3.11146
-3.54582
-3.97028
-4.39474
-4.62294
-4.85113
-4.76299
-4.67485
-4.27616
-3.87747
-3.24667
-2.61586
-1.83079
-1.04574
-0.189914
0.665916
1.45788
2.24984
2.80858
3.3673
3.56823
3.76917
3.56449
3.35983
2.81529
2.27076
1.57366
0.876559
0.215498
-0.445562
-0.984676
-1.5238
-1.98411
-2.44443
-2.87785
-3.31127
-3.65451
-3.99773
-4.1671
-4.33648
-4.30156
-4.26664
-4.0222
-3.77776
-3.36823
-2.95872
-2.50456
-2.0504
-1.68738
-1.32436
-1.10513
-0.885895
-0.783936
-0.681975
-0.647428
-0.612881
-0.594767
-0.576654
-0.544907
-0.513162
-0.488512
-0.463862
-0.477868
-0.491874
-0.533517
-0.57516
-0.620912
-0.666663
-0.691313
-0.715962
-0.726232
-0.736503
-0.777586
-0.818669
-0.913534
-1.0084
-1.13464
-1.26087
-1.34602
-1.43117
-1.44052
-1.44985
-1.41419
-1.37852
-1.3197
-1.26087
-1.18506
-1.10924
-0.97516
-0.841078
-0.609333
-0.377588
-0.0578891
0.26181
0.639027
1.01624
1.39158
1.76693
2.09336
2.41978
2.67972
2.93966
3.13742
3.33518
3.44592
3.55666
3.52566
3.49466
3.32864
3.16263
2.90866
2.6547
2.38001
2.10531
1.87936
1.6534
1.51932
1.38524
1.34191
1.29859
1.28608
1.27357
1.25059
1.22763
1.18879
1.14995
1.09579
1.04163
0.965631
0.88963
0.775719
0.661808
0.492434
0.32306
0.0778707
-0.167319
-0.499716
-0.832114
-1.26833
-1.70456
-2.23211
-2.75965
-3.28738
-3.8151
-4.21473
-4.61435
-4.75888
-4.90342
-4.69633
-4.48923
-3.89166
-3.29409
-2.3884
-1.48272
-0.489445
0.503825
1.36153
2.21923
2.82445
3.42967
3.75236
4.07505
4.10623
4.13742
3.90343
3.66944
3.27617
2.88289
2.45675
2.03061
1.64295
1.25527
0.889072
0.522873
0.158356
-0.206161
-0.512602
-0.819043
-1.00224
-1.18543
-1.21587
-1.24631
-1.16283
-1.07936
-0.973103
-0.866848
-0.771237
-0.675626
-0.56489
-0.454152
-0.32474
-0.19533
-0.108122
-0.0209149
-0.0429503
-0.0649856
-0.181885
-0.298784
-0.437719
-0.576654
-0.658259
-0.739865
-0.679547
-0.61923
-0.337253
-0.0552751
0.507188
1.06965
1.86722
2.66478
3.52229
4.37981
5.12154
5.86327
6.38595
6.90864
7.16466
7.42068
7.38072
7.34076
7.03862
6.73646
6.33926
5.94207
5.62274
5.30342
5.10772
4.91201
4.75964
4.60725
4.3953
4.18335
3.88681
3.59026
3.20558
2.82089
2.30903
1.79719
1.10999
0.422779
-0.386924
-1.19663
-1.97403
-2.75143
-3.39569
-4.03994
-4.52098
-5.00202
-5.33517
-5.66831
-5.88101
-6.09371
-6.1923
-6.29091
-6.30584
-6.32078
-6.30471
-6.28866
-6.30659
-6.32451
-6.44384
-6.56317
-6.81303
-7.06289
-7.41713
-7.77138
-8.15831
-8.54523
-8.86531
-9.18538
-9.31721
-9.44905
-9.30638
-9.16372
-8.70227
-8.24084
-7.4655
-6.69016
-5.75906
-4.82798
-3.97121
-3.11445
-2.43473
-1.75499
-1.22054
-0.686083
-0.291501
0.103081
0.300278
0.497476
0.51783
0.538185
0.486272
0.434358
0.414376
0.394395
0.465917
0.537439
0.693366
0.849294
1.08608
1.32287
1.67096
2.01903
2.44424
2.86945
3.2306
3.59176
3.7968
4.00184
4.10137
4.2009
4.22929
4.25767
4.18578
4.11389
3.9292
3.74451
3.46813
3.19176
2.86011
2.52846
2.18037
1.83229
1.5619
1.2915
1.21643
1.14136
1.32045
1.49953
1.89505
2.29056
2.76133
3.2321
3.60166
3.97121
4.12752
4.28382
4.23975
4.19568
4.04124
3.88681
3.68886
3.49092
3.25171
3.0125
2.75573
2.49896
2.2829
2.06684
1.89654
1.72623
1.58057
1.43491
1.3139
1.1929
1.09468
0.996444
0.883466
0.77049
0.611574
0.452658
0.247804
0.0429503
-0.200559
-0.444069
-0.692993
-0.941918
-1.14004
-1.33818
-1.42763
-1.51708
-1.49075
-1.46442
-1.35089
-1.23734
-1.0745
-0.911665
-0.779267
-0.646868
-0.634917
-0.622965
-0.76302
-0.903076
-1.12231
-1.34154
-1.51633
-1.69112
-1.77329
-1.85545
-1.88757
-1.91969
-1.9223
-1.92492
-1.86945
-1.81399
-1.71091
-1.60783
-1.5266
-1.44537
-1.42819
-1.41101
-1.4437
-1.47637
-1.55163
-1.62688
-1.70662
-1.78636
-1.76451
-1.74266
-1.54322
-1.34379
-0.966195
-0.588605
-0.111298
0.366011
0.844998
1.32399
1.77385
2.22371
2.60335
2.98299
3.17533
3.36767
3.25805
3.14843
2.75049
2.35256
1.82781
1.30307
0.803354
0.303639
-0.0608772
-0.425394
-0.560034
-0.694674
-0.574599
-0.454525
-0.128477
0.197571
0.610452
1.02333
1.39439
1.76544
1.99252
2.2196
2.22296
2.22632
1.99962
1.77291
1.36283
0.952748
0.433611
-0.085527
-0.620537
-1.15555
-1.60502
-2.05451
-2.33538
-2.61623
-2.73911
-2.86198
-2.8786
-2.89522
-2.81194
-2.72865
-2.54004
-2.35143
-2.09466
-1.83789
-1.59494
-1.352
-1.19103
-1.03006
-0.964141
-0.89822
-0.895045
-0.891871
-0.909425
-0.926978
-0.943225
-0.959471
-0.949388
-0.939303
-0.86162
-0.783936
-0.602797
-0.421659
-0.140056
0.141549
0.44967
0.757791
0.985617
1.21344
1.27264
1.33183
1.19028
1.04873
0.732208
0.415683
-7.47267E-4
-0.417178
-0.81792
-1.21866
-1.54864
-1.87861
-2.15816
-2.43771
-2.67394
-2.91016
-3.04518
-3.18019
-3.15778
-3.13537
-2.98616
-2.83696
-2.63042
-2.42389
-2.23939
-2.05489
-1.94322
-1.83155
-1.76861
-1.70568
-1.62968
-1.55368
-1.42427
-1.29486
-1.14957
-1.00429
-0.882161
-0.760033
-0.620912
-0.48179
-0.266852
-0.0519138
0.235853
0.523619
0.804103
1.08459
1.29542
1.50624
1.64256
1.77889
1.87936
1.97982
2.12921
2.2786
2.51988
2.76114
3.06105
3.36095
3.63938
3.91781
4.09484
4.27186
4.2982
4.32453
4.16076
3.99698
3.66347
3.32996
2.92361
2.51726
2.12324
1.72922
1.36097
0.992708
0.6295
0.266292
-0.0519135
-0.370119
-0.598129
-0.826139
-0.985804
-1.14547
-1.25938
-1.37328
-1.44555
-1.51782
-1.52474
-1.53164
-1.43267
-1.33369
-1.15368
-0.973663
-0.812133
-0.650603
-0.574039
-0.497476
-0.447803
-0.39813
-0.281418
-0.164705
0.0453778
0.25546
0.550697
0.845933
1.20597
1.566
1.94639
2.32678
2.64816
2.96954
3.15871
3.34788
3.38019
3.41249
3.29913
3.18579
3.00035
2.81492
2.64125
2.46759
2.31951
2.17142
2.0392
1.90699
1.79905
1.69112
1.61642
1.54172
1.48253
1.42334
1.34827
1.2732
1.1576
1.04201
0.868152
0.6943
0.477681
0.261063
0.0636785
-0.133706
-0.249111
-0.364517
-0.38039
-0.396262
-0.317458
-0.238654
-0.0933699
0.0519138
0.196264
0.340614
0.399811
0.459007
0.386179
0.31335
0.126796
-0.0597568
-0.306068
-0.552377
-0.794205
-1.03603
-1.24145
-1.44686
-1.5957
-1.74452
-1.80933
-1.87413
-1.83827
-1.80241
-1.6857
-1.569
-1.45079
-1.33258
-1.29654
-1.2605
-1.33875
-1.41698
-1.55405
-1.69112
-1.82856
-1.966
-2.14321
-2.32043
-2.54079
-2.76114
-2.93183
-3.1025
-3.15442
-3.20633
-3.13556
-3.06478
-2.90904
-2.7533
-2.55778
-2.36227
-2.17011
-1.97795
-1.82259
-1.66722
-1.55256
-1.4379
-1.35368
-1.26946
-1.19065
-1.11185
-1.0168
-0.92175
-0.802422
-0.683096
-0.519324
-0.355553
-0.142295
0.0709613
0.334452
0.597942
0.922125
1.24631
1.59869
1.95106
2.24911
2.54714
2.74004
2.93294
3.02669
3.12043
3.10922
3.09802
2.98485
2.87169
2.70344
2.53519
2.36881
2.20242
2.07132
1.94023
1.85022
1.76022
1.71408
1.66796
1.61698
1.566
1.42744
1.28888
1.0379
0.786923
0.472452
0.157982
-0.145471
-0.448923
-0.699715
-0.950508
-1.10251
-1.25452
-1.26834
-1.28216
-1.19831
-1.11447
-1.03137
-0.948267
-0.973479
-0.99869
-1.15723
-1.31577
-1.52361
-1.73145
-1.8956
-2.05974
-2.13313
-2.20653
-2.18001
-2.15349
-2.04014
-1.92678
-1.76656
-1.60634
-1.42912
-1.25191
-1.0521
-0.852282
-0.667783
-0.483283
-0.377215
-0.271147
-0.239214
-0.207281
-0.172548
-0.137814
-0.0239025
0.0900088
0.278243
0.466477
0.684963
0.903449
1.1548
1.40616
1.69374
1.98132
2.24723
2.51315
2.68458
2.856
2.91296
2.96991
2.91426
2.85862
2.68252
2.50642
2.24331
1.98019
1.70979
1.43939
1.21773
0.996071
0.830994
0.665916
0.550137
0.434358
0.369185
0.304013
0.286646
0.26928
0.289074
0.308868
0.345096
0.381324
0.369185
0.357047
0.204107
0.0511668
-0.244816
-0.540799
-0.892244
-1.24369
-1.58879
-1.93388
-2.27749
-2.62108
-2.9953
-3.36954
-3.75833
-4.14712
-4.47654
-4.80594
-4.98727
-5.16859
-5.1333
-5.09801
-4.83583
-4.57365
-4.12397
-3.6743
-3.13201
-2.58971
-2.07114
-1.55256
-1.14677
-0.740985
-0.504198
-0.267412
-0.199999
-0.132586
-0.203361
-0.274134
-0.448549
-0.622965
-0.816613
-1.01026
-1.10344
-1.19663
-1.14192
-1.0872
-0.928847
-0.77049
-0.588605
-0.40672
-0.261249
-0.115779
-0.0128853
0.0900088
0.167319
0.24463
0.315592
0.386553
0.472267
0.55798
0.66741
0.77684
0.898596
1.02035
1.138
1.25564
1.3548
1.45396
1.49019
1.52641
1.46777
1.40914
1.30082
1.19252
1.10457
1.01662
0.980201
0.943785
0.967315
0.990844
1.07805
1.16526
1.31895
1.47264
1.70251
1.93239
2.22726
2.52211
2.82912
3.13612
3.38952
3.64293
3.79512
3.94731
3.96805
3.98877
3.85899
3.7292
3.49092
3.25264
3.01211
2.77159
2.60782
2.44405
2.3772
2.31035
2.3279
2.34546
2.42203
2.49859
2.58337
2.66814
2.6997
2.73126
2.68644
2.64163
2.51895
2.39625
2.23248
2.0687
1.91109
1.75349
1.59271
1.43193
1.231
1.03006
0.786738
0.543414
0.304199
0.0649856
-0.155555
-0.376095
-0.569557
-0.76302
-0.890004
-1.01699
-1.05172
-1.08646
-1.00429
-0.922123
-0.695981
-0.469839
-0.0931833
0.283472
0.746964
1.21045
1.63957
2.0687
2.35833
2.64797
2.72977
2.81156
2.65414
2.49671
2.12902
1.76133
1.26554
0.769743
0.234546
-0.300651
-0.790284
-1.27991
-1.67505
-2.0702
-2.36918
-2.66814
-2.87617
-3.0842
-3.1983
-3.3124
-3.33855
-3.36468
-3.32602
-3.28738
-3.19494
-3.1025
-2.96506
-2.82762
-2.67655
-2.52548
-2.38691
-2.24835
-2.12006
-1.99177
-1.83976
-1.68775
-1.47711
-1.26647
-0.987481
-0.708492
-0.388606
-0.0687204
0.225582
0.519885
0.722124
0.924364
0.979268
1.03417
0.933703
0.833235
0.621097
0.408961
0.135759
-0.137441
-0.411015
-0.684589
-0.915214
-1.14584
-1.31465
-1.48346
-1.57776
-1.67207
-1.67767
-1.68327
-1.60186
-1.52044
-1.41195
-1.30345
-1.22297
-1.14247
-1.09784
-1.05321
-1.04163
-1.03006
-1.05583
-1.0816
-1.17385
-1.2661
-1.45789
-1.64966
-1.96208
-2.2745
-2.68849
-3.1025
-3.54713
-3.99176
-4.36973
-4.74768
-4.96318
-5.17868
-5.21434
-5.25001
-5.15757
-5.06514
-4.87373
-4.68232
-4.40071
-4.11912
-3.77328
-3.42743
-3.07375
-2.72006
-2.42258
-2.1251
-1.9195
-1.7139
-1.58468
-1.45545
-1.3561
-1.25676
-1.14696
-1.03715
-0.890749
-0.744346
-0.590846
-0.437345
-0.353313
-0.26928
-0.279177
-0.289074
-0.350511
-0.411949
-0.479549
-0.547148
-0.587858
-0.628567
-0.621098
-0.613629
-0.565076
-0.516523
-0.454339
-0.392154
-0.326422
-0.260689
-0.154994
-0.0492994
0.123995
0.297291
0.512041
0.726792
0.94752
1.16825
1.39028
1.61231
1.86478
2.11726
2.40409
2.69093
2.98989
3.28887
3.57421
3.85954
4.07337
4.28718
4.39101
4.49484
4.51183
4.52882
4.50604
4.48326
4.42481
4.36636
4.23658
4.10679
3.92024
3.73369
3.55833
3.38298
3.27019
3.15741
3.07243
2.98747
2.84256
2.69765
2.46422
2.2308
1.93968
1.64855
1.34883
1.04911
0.782068
0.51503
0.280298
0.0455646
-0.178524
-0.402612
-0.615683
-0.828753
-0.965446
-1.10214
-1.09001
-1.07787
-0.942106
-0.806344
-0.647241
-0.488139
-0.389167
-0.290194
-0.28011
-0.270026
-0.355554
-0.441081
-0.6084
-0.775719
-0.980949
-1.18617
-1.3957
-1.60522
-1.79458
-1.98392
-2.10475
-2.22557
-2.22016
-2.21473
-2.06254
-1.91036
-1.65415
-1.39794
-1.12081
-0.843693
-0.617923
-0.392154
-0.238467
-0.0847801
0.0175536
0.119887
0.162278
0.204668
0.138187
0.0717082
-0.132772
-0.337253
-0.612508
-0.887763
-1.10102
-1.31428
-1.40316
-1.49205
-1.48776
-1.48346
-1.41586
-1.34827
-1.20615
-1.06404
-0.851346
-0.638651
-0.410828
-0.183006
-0.00634932
0.170307
0.278057
0.385805
0.44967
0.513535
0.549949
0.586364
0.5929
0.599436
0.549763
0.50009
0.375909
0.251726
0.0817923
-0.0881414
-0.234919
-0.381697
-0.442761
-0.503825
-0.462369
-0.420912
-0.293555
-0.166199
0.0050416
0.176282
0.352566
0.528848
0.696727
0.864607
1.01662
1.16862
1.2872
1.40578
1.4646
1.52342
1.52679
1.53015
1.49523
1.46031
1.39234
1.32436
1.25471
1.18506
1.16694
1.14883
1.20075
1.25265
1.33631
1.41997
1.49318
1.56638
1.62034
1.67431
1.71035
1.7464
1.77216
1.79793
1.83846
1.87898
1.94453
2.01007
2.07824
2.14639
2.19868
2.25097
2.27525
2.29952
2.2801
2.26068
2.18224
2.10381
1.95853
1.81325
1.6097
1.40616
1.15966
0.91316
0.65079
0.38842
0.145284
-0.0978518
-0.293183
-0.488512
-0.628007
-0.767502
-0.867782
-0.968061
-1.04611
-1.12418
-1.17777
-1.23136
-1.24369
-1.25602
-1.20074
-1.14547
-1.00261
-0.859752
-0.651723
-0.443695
-0.226516
-0.00933701
0.170681
0.350699
0.478802
0.606905
0.67021
0.733516
0.685523
0.637531
0.472639
0.307747
0.0928096
-0.122128
-0.30532
-0.488512
-0.60037
-0.712228
-0.750135
-0.788044
-0.720631
-0.653217
-0.463489
-0.273761
-0.0173671
0.239027
0.469651
0.700275
0.833795
0.967314
0.989354
1.01139
0.941546
0.871703
0.75443
0.637158
0.533516
0.429875
0.349204
0.268533
0.170494
0.0724552
-0.0662926
-0.20504
-0.360035
-0.51503
-0.646308
-0.777586
-0.872824
-0.968061
-1.01904
-1.07002
-1.07208
-1.07413
-1.04706
-1.01997
-0.984117
-0.948267
-0.933141
-0.918015
-0.933701
-0.949387
-0.95891
-0.968434
-0.939677
-0.910919
-0.854149
-0.797381
-0.759098
-0.720817
-0.733702
-0.746587
-0.815121
-0.883655
-0.998503
-1.11335
-1.2577
-1.40205
-1.55741
-1.71278
-1.85098
-1.98916
-2.08159
-2.17403
-2.19513
-2.21623
-2.14022
-2.06422
-1.88103
-1.69784
-1.42427
-1.15069
-0.835663
-0.520632
-0.227076
0.0664795
0.292809
0.519138
0.659566
0.799995
0.855644
0.911292
0.904382
0.897473
0.853962
0.810452
0.724365
0.638278
0.506253
0.374228
0.238094
0.10196
0.0281976
-0.0455646
-0.0375349
-0.029505
0.0181138
0.0657325
0.115406
0.165078
0.20504
0.245003
0.284779
0.324554
0.377776
0.430996
0.50812
0.585244
0.697288
0.809332
0.924179
1.03902
1.09784
1.15666
1.12137
1.08608
0.943036
0.799995
0.577401
0.354807
0.119887
-0.115032
-0.299158
-0.483283
-0.574413
-0.665542
-0.640892
-0.616243
-0.480856
-0.34547
-0.140242
0.0649856
0.280484
0.495982
0.671705
0.847427
0.931085
1.01474
0.975156
0.935568
0.805597
0.675626
0.529409
0.383191
0.273761
0.164331
0.0969179
0.029505
0.00896352
-0.0115779
0.0352938
0.0821657
0.222221
0.362276
0.610454
0.858631
1.16395
1.46927
1.73668
2.0041
2.16413
2.32417
2.36431
2.40446
2.35012
2.29579
2.17496
2.05414
1.89671
1.7393
1.57273
1.40616
1.26629
1.12642
1.04295
0.959471
0.913159
0.866848
0.816428
0.766008
0.67768
0.589352
0.459567
0.329783
0.177403
0.0250231
-0.121568
-0.268159
-0.364517
-0.460874
-0.504012
-0.547148
-0.579454
-0.61176
-0.655271
-0.698782
-0.745654
-0.792525
-0.844626
-0.896726
-0.980949
-1.06517
-1.19533
-1.32549
-1.48833
-1.65116
-1.81736
-1.98355
-2.10978
-2.23602
-2.27561
-2.3152
-2.26124
-2.20727
-2.10531
-2.00335
-1.87393
-1.74452
-1.5533
-1.36208
-1.10737
-0.852656
-0.579642
-0.306627
-0.0341737
0.23828
0.515216
0.792152
1.06349
1.33482
1.57366
1.8125
1.99159
2.17067
2.29186
2.41305
2.49111
2.56918
2.6125
2.65582
2.65171
2.6476
2.57571
2.50381
2.38169
2.25956
2.13089
2.00222
1.89111
1.78001
1.66143
1.54285
1.39439
1.24593
1.10494
0.963953
0.873384
0.782815
0.729968
0.67712
0.621658
0.566197
0.495608
0.42502
0.352566
0.28011
0.203547
0.126983
0.00802969
-0.110924
-0.307375
-0.503825
-0.758166
-1.01251
-1.26983
-1.52716
-1.74452
-1.96189
-2.12175
-2.2816
-2.38337
-2.48514
-2.5533
-2.62145
-2.67897
-2.73649
-2.76319
-2.78989
-2.7406
-2.6913
-2.53014
-2.36898
-2.10512
-1.84126
-1.54042
-1.23958
-0.979265
-0.71895
-0.555926
-0.392901
-0.352006
-0.311109
-0.392901
-0.474694
-0.644441
-0.814187
-1.00989
-1.20559
-1.38318
-1.56078
-1.70625
-1.85171
-1.97327
-2.09485
-2.18896
-2.28309
-2.31988
-2.35667
-2.32006
-2.28346
-2.18486
-2.08626
-1.9604
-1.83454
-1.72268
-1.61082
-1.5309
-1.45097
-1.39812
-1.34528
-1.3167
-1.28813
-1.28085
-1.27357
-1.2562
-1.23883
-1.16657
-1.09429
-0.952746
-0.811199
-0.623899
-0.436599
-0.228944
-0.0212884
0.201306
0.4239
0.654338
0.884775
1.09318
1.30158
1.44555
1.58953
1.67749
1.76544
1.86013
1.9548
2.08216
2.20951
2.33313
2.45675
2.52641
2.59607
2.60503
2.61399
2.57403
2.53407
2.42968
2.32528
2.15965
1.99402
1.79383
1.59364
1.38187
1.17011
0.97198
0.773852
0.617737
0.461622
0.366198
0.270773
0.226516
0.182259
0.180578
0.178897
0.214938
0.250979
0.278989
0.307001
0.273388
0.239775
0.125676
0.0115779
-0.143603
-0.298784
-0.431743
-0.564702
-0.671892
-0.77908
-0.884217
-0.989354
-1.09113
-1.1929
-1.26797
-1.34304
-1.37236
-1.40167
-1.37945
-1.35723
-1.25658
-1.15592
-0.96806
-0.7802
-0.540613
-0.301025
-0.0778707
0.145284
0.267599
0.389913
0.362089
0.334265
0.132212
-0.0698408
-0.43996
-0.810079
-1.28739
-1.7647
-2.26142
-2.75815
-3.18429
-3.61044
-3.91034
-4.21024
-4.36636
-4.52247
-4.52621
-4.52995
-4.39494
-4.25992
-4.04386
-3.8278
-3.60222
-3.37664
-3.17328
-2.96991
-2.79793
-2.62594
-2.49391
-2.36189
-2.25171
-2.14154
-2.01176
-1.88196
-1.70512
-1.52828
-1.3083
-1.08832
-0.849108
-0.609893
-0.377028
-0.144164
0.0743226
0.292809
0.50065
0.708492
0.891498
1.0745
1.21624
1.35798
1.46573
1.57348
1.66554
1.7576
1.83678
1.91595
1.97628
2.03659
2.08495
2.13332
2.18505
2.23677
2.30475
2.37272
2.45508
2.53742
2.62164
2.70586
2.77719
2.84854
2.89653
2.94452
2.95983
2.97514
2.94414
2.91314
2.83117
2.74919
2.61417
2.47916
2.29466
2.11017
1.90625
1.70233
1.52753
1.35275
1.23248
1.11222
1.04145
0.970676
0.943411
0.916147
0.927538
0.93893
0.971423
1.00392
1.03566
1.0674
1.09392
1.12044
1.14379
1.16713
1.17778
1.18842
1.16339
1.13837
1.05993
0.981508
0.867783
0.754057
0.646495
0.538932
0.476747
0.414563
0.426515
0.438466
0.529034
0.619604
0.751442
0.883281
1.00877
1.13426
1.22595
1.31764
1.36787
1.4181
1.42613
1.43416
1.38654
1.33893
1.24406
1.1492
1.05172
0.954242
0.88963
0.825018
0.798501
0.771984
0.764515
0.757045
0.765448
0.773852
0.812506
0.851161
0.9154
0.979639
1.04406
1.10848
1.12791
1.14733
1.08907
1.03081
0.885336
0.739865
0.520632
0.301399
0.0668529
-0.167693
-0.349765
-0.531836
-0.623525
-0.715215
-0.714841
-0.714468
-0.65247
-0.590472
-0.514843
-0.439213
-0.39477
-0.350325
-0.35406
-0.357795
-0.417925
-0.478055
-0.598315
-0.718576
-0.859751
-1.00093
-1.09766
-1.19439
-1.20895
-1.22352
-1.17291
-1.12231
-1.04518
-0.968061
-0.885522
-0.802983
-0.742105
-0.681228
-0.66218
-0.643133
-0.66106
-0.678987
-0.719884
-0.760779
-0.801115
-0.841452
-0.851536
-0.861619
-0.815495
-0.76937
-0.66853
-0.56769
-0.438092
-0.308495
-0.172174
-0.0358541
0.0929965
0.221847
0.333144
0.444441
0.516149
0.587858
0.606159
0.624459
0.605785
0.587111
0.556486
0.52586
0.49038
0.454899
0.402985
0.351071
0.272081
0.193089
0.0870208
-0.0190475
-0.130345
-0.241642
-0.326422
-0.411202
-0.44052
-0.469839
-0.416991
-0.364143
-0.23716
-0.110177
0.0418298
0.193836
0.308121
0.422407
0.46349
0.504572
0.478988
0.453406
0.374788
0.29617
0.170307
0.0444441
-0.123622
-0.291688
-0.489633
-0.687578
-0.884964
-1.08235
-1.23641
-1.39047
-1.4702
-1.54994
-1.5589
-1.56787
-1.51632
-1.46479
-1.35909
-1.2534
-1.12007
-0.986735
-0.867222
-0.747708
-0.67021
-0.592713
-0.549389
-0.506066
-0.477868
-0.44967
-0.420726
-0.391781
-0.34603
-0.300279
-0.227823
-0.155368
-0.0392154
0.076937
0.241454
0.405973
0.597196
0.788417
0.979641
1.17086
1.33557
1.50027
1.62464
1.74901
1.81195
1.87487
1.84594
1.81699
1.69112
1.56526
1.35443
1.14359
0.870394
0.597196
0.289261
-0.018674
-0.328289
-0.637905
-0.909053
-1.1802
-1.38505
-1.5899
-1.7223
-1.8547
-1.9195
-1.9843
-1.98971
-1.99513
-1.96918
-1.94322
-1.91763
-1.89206
-1.86945
-1.84686
-1.81959
-1.79233
-1.76955
-1.74677
-1.7464
-1.74602
-1.7548
-1.76358
-1.752
-1.74042
-1.7083
-1.67618
-1.64052
-1.60485
-1.55816
-1.51148
-1.41718
-1.32287
-1.15367
-0.98449
-0.743597
-0.502705
-0.207655
0.0873944
0.410082
0.732769
1.03678
1.34079
1.57647
1.81213
1.95255
2.09298
2.1294
2.16581
2.10867
2.05153
1.94284
1.83416
1.71726
1.60037
1.48925
1.37814
1.27636
1.17459
1.09598
1.01736
0.979639
0.941918
0.943785
0.945652
0.971798
0.997944
1.03492
1.07189
1.09972
1.12754
1.13333
1.13911
1.12025
1.10139
1.0506
0.999808
0.915213
0.83062
0.71895
0.607279
0.487952
0.368625
0.259382
0.150139
0.0577025
-0.0347337
-0.0959843
-0.157235
-0.179084
-0.200932
-0.179644
-0.158356
-0.081979
-0.00560221
0.120447
0.246497
0.391034
0.535571
0.655272
0.774971
0.832114
0.889257
0.858445
0.827632
0.70569
0.58375
0.409334
0.234919
0.0562088
-0.122502
-0.264051
-0.4056
-0.477682
-0.549763
-0.553311
-0.556859
-0.517457
-0.478055
-0.41811
-0.358167
-0.274694
-0.191222
-0.0950507
0.00112044
0.0769369
0.152753
0.204854
0.256955
0.303266
0.349578
0.414563
0.479549
0.566009
0.65247
0.729407
0.806344
0.828566
0.850789
0.782441
0.714095
0.562088
0.410082
0.208589
0.00709613
-0.20392
-0.414937
-0.606346
-0.797754
-0.968247
-1.13874
-1.28701
-1.43528
-1.54192
-1.64855
-1.69336
-1.73818
-1.7294
-1.72063
-1.6915
-1.66236
-1.62408
-1.58579
-1.5309
-1.476
-1.41475
-1.35349
-1.30793
-1.26236
-1.23789
-1.21344
-1.19645
-1.17946
-1.19065
-1.20186
-1.27731
-1.35275
-1.48515
-1.61755
-1.78617
-1.9548
-2.13276
-2.31072
-2.46255
-2.61436
-2.70961
-2.80484
-2.82556
-2.84629
-2.81286
-2.77944
-2.71071
-2.642
-2.53948
-2.43696
-2.32567
-2.21436
-2.11482
-2.0153
-1.93201
-1.84873
-1.77721
-1.70568
-1.64406
-1.58244
-1.53183
-1.48123
-1.4183
-1.35536
-1.26647
-1.17758
-1.05135
-0.925111
-0.747894
-0.570678
-0.362276
-0.153874
0.0558351
0.265544
0.45714
0.648735
0.822217
0.995699
1.13948
1.28328
1.36078
1.43827
1.44537
1.45246
1.4125
1.37254
1.31167
1.25079
1.18785
1.12492
1.06442
1.00392
0.942105
0.880293
0.803542
0.726792
0.640332
0.553872
0.486459
0.419045
0.39533
0.371613
0.390848
0.410082
0.446869
0.483657
0.515963
0.548269
0.568438
0.588605
0.593274
0.597942
0.580389
0.562835
0.524927
0.487019
0.452845
0.418671
0.409334
0.399998
0.412883
0.425767
0.444255
0.462742
0.48123
0.499716
0.52474
0.549763
0.584496
0.61923
0.65826
0.697288
0.731461
0.765635
0.7957
0.825765
0.858631
0.891498
0.942481
0.993463
1.08198
1.17049
1.29001
1.40952
1.52717
1.64481
1.72492
1.80503
1.84088
1.87674
1.88122
1.8857
1.85582
1.82595
1.76656
1.70718
1.65135
1.59551
1.56974
1.54397
1.53949
1.53501
1.52847
1.52193
1.50196
1.48197
1.45172
1.42146
1.3914
1.36134
1.33109
1.30083
1.24893
1.19701
1.09766
0.998317
0.847616
0.696914
0.517831
0.338747
0.160784
-0.0171801
-0.168439
-0.319699
-0.416991
-0.514282
-0.540799
-0.567317
-0.520631
-0.473947
-0.368251
-0.262556
-0.122314
0.017927
0.168253
0.318579
0.45658
0.594581
0.711854
0.829127
0.924362
1.0196
1.08739
1.15517
1.18673
1.21829
1.21773
1.21717
1.22184
1.22651
1.26423
1.30195
1.36413
1.42632
1.48794
1.54957
1.5843
1.61904
1.60615
1.59327
1.52249
1.45172
1.34565
1.23958
1.13407
1.02856
0.947331
0.866101
0.817175
0.768249
0.743039
0.717829
0.706251
0.694674
0.687018
0.679361
0.661434
0.643506
0.593834
0.544161
0.448364
0.352566
0.216432
0.0802983
-0.0795513
-0.239401
-0.403919
-0.568438
-0.717829
-0.867222
-0.993639
-1.12007
-1.22726
-1.33445
-1.42483
-1.51521
-1.59364
-1.67207
-1.73725
-1.80241
-1.85658
-1.91073
-1.95984
-2.00895
-2.03696
-2.06498
-2.05134
-2.0377
-1.9787
-1.91969
-1.83529
-1.75088
-1.65994
-1.569
-1.48141
-1.39383
-1.32679
-1.25975
-1.22035
-1.18095
-1.16358
-1.14621
-1.1281
-1.10999
-1.06031
-1.01063
-0.908489
-0.806344
-0.642573
-0.478802
-0.265358
-0.0519138
0.175536
0.402986
0.603918
0.80485
0.962832
1.12081
1.24145
1.36208
1.44798
1.53389
1.57161
1.60933
1.58094
1.55256
1.45657
1.36058
1.21455
1.06852
0.905127
0.741732
0.59402
0.446309
0.338374
0.230438
0.193649
0.156861
0.223154
0.289447
0.457701
0.625954
0.853401
1.08085
1.30643
1.53201
1.70195
1.87188
1.95871
2.04555
2.03995
2.03435
1.93481
1.83529
1.65097
1.46665
1.22333
0.980013
0.72642
0.472827
0.26237
0.0519138
-0.0802981
-0.21251
-0.253407
-0.294302
-0.247431
-0.200559
-0.084033
0.0324928
0.178711
0.324928
0.444629
0.564329
0.614936
0.665542
0.63697
0.6084
0.514842
0.421286
0.291501
0.161717
0.0265167
-0.108683
-0.224275
-0.339867
-0.422033
-0.504198
-0.560594
-0.616989
-0.665729
-0.714468
-0.757791
-0.801115
-0.83062
-0.860126
-0.867222
-0.874318
-0.847988
-0.821657
-0.744533
-0.667409
-0.53277
-0.39813
-0.22969
-0.0612508
0.110363
0.281977
0.438652
0.595327
0.711667
0.828006
0.871703
0.915401
0.878426
0.841452
0.732395
0.623339
0.446683
0.270026
0.0444442
-0.181138
-0.414003
-0.646868
-0.846305
-1.04574
-1.19793
-1.35013
-1.45079
-1.55144
-1.58506
-1.61867
-1.59345
-1.56824
-1.51671
-1.46516
-1.41418
-1.3632
-1.33165
-1.30009
-1.2986
-1.2971
-1.32828
-1.35947
-1.41101
-1.46255
-1.51092
-1.55928
-1.58598
-1.61268
-1.60073
-1.58879
-1.53183
-1.47487
-1.38448
-1.29411
-1.18412
-1.07413
-0.960219
-0.846307
-0.740986
-0.635663
-0.545468
-0.455273
-0.389727
-0.324181
-0.297103
-0.270026
-0.284218
-0.29841
-0.337065
-0.375721
-0.438652
-0.501584
-0.613068
-0.724552
-0.900647
-1.07674
-1.30308
-1.52941
-1.76059
-1.99177
-2.18224
-2.37272
-2.49503
-2.61735
-2.65844
-2.69952
-2.65881
-2.6181
-2.52305
-2.428
-2.32604
-2.22408
-2.15255
-2.08103
-2.05527
-2.0295
-2.03435
-2.0392
-2.0448
-2.0504
-2.03919
-2.028
-1.98935
-1.95069
-1.87338
-1.79607
-1.67245
-1.54882
-1.38711
-1.22539
-1.04873
-0.872077
-0.690378
-0.508681
-0.317272
-0.125862
0.0735759
0.273014
0.453966
0.634917
0.758912
0.882907
0.929406
0.975904
0.961152
0.9464
0.918575
0.890751
0.88216
0.87357
0.893365
0.91316
0.972915
1.03267
1.1309
1.22913
1.35368
1.47823
1.59981
1.72137
1.80708
1.8928
1.93109
1.96936
1.95815
1.94695
1.89485
1.84275
1.76039
1.67805
1.58691
1.49579
1.42464
1.35349
1.30793
1.26236
1.24107
1.21979
1.22894
1.23809
1.27636
1.31465
1.37311
1.43156
1.5014
1.57123
1.63473
1.69822
1.72716
1.75611
1.74434
1.73258
1.68907
1.64556
1.55723
1.4689
1.32622
1.18355
1.02371
0.86386
0.734076
0.604292
0.517644
0.430996
0.379456
0.327916
0.303826
0.279737
0.274509
0.26928
0.271333
0.273388
0.274321
0.275255
0.256395
0.237534
0.181325
0.125116
0.0394022
-0.0463116
-0.141176
-0.236039
-0.319325
-0.402612
-0.461248
-0.519885
-0.533703
-0.547522
-0.49038
-0.433237
-0.296543
-0.159849
0.044631
0.249111
0.485898
0.722684
0.948452
1.17422
1.35891
1.5436
1.68085
1.8181
1.9111
2.0041
2.05563
2.10717
2.12436
2.14154
2.11389
2.08626
1.99962
1.91296
1.77403
1.6351
1.45339
1.2717
1.05676
0.841824
0.60952
0.377215
0.148645
-0.0799248
-0.290754
-0.501584
-0.688138
-0.874691
-1.03678
-1.19887
-1.34211
-1.48533
-1.60204
-1.71875
-1.80745
-1.89616
-1.97384
-2.05153
-2.12511
-2.19868
-2.25415
-2.3096
-2.33631
-2.36301
-2.37814
-2.39326
-2.41381
-2.43434
-2.45451
-2.47468
-2.49017
-2.50568
-2.51819
-2.5307
-2.53725
-2.54378
-2.52753
-2.51129
-2.44368
-2.37608
-2.23491
-2.09373
-1.8745
-1.65526
-1.37964
-1.104
-0.808583
-0.513162
-0.234733
0.0436972
0.265171
0.486645
0.631369
0.776092
0.852656
0.929219
0.942478
0.955736
0.908305
0.860872
0.765074
0.669276
0.547896
0.426515
0.301212
0.17591
0.0601306
-0.0556486
-0.138187
-0.220727
-0.252472
-0.284218
-0.265171
-0.246123
-0.184312
-0.122502
-0.0302519
0.0619977
0.170307
0.278617
0.386925
0.495235
0.58319
0.671145
0.720257
0.76937
0.773852
0.778333
0.738931
0.699529
0.622405
0.545281
0.452285
0.359288
0.276376
0.193463
0.133332
0.0732021
0.0427635
0.0123249
0.0231558
0.0339867
0.0855271
0.137068
0.212697
0.288327
0.366012
0.443695
0.49953
0.555365
0.573666
0.591967
0.571798
0.551631
0.512602
0.473573
0.446869
0.420165
0.437533
0.454899
0.534077
0.613255
0.73725
0.861246
0.997748
1.13426
1.24836
1.36246
1.41699
1.47152
1.44967
1.42782
1.34714
1.26647
1.1604
1.05433
0.947519
0.840704
0.757979
0.675253
0.636597
0.597942
0.589539
0.581135
0.572732
0.564329
0.536878
0.509427
0.459754
0.410082
0.341922
0.273761
0.183752
0.0937435
-0.011391
-0.116526
-0.21886
-0.321193
-0.400371
-0.479549
-0.510174
-0.540799
-0.50868
-0.476561
-0.383937
-0.291314
-0.159289
-0.0272641
0.113725
0.254714
0.374788
0.494861
0.568063
0.641266
0.669464
0.697662
0.705879
0.714095
0.725299
0.736503
0.746213
0.755924
0.74528
0.734636
0.692432
0.650229
0.573665
0.497102
0.404106
0.311109
0.219233
0.127357
0.0412697
-0.0448177
-0.121195
-0.197571
-0.26349
-0.329409
-0.38151
-0.433611
-0.466103
-0.498597
-0.499716
-0.500837
-0.469465
-0.438092
-0.398504
-0.358915
-0.326609
-0.294302
-0.276375
-0.258448
-0.259569
-0.260689
-0.28067
-0.300651
-0.328662
-0.356674
-0.376842
-0.397009
-0.418859
-0.440707
-0.472452
-0.504198
-0.532956
-0.561714
-0.571986
-0.582256
-0.571612
-0.560968
-0.544908
-0.528848
-0.51783
-0.506813
-0.509988
-0.513162
-0.544908
-0.576654
-0.633423
-0.690192
-0.757419
-0.824645
-0.901395
-0.978145
-1.07058
-1.16302
-1.26031
-1.3576
-1.43435
-1.5111
-1.53893
-1.56675
-1.52623
-1.48571
-1.38281
-1.27991
-1.1337
-0.987481
-0.817174
-0.646868
-0.466477
-0.286086
-0.103268
0.0795513
0.249485
0.419419
0.554805
0.690192
0.781508
0.872823
0.928284
0.983744
1.03024
1.07674
1.13912
1.20149
1.27731
1.35312
1.42464
1.49616
1.55386
1.61157
1.65247
1.69336
1.70569
1.71801
1.69074
1.66348
1.60465
1.54583
1.4745
1.40316
1.33183
1.2605
1.18916
1.11783
1.04911
0.980386
0.924737
0.869089
0.829313
0.789537
0.759846
0.730154
0.715401
0.700649
0.714468
0.728287
0.774598
0.82091
0.873011
0.925111
0.946773
0.968434
0.948639
0.928846
0.874691
0.820536
0.745654
0.670771
0.598129
0.525487
0.476001
0.426515
0.411388
0.396262
0.414563
0.432864
0.469838
0.506813
0.536878
0.566943
0.563208
0.559473
0.511108
0.462742
0.376282
0.289821
0.17927
0.0687204
-0.0618112
-0.192343
-0.348084
-0.503825
-0.679361
-0.854897
-1.03716
-1.21942
-1.38375
-1.54808
-1.66852
-1.78897
-1.85974
-1.93052
-1.94957
-1.96862
-1.9294
-1.89018
-1.79383
-1.69747
-1.55965
-1.42184
-1.26106
-1.10028
-0.932022
-0.763767
-0.612695
-0.461622
-0.352752
-0.243883
-0.180391
-0.116899
-0.070401
-0.0239027
0.0360409
0.0959845
0.179457
0.26293
0.364891
0.46685
0.574786
0.682722
0.793833
0.904943
1.02091
1.13688
1.25191
1.36694
1.4689
1.57086
1.64481
1.71875
1.7632
1.80764
1.8209
1.83416
1.81231
1.79047
1.73164
1.67282
1.57142
1.47002
1.33071
1.1914
1.02222
0.853029
0.657886
0.462742
0.250419
0.038095
-0.168253
-0.374601
-0.545656
-0.716709
-0.833422
-0.950134
-0.991776
-1.03342
-0.977774
-0.922123
-0.779454
-0.636784
-0.456394
-0.276002
-0.104202
0.0676
0.210083
0.352566
0.441641
0.530715
0.542479
0.554244
0.492994
0.431744
0.326422
0.221101
0.10028
-0.0205414
-0.144911
-0.26928
-0.38842
-0.50756
-0.612321
-0.717082
-0.804476
-0.891871
-0.956298
-1.02073
-1.05266
-1.08459
-1.09075
-1.09691
-1.10793
-1.11895
-1.1619
-1.20485
-1.28813
-1.37142
-1.49093
-1.61045
-1.75741
-1.90437
-2.07319
-2.24201
-2.42071
-2.59942
-2.75927
-2.91913
-3.02669
-3.13424
-3.16842
-3.2026
-3.16245
-3.1223
-3.02369
-2.9251
-2.79139
-2.65769
-2.51315
-2.36861
-2.22482
-2.08103
-1.94247
-1.80391
-1.67823
-1.55256
-1.44612
-1.33968
-1.24948
-1.15928
-1.07544
-0.99159
-0.904196
-0.816802
-0.72698
-0.637158
-0.557606
-0.478055
-0.421472
-0.364891
-0.334078
-0.303266
-0.28814
-0.273014
-0.259196
-0.245377
-0.230811
-0.216245
-0.21027
-0.204294
-0.219794
-0.235293
-0.283286
-0.331277
-0.410269
-0.48926
-0.592153
-0.695047
-0.818296
-0.941544
-1.07861
-1.21568
-1.35125
-1.48683
-1.59925
-1.71166
-1.78487
-1.85807
-1.88291
-1.90774
-1.89056
-1.87337
-1.82837
-1.78337
-1.71148
-1.63958
-1.54117
-1.44275
-1.32231
-1.20186
-1.06554
-0.929219
-0.782069
-0.634917
-0.473947
-0.312976
-0.149205
0.0145657
0.166759
0.318952
0.457327
0.595701
0.719136
0.842572
0.952934
1.0633
1.16301
1.26273
1.36432
1.46591
1.58225
1.69859
1.82221
1.94584
2.06105
2.17627
2.27169
2.36712
2.44051
2.5139
2.56525
2.6166
2.65339
2.69018
2.72305
2.75591
2.7828
2.80969
2.82669
2.84368
2.84984
2.856
2.84966
2.84331
2.8181
2.79288
2.73892
2.68495
2.60278
2.52062
2.4209
2.32119
2.21642
2.11166
2.01138
1.9111
1.82352
1.73593
1.66777
1.59961
1.55611
1.5126
1.49448
1.47637
1.47058
1.46479
1.45285
1.44089
1.40448
1.36806
1.30121
1.23435
1.13855
1.04276
0.922312
0.801862
0.681229
0.560594
0.46517
0.369746
0.307001
0.244256
0.213817
0.183378
0.191409
0.199439
0.256208
0.312976
0.40616
0.499343
0.604291
0.709239
0.805971
0.902702
0.977586
1.05247
1.10289
1.15331
1.17871
1.2041
1.20018
1.19625
1.14097
1.0857
0.961711
0.837716
0.654898
0.472079
0.247244
0.0224088
-0.224461
-0.471332
-0.722311
-0.973289
-1.2097
-1.44612
-1.64762
-1.8491
-2.011
-2.17291
-2.29335
-2.4138
-2.49597
-2.57814
-2.63528
-2.69242
-2.72901
-2.76562
-2.78075
-2.79588
-2.78897
-2.78206
-2.76357
-2.74508
-2.72734
-2.7096
-2.69279
-2.67599
-2.66273
-2.64947
-2.64257
-2.63565
-2.62612
-2.6166
-2.58168
-2.54677
-2.4717
-2.39663
-2.28813
-2.17964
-2.0478
-1.91595
-1.7716
-1.62726
-1.47749
-1.32772
-1.17236
-1.01699
-0.866102
-0.715215
-0.587671
-0.460128
-0.372547
-0.284966
-0.23716
-0.189355
-0.171988
-0.15462
-0.150886
-0.147152
-0.128851
-0.11055
-0.0647989
-0.0190475
0.0425766
0.104201
0.168999
0.233798
0.299531
0.365263
0.430623
0.495982
0.556673
0.617363
0.673945
0.730528
0.789538
0.848548
0.91428
0.980013
1.05154
1.12306
1.19309
1.26311
1.32828
1.39346
1.45657
1.51969
1.57777
1.63585
1.68178
1.72772
1.76357
1.79943
1.83118
1.86292
1.88402
1.90513
1.9055
1.90587
1.88234
1.85881
1.81568
1.77254
1.71483
1.65713
1.59009
1.52305
1.45657
1.39009
1.3294
1.26872
1.21381
1.15891
1.11428
1.06965
1.04052
1.01139
1.00952
1.00765
1.03642
1.06517
1.10999
1.1548
1.20075
1.24668
1.27637
1.30606
1.30065
1.29523
1.23978
1.18431
1.07432
0.964326
0.809705
0.655084
0.47488
0.294676
0.113165
-0.068347
-0.225022
-0.381697
-0.49897
-0.616243
-0.693926
-0.771611
-0.817175
-0.86274
-0.887764
-0.912786
-0.918388
-0.92399
-0.911293
-0.898594
-0.877866
-0.857137
-0.83809
-0.819043
-0.811387
-0.803729
-0.799434
-0.79514
-0.773852
-0.752563
-0.708866
-0.665168
-0.602237
-0.539306
-0.472079
-0.404853
-0.34771
-0.290568
-0.239775
-0.188981
-0.135947
-0.0829127
-0.00989726
0.0631181
0.167879
0.272641
0.404853
0.537065
0.687391
0.837716
0.994581
1.15144
1.30176
1.45209
1.58001
1.70793
1.80224
1.89654
1.95013
2.00372
2.00577
2.00783
1.9617
1.91558
1.84144
1.76731
1.68496
1.6026
1.52137
1.44014
1.3604
1.28066
1.20503
1.1294
1.05621
0.982999
0.909984
0.836969
0.772357
0.707745
0.660687
0.613629
0.581323
0.549016
0.51671
0.484404
0.438466
0.392528
0.325675
0.258822
0.167319
0.0758165
-0.0356677
-0.147152
-0.270026
-0.392901
-0.514842
-0.636784
-0.740798
-0.844812
-0.914843
-0.984872
-1.00877
-1.03267
-1.00989
-0.987108
-0.920255
-0.853403
-0.751256
-0.649109
-0.536691
-0.424274
-0.32997
-0.235667
-0.179644
-0.123622
-0.105321
-0.087021
-0.0989726
-0.110924
-0.150326
-0.189728
-0.246123
-0.302519
-0.358355
-0.41419
-0.445376
-0.476561
-0.471145
-0.46573
-0.437719
-0.409708
-0.378897
-0.348084
-0.335572
-0.32306
-0.340613
-0.358167
-0.405413
-0.452658
-0.520258
-0.587858
-0.652097
-0.716336
-0.759286
-0.802236
-0.819603
-0.836969
-0.833607
-0.830247
-0.821096
-0.811946
-0.811386
-0.810826
-0.826325
-0.841824
-0.861246
-0.880667
-0.892618
-0.904569
-0.913906
-0.923243
-0.935755
-0.948267
-0.968619
-0.988971
-1.01587
-1.04276
-1.07338
-1.104
-1.13892
-1.17385
-1.21661
-1.25938
-1.32212
-1.38487
-1.47021
-1.55555
-1.64518
-1.73482
-1.80317
-1.87151
-1.89392
-1.91633
-1.88401
-1.85171
-1.77273
-1.69374
-1.58674
-1.47973
-1.37011
-1.2605
-1.16077
-1.06106
-0.978707
-0.896353
-0.834542
-0.772731
-0.722684
-0.672638
-0.624645
-0.576654
-0.521006
-0.465357
-0.389353
-0.31335
-0.211017
-0.108683
0.0113909
0.131465
0.254527
0.377588
0.480483
0.583376
0.639212
0.695047
0.699342
0.703637
0.66797
0.632302
0.574413
0.516523
0.458447
0.400371
0.359662
0.318952
0.309242
0.299531
0.330718
0.361903
0.438466
0.51503
0.621471
0.727913
0.834916
0.941918
1.0323
1.12268
1.18785
1.25303
1.28926
1.32549
1.33613
1.34677
1.33557
1.32436
1.29878
1.2732
1.24649
1.21979
1.21083
1.20186
1.21624
1.23062
1.2549
1.27917
1.29691
1.31465
1.3195
1.32436
1.32324
1.32212
1.3167
1.31129
1.29355
1.27581
1.23958
1.20335
1.14342
1.08347
1.00317
0.92287
0.83118
0.739491
0.650043
0.560594
0.482724
0.404853
0.333331
0.26181
0.191409
0.121007
0.0420163
-0.0369746
-0.136507
-0.236039
-0.353126
-0.470212
-0.595515
-0.720817
-0.839771
-0.958725
-1.06292
-1.16713
-1.25733
-1.34752
-1.41586
-1.48421
-1.5238
-1.56339
-1.57404
-1.58468
-1.57421
-1.56376
-1.55292
-1.5421
-1.54042
-1.53874
-1.54061
-1.54248
-1.53725
-1.53201
-1.50213
-1.47226
-1.40876
-1.34528
-1.25397
-1.16265
-1.05247
-0.942291
-0.822777
-0.703263
-0.581509
-0.459754
-0.345656
-0.231558
-0.129411
-0.0272641
0.0677867
0.162837
0.252472
0.342108
0.419605
0.497102
0.556486
0.615869
0.659939
0.704011
0.744159
0.784308
0.83118
0.878052
0.928098
0.978145
1.02296
1.06778
1.09541
1.12306
1.11782
1.11259
1.07077
1.02894
0.956299
0.883655
0.790845
0.698034
0.592339
0.486645
0.371052
0.25546
0.142483
0.029505
-0.0702143
-0.169934
-0.247618
-0.325301
-0.372919
-0.420539
-0.442761
-0.464983
-0.473574
-0.482164
-0.483844
-0.485524
-0.480483
-0.47544
-0.46517
-0.454899
-0.453218
-0.451537
-0.470399
-0.48926
-0.526794
-0.564329
-0.609707
-0.655084
-0.692619
-0.730154
-0.748828
-0.767502
-0.766008
-0.764515
-0.742105
-0.719696
-0.678801
-0.637905
-0.595702
-0.553498
-0.525486
-0.497476
-0.481976
-0.466477
-0.461995
-0.457514
-0.465917
-0.47432
-0.488326
-0.502331
-0.51727
-0.53221
-0.545655
-0.5591
-0.569371
-0.579642
-0.591593
-0.603544
-0.620351
-0.637158
-0.651164
-0.665168
-0.663488
-0.661808
-0.649669
-0.637531
-0.623713
-0.609893
-0.588605
-0.567317
-0.532582
-0.497849
-0.451538
-0.405226
-0.351072
-0.296917
-0.235292
-0.173668
-0.104388
-0.0351071
0.0379084
0.110924
0.176843
0.242763
0.287767
0.332771
0.348458
0.364143
0.352566
0.340988
0.317272
0.293555
0.27376
0.253967
0.250792
0.247618
0.265732
0.283845
0.311856
0.339867
0.367879
0.39589
0.412135
0.428382
0.418671
0.408961
0.374414
0.339867
0.293369
0.246871
0.20168
0.156489
0.120261
0.0840331
0.0614375
0.038842
0.0336133
0.0283845
0.0317458
0.0351071
0.032306
0.029505
0.0104574
-0.00859005
-0.052474
-0.096358
-0.166198
-0.236039
-0.32194
-0.407841
-0.50009
-0.59234
-0.678614
-0.764888
-0.825392
-0.885895
-0.908117
-0.930339
-0.92063
-0.910919
-0.879919
-0.848921
-0.802609
-0.756298
-0.702891
-0.649483
-0.598502
-0.547522
-0.499529
-0.451537
-0.39925
-0.346963
-0.284406
-0.221847
-0.147898
-0.0739491
0.0115779
0.0971049
0.198692
0.300279
0.417365
0.534451
0.65938
0.784308
0.912971
1.04163
1.16992
1.29821
1.42241
1.54659
1.66965
1.7927
1.91222
2.03173
2.1406
2.24947
2.33798
2.4265
2.4814
2.5363
2.5546
2.5729
2.55908
2.54527
2.5038
2.46235
2.40073
2.33911
2.26516
2.19121
2.11502
2.03883
1.96058
1.88234
1.80317
1.72399
1.65396
1.58393
1.52828
1.47264
1.42782
1.383
1.34248
1.30195
1.26983
1.23772
1.21717
1.19663
1.18599
1.17535
1.17142
1.1675
1.16115
1.1548
1.13968
1.12455
1.0999
1.07525
1.04462
1.014
0.981136
0.948267
0.90513
0.861993
0.798502
0.735009
0.646868
0.558727
0.450977
0.343229
0.235107
0.126983
0.0352939
-0.0563955
-0.131465
-0.206535
-0.2704
-0.334265
-0.392341
-0.450417
-0.503825
-0.557232
-0.606719
-0.656205
-0.706064
-0.755924
-0.798502
-0.841078
-0.871703
-0.902328
-0.924364
-0.9464
-0.963581
-0.980763
-1.00075
-1.02073
-1.04631
-1.07189
-1.10625
-1.14061
-1.18656
-1.23249
-1.28403
-1.33557
-1.38693
-1.43827
-1.48962
-1.54098
-1.59495
-1.64892
-1.69896
-1.74901
-1.78673
-1.82445
-1.84742
-1.87039
-1.87338
-1.87637
-1.85396
-1.83155
-1.7802
-1.72884
-1.65993
-1.59103
-1.52175
-1.45246
-1.38711
-1.32175
-1.25975
-1.19775
-1.13837
-1.07899
-1.01643
-0.953869
-0.882721
-0.811573
-0.732395
-0.653217
-0.56825
-0.483283
-0.392528
-0.301772
-0.203734
-0.105695
-0.00448184
0.0967314
0.193463
0.290194
0.369185
0.448177
0.495422
0.542667
0.569371
0.596075
0.619604
0.643133
0.665355
0.687578
0.705318
0.723058
0.74472
0.766382
0.805037
0.843693
0.894112
0.944531
0.99514
1.04574
1.08122
1.1167
1.12007
1.12343
1.08215
1.04089
0.952374
0.86386
0.746587
0.629314
0.503452
0.377588
0.257141
0.136694
0.0315591
-0.0735757
-0.150512
-0.22745
-0.258262
-0.289074
-0.278803
-0.268533
-0.240708
-0.212884
-0.187674
-0.162464
-0.147151
-0.131839
-0.119887
-0.107936
-0.0924365
-0.076937
-0.058263
-0.039589
-0.0261436
-0.0126983
-0.00933701
-0.00597568
-0.0121381
-0.0183006
-0.0336133
-0.048926
-0.0717083
-0.0944905
-0.121381
-0.148272
-0.173108
-0.197944
-0.220727
-0.243509
-0.266104
-0.2887
-0.301771
-0.314843
-0.308495
-0.302146
-0.276749
-0.251352
-0.218673
-0.185993
-0.159663
-0.133332
-0.112418
-0.0915027
-0.0737624
-0.0560221
-0.0459381
-0.0358541
-0.0362276
-0.0366011
-0.0468718
-0.0571425
-0.0709613
-0.0847801
-0.0950508
-0.105321
-0.102147
-0.0989726
-0.079178
-0.0593834
-0.0341734
-0.00896353
0.0128851
0.0347337
0.0463116
0.0578894
0.0530342
0.048179
0.0293183
0.0104574
-0.0162465
-0.0429503
-0.0698409
-0.0967314
-0.114845
-0.132959
-0.134452
-0.135947
-0.11111
-0.086274
-0.0339867
0.0183006
0.0922499
0.166199
0.250419
0.334638
0.416431
0.498223
0.567877
0.637531
0.679548
0.721564
0.721938
0.722311
0.681041
0.639772
0.562835
0.485898
0.3901
0.294302
0.195703
0.0971049
0.00504194
-0.087021
-0.171801
-0.256581
-0.33856
-0.420539
-0.489446
-0.558353
-0.606906
-0.655458
-0.689818
-0.724179
-0.75051
-0.77684
-0.807278
-0.837716
-0.883281
-0.928846
-0.994953
-1.06106
-1.1436
-1.22614
-1.31614
-1.40616
-1.50232
-1.59849
-1.70289
-1.80727
-1.91876
-2.03024
-2.13107
-2.23192
-2.30587
-2.37982
-2.42763
-2.47542
-2.49989
-2.52435
-2.52771
-2.53108
-2.51221
-2.49335
-2.45638
-2.41941
-2.36749
-2.31558
-2.24406
-2.17254
-2.08178
-1.99102
-1.87935
-1.76768
-1.63248
-1.49728
-1.33593
-1.17459
-0.988599
-0.80261
-0.600556
-0.398504
-0.192343
0.0138187
0.206161
0.398504
0.557046
0.715588
0.825578
0.935568
0.992335
1.04911
1.06928
1.08944
1.09561
1.10177
1.10793
1.11409
1.12642
1.13874
1.15686
1.17497
1.19402
1.21306
1.22558
1.23809
1.23958
1.24107
1.23379
1.22651
1.21456
1.20261
1.18599
1.16936
1.14341
1.11746
1.08646
1.05546
1.02894
1.00243
0.984872
0.967314
0.960404
0.953496
0.958164
0.962833
0.98244
1.00204
1.03641
1.07077
1.11354
1.15629
1.19906
1.24183
1.28142
1.321
1.36021
1.39943
1.43958
1.47973
1.51708
1.55442
1.59122
1.628
1.67432
1.72063
1.77366
1.82669
1.87114
1.91558
1.94528
1.97496
1.99326
2.01157
2.01343
2.0153
1.9983
1.98132
1.95649
1.93165
1.91223
1.8928
1.88533
1.87786
1.8773
1.87674
1.87357
1.87039
1.85751
1.84462
1.82071
1.79681
1.76265
1.72847
1.68665
1.64481
1.59943
1.55405
1.49896
1.44387
1.3746
1.30531
1.22632
1.14733
1.06236
0.977398
0.884775
0.792152
0.692433
0.592713
0.489259
0.385805
0.274695
0.163585
0.0448179
-0.0739491
-0.188795
-0.303639
-0.406346
-0.509053
-0.602423
-0.695794
-0.781508
-0.867222
-0.949573
-1.03192
-1.11764
-1.20335
-1.28925
-1.37516
-1.45228
-1.52941
-1.58823
-1.64705
-1.67936
-1.71166
-1.70961
-1.70755
-1.66908
-1.63061
-1.56413
-1.49765
-1.4153
-1.33295
-1.24892
-1.16488
-1.09523
-1.02558
-0.978519
-0.93146
-0.908117
-0.884775
-0.8816
-0.878426
-0.889444
-0.900461
-0.919882
-0.939303
-0.960592
-0.981881
-1.00224
-1.02259
-1.04687
-1.07114
-1.1042
-1.13725
-1.17646
-1.21568
-1.25303
-1.29038
-1.32287
-1.35536
-1.38505
-1.41475
-1.44015
-1.46554
-1.48403
-1.50252
-1.51727
-1.53201
-1.54845
-1.56489
-1.58469
-1.60448
-1.62819
-1.6519
-1.68029
-1.70867
-1.74173
-1.77478
-1.80914
-1.8435
-1.8661
-1.88869
-1.88272
-1.87674
-1.8349
-1.79308
-1.72212
-1.65116
-1.56749
-1.48383
-1.40185
-1.31988
-1.24313
-1.16638
-1.09691
-1.02744
-0.970115
-0.912786
-0.87133
-0.829873
-0.807464
-0.785056
-0.77908
-0.773104
-0.770117
-0.767129
-0.749575
-0.732021
-0.689817
-0.647614
-0.58375
-0.519885
-0.440146
-0.360408
-0.270026
-0.179644
-0.0875811
0.00448177
0.0845932
0.164705
0.215872
0.267038
0.286833
0.306627
0.310922
0.315217
0.32082
0.326422
0.345283
0.364143
0.401865
0.439586
0.499343
0.5591
0.646495
0.733888
0.847801
0.961712
1.08851
1.21531
1.34267
1.47002
1.59327
1.71652
1.83136
1.94621
2.04014
2.13406
2.19625
2.25843
2.29019
2.32193
2.33482
2.3477
2.35106
2.35442
2.34919
2.34397
2.33201
2.32006
2.30213
2.2842
2.25918
2.23416
2.20073
2.16731
2.1195
2.07169
2.01231
1.95293
1.88234
1.81175
1.72958
1.64742
1.56694
1.48645
1.42371
1.36097
1.32473
1.28851
1.27861
1.26872
1.28888
1.30905
1.35555
1.40205
1.4506
1.49915
1.53426
1.56937
1.58711
1.60485
1.60298
1.60111
1.57329
1.54546
1.48627
1.42706
1.34471
1.26236
1.16488
1.0674
0.963953
0.860499
0.759099
0.657699
0.564329
0.470958
0.392528
0.314097
0.246497
0.178897
0.116713
0.0545281
-0.010084
-0.0746961
-0.148272
-0.221847
-0.30588
-0.389913
-0.490567
-0.591219
-0.708866
-0.826512
-0.951999
-1.07749
-1.19532
-1.31316
-1.41363
-1.51409
-1.6026
-1.69112
-1.7716
-1.85209
-1.92754
-2.00298
-2.07749
-2.15199
-2.22706
-2.30213
-2.37701
-2.4519
-2.51595
-2.58
-2.62445
-2.66889
-2.69223
-2.71558
-2.71389
-2.71222
-2.687
-2.6618
-2.62351
-2.58523
-2.54452
-2.50381
-2.46086
-2.41791
-2.36563
-2.31334
-2.25041
-2.18747
-2.1223
-2.05713
-1.99718
-1.93724
-1.88365
-1.83006
-1.77758
-1.72511
-1.66796
-1.61082
-1.54191
-1.47301
-1.38637
-1.29971
-1.19365
-1.08758
-0.973478
-0.859378
-0.758166
-0.656952
-0.579082
-0.501211
-0.443695
-0.386179
-0.343975
-0.301772
-0.274321
-0.246871
-0.230064
-0.213257
-0.195144
-0.17703
-0.152567
-0.128103
-0.10084
-0.0735757
-0.0496728
-0.0257701
-0.00541543
0.0149393
0.0354807
0.0560221
0.0780573
0.100093
0.121381
0.142669
0.167693
0.192716
0.232491
0.272267
0.333518
0.394769
0.474507
0.554244
0.647241
0.740238
0.843879
0.94752
1.05881
1.17011
1.2816
1.39308
1.50008
1.60708
1.71204
1.81699
1.91652
2.01605
2.10512
2.1942
2.27505
2.35591
2.43061
2.5053
2.57366
2.642
2.70102
2.76002
2.8026
2.84517
2.87188
2.89858
2.91576
2.93294
2.94097
2.949
2.94545
2.94191
2.92267
2.90344
2.86609
2.82874
2.77459
2.72043
2.65283
2.58523
2.51278
2.44032
2.37123
2.30213
2.23939
2.17664
2.11763
2.05862
1.99532
1.93202
1.86031
1.7886
1.70494
1.62127
1.52212
1.42296
1.31204
1.20111
1.08104
0.960965
0.834916
0.708866
0.58207
0.455273
0.331277
0.207281
0.0937433
-0.0197944
-0.115032
-0.210269
-0.283097
-0.355926
-0.4056
-0.455273
-0.48123
-0.507186
-0.513909
-0.520632
-0.524366
-0.528101
-0.540987
-0.553872
-0.578522
-0.603171
-0.640706
-0.678241
-0.731835
-0.785429
-0.855644
-0.925858
-1.00373
-1.0816
-1.15442
-1.22725
-1.2844
-1.34154
-1.3746
-1.40765
-1.42053
-1.43342
-1.44125
-1.4491
-1.46105
-1.47301
-1.49318
-1.51334
-1.54471
-1.57609
-1.62259
-1.66908
-1.73351
-1.79793
-1.87599
-1.95405
-2.04125
-2.12846
-2.21885
-2.30923
-2.39047
-2.4717
-2.53351
-2.59531
-2.63341
-2.67151
-2.68196
-2.69242
-2.67916
-2.6659
-2.63864
-2.61137
-2.5701
-2.52883
-2.47001
-2.41119
-2.34172
-2.27225
-2.20558
-2.13892
-2.07934
-2.01978
-1.96395
-1.90811
-1.85358
-1.79906
-1.73743
-1.67581
-1.59401
-1.51222
-1.40167
-1.29112
-1.15517
-1.01922
-0.864419
-0.709613
-0.541733
-0.373854
-0.208962
-0.0440707
0.101587
0.247244
0.366945
0.486645
0.576841
0.667036
0.731274
0.795513
0.84444
0.893365
0.935195
0.977025
1.01736
1.0577
1.09617
1.13463
1.17329
1.21195
1.2506
1.28925
1.32137
1.35349
1.37179
1.39009
1.3858
1.3815
1.35349
1.32549
1.27768
1.22987
1.16899
1.10811
1.0465
