0.664491
1.03411
0.927223
0.441748
-0.0313932
-0.0900688
0.248904
0.665986
0.98702
1.26956
1.44072
1.20042
0.474636
-0.540413
-1.58685
-2.29059
-2.34553
-1.58423
-0.0284034
1.71317
2.68188
2.51408
1.71131
0.901435
0.313185
-3.73729E-4
0.115482
0.784085
1.72962
2.1852
1.53192
0.0463425
-1.57453
-2.91397
-3.67937
-3.71936
-2.98946
-1.56032
0.0919374
1.2875
1.72289
1.5364
0.799034
-0.171915
-0.663743
-0.396153
0.474636
1.75877
3.23836
4.58229
5.27332
4.58006
2.19902
-0.716066
-2.63367
-3.22267
-2.74429
-1.76625
-1.35252
-1.9845
-3.28246
-4.84204
-5.94715
-5.45795
-2.92779
0.710086
3.53697
4.49671
4.3973
4.41076
4.60883
3.8767
1.54724
-1.20154
-2.4498
-1.56743
0.0739984
0.574796
-0.692895
-2.9319
-4.69367
-4.82485
-3.39309
-1.27591
1.19332
4.19735
7.10348
8.22317
6.82505
4.19847
2.31413
2.19529
3.05748
3.37179
2.40682
0.720924
-0.563211
-1.45232
-2.89042
-4.86372
-5.98042
-5.58651
-4.88353
-5.09095
-6.30519
-7.57811
-7.08554
-3.5082
2.19192
7.2481
10.0066
10.9664
10.6587
9.20084
7.03733
4.28556
1.2774
-1.37607
-4.09607
-7.35537
-10.2592
-11.3692
-10.519
-9.20533
-8.45189
-7.57474
-5.26996
-0.745591
5.5211
11.7751
15.7651
16.2165
13.6321
9.08686
3.26004
-3.02123
-8.25531
-11.2851
-12.339
-12.0371
-10.8957
-9.65717
-8.06359
-5.05506
-0.495939
4.45336
8.34127
10.8135
12.0146
11.8095
10.4846
8.81516
7.01752
4.9564
3.28583
2.05364
0.511635
-0.84276
-1.11521
-0.270207
1.48969
3.45102
3.90734
1.97965
-1.31628
-4.92202
-8.01426
-9.4774
-9.31857
-8.50683
-7.35836
-5.71657
-3.7799
-1.64067
0.501919
1.40634
0.459688
-0.532565
0.57218
3.46447
5.75095
5.57679
3.52277
1.54163
0.645057
0.291883
-0.687288
-2.3672
-3.21706
-2.20127
-0.143139
1.52183
2.1041
1.66273
0.833791
0.781468
2.28947
4.52437
5.34844
3.70329
0.545645
-3.00329
-6.52606
-9.44489
-10.3217
-8.39134
-5.23296
-2.63217
-0.999729
0.0388679
1.45942
3.71599
5.98566
6.79178
5.72254
4.37637
4.48064
6.04433
7.37069
6.96595
5.04311
3.04066
2.47558
3.3617
4.06917
2.64152
-1.61339
-7.00892
-10.8834
-12.0561
-10.9275
-7.92194
-4.02582
-0.83678
1.63245
4.25379
6.96296
9.14853
9.83166
7.4944
1.69038
-4.94967
-8.47207
-7.45591
-3.81017
-1.42316
-3.20772
-7.58185
-11.1053
-12.4964
-11.407
-8.10096
-3.9137
-0.154724
3.26527
7.47123
11.7434
14.269
14.2163
11.2859
6.13926
0.794922
-2.32908
-2.04804
1.07559
4.95677
6.71255
4.66414
0.00672713
-3.88641
-4.95827
-3.41365
-0.142391
2.86351
2.6531
-1.59919
-6.85233
-8.87159
-5.36302
1.65114
8.06807
12.5016
15.9426
19.1644
20.2819
17.3777
11.4582
4.0303
-3.53436
-10.5429
-16.4362
-19.5524
-18.7672
-14.7735
-10.4047
-8.16487
-7.64575
-6.93679
-5.15523
-2.71888
-0.0863315
2.06336
3.39272
4.71983
5.97518
5.72479
3.11317
-1.86977
-8.40144
-14.0508
-15.9284
-13.0955
-7.25297
-1.36001
2.32049
3.47232
3.30414
3.39608
5.0659
7.69658
9.37576
9.89864
10.0679
10.0462
9.77079
9.79731
9.668
6.96669
1.54985
-3.41365
-4.66938
-1.44932
2.90276
3.53324
-1.46278
-9.43144
-15.6735
-17.7951
-16.8451
-14.8082
-12.36
-8.92018
-3.37104
4.7374
14.2526
22.3206
25.9989
25.8194
24.3963
22.3681
19.1659
14.7533
9.40304
3.12139
-4.1271
-12.0804
-20.2412
-27.2236
-30.9833
-30.5531
-26.8686
-21.9805
-17.1688
-12.2172
-7.00892
-1.67319
3.9578
9.75845
15.528
20.2341
21.4514
17.3238
8.69557
-1.34991
-10.0821
-16.3241
-19.9897
-21.692
-21.7716
-19.1966
-13.5473
-6.78394
-0.850982
3.45065
6.103
8.55018
11.9291
15.6163
18.8281
21.2892
22.3811
21.1673
17.8748
13.7211
10.174
8.62045
7.68724
4.24519
-1.67468
-7.09899
-10.1595
-10.664
-9.03603
-6.93417
-5.67247
-4.35619
-1.83837
1.34319
4.05721
5.38282
4.35881
1.34767
-1.18622
-0.884618
1.97591
5.48261
7.77207
6.95586
2.78578
-2.59069
-6.99509
-9.9666
-12.0808
-13.4344
-14.127
-14.1864
-12.8245
-10.2943
-7.76759
-5.76029
-4.87418
-5.28566
-5.61155
-3.70702
1.12455
7.04741
12.2624
16.2109
17.479
14.3422
7.90848
2.06486
-0.656269
-1.08381
-1.35328
-2.42774
-2.97115
-0.747085
4.09832
8.10918
8.63764
6.65052
4.54829
3.96003
4.61145
5.06216
4.31695
2.2506
-0.325518
-2.51819
-3.88006
-4.57669
-5.08758
-5.54166
-6.32986
-8.20784
-11.4361
-14.6285
-15.7751
-14.6887
-11.8726
-7.74928
-3.55193
0.261611
4.77776
10.5052
15.7998
18.0822
16.0468
10.6775
4.65405
0.534059
-0.722045
-0.130058
0.0926849
-1.99983
-6.15009
-9.78722
-11.4029
-12.1058
-13.0248
-13.3421
-11.7964
-7.94661
-2.23976
3.22715
6.70919
7.90737
6.06712
0.98851
-5.10365
-8.04415
-5.16756
1.89742
9.04089
13.1246
14.0331
12.8312
9.98572
6.16018
2.66507
1.58349
2.9547
4.02469
3.17371
0.915637
-1.56929
-3.7971
-6.13402
-8.68847
-9.89491
-6.57689
2.31339
13.7476
23.0299
26.5097
23.2829
15.4941
6.77273
0.103897
-3.63938
-5.63135
-7.22905
-8.8787
-10.1191
-10.7264
-11.1406
-10.2611
-6.85121
-2.19753
2.01403
5.30248
7.59344
8.67912
7.84719
4.81252
0.55013
-3.43981
-6.05217
-7.75451
-9.35333
-10.3556
-10.5015
-10.836
-12.1597
-13.1381
-12.0008
-8.7718
-4.86708
-2.04318
-0.916758
-1.30544
-2.26816
-2.01814
-0.379335
1.88509
4.38647
5.9494
6.3463
7.29819
9.33315
11.0441
11.6988
11.6742
10.8531
8.27961
3.24323
-4.09084
-12.3473
-18.9824
-22.4249
-23.24
-22.2773
-19.2788
-13.7794
-6.26259
2.10223
9.52599
14.1072
15.6368
14.9704
12.6194
9.39256
6.07609
3.51456
3.06533
4.8611
7.1644
8.12675
7.83748
8.37976
10.972
13.4049
11.9432
5.86419
-2.40271
-10.1677
-15.0393
-15.4444
-11.6724
-5.87727
-0.687288
2.24836
2.07457
-0.467161
-3.19277
-4.70974
-4.76804
-3.54407
-1.68925
-0.435395
-0.0586755
0.699247
2.28722
3.01637
0.713076
-4.35806
-9.48301
-12.348
-12.2445
-10.0372
-7.64763
-6.26632
-6.34406
-8.27736
-10.4289
-9.79097
-5.93071
-1.13352
2.51856
5.01358
7.80197
10.9252
12.4593
10.8378
6.63482
2.87847
1.92396
3.33366
5.82532
8.68996
11.5067
12.8448
10.8669
5.89073
0.847245
-1.21163
-0.00523221
2.13212
2.8295
2.20313
1.84436
1.57676
0.415214
-1.05952
-1.33907
0.0171915
1.68589
2.6247
3.36356
4.68956
6.60679
8.02883
7.75676
6.49056
5.79543
5.31331
3.47232
-0.0639078
-4.79233
-10.5735
-16.3858
-19.5334
-17.7566
-11.512
-3.60687
2.0443
3.09186
1.74495
1.3843
2.3246
3.09373
2.57537
0.771004
-1.15856
-1.71168
-1.37794
-1.83763
-2.55855
-2.07532
-0.0541908
3.38449
7.94511
12.4665
15.0833
15.1914
13.3911
9.50693
3.45214
-3.30714
-8.8787
-12.2362
-13.6717
-14.4689
-15.5482
-16.462
-15.6783
-12.6473
-8.54794
-4.71946
-2.43709
-2.25471
-2.9248
-2.64414
-0.916011
1.0939
2.53464
3.81989
5.39105
7.02948
7.69957
6.91886
5.76777
5.56521
6.72638
8.80806
11.071
12.7385
12.7162
9.70874
4.10804
-1.20939
-3.6618
-3.58892
-3.41738
-4.61108
-6.49878
-7.53962
-6.85457
-4.84166
-2.86015
-2.27602
-2.82166
-3.32171
-3.58369
-4.09047
-4.95864
-5.32639
-4.06804
-0.661875
4.20371
8.76844
12.2467
15.0411
16.9516
16.9714
14.3146
9.53384
4.33787
-0.165936
-4.06992
-7.72611
-10.9682
-13.3526
-14.7698
-15.3315
-15.3599
-15.1745
-14.596
-13.3112
-11.1861
-8.50683
-5.65415
-2.04691
2.82913
8.52327
14.1124
17.7663
17.9431
15.0676
10.4364
5.18026
0.59423
-2.62582
-4.90707
-6.45505
-6.85794
-5.9352
-3.7044
-0.0119593
4.31807
7.62483
9.62615
10.8501
11.0736
9.78872
6.79066
2.00693
-4.10393
-9.75957
-13.1632
-13.7297
-11.8565
-8.73406
-5.37012
-2.52828
-1.21761
-1.74831
-3.18119
-3.9649
-2.97451
-0.590866
1.17874
0.702238
-1.88098
-5.72703
-9.44302
-10.9858
-9.49721
-6.20615
-3.32507
-2.17884
-2.07233
-1.81184
-1.764
-3.21033
-5.96884
-7.85916
-7.01528
-3.86511
-0.334488
2.54846
5.22847
7.75862
9.45162
10.491
11.7785
13.5937
15.3307
15.6985
13.5081
9.32006
5.21054
2.63554
1.76026
1.50763
-0.214894
-3.95144
-7.05302
-6.74582
-3.16922
1.32786
4.4926
5.63023
5.91614
7.31575
10.1247
13.1878
15.3969
16.0165
15.4552
14.426
12.7476
9.90383
5.98042
1.5364
-3.00516
-7.42787
-11.5804
-14.4349
-14.646
-12.3256
-8.84991
-6.21475
-5.76739
-6.70246
-7.17635
-6.42591
-5.51176
-5.85148
-7.00743
-7.40769
-6.06675
-3.04253
0.263106
2.37281
2.96591
2.51445
2.07607
2.31114
2.04953
-0.698874
-6.0148
-11.5591
-14.5904
-13.9606
-10.5728
-5.90119
-0.757176
4.44925
9.22253
12.5524
13.7484
13.6127
12.8335
10.7832
7.10086
2.62806
-1.2561
-3.50558
-3.87034
-2.96704
-1.91723
-1.70271
-2.31525
-2.48268
-1.17277
1.17201
3.34749
4.21231
2.9734
-0.227975
-4.0374
-7.06087
-8.54495
-7.68201
-4.8312
-2.45989
-2.50996
-4.65555
-7.69808
-10.8307
-13.6912
-16.1133
-17.5967
-17.5941
-16.6556
-15.7317
-14.7694
-13.0024
-9.6553
-4.85362
0.176774
4.28444
7.02985
8.91569
10.4158
11.2205
11.022
9.21244
5.13841
-0.627118
-6.15495
-9.23336
-8.8159
-5.32826
-0.303842
3.84194
4.85251
2.08915
-3.32806
-9.24233
-14.0122
-17.9524
-21.7211
-25.1774
-28.3844
-31.2217
-33.2171
-34.4739
-35.8526
-38.3734
-42.2651
-46.2737
-48.4484
-47.7047
-44.7269
-41.9706
-41.1326
-41.4444
-41.6398
-40.7869
-38.3129
-34.6006
-30.2467
-25.0548
-18.6106
-11.2713
-3.14045
6.41096
17.341
28.2831
37.7261
45.5995
52.5251
58.8171
64.8648
71.1999
78.3079
86.0101
93.2396
99.2688
104.669
110.411
116.756
123.043
127.78
129.716
128.794
125.735
120.646
112.447
100.407
85.1457
68.5416
53.1959
40.577
30.305
21.0698
11.2642
-0.153976
-13.1131
-26.6712
-39.831
-52.2593
-63.8031
-74.2821
-83.1152
-88.5324
-89.9544
-89.4383
-89.0153
-89.2851
-88.8541
-86.1812
-81.8553
-77.2248
-73.4984
-70.1973
-65.1788
-56.08
-42.7303
-29.1468
-19.1458
-13.7473
-12.508
-14.334
-17.498
-20.24
-22.0478
-22.6387
-22.0422
-21.1262
-20.196
-19.5741
-19.7433
-19.2299
-15.9504
-8.11852
4.33937
18.7044
33.1393
46.1354
56.3764
63.5105
67.7826
69.877
69.3332
66.5754
62.1225
56.1353
49.5883
42.2505
34.2
25.9794
17.4999
9.52375
2.91098
-2.08915
-5.06553
-6.63033
-9.33315
-15.4548
-25.0888
-37.1883
-50.9258
-64.6701
-76.1478
-83.848
-87.0846
-86.5087
-83.4134
-78.7631
-72.8911
-66.1643
-59.5931
-53.0397
-46.7061
-41.2515
-35.859
-29.4185
-20.3003
-8.44853
5.01732
19.8331
33.6039
43.3694
47.828
45.7146
36.0772
19.4026
-2.78317
-27.8518
-51.9267
-72.7644
-89.6969
-101.359
-106.835
-104.919
-94.0277
-73.791
-44.9607
-10.6012
26.1091
63.1932
97.5718
127.212
151.303
169.476
182.63
190.563
192.755
189.877
181.355
166.189
144.623
116.273
81.2028
40.1071
-6.76039
-54.5675
-95.6463
-127.627
-153.305
-174.833
-191.925
-202.721
-200.543
-180.579
-146.647
-102.118
-50.9554
-0.99412
43.5033
79.9871
104.643
116.056
116.993
112.583
106.181
98.3646
89.565
81.3575
74.4428
66.2484
52.5493
31.8324
6.09105
-20.9498
-44.8561
-62.164
-71.2007
-72.3398
-67.0694
-56.8809
-43.2827
-26.518
-5.57268
18.4417
43.291
68.2404
91.2143
109.562
121.819
129.101
132.725
131.131
125.455
115.989
101.02
83.8115
66.8247
48.1648
25.6516
-1.98413
-34.0363
-67.1304
-97.6551
-124.831
-147.561
-166.791
-184.641
-195.113
-196.445
-195.857
-194.922
-189.565
-175.684
-151.503
-119.124
-81.7051
-38.4496
14.2155
73.4916
131.369
183.085
223.873
252.483
274.124
291.47
302.075
298.853
278.745
245.402
201.747
155.758
113.581
71.8282
26.6166
-29.346
-96.3003
-159.583
-206.55
-234.627
-249.465
-254.575
-253.185
-250.522
-241.026
-217.453
-184.313
-150.947
-120.408
-91.1082
-62.9106
-32.9808
4.50195
52.327
103.956
148.343
184.594
212.245
226.693
230.973
225.803
206.99
175.853
135.647
89.546
44.8932
3.53436
-34.2535
-63.7388
-87.7599
-105.631
-114.663
-119.277
-121.663
-123.693
-125.157
-124.228
-121.514
-115.649
-105.07
-91.6033
-75.1338
-55.0164
-34.191
-13.5563
6.16691
21.8411
32.5107
40.5919
44.5052
40.8023
34.5135
29.0877
25.281
25.1561
24.906
24.1093
26.2422
30.2956
34.5281
38.1567
40.5489
39.2001
31.6272
21.809
14.1315
6.62249
-2.42364
-14.2346
-29.8617
-46.0539
-59.8345
-70.5283
-78.9526
-86.9
-94.0624
-100.457
-106.634
-110.535
-112.062
-113.684
-116.041
-117.949
-117.085
-111.056
-98.9569
-81.7571
-60.9493
-37.2691
-10.4573
20.2247
54.1115
88.9054
122.037
150.599
172.087
185.801
191.525
189.596
181.813
169.963
155.209
138.377
120.139
100.608
78.2985
50.1844
14.9114
-24.8231
-64.0475
-97.5243
-121.985
-136.889
-143.096
-142.125
-135.116
-123.408
-107.756
-89.0194
-70.5549
-53.9744
-39.2147
-24.8784
-7.64613
11.6466
32.7264
57.4803
83.8462
109.022
128.879
138.815
138.529
131.576
121.097
106.648
89.4278
72.0229
56.4418
45.0819
37.0052
30.1876
23.921
18.4182
13.717
9.17917
5.29687
1.71131
-1.83987
-4.01012
-3.51867
0.343084
6.87363
15.0965
23.5318
29.8704
33.3527
32.6546
26.2239
15.431
2.19081
-12.6814
-28.9139
-43.643
-51.8602
-52.3745
-47.0186
-38.7587
-31.0166
-24.8878
-20.2101
-16.7464
-13.3721
-8.30801
-0.378214
9.29166
17.0058
18.7238
14.0283
5.86904
-3.30115
-12.8597
-23.7023
-35.9898
-48.4021
-59.161
-65.9853
-68.6313
-69.3911
-69.9278
-71.7482
-75.6129
-79.2206
-81.2118
-80.9659
-75.6548
-64.5756
-49.3532
-31.606
-13.6934
2.35524
16.4026
28.9281
39.5588
47.6849
52.5681
54.1661
52.8031
47.9334
38.9853
25.6995
9.12535
-8.37192
-24.5649
-37.5811
-47.4883
-55.8285
-64.1847
-73.2603
-80.4295
-82.7957
-79.1764
-68.0988
-49.5371
-25.3478
1.79801
28.1332
50.7457
69.4247
84.1134
93.6551
97.4115
95.3855
87.8608
76.2386
63.6084
52.6327
44.3744
38.092
31.4333
23.1492
13.7121
4.35881
-3.15988
-7.68986
-9.67698
-10.1954
-9.94453
-9.74985
-10.2264
-12.1776
-17.4109
-26.7303
-38.6384
-50.6336
-59.5258
-62.9005
-60.6451
-52.4758
-37.3337
-15.7059
9.71323
34.6559
54.4027
66.0291
69.921
67.4432
59.4084
47.5126
33.8752
20.7925
10.3624
2.42962
-4.66527
-11.4462
-16.8515
-20.6717
-24.2737
-29.2066
-36.2466
-44.7746
-52.753
-57.3436
-56.7665
-49.7908
-36.6027
-19.4799
-0.937314
15.3349
27.3106
35.65
40.732
42.4725
41.0056
37.595
32.9808
28.2009
25.7088
26.1024
28.1018
30.3226
32.0073
33.1744
34.3032
35.8205
37.2474
37.2974
34.0804
26.4619
14.8038
0.167431
-15.3726
-29.6607
-41.4485
-50.0132
-54.9872
-55.571
-51.0993
-42.1369
-29.7821
-16.3948
-4.63723
4.98892
12.4512
17.415
19.798
19.6892
17.7869
14.0791
8.2015
1.06214
-6.16878
-12.6369
-17.7324
-20.9924
-21.8348
-20.356
-17.1882
-12.7734
-7.39984
-1.21275
5.20717
10.994
15.2934
16.7749
15.0815
11.1809
5.79505
-0.760914
-8.25681
-15.7538
-21.7242
-25.0342
-25.2854
-22.6558
-17.5877
-10.9648
-3.72683
3.16474
8.76321
12.9725
16.0689
17.5847
16.3178
11.3995
3.11877
-6.71779
-15.663
-22.4065
-26.6028
-27.9217
-26.0493
-21.2473
-14.4999
-6.92371
0.279176
5.88175
9.2072
10.4319
9.78536
7.20588
3.62966
0.2134
-2.98722
-6.3078
-10.1666
-14.3826
-17.8946
-19.5685
-19.2449
-18.1161
-17.1785
-16.5999
-15.8084
-13.9233
-11.0609
-7.75526
-4.06543
0.245914
5.15485
10.1102
14.4128
17.5545
19.7295
21.2143
21.4532
19.6645
16.1496
12.5652
10.3011
9.76144
10.8457
12.9647
15.3206
17.0997
17.5504
16.0782
12.7494
9.00052
6.618
6.51411
8.68248
12.7528
18.5691
25.8037
33.5041
39.8747
42.9841
41.6805
36.0974
27.8212
18.2287
8.13796
-1.72027
-11.0542
-19.1394
-24.5327
-25.6704
-22.2063
-16.4239
-11.9888
-11.2597
-14.3191
-19.391
-24.1247
-27.2897
-28.7335
-28.5536
-26.8356
-24.1048
-20.9098
-17.0585
-12.5715
-7.71266
-2.90986
1.15632
4.26874
6.51859
8.04789
8.54196
7.25782
4.20072
0.143886
-4.2508
-8.34388
-11.3315
-12.4814
-11.3431
-8.12339
-3.51605
1.71505
6.98612
12.1365
17.1785
21.9547
26.321
30.4922
34.555
37.8722
39.5054
38.6739
35.1056
29.4137
22.3214
13.9495
4.2437
-6.33509
-16.6754
-26.0482
-33.7459
-38.2994
-38.8099
-35.4176
-28.8897
-20.0435
-9.92511
-0.387184
7.11357
12.2022
15.4526
17.5657
18.7743
19.3977
19.3671
18.2118
15.5639
11.1229
4.87567
-2.8381
-11.54
-20.8451
-30.2815
-39.0043
-45.7067
-48.818
-47.3381
-41.8031
-33.6944
-24.036
-13.4901
-2.45764
8.237
16.7984
22.197
24.9087
26.0852
26.5206
26.5266
26.2522
25.4341
23.8787
21.3971
17.3104
11.2473
3.88043
-3.21968
-7.82589
-8.56663
-6.16691
-2.00095
2.6845
6.71181
9.7749
12.1694
14.2466
16.3436
18.4264
20.4767
22.8277
25.4805
27.446
26.8151
22.1031
13.6927
3.13559
-8.09274
-18.4764
-26.9347
-33.1999
-37.2328
-39.4565
-40.679
-41.1346
-40.5485
-38.7561
-36.1083
-33.2107
-30.3065
-27.9269
-26.345
-24.748
-22.3057
-18.315
-12.1847
-4.40964
3.48092
10.285
15.7119
20.199
24.4188
28.6605
32.7357
35.7868
37.0029
36.1789
33.2914
28.7395
23.2781
17.6415
12.8002
9.97523
9.51889
10.2264
10.2734
8.3921
4.04749
-2.91547
-12.0994
-21.9933
-30.5292
-36.2608
-38.391
-37.1629
-33.5777
-28.3082
-22.1072
-16.1275
-11.4619
-8.26241
-5.83654
-3.71189
-2.05776
-1.10176
-0.907042
-1.58013
-2.52305
-3.22416
-3.88342
-4.39095
-4.52848
-4.45037
-4.54941
-5.09617
-6.05517
-7.20027
-8.14281
-8.28708
-7.02798
-3.9563
0.99562
7.22082
13.7173
19.4467
23.5764
26.0033
27.218
27.2714
25.3743
21.3665
16.4426
12.0385
8.84094
6.68639
5.31779
4.47429
3.81055
3.05935
1.69635
-0.599836
-3.38263
-5.67134
-6.60679
-5.9352
-3.89501
-0.790438
3.34451
8.30427
13.6688
19.0513
23.8204
27.3709
29.2167
28.9711
26.7134
23.2179
19.6044
16.2296
12.6044
8.52775
4.36852
0.254884
-4.16783
-9.14254
-14.6734
-20.341
-25.1497
-28.3321
-29.5377
-28.2745
-24.0671
-16.8769
-7.69173
1.65413
9.7121
15.9874
20.5039
22.8068
22.321
19.3873
15.1237
11.0478
8.31623
6.79665
5.28939
3.11541
0.728025
-1.23518
-2.29732
-2.13624
-0.694016
1.66048
4.15699
6.20092
7.76722
9.23448
10.8426
12.3906
13.3052
12.9131
11.0594
8.24709
5.19521
2.38814
-0.065029
-2.13699
-3.82811
-5.23035
-6.45131
-7.55419
-8.54682
-9.27447
-9.49347
-9.25615
-8.76321
-8.1062
-7.28548
-6.19345
-4.86558
-3.79298
-3.60425
-4.45224
-6.12094
-8.24261
-10.3403
-12.1062
-13.3164
-13.8329
-13.8366
-13.5388
-13.1015
-12.5555
-11.7475
-10.9435
-10.7765
-11.6962
-13.689
-16.1843
-18.5153
-20.5081
-22.5714
-25.1326
-28.051
-30.7023
-32.356
-32.4364
-30.6615
-27.1907
-22.7915
-18.4757
-14.7556
-11.7358
-9.5144
-7.96418
-6.76862
-5.54727
-3.861
-1.4938
1.44708
4.55389
7.44133
10.1692
12.906
15.5408
17.6191
18.3565
17.1276
13.9502
9.31371
3.89987
-1.56593
-6.50663
-10.3688
-12.4624
-12.0449
-8.82114
-3.48839
2.77382
9.0521
15.1062
21.1628
27.0363
32.2469
36.3848
38.9579
39.5888
38.0954
34.5426
29.2806
22.9488
16.4142
10.1767
4.41786
-0.468283
-4.00077
-5.7005
-5.45459
-3.92864
-2.0985
-0.437264
1.16043
2.49764
3.31723
3.97984
4.84914
6.00285
7.30417
8.39994
9.18066
10.0705
11.5426
13.5256
15.4597
16.6743
17.0039
16.9864
17.0582
17.1373
16.9916
16.5159
15.6485
14.1229
11.6842
8.43881
4.62041
0.374477
-4.02843
-8.38835
-12.6533
-16.3054
-18.602
-19.2882
-18.4694
-16.3723
-13.31
-9.45536
-4.9067
0.071756
5.02629
9.27148
12.2004
13.4614
12.9004
10.7283
7.355
3.12064
-1.54799
-5.99313
-9.77901
-12.6231
-14.2634
-15.0684
-15.8345
-17.1198
-18.7728
-20.2091
-21.1613
-21.7106
-22.1312
-22.6267
-23.0819
-23.1533
-22.5445
-21.2678
-19.6413
-18.0407
-16.6874
-15.4616
-13.9162
-11.7867
-9.39107
-7.41517
-6.14225
-5.21876
-4.14204
-2.55668
-0.372235
2.48045
6.13402
10.516
15.3289
20.1515
24.5645
28.1078
30.1981
30.3188
28.2073
24.0035
18.457
12.7655
7.96193
4.39394
1.81932
-0.0437264
-1.21238
-1.47473
-0.747833
0.632724
2.04169
2.96517
3.57734
4.27136
4.90557
5.29201
5.26473
4.67423
3.70702
2.35823
0.350185
-2.5081
-6.11309
-9.89677
-13.1632
-15.487
-16.9632
-18.1711
-19.7105
-21.6651
-23.3906
-24.1235
-23.8911
-23.3603
-22.9866
-22.6727
-21.8879
-20.0095
-16.7854
-12.3592
-6.9708
-0.998974
5.10589
10.8164
15.6623
19.4896
22.0194
23.0749
22.8954
21.8976
20.5562
19.2414
18.2664
17.479
16.1855
13.8395
10.3116
5.93483
1.46352
-2.26442
-4.77477
-5.94305
-5.86793
-4.71311
-2.37318
1.12157
5.24828
9.27074
12.3891
14.1988
15.0003
15.308
15.4133
15.1264
13.9939
11.9373
9.33763
6.64604
3.84941
0.59124
-3.20323
-7.30865
-11.3046
-14.7096
-17.3534
-19.4029
-21.2046
-22.9377
-24.3167
-25.06
-25.2671
-25.0777
-24.393
-22.9447
-20.6866
-17.9988
-15.4137
-13.3896
-11.9646
-10.7029
-9.34099
-7.95259
-6.55746
-4.89959
-2.52828
0.684673
4.33265
7.9952
11.6301
15.3745
19.2814
23.1447
26.4833
28.9054
30.2437
30.4713
29.6981
28.0096
25.4207
22.0325
18.096
13.9031
9.60186
5.35966
1.61339
-1.26769
-3.20511
-4.29191
-4.77626
-4.83456
-4.42347
-3.55342
-2.45166
-1.4426
-0.906668
-1.0954
-1.97553
-3.3247
-4.75571
-5.81859
-6.13365
-5.66125
-4.75533
-3.83521
-3.46858
-4.20932
-5.84289
-7.38265
-8.00341
-7.63455
-6.60492
-5.17279
-3.58518
-1.92433
0.00784832
2.16501
4.31845
6.43151
8.50982
10.4745
12.0263
12.7509
12.4082
10.9567
8.56065
5.53568
2.32722
-0.401759
-2.10597
-2.7271
-2.62096
-2.27901
-2.04579
-2.12353
-2.66245
-3.56127
-4.35956
-4.66302
-4.38347
-3.72421
-3.21071
-2.82203
-2.34664
-1.84174
-1.3357
-1.20528
-1.09204
-0.791933
-0.712702
-0.910032
-1.73896
-2.96554
-4.22688
-5.48485
-6.28725
-6.18709
-5.27183
-3.82699
-2.09289
-1.10399
-1.67543
-3.7414
-6.81234
-10.0473
-12.696
-13.9136
-13.3828
-11.4735
-8.43918
-4.62378
-0.614785
2.95284
5.76066
7.5755
8.16935
7.82963
6.84149
5.13467
2.65535
-0.346074
-3.45288
-6.29249
-8.3039
-9.05771
-8.60326
-7.4047
-6.22409
-5.61902
-5.7801
-6.69835
-8.28671
-10.2925
-11.953
-12.6298
-12.4168
-11.7814
-11.2052
-10.9689
-11.2698
-12.0868
-13.002
-13.4808
-13.0476
-11.4664
-8.9426
-5.85298
-2.40682
1.15296
4.55128
7.67566
10.4524
12.9352
15.3057
17.6326
19.9212
22.1869
24.3305
26.0213
26.8682
26.7422
25.747
24.0615
21.9383
19.6417
17.279
14.8012
12.1212
9.16834
5.99126
2.78989
-0.0384941
-2.04542
-3.13746
-3.39534
-2.81194
-1.56929
-0.0852103
1.27778
2.40308
3.33964
4.11738
4.69142
4.97396
4.89622
4.60621
4.31321
3.88454
3.12774
2.09924
1.12081
0.73251
1.41232
3.20996
5.662
8.29193
10.738
12.6735
14.0713
14.9828
15.132
14.0847
11.7956
8.68548
5.30846
1.9987
-1.13315
-3.7814
-5.41833
-5.60407
-4.58529
-3.23912
-2.26368
-2.04131
-2.54995
-3.65433
-5.37946
-7.61137
-10.3754
-13.5952
-16.8574
-19.8585
-22.4141
-24.489
-26.0026
-26.7665
-26.8491
-26.4309
-25.5253
-24.0319
-22.0684
-20.0196
-18.2358
-16.7854
-15.2754
-13.0981
-9.97189
-6.18148
-2.21547
1.53677
4.79084
7.47234
9.449
10.4887
10.5993
10.0159
9.31446
9.05397
9.13881
9.13208
8.68024
7.59232
5.8384
3.7642
2.24537
2.05551
3.33778
5.7375
8.8813
12.5965
16.5929
20.3507
23.1604
24.4075
23.9452
21.8994
18.5639
14.4365
10.1284
6.19868
2.90799
0.370739
-1.34767
-2.37804
-2.92369
-3.23687
-3.74551
-4.71946
-5.94715
-7.05078
-7.87448
-8.61969
-9.55813
-10.6868
-11.7475
-12.2307
-11.7496
-10.4132
-8.48964
-6.0731
-3.15129
0.172663
3.50296
6.1912
7.57437
7.32248
5.70535
3.33329
0.784832
-1.49454
-3.23762
-4.27435
-4.58267
-4.38123
-4.08262
-4.11813
-4.62602
-5.42469
-6.10711
-6.15719
-5.17616
-2.97115
0.315802
4.23324
8.21159
11.6936
14.2316
15.5319
15.5371
14.482
12.8429
11.0246
9.11153
6.99509
4.59164
2.02188
-0.427546
-2.53239
-4.31657
-5.96211
-7.59455
-9.34062
-11.2545
-13.1336
-14.5123
-14.8655
-14.0877
-12.3821
-9.90119
-6.96893
-3.98246
-1.24228
0.845003
1.88846
1.88472
1.3144
0.818468
0.714944
0.901061
1.07335
0.822579
-0.096796
-1.60255
-3.43981
-5.27668
-6.94016
-8.3622
-9.32904
-9.59065
-9.09919
-8.14543
-7.2455
-6.83327
-6.92782
-7.06872
-6.74656
-5.82383
-4.44289
-2.82838
-1.28974
0.0190602
1.23592
2.4625
3.66816
4.87717
6.15907
7.46637
8.7292
10.038
11.4353
12.7928
13.9995
14.9869
15.6327
15.9168
15.9448
15.7616
15.3181
14.503
13.2402
11.5453
9.48189
7.15131
4.73141
2.38626
0.113614
-2.10709
-4.18951
-5.99911
-7.34602
-8.03556
-8.01538
-7.5243
-7.01715
-6.81495
-6.89269
-6.98762
-6.87139
-6.47972
-5.84438
-4.9706
-3.78028
-2.29096
-0.733631
0.574049
1.42578
1.82044
1.82828
1.57303
1.31217
1.38131
2.04505
3.30377
4.8682
6.4502
7.98959
9.49161
10.9047
12.1705
13.1336
13.5058
13.039
11.6656
9.53795
6.90877
4.01796
1.1608
-1.4654
-3.7997
-5.83392
-7.61922
-9.1788
-10.5601
-11.7609
-12.6661
-13.1609
-13.1201
-12.489
-11.3957
-10.0952
-8.83833
-7.84869
-7.1898
-6.74806
-6.51448
-6.58885
-6.9921
-7.58559
-8.15664
-8.47133
-8.31399
-7.56989
-6.19269
-4.25416
-1.97068
0.344952
2.30852
3.57697
4.03628
3.80046
3.03057
1.85034
0.334862
-1.38317
-3.12363
-4.79644
-6.32089
-7.6252
-8.69295
-9.40977
-9.49385
-8.67239
-6.86017
-4.09869
-0.665986
2.80484
5.68928
7.68426
8.81964
9.28605
9.2812
8.97025
8.43358
7.79338
7.26492
6.99697
6.89867
6.63033
5.83466
4.26762
1.80137
-1.508
-5.30248
-9.01174
-12.2344
-14.7653
-16.4038
-17.0305
-16.6736
-15.5195
-13.8459
-11.9242
-9.94041
-7.87859
-5.60146
-3.03842
-0.197703
2.9035
6.08282
8.84655
10.7551
11.7097
11.8685
11.5314
10.9249
10.0567
8.79161
7.05228
4.92912
2.65161
0.522474
-1.1765
-2.25957
-2.82017
-3.21071
-3.72347
-4.36591
-4.85811
-4.90408
-4.3532
-3.20137
-1.5607
0.513878
2.91322
5.34508
7.44469
8.85851
9.56636
9.99278
10.5306
11.1402
11.4316
11.1879
10.5373
9.63661
8.57559
7.36061
5.98378
4.57071
3.3901
2.68749
2.47035
2.58434
2.75626
2.6333
1.99123
0.929092
-0.082968
-0.573301
-0.443617
0.16033
1.11446
2.35263
3.85651
5.60445
7.50412
9.412
11.1188
12.4684
13.2913
13.3257
12.5662
11.2844
9.76891
8.26129
6.8243
5.3518
3.72421
1.90976
0.0209289
-1.80885
-3.57659
-5.26622
-6.68453
-7.58634
-7.90214
-7.8315
-7.66071
-7.49888
-7.27539
-6.84224
-6.11795
-5.09916
-3.76831
-2.30666
-1.02627
-0.127441
0.189855
-0.186491
-1.13427
-2.4427
-3.97573
-5.67882
-7.46599
-9.21766
-10.84
-12.2397
-13.3167
-14.0291
-14.4637
-14.7011
-14.6715
-14.2869
-13.4371
-12.0146
-10.0231
-7.56279
-4.87717
-2.25471
0.0373729
1.8223
3.05822
3.77205
4.11214
4.25229
4.35506
4.59874
5.05843
5.59772
5.97182
6.19232
6.46776
6.83177
7.08404
6.98238
6.34144
5.13878
3.56164
1.66459
-0.580402
-3.01973
-5.40936
-7.51084
-9.25615
-10.6599
-11.6278
-12.095
-12.1454
-11.996
-11.8652
-11.805
-11.6648
-11.2885
-10.636
-9.67885
-8.3622
-6.68938
-4.78822
-2.86464
-1.18509
0.0545645
0.862567
1.29123
1.43961
1.47884
1.52818
1.60479
1.56929
1.16192
0.151361
-1.45269
-3.40991
-5.38806
-6.87924
-7.30828
-6.34929
-4.10205
-1.01168
2.33581
5.4045
7.83076
9.44937
10.3415
10.7795
11.1304
11.7138
12.6306
13.754
14.8647
15.8256
16.551
16.9946
17.1789
17.1164
16.8642
16.4893
16.0319
15.5023
14.8674
14.1206
13.2311
12.1821
11.012
9.73715
8.35884
6.94053
5.61603
4.4399
3.35161
2.26219
1.11035
-0.0807256
-1.26807
-2.45764
-3.67338
-4.90034
-6.01928
-6.88784
-7.46338
-7.75787
-7.83337
-7.80758
-7.74704
-7.69584
-7.75339
-7.98473
-8.42424
-9.15749
-10.1961
-11.3894
-12.567
-13.6251
-14.4824
-15.0082
-15.0456
-14.5089
-13.3866
-11.7538
-9.78012
-7.7078
-5.71433
-3.83559
-2.1097
-0.558351
0.862567
2.15604
3.24622
4.07291
4.62752
4.94705
5.14215
5.32826
5.61715
6.06862
6.57951
7.01976
7.39087
7.75189
8.0834
8.28932
8.28671
8.10208
7.85579
7.66108
7.57325
7.53663
7.4219
7.17261
6.82915
6.35639
5.58613
4.42308
2.82988
0.756054
-1.69673
-4.29901
-6.75815
-8.68659
-9.8145
-10.2122
-10.1273
-9.73229
-9.07116
-8.06844
-6.61688
-4.69703
-2.39823
0.102776
2.53314
4.56735
5.91128
6.39414
6.10188
5.34881
4.484
3.70179
3.04776
2.53165
2.12353
1.77559
1.44782
1.08718
0.693268
0.3457
0.128937
0.124079
0.422688
1.07448
2.05477
3.26527
4.59052
5.91539
7.11768
8.07816
8.63277
8.61296
8.00267
6.94688
5.55811
3.8924
2.0585
0.21041
-1.53902
-3.17333
-4.69852
-6.03647
-7.00818
-7.42302
-7.20027
-6.39974
-5.1982
-3.8397
-2.57575
-1.59807
-1.02103
-0.879759
-1.07148
-1.3899
-1.75428
-2.25546
-2.95396
-3.85689
-4.95266
-6.17849
-7.49739
-8.92653
-10.3572
-11.5127
-12.1813
-12.3918
-12.314
-12.0573
-11.6664
-11.1398
-10.4461
-9.56448
-8.42723
-6.89905
-4.9067
-2.60938
-0.288893
1.80362
3.44167
4.48625
4.82186
4.35021
3.1042
1.28077
-0.884244
-3.25107
-5.59361
-7.574
-8.937
-9.55365
-9.39145
-8.45713
-6.80897
-4.58229
-2.01889
0.548261
2.77943
4.44514
5.50877
6.02227
6.10449
5.95165
5.7872
5.88101
6.43039
7.45703
8.78563
10.0638
10.8942
10.9821
10.2697
8.83945
6.80412
4.45261
2.18408
0.330751
-0.917132
-1.6033
-1.92919
-2.04355
-1.95012
-1.58237
-0.91489
-0.0216763
1.01019
2.10522
3.18903
4.25117
5.20045
5.81485
5.87876
5.32004
4.27995
3.0317
1.99123
1.55734
1.8735
2.84669
4.24594
5.88848
7.61885
9.2001
10.3811
10.9581
10.8979
10.3381
9.43966
8.38387
7.31239
6.3093
5.47178
4.74561
3.98844
3.14456
2.1594
1.10587
0.100907
-0.892092
-1.9617
-3.15614
-4.42907
-5.71282
-6.89344
-7.7788
-8.24148
-8.16113
-7.44955
-6.23306
-4.79084
-3.27125
-1.64142
0.0624129
1.61077
2.73121
3.32433
3.4185
3.11204
2.57014
1.83726
0.842013
-0.412971
-1.74943
-2.9562
-3.9193
-4.54306
-4.85811
-5.0517
-5.28304
-5.58763
-5.884
-6.11122
-6.26221
-6.3007
-6.11833
-5.55586
-4.48849
-2.83922
-0.704854
1.65076
4.00153
6.10487
7.7276
8.73967
9.09545
8.88392
8.27811
7.46599
6.60604
5.62501
4.29042
2.49651
0.406618
-1.53677
-2.88594
-3.41664
-3.10083
-1.99647
-0.327014
1.46502
2.95134
3.84081
4.09047
3.77019
2.93378
1.75877
0.473515
-0.546392
-0.945536
-0.83977
-0.621139
-0.590866
-0.938061
-1.78381
-3.15391
-4.92352
-6.87812
-8.86449
-10.7806
-12.5241
-13.979
-14.9607
-15.2769
-14.802
-13.5462
-11.6959
-9.48077
-7.13524
-4.90594
-2.97974
-1.43512
-0.235076
0.680936
1.37196
1.94564
2.48866
3.00815
3.38823
3.36805
2.76111
1.63768
0.176774
-1.39363
-2.86427
-4.24108
-5.5282
-6.60193
-7.4047
-7.93316
-8.18318
-8.14506
-7.85318
-7.34229
-6.53167
-5.33985
-3.75822
-1.88808
0.0586755
1.89294
3.39907
4.41524
4.87269
4.6903
3.96079
2.88669
1.54985
-0.0396153
-1.80137
-3.56725
-5.21614
-6.692
-7.978
-9.01847
-9.66726
-9.77826
-9.25728
-8.16412
-6.73461
-5.23184
-3.84044
-2.6531
-1.60741
-0.55611
0.538918
1.65301
2.76897
3.79784
4.63873
5.31742
5.84999
6.12019
6.08469
5.90978
5.80589
5.85635
6.04732
6.26034
6.37359
6.42815
6.52494
6.71928
7.01416
7.34528
7.67416
8.04191
8.52028
9.14703
9.88324
10.584
11.0467
11.1154
10.701
9.8395
8.71948
7.58745
6.60604
5.7573
4.97472
4.20445
3.40318
2.61573
1.87874
1.21312
0.677945
0.293378
0.0115856
-0.300852
-0.74858
-1.25311
-1.61152
-1.63582
-1.24003
-0.48099
0.453708
1.28937
1.80026
1.95087
1.81745
1.46241
0.939182
0.310195
-0.352053
-0.984029
-1.52743
-1.94414
-2.21621
-2.32497
-2.27152
-2.03197
-1.53827
-0.671218
0.654401
2.30741
3.99965
5.42768
6.34967
6.66247
6.40721
5.74646
4.87418
3.9279
2.94649
1.86379
0.670471
-0.506777
-1.54985
-2.44194
-3.19987
-3.77168
-4.07813
-4.07403
-3.79111
-3.35048
-2.87809
-2.46064
-2.1923
-2.11194
-2.15007
-2.18295
-2.05252
-1.68066
-1.17277
-0.668228
-0.201814
0.23844
0.66038
1.06214
1.37869
1.51846
1.39738
0.927223
0.145007
-0.75755
-1.57116
-2.16838
-2.56155
-2.86277
-3.20623
-3.68535
-4.31657
-5.07039
-5.86382
-6.55447
-6.97155
-6.94053
-6.34891
-5.17391
-3.52203
-1.61339
0.371861
2.26405
3.87482
5.12645
6.0432
6.65873
6.9566
6.90129
6.48309
5.79543
5.04834
4.36292
3.73729
3.17783
2.74243
2.53165
2.52379
2.52081
2.35113
1.94228
1.3032
0.546392
-0.184622
-0.771004
-1.14025
-1.33272
-1.45269
-1.53491
-1.49118
-1.23555
-0.830427
-0.365881
0.164441
0.797165
1.45306
1.8522
1.70234
0.898446
-0.474636
-2.18371
-3.99443
-5.74123
-7.23989
-8.33118
-8.98221
-9.24719
-9.21878
-8.98034
-8.49001
-7.69472
-6.65351
-5.48747
-4.40739
-3.60986
-3.18866
-3.17521
-3.49512
-4.05384
-4.75271
-5.38955
-5.68331
-5.41833
-4.5666
-3.19502
-1.45531
0.393911
2.11942
3.53586
4.59052
5.31107
5.61566
5.42991
4.70937
3.43009
1.75092
-0.0758671
-1.83165
-3.31797
-4.3831
-4.94294
-5.00834
-4.65031
-3.90323
-2.82614
-1.54799
-0.193218
1.08868
2.1994
3.1412
3.89651
4.43916
4.71273
4.69367
4.50942
4.26575
4.00863
3.82176
3.73393
3.72982
3.78625
3.8995
4.16821
4.65368
5.32228
6.12543
6.96557
7.71377
8.28073
8.67388
8.94372
9.09695
9.12983
8.98408
8.61633
8.15926
7.75937
7.49403
7.43161
7.5598
7.85767
8.28894
8.70678
8.99231
9.11751
9.11713
9.08313
9.04202
8.87159
8.419
7.62072
6.50252
5.13728
3.59938
1.99348
0.457819
-0.939556
-2.20837
-3.39571
-4.50868
-5.43216
-6.06227
-6.3833
-6.42777
-6.22185
-5.74423
-5.04908
-4.3091
-3.7556
-3.58892
-3.90099
-4.71497
-5.93968
-7.33182
-8.57373
-9.38622
-9.64259
-9.38286
-8.74378
-7.91671
-7.133
-6.56904
-6.28202
-6.21811
-6.2338
-6.21064
-6.08693
-5.82756
-5.41534
-4.86409
-4.27061
-3.7343
-3.31723
-3.07131
-3.01189
-3.12176
-3.30863
-3.42299
-3.36917
-3.1412
-2.79998
-2.38402
-1.86379
-1.23107
-0.569937
-0.0343831
0.272823
0.364012
0.346074
0.318792
0.235823
0.0
-0.416334
-0.981038
-1.64665
-2.41205
-3.27985
-4.22576
-5.22586
-6.27379
-7.36994
-8.47207
-9.45947
-10.1632
-10.4446
-10.2245
-9.50507
-8.34874
-6.83028
-5.05282
-3.19875
-1.50575
-0.130431
0.915637
1.76736
2.61872
3.60537
4.76691
6.0518
7.41142
8.7875
10.0671
11.1218
11.8076
12.0517
11.8693
11.3024
10.3938
9.15002
7.61175
5.92623
4.34049
3.11354
2.36833
2.07419
2.11344
2.30516
2.48156
2.57612
2.57686
2.52267
2.52791
2.68898
3.03767
3.5366
4.02132
4.24333
4.00489
3.25668
2.08765
0.617028
-1.06513
-2.88631
-4.79159
-6.70545
-8.48179
-9.9666
-11.1069
-11.9104
-12.3129
-12.2049
-11.5568
-10.4088
-8.86486
-7.07993
-5.14775
-3.12512
-1.12941
0.722045
2.33319
3.61957
4.57819
5.17915
5.33723
5.04796
4.35096
3.33254
2.1482
0.916384
-0.313185
-1.48146
-2.47894
-3.16287
-3.3617
-2.97937
-2.09811
-0.862194
0.571059
2.01739
3.31909
4.35582
5.11076
5.66948
6.09105
6.39339
6.54401
6.49168
6.25511
5.89035
5.46953
5.05282
4.62864
4.12335
3.42972
2.53239
1.55284
0.588997
-0.368498
-1.35851
-2.35786
-3.25369
-3.90547
-4.26426
-4.34984
-4.1854
-3.78289
-3.12624
-2.28423
-1.40223
-0.544524
0.306084
1.16604
1.99534
2.68562
3.14382
3.34189
3.31124
3.14382
2.91659
2.62582
2.24013
1.78456
1.37981
1.14324
1.09951
1.17911
1.22172
1.05766
0.550877
-0.364387
-1.64104
-3.16287
-4.73403
-6.15458
-7.33257
-8.22466
-8.7733
-8.89028
-8.55466
-7.89354
-7.09039
-6.27417
-5.48299
-4.73665
-4.08262
-3.55417
-3.18866
-2.96368
-2.79176
-2.59667
-2.32272
-1.97292
-1.5876
-1.20678
-0.88686
-0.667107
-0.575917
-0.658138
-0.959364
-1.46913
-2.04953
-2.53314
-2.85119
-3.02384
-3.12737
-3.18978
-3.13895
-2.89416
-2.41579
-1.7199
-0.885739
-0.0142017
0.766893
1.30656
1.51473
1.35925
0.835659
0.0134542
-0.984401
-2.01328
-2.88856
-3.40841
-3.47382
-3.09784
-2.37056
-1.45455
-0.475758
0.48099
1.30506
1.93181
2.37804
2.69571
2.90986
2.97563
2.85081
2.62171
2.45989
2.50585
2.80298
3.27649
3.78887
4.21305
4.54642
4.87567
5.25053
5.7005
6.22148
6.79066
7.42974
8.15441
8.92055
9.59924
10.0242
10.1262
9.94267
9.54019
8.98931
8.37603
7.80272
7.31762
6.91624
6.58213
6.29659
6.05666
5.81074
5.47139
4.98929
4.3162
3.40056
2.23827
0.89882
-0.470525
-1.66646
-2.51707
-2.99806
-3.17632
-3.11354
-2.88332
-2.6019
-2.42252
-2.46699
-2.73346
-3.10083
-3.41103
-3.48129
-3.16922
-2.4483
-1.3402
0.0422315
1.51809
2.92779
4.0886
4.8682
5.1982
5.06815
4.59911
3.94397
3.25668
2.66618
2.22145
1.95871
1.90191
2.05028
2.36459
2.7357
3.03917
3.17558
3.03319
2.54696
1.76662
0.794175
-0.217137
-1.10063
-1.73746
-2.0514
-2.04916
-1.79914
-1.41082
-1.02588
-0.731762
-0.563211
-0.509394
-0.530696
-0.559847
-0.488464
-0.233207
0.205551
0.741853
1.32039
1.95498
2.63591
3.29517
3.82139
4.16035
4.31807
4.28966
4.03777
3.46709
2.57575
1.50463
0.369992
-0.790064
-1.99235
-3.21856
-4.42683
-5.62425
-6.77983
-7.84085
-8.73406
-9.35482
-9.69679
-9.82273
-9.81489
-9.74312
-9.54655
-9.13918
-8.55093
-7.8812
-7.26492
-6.81122
-6.54961
-6.43263
-6.36686
-6.31827
-6.24651
-6.08282
-5.84962
-5.58015
-5.30434
-5.08272
-4.93398
-4.78785
-4.55315
-4.19735
-3.68422
-3.01263
-2.23415
-1.35962
-0.411476
0.586382
1.59284
2.50324
3.22566
3.71226
3.99031
4.09084
3.97573
3.61995
3.0601
2.3672
1.64478
0.982538
0.41783
0.0175653
-0.178269
-0.21452
-0.147997
-0.049706
0.00261611
-0.0168178
-0.0844628
-0.14725
-0.101281
0.117725
0.475011
0.942172
1.50538
2.17921
2.9947
3.88865
4.72805
5.41309
5.91427
6.21737
6.27417
6.06974
5.63846
5.01321
4.22277
3.32433
2.38104
1.44147
0.534807
-0.348689
-1.20789
-2.02113
-2.794
-3.51306
-4.11663
-4.56324
-4.81177
-4.82298
-4.61182
-4.19175
-3.56613
-2.78653
-1.92546
-1.03037
-0.113988
0.822205
1.75466
2.63554
3.38935
3.95406
4.31022
4.46046
4.40141
4.12374
3.66292
3.0956
2.52604
2.06449
1.73971
1.52631
1.4213
1.41457
1.49081
1.6474
1.91873
2.37953
3.07281
3.93014
4.7815
5.47327
5.93782
6.17626
6.22036
6.09665
5.8242
5.4116
4.89585
4.32144
3.69656
3.03094
2.30553
1.52818
0.778852
0.153976
-0.267217
-0.464546
-0.418577
-0.11324
0.431284
1.19033
2.08504
3.0059
3.88043
4.65929
5.26735
5.61005
5.61042
5.20344
4.36179
3.16997
1.80026
0.391295
-0.948899
-2.16277
-3.24061
-4.14541
-4.85362
-5.33387
-5.54989
-5.48448
-5.08758
-4.35806
-3.35834
-2.18295
-0.958616
0.207419
1.18248
1.79166
1.93778
1.61974
0.892092
-0.102776
-1.20154
-2.31562
-3.3546
-4.21941
-4.87156
-5.28416
-5.44337
-5.37012
-5.10178
-4.68507
-4.16111
-3.5452
-2.85492
-2.1781
-1.65487
-1.39289
-1.42503
-1.73149
-2.27862
-2.99133
-3.73131
-4.39506
-4.93136
-5.27183
-5.42244
-5.46766
-5.46355
-5.45197
-5.47364
-5.52335
-5.56221
-5.56632
-5.48934
-5.26398
-4.86782
-4.30536
-3.59678
-2.80148
-1.99945
-1.28974
-0.763529
-0.469404
-0.39578
-0.507525
-0.771004
-1.12343
-1.47436
-1.73186
-1.83464
-1.76625
-1.58499
-1.41755
-1.3331
-1.32637
-1.35141
-1.35029
-1.34767
-1.36711
-1.36934
-1.33533
-1.23368
-1.04121
-0.773994
-0.420819
0.0545645
0.681683
1.39924
2.04691
2.50249
2.71664
2.68787
2.44494
2.02524
1.51996
1.05541
0.77362
0.753439
0.948526
1.32338
1.82828
2.3844
2.98535
3.63676
4.34386
5.08645
5.76926
6.29136
6.53914
6.44421
6.05106
5.43739
4.72506
4.04338
3.45288
2.99357
2.70767
2.59331
2.64563
2.85866
3.18043
3.57509
3.99367
4.37114
4.67311
4.82746
4.78822
4.58679
4.26687
3.86137
3.37964
2.83138
2.24686
1.65225
1.07223
0.534433
0.00672713
-0.558726
-1.14772
-1.73597
-2.29956
-2.81008
-3.27088
-3.68385
-4.00526
-4.19847
-4.25977
-4.18615
-3.97237
-3.58743
-3.02908
-2.3971
-1.80548
-1.34916
-1.12568
-1.16118
-1.42952
-1.88509
-2.42326
-2.92069
-3.29704
-3.56015
-3.7743
-3.97012
-4.14429
-4.30873
-4.54306
-4.92164
-5.44935
-6.08955
-6.73162
-7.27053
-7.68463
-7.96791
-8.14581
-8.25568
-8.30128
-8.28035
-8.16599
-7.89989
-7.43311
-6.75965
-5.89969
-4.87979
-3.74888
-2.57911
-1.44147
-0.390547
0.519484
1.25835
1.82081
2.1695
2.28312
2.15903
1.77409
1.15707
0.401385
-0.365508
-1.00533
-1.40298
-1.49941
-1.32749
-0.987765
-0.596098
-0.21041
0.150612
0.475758
0.765772
1.0229
1.27105
1.51622
1.73112
1.93479
2.18744
2.52305
2.90163
3.24397
3.5082
3.72122
3.9578
4.26351
4.62602
5.03003
5.47028
5.90268
6.22409
6.33397
6.19158
5.81374
5.28304
4.67161
4.03329
3.45663
2.98909
2.65423
2.44569
2.30778
2.20313
2.10372
2.01141
1.92658
1.84398
1.76961
1.69486
1.60592
1.44559
1.1537
0.743722
0.279923
-0.160704
-0.551251
-0.879759
-1.0812
-1.08008
-0.820336
-0.306831
0.373356
1.11148
1.80362
2.35263
2.73121
2.96704
3.08401
3.08401
2.94499
2.63853
2.14184
1.46577
0.650663
-0.285529
-1.28937
-2.27228
-3.16063
-3.86436
-4.33265
-4.56137
-4.53559
-4.27621
-3.7926
-3.10981
-2.33021
-1.55883
-0.898071
-0.43689
-0.196208
-0.14426
-0.202561
-0.3016
-0.415214
-0.526211
-0.639825
-0.766146
-0.898071
-1.03112
-1.1324
-1.1537
-1.07671
-0.898446
-0.611795
-0.223117
0.230217
0.711207
1.19892
1.66608
2.08391
2.41354
2.61797
2.68337
2.62396
2.51445
2.44194
2.44718
2.53165
2.64376
2.69422
2.60415
2.36272
1.98936
1.49566
0.940304
0.370366
-0.179764
-0.664117
-1.09316
-1.49566
-1.91537
-2.38178
-2.83698
-3.20548
-3.44691
-3.54034
-3.51006
-3.39421
-3.21893
-3.02497
-2.8366
-2.67067
-2.50996
-2.25658
-1.83875
-1.24713
-0.513505
0.263479
0.978424
1.53753
1.84772
1.85781
1.58723
1.1309
0.625623
0.193218
-0.114361
-0.297862
-0.36476
-0.324397
-0.184622
0.0388679
0.33673
0.714944
1.14809
1.56107
1.87014
2.04953
2.13699
2.17249
2.17211
2.14782
2.14708
2.23565
2.46325
2.81268
3.18193
3.46336
3.63489
3.73841
3.80083
3.86212
3.96228
4.10094
4.28331
4.50418
4.74225
4.97359
5.16569
5.29538
5.34321
5.28603
5.08197
4.70899
4.18315
3.49737
2.64713
1.6773
0.681683
-0.207419
-0.895456
-1.37644
-1.71056
-1.98861
-2.26256
-2.53538
-2.83511
-3.1696
-3.51044
-3.84531
-4.16559
-4.47578
-4.77925
-5.07413
-5.36339
-5.63846
-5.91277
-6.177
-6.3818
-6.48233
-6.39078
-6.03723
-5.44487
-4.70376
-3.95369
-3.30227
-2.78802
-2.38104
-2.0144
-1.6687
-1.37084
-1.1466
-1.01243
-0.953384
-0.899193
-0.80165
-0.652158
-0.48099
-0.379335
-0.417455
-0.624129
-0.975808
-1.39476
-1.80587
-2.1523
-2.39635
-2.52155
-2.51782
-2.38364
-2.14259
-1.83651
-1.48221
-1.0812
-0.627118
-0.0848365
0.587129
1.4056
2.32945
3.25219
4.06094
4.69891
5.15298
5.43179
5.5824
5.65415
5.67583
5.66238
5.60968
5.4998
5.3077
5.03003
4.6832
4.26275
3.78401
3.30564
2.89566
2.5892
2.38253
2.25994
2.20949
2.20201
2.18109
2.07869
1.86379
1.5876
1.31591
1.07223
0.856588
0.652532
0.44399
0.19546
-0.128563
-0.513131
-0.908536
-1.23256
-1.41681
-1.44745
-1.35701
-1.18398
-0.930586
-0.590119
-0.161451
0.328134
0.799781
1.17725
1.43475
1.57003
1.57713
1.4482
1.16679
0.746338
0.262358
-0.169673
-0.444738
-0.533312
-0.486222
-0.385315
-0.327761
-0.413344
-0.693268
-1.13988
-1.63843
-2.03682
-2.20911
-2.07906
-1.6246
-0.867426
0.099412
1.12455
2.07233
2.84632
3.43009
3.88791
4.2493
4.46943
4.50158
4.3375
3.99666
3.48353
2.79587
1.95348
1.00869
0.0519484
-0.827811
-1.57602
-2.18146
-2.65012
-2.99282
-3.23762
-3.39159
-3.45849
-3.45663
-3.41253
-3.37328
-3.37179
-3.40729
-3.46746
-3.56052
-3.72533
-3.97573
-4.26126
-4.48849
-4.58155
-4.54866
-4.46345
-4.35246
-4.21716
-4.05945
-3.86848
-3.66329
-3.44877
-3.21333
-2.95732
-2.70356
-2.50474
-2.40009
-2.39037
-2.44531
-2.50698
-2.51072
-2.44008
-2.32945
-2.21921
-2.12615
-2.0129
-1.801
-1.40522
-0.789317
0.017939
0.956748
1.95498
2.93303
3.7997
4.46757
4.86708
4.97284
4.80765
4.4115
3.86062
3.21482
2.48045
1.71355
1.00234
0.424556
0.0597967
-0.0583018
0.0470899
0.314681
0.660006
0.996738
1.23406
1.36374
1.44895
1.54762
1.72215
1.99759
2.3915
2.92518
3.56239
4.2437
4.88614
5.38731
5.65714
5.64369
5.34919
4.7871
3.972
2.94948
1.78493
0.550877
-0.667854
-1.81782
-2.86688
-3.78401
-4.57968
-5.26996
-5.86644
-6.39152
-6.83215
-7.16289
-7.37331
-7.45591
-7.41928
-7.2881
-7.10011
-6.87625
-6.5967
-6.25586
-5.88661
-5.52298
-5.18924
-4.86596
-4.50494
-4.06655
-3.52577
-2.87585
-2.10223
-1.20752
-0.203682
0.892092
2.01739
3.0971
4.06655
4.90109
5.63547
6.29697
6.86279
7.29259
7.5385
7.55606
7.34303
6.95099
6.43562
5.83055
5.17802
4.52624
3.93052
3.43607
3.06608
2.81456
2.65161
2.56976
2.5522
2.57088
2.59331
2.56192
2.41205
2.09475
1.61937
1.02887
0.407739
-0.0986647
-0.356912
-0.311691
-0.00373729
0.448102
0.912647
1.30469
1.59694
1.79726
1.91948
1.97553
2.00469
2.0357
2.04206
1.96582
1.76998
1.48445
1.17164
0.877517
0.618896
0.392042
0.196582
0.0340094
-0.095301
-0.183127
-0.239187
-0.281792
-0.331498
-0.408486
-0.507898
-0.612917
-0.68542
-0.682804
-0.590493
-0.384194
-0.0549382
0.373356
0.852103
1.31628
1.71691
2.02262
2.2136
2.28237
2.25732
2.19603
2.12091
2.03271
1.94527
1.88285
1.87426
1.90714
1.96021
2.02299
2.06112
2.04953
1.96731
1.79652
1.53266
1.18061
0.762782
0.3016
-0.177147
-0.626744
-1.00197
-1.27816
-1.4725
-1.61713
-1.73971
-1.87649
-2.0443
-2.23041
-2.40046
-2.51632
-2.55406
-2.51745
-2.44456
-2.36683
-2.29022
-2.22369
-2.17698
-2.15268
-2.14409
-2.15567
-2.19529
-2.28012
-2.44905
-2.70879
-3.02758
-3.37104
-3.72159
-4.08337
-4.44402
-4.79308
-5.14999
-5.52783
-5.91651
-6.28277
-6.59782
-6.83588
-6.97342
-6.99808
-6.87812
-6.59857
-6.1755
-5.63921
-5.02928
-4.3603
-3.65283
-2.93489
-2.21621
-1.50987
-0.843134
-0.277308
0.124826
0.353548
0.445859
0.46791
0.496686
0.575917
0.679814
0.749327
0.771004
0.752691
0.688036
0.584886
0.448476
0.290014
0.127816
-0.0063534
-0.0474636
0.0519484
0.303469
0.693268
1.17015
1.67617
2.17585
2.65198
3.08177
3.44691
3.76906
4.08973
4.43131
4.79271
5.11747
5.3148
5.34059
5.18848
4.86558
4.38796
3.77541
3.05487
2.27003
1.46951
0.688036
-0.0257874
-0.624129
-1.09017
-1.40372
-1.54313
-1.49081
-1.23368
-0.798659
-0.23545
0.410729
1.08568
1.73373
2.28386
2.6703
2.87622
2.90687
2.78914
2.56229
2.2521
1.88846
1.49268
1.05279
0.550877
-0.00971697
-0.615907
-1.23817
-1.82081
-2.30591
-2.64414
-2.81194
-2.80671
-2.64974
-2.4057
-2.14633
-1.93218
-1.78007
-1.6545
-1.53565
-1.42914
-1.33347
-1.25835
-1.18659
-1.07747
-0.911153
-0.676824
-0.405123
-0.137532
0.0938061
0.239934
0.296741
0.310569
0.350932
0.475384
0.698127
1.01019
1.37869
1.74419
2.05178
2.2663
2.37842
2.40981
2.39
2.33954
2.26517
2.13885
1.93405
1.66085
1.32001
0.914143
0.474262
0.0328882
-0.368871
-0.713076
-1.00646
-1.23555
-1.38729
-1.45007
-1.40747
-1.25722
-1.02066
-0.722793
-0.379335
0.00298983
0.430536
0.905172
1.40971
1.91462
2.38925
2.78989
3.05225
3.14344
3.06794
2.84782
2.51333
2.08952
1.60741
1.10362
0.61329
0.173785
-0.193966
-0.488091
-0.712329
-0.860699
-0.934324
-0.977302
-1.05653
-1.23181
-1.53976
-1.98861
-2.55818
-3.18903
-3.8225
-4.44178
-5.06553
-5.72591
-6.40797
-7.02163
-7.46786
-7.69995
-7.75414
-7.70556
-7.60914
-7.50449
-7.42264
-7.36172
-7.28287
-7.09862
-6.73535
-6.19681
-5.5424
-4.85437
-4.19325
-3.57846
-2.99806
-2.44382
-1.90938
-1.36785
-0.806134
-0.234703
0.30459
0.762035
1.13988
1.43139
1.62385
1.74382
1.80698
1.84622
1.91499
2.03608
2.2136
2.43036
2.67852
2.9932
3.3987
3.90846
4.50307
5.11225
5.64556
6.00471
6.15495
6.13177
5.96884
5.72329
5.46505
5.21539
4.9564
4.67872
4.37861
4.04823
3.68946
3.30564
2.90163
2.48418
2.06897
1.72066
1.49043
1.37121
1.32076
1.26432
1.14922
0.976929
0.769136
0.558726
0.391669
0.28366
0.215268
0.172289
0.115482
0.00747459
-0.166684
-0.421567
-0.74858
-1.14473
-1.59583
-2.07121
-2.55519
-3.02609
-3.47419
-3.87819
-4.21455
-4.47616
-4.6208
-4.59276
-4.34274
-3.86511
-3.22491
-2.51072
-1.79427
-1.11633
-0.50005
0.0437264
0.509394
0.894335
1.19855
1.44708
1.68365
1.91499
2.14297
2.37729
2.6176
2.8609
3.07841
3.22304
3.26153
3.20623
3.10457
3.00441
2.92817
2.85716
2.75888
2.6262
2.4868
2.35673
2.23229
2.11381
2.01067
1.949
1.95348
2.02599
2.15119
2.30927
2.46998
2.58845
2.64339
2.63704
2.54136
2.3175
1.92845
1.36261
0.656642
-0.138653
-0.951889
-1.70234
-2.32945
-2.794
-3.08663
-3.23014
-3.26191
-3.21968
-3.12176
-2.95695
-2.71141
-2.37953
-1.97478
-1.53827
-1.10736
-0.70747
-0.359901
-0.0691399
0.159209
0.308701
0.381951
0.386436
0.332245
0.228722
0.077362
-0.085584
-0.209662
-0.260863
-0.229096
-0.149118
-0.0624129
-0.00560594
-0.00896951
-0.0616654
-0.142017
-0.215268
-0.235823
-0.192845
-0.0840892
0.0792307
0.271327
0.489959
0.721671
0.938808
1.11222
1.2049
1.2307
1.22882
1.19108
1.10773
0.961979
0.74858
0.511635
0.27357
0.0171915
-0.269459
-0.573674
-0.850982
-1.04794
-1.13651
-1.1324
-1.07372
-0.99562
-0.917132
-0.834912
-0.748206
-0.649915
-0.531443
-0.395406
-0.242924
-0.100533
-0.00149492
0.0549382
0.0796044
0.0979171
0.133421
0.179016
0.223117
0.277681
0.343457
0.393911
0.415587
0.411476
0.395406
0.388305
0.408113
0.482485
0.646552
0.919374
1.29833
1.74755
2.21248
2.64488
3.01787
3.33927
3.63452
3.91706
4.18726
4.45075
4.70824
4.94705
5.15373
5.28715
5.29986
5.15036
4.80542
4.2792
3.61882
2.87734
2.1183
1.39251
0.728025
0.133421
-0.405123
-0.892092
-1.31217
-1.65974
-1.92769
-2.1056
-2.20201
-2.23864
-2.23902
-2.21099
-2.16427
-2.13736
-2.16912
-2.2719
-2.43896
-2.64152
-2.84819
-3.06159
-3.29816
-3.56762
-3.87521
-4.19586
-4.49148
-4.74487
-4.9579
-5.14514
-5.31406
-5.44337
-5.50653
-5.49681
-5.40039
-5.20344
-4.92501
-4.60173
-4.27322
-3.97051
-3.6674
-3.31461
-2.92181
-2.52828
-2.18744
-1.95012
-1.8096
-1.74906
-1.7569
-1.8309
-1.97478
-2.14558
-2.27564
-2.31638
-2.25807
-2.13138
-1.96768
-1.80624
-1.67992
-1.59882
-1.56966
-1.56182
-1.51622
-1.39476
-1.17426
-0.860699
-0.469404
-0.0115856
0.502293
1.08307
1.72962
2.4113
3.09
3.72197
4.27995
4.76169
5.16718
5.47962
5.66723
5.72553
5.67172
5.52746
5.32639
5.09355
4.84353
4.57819
4.31396
4.10504
3.99629
4.03329
4.24257
4.58529
4.99864
5.41235
5.76441
6.03199
6.20503
6.28015
6.2652
6.1755
6.05405
5.93295
5.79617
5.6037
5.29387
4.83868
4.27472
3.65694
3.05785
2.53613
2.1198
1.81745
1.60928
1.44932
1.29759
1.13988
0.964222
0.793428
0.683925
0.64132
0.634967
0.614411
0.526958
0.346447
0.0605442
-0.324771
-0.781468
-1.27816
-1.78493
-2.2648
-2.67291
-2.97862
-3.15802
-3.1995
-3.10682
-2.88669
-2.5593
-2.14221
-1.6844
-1.25349
-0.894709
-0.654774
-0.568069
-0.63123
-0.811741
-1.07747
-1.40223
-1.77036
-2.18034
-2.61013
-3.04328
-3.47793
-3.90099
-4.31657
-4.70151
-5.01844
-5.25351
-5.40002
-5.46766
-5.46617
-5.41198
-5.35031
-5.3092
-5.29014
-5.28192
-5.25314
-5.17802
-5.05581
-4.89137
-4.7045
-4.53559
-4.4186
-4.35806
-4.33003
-4.30499
-4.25641
-4.17754
-4.08412
-3.98172
-3.86473
-3.72609
-3.55604
-3.35273
-3.12102
-2.84147
-2.49764
-2.10036
-1.66608
-1.20864
-0.750449
-0.326266
0.0291509
0.297862
0.491081
0.637956
0.759792
0.866305
0.951141
1.01804
1.0584
1.06139
1.03337
0.966839
0.881628
0.80763
0.755307
0.761287
0.839396
0.959364
1.06401
1.08008
0.957868
0.698127
0.347195
-0.0392416
-0.409233
-0.713823
-0.921244
-1.01954
-1.0072
-0.877517
-0.623007
-0.263106
0.164441
0.638703
1.15333
1.70944
2.27788
2.794
3.21146
3.49325
3.63041
3.64461
3.53398
3.30638
3.00741
2.67665
2.33992
2.01627
1.70645
1.41121
1.14698
0.940304
0.814357
0.773247
0.80165
0.865931
0.928718
0.962727
0.963101
0.950767
0.941798
0.938435
0.929092
0.905921
0.879386
0.836406
0.752691
0.618522
0.423062
0.202935
0.0156966
-0.140522
-0.27656
-0.382325
-0.456324
-0.492949
-0.478373
-0.40886
-0.261611
-0.00672713
0.347942
0.774367
1.2277
1.66048
2.04468
2.36944
2.63853
2.86613
3.07504
3.2877
3.50185
3.69918
3.87146
4.00227
4.07253
4.07851
4.01759
3.90024
3.75934
3.6106
3.45401
3.29854
3.1326
2.92443
2.6531
2.32647
1.98226
1.67543
1.44858
1.29123
1.16604
1.04009
0.905172
0.791559
0.722419
0.695884
0.698127
0.750075
0.866678
1.02327
1.19519
1.33421
1.39214
1.36374
1.25311
1.05952
0.788569
0.46305
0.130058
-0.180511
-0.457819
-0.699996
-0.924606
-1.13651
-1.33197
-1.51211
-1.66011
-1.76998
-1.85257
-1.90303
-1.90041
-1.81334
-1.62274
-1.3458
-1.01617
-0.678319
-0.374103
-0.137159
0.00822205
0.0541908
-1.02503E-13
-0.14426
-0.353175
-0.593856
-0.823326
-0.990383
-1.05989
-1.02776
-0.902557
-0.735126
-0.609553
-0.565079
-0.617775
-0.773247
-0.973939
-1.16043
-1.31851
-1.44185
-1.52519
-1.56481
-1.5678
-1.56107
-1.56182
-1.55771
-1.53266
-1.48856
-1.43288
-1.36112
-1.26209
-1.14174
-1.02103
-0.919374
-0.87789
-0.93096
-1.0812
-1.31851
-1.60815
-1.88883
-2.1011
-2.2136
-2.23677
-2.21061
-2.17137
-2.14409
-2.15007
-2.18408
-2.21846
-2.23864
-2.23415
-2.17622
-2.04879
-1.8309
-1.50575
-1.1025
-0.66636
-0.243298
0.133048
0.443243
0.687662
0.901061
1.10138
1.29759
1.4923
1.67095
1.82306
1.9546
2.05999
2.10933
2.08541
1.96768
1.74457
1.43923
1.06625
0.654401
0.236944
-0.165936
-0.529575
-0.854719
-1.14287
-1.38317
-1.57078
-1.69897
-1.76288
-1.75952
-1.69561
-1.59583
-1.49978
-1.4213
-1.35851
-1.32487
-1.30656
-1.2774
-1.20379
-1.03523
-0.75157
-0.370366
0.0470899
0.425678
0.716813
0.890598
0.949273
0.907789
0.781842
0.601331
0.367376
0.0739984
-0.265348
-0.632724
-0.977676
-1.25311
-1.43101
-1.50688
-1.5151
-1.48969
-1.46689
-1.47772
-1.51248
-1.55957
-1.59395
-1.58423
-1.51435
-1.37233
-1.17052
-0.919748
-0.609553
-0.250773
0.134169
0.537797
0.947404
1.34243
1.70607
2.02188
2.27003
2.44867
2.57276
2.65273
2.68413
2.66806
2.62582
2.57276
2.51782
2.47783
2.46811
2.51557
2.63816
2.83212
3.09262
3.3759
3.639
3.87184
4.05758
4.2067
4.32293
4.40178
4.46158
4.50232
4.53297
4.57034
4.61705
4.65817
4.6761
4.67124
4.6264
4.53446
4.40627
4.2493
4.07328
3.86361
3.60462
3.29218
2.92593
2.52865
2.11942
1.71018
1.31291
0.943666
0.620765
0.364387
0.193966
0.103149
0.0930586
0.164441
0.288519
0.42493
0.52509
0.562089
0.543777
0.488838
0.421193
0.34271
0.248156
0.155472
0.077362
0.0224238
-0.0205551
-0.0657763
-0.128563
-0.248904
-0.452587
-0.738116
-1.07671
-1.42541
-1.75578
-2.04057
-2.24761
-2.36309
-2.39934
-2.39411
-2.38963
-2.42364
-2.5309
-2.71814
-2.96218
-3.21743
-3.43532
-3.59565
-3.69918
-3.76831
-3.824
-3.86997
-3.90173
-3.91743
-3.92342
-3.90547
-3.86549
-3.82362
-3.78401
-3.77019
-3.79933
-3.85876
-3.93238
-3.98097
-3.96564
-3.87034
-3.70889
-3.51716
-3.30714
-3.07916
-2.81493
-2.49913
-2.14782
-1.78344
-1.44782
-1.17874
-0.990011
-0.890598
-0.871163
-0.909658
-0.985902
-1.07858
-1.16828
-1.25049
-1.32301
-1.39363
-1.47436
-1.55359
-1.6246
-1.70085
-1.78456
-1.85146
-1.87426
-1.83726
-1.73186
-1.57191
-1.39662
-1.24601
-1.14137
-1.08158
-1.05766
-1.05877
-1.0655
-1.06363
-1.05205
-1.03747
-1.03
-1.0356
-1.04868
-1.06028
-1.04569
-0.972444
-0.831174
-0.615532
-0.330004
-0.00896951
0.325518
0.652905
0.943293
1.17837
1.34767
1.43662
1.43475
1.34916
1.175
0.923112
0.617775
0.273944
-0.0668975
-0.355417
-0.552372
-0.643936
-0.651784
-0.602452
-0.530696
-0.469778
-0.420445
-0.357286
-0.251894
-0.0859577
0.137159
0.394658
0.666734
0.935445
1.18584
1.397
1.54313
1.62647
1.67095
1.69972
1.7285
1.76064
1.79166
1.81221
1.80997
1.78905
1.77335
1.78531
1.83763
1.92807
2.03981
2.17062
2.32272
2.48604
2.66058
2.82689
2.95881
3.04066
3.06159
3.03393
2.96591
2.86314
2.72374
2.51408
2.21584
1.84473
1.45044
1.10213
0.843134
0.692146
0.665613
0.744469
0.885739
1.05242
1.18323
1.22695
1.15333
0.933576
0.570312
0.0822205
-0.497808
-1.12044
-1.74233
-2.32272
-2.84184
-3.29965
-3.68236
-3.97051
-4.15288
-4.23772
-4.25827
-4.25902
-4.25827
-4.23248
-4.16596
-4.05273
-3.89426
-3.72159
-3.55193
-3.38785
-3.23874
-3.09074
-2.92967
-2.75849
-2.58285
-2.40944
-2.23902
-2.06598
-1.8963
-1.73971
-1.58798
-1.44147
-1.29422
-1.12642
-0.934697
-0.710459
-0.451838
-0.165188
0.149118
0.471647
0.793428
1.11745
1.42727
1.6915
1.8892
2.02039
2.08541
2.0899
2.04318
1.9546
1.83501
1.6829
1.49941
1.30431
1.10886
0.922738
0.755681
0.594604
0.430163
0.274317
0.147623
0.0739984
0.0564332
0.0867052
0.168178
0.299731
0.46604
0.657763
0.870416
1.08979
1.31254
1.52145
1.68104
1.78195
1.82642
1.82828
1.80997
1.79801
1.82044
1.88285
1.99086
2.13736
2.30367
2.47671
2.62358
2.72337
2.77531
2.7712
2.70954
2.59966
2.44008
2.23266
1.98898
1.72925
1.47287
1.22321
0.984774
0.760914
0.547139
0.332993
0.125573
-0.0347568
-0.110624
-0.0837154
0.0369992
0.218258
0.422688
0.614038
0.768014
0.862941
0.880133
0.818842
0.714197
0.594977
0.470151
0.357286
0.268337
0.199198
0.133421
0.0597967
-0.00896951
-0.0706348
-0.121836
-0.145381
-0.139775
-0.100907
-0.0280297
0.067645
0.1764
0.292257
0.411476
0.517242
0.59722
0.652532
0.676824
0.683925
0.688036
0.662996
0.59124
0.46604
0.274317
0.0257874
-0.266843
-0.581523
-0.886112
-1.17239
-1.43213
-1.65675
-1.83949
-1.97778
-2.0757
-2.13288
-2.14857
-2.11569
-2.03159
-1.89219
-1.70271
-1.48893
-1.28002
-1.10886
-0.98851
-0.929092
-0.95301
-1.06961
-1.28526
-1.58423
-1.92134
-2.25396
-2.53388
-2.73346
-2.84931
-2.88519
-2.85604
-2.76111
-2.59181
-2.34478
-2.01926
-1.63133
-1.1978
-0.725035
-0.224612
0.279176
0.775488
1.26059
1.71953
2.134
2.48904
2.7798
2.98722
3.09672
3.11092
3.02384
2.84483
2.59705
2.3018
1.97666
1.64292
1.33945
1.09764
0.923112
0.801276
0.712702
0.65029
0.620018
0.607684
0.581523
0.517242
0.402132
0.234328
0.0295246
-0.205178
-0.470899
-0.75157
-1.02066
-1.2632
-1.4654
-1.61077
-1.69785
-1.73186
-1.71243
-1.65264
-1.56144
-1.43812
-1.29833
-1.16828
-1.06438
-0.988893
-0.93395
-0.88985
-0.857336
-0.847992
-0.866678
-0.911153
-0.969454
-1.02103
-1.04009
-1.00272
-0.896577
-0.722419
-0.503414
-0.26759
-0.027656
0.201814
0.413718
0.608057
0.785579
0.950767
1.11371
1.27666
1.43699
1.58685
1.70944
1.78979
1.81894
1.80997
1.78156
1.7498
1.727
1.71654
1.7285
1.77446
1.87837
2.0585
2.30553
2.59854
2.9121
3.22678
3.53473
3.83148
4.10168
4.31956
4.46458
4.51615
4.4713
4.35021
4.17157
3.94882
3.70067
3.44766
3.18978
2.91471
2.61648
2.30217
1.98188
1.65936
1.34393
1.04644
0.780348
0.556857
0.376346
0.231339
0.095301
-0.0489585
-0.184622
-0.298983
-0.374477
-0.393537
-0.367002
-0.316922
-0.265348
-0.217884
-0.175279
-0.130805
-0.0766146
-0.0194339
0.0369992
0.0889476
0.135664
0.175653
0.209289
0.235823
0.244045
0.227975
0.191723
0.14426
0.0982911
0.071756
0.0754934
0.115482
0.190976
0.284034
0.39279
0.50603
0.60731
0.69551
0.756054
0.784085
0.769136
0.684673
0.51911
0.275438
-0.0153229
-0.315054
-0.609553
-0.882001
-1.11708
-1.30581
-1.44222
-1.51846
-1.53753
-1.52967
-1.50651
-1.48259
-1.47997
-1.49492
-1.52706
-1.58237
-1.67132
-1.79689
-1.96133
-2.16987
-2.40869
-2.64862
-2.8736
-3.08476
-3.26901
-3.41402
-3.51493
-3.56388
-3.55903
-3.48577
-3.33105
-3.09448
-2.7869
-2.42438
-2.01702
-1.58835
-1.14997
-0.713823
-0.30758
0.0452213
0.340094
0.584513
0.770256
0.880507
0.913021
0.865184
0.731762
0.520979
0.260489
-0.0194339
-0.28964
-0.531443
-0.737742
-0.9119
-1.06102
-1.17837
-1.2561
-1.28563
-1.25685
-1.16828
-1.03187
-0.858456
-0.664491
-0.480242
-0.314681
-0.174906
-0.0702611
0.00971697
0.0631603
0.0904425
0.0956748
0.0769883
0.0452213
0.00298983
-0.0396153
-0.063534
-0.0597967
-0.0209289
0.0444738
0.116978
0.174158
0.194339
0.171915
0.106513
0.00822205
-0.105766
-0.222369
-0.328508
-0.425678
-0.523595
-0.6103
-0.668602
-0.686541
-0.654774
-0.591614
-0.531817
-0.486222
-0.462677
-0.46604
-0.48099
-0.487717
-0.467161
-0.41484
-0.338599
-0.244419
-0.149865
-0.065029
0.0239187
0.119219
0.222742
0.346074
0.489959
0.645431
0.802771
0.942172
1.04532
1.09727
1.10288
1.07858
1.03298
0.966839
0.880133
0.778852
0.662996
0.521353
0.367749
0.217884
0.0885739
0.00597967
-0.0407365
-0.055312
-0.0254136
0.0530696
0.206299
0.429789
0.705601
1.01991
1.33421
1.62573
1.87313
2.05252
2.17137
2.23378
2.245
2.22781
2.18707
2.12017
2.03421
1.92695
1.81221
1.72177
1.66833
1.66123
1.70869
1.79689
1.90677
2.02561
2.14483
2.25471
2.33543
2.37991
2.38851
2.35524
2.28012
2.16427
2.01926
1.86753
1.73672
1.64216
1.57751
1.53192
1.49268
1.43812
1.34169
1.18547
0.971323
0.705975
0.409233
0.0926849
-0.234328
-0.555736
-0.866305
-1.15408
-1.40448
-1.6104
-1.75242
-1.81259
-1.78119
-1.66721
-1.49417
-1.289
-1.06924
-0.838275
-0.599462
-0.368124
-0.155845
0.0384941
0.209289
0.355043
0.472768
0.550503
0.597967
0.630481
0.649168
0.663743
0.677198
0.668228
0.63235
0.572553
0.494071
0.41783
0.343084
0.248156
0.122209
-0.0407365
-0.239934
-0.451091
-0.649168
-0.82071
-0.955627
-1.05803
-1.14398
-1.23031
-1.33795
-1.4796
-1.66085
-1.88733
-2.14745
-2.42663
-2.7058
-2.96292
-3.18006
-3.34525
-3.45364
-3.50408
-3.50969
-3.47456
-3.41327
-3.34338
-3.26939
-3.20847
-3.17222
-3.15241
-3.14232
-3.13372
-3.11503
-3.08589
-3.04328
-2.97974
-2.90425
-2.81792
-2.70617
-2.575
-2.44344
-2.31713
-2.19081
-2.0585
-1.9105
-1.73448
-1.5237
-1.2946
-1.06625
-0.843881
-0.649542
-0.504161
-0.422688
-0.418577
-0.491454
-0.621886
-0.775488
-0.924606
-1.04009
-1.10736
-1.13876
-1.13278
-1.10773
-1.07896
-1.02664
-0.960485
-0.872658
-0.737368
-0.546392
-0.286277
0.0373729
0.414466
0.817346
1.21014
1.56256
1.82978
1.99235
2.03346
1.95834
1.79951
1.57265
1.29572
0.978798
0.636461
0.295994
-0.013828
-0.270207
-0.456698
-0.557604
-0.596472
-0.590119
-0.51911
-0.402132
-0.260116
-0.0919374
0.0837154
0.252641
0.409233
0.539291
0.643562
0.705228
0.719056
0.707844
0.654026
0.547139
0.394284
0.187238
-0.0478373
-0.285529
-0.507525
-0.682804
-0.811741
-0.907789
-0.968707
-0.999356
-1.01318
-1.0214
-1.03635
-1.06139
-1.09241
-1.12904
-1.1821
-1.24116
-1.28413
-1.3002
-1.26993
-1.17987
-1.03
-0.819215
-0.55013
-0.241803
0.0758671
0.383821
0.673086
0.925355
1.13128
1.28862
1.39102
1.4497
1.47997
1.49081
1.49791
1.52145
1.57191
1.64179
1.74196
1.87874
2.03795
2.21883
2.41878
2.61386
2.78578
2.92107
3.01861
3.08327
3.12363
3.16063
3.21444
3.29965
3.42037
3.55417
3.69619
3.84007
3.96415
4.06543
4.14279
4.1925
4.20745
4.1768
4.0957
3.9578
3.78028
3.59079
3.40467
3.22491
3.04552
2.87398
2.72187
2.58807
2.47446
2.39187
2.34216
2.32647
2.34664
2.3971
2.45839
2.50996
2.54547
2.55855
2.55855
2.56005
2.56603
2.58471
2.60565
2.61013
2.59517
2.5451
2.45465
2.32722
2.15081
1.9262
1.6616
1.3615
1.01467
0.618896
0.183875
-0.273944
-0.7355
-1.1907
-1.6261
-2.03758
-2.42102
-2.76485
-3.08513
-3.39458
-3.68758
-3.96415
-4.21155
-4.42907
-4.62378
-4.78412
-4.90594
-4.9863
-5.01806
-4.99751
-4.91865
-4.78897
-4.62939
-4.46308
-4.30873
-4.18128
-4.08224
-4.00413
-3.94994
-3.91444
-3.89501
-3.90435
-3.95107
-4.03366
-4.14615
-4.28182
-4.4272
-4.56548
-4.672
-4.72768
-4.73291
-4.6832
-4.5864
-4.46158
-4.30648
-4.12971
-3.93873
-3.74029
-3.55454
-3.38599
-3.23202
-3.08552
-2.9476
-2.82091
-2.68711
-2.55183
-2.41504
-2.26779
-2.11419
-1.94414
-1.7569
-1.55247
-1.3387
-1.13763
-0.948526
-0.776984
-0.620765
-0.459688
-0.289267
-0.105392
0.0870789
