0.213915
0.322401
0.328013
0.400962
0.391141
0.450529
0.408911
2.12859E-4
-0.674091
-1.50925
-1.70659
-0.906964
0.290136
1.29785
1.61162
1.22537
0.636173
0.205497
-0.0315842
-0.18964
-0.465533
-0.730204
-0.904626
-1.03369
-0.995346
-0.804555
-0.413161
-0.0269084
0.0249972
-0.228919
-0.216761
0.615598
1.93474
2.90225
2.7297
1.4503
-0.225646
-1.51908
-2.18356
-2.67175
-3.10944
-3.45594
-3.29275
-2.35891
-1.27685
-0.400067
0.319128
1.28523
2.8971
4.86905
6.49215
6.77927
5.30019
2.90926
0.280784
-2.6914
-5.68836
-7.87306
-8.69279
-8.01662
-5.68321
-1.76036
2.51694
5.31609
6.21952
5.60554
3.75565
1.67195
0.118988
-0.675962
-0.758729
-1.0725
-2.14054
-3.16696
-3.15527
-1.63317
0.555275
1.84496
2.10168
1.56953
0.0399612
-1.30164
-1.26936
-0.581503
-0.227048
-0.0189591
0.198016
0.273769
0.232619
0.134888
0.71333
2.01798
3.31422
3.64529
2.34906
0.515996
-0.644631
-0.391182
0.831637
1.14541
-0.407082
-3.32174
-6.11576
-7.58922
-7.29789
-5.94788
-4.72273
-3.2198
-1.23617
0.878399
3.18656
5.28523
7.23659
9.02757
9.26371
7.08602
3.67335
-0.346758
-4.94951
-8.29626
-9.38674
-8.78586
-6.99348
-3.99137
0.580059
4.76664
6.69228
7.20806
7.17206
6.81527
5.67802
3.77295
1.80007
-0.376218
-1.81507
-2.22143
-2.95139
-3.73652
-3.72483
-2.71524
-1.14872
0.107297
0.569303
-0.0437425
-1.19362
-1.72763
-1.02854
1.37641
4.61139
6.47531
6.04464
3.59058
0.160605
-3.0711
-5.03976
-5.14451
-3.97968
-2.40193
-1.21933
-0.948114
-0.568409
1.1384
2.82602
3.48163
2.50243
-0.553446
-3.70892
-5.52563
-5.50458
-4.41831
-3.05661
-1.2675
0.580527
2.2069
2.90646
3.00512
2.99858
2.74419
1.67429
-0.950919
-3.8899
-5.32876
-4.03579
-1.1071
0.810595
1.31001
1.01494
0.793292
1.32077
1.8314
2.08345
2.89524
4.16902
4.82181
3.21462
-0.552511
-4.13305
-6.04889
-5.20437
-3.5981
-3.70987
-3.52141
-1.73886
1.47555
5.06778
7.4704
8.00442
6.63851
4.54639
3.02476
2.72783
3.05657
3.00934
1.60507
-1.92777
-6.26025
-9.39282
-10.3444
-9.27544
-6.8415
-3.4176
0.724085
5.53868
8.64272
7.22583
2.32848
-2.54456
-4.74143
-4.42625
-3.14311
-3.52141
-5.92029
-7.78655
-7.34559
-3.43256
3.14541
9.77903
13.7047
13.7748
11.3544
8.52255
6.13068
3.36893
-0.632474
-6.03018
-11.759
-15.8572
-17.6696
-16.0227
-10.6129
-4.46974
1.22257
6.11431
8.78955
9.06218
7.37361
4.96397
3.12062
1.57141
0.11478
-2.19478
-6.45665
-10.3963
-11.8936
-10.5053
-6.05965
-0.256509
4.14752
7.05048
9.04347
9.79586
9.66119
8.88775
8.47298
8.00208
6.61654
3.82346
-0.781642
-5.8927
-10.0311
-10.7475
-7.43725
-2.57682
1.34321
3.30768
4.57959
5.72151
6.28359
6.14704
4.59549
1.79961
-2.02363
-6.59413
-10.1972
-12.8892
-14.8219
-14.3501
-10.7507
-4.18169
3.7968
10.1639
12.1078
9.91599
7.30112
6.848
8.14938
8.29481
4.46876
-3.66778
-12.675
-17.4831
-16.2514
-9.8497
-1.6935
3.3549
4.09281
3.47695
3.59853
4.7297
7.81971
11.621
13.0631
11.8796
6.61934
-2.42438
-10.4823
-14.3337
-11.1904
-2.86675
4.9967
7.84964
3.86928
-2.55672
-6.08303
-5.1576
-1.28293
3.33479
6.43697
6.14331
1.8459
-4.70401
-10.2794
-11.7618
-6.3491
3.0402
9.42271
8.33877
1.73975
-4.50996
-6.49219
-2.0732
5.36846
7.96327
3.01401
-5.18192
-12.5474
-15.4766
-11.4092
-3.81508
3.24033
6.81246
5.38389
1.0949
-2.94297
-3.60044
-0.788189
3.10285
6.44212
7.64249
6.30837
3.56066
0.878867
-0.498734
-1.51861
-3.10617
-4.70121
-5.7627
-4.32151
-0.249495
4.09982
5.83889
2.73251
-1.35635
-2.71477
-2.11623
-0.284565
0.471104
-1.90579
-6.68204
-8.94999
-6.76808
-3.68507
-0.128381
3.00934
5.16224
7.42645
10.978
16.6193
21.7766
24.2284
20.3312
8.98829
-3.34419
-11.3498
-11.4499
-4.38931
3.20386
5.5831
1.64716
-3.42368
-5.99932
-4.64322
-0.306076
1.68083
-0.528662
-5.29695
-9.66123
-11.4929
-9.65422
-5.11599
-2.09331
-2.42532
-4.53287
-5.86511
-5.0566
-1.91375
2.16154
4.31726
4.08859
2.92002
2.71286
3.8646
2.68854
-1.37692
-4.87049
-6.36453
-4.92333
-1.63832
1.11267
1.11735
-1.8104
-5.1389
-7.47652
-4.75124
3.11595
10.0811
11.787
6.45193
-1.57846
-7.77907
-8.88545
-3.61119
1.93709
2.51927
-1.82396
-7.62289
-10.206
-7.36102
0.232619
8.34391
12.2995
11.5298
7.09631
1.2525
-3.02293
-4.94811
-5.36897
-4.68204
-3.59529
-2.56139
-1.68882
-2.13493
-2.13072
-1.00516
1.9932
9.24361
17.8436
24.2396
24.3659
17.232
7.43767
-1.11178
-6.105
-8.26539
-7.47839
-4.0559
-1.73418
-1.40919
0.126003
3.43627
5.24267
4.87699
2.8812
-1.19267
-5.71314
-7.38347
-5.52936
-2.75826
-1.75008
-4.00773
-8.79988
-13.7983
-15.8323
-12.2976
-5.29649
0.444449
3.06826
2.87045
1.44562
0.856421
0.861565
-0.233128
-2.60909
-3.89645
-3.32128
-2.11342
2.12859E-4
1.17487
-0.210682
-1.39936
-1.12114
0.226073
1.72993
1.81644
1.31843
0.913003
-0.182625
-1.98201
-2.9425
-2.26445
-1.45829
-0.982715
-0.390716
0.87606
3.55504
6.99811
9.61583
9.79072
7.6481
4.70772
2.5679
2.66657
4.87091
7.91932
9.83842
8.5001
4.18819
-0.515569
-3.9418
-7.53544
-11.7912
-16.0391
-19.0819
-17.4017
-12.61
-6.55438
0.817609
6.23964
8.69089
7.96327
5.49566
2.73671
-0.454778
-2.08069
-1.21605
1.3867
3.27073
3.16645
2.82743
3.51716
6.68808
11.273
13.8936
13.1277
8.73344
2.22046
-3.63879
-5.70285
-3.41339
0.631965
3.84356
4.35794
2.92516
0.320999
-1.80058
-1.55648
-0.668479
0.0399612
-0.0666558
-1.60091
-3.51065
-5.3166
-5.51767
-4.27708
-3.22448
-1.68742
-1.43584
-3.31379
-3.90299
-1.79777
1.71263
4.4365
5.02523
3.91417
2.64974
2.4842
3.13933
4.41873
5.99274
6.31352
4.70445
1.64529
-1.27825
-3.40918
-5.44612
-5.75195
-4.36733
-2.5974
0.342977
4.14424
6.54125
5.67756
3.31842
1.26512
-0.710565
-2.27521
-3.74306
-5.17444
-6.32385
-6.7952
-5.70098
-3.88709
-2.2177
-1.19782
-1.82583
-4.12136
-7.9231
-12.1191
-15.167
-16.9065
-16.3468
-12.5609
-6.82466
0.0642778
8.19474
15.6271
19.8547
20.4435
17.7992
13.1782
8.69696
6.14471
5.3563
4.96491
4.71146
3.33994
0.227008
-3.99792
-8.69139
-12.2186
-13.6177
-12.3505
-8.83635
-3.86511
1.81831
7.71777
13.8632
18.7568
20.6567
18.9037
15.0795
10.8447
6.65394
3.30393
0.589879
-1.94507
-4.79521
-8.38978
-10.8303
-10.1877
-7.50552
-4.27053
-2.96916
-5.37411
-9.75896
-13.7496
-14.6807
-12.3103
-8.08162
-3.36991
0.190533
3.15476
5.33292
5.31188
2.82977
-0.938294
-4.64884
-7.61775
-9.53918
-10.6708
-10.8485
-10.7227
-9.5289
-5.41761
0.487003
6.40751
11.332
14.6118
15.8721
15.5621
14.5515
13.0397
11.8908
10.9537
8.55434
5.09537
1.08509
-3.29462
-6.34723
-8.0213
-8.78024
-8.09097
-5.87212
-2.84103
0.420134
3.65839
4.82322
3.69346
2.10496
0.468299
-1.59857
-4.50528
-5.98202
-5.29134
-3.39983
-1.35541
-0.886389
0.553405
2.7933
4.36823
6.34626
7.66587
8.47858
8.6661
7.74957
5.26839
1.10005
-3.29836
-6.98833
-8.81952
-8.83402
-7.67105
-5.47793
-3.47558
-2.48751
-1.614
-0.290646
1.27073
3.19545
5.50454
7.83514
8.41873
6.75822
4.3542
1.13325
-2.20413
-4.23313
-5.29134
-5.22027
-4.46272
-4.08629
-4.14381
-4.98926
-6.02129
-6.72039
-7.29088
-8.10453
-9.79263
-11.491
-12.675
-12.748
-10.7845
-7.38908
-3.28994
0.56416
4.02359
7.4227
10.4313
13.0622
14.1976
13.2473
10.9158
7.24034
3.34087
0.720812
-0.370608
-0.240142
-0.00212505
-0.944841
-2.57823
-3.88849
-4.22518
-2.80596
-0.379024
2.20176
4.23589
5.26558
6.08813
6.71473
6.98268
6.31118
4.15593
1.4372
-1.16416
-3.04912
-3.47979
-2.24014
0.521607
3.59478
5.32872
4.85409
1.9268
-2.16205
-5.03088
-5.41947
-4.10781
-3.27498
-4.49405
-6.95279
-8.12698
-6.62078
-2.762
2.53891
7.12156
9.40026
9.72713
8.97707
8.4061
8.23589
8.5174
8.88775
8.06101
6.02921
3.4835
1.61911
0.34625
-1.3671
-3.11038
-4.03766
-3.92123
-3.29743
-2.79988
-2.63762
-2.5324
-2.32572
-1.70285
-0.221905
1.12998
0.702575
-1.25581
-4.09331
-7.27825
-8.82606
-8.14147
-6.15924
-4.53287
-4.65585
-6.16065
-8.03112
-8.62265
-7.09589
-4.05029
-0.969625
0.970052
1.68036
1.49986
1.57001
2.78114
4.83257
6.89009
8.54873
8.8293
7.28008
5.07013
2.5202
0.0221915
-2.3678
-5.63785
-9.85666
-13.7001
-15.4555
-14.892
-12.2513
-8.32151
-5.16976
-3.61681
-2.72132
-1.09354
1.71497
4.99577
8.025
10.3359
11.0467
9.89873
7.57422
4.78909
2.25647
0.518333
0.251792
1.16084
2.80872
4.7774
6.17838
7.13512
7.65886
7.83936
7.79212
6.93405
5.50875
4.09
2.79844
1.93288
1.34368
0.947606
0.751675
0.707719
0.804048
0.273302
-0.841965
-2.08302
-3.73698
-5.70191
-7.40825
-8.5483
-8.87236
-8.34021
-7.35916
-6.20834
-5.19174
-4.2696
-3.46764
-3.23056
-3.24926
-3.02573
-2.22143
-0.643229
0.89196
1.83935
2.31772
2.18399
1.60274
0.506643
-1.41059
-3.38206
-4.78725
-5.87587
-6.3201
-6.33694
-6.44356
-5.99558
-4.97991
-3.68695
-2.16532
-0.567475
1.21321
2.84801
4.47391
5.94083
6.81293
7.50968
7.52886
6.44492
4.5305
2.3514
0.706783
-0.0788141
0.270964
1.34275
2.23075
2.0914
0.608584
-1.01545
-1.44893
-0.786319
0.684337
1.83468
1.68504
1.25202
1.23519
2.49121
4.19801
4.78441
3.81504
0.696028
-3.19081
-6.8588
-8.87003
-8.59413
-7.70986
-5.8913
-4.06011
-3.25674
-2.52118
-1.06408
2.18352
6.47718
10.0638
11.6686
10.0619
5.34789
-0.941567
-6.74237
-10.4968
-11.2015
-9.44986
-7.03275
-5.01873
-3.419
-1.47979
1.53494
5.43439
8.52255
9.43626
7.42645
3.55831
-0.100792
-2.78959
-4.79754
-7.15293
-9.58548
-12.1817
-14.235
-14.0732
-11.9801
-9.13235
-5.88335
-1.83612
2.22186
5.89453
9.54943
13.0986
16.0222
18.1265
19.5559
20.7713
22.1788
22.1933
19.5532
14.8077
9.43486
4.93919
2.50805
1.29458
-1.15901
-4.83588
-7.92637
-8.4674
-5.8422
-1.02901
3.61256
5.83187
5.25577
1.48771
-3.7772
-8.01475
-10.538
-10.6053
-8.97898
-6.57355
-3.83893
-1.25066
2.15313
5.82345
9.23238
12.726
15.7459
18.6161
20.6675
20.1817
17.1865
12.7105
6.85221
0.281719
-5.54713
-10.1433
-12.864
-14.0372
-14.3411
-13.8815
-12.3898
-9.2011
-4.3201
2.28826
9.68784
17.0239
22.559
24.5684
22.177
14.8994
5.13559
-5.2357
-13.1954
-17.0603
-16.784
-12.3196
-7.1721
-3.24412
-1.37926
-0.432801
2.49822
7.69392
13.5078
17.1889
17.2726
14.4118
9.54475
3.74209
-1.5953
-6.61283
-12.3692
-18.7331
-24.2172
-28.8616
-31.9807
-32.9457
-33.4545
-31.8118
-26.5432
-18.799
-8.54035
2.99016
13.1623
20.805
25.57
28.74
31.8137
33.7491
32.1643
26.553
18.8704
11.043
4.44071
-0.558122
-3.61681
-5.82116
-8.16111
-9.04164
-7.65047
-2.62312
5.63173
13.5027
19.8515
24.0666
26.8288
29.5612
30.6988
28.8008
22.6048
13.2394
0.450061
-16.0536
-31.9418
-45.7351
-56.1555
-61.729
-61.1403
-53.3039
-41.1239
-27.3802
-12.3557
3.19965
17.2806
29.2604
37.0061
38.9658
36.212
31.3058
26.5856
22.2126
18.8078
16.0614
14.0222
9.946
1.63968
-7.56817
-15.7412
-21.7431
-24.4767
-24.7789
-25.5892
-26.1569
-24.7592
-22.5529
-16.8747
-9.10056
-1.98763
5.18141
10.9495
17.4919
24.559
28.9621
30.9046
29.6626
26.6142
22.6137
17.3413
12.2368
7.07058
3.50875
3.01588
5.28102
9.97915
13.8141
15.7332
16.5099
16.2369
15.8857
15.8773
16.7653
17.7056
16.6773
13.6598
11.2492
9.37782
7.81878
8.26489
9.11081
10.6698
12.6951
13.7739
14.4604
13.5172
11.4601
8.37291
2.91301
-5.24739
-16.5203
-29.8497
-43.9488
-56.4062
-66.2252
-74.025
-78.6484
-81.6089
-84.076
-84.2318
-81.6986
-77.86
-73.0987
-67.9175
-63.8787
-60.4356
-56.3378
-51.4817
-45.3531
-34.9953
-19.4419
-1.19502
19.3703
40.082
54.3416
61.0289
61.5475
57.8052
51.7991
43.037
34.7923
23.2455
12.5146
1.54008
-6.24435
-8.69373
-11.7949
-3.38814
5.57515
26.9719
42.0049
56.5805
79.8019
73.7056
82.5927
85.6233
87.1042
97.0911
89.6748
90.1522
75.5939
56.3
36.0844
12.5445
-6.95373
-27.3905
-42.9112
-60.2836
-69.2432
-70.1878
-67.4088
-57.4751
-42.8003
-27.8202
-18.3229
-12.3463
-10.1031
-10.6544
-7.89784
-2.25698
4.24245
10.4197
11.3497
9.5022
7.71169
3.63594
-1.57425
-5.36477
-4.72646
-1.74073
1.88471
4.75448
6.43791
7.23753
6.783
10.1008
12.7451
17.3942
23.1931
26.7227
39.4241
50.0269
52.1119
51.7421
44.8279
35.3727
24.3019
10.5548
-3.88054
-20.393
-31.9563
-40.2654
-49.6902
-51.5893
-46.704
-38.8036
-29.2671
-17.3517
-3.17023
11.1501
24.8321
33.802
39.2464
39.6729
33.9586
27.6163
19.8586
10.5497
1.14448
-12.8167
-31.2586
-48.4319
-66.3921
-83.8254
-94.545
-102.988
-108.191
-109.484
-108.29
-102.218
-94.6489
-81.0842
-64.8144
-47.9329
-30.0512
-10.8677
13.1356
32.7699
52.5796
67.1744
75.087
78.0755
67.8216
54.7311
37.6257
20.8177
5.70515
-12.8037
-26.8635
-37.6809
-41.4649
-36.9042
-29.5823
-18.2177
-5.53637
9.534
29.3573
48.7017
66.9939
83.4582
93.859
97.5364
97.8524
95.8487
89.5663
76.545
54.5983
29.2913
4.50477
-20.5899
-41.8193
-59.6472
-75.6753
-89.6926
-102.79
-110.474
-112.393
-110.189
-104.119
-93.752
-79.3339
-63.6594
-46.6942
-30.7232
-14.3356
2.8971
19.636
36.4159
51.0523
63.4812
72.6553
77.4962
80.5412
81.7481
77.5121
70.2888
61.4802
51.9707
43.4625
34.1555
26.242
21.0378
15.6766
8.33877
3.56767
-1.28527
-7.42461
-8.70402
-7.62101
-4.84103
-3.10243
1.85618
6.27096
-0.828872
-4.59506
-3.86698
-5.14311
-7.23009
-11.4733
-13.2086
-16.4108
-19.3432
-21.2693
-24.9294
-25.5687
-27.8805
-33.2413
-40.0119
-45.0758
-45.0398
-43.6434
-40.4286
-36.3225
-32.229
-26.0273
-18.4441
-10.3641
-3.14031
3.27026
9.01073
14.3009
20.87
26.2897
28.6437
29.4017
28.2644
24.6885
20.2523
17.0102
15.9263
15.9806
14.7016
12.4799
9.21929
4.06147
-2.57309
-10.8004
-19.2586
-26.6371
-31.0772
-31.0767
-27.029
-20.7293
-14.2481
-9.08887
-5.32501
-2.13633
1.04581
6.16108
13.2446
20.2116
25.4905
30.2321
32.9799
31.8052
29.434
25.1978
19.9858
15.3404
10.6394
6.4856
3.42972
1.68738
-0.756391
-3.33156
-4.5815
-4.8761
-5.72015
-8.15644
-9.37412
-8.17
-3.64673
3.52231
10.4374
16.3612
19.1721
18.2532
14.8461
9.87255
3.6509
-4.62359
-14.033
-23.9769
-32.3925
-36.0204
-35.5981
-32.9528
-30.1934
-28.1994
-25.4836
-21.7313
-17.7
-14.4454
-10.9949
-6.68157
-1.40358
6.32614
14.3729
22.1704
29.2119
33.2717
35.9679
33.9179
29.1155
28.3046
26.5062
22.2148
18.3345
13.5537
9.16785
6.4711
3.87209
1.29692
-2.31776
-7.4508
-13.2151
-20.8518
-27.7959
-32.2658
-35.5294
-37.4738
-38.9668
-39.8759
-39.0464
-36.4169
-32.2471
-25.6415
-17.7809
-12.192
-9.24458
-7.70238
-7.8796
-10.4646
-15.599
-22.4632
-30.6081
-40.2177
-48.7265
-53.0197
-52.1962
-46.9926
-39.2198
-31.4265
-25.8599
-22.3809
-20.4085
-18.826
-15.7487
-10.0073
-1.3685
9.32357
21.1875
33.9942
47.5747
59.858
68.5655
74.3514
78.1354
80.0157
80.964
80.3682
77.0304
71.3643
64.3271
55.7206
44.2093
30.5005
15.6692
0.0315432
-14.4655
-24.9706
-29.4092
-28.5024
-23.0818
-14.0952
-5.16369
2.617
9.47508
14.4042
16.8158
18.3107
17.773
12.5623
6.20784
-0.423448
-7.86465
-15.6776
-23.9591
-31.1295
-36.4211
-38.0007
-34.8663
-27.0917
-15.7416
-1.85904
12.1195
24.3542
34.8181
42.5137
48.1835
49.6733
50.3266
51.2043
47.0907
41.0585
33.1047
23.447
14.6965
6.99297
1.62238
-1.70472
-3.70051
-4.17795
-3.81321
-3.78281
-3.32922
-3.25346
-2.91398
-0.601611
1.31655
2.83024
4.61887
6.01284
7.01307
8.10777
9.93198
11.5359
12.6838
12.414
10.2073
7.95064
4.19615
-1.13095
-6.21443
-12.7368
-20.3304
-27.9399
-34.9827
-40.6428
-44.5193
-45.9651
-46.7896
-47.0458
-46.4468
-46.1171
-44.9374
-42.5455
-39.3643
-35.3433
-30.1209
-23.2666
-15.2006
-7.12254
0.494017
7.12671
11.9773
16.6048
21.5307
24.2364
23.9581
21.751
17.6747
12.4286
6.97754
1.37268
-3.58408
-7.07063
-9.42461
-11.2615
-12.4674
-11.8301
-9.01359
-4.02317
1.86788
6.33222
11.0533
15.7692
18.3879
18.8919
17.2796
14.9631
12.6432
11.2217
10.5997
9.94551
9.03271
6.93966
4.29388
1.68784
-0.218164
-1.29882
-2.0241
-1.6804
-0.237337
1.72573
4.09421
7.69906
12.66
18.3027
24.0091
28.3602
30.1157
28.2635
23.0725
16.0269
8.07316
-0.0559007
-8.34395
-16.733
-24.1705
-29.5303
-32.3566
-33.557
-33.5359
-32.3163
-30.5815
-28.4136
-26.4225
-24.5459
-22.2186
-19.3297
-15.4433
-10.8303
-5.68789
-0.191042
4.60905
8.15547
10.7821
12.4341
13.2511
13.4564
12.8485
11.6874
10.6656
10.0507
10.1465
11.3886
13.4316
16.2771
19.7042
23.3759
26.7652
28.696
28.5431
26.1232
21.6598
16.0455
10.5431
5.08602
0.743258
-1.64954
-3.50318
-5.44379
-8.1915
-11.1249
-13.5434
-15.8426
-17.7706
-20.0077
-22.6779
-24.5956
-25.9194
-26.6624
-27.1487
-28.6914
-31.0782
-34.4921
-37.9811
-39.9376
-41.4742
-42.9888
-41.7178
-36.7797
-30.1247
-22.2331
-13.8586
-5.38066
3.59573
12.2818
19.2127
24.4253
28.1928
29.8463
30.1816
29.9628
29.3825
28.4627
28.3112
28.6932
28.6848
28.9644
28.8522
28.7203
28.3173
26.9841
25.1487
22.8279
21.2665
20.7998
21.2618
21.8623
21.3408
19.1926
15.0832
9.75939
2.87092
-5.52142
-14.1962
-21.9834
-27.9933
-32.1494
-33.62
-32.1579
-28.2921
-23.6294
-19.2961
-15.2502
-12.7765
-11.5027
-10.1943
-8.78679
-6.89808
-5.08653
-4.49172
-4.61704
-5.04397
-5.76785
-5.79684
-5.48681
-4.83355
-4.17842
-4.76668
-6.1223
-8.67316
-11.3713
-13.4087
-15.5065
-16.7335
-17.5924
-18.1826
-18.293
-17.7201
-16.1953
-14.1447
-10.3818
-5.79778
-1.09869
4.04978
8.62074
13.3638
18.7882
24.1405
28.4917
31.635
33.0159
31.6991
28.8443
25.2464
20.8429
16.083
11.3367
6.87886
2.83117
-0.68017
-3.66825
-6.56747
-9.14171
-11.6126
-14.3491
-16.4183
-17.5059
-17.3063
-16.6002
-15.658
-14.0629
-12.2495
-9.62242
-6.84897
-3.7945
-0.891065
0.685741
1.64342
2.14097
2.20222
2.13489
2.6156
3.35116
3.98384
4.42341
5.13746
5.44142
4.20269
3.68551
4.19427
5.44188
7.76266
9.78932
11.5218
13.2609
14.6297
15.6415
16.2668
16.4332
16.4038
16.0545
15.3194
14.0054
12.1419
10.4393
8.44492
6.18446
3.94597
0.738114
-3.65515
-8.82934
-13.8492
-17.9039
-20.4192
-20.884
-20.1584
-18.6432
-16.3654
-13.2829
-9.50925
-5.92543
-3.07951
-1.57519
-1.66403
-3.15199
-5.69209
-8.89621
-12.1485
-15.1781
-17.5527
-19.238
-20.6675
-20.1574
-18.6348
-17.5093
-16.0494
-15.1599
-14.5698
-14.38
-13.9624
-12.4127
-9.88432
-6.11809
-2.3795
1.29552
4.04604
5.76967
7.7131
8.06895
7.06124
6.58801
5.59105
3.66728
2.08018
0.645526
-0.27381
-0.674559
-0.81344
-0.292048
0.199886
0.294812
-0.265393
-1.20577
-2.09658
-2.96308
-3.8235
-4.60067
-5.22915
-5.99183
-6.28503
-5.72108
-3.93245
-0.688588
3.38997
7.90669
12.7493
17.8183
21.8422
25.4676
29.2371
31.5368
32.4239
31.5499
29.4592
27.1197
24.4926
21.902
18.7522
15.6472
13.7014
12.7404
11.9549
10.2976
8.30323
6.44352
4.45988
3.17721
1.81644
-0.695601
-3.17117
-5.93244
-9.6126
-12.7316
-14.4469
-15.0449
-14.7873
-13.9886
-12.7106
-11.0267
-9.30725
-6.93596
-3.88429
-0.584309
2.55808
4.21111
4.75074
4.72081
4.23402
3.73368
3.53166
3.98431
4.72455
6.32661
7.895
8.79844
10.0026
10.7087
11.497
12.2448
11.7435
10.3462
8.68246
6.82415
4.07223
1.14588
-1.27685
-3.29508
-4.77509
-6.15551
-7.40732
-8.53193
-9.74213
-10.8046
-11.8796
-13.0912
-14.0999
-14.7124
-14.6063
-13.5504
-12.0372
-10.6137
-8.99114
-6.8574
-4.58898
-1.99652
1.10098
3.78464
5.4026
5.99414
5.72058
4.8597
3.74256
2.85362
2.72035
3.24127
4.02734
5.07667
6.33269
7.72713
9.29177
10.7143
11.8342
12.7591
13.3615
13.4723
12.9158
12.0236
11.3053
10.9125
10.7306
10.2911
9.52979
8.22935
6.31305
4.22607
1.87817
-0.67222
-3.0711
-5.09775
-6.45057
-7.3498
-8.04
-7.88896
-7.23102
-7.14825
-7.89457
-9.51253
-11.6851
-14.0381
-16.4702
-18.921
-21.2825
-23.0365
-23.8936
-23.7912
-22.4922
-20.2135
-17.1922
-13.3984
-8.96448
-3.96939
1.28102
6.47531
11.3825
15.4653
18.5973
20.6189
21.817
22.8943
23.5279
23.6686
23.1309
21.5504
19.2978
16.5754
13.4741
10.1859
7.14494
4.49542
2.52909
1.29878
0.301826
-0.377154
-0.462261
0.345316
1.77436
3.61723
5.47648
6.64225
7.29645
7.44187
7.06124
6.14518
4.8798
3.8155
3.07854
2.55388
1.72573
0.37571
-1.00609
-2.13118
-2.78866
-3.13703
-3.52141
-3.679
-3.60605
-3.26142
-2.80222
-2.56561
-2.45664
-2.79053
-3.42555
-3.70191
-3.46577
-2.83121
-1.87587
-0.868619
0.199886
1.47367
2.73391
3.87256
4.80358
5.59339
6.11571
6.54873
7.10192
7.46152
7.85105
8.24898
8.552
8.93311
9.26138
9.39184
9.31047
8.97333
8.40704
7.88612
7.34181
6.64693
5.90295
4.89336
3.41896
1.41476
-1.23289
-4.20133
-7.27825
-10.4127
-12.9659
-14.6712
-15.4583
-15.0977
-13.939
-12.5459
-11.3367
-10.3374
-9.60138
-9.45969
-9.53684
-9.36476
-8.98974
-8.37107
-7.45875
-6.28924
-5.10149
-4.0213
-3.18987
-2.62826
-2.17701
-1.94039
-1.61587
-1.13142
-0.612833
0.356538
1.58684
2.58474
3.56112
4.69509
5.70982
6.24337
6.17978
5.51576
4.01284
1.65792
-1.14451
-4.00493
-6.87424
-9.56911
-11.5686
-12.5034
-12.6704
-12.8513
-13.1165
-13.4648
-14.0751
-14.6521
-15.0954
-15.2717
-14.9771
-14.3795
-13.6304
-13.1179
-12.8148
-12.292
-11.8343
-11.4157
-10.9818
-9.89873
-8.08302
-6.15551
-3.92871
-2.37622
-1.26188
-0.220503
0.465493
1.51717
2.78067
4.17651
5.62939
7.10379
8.59549
10.256
12.3673
14.9565
17.7921
20.1223
21.8314
22.8531
23.2796
23.1561
22.6788
21.9899
20.4739
18.6563
16.5918
14.0049
11.2418
8.2083
5.1557
2.02594
-1.03088
-3.5317
-5.69256
-7.30117
-7.74026
-7.21886
-5.94087
-4.10219
-2.15503
-0.0671235
1.77061
3.21883
4.67592
6.37712
8.27798
9.99553
11.2717
11.7248
11.7786
12.111
12.4809
12.2939
11.1398
9.00419
6.23776
3.55317
0.963505
-1.71267
-4.47442
-7.42742
-10.2701
-12.7844
-14.8209
-16.3323
-17.2525
-17.5794
-17.5331
-16.8845
-15.1136
-12.5562
-9.95208
-7.50738
-5.59717
-4.34255
-3.40264
-2.55765
-1.70846
-0.626394
0.47578
1.02149
0.944333
0.161073
-1.08465
-2.62265
-4.54363
-6.856
-9.51954
-12.0569
-14.2677
-15.8071
-16.582
-17.1005
-17.723
-18.4529
-18.9084
-18.7812
-17.7291
-16.2051
-14.6572
-12.8981
-11.1272
-9.36523
-7.79918
-6.43093
-5.00563
-3.80479
-3.07437
-2.70261
-2.51931
-2.34862
-1.99745
-1.53123
-0.886857
-0.257911
0.198016
0.717071
0.948074
1.21321
2.15686
3.47929
5.16552
7.30206
9.6481
12.0297
14.4155
16.7639
18.7526
20.0741
20.6493
20.5646
19.9413
19.1487
18.3617
17.3965
16.5801
16.1153
15.8141
15.3815
14.4978
13.2123
11.4517
9.33059
7.21695
5.2595
3.83094
3.01775
2.67405
2.76244
2.96865
3.21087
3.52137
3.50173
3.31095
3.16317
2.78161
2.57165
2.56182
2.65628
3.0402
3.43019
3.64669
3.75191
3.95018
4.03014
3.90716
3.41616
2.46643
1.53634
0.558549
-0.361723
-0.985058
-1.29462
-1.05894
-0.180755
1.27681
3.05516
4.88963
6.65721
8.17837
9.48817
10.5987
11.4489
12.1615
12.5174
12.134
10.8784
8.9275
6.72268
4.62261
2.79703
1.07199
-0.849446
-2.57682
-3.6313
-3.96097
-3.58641
-2.71197
-1.58361
-0.711968
-0.367801
-0.331327
-0.618912
-1.20858
-2.03953
-3.16883
-4.41971
-5.61306
-6.8761
-8.12137
-9.08513
-9.7295
-10.0867
-10.1924
-10.3524
-10.7007
-11.0659
-11.4742
-11.6794
-11.6921
-11.714
-11.938
-12.6591
-13.6187
-14.7157
-15.5766
-15.8225
-15.8595
-15.9675
-16.0835
-16.0447
-15.7664
-15.2386
-14.5445
-13.6523
-12.7849
-12.1424
-11.6537
-11.4924
-11.6542
-12.1765
-12.8691
-13.4976
-13.9381
-13.9086
-13.4616
-12.4351
-10.9046
-9.04164
-6.90696
-4.75359
-2.3145
0.371501
3.0589
5.63219
7.73227
9.29084
10.4987
11.4657
12.0965
12.2495
11.6874
10.4996
8.9434
7.00232
4.95182
2.88541
0.766171
-1.26095
-3.14218
-4.80455
-6.17233
-7.07858
-7.48541
-7.14311
-5.98763
-4.19899
-1.58781
1.38483
4.59876
8.13489
11.3811
14.2598
16.4734
17.9272
18.8054
18.8419
18.2265
17.036
15.5275
14.0559
12.5791
11.2581
9.98248
8.78254
7.73695
6.76383
6.02406
5.36519
4.77272
4.18306
3.44562
2.93171
2.76244
2.94995
3.38016
3.62144
3.73508
3.71964
3.30065
2.57165
1.66681
0.716603
-0.171403
-0.941099
-1.54386
-2.08957
-2.51416
-2.66801
-2.36734
-1.66123
-0.996277
-0.643696
-0.683444
-0.985519
-1.43958
-2.05356
-2.88499
-3.98996
-5.06361
-5.9867
-6.6811
-6.92848
-6.80689
-6.37809
-5.67853
-4.63153
-3.33951
-2.04421
-0.658192
0.852213
2.53143
4.27611
5.84122
7.11127
7.99741
8.45801
8.4234
7.94316
7.02009
5.60648
3.87162
2.03435
0.364487
-1.01452
-2.15737
-3.08232
-3.85856
-4.72085
-5.78889
-6.87329
-7.78094
-8.24341
-8.05262
-7.19923
-5.72343
-3.79824
-1.63692
0.524413
2.65207
4.7961
6.75682
8.34063
9.28709
9.58263
9.35911
8.66984
7.83608
6.98736
6.33035
5.729
4.85174
3.89547
2.7975
1.63407
0.539377
-0.523051
-1.59342
-2.66287
-3.44893
-3.81554
-3.85295
-3.79544
-3.8422
-4.09144
-4.57262
-5.20344
-6.01101
-7.14638
-8.63247
-10.2607
-11.8338
-13.1263
-13.9727
-14.488
-14.6325
-14.502
-14.344
-14.1742
-14.1391
-14.0016
-13.5846
-13.0613
-12.3949
-11.6692
-10.8514
-9.88098
-8.71478
-7.33997
-5.8927
-4.49032
-3.19221
-1.80105
-0.433269
0.764768
1.69532
2.09374
2.22794
2.03809
1.39325
0.578656
-0.282695
-1.04304
-1.81554
-2.79474
-4.06899
-5.53825
-6.90696
-8.1064
-9.13516
-9.93757
-10.6156
-11.1899
-11.4527
-11.4775
-11.4199
-11.3526
-11.3157
-11.0112
-10.1794
-8.78211
-6.73816
-4.02457
-1.08513
1.7159
4.28546
6.37477
8.13162
9.5644
10.4646
11.0734
11.4423
11.4634
11.3409
11.181
10.9818
10.8714
10.8541
10.9883
11.3563
11.9409
12.704
13.5892
14.5253
15.2011
15.5288
15.6916
15.5817
15.2773
15.0131
14.7451
14.4304
14.0647
13.4802
12.4505
11.0612
9.31655
7.27307
5.1903
2.90458
0.355603
-2.32057
-4.79193
-6.66428
-7.88943
-8.60441
-9.01312
-9.11646
-8.95746
-8.31871
-7.16415
-5.77065
-4.06198
-2.47115
-1.16088
-0.0526274
0.66236
1.35491
1.96561
2.2878
2.38459
2.25787
2.11151
2.04557
2.19942
2.26629
2.10823
1.87583
1.2539
0.383192
-0.646034
-1.79871
-2.69981
-3.22074
-3.37037
-3.03509
-2.32244
-1.42601
-0.20928
1.02196
1.97731
2.67639
3.12297
3.46339
3.6841
3.8805
4.07316
4.10917
4.13582
4.31726
4.3514
4.03295
3.5008
2.69089
1.64249
0.476716
-0.780706
-2.04608
-3.11739
-3.77486
-4.17561
-4.50621
-4.74236
-4.74798
-4.46787
-4.25277
-4.30046
-4.5787
-5.01966
-5.44379
-5.85483
-6.11529
-5.939
-5.3685
-4.6119
-3.82069
-3.0739
-2.36686
-1.76083
-1.24411
-0.650243
-0.0147501
0.564628
1.08275
1.54569
2.14144
3.079
4.21017
5.39792
6.47204
7.14307
7.43533
7.22958
6.5534
5.70889
4.79142
3.89874
2.97052
1.85665
0.57398
-0.841029
-2.3519
-3.85997
-5.41058
-7.0206
-8.43982
-9.49243
-10.1237
-10.2911
-10.0713
-9.52141
-8.68064
-7.62897
-6.43888
-5.1188
-3.45829
-1.48026
0.635705
2.90225
5.1543
7.23005
9.03973
10.4416
11.3465
11.7267
11.8193
11.9048
12.0086
11.9997
11.6177
10.812
9.6986
8.27611
6.74373
5.13278
3.33339
1.31609
-0.879374
-2.95653
-4.94531
-6.79427
-8.27615
-9.27685
-9.62242
-9.39142
-8.73862
-7.82163
-6.62686
-5.18847
-3.5621
-1.74119
0.0245295
1.70889
3.32965
4.73904
5.86928
6.65956
6.91721
6.57164
5.7131
4.37758
2.71333
0.838184
-0.972429
-2.36031
-3.22354
-3.57893
-3.38674
-2.77837
-1.98341
-1.14685
-0.412225
0.253662
0.631029
0.826494
1.01634
1.00933
1.03692
1.03552
0.877464
0.600167
0.15406
-0.385571
-1.09869
-1.97547
-2.89528
-3.7585
-4.48517
-5.04959
-5.38066
-5.58127
-5.58314
-5.16555
-4.44777
-3.48727
-2.39585
-1.33203
-0.314961
0.624015
1.57982
2.44492
3.07293
3.35163
3.1557
2.66891
1.83047
0.54265
-0.987863
-2.63809
-4.22705
-5.6486
-6.94905
-8.04421
-8.90322
-9.47325
-9.62569
-9.39142
-8.86581
-8.12277
-7.15574
-6.08349
-4.95279
-3.75709
-2.77276
-2.07461
-1.46483
-0.750312
0.26582
1.61162
3.10285
4.60297
5.85806
6.67826
7.08462
7.17767
7.26839
7.43113
7.57001
7.50829
7.05749
6.43136
5.80568
5.29972
5.1094
5.07947
5.06731
5.14962
5.14541
5.04815
4.96351
4.91253
5.10707
5.42318
5.78886
6.13208
6.3729
6.75868
7.28522
8.00115
8.77692
9.3362
9.55879
9.33246
8.77038
7.86461
6.70679
5.39886
3.89967
2.26816
0.501967
-1.26282
-2.98085
-4.56607
-5.81227
-6.74563
-7.4508
-7.88943
-7.91094
-7.42836
-6.46273
-5.02995
-3.1043
-0.88218
1.44374
3.82766
6.15593
8.30604
10.1148
11.5808
12.6956
13.4606
13.7439
13.2946
12.3112
10.9331
9.339
7.74489
6.10496
4.64553
3.29037
1.83515
0.288265
-1.38767
-2.90884
-4.05777
-4.65679
-4.73489
-4.43093
-3.60979
-2.40007
-0.934553
0.651605
2.0596
3.07527
3.64202
3.7491
3.42644
2.72362
1.60975
0.279381
-1.16789
-2.64463
-3.92777
-5.04444
-5.85763
-6.35331
-6.6465
-6.54877
-5.98763
-4.85085
-3.13142
-1.21933
0.574915
2.05025
3.12998
3.91651
4.42949
4.71894
4.89523
4.97239
4.81527
4.35888
3.66821
2.58567
1.21088
-0.14428
-1.4854
-2.77743
-3.95396
-5.0725
-6.09612
-6.71945
-6.86161
-6.55531
-5.71314
-4.72974
-3.55367
-2.16906
-1.28527
-0.791929
-0.318701
0.025465
-0.00305961
-0.469741
-1.21279
-2.27896
-3.52469
-4.84992
-6.37201
-7.99137
-9.70752
-11.5228
-13.2212
-14.5988
-15.513
-15.8502
-15.6019
-14.8915
-13.7197
-12.1424
-10.4075
-8.55999
-6.51697
-4.30186
-2.23219
-0.407549
1.23566
2.4178
3.173
3.69532
4.08392
4.36168
4.52535
4.55621
4.30838
3.89359
3.39839
2.74747
2.0077
1.19778
0.355135
-0.298594
-0.720852
-0.708695
-0.340212
-0.0306496
0.223266
0.166686
-0.115756
-0.500605
-0.981312
-1.26703
-1.43865
-1.36664
-1.04631
-0.605352
0.154527
1.04487
1.84076
2.617
3.16879
3.59385
4.11058
4.64085
5.31328
5.895
6.1765
6.18773
5.84683
5.24969
4.4655
3.46433
2.34017
1.19872
-0.0114766
-1.16134
-2.1368
-3.01545
-3.62055
-3.97407
-4.1541
-4.04001
-3.81368
-3.55976
-3.40965
-3.41386
-3.36383
-3.3526
-3.30351
-3.12534
-2.94905
-2.70635
-2.41456
-2.25371
-2.10407
-1.83612
-1.30117
-0.39352
0.634303
1.73694
2.79891
3.78043
4.76103
5.57842
6.22701
6.64646
6.81199
6.84941
6.67171
6.2041
5.59479
4.89571
4.16294
3.44141
2.62682
1.84216
1.20059
0.676388
0.219526
-0.366866
-1.13235
-2.13866
-3.33951
-4.37715
-5.2343
-5.88055
-6.19899
-6.35377
-6.21302
-5.64393
-4.78632
-3.58875
-2.17187
-0.681105
0.87232
2.19334
3.27727
4.18165
4.83772
5.30908
5.51951
5.46105
5.1543
4.65021
4.09794
3.62144
3.20292
2.81433
2.45755
2.15967
1.79774
1.26839
0.926096
0.948541
1.20106
1.43626
1.51156
1.41148
1.13652
0.749805
0.276108
-0.334601
-1.17023
-2.11809
-3.06876
-3.79777
-4.12604
-4.04608
-3.68134
-3.2371
-2.63902
-1.97173
-1.25674
-0.499202
0.212043
0.920485
1.3203
1.42037
1.52933
1.45591
1.12436
0.703043
0.215786
-0.29345
-0.827468
-1.49803
-2.32104
-3.21372
-3.96846
-4.50154
-4.88218
-5.00843
-4.99488
-4.91958
-4.73815
-4.58104
-4.42438
-4.25838
-4.13259
-4.08442
-4.08442
-4.14007
-4.21629
-4.41269
-4.89621
-5.43303
-5.98342
-6.51276
-6.80456
-6.89527
-6.89667
-6.80736
-6.61938
-6.36453
-6.19478
-6.20179
-6.29345
-6.46086
-6.74237
-7.11084
-7.37739
-7.49803
-7.47652
-7.36897
-7.33811
-7.35681
-7.37598
-7.39048
-7.3339
-7.03696
-6.54175
-5.8263
-4.84945
-3.69022
-2.32852
-0.959337
0.292474
1.28616
1.9254
2.38787
2.63197
2.74045
2.85735
2.87045
2.89056
2.9434
2.87045
2.6633
2.38693
2.08532
1.7491
1.39278
0.964441
0.465024
0.0820465
-0.0764761
0.0156446
0.350458
0.740452
1.13745
1.53306
1.89594
2.23683
2.41733
2.50383
2.53611
2.42341
2.15639
1.82954
1.55036
1.35163
1.303
1.26512
1.13745
1.04814
1.02336
1.05048
1.12436
1.12296
0.880737
0.347654
-0.338341
-0.937827
-1.26516
-1.34091
-1.17865
-0.680637
0.0437025
0.885881
1.79914
2.66891
3.55972
4.49074
5.27401
5.9572
6.56744
6.99109
7.36846
7.70141
7.91557
8.03155
7.94784
7.65278
7.21742
6.6862
6.09934
5.59058
5.1716
4.7961
4.71707
4.84848
5.13793
5.80007
6.58988
7.36238
8.08485
8.74934
9.37922
9.82303
10.1526
10.4028
10.4973
10.4468
10.2536
9.8852
9.41148
8.90506
8.25693
7.4676
6.47344
5.30955
4.23122
3.32124
2.68528
2.34251
2.21438
2.34625
2.6488
2.94714
3.25437
3.5008
3.635
3.57843
3.14541
2.41078
1.27775
-0.145684
-1.5953
-3.14544
-4.73254
-6.37622
-7.93338
-9.21232
-10.2359
-10.8205
-10.9808
-10.7798
-10.242
-9.58454
-8.75498
-7.73138
-6.63808
-5.48541
-4.33975
-3.32922
-2.54081
-1.90346
-1.47886
-1.34279
-1.43958
-1.71127
-2.06245
-2.51557
-3.00049
-3.45361
-3.83191
-4.11248
-4.44075
-4.85926
-5.42789
-6.10593
-6.75826
-7.29462
-7.62897
-7.78094
-7.75756
-7.53919
-7.07531
-6.43841
-5.76692
-5.13282
-4.60395
-4.07881
-3.55648
-3.09916
-2.68672
-2.35377
-2.05356
-1.9072
-1.94647
-1.98061
-1.92404
-1.61494
-0.952322
0.0259328
1.173
2.34345
3.46386
4.46456
5.31609
5.90575
6.21859
6.25881
6.00348
5.59572
5.12156
4.78815
4.59736
4.35607
4.09935
3.79165
3.51015
3.32264
3.24454
3.30533
3.41943
3.57235
3.85292
4.24758
4.69743
5.29178
5.98151
6.7138
7.35257
7.82018
8.16762
8.31305
8.38413
8.38179
8.21812
7.93662
7.45918
6.82368
6.16388
5.30066
4.18211
3.02196
1.75706
0.338769
-1.07671
-2.40755
-3.66029
-4.70308
-5.45408
-6.08022
-6.70823
-7.35354
-8.07039
-8.80221
-9.40731
-9.84264
-10.1349
-10.3341
-10.335
-10.1877
-9.90903
-9.40591
-8.86909
-8.28971
-7.53216
-6.68531
-5.73605
-4.6091
-3.30023
-1.80666
-0.306076
1.17534
2.60624
3.75611
4.71801
5.62611
6.44165
7.20245
7.94924
8.56931
8.978
9.1253
9.00933
8.72689
8.29014
7.71777
7.13044
6.47624
5.68317
4.78581
3.64997
2.45427
1.37875
0.314452
-0.682041
-1.65374
-2.6914
-3.71968
-4.55905
-5.15995
-5.49102
-5.50458
-5.3339
-5.08606
-4.82232
-4.50669
-4.09658
-3.72108
-3.44005
-3.23196
-3.16228
-3.20483
-3.3802
-3.63364
-3.85389
-4.17514
-4.54082
-4.90884
-5.26141
-5.52422
-5.78468
-6.05871
-6.36967
-6.74283
-7.03135
-7.12861
-7.10476
-6.87564
-6.53381
-6.15363
-5.59156
-5.04024
-4.46366
-3.78281
-2.98131
-1.97734
-0.941099
0.213915
1.44516
2.66516
3.97543
5.14681
6.06755
6.76009
7.1398
7.1903
7.00653
6.68902
6.34579
6.01424
5.71123
5.50033
5.33526
5.25997
5.18796
5.01915
4.75027
4.42434
4.04464
3.54149
3.08508
2.65675
2.32755
2.16388
2.16154
2.34064
2.44445
2.44726
2.2747
1.91697
1.50033
1.01494
0.425746
-0.257911
-0.850382
-1.27825
-1.5476
-1.66965
-1.62382
-1.48961
-1.383
-1.41527
-1.80573
-2.48938
-3.35307
-4.2191
-4.93409
-5.62476
-6.17654
-6.56092
-6.77884
-6.65164
-6.3201
-5.7468
-4.85085
-3.73418
-2.40755
-1.05894
0.19708
1.38389
2.44772
3.29832
3.91979
4.31258
4.50898
4.55668
4.44819
4.25647
3.90202
3.37688
2.81153
2.26255
1.85385
1.59759
1.48256
1.498
1.5644
1.74817
2.02734
2.3528
2.71146
2.95556
3.0271
2.98034
2.92235
2.88401
2.82743
2.66751
2.34392
1.92025
1.46666
1.01541
0.468766
-0.155503
-0.758729
-1.31286
-1.68367
-1.81274
-1.80011
-1.53403
-1.03275
-0.389779
0.555743
1.69252
2.99951
4.35513
5.61583
6.83678
7.78885
8.47157
8.95977
9.19544
9.23145
9.03271
8.52722
7.7608
6.86858
5.93755
4.91441
3.84964
2.80264
1.80615
0.90973
0.0371555
-0.887791
-1.82864
-2.65118
-3.32314
-3.80105
-4.14335
-4.35377
-4.48377
-4.59086
-4.60815
-4.63808
-4.59038
-4.53895
-4.49593
-4.44309
-4.46507
-4.45899
-4.42204
-4.22284
-3.89878
-3.53918
-3.18706
-2.87844
-2.44355
-1.94554
-1.47466
-1.06221
-0.821857
-0.699343
-0.610962
-0.529597
-0.453376
-0.392118
-0.381363
-0.474418
-0.552978
-0.617509
-0.697472
-0.651645
-0.455246
-0.120433
0.299488
0.737646
1.21976
1.73788
2.191
2.58474
2.85689
2.89664
2.8321
2.64646
2.34625
2.10403
1.91792
1.79446
1.69159
1.47835
1.17814
0.82509
0.605777
0.687144
0.973326
1.44374
2.00489
2.67873
3.47134
4.26629
5.15663
6.00348
6.7325
7.34181
7.60928
7.57515
7.25623
6.61607
5.83094
4.86671
3.71684
2.53984
1.28383
0.0207882
-1.17163
-2.36173
-3.42134
-4.37622
-5.21699
-5.77113
-6.1396
-6.33554
-6.33741
-6.19151
-5.89224
-5.43678
-4.73862
-3.92777
-3.11598
-2.37061
-1.87259
-1.5504
-1.2661
-1.02246
-0.781642
-0.509957
-0.328054
-0.270538
-0.289241
-0.390247
-0.585244
-0.838691
-1.10337
-1.34325
-1.54619
-1.72296
-1.78889
-1.79871
-1.70752
-1.43444
-1.15246
-0.876568
-0.632006
-0.509022
-0.480964
-0.540352
-0.636682
-0.770887
-0.941567
-1.06268
-1.28199
-1.6154
-1.93152
-2.33788
-2.77743
-3.1534
-3.48354
-3.73512
-3.93152
-4.03392
-4.03719
-3.9563
-3.70752
-3.33062
-2.83589
-2.25371
-1.65982
-1.10804
-0.641825
-0.164388
0.264885
0.583332
0.831637
1.05188
1.33526
1.6018
1.79353
1.89172
1.78558
1.52371
1.08602
0.396286
-0.320573
-1.04023
-1.76176
-2.33834
-2.83074
-3.19829
-3.354
-3.26515
-2.92847
-2.40193
-1.74914
-0.989265
-0.21302
0.587073
1.50267
2.33924
3.07995
3.7505
4.30557
4.7643
5.02055
5.14354
5.1543
5.05797
4.93732
4.66938
4.27189
3.87116
3.4517
3.07714
2.77272
2.44351
2.17323
2.01939
1.8936
1.79726
1.64389
1.39325
1.14027
0.855953
0.571175
0.34812
0.176973
0.0946725
0.0670825
0.00161622
-0.0526274
-0.144748
-0.331327
-0.518841
-0.784448
-1.16836
-1.61821
-2.07694
-2.50902
-2.89995
-3.2053
-3.50131
-3.75195
-3.9867
-4.31262
-4.5843
-4.71524
-4.65071
-4.38137
-3.97407
-3.45408
-2.87797
-2.14194
-1.3325
-0.666609
-0.124641
0.261143
0.541714
0.771315
1.02102
1.34368
1.57141
1.71309
1.83515
1.86601
1.8099
1.70701
1.55551
1.36192
1.10706
0.826494
0.543585
0.27564
0.108701
-0.0474837
-0.319637
-0.642293
-0.931747
-1.12114
-1.05379
-0.786787
-0.407549
-0.0105421
0.273302
0.513658
0.625418
0.628224
0.560886
0.313517
-0.121835
-0.63715
-1.17818
-1.64253
-1.89784
-2.09471
-2.16859
-2.15082
-2.07788
-1.77907
-1.32689
-0.745636
-0.120433
0.528154
1.27447
2.05399
2.83397
3.59853
4.32755
4.98596
5.48397
5.75425
5.69673
5.28616
4.66236
3.98291
3.31235
2.65722
1.9759
1.25904
0.628224
0.0956081
-0.267731
-0.486109
-0.65679
-0.681573
-0.646034
-0.557186
-0.382765
-0.231257
-0.0371955
0.209705
0.440241
0.692288
0.919082
1.17674
1.40821
1.52558
1.61303
1.57421
1.43626
1.173
0.782537
0.383192
-0.0138146
-0.376686
-0.759197
-1.20063
-1.69724
-2.18309
-2.66193
-3.16181
-3.67713
-4.14896
-4.51743
-4.87049
-5.2053
-5.53872
-5.85249
-6.09331
-6.27662
-6.3664
-6.34723
-6.26399
-6.15223
-5.95349
-5.70425
-5.44987
-5.13937
-4.89808
-4.78071
-4.68344
-4.58758
-4.44963
-4.19759
-3.85062
-3.53123
-3.29696
-3.13703
-3.06735
-3.02901
-3.05053
-3.16228
-3.26329
-3.33998
-3.34091
-3.23944
-3.12347
-2.94952
-2.80268
-2.71758
-2.56233
-2.39165
-2.16953
-1.89036
-1.63271
-1.36242
-1.13188
-0.946244
-0.717112
-0.448699
-0.136331
0.14424
0.255065
0.239633
0.19708
0.140031
0.0175158
-0.0839576
-0.162518
-0.246688
-0.198992
-0.0353254
0.202224
0.495888
0.847536
1.21649
1.63828
2.16809
2.7007
3.17346
3.57
3.86601
4.0133
4.14705
4.26442
4.33971
4.44773
4.49121
4.47204
4.42621
4.48747
4.69649
5.01588
5.47554
5.90249
6.31959
6.82275
7.22771
7.61677
7.98712
8.25881
8.58567
8.80639
8.92516
8.9434
8.78675
8.5997
8.28686
7.83421
7.33667
6.68995
5.9268
5.13699
4.25834
3.38389
2.56463
1.80334
1.16037
0.57585
0.0240627
-0.42111
-0.726463
-0.887323
-0.855058
-0.782578
-0.716177
-0.584309
-0.459922
-0.258847
0.0310764
0.330351
0.715668
1.10005
1.43814
1.80615
2.13862
2.55668
2.93686
3.12156
3.21508
3.07246
2.81715
2.52254
2.08391
1.63453
1.13232
0.604375
0.0797085
-0.552978
-1.19923
-1.86465
-2.51744
-3.01826
-3.46202
-3.87914
-4.20928
-4.49593
-4.65679
-4.62312
-4.50528
-4.28036
-3.95957
-3.59109
-3.19455
-2.82981
-2.50061
-2.22938
-1.99885
-1.85904
-1.70519
-1.46717
-1.14217
-0.653516
-0.186833
0.248518
0.666568
0.994365
1.30954
1.64202
1.95766
2.20176
2.34953
2.35654
2.29949
2.19193
1.96842
1.65184
1.21321
0.681065
0.0156446
-0.676897
-1.26282
-1.89644
-2.57215
-3.26797
-3.98248
-4.60582
-5.13422
-5.50131
-5.65094
-5.68836
-5.59904
-5.40592
-5.17865
-4.83028
-4.48236
-4.1195
-3.65281
-3.21419
-2.82747
-2.61424
-2.56514
-2.61985
-2.762
-2.89247
-3.01872
-3.08793
-3.04257
-2.92941
-2.75452
-2.47582
-2.19899
-1.9072
-1.56864
-1.26703
-0.961674
-0.739557
-0.554848
-0.296256
-0.0367278
0.211109
0.414522
0.50524
0.508981
0.455673
0.281719
-0.0161524
-0.364996
-0.697939
-1.00283
-1.3325
-1.68462
-2.04888
-2.466
-2.84197
-3.19689
-3.56116
-3.81929
-4.0517
-4.21676
-4.33086
-4.38183
-4.24762
-3.96611
-3.51487
-2.98459
-2.46085
-1.99324
-1.52375
-1.01545
-0.564201
-0.145216
0.125535
0.228411
0.26769
0.194275
0.0516507
-0.132123
-0.349564
-0.574488
-0.868619
-1.15854
-1.44659
-1.78281
-2.07226
-2.34208
-2.56561
-2.67128
-2.70168
-2.62966
-2.48845
-2.32992
-2.12043
-1.95255
-1.78702
-1.57332
-1.36149
-1.0594
-0.745168
-0.430462
-0.0657201
0.305567
0.753545
1.22865
1.72713
2.21953
2.59456
2.94387
3.31469
3.71169
4.08719
4.44866
4.78066
4.95275
5.1412
5.36706
5.57842
5.8646
6.17557
6.56088
7.02383
7.52839
8.02125
8.47953
8.88401
9.17814
9.3376
9.30721
9.09678
8.74232
8.26722
7.65324
6.99577
6.39208
5.88237
5.53681
5.26793
5.11408
5.07854
5.03084
5.08228
5.20714
5.3245
5.48256
5.61864
5.72806
5.7767
5.64155
5.34274
4.93638
4.36823
3.73321
3.06405
2.26629
1.4835
0.755883
0.0324796
-0.590855
-1.06315
-1.43537
-1.68367
-1.85482
-1.99885
-2.0905
-2.18589
-2.21957
-2.27381
-2.36874
-2.4183
-2.55064
-2.7288
-2.92053
-3.16929
-3.44519
-3.79123
-4.12838
-4.41549
-4.70916
-4.89387
-5.01592
-5.10897
-5.11225
-5.09167
-5.1562
-5.32455
-5.4798
-5.67105
-5.85716
-6.05683
-6.31589
-6.61096
-6.91071
-7.08886
-7.26235
-7.39282
-7.48775
-7.6126
-7.7066
-7.79403
-7.83191
-7.78515
-7.56677
-7.2371
-6.80689
-6.17748
-5.4653
-4.75686
-4.06572
-3.45969
-2.99487
-2.6652
-2.39212
-2.15317
-2.01194
-1.93946
-1.8913
-1.85576
-1.86838
-1.93619
-2.04655
-2.15597
-2.18028
-2.16205
-2.10734
-2.04841
-1.96846
-1.83144
-1.64533
-1.35307
-1.04538
-0.792865
-0.574488
-0.399599
-0.274746
-0.148488
0.0128399
0.19521
0.457076
0.73297
1.02477
1.38623
1.77015
2.24524
2.7007
3.12016
3.54709
3.85197
4.07457
4.19661
4.23309
4.17744
4.02967
3.95813
3.92025
3.87068
3.89687
3.92773
3.95579
4.04744
4.08766
4.01144
3.85805
3.68037
3.48303
3.26886
3.02523
2.65067
2.20737
1.70188
1.10333
0.467363
-0.207876
-0.852252
-1.43444
-1.94554
-2.36921
-2.73581
-2.99207
-3.11272
-3.17865
-3.18286
-3.11598
-2.98833
-2.78819
-2.55064
-2.33693
-2.21114
-2.11763
-2.0863
-2.12792
-2.16859
-2.22705
-2.21957
-2.14428
-2.06385
-2.00821
-1.99932
-1.91047
-1.66685
-1.3021
-0.834015
-0.285969
0.262547
0.825558
1.43626
1.98244
2.49589
3.0416
3.61209
4.19755
4.7498
5.22538
5.66072
6.1564
6.67125
7.11595
7.38202
7.46713
7.41944
7.21602
6.97426
6.6951
6.41406
6.18726
5.93147
5.67709
5.46152
5.32684
5.31516
5.40821
5.56112
5.65885
5.69766
5.74629
5.75752
5.7159
5.6191
5.42364
5.13653
4.80265
4.41032
3.96795
3.50453
3.03645
2.64366
2.27751
1.91838
1.63641
1.34415
1.08415
0.954153
0.898039
0.920017
1.01213
1.15897
1.29832
1.35116
1.38296
1.35631
1.28429
1.20152
1.08088
0.914405
0.621209
0.225605
-0.276148
-0.87423
-1.52094
-2.14569
-2.63762
-2.98879
-3.2212
-3.36804
-3.46342
-3.46717
-3.35728
-3.20203
-2.94999
-2.63809
-2.33133
-2.06759
-1.88382
-1.80245
-1.88522
-1.94274
-2.03252
-2.29626
-2.62499
-3.03509
-3.46109
-3.86137
-4.33975
-4.84617
-5.34933
-5.78187
-6.05497
-6.29158
-6.3851
-6.3678
-6.30047
-6.06058
-5.75849
-5.41901
-5.08373
-4.73955
-4.33694
-3.92496
-3.56116
-3.25393
-2.92894
-2.60769
-2.40428
-2.39445
-2.48892
-2.65351
-2.93455
-3.25627
-3.58501
-3.9577
-4.2523
-4.41877
-4.52305
-4.5628
-4.52913
-4.33553
-3.97173
-3.47886
-2.89948
-2.32338
-1.76738
-1.21419
-0.761067
-0.456182
-0.272876
-0.227048
-0.225178
-0.316831
-0.546899
-0.873295
-1.30584
-1.71407
-2.04983
-2.30093
-2.50014
-2.64042
-2.62172
-2.43093
-2.0587
-1.74447
-1.45361
-0.927072
-0.290178
0.443982
1.16879
1.8286
2.50383
3.13886
3.76033
4.28453
4.69603
4.98689
5.10519
5.06358
4.88401
4.66844
4.43182
4.20129
4.01471
3.79586
3.56019
3.44141
3.39044
3.40073
3.5195
3.635
3.76922
3.94644
4.01705
3.93942
3.75331
3.47181
3.21976
2.96117
2.71239
2.56042
2.45895
2.46128
2.47344
2.44351
2.42201
2.39161
2.34438
2.35934
2.39301
2.39956
2.48326
2.54686
2.63758
2.79142
2.96117
3.1716
3.36145
3.53446
3.69672
3.82859
3.86788
3.86413
3.80616
3.59853
3.30908
2.91113
2.43323
1.96327
1.42411
0.859227
0.272366
-0.290646
-0.736283
-1.2371
-1.70144
-2.14662
-2.61049
-2.95419
-3.25206
-3.45641
-3.6313
-3.69256
-3.59109
-3.50411
-3.32735
-3.0898
-2.81437
-2.43982
-2.06338
-1.73791
-1.45454
-1.17865
-0.868151
-0.512763
-0.184028
0.133016
0.47578
0.80171
1.10706
1.39418
1.69767
2.0091
2.35747
2.71614
3.01307
3.27915
3.47134
3.6191
3.68831
3.60789
3.38483
2.99951
2.58474
2.13536
1.58684
1.00886
0.398156
-0.167194
-0.683911
-1.18426
-1.58641
-1.89504
-2.04888
-2.05169
-1.98389
-1.80198
-1.58314
-1.34184
-1.03696
-0.778369
-0.56046
-0.396326
-0.299529
-0.17
-0.108273
-0.14615
-0.223308
-0.39165
-0.531
-0.626394
-0.724593
-0.790527
-0.8429
-0.843836
-0.887791
-0.964012
-1.0608
-1.14732
-1.12862
-1.09729
-1.06969
-1.0608
-1.04398
-1.01639
-1.00797
-1.05099
-1.19782
-1.41573
-1.65562
-1.84968
-2.04421
-2.2392
-2.40942
-2.57309
-2.72834
-2.88966
-2.98833
-3.03649
-2.97664
-2.82326
-2.71524
-2.54596
-2.35751
-2.16251
-1.90627
-1.68415
-1.47886
-1.33811
-1.23149
-1.06548
-0.956532
-0.91164
-0.818117
-0.714307
-0.596467
-0.459922
-0.385103
-0.319169
-0.214891
-0.163453
-0.162518
-0.285501
-0.573554
-0.906964
-1.29696
-1.6645
-2.04515
-2.3996
-2.62265
-2.8284
-2.94203
-3.04164
-3.14404
-3.19502
-3.289
-3.35962
-3.44052
-3.52749
-3.51112
-3.41854
-3.30631
-3.16836
-3.03602
-2.85693
-2.53661
-2.16158
-1.75242
-1.34279
-1.06268
-0.799879
-0.582906
-0.503411
-0.355176
-0.186366
0.0184503
0.329416
0.616533
0.934045
1.2754
1.6135
2.02406
2.44024
2.74607
2.96351
3.09023
3.13185
3.02991
2.79002
2.57445
2.26255
1.9427
1.76407
1.51529
1.27027
1.09771
0.943866
0.857824
0.796566
0.715668
0.602037
0.511319
0.418731
0.234022
-0.0292463
-0.256976
-0.445426
-0.690458
-0.951855
-1.31846
-1.77486
-2.18964
-2.57027
-2.87283
-3.06362
-3.12487
-3.02153
-2.78351
-2.49078
-2.12932
-1.72436
-1.25113
-0.720384
-0.251365
0.256935
0.781135
1.23285
1.60507
1.87162
2.08766
2.24571
2.32474
2.29481
2.10215
1.81036
1.47415
1.12015
0.793292
0.502902
0.262547
0.0413636
-0.176546
-0.343018
-0.451038
-0.537547
-0.517907
-0.411758
-0.335536
-0.149893
0.0689535
0.259273
0.560886
0.861097
1.12623
1.34134
1.46573
1.59105
1.66727
1.67242
1.66073
1.55691
1.4372
1.36753
1.29411
1.27635
1.29505
1.29131
1.26652
1.23378
1.22912
1.24829
1.28429
1.36893
1.4545
1.53166
1.59806
1.64015
1.75892
1.92165
2.061
2.21111
2.37664
2.54966
2.72175
2.88355
3.04674
3.22163
3.34462
3.46666
3.5513
3.55878
3.64623
3.75004
3.87396
4.09233
4.27237
4.43369
4.59035
4.61046
4.50711
4.30978
4.03388
3.73086
3.37501
2.97613
2.54218
2.04979
1.53166
1.01073
0.428084
-0.158777
-0.68812
-1.21652
-1.68462
-2.13493
-2.6147
-3.0393
-3.42087
-3.744
-4.06385
-4.40895
-4.67315
-4.94951
-5.22915
-5.45361
-5.68321
-5.85389
-5.90579
-5.8263
-5.68882
-5.49289
-5.20624
-4.87891
-4.52819
-4.17842
-3.84968
-3.51393
-3.1735
-2.85225
-2.54549
-2.30046
-2.04795
-1.79544
-1.52329
-1.1721
-0.843367
-0.488447
-0.117158
0.249454
0.617937
0.927031
1.2076
1.42785
1.60648
1.79914
1.92025
1.95111
1.85618
1.73882
1.63781
1.42504
1.21041
0.952283
0.659086
0.442579
0.278913
0.170894
0.0712905
-0.0124122
-0.0577709
-0.0404691
0.0516507
0.245245
0.601569
1.03692
1.52325
2.04791
2.51553
2.98922
3.44936
3.85058
4.26956
4.646
4.9579
5.22303
5.35117
5.38203
5.35724
5.22116
5.02336
4.73484
4.40704
4.10355
3.83795
3.76407
3.82859
3.97823
4.22934
4.48373
4.78347
5.13746
5.42645
5.69112
5.94269
6.1274
6.23262
6.25366
6.26442
6.21251
6.12039
6.03949
5.88377
5.6495
5.33526
4.96023
4.53096
4.0423
3.50781
2.9766
2.45708
2.00114
1.60975
1.1599
0.718474
0.308841
-0.0760083
-0.415967
-0.771354
-1.17538
-1.614
-2.0255
-2.40615
-2.75172
-3.0248
-3.15012
-3.14872
-3.09635
-3.00844
-2.96729
-3.01779
-3.07203
-3.14264
-3.32922
-3.5144
-3.69256
-3.88943
-4.04187
-4.22565
-4.36172
-4.42532
-4.42157
-4.30327
-4.17141
-4.0068
-3.80012
-3.56818
-3.28714
-3.02714
-2.80503
-2.66287
-2.58805
-2.57309
-2.64697
-2.76341
-2.86254
