-0.169676
0.118614
0.0218947
-0.0103446
0.0583403
0.0363801
0.0859087
-0.0972512
0.198981
0.270936
-0.111269
-0.0589386
-0.0299686
-0.0883742
-0.186028
-0.154255
-0.319194
-0.373861
0.0760961
0.137305
0.108803
0.179356
0.283085
0.16347
0.0251662
0.0410522
-0.394886
-0.618696
-0.530388
-0.441611
-0.493007
-0.12622
0.492411
0.457367
0.384476
0.38728
0.255517
-0.326202
-0.737844
-0.821947
-1.04762
-0.540199
0.226081
0.778364
1.38951
1.5666
1.27364
0.470916
-0.551413
-1.4331
-2.52785
-2.63718
-1.88913
-0.96539
0.7807
2.33709
3.35007
3.54725
2.93703
1.93152
0.0373149
-1.7354
-2.81568
-3.51327
-3.06892
-1.78073
-0.81961
0.025634
0.826021
1.26429
1.51568
1.71659
2.03245
2.20018
2.19739
1.94928
1.27551
0.153658
-1.51207
-3.30208
-5.31823
-6.2873
-5.94106
-6.11862
-5.13461
-2.76755
-1.05323
1.25635
4.20326
6.59929
8.26127
8.66264
8.89345
7.82767
4.19391
-0.015951
-5.10564
-10.485
-14.3683
-15.7901
-13.6585
-8.1259
-0.359843
8.02438
14.7933
18.4645
18.4019
13.4977
6.60723
-1.48356
-10.0818
-15.0878
-17.5815
-16.2102
-11.7344
-6.32748
1.19701
7.0983
11.2072
13.307
11.3507
8.39117
4.07383
-1.50739
-5.81491
-8.73566
-9.53931
-8.01703
-4.81875
-1.0481
2.26653
5.39613
8.64721
9.78589
8.6659
7.22866
4.80694
2.35484
0.0994571
-1.65364
-2.17321
-2.75867
-3.36843
-4.96593
-7.57034
-8.66463
-9.14402
-9.08935
-6.7209
-3.91229
-0.387878
3.86544
7.19081
8.97008
9.03456
8.30192
5.2083
0.739114
-3.33899
-7.69603
-12.4386
-15.3743
-14.814
-12.6189
-7.16197
0.749862
8.24118
14.1915
17.5132
19.4639
17.7178
13.6995
7.89635
0.512034
-4.1263
-7.73715
-8.54782
-9.19449
-9.35335
-6.30926
-4.56176
-0.860727
4.12477
8.05101
10.141
9.77795
8.88597
6.49322
3.79349
1.52876
-0.121549
-0.560291
-1.02333
-2.27041
-4.16601
-4.91827
-4.83089
-5.18133
-4.01556
-0.761204
2.35905
4.59435
6.46658
6.24698
3.84488
0.176553
-4.44823
-8.93423
-12.8918
-15.1831
-15.5298
-13.7884
-9.86873
-4.60475
1.09002
5.51388
7.08942
5.7788
4.67237
3.21177
-0.286951
-3.06331
-6.00508
-6.80687
-6.47466
-7.01246
-4.55709
-3.00538
-0.38087
3.72293
5.59517
7.9328
9.23921
9.40742
8.44911
6.00401
4.09392
0.847514
-2.78951
-4.60382
-6.86948
-7.30869
-4.94678
-1.36068
3.34307
7.18988
10.5624
13.5925
15.1031
14.3901
11.225
7.2567
4.45043
1.13721
-1.88773
-3.0493
-4.84071
-6.04293
-6.63913
-7.08488
-6.20459
-3.47729
1.19655
5.11065
7.16372
7.73983
5.98112
0.510632
-6.20459
-13.167
-20.7191
-24.337
-24.1869
-21.2475
-15.7859
-8.25813
2.06982
11.7479
19.0467
24.2896
26.374
25.1899
19.1079
9.94894
-0.407502
-13.3703
-22.9011
-29.9887
-31.8493
-25.4079
-17.0264
-2.57084
11.2666
21.1586
27.4893
26.0343
23.0131
14.3714
2.11608
-9.46175
-20.7709
-26.1232
-29.0482
-29.1378
-25.084
-17.6231
-5.09769
7.08522
17.8715
25.7619
26.8454
24.9736
20.7628
13.8154
5.341
-3.96229
-10.0262
-12.6371
-13.4819
-11.1499
-6.68118
-2.78437
2.55997
6.34043
9.74244
14.5807
16.0717
17.723
15.5484
10.4064
5.27699
-1.46067
-5.74716
-11.2784
-16.9951
-19.8009
-18.5683
-14.0267
-9.08188
-1.52889
4.93683
10.5868
15.6124
16.4922
15.9086
12.3922
6.62826
0.624173
-6.51017
-11.9844
-16.5648
-21.2797
-22.1105
-20.6377
-15.4612
-5.44812
4.18831
12.7501
18.1977
20.8876
22.3524
21.4623
18.6757
13.5201
4.67564
-3.85202
-11.2163
-18.1899
-20.7625
-19.8042
-12.6951
-3.2689
5.80684
15.9857
19.1069
16.3063
10.562
3.67761
-0.900444
-6.32187
-10.9354
-10.5074
-9.00385
-7.14703
-5.76585
-6.09479
-3.76978
-2.14612
-0.385541
2.15393
0.383542
-1.19061
-3.89267
-9.21598
-13.2277
-16.9689
-17.1643
-13.8221
-9.35522
-2.69279
4.14065
8.20333
8.89205
5.20737
-2.46244
-8.424
-12.2577
-13.539
-10.2776
-3.12172
7.31277
16.2399
20.8418
20.1816
14.9101
7.00159
-1.30834
-6.3457
-7.87873
-4.6426
1.66379
7.54592
12.7422
14.6111
14.4382
12.2524
9.03362
6.35258
4.41726
4.44623
1.76938
-2.80072
-8.13805
-12.1181
-12.6101
-9.54259
-1.45179
7.17212
17.2492
25.6563
28.613
27.1875
22.0361
17.4595
10.6386
2.58286
-3.47636
-7.70818
-8.52913
-6.97087
-2.71522
2.44315
6.49649
8.76543
7.94635
4.01824
-2.61476
-9.56595
-15.977
-22.2235
-27.5342
-30.9227
-30.5947
-26.7498
-21.1021
-13.7567
-6.8064
-2.14565
1.97544
3.60659
2.16327
0.650339
-2.39188
-6.5382
-10.0893
-11.7391
-10.079
-8.97675
-7.92778
-5.07246
-3.52495
-1.79709
0.801725
3.5566
5.8017
5.98907
5.04336
2.09272
-0.814471
-2.01576
-3.11611
-2.51898
-1.21256
0.466712
2.6235
4.93964
8.2323
9.57236
11.1932
13.6692
15.7689
17.9243
18.1164
16.9595
10.8232
1.28812
-6.98442
-13.5637
-16.3569
-15.748
-12.1891
-6.84565
-1.92605
1.12599
3.17439
6.55629
10.026
13.771
17.5856
20.4797
22.2272
18.721
12.6828
6.13858
-1.58495
-6.64474
-7.33999
-1.66532
6.93851
15.7465
23.3023
24.9349
20.9325
12.8416
4.12242
-3.19835
-9.08562
-11.7821
-13.0212
-14.7262
-16.5461
-17.4638
-16.9274
-15.05
-11.5663
-6.78538
-1.6742
1.93525
3.59164
2.45203
-1.87371
-7.56848
-13.781
-20.0551
-24.8308
-24.97
-20.7592
-14.6028
-8.29785
-2.30871
3.12346
4.5836
2.35017
-1.45973
-6.7195
-11.8783
-15.1262
-16.3909
-16.6377
-16.405
-15.6275
-13.7188
-10.5527
-5.36449
2.52071
11.625
18.172
19.9737
18.6458
15.4531
10.9662
6.83197
5.84656
8.42948
14.3051
21.844
28.0098
31.4174
29.3172
22.7874
13.4402
1.74883
-9.83784
-18.85
-23.0197
-22.0315
-16.5265
-8.13524
1.89788
11.2703
18.7752
21.6263
17.7206
10.0196
0.115812
-10.0958
-18.4393
-21.2157
-17.7633
-11.0579
-2.48394
8.76169
21.0021
28.6841
31.9903
31.5445
25.3731
15.3129
4.2411
-5.00191
-9.81636
-10.9906
-8.36699
-2.52271
5.38866
13.3215
16.9394
16.7361
13.3902
6.91654
-1.56019
-8.2572
-12.233
-14.4439
-13.6683
-12.4176
-9.56081
-7.54838
-7.45914
-5.34066
-5.12806
-4.93275
-2.14378
-0.393017
1.71425
2.36138
1.16944
-0.282748
-4.78838
-9.51781
-15.1201
-20.3677
-23.3427
-26.3508
-26.2213
-23.9038
-18.8894
-12.1451
-5.8864
0.77883
5.07093
6.66236
5.9386
4.2654
3.16224
2.26653
1.5652
1.10637
2.39549
6.41005
10.0251
11.2437
12.3001
11.5796
7.00439
-0.183225
-9.26504
-18.0207
-24.3131
-28.808
-31.3998
-29.7985
-23.7595
-14.0636
-2.40403
9.42704
21.4511
31.1534
36.7449
36.8641
32.6552
27.3323
20.7806
15.2985
10.4115
6.7418
5.37184
3.59164
2.91461
2.11468
2.15066
4.19205
5.49799
6.91468
8.19539
10.0475
12.5908
14.1257
15.3012
16.0549
15.5787
14.4523
13.5406
12.0464
11.0264
11.4815
11.431
11.0437
9.80178
7.27258
2.65575
-4.04499
-8.97348
-13.5412
-17.9595
-20.2364
-22.5203
-24.5967
-25.8087
-26.5269
-25.5901
-22.3857
-18.6688
-15.5261
-14.1356
-16.2784
-21.755
-29.6634
-37.3174
-43.3121
-46.3096
-43.7499
-36.3203
-26.7016
-17.0619
-7.03582
1.75537
7.70338
11.8417
14.0995
14.8484
14.2555
13.5855
13.0229
11.6245
10.0901
8.89953
8.48462
9.21772
12.6477
17.4291
22.687
28.3616
31.4912
34.2008
35.3815
33.2915
29.2877
22.0963
14.3887
6.83758
0.909191
-1.60178
-2.50216
-0.903715
2.89358
7.84215
12.2936
15.7614
18.2178
18.9938
18.3169
15.5886
11.5273
5.14849
-2.1092
-8.41372
-14.2005
-17.6885
-19.4042
-19.9696
-19.9804
-19.414
-18.6856
-18.4263
-17.0063
-15.6738
-13.5076
-9.08982
-5.04817
-1.94239
0.432603
2.09179
2.94357
1.8633
-0.683642
-3.55439
-7.0204
-9.45474
-9.82803
-9.52109
-6.12983
-1.08921
2.6964
5.53911
5.41296
3.52528
-1.03221
-8.15487
-14.8547
-21.9049
-26.5713
-27.5908
-25.9401
-20.7976
-12.4362
-1.99193
7.41136
14.5032
19.4672
21.5146
20.0129
15.3891
9.87843
3.51734
-1.5144
-3.82492
-5.81631
-5.40421
-3.36422
-1.49945
0.586793
2.21981
4.6121
6.24745
6.95859
7.24314
6.24418
5.31717
3.12766
0.639124
-0.514501
-0.848112
-0.412174
-0.678036
0.08731
3.10477
7.20763
11.7843
15.847
18.4906
18.507
16.2928
11.4432
3.79676
-3.59737
-9.27251
-12.8922
-13.8997
-12.8146
-10.043
-6.16675
-1.94193
2.27261
6.51051
10.6321
14.4359
16.16
15.6017
15.6526
13.9663
11.2843
10.5601
10.0872
10.796
11.9637
13.207
13.1552
10.7984
9.15838
7.39219
5.01813
3.5066
2.52679
2.15299
2.73331
3.01973
2.74313
1.60679
-0.34349
-2.88296
-8.03012
-13.4259
-17.8745
-22.5483
-26.2891
-29.2977
-30.4816
-29.87
-27.5254
-23.7926
-20.2415
-16.7022
-14.4706
-14.2076
-15.2065
-17.4717
-20.2691
-22.0156
-21.7755
-19.5201
-15.2944
-8.94264
-2.48767
2.62538
5.89701
6.63059
5.0256
0.425127
-4.53233
-9.92109
-15.3607
-17.6881
-18.9313
-18.088
-14.5809
-9.07113
-2.18536
4.42801
11.9833
18.4322
22.4818
24.9474
25.6535
24.6021
21.8964
19.1672
16.5324
14.6779
14.6798
16.0474
18.7028
22.9365
28.1458
32.7486
36.3094
38.0574
37.0323
33.8937
30.2843
24.991
18.7159
14.1546
10.9045
9.20183
8.52106
9.63123
11.1432
11.7707
12.7089
12.2529
9.77514
5.66012
0.29757
-7.21244
-15.0645
-21.269
-26.4213
-29.6499
-31.1348
-30.8587
-30.1074
-28.9645
-27.4465
-26.3951
-24.5042
-22.7515
-21.2713
-20.9349
-22.3455
-24.6784
-27.858
-30.398
-32.1048
-32.3772
-31.0625
-28.5594
-25.6938
-22.3413
-17.4964
-13.2628
-9.5038
-5.12059
-1.79474
0.0760961
1.3512
2.25112
2.20346
1.68902
2.62678
4.72985
7.52255
10.2934
13.3991
17.1052
19.6265
22.5823
25.0713
25.1629
24.7723
23.0626
19.605
16.8973
14.4989
13.1949
14.0112
15.8106
18.7705
21.4296
23.5257
25.0096
24.6317
21.9903
17.2188
10.7423
3.13094
-4.80706
-12.7502
-17.5885
-18.2426
-16.106
-10.1463
-2.65961
4.72937
11.2189
14.2308
14.2944
11.7278
6.94458
-0.239761
-8.9632
-18.3753
-26.7956
-32.1254
-35.8736
-33.9313
-26.4811
-15.0743
-1.34899
9.65085
19.2158
23.6322
23.7593
20.2311
10.5452
1.17693
-7.8834
-15.5981
-20.0818
-22.5829
-20.469
-16.3774
-11.0537
-4.55055
0.111606
2.91601
3.42484
1.5867
-1.38592
-4.88276
-10.0346
-13.2904
-13.0651
-9.89207
-2.42739
6.03579
15.7606
24.8012
30.6431
34.2087
33.1056
28.2705
22.9351
16.9628
10.5951
7.64404
7.00813
8.59909
12.9739
15.2905
16.2937
15.5194
11.375
4.2098
-5.82238
-16.1685
-25.9727
-34.8869
-41.3016
-43.8126
-41.4408
-34.3995
-22.9263
-7.84135
6.74366
20.4512
32.3253
38.7452
40.4147
36.544
28.3766
18.5509
7.01513
-3.80389
-12.3035
-18.6225
-20.8386
-19.6603
-15.2168
-6.57325
3.69583
14.2444
23.4192
30.1759
34.6269
36.0375
33.5041
28.0055
19.9265
9.36069
-2.84044
-15.0574
-23.1669
-27.2993
-24.7509
-16.0284
-3.89641
11.4035
25.7745
38.2527
45.1974
47.4149
46.2987
40.5156
32.5285
22.0996
12.0506
3.47623
-6.00648
-15.5504
-24.9167
-34.3172
-42.3332
-50.5829
-59.4218
-65.9422
-69.882
-70.6062
-68.4386
-62.0669
-52.2617
-42.2614
-29.9406
-17.5432
-5.94901
4.92048
10.2237
10.7592
9.26258
3.3225
-5.59858
-13.467
-21.6793
-24.8373
-23.2609
-19.3934
-11.3587
-2.88997
8.61264
19.1345
27.9276
36.9202
44.738
54.4016
61.4981
68.1063
73.288
73.9109
71.556
62.8737
49.682
32.7897
13.7771
-4.55055
-20.8116
-31.0527
-34.9111
-31.2699
-21.8503
-10.3533
3.10057
14.4078
22.3034
26.3744
24.6956
18.2084
8.32015
-2.28114
-10.5088
-14.5159
-14.2865
-8.60529
-0.253312
10.1261
20.041
25.0077
27.1263
22.2777
11.5054
-0.606547
-14.3122
-28.2585
-39.6882
-47.6267
-50.5381
-47.8846
-43.1089
-33.7696
-22.767
-12.4171
-2.81147
3.01272
8.28837
10.4999
8.16689
2.20719
-7.43998
-16.591
-22.6002
-26.0116
-25.7788
-18.5426
-5.66025
10.0863
26.7781
42.5826
55.3748
61.9864
62.9428
60.0978
53.6615
45.9338
38.1761
30.9263
25.5932
22.2113
21.495
22.4589
25.6713
31.5828
39.1633
47.3219
54.924
61.1303
63.3726
62.4185
56.6481
44.5283
26.2604
4.01824
-17.069
-37.5931
-55.3152
-67.6159
-74.2876
-78.4844
-83.5792
-87.0004
-89.8244
-93.9754
-103.416
-119.047
-137.969
-159.315
-181.588
-198.32
-204.357
-202.139
-188.322
-166.432
-135.833
-96.3261
-60.2035
-29.9289
-9.84352
0.889099
2.70154
-4.81828
-16.2601
-28.4585
-38.271
-46.5726
-46.8379
-40.0406
-22.3763
9.02615
46.8028
91.6596
130.039
161.781
188.852
206.854
212.997
204.425
193.022
181.414
174.622
168.31
163.418
163.5
162.707
163.934
156.644
149.367
142.632
127.161
112.422
90.7774
70.6551
57.3784
41.636
34.6241
31.4623
27.7038
26.253
21.0058
16.4292
10.8966
3.40801
-3.44739
-15.1799
-31.6287
-50.3671
-71.8121
-95.6486
-120.91
-139.683
-150.299
-156.874
-156.094
-151.343
-142.034
-130.548
-119.83
-106.072
-92.2802
-76.0038
-58.0817
-37.2352
-13.9534
7.19783
26.944
39.9797
45.28
44.0175
36.5043
24.013
8.22249
-9.31036
-27.7702
-44.3377
-58.3518
-65.1348
-63.4812
-57.8014
-41.8703
-18.0077
6.71048
35.9039
64.8263
89.0981
106.897
117.262
121.884
118.957
108.96
94.3682
75.978
54.8805
33.6737
11.4885
-12.1568
-33.4944
-50.4236
-66.237
-81.9172
-99.4522
-118.743
-135.906
-152.774
-166.134
-172.536
-171.548
-162.395
-147.112
-125.415
-101.856
-78.4045
-55.9025
-41.1143
-24.7401
-12.4441
-13.9412
-18.6702
-31.09
-50.975
-70.9936
-87.0677
-96.328
-92.7409
-81.1369
-68.7699
-46.6716
-23.9692
2.3712
34.1073
64.6043
98.3852
127.033
155.768
179.942
192.991
198.952
197.107
193.395
182.088
169.097
156.247
143.354
135.207
121.591
109.893
99.7621
88.8529
75.1505
48.5611
18.8743
-4.93509
-23.6875
-40.9255
-54.8428
-57.0146
-49.348
-44.0915
-36.7623
-24.8589
-16.0891
-5.8037
0.646133
4.21354
11.7249
16.9954
22.0505
24.7583
24.4452
22.3809
18.0688
13.6542
2.7506
-5.48737
-11.1149
-17.4357
-15.2729
-14.9126
-11.2709
-2.67036
1.02179
2.14318
-1.59243
-6.41906
-15.2658
-28.8958
-43.0052
-55.9688
-64.176
-70.0745
-67.8574
-61.7809
-56.58
-47.5944
-42.1992
-40.0639
-38.3963
-41.1184
-44.9919
-51.2016
-61.0576
-70.3282
-81.8154
-89.8585
-94.2875
-96.7157
-90.4977
-80.7412
-67.6546
-52.8014
-38.9158
-26.4339
-17.3404
-10.3065
-6.24758
-4.14778
-3.90249
-5.50326
-8.19085
-9.32859
-7.10263
-1.8639
6.59788
16.9712
29.0284
42.4672
57.4531
69.743
75.4383
75.6532
70.9396
63.7848
54.5862
44.4685
35.2222
27.5786
22.5422
18.2621
13.8416
10.5877
11.588
16.1184
23.4196
34.4942
46.4575
58.8059
70.0968
77.2424
81.6213
81.6129
79.6421
76.804
68.681
62.4802
54.5666
42.7182
35.3633
27.8229
21.9361
17.8893
10.5587
6.0414
5.51668
7.90944
11.9581
14.6957
16.4973
13.5355
7.35668
-2.52458
-16.0284
-29.1145
-42.6706
-52.6225
-58.0233
-59.868
-57.3481
-52.6239
-47.9468
-43.1748
-40.9292
-42.2996
-47.9071
-55.7834
-61.6229
-68.7736
-73.0971
-75.6664
-76.2183
-70.0735
-61.3866
-50.5993
-39.7102
-27.4203
-16.6708
-8.5838
-2.58813
2.16701
9.41209
12.0141
16.7184
23.0916
28.4906
39.0119
45.0549
48.0452
47.5551
44.696
37.5878
22.187
9.9616
-4.64353
-18.943
-29.9195
-41.1909
-44.1733
-42.0609
-36.0554
-26.4629
-15.2374
-4.13984
2.46651
7.74169
10.49
10.6704
9.59712
2.01423
-10.8896
-26.6834
-43.699
-61.7491
-79.9235
-90.9678
-96.8012
-100.033
-99.7748
-98.7383
-99.2256
-101.115
-101.027
-97.6125
-90.3514
-78.8904
-61.7206
-41.4806
-19.5991
2.7291
22.8407
43.4905
60.8043
73.1763
82.447
90.0817
98.3734
104.773
105.177
103.675
102.938
98.3764
93.5627
86.8965
83.2469
86.8092
92.7791
106.084
121.323
135.16
147.763
156.891
161.492
159.027
150.733
136.645
121.172
101.606
78.602
55.9145
31.3884
10.2003
-8.58426
-24.5042
-36.8297
-44.2256
-44.22
-41.4618
-35.6353
-27.5193
-20.6275
-14.9467
-9.14916
-4.66082
-3.26844
-5.34814
-9.48744
-14.4552
-20.3326
-27.366
-35.818
-42.9379
-47.6262
-49.5957
-50.1722
-49.7554
-46.9707
-43.7303
-43.2954
-43.5766
-44.3041
-47.7416
-49.9732
-53.75
-57.2271
-57.3519
-55.5909
-49.4087
-42.0057
-33.5846
-23.2174
-12.5026
-1.35741
9.13829
17.4622
23.777
27.3543
26.5946
23.5682
19.563
15.6451
10.8531
4.00609
-2.00875
-8.18431
-15.1752
-21.382
-27.8996
-35.3686
-43.0748
-51.2861
-59.5152
-66.3791
-71.756
-74.9282
-75.2557
-72.2832
-66.5155
-57.365
-45.6858
-34.5827
-23.7697
-13.6361
-4.26413
2.93749
6.07644
7.72675
7.67721
4.60789
1.22458
-2.31292
-5.40888
-7.09002
-8.04366
-6.67184
-4.2959
0.0242316
6.47826
14.0659
23.6027
31.416
37.6967
42.5121
44.3862
43.3129
39.569
35.6918
31.5931
27.8103
25.8198
25.5352
25.7862
26.6244
27.4094
27.1342
28.5112
30.097
31.9206
36.3679
42.0495
48.7274
56.9495
66.0327
74.6323
82.2563
88.0066
91.4298
90.7176
84.9047
75.2281
62.7531
48.4597
33.2439
20.3293
9.37472
-0.0243613
-7.076
-13.5403
-18.6631
-22.688
-27.3955
-32.9113
-37.9959
-42.9579
-48.9279
-54.4073
-59.012
-63.3438
-66.5258
-67.5448
-66.2384
-63.7616
-60.2123
-55.5614
-51.0712
-47.8206
-45.6708
-44.0475
-42.9271
-41.9819
-41.9389
-40.9619
-37.594
-33.3
-28.3099
-22.4535
-15.842
-10.2126
-5.26684
-0.696725
2.89872
5.57509
8.56779
12.6202
16.0334
20.5142
24.8718
27.5076
30.1656
31.9561
32.5187
32.3523
31.6122
31.1581
30.1493
28.6836
28.0201
25.6021
20.69
13.0772
2.70527
-10.741
-27.2137
-44.4504
-61.2137
-73.8872
-81.5878
-84.0048
-80.6944
-73.4255
-64.1172
-54.3532
-44.3191
-35.6643
-29.3752
-25.3854
-22.6749
-21.847
-21.6063
-20.0027
-16.9405
-11.6625
-4.8893
4.264
13.4556
22.9631
33.013
41.8337
51.2117
60.315
69.9183
78.0853
85.4261
92.1156
95.8643
98.6147
98.6637
97.3072
93.837
87.1362
79.7696
70.2864
59.8519
49.8319
39.9619
32.4159
27.1613
22.5603
19.4887
17.5061
15.6615
13.7524
10.6676
7.04877
1.67641
-3.96509
-7.66754
-12.7656
-16.7409
-18.3861
-19.8144
-21.0046
-22.6408
-23.8944
-25.6284
-27.8417
-30.1882
-33.551
-38.1314
-43.0603
-49.2928
-57.8883
-66.1763
-73.6993
-81.0855
-86.8055
-90.4758
-93.4647
-94.5449
-92.8325
-90.1935
-86.5233
-79.8506
-71.3132
-61.2768
-48.8247
-36.0793
-23.8276
-12.4386
-1.85922
6.03018
11.0502
14.5489
16.1292
18.0426
19.3989
20.8941
23.092
23.9854
25.433
26.3553
25.868
26.2133
27.1837
28.4654
30.1858
31.4637
32.5654
33.2841
33.1999
32.5168
30.2824
27.692
25.8577
23.6634
21.6987
20.8754
20.7731
21.1166
21.9506
21.7431
19.9999
18.4803
15.6377
11.2596
7.97719
6.21801
5.80357
6.82823
10.989
16.9357
22.3492
27.6519
31.1133
30.9609
28.6644
25.2493
19.2826
12.5445
7.25109
3.54445
0.757336
-0.350032
1.04376
2.44175
4.25185
6.38435
7.50433
7.91738
7.43752
5.59752
3.38418
1.73014
-0.13136
-1.05604
-1.22331
-0.0528631
2.20859
3.41595
6.02644
8.86635
9.10371
9.11119
8.45331
4.41586
-0.73317
-6.76575
-15.1154
-22.4081
-28.7991
-34.5915
-38.657
-41.9992
-43.3551
-43.5219
-43.3879
-41.9516
-40.9334
-40.4045
-39.6298
-39.3551
-39.2383
-39.0005
-37.8627
-37.2576
-37.7366
-37.3076
-36.5544
-35.7269
-34.9597
-34.0196
-32.5964
-29.9433
-25.9722
-22.9501
-19.2631
-14.0665
-9.54399
-6.12563
-3.44925
-1.31629
-0.649534
-1.13407
-3.25535
-6.93769
-11.3929
-16.7269
-20.8008
-24.6402
-26.5129
-25.7396
-24.5042
-19.2496
-12.0685
-4.56691
5.37044
15.8432
25.5278
34.5797
43.0018
50.2968
55.9898
60.0566
63.2862
65.3561
66.6018
68.2026
69.9556
71.5686
73.3002
74.9262
75.579
76.2045
75.6902
72.7344
68.8432
63.9268
57.8545
51.001
43.6816
36.4519
29.4012
22.9061
18.1056
13.9004
10.6652
8.92523
6.76282
6.3923
6.43621
6.16942
6.74506
6.95719
7.33893
5.60125
2.97067
0.169544
-3.50486
-6.73118
-9.40521
-10.5733
-10.9022
-9.96728
-7.98199
-6.57932
-5.34019
-3.60344
-3.33712
-5.63736
-8.19552
-11.1317
-15.436
-20.0177
-24.4397
-29.5752
-34.1789
-37.223
-39.9672
-41.5717
-41.188
-39.3761
-36.8665
-34.3033
-32.2179
-31.5937
-31.8352
-32.6029
-34.4397
-36.5498
-38.6472
-40.3092
-41.1376
-40.8816
-39.1186
-37.5431
-35.8073
-33.0501
-31.2545
-30.6863
-31.2092
-31.7722
-32.3674
-33.4047
-32.2189
-30.4177
-27.9627
-22.9665
-18.1459
-12.1176
-4.65895
1.75023
7.73095
13.6355
19.192
23.3986
26.8473
30.2124
32.9902
35.3741
38.0359
40.9992
42.2013
42.8405
43.6082
41.836
39.7026
38.2064
36.0295
34.7413
34.5755
35.1951
36.0366
36.9584
37.6486
37.3547
36.0997
33.249
29.3214
23.9022
16.9548
9.64805
1.39046
-6.57932
-12.7274
-18.188
-21.369
-21.6404
-21.1522
-18.3001
-13.8412
-9.59958
-5.38878
-1.69335
1.90816
4.18363
5.36296
6.86001
7.14409
7.29408
8.35566
8.59021
9.87186
11.8292
13.5089
15.7236
16.6614
17.8164
18.8616
18.7869
19.2116
19.1971
18.6444
18.3187
17.9636
16.9548
15.5923
14.1102
12.5253
11.389
10.4457
9.52937
8.52386
7.66741
7.017
5.80357
4.31587
2.87349
0.729302
-1.96576
-4.73792
-7.9077
-10.9934
-13.288
-14.9668
-16.6292
-17.7998
-18.3731
-20.0065
-22.0633
-24.1141
-27.21
-30.7461
-33.8767
-36.3634
-38.7448
-40.3242
-40.9857
-41.6244
-41.8025
-41.1212
-40.2199
-39.2266
-36.8109
-33.8953
-30.8157
-27.1936
-23.5454
-20.0387
-16.768
-12.5455
-8.4025
-4.53513
0.676504
6.36379
11.7506
17.4627
23.0935
27.5673
30.6483
33.1462
34.4232
33.3392
32.0533
30.1217
27.1244
24.7045
22.6902
20.8909
19.9443
20.4522
20.5115
21.6099
23.6878
24.4092
25.4647
25.2349
23.5051
21.2217
17.6884
14.1915
10.4629
7.18334
5.59565
4.22242
3.48043
3.95609
3.9458
3.91029
3.72667
3.31129
2.85526
1.16898
0.108803
-1.13874
-2.90959
-3.67961
-4.9963
-6.05274
-6.86715
-7.84649
-8.9917
-10.5901
-11.4349
-12.6324
-14.6164
-15.777
-16.79
-18.13
-18.6978
-18.9986
-19.7182
-20.6125
-21.5466
-23.0763
-25.5041
-27.8791
-30.2573
-33.13
-35.3536
-36.9352
-38.943
-40.4008
-41.1311
-41.9955
-42.2524
-41.1731
-39.3775
-37.1525
-33.9088
-30.0298
-26.3073
-22.9609
-20.413
-19.008
-18.1721
-17.1138
-16.1522
-15.2313
-12.8058
-9.0987
-4.5398
1.78855
9.52656
17.5104
25.4727
34.29
42.0206
47.9148
54.1109
58.9628
61.3747
62.3205
62.2228
60.6725
57.3041
53.9577
50.4959
46.2267
42.6051
39.797
37.4294
35.9983
35.439
34.1821
33.0598
32.5939
30.6324
28.3542
26.5473
24.1971
21.6385
19.2625
17.4805
15.7974
13.9373
13.4477
13.6851
13.187
13.3827
13.749
13.2141
12.2502
10.8713
8.18043
3.9374
-0.303307
-5.38271
-11.6381
-17.3563
-22.402
-27.617
-31.9114
-34.9682
-37.9865
-39.9279
-41.0493
-41.816
-42.6576
-43.1337
-42.6645
-42.8827
-42.8038
-41.5749
-40.4844
-39.4377
-37.1197
-34.2205
-31.0904
-27.1343
-23.1277
-19.4841
-16.1102
-13.1142
-11.5648
-10.8103
-10.1486
-10.5009
-11.7708
-13.5174
-15.4326
-17.8633
-20.2854
-21.718
-23.1333
-23.9239
-23.0912
-22.2095
-21.0433
-18.8561
-16.8423
-15.6658
-14.5725
-13.5931
-13.4432
-13.3235
-12.946
-12.9077
-13.0306
-12.2423
-10.9943
-10.6303
-9.80989
-8.49923
-8.41606
-8.40298
-7.58903
-6.79799
-5.65465
-3.16377
0.610623
4.39997
8.44816
13.4603
17.3711
20.3751
23.8985
26.5128
28.314
30.4745
32.6219
34.048
35.7319
37.8028
39.3274
41.3085
43.7601
45.8944
47.4149
49.0227
50.5557
50.479
50.7127
50.9842
49.8109
49.2983
48.362
46.4795
44.2558
41.4094
39.0363
36.637
34.6245
33.5704
32.6663
31.4445
30.1516
28.4111
25.362
22.1776
18.785
14.4004
10.4428
7.36229
3.82293
1.34793
-0.0323047
-2.11995
-3.3474
-4.08004
-4.51177
-4.78044
-5.46729
-5.26824
-5.07293
-5.53783
-5.10984
-4.42112
-4.98415
-4.7281
-4.53186
-5.68782
-6.20553
-7.55259
-9.60519
-11.8984
-14.6112
-16.9348
-20.1878
-23.1057
-25.4265
-28.1609
-30.0378
-31.1241
-32.032
-32.3426
-31.6512
-30.5859
-29.0631
-27.4997
-25.9345
-24.5813
-24.1533
-23.3894
-23.2435
-23.7393
-24.1972
-25.1023
-26.1549
-27.4923
-28.1861
-28.9328
-29.8971
-30.3919
-31.0162
-31.1194
-30.6858
-30.5606
-30.7704
-30.3335
-30.0126
-30.5382
-30.7709
-31.0652
-31.8413
-32.4614
-32.3071
-31.8675
-31.4124
-29.7775
-27.4703
-25.3629
-22.424
-19.072
-16.7559
-14.3664
-12.219
-11.4872
-10.5522
-9.75331
-9.33746
-8.74032
-7.8549
-6.20459
-4.68512
-2.63813
0.127959
2.53473
4.59435
7.47023
11.2343
14.3578
18.1729
22.3749
25.8866
30.1717
34.5535
38.3433
42.3837
46.4215
49.688
52.5443
54.3651
55.7664
56.8981
56.0505
54.4932
52.0962
48.6424
44.9955
41.1926
37.2229
33.8672
32.1117
30.7235
30.0044
29.6956
29.5278
29.469
28.5859
27.5617
25.6268
22.7486
19.3331
15.1457
10.1746
5.46669
1.93246
-1.6485
-3.91323
-4.81688
-5.57942
-5.54297
-5.11405
-4.19684
-3.66839
-3.61606
-3.88146
-5.15796
-6.67978
-9.03515
-12.1264
-14.9734
-17.5446
-19.999
-22.332
-24.2364
-25.9507
-27.3202
-28.6454
-29.5411
-29.785
-30.4139
-30.2568
-29.2145
-28.1753
-26.8255
-25.1709
-23.0941
-20.7531
-18.2146
-15.7607
-13.7193
-11.9209
-10.5527
-10.0827
-10.044
-10.2056
-10.499
-11.1027
-11.9979
-12.1699
-12.5353
-12.2568
-11.1779
-10.0902
-7.70117
-4.52158
-0.619163
3.18653
6.639
9.98209
12.5524
14.4663
15.4755
15.9671
15.9133
15.9942
16.0511
16.0474
16.9936
17.9748
19.0751
19.9676
20.9516
21.4333
20.2732
19.127
16.9964
13.7444
10.7054
7.56181
4.81768
2.65668
1.01993
0.23122
0.228884
0.557357
0.956851
1.48297
1.93853
1.78808
0.854523
-0.393952
-1.44712
-3.22124
-5.09349
-5.6425
-6.48214
-6.74659
-5.64343
-4.51177
-2.81988
-0.990158
0.97881
2.86835
4.07197
5.11626
5.44893
5.24568
4.92842
4.36072
3.19261
1.86377
0.982077
-0.545806
-2.10126
-3.17031
-4.93089
-7.12646
-8.73378
-10.2346
-12.0788
-13.6968
-15.5041
-16.9848
-17.9544
-19.0248
-19.6719
-20.2598
-20.5069
-20.37
-20.8858
-20.8447
-20.3013
-20.2028
-19.7874
-19.2458
-18.5024
-17.4745
-15.9896
-14.4706
-13.1315
-11.3386
-9.73648
-7.98807
-6.30178
-4.72577
-3.36796
-2.54654
-1.58356
-1.2163
-1.62093
-2.33955
-2.76288
-3.48383
-4.53
-4.66176
-4.83838
-5.18693
-5.3131
-5.87332
-6.96433
-8.54829
-10.3949
-12.4899
-14.7234
-16.3284
-17.1606
-16.8134
-16.0326
-14.6244
-12.0283
-9.75377
-7.04843
-4.72063
-3.22965
-1.69429
-0.775223
0.0429213
0.792847
1.71052
2.77769
4.14672
6.07738
7.95242
10.4447
13.6313
16.6399
19.8279
23.7406
27.5828
30.6166
33.5508
36.3183
37.9065
38.9671
40.0988
40.6861
40.9272
41.4869
42.0411
42.2206
42.5836
43.0391
42.5411
41.6725
40.5698
38.2261
35.5946
32.4542
28.4485
24.0434
19.2649
15.1018
11.1848
7.55994
5.11626
3.25896
1.73668
0.89564
0.172816
-1.29666
-3.17638
-5.15516
-7.44652
-10.0631
-12.4316
-14.3842
-16.2013
-17.0517
-17.1489
-17.153
-16.9755
-16.64
-16.2998
-16.1462
-16.3877
-17.3488
-18.4552
-19.9719
-21.9881
-23.9108
-25.5424
-26.4265
-27.0133
-26.8428
-25.6774
-23.952
-21.5877
-18.9874
-16.4027
-14.3837
-12.4652
-10.4168
-9.04544
-7.48157
-5.26403
-3.18246
-1.44431
-0.0290341
1.14982
1.61613
1.55492
1.57875
1.30261
1.06058
1.17132
1.79929
2.13337
2.29457
2.67304
2.28102
2.1572
1.73201
0.447088
-0.818676
-2.03491
-3.30255
-4.63559
-5.61587
-6.54568
-7.05825
-7.48438
-7.98246
-8.44876
-9.53838
-10.7042
-11.8531
-12.9292
-13.8763
-14.2654
-13.8791
-13.0609
-11.255
-8.859
-5.95602
-2.37553
0.971335
4.32287
7.72207
10.6269
12.7524
14.3513
15.4521
15.6624
15.8273
15.5956
14.941
14.1785
13.3061
12.5791
11.4717
10.5138
9.60086
8.45938
6.88757
5.59752
4.73919
3.17532
2.3212
1.839
1.13954
1.54838
2.57725
4.2425
6.66377
9.15791
11.9871
14.8045
17.3973
19.9097
22.0253
23.7854
25.1255
26.0418
26.901
27.5846
27.7542
27.4851
26.6566
25.8035
24.5751
22.5856
20.3769
17.7911
15.0073
11.5927
7.75852
3.72433
-0.529451
-4.84211
-9.48698
-13.4702
-17.0433
-20.0392
-22.0979
-23.8683
-24.3052
-24.037
-23.6743
-22.8315
-21.8601
-20.9157
-20.6135
-20.3663
-20.3466
-21.1219
-22.0002
-23.1211
-24.6916
-26.2559
-27.2998
-27.8628
-27.7071
-26.8591
-25.206
-22.8964
-20.5733
-18.4375
-17.0386
-15.8906
-15.1537
-14.7327
-14.2548
-14.1028
-13.7221
-12.9721
-11.69
-10.4528
-8.92769
-7.21337
-5.7794
-3.58102
-1.61253
0.151788
2.13758
3.6963
5.32184
6.803
7.97158
9.24341
10.4269
12.0773
14.0906
16.1666
18.892
21.6039
24.0087
25.9618
27.3687
27.9084
27.5879
26.458
24.1611
22.0847
19.8769
17.451
15.5152
13.6346
12.3286
10.9068
9.60366
8.72338
7.37865
6.16942
4.73965
3.10617
1.48157
-0.510295
-2.29797
-4.14124
-6.17702
-7.93993
-9.24074
-10.2397
-10.4411
-9.75517
-9.09543
-7.74042
-5.87659
-4.52625
-3.44506
-2.89978
-3.04136
-3.44599
-3.69783
-3.83707
-3.85015
-3.35815
-2.50777
-1.30414
0.141042
1.54324
2.88376
3.96263
5.06813
5.86992
6.13251
6.67451
7.017
7.04597
7.26931
7.80057
8.67479
9.66861
11.1689
12.9403
14.7443
16.5071
18.0678
19.2453
19.5835
19.392
18.2594
16.4399
14.3999
11.6016
8.71356
5.88954
2.86507
-0.0196893
-2.79792
-5.32804
-7.73996
-9.98131
-11.5709
-13.0053
-14.2884
-14.9243
-15.0084
-14.6154
-13.9001
-12.4788
-10.785
-9.18327
-7.02227
-5.24627
-3.78146
-2.25685
-1.4074
-0.807929
-0.585522
-0.31966
0.212997
0.521378
0.947038
1.37643
2.00161
2.42306
2.85059
3.26036
3.15383
3.57014
3.71079
3.73555
4.57612
5.7176
6.78571
7.84308
9.39714
10.3251
10.8662
11.1381
10.2779
8.9084
7.0997
5.06532
2.55576
0.25318
-1.7298
-3.66419
-4.79866
-5.16124
-4.55242
-3.93099
-2.39703
-0.335546
1.11104
3.38418
5.13027
6.39697
7.43659
7.7758
8.12063
7.83608
7.42116
7.10484
6.57872
6.14466
5.88954
5.58163
4.6948
3.78975
2.10207
-0.557487
-2.86474
-5.62474
-8.37634
-10.6345
-12.1386
-12.7049
-13.0119
-11.9204
-10.1159
-8.44129
-6.22095
-4.02957
-2.60635
-1.74896
-1.47095
-2.03912
-3.10631
-4.62531
-6.21907
-8.0974
-10.0416
-11.6783
-14.0207
-16.1681
-17.7381
-19.8631
-21.9044
-23.4968
-24.722
-25.683
-26.5063
-26.6063
-26.7623
-27.11
-26.5685
-25.4859
-24.4093
-22.8417
-20.7218
-18.5407
-15.6887
-12.4979
-9.45707
-6.43541
-3.59737
-0.742983
1.64043
3.94347
5.86291
7.02167
8.40658
9.53731
10.5138
11.746
13.1706
14.8667
16.4086
17.8585
19.2415
20.0391
20.0456
19.1238
17.7613
16.1175
14.1668
12.3777
10.7007
10.0597
9.88265
9.74617
10.504
11.6927
13.2519
14.4335
15.3984
16.6487
17.4299
17.9182
18.1724
17.8771
17.3931
16.8362
15.6891
14.2905
12.837
10.8461
8.64861
6.56797
4.73404
3.00432
1.54184
0.396157
-1.03034
-2.30311
-3.73101
-5.84014
-8.43801
-11.2237
-14.0048
-17.0844
-19.9238
-22.3404
-24.4122
-25.8064
-26.2695
-25.9965
-25.2172
-23.402
-20.8788
-18.3342
-15.3841
-12.2461
-9.56595
-7.14609
-5.12479
-3.34086
-1.9765
-1.01071
0.0270355
0.56203
1.29466
2.41932
3.57949
5.22465
7.03896
8.94112
10.7717
12.8206
14.7611
15.9815
16.9871
17.2678
16.7973
15.3601
13.7066
11.7787
9.09577
7.65946
6.00962
4.90366
4.88123
4.57005
5.35034
5.43772
5.41856
5.70966
4.90599
4.10934
2.8361
1.10123
-0.604679
-2.19892
-3.68849
-5.13741
-6.19665
-6.76062
-7.03629
-7.11572
-6.64099
-6.5312
-6.69239
-6.37747
-6.35644
-6.27562
-5.94387
-5.63829
-4.9706
-4.05387
-3.06378
-2.13817
-1.56907
-1.33591
-1.68448
-2.76241
-4.14311
-5.68922
-7.17553
-8.41606
-9.27952
-9.49493
-9.10992
-7.88527
-6.28495
-4.77576
-2.75961
-0.251443
1.8862
3.84395
6.43154
7.89542
8.81683
10.4704
10.8783
10.8246
10.8652
10.5788
10.111
9.6331
9.51862
8.8229
8.11035
8.00709
7.51041
6.70208
6.24184
5.75825
5.02327
4.11775
3.03795
2.11141
0.933021
-0.61449
-1.96062
-3.39786
-5.02387
-6.45224
-8.0231
-9.4753
-10.6392
-11.7232
-12.5755
-13.1675
-13.4838
-14.1169
-14.728
-15.208
-15.9326
-16.5325
-17.0788
-17.7908
-18.887
-19.7089
-20.3813
-21.4354
-22.1226
-22.8534
-23.6211
-24.0407
-24.6172
-24.9443
-25.2331
-25.5644
-25.585
-25.2635
-24.1565
-22.4591
-20.4294
-18.1567
-15.3663
-12.4595
-9.82617
-7.10451
-4.66549
-2.4017
-0.118278
2.35905
4.88263
6.98196
9.31257
11.7763
13.4458
14.9662
16.674
17.6576
18.4636
19.4405
19.8209
20.0381
20.3648
20.8619
21.0488
20.8465
21.2408
21.2773
21.1058
20.8591
19.8728
18.9569
18.0752
17.0006
15.8806
14.9601
14.1453
13.6467
13.5229
13.4439
13.486
13.65
13.7023
13.3341
12.7071
11.5824
9.81116
7.0997
3.99907
0.962458
-2.20312
-5.01079
-7.55633
-9.2613
-10.5686
-11.1434
-10.8186
-11.0742
-10.8924
-10.407
-10.3649
-10.1131
-9.78835
-9.45474
-9.17486
-9.07347
-8.70528
-8.07637
-7.14375
-6.01396
-4.93042
-3.38525
-1.46207
0.636788
2.96039
5.28727
7.27211
9.3878
11.2559
12.6085
14.2364
15.3685
16.5343
17.6758
18.4832
20.0433
21.588
22.8589
24.0863
25.2988
26.1235
26.1656
25.9647
25.2876
23.9036
22.1183
20.7316
19.562
18.3276
18.0688
18.242
18.4084
19.32
20.4162
21.0973
21.8445
22.0561
21.3356
20.0391
17.7015
14.7732
11.1092
6.50958
2.01329
-2.82222
-8.0189
-12.7689
-17.3891
-21.9544
-25.9952
-29.428
-32.7058
-35.8442
-38.307
-40.5601
-42.5678
-43.6962
-44.6522
-45.1835
-44.7564
-43.7009
-42.1725
-40.2489
-37.873
-35.5727
-33.2916
-30.8639
-28.7192
-26.9591
-25.3261
-23.6823
-22.6394
-21.547
-20.099
-19.2262
-17.9941
-16.6741
-15.7299
-14.0758
-12.4451
-10.9093
-8.95105
-6.93864
-4.7538
-2.56523
-0.562159
1.47175
3.30428
5.11438
6.95252
8.5804
10.3798
11.9614
13.1949
14.2275
14.9373
15.8278
16.8408
17.6342
18.8812
20.3115
21.7627
23.8303
25.6366
27.151
28.2514
28.848
29.0321
28.2616
27.2178
25.7563
23.7761
21.7463
20.0344
18.507
16.9501
15.6279
14.0201
12.6991
11.5184
10.2227
9.10371
7.73936
6.86188
6.0456
5.07326
4.63405
4.47893
4.37988
4.34857
4.71769
5.21204
5.57229
6.04981
6.54368
6.75721
7.05204
7.68563
7.82346
7.73562
7.75712
7.23287
6.4507
5.46248
4.13084
2.66089
1.44419
0.408306
-0.827087
-1.48964
-1.92605
-2.63532
-3.33665
-4.4571
-5.73455
-7.07834
-8.74874
-10.4
-12.075
-13.7856
-15.043
-16.2069
-17.6217
-18.9159
-20.1364
-21.1582
-21.968
-22.7096
-23.2146
-23.5272
-23.295
-22.5193
-21.5848
-20.3214
-18.9604
-17.5806
-16.0055
-14.3305
-12.6498
-10.9214
-8.87863
-6.70501
-4.8594
-2.83483
-0.619629
0.699399
2.07076
3.37437
4.00702
5.27745
6.12783
6.79413
7.56414
7.61367
7.98326
7.9898
7.3151
6.81702
6.10914
4.88263
4.05608
3.33979
2.34644
2.01609
1.92264
1.85443
2.11187
2.64593
2.8319
2.62771
2.49828
1.97123
1.0788
0.461105
0.0975893
-0.959316
-1.74382
-1.85503
-2.45823
-2.91847
-3.34413
-3.8324
-4.36506
-5.08087
-5.32898
-5.71259
-6.27234
-6.40971
-6.7751
-6.98723
-6.87789
-7.27645
-7.38018
-7.5339
-7.32224
-6.67324
-6.35644
-4.808
-3.38758
-1.77793
0.837703
3.12673
5.61995
8.01503
10.5376
12.4968
13.7313
15.4428
16.7586
17.3684
18.1538
19.2042
20.0513
20.9946
22.1487
22.8865
23.4868
24.2354
24.4882
24.2667
23.9046
23.2028
21.6711
20.1003
18.7883
16.56
14.3639
12.658
10.6914
8.59816
6.72311
5.15363
3.14308
1.12553
-0.596736
-2.74979
-4.62671
-6.19899
-7.70257
-9.43418
-11.519
-12.8301
-14.5122
-16.811
-18.909
-21.5797
-24.3028
-26.8054
-29.3126
-31.7572
-34.2238
-36.1409
-37.5889
-38.9294
-39.6541
-39.9228
-39.6503
-38.6145
-37.2455
-35.2812
-32.8641
-30.4994
-27.9469
-25.1494
-22.425
-19.7505
-17.0367
-13.9487
-11.0293
-8.52446
-5.36309
-1.998
1.30962
4.58827
8.12951
11.9465
15.5152
19.3073
22.865
26.0923
28.977
31.7584
33.9204
35.3278
37.1042
37.9901
38.3382
39.2461
39.7525
39.7021
39.8128
39.7469
38.805
37.328
35.681
33.599
30.974
28.3317
25.6679
22.8944
20.6161
18.5911
16.3525
14.9452
13.7177
12.4954
11.9114
10.9045
10.2508
9.09203
7.87065
7.13568
5.01906
3.33793
1.8633
-0.36031
-2.39563
-4.28049
-6.04666
-7.87826
-9.51548
-10.9205
-12.232
-13.5931
-14.4351
-15.3976
-17.1007
-18.103
-19.4103
-20.8938
-21.8339
-23.1622
-23.964
-24.6434
-25.1504
-24.9107
-24.8406
-24.7336
-24.3429
-23.8281
-23.1146
-21.9946
-21.2035
-20.613
-19.7196
-18.901
-17.7105
-16.625
-15.1733
-13.2605
-11.5565
-9.10711
-6.78771
-5.00191
-2.77222
-0.863998
0.548946
2.05393
3.33512
4.48921
5.42884
6.30819
7.16605
7.90663
9.235
10.5283
11.5554
12.6477
13.5444
14.0583
14.442
14.4266
13.6846
13.2103
12.5375
11.7026
10.9563
9.93678
9.24201
8.24959
7.19595
6.3722
5.44052
4.61724
3.70004
2.73892
1.83527
1.43905
1.05918
0.686783
0.903118
1.34934
2.19551
3.05945
4.24625
5.33493
5.91758
6.85159
7.22492
7.09877
6.89692
6.44556
6.16849
5.46015
4.59854
4.16682
3.42997
2.85386
2.1558
1.09188
0.477925
-0.39068
-1.19855
-1.98959
-2.97267
-3.39693
-3.53897
-3.6997
-3.76138
-3.52308
-3.57495
-3.25769
-2.73344
-2.75446
-2.36619
-2.10312
-1.7013
-1.19715
-0.664954
0.228417
0.454096
0.832096
1.23299
0.931619
0.868073
0.717622
0.0424534
-0.210324
-0.0673485
-0.09071
0.216269
0.455966
0.457835
0.602678
0.406437
0.0480609
-0.401894
-1.03875
-1.73354
-2.55122
-3.25489
-3.84829
-4.57625
-5.40374
-6.27795
-7.53483
-8.56604
-9.40381
-10.6041
-11.4868
-12.3877
-13.3674
-13.9333
-14.4977
-15.1108
-15.4976
-15.9111
-16.049
-15.9995
-15.9976
-15.6084
-15.1977
-14.8071
-14.1814
-13.3147
-12.4002
-11.0545
-9.52997
-8.14552
-6.39803
-4.54681
-2.85071
-1.6513
-0.688783
0.0242316
0.30411
0.484933
0.620902
0.559694
0.798455
1.57127
2.35204
3.53697
4.90739
6.46332
8.22015
9.99337
11.8904
13.4402
15.1013
16.7329
17.8781
19.1013
20.2904
21.1049
21.6997
22.1361
22.3973
22.4136
22.4244
22.5052
22.4972
22.5687
22.7607
22.9678
23.0944
23.0033
22.3304
21.3689
20.2741
18.8593
17.2832
15.4428
13.5916
11.8595
10.1499
8.49162
7.0782
5.38445
3.74022
2.4782
0.65501
-0.72476
-2.23255
-4.22581
-6.16067
-8.3927
-10.3276
-12.6554
-14.7079
-16.7087
-19.2641
-21.3545
-23.2212
-24.8107
-26.4862
-28.0796
-29.192
-29.957
-30.4447
-30.6447
-30.5186
-30.4751
-30.0158
-29.3411
-28.637
-27.5702
-26.4522
-25.0845
-23.4767
-21.6059
-19.7383
-17.8343
-15.6107
-13.4889
-11.4905
-9.35147
-7.06853
-5.0234
-2.92781
-0.847645
0.911527
2.73799
4.5621
6.12176
7.46228
9.05745
10.5694
11.9296
13.4243
14.9069
16.267
17.1066
18.2775
19.3971
19.6171
19.8069
19.733
19.0528
18.1641
17.2305
15.9801
14.6527
13.6953
12.8197
11.9642
11.4895
11.262
10.6638
10.0045
9.79476
9.27892
8.58974
8.24024
7.68376
7.29829
7.08709
7.0983
7.07494
6.67965
6.68666
6.1825
5.29474
4.7761
3.77527
2.52399
1.54277
0.413444
-0.516837
-1.02099
-1.65925
-2.17695
-2.65074
-2.92034
-2.68344
-2.81708
-2.76615
-2.07603
-2.11201
-2.28209
-2.12649
-2.23302
-2.18677
-2.18817
-2.20032
-2.06248
-1.76531
-1.1364
-0.750458
-0.736909
-0.414043
-0.157059
-0.230884
-0.00660624
0.164405
0.180758
0.348032
0.569039
0.60922
0.420921
0.406904
0.0536683
-0.738777
-1.32937
-1.83166
-2.78904
-3.95435
-4.77669
-6.19759
-7.46241
-8.23804
-9.62482
-10.8761
-11.8597
-12.6872
-13.5571
-14.3917
-14.9906
-15.7387
-16.6405
-17.2003
-17.6287
-18.3973
-18.5179
-18.3889
-18.43
-17.9786
-17.2596
-16.7778
-16.1616
-15.3668
-15.0458
-14.8145
-14.4023
-13.559
-13.0899
-12.4399
-11.099
-10.2743
-9.02721
-7.79088
-6.92508
-5.72099
-4.47346
-3.34413
-2.29236
-1.15836
0.0817027
1.09795
2.07076
3.70425
4.68171
5.62088
6.9329
7.35763
8.27389
9.0967
9.65646
10.4073
10.7003
11.3637
12.3474
13.0295
13.991
15.1545
15.6423
16.382
17.3627
17.7487
17.9229
18.0659
17.9253
17.3094
16.7899
16.2301
15.2848
14.4457
13.7911
12.9416
12.3254
12.0207
11.6034
11.4861
11.5417
11.7403
11.9936
11.9722
12.3562
12.6281
12.4062
12.7052
12.9903
13.1094
13.4355
13.5247
13.6224
13.7
13.5949
13.2365
12.3212
11.5834
10.7078
9.17941
8.02999
6.53807
4.6448
3.01179
1.48811
-0.0379119
-1.78213
-2.91754
-4.03425
-5.44766
-6.49055
-7.29093
-8.22168
-9.26318
-9.92384
-11.1214
-12.1891
-12.4942
-13.1305
-13.7333
-13.8407
-13.573
-13.1371
-12.3956
-11.4914
-10.6673
-9.75097
-8.72864
-8.09039
-7.77079
-7.10777
-6.62511
-6.50129
-6.19571
-5.62802
-5.46121
-5.44626
-5.07386
-5.14208
-5.26637
-5.1318
-5.22058
-5.63222
-5.99947
-5.82286
-5.99527
-6.27655
-5.75604
-5.54485
-5.44906
-4.88416
-4.55242
-4.25713
-3.94921
-3.82446
-3.72866
-3.60018
-3.10817
-2.60869
-2.19658
-1.24667
-0.482727
0.192439
1.17458
2.12542
3.17766
3.77713
4.32567
5.21998
5.92552
6.23297
6.82357
7.2824
7.01793
7.55153
7.60947
7.1497
7.18848
6.63527
6.06709
5.45173
4.95038
4.29111
3.26737
2.60996
1.73154
0.643797
-0.0290341
-0.898575
-2.11341
-2.52225
-2.87035
-3.35768
-3.61373
-3.63429
-3.39226
-3.82212
-3.71278
-3.6483
-4.32627
-4.43374
-4.71922
-5.26777
-5.61353
-5.48877
-5.2061
-5.0477
-4.46598
-3.56888
-2.76942
-2.04986
-1.06118
-0.43647
-0.208456
0.431669
0.936292
1.01011
1.4297
1.93525
2.07122
2.36652
2.71416
2.87582
2.90292
3.21644
3.27719
2.81695
3.12486
3.19448
2.59127
2.11422
1.35588
0.427463
-0.447217
-1.39525
-2.76475
-4.16274
-5.03321
-5.82426
-6.79986
-7.53623
-8.00769
-8.51044
-8.73098
-8.79826
-9.30989
-9.82528
-10.0051
-10.3098
-10.6971
-10.877
-10.7508
-10.5757
-10.6364
-10.4476
-9.95885
-9.78181
-9.35849
-8.91694
-8.94358
-8.55857
-8.31887
-8.26234
-7.88387
-7.84135
-7.62128
-7.36009
-7.30776
-6.64053
-6.39523
-6.21253
-5.67333
-5.60605
-5.06919
-4.49962
-4.00341
-3.17545
-2.28162
-1.10509
-0.0682833
1.02787
2.46091
3.64396
4.72424
6.1811
7.61694
8.74486
10.0517
11.4068
12.2716
13.0481
14.0953
15.056
15.5185
16.367
17.5847
18.599
20.1718
21.7627
22.8912
24.2107
25.9053
26.9669
27.4893
28.0663
28.0359
27.523
27.0809
26.224
24.8526
23.8461
22.8518
21.6889
20.4919
19.7634
19.1069
18.0575
17.486
16.7483
16.0694
15.283
14.4457
13.5528
11.9595
10.6984
9.3093
7.56087
5.87132
4.18176
2.46418
0.694259
-1.03361
-2.72176
-4.21694
-5.97564
-7.66754
-9.12019
-10.5588
-11.7583
-13.146
-14.2673
-15.0971
-16.0223
-16.5358
-16.9451
-17.6277
-18.3095
-18.9846
-19.8678
-20.6471
-21.4307
-22.4838
-23.5048
-24.1178
-24.5434
-24.9691
-24.8579
-24.734
-24.3649
-23.7098
-23.1838
-22.2614
-21.5334
-20.8798
-20.3583
-19.8196
-18.9608
-18.5492
-17.9674
-17.14
-16.6241
-15.8401
-14.7748
-14.2752
-13.7464
-12.795
-12.275
-11.775
-11.005
-10.1136
-9.08842
-8.16001
-7.133
-5.86911
-4.55102
-3.5357
-2.91894
-2.22788
-1.54711
-1.00464
-0.359843
0.242434
0.876017
1.72219
2.70341
3.63977
4.52472
5.38118
6.41145
7.16325
7.5875
8.49349
9.15511
9.50694
9.97042
10.426
10.6647
10.9138
11.3801
11.2993
11.2231
11.2324
11.1334
11.0418
10.7685
10.7353
10.9292
11.167
11.538
12.0497
12.5258
12.9917
13.2239
13.5
13.7467
13.7537
13.7196
13.364
13.122
13.0547
13.1514
13.4
13.6719
13.9822
14.5288
15.4008
15.9343
16.3525
16.4395
16.0712
15.7026
14.8074
13.7416
12.3413
10.5119
9.00886
7.01046
5.08869
3.52809
1.75584
0.297102
-1.30601
-2.67083
-3.79549
-5.04069
-6.33775
-7.74463
-9.06973
-10.6401
-12.0283
-13.3786
-14.7617
-16.2288
-17.6226
-18.5585
-19.7729
-20.4719
-21.1148
-22.0951
-22.4955
-22.9394
-23.3655
-23.6996
-24.0589
-24.2738
-24.3206
-24.1705
-23.8347
-23.2384
-22.502
-21.7227
-20.5447
-19.073
-17.639
-15.8868
-14.1025
-12.1732
-10.1584
-8.03292
-5.7537
-3.86183
-1.63495
0.522314
2.56744
4.57706
6.4549
8.686
10.4919
12.2665
14.399
16.4997
18.242
19.9012
21.701
23.3575
25.0138
26.4281
27.715
28.8625
29.9666
30.875
31.4992
31.9122
31.9431
31.9431
31.4473
30.8258
30.1699
29.1494
28.2083
26.8188
25.389
24.2457
22.7262
21.0413
19.4681
17.7855
15.9488
14.3761
13.0239
11.4951
10.1975
9.18407
8.21501
7.19409
6.11242
5.30969
4.14392
2.57024
1.13113
-0.21967
-1.90408
-3.86277
-5.58876
-7.65491
-9.67295
-11.3013
-12.9591
-14.6388
-16.035
-16.8923
-17.6586
-18.1245
-18.1231
-18.1371
-18.1287
-17.7778
-17.4956
-17.1577
-16.7447
-16.6279
-16.4349
-16.4298
-16.3148
-16.3241
-16.6498
-16.8391
-17.1334
-17.3989
-17.6787
-17.7086
-17.8263
-17.8824
-17.5721
-17.3778
-17.1138
-16.9694
-16.4872
-16.2036
-16.2082
-15.6046
-15.278
-14.813
-14.0239
-13.5449
-13.0147
-12.2133
-11.2406
-10.7476
-10.3906
-9.69818
-9.29541
-8.98843
-8.75668
-8.74453
-8.67351
-8.67118
-8.40391
-8.10161
-8.03105
-7.63436
-7.05544
-6.39803
-5.46541
-4.16788
-2.83857
-1.27611
0.381205
1.50539
2.76135
3.99066
4.70882
4.95318
5.19708
5.51435
5.51247
5.77787
6.14886
6.13344
6.26941
6.74413
7.05672
7.54592
8.45144
9.25744
10.0377
11.3198
12.6384
13.7169
14.7457
15.5615
16.3619
16.6792
17.2398
17.808
17.759
18.1229
18.3845
18.7602
19.1738
19.5125
20.0017
20.1148
20.3923
20.7101
20.7045
20.7381
20.8203
20.5521
20.0092
19.7344
19.2588
18.1313
17.0642
15.8797
14.2153
12.6599
11.1661
9.14109
7.02167
5.52603
3.74349
1.69696
0.19571
-1.17798
-2.66615
-4.07863
-5.25516
-6.57418
-7.92778
-9.02908
-10.2191
-11.4644
-12.3045
-12.7712
-13.4871
-14.0776
-14.1884
-14.3183
-14.4444
-14.3562
-14.3398
-14.6159
-14.5982
-14.4627
-14.6663
-14.5987
-14.4977
-14.6584
-14.585
-14.2706
-14.0305
-13.7315
-13.0516
-12.312
-11.9274
-11.2803
-10.2289
-9.8804
-9.7449
-9.17673
-9.05758
-9.07767
-8.4455
-7.92732
-7.77594
-7.11105
-6.0233
-4.88977
-3.93146
-2.58813
-1.12472
-0.117343
1.36663
2.58426
3.52435
4.48314
5.33165
6.41753
7.06139
8.05288
9.36397
10.2219
11.2559
12.5314
13.651
14.8522
16.2749
17.2492
17.993
18.8112
19.241
19.3803
19.4275
19.3107
18.8308
17.9958
17.4622
16.7801
15.5727
14.5746
13.342
11.8871
10.8685
10.0392
8.79813
7.49779
6.69367
5.70919
4.478
3.34633
2.11608
0.580252
-0.749055
-1.82839
-3.36749
-4.68419
-5.60278
-6.66202
-7.71239
-8.4539
-8.8006
-9.45661
-10.1079
-10.1757
-10.6196
-11.0841
-11.113
-11.5041
-12.0012
-12.0784
-11.9124
-12.0573
-12.0662
-11.8685
-11.9395
-11.8639
-11.6476
-11.4494
-11.455
-11.1933
-10.8948
-10.9485
-10.6298
-10.2784
-10.0178
-9.77434
-9.4809
-9.03236
-8.74313
-8.10861
-7.37691
-6.98909
-6.63726
-6.0434
-5.15891
-4.80473
-4.35571
-3.71839
-3.42542
-2.85352
-2.41385
-1.88586
-1.4845
-1.03407
-0.409372
-0.182291
0.576047
1.18112
1.38532
1.9147
2.37073
2.60014
2.88469
2.96646
2.55389
2.43428
2.16748
1.87218
1.77033
1.55025
1.618
1.25028
1.14608
1.37971
1.20076
1.06244
0.815742
0.352703
-0.00240111
-0.345825
-0.851382
-1.14575
-1.68915
-1.93212
-1.88959
-2.04005
-1.61392
-1.22798
-0.931748
-0.537395
-0.143509
0.155994
0.243836
0.279347
0.211129
0.396626
0.698933
1.1073
1.91937
2.9132
3.90095
4.98215
6.26287
7.51508
8.54442
9.45742
10.3054
10.8442
11.3881
11.839
11.6619
11.4521
11.3119
11.3428
11.203
10.5265
10.5437
10.491
10.1705
10.1443
9.82283
9.58451
8.77057
7.82814
6.84179
5.18587
3.75891
2.17028
0.351303
-1.43451
-3.10631
-4.50522
-5.96396
-7.39607
-8.66229
-9.85098
-10.7645
-11.5424
-12.1923
-12.7385
-13.4021
-13.8772
-14.259
-14.4547
-14.9626
-15.3817
-15.4864
-15.8158
-15.578
-15.377
-15.028
-14.4729
-14.1229
-13.4239
-12.7282
-11.8396
-11.0008
-10.1846
-9.15991
-8.28056
-7.07461
-5.90509
-4.77249
-3.57728
-2.44702
-1.18219
-0.00940989
1.40354
2.54641
3.5552
4.68732
5.6947
6.96467
8.08372
8.87429
9.71019
10.5653
11.2811
12.052
12.4917
12.943
13.357
13.6182
14.1756
14.2789
14.541
15.0508
15.2508
15.3068
15.3521
15.4162
15.297
14.9242
14.0317
13.2842
12.5646
11.6749
10.6171
9.29809
8.57713
7.73889
6.83104
6.22175
5.44146
4.84478
4.32194
3.75284
3.22672
2.61089
1.85443
1.27083
0.653609
0.076563
-0.243967
-0.842039
-1.05604
-1.01632
-1.20088
-0.969127
-0.88923
-0.903715
-0.99156
-1.13173
-1.20415
-1.52608
-1.55225
-2.00734
-2.36945
-2.63999
-3.07453
-3.14789
-3.59737
-3.75156
-4.14311
-4.36832
-4.22208
-4.36366
-4.37066
-4.69073
-5.05938
-5.5355
-6.05554
-6.70735
-7.49699
-8.51044
-9.3968
-10.0607
-10.913
-11.3587
-11.8401
-12.0942
-12.2797
-12.2853
-12.1185
-12.0764
-11.6723
-11.5835
-11.5807
-11.4475
-10.9948
-10.6687
-10.5985
-10.4256
-10.1374
-9.40101
-8.859
-8.12497
-7.22085
-6.21628
-5.01172
-3.91277
-2.78297
-1.8097
-0.565897
0.435406
1.2942
2.30064
3.06225
3.98412
4.60509
5.24008
5.79702
6.19092
6.82823
6.89692
6.9642
7.25249
7.19923
7.35856
7.65946
7.40855
7.43892
7.73609
7.89028
8.44303
8.70375
9.19996
9.78261
10.2073
11.0292
11.4007
11.7077
12.3697
12.6945
12.7608
13.185
13.2967
13.2342
13.073
12.5754
12.4015
11.8179
11.2806
10.7896
10.1989
10.1504
9.86716
9.84009
10.1522
10.1401
10.2812
10.5119
10.4979
10.4648
10.3494
10.0868
9.60506
8.94298
8.75141
8.53367
7.92392
7.49919
7.21231
7.12681
6.85253
6.39416
6.07223
5.43538
4.92935
4.41165
3.3996
2.74593
2.10207
0.97881
-0.0252959
-0.986412
-1.90969
-2.92174
-4.17956
-5.50934
-6.81247
-7.92171
-8.93984
-9.96356
-10.9878
-11.9087
-12.5689
-13.0605
-13.8128
-14.7444
-15.4794
-16.2139
-17.0605
-17.8576
-18.4141
-18.6917
-19.0361
-19.3958
-19.272
-19.052
-18.7613
-18.3123
-17.8385
-17.104
-16.3392
-15.3752
-14.4814
-13.7474
-13.0815
-12.46
-11.9148
-11.4096
-10.7523
-10.5322
-9.82666
-8.97114
-8.15814
-7.09283
-6.2658
-4.88557
-3.82212
-2.67644
-1.22004
-0.0393134
1.28392
2.57865
3.92852
5.30035
6.95533
8.5589
10.0157
11.4979
12.9925
14.4247
15.5069
16.5105
17.366
17.8051
18.1046
18.2673
18.1444
17.9103
17.0684
16.1404
15.3092
14.2462
13.3407
11.9483
10.5704
9.50508
8.14119
7.12634
5.96804
4.44155
3.29821
2.01235
0.688652
-0.74999
-2.1905
-3.40534
-4.81407
-5.97097
-6.72697
-7.44606
-8.0203
-8.01469
-8.25626
-8.42447
-8.1502
-8.06375
-7.84135
-7.84368
-7.66659
-7.64978
-7.6652
-7.1531
-7.31197
-7.47456
-7.45447
-7.56053
-7.42923
-7.46008
-7.23346
-6.95218
-6.73632
-6.049
-5.37944
-4.88229
-4.15572
-3.35675
-2.93342
-2.44094
-1.62467
-1.11444
-0.798585
-0.428527
0.0667503
0.637724
1.0031
1.39092
1.6409
1.81704
2.20018
2.14925
1.97731
2.19225
2.10954
1.74696
1.55959
1.52128
1.25822
0.706406
0.304578
0.0415189
-0.39582
-0.774288
-0.891098
-1.38124
-1.58356
-1.44572
-1.69289
-1.78166
-1.88726
-2.06295
-2.27695
-2.30264
-2.32367
-2.40263
-2.30264
-2.13256
-1.87558
-1.80737
-1.22658
-0.572905
-0.322931
0.0648822
0.289159
0.432603
0.8363
0.95498
0.855458
1.06525
1.14655
1.37129
1.51987
1.66098
1.9376
1.88901
2.25345
2.65855
2.65388
3.02954
3.63789
3.97151
4.47706
5.07654
5.69423
6.33202
6.62638
6.9871
7.0684
7.15718
7.3665
7.00111
6.52827
6.28109
6.21194
5.79937
5.54612
5.47649
5.08775
4.6121
4.08878
3.82105
3.03795
2.16421
1.33719
-0.00567169
-0.830357
-1.64897
-2.87968
-3.85576
-4.65287
-5.31403
-6.03172
-6.71716
-7.00358
-7.48764
-7.81378
-7.8091
-7.99601
-7.9362
-7.73903
-7.46616
-7.44279
-7.35261
-7.08021
-7.08208
-7.02181
-7.20262
-7.2288
-7.28766
-7.16244
-6.98863
-7.32411
-7.11572
-7.06198
-7.21805
-7.2685
-7.39887
-7.67455
-8.24551
-8.33709
-8.39082
-8.86835
-9.1543
-8.96927
-8.81555
-8.52306
-7.8306
-7.20497
-6.45083
-5.48924
-4.46224
-3.56233
-2.55636
-1.14575
-0.135566
0.720424
1.99273
3.01412
4.08084
5.2396
5.99467
6.63573
7.38472
8.24305
8.81495
9.18407
9.60413
9.73309
9.92276
10.1999
10.4012
10.5134
10.3237
10.4999
10.5143
10.59
10.9638
10.7759
10.9811
11.3292
11.6619
11.9749
12.1525
12.7478
12.9295
12.8225
13.0481
12.9687
12.6212
12.4594
11.8356
11.1063
10.4727
9.59244
8.66871
7.39733
6.18857
4.89291
3.46175
2.41325
1.16664
-0.444414
-1.54618
-2.57925
-3.96229
-4.95846
-6.02423
-7.08955
-8.12216
-9.01086
-9.63183
-10.606
-11.1635
-11.4485
-12.0583
-12.2984
-12.2825
-12.2564
-12.1409
-12.267
-12.1573
-11.9442
-11.8325
-11.5354
-11.6831
-11.7686
-11.3232
-11.1064
-11.1326
-10.9509
-10.8663
-10.6509
-10.1351
-9.59164
-9.02487
-8.51091
-7.62454
-6.74333
-6.0504
-5.12573
-4.052
-3.31936
-2.58719
-1.48917
-0.73831
0.034511
0.846581
1.51007
1.87358
2.39829
3.3767
3.76732
4.26961
4.93449
5.23259
5.77647
6.40678
6.81282
7.09036
7.25063
7.29781
7.15858
6.81001
6.46051
5.68255
4.57192
3.89348
3.16177
2.24691
1.6493
1.03208
0.327472
-0.0309032
-0.419651
-1.00044
-1.30975
-1.63028
-1.96062
-2.37787
-2.73251
-2.82736
-3.14182
-3.20675
-3.29974
-3.50205
-3.18853
-2.72877
-2.40964
-2.13163
-1.57561
-0.910723
-0.305174
0.243836
0.8363
1.21103
1.36568
1.90629
2.2385
2.18804
2.35017
2.78938
3.09263
3.50801
4.19531
4.84432
5.52369
6.15213
6.81141
7.14456
7.51275
8.14539
8.01036
7.7688
8.10615
7.78609
7.52069
7.62395
7.36977
7.44313
7.42116
7.63844
7.72815
7.43145
7.50761
7.19269
6.62452
6.20446
5.51107
4.56864
3.8547
3.0459
2.0488
1.17693
0.410175
-0.440677
-1.42142
-1.87232
-2.12229
-2.84512
-3.42449
-3.79175
-4.41178
-4.95658
-5.40795
-5.71913
-6.13404
-6.51812
-6.34804
-6.24385
-5.75697
-4.89491
-4.37206
-3.55999
-2.52505
-1.63589
-0.764475
0.0574058
0.837703
1.26103
1.59697
2.3997
3.08514
3.3183
3.81779
4.54341
4.89524
5.47649
6.00401
6.3909
7.10671
7.41836
7.80384
8.52106
9.3037
10.0695
10.4237
11.0171
11.9184
12.2259
12.509
12.9141
12.581
12.3819
12.3991
11.8258
11.0573
10.3798
9.7686
9.03362
8.06736
7.35435
6.65442
5.63256
4.9957
4.08972
3.07534
2.35298
1.38625
0.41111
-0.950439
-2.04566
-3.22545
-4.84118
-6.10367
-7.52596
-9.08749
-10.4121
-11.3106
-12.397
-13.538
-14.2701
-15.0089
-15.4103
-15.5967
-15.8298
-16.0078
-15.9821
-15.7363
-15.5023
-15.3093
-15.0476
-14.6603
-14.3991
-13.8604
-13.109
-12.6358
-12.0522
-11.4153
-10.9536
-10.3897
-9.73229
-9.11365
-8.57258
-8.20393
-7.49559
-6.78445
-6.10741
-5.33693
-4.82062
-3.90109
-3.14836
-2.31386
-1.26256
-0.528518
0.192907
0.659683
1.39933
2.19504
2.75107
3.24494
3.74442
4.52332
5.19008
5.94608
6.76563
7.50668
8.50891
9.19249
9.84382
10.7003
11.0937
11.4306
11.4442
11.2064
11.1119
10.8849
10.7208
10.2961
9.73122
9.17287
8.62058
8.10755
7.3366
6.37361
5.50781
4.82796
3.90095
2.98235
2.27121
1.75116
1.22131
0.482131
0.250845
0.121885
-0.20285
-0.243032
-0.257517
-0.220138
-0.432265
-0.680371
-0.679905
-1.17939
-1.66438
-2.055
-2.35684
-2.58626
-3.03855
-3.4072
-3.70483
-3.55953
-3.68802
-3.85389
-3.65765
-3.61747
-3.3231
-3.06845
-2.92734
-2.77829
-2.77129
-2.74232
-2.52599
-2.46758
-2.44001
-2.33488
-2.23956
-2.0008
-1.77699
-1.47562
-1.17518
-0.732236
-0.557487
-0.567767
-0.263123
-0.157059
-0.15192
-0.208456
-0.205652
-0.0827667
-5.32006E-4
0.369059
0.650339
0.697529
0.87228
0.964326
1.09469
1.26617
1.07366
0.436341
-0.270132
-0.738777
-1.70177
-3.08248
-3.7796
-4.54822
-5.65651
-6.12469
-6.46204
-6.73351
-6.56904
-6.33963
-6.07937
-5.66165
-5.14348
-4.68419
-4.35758
-3.91182
-3.48711
-3.28852
-2.69793
-2.10219
-1.86203
-1.32657
-0.533191
0.0508645
0.593335
1.31803
1.71238
2.04646
2.37073
2.90386
3.28279
3.1001
3.55192
3.74302
3.85703
4.30979
4.51024
4.98776
5.22279
5.55733
5.97084
6.03579
6.32034
6.58573
6.21054
6.09513
6.42688
6.06989
5.8003
5.70731
5.52743
5.36623
4.90273
4.51537
4.14346
3.48183
2.84452
2.29784
1.5965
1.15122
0.434004
-0.46871
-0.933619
-1.50926
-2.17882
-2.95258
-3.65484
-4.40103
-5.32104
-5.8593
-6.31019
-6.96293
-7.14796
-7.34046
-7.73247
-7.43718
-7.23346
-7.25402
-7.23487
-7.36149
-7.42923
-7.49185
-7.28533
-7.3129
-7.5596
-7.25682
-6.78117
-6.49709
-6.17749
-5.43691
-5.01359
-4.97761
-4.27675
-3.86417
-3.71372
-3.43571
-3.18807
-2.53953
-2.22741
-1.65784
-0.929412
-0.499549
0.429331
1.01525
1.44419
2.33008
2.98562
3.33418
3.69022
4.17709
4.63219
4.83964
5.01206
5.2583
5.19289
5.36296
5.71292
5.39193
5.2611
5.18493
4.64808
4.17662
3.58043
2.9716
2.26934
1.35728
0.722293
-0.0879073
-1.01819
-1.40507
-2.13863
-3.11518
-3.49318
-3.89781
-4.45337
-4.84024
-5.12339
-5.30655
-5.62521
-5.81818
-5.5883
-5.76632
-5.79108
-5.36776
-5.44298
-5.0164
-4.26693
-3.89267
-3.38898
-2.68858
-1.68681
-1.00745
-0.327136
0.574177
0.946571
1.59931
2.67304
3.12766
3.56594
4.38221
4.8018
5.38913
6.18717
6.57826
6.89879
7.44032
8.00942
8.3907
8.73786
9.24155
9.73963
9.83587
10.07
10.3045
10.3414
10.6087
10.605
10.3027
9.97935
10.1162
9.83538
8.96307
8.54862
7.86271
7.03896
6.35351
5.75031
4.89011
4.0444
3.71172
2.87302
2.16327
1.73621
1.01619
0.281682
-0.521509
-1.26022
-2.06014
-2.83156
-3.4287
-4.20339
-5.13788
-5.43551
-5.76632
-6.45224
-6.75688
-7.17786
-7.59184
-8.1273
-8.47587
-8.74313
-9.43045
-9.63463
-10.0416
-10.4733
-10.2537
-10.3144
-10.3859
-10.2098
-9.74723
-9.26877
-9.12113
-8.64547
-8.15346
-7.99647
-7.87733
-7.45494
-7.04797
-7.00264
-6.47046
-5.87752
-5.60559
-4.93275
-4.11695
-3.52027
-2.90258
-2.10593
-1.41955
-0.815873
0.141977
0.760608
0.845178
1.54885
2.25859
2.49174
2.83798
3.10477
3.40941
3.69676
3.89768
4.09019
3.90095
3.94347
4.13878
3.65425
3.58977
3.8547
3.63883
3.49866
3.70378
3.7547
3.78321
4.26073
4.39764
4.48174
4.67611
5.12186
5.5008
5.24241
5.41575
5.26531
4.77703
4.79479
4.51024
3.79021
3.43278
3.12626
2.37353
1.88199
1.6166
1.10263
0.382607
-0.0626758
-0.336481
-0.989687
-1.3462
-1.41908
-1.90362
-2.15266
-2.28068
-2.38394
-2.33348
-2.47552
-2.59934
-2.75493
-2.58205
-2.50542
-2.61523
-2.58766
-2.52085
-2.58673
-2.78064
-2.47226
-2.67924
-2.95866
-2.76755
-2.63532
-2.47786
-2.41431
-1.86483
-1.57608
-1.60224
-1.18032
-0.829422
-0.891098
-0.878015
-0.70093
-0.840636
-1.02146
-0.957448
-0.807463
-0.938757
-0.777558
-0.398623
-0.521977
-0.34676
0.299905
0.398493
0.148051
0.377937
0.498484
0.409707
0.144781
-0.0958497
-0.251443
-0.897641
-0.957914
-1.16583
-1.95875
-2.06388
-2.23816
-2.57832
-2.52038
-2.50216
-2.72596
-2.77503
-2.6157
-2.5685
-2.72035
-2.71101
-2.56523
-2.69233
-2.76895
-2.43114
-2.11154
-1.91716
-1.46441
-1.3004
-1.03688
-0.286486
0.198513
0.471852
0.825088
1.36756
1.83621
2.32261
3.14916
3.74022
4.13551
4.95458
5.64938
6.11429
6.87589
7.62769
8.11082
8.5262
9.22613
9.90079
10.3213
10.954
11.4207
11.6418
12.1987
12.7491
12.8436
12.8916
13.2491
13.2313
12.9061
12.8809
12.5548
11.9852
11.5292
10.9437
10.2302
9.49245
8.95793
8.04167
6.94365
6.45631
5.82039
4.89011
4.03411
3.48744
2.83284
1.89414
1.29
0.491008
-0.370589
-0.998101
-1.93025
-2.93248
-3.65438
-4.26132
-5.17899
-6.29664
-6.79099
-7.25168
-7.90162
-8.20767
-8.40204
-8.58193
-8.71696
-8.17823
-8.00441
-7.88714
-7.46709
-7.40121
-6.84845
-6.68772
-6.41673
-6.17235
-6.16254
-5.62942
-5.49719
-5.36636
-4.9122
-4.54027
-4.19684
-3.73848
-3.29601
-2.8867
-2.47226
-2.0807
-1.84754
-1.69989
-1.2962
-0.881754
-0.803725
-0.787371
-0.586456
-0.589259
-0.354236
0.02797
-0.0196893
0.0845064
0.305045
0.605483
0.781166
0.793782
1.12178
1.05918
0.882091
1.14889
1.33952
1.33906
1.25589
1.34327
1.44512
1.64183
1.71145
1.68435
1.98432
1.96049
1.91563
1.87872
1.91237
1.96189
1.68949
1.65118
1.38344
1.21384
1.13534
0.847514
0.510632
0.0153547
-0.254246
-0.538797
-0.933619
-1.42797
-1.84474
-2.30825
-2.82315
-3.17638
-3.65438
-4.1048
-4.44635
-4.65194
-5.03555
-5.17993
-5.20936
-5.63082
-5.61306
-5.74109
-5.7808
-5.59765
-5.67287
-5.27618
-5.25516
-5.12853
-4.62625
-4.52765
-4.19825
-3.8595
-3.55159
-3.00585
-2.28535
-1.73074
-1.23359
-0.505155
0.150856
0.754534
1.33252
1.87686
2.29784
2.46324
2.76555
3.05945
2.90712
3.02954
2.97254
2.72817
2.84264
2.75527
2.89404
2.72116
2.56183
2.71042
2.43568
2.38148
2.28569
1.94227
1.61286
1.36663
1.12879
1.13067
1.183
1.04236
1.21009
1.38297
1.96236
2.5408
2.73705
3.08655
3.16177
3.38138
3.41735
3.1758
3.30102
3.07346
2.75854
2.65061
2.66322
2.82535
2.78611
2.86928
2.99497
3.15476
3.29634
3.44726
3.70938
3.72901
3.73087
3.8075
3.9402
4.11775
3.99253
3.85563
3.8533
3.59023
3.54771
3.15476
2.76649
2.58659
2.05488
1.87498
1.27972
0.792847
0.402699
-0.252377
-0.805594
-1.30461
-1.74708
-2.33675
-2.58859
-3.16144
-3.73755
-4.13938
-4.50336
-4.86921
-5.66399
-6.11161
-6.45643
-6.92555
-7.39467
-7.98105
-8.41979
-8.65154
-8.94358
-9.08749
-9.13047
-9.24915
-9.24635
-9.32906
-9.29915
-9.18981
-9.40521
-9.67388
-9.72668
-9.89207
-9.94581
-10.0098
-10.3257
-10.3136
-10.3631
-10.5
-10.2752
-9.92149
-9.55567
-9.12393
-8.62585
-7.78154
-6.88724
-6.16441
-5.08975
-4.22255
-3.39645
-2.33908
-1.22658
-0.064077
0.718089
1.67967
2.94871
4.00468
5.14569
6.44089
7.38239
8.54208
9.70646
10.7494
11.9614
12.6977
13.6033
14.399
14.9691
15.7166
16.1441
16.3166
16.5436
16.6707
16.5473
16.5717
16.5862
16.3895
16.0423
15.696
15.4055
15.1358
14.8447
14.2962
13.5234
12.93
12.4081
11.404
10.3867
9.49759
8.48041
7.51836
6.55256
5.62742
4.75368
3.98552
3.21878
2.28056
1.57642
0.93816
0.0971215
-0.541134
-1.04061
-1.72092
-2.42646
-2.94744
-3.6212
-4.32066
-4.95192
-5.6112
-6.05134
-6.52792
-7.0788
-7.56941
-7.89415
-8.04366
-8.35999
-8.62771
-8.6978
-9.04777
-9.38372
-9.46689
-9.89491
-10.4163
-10.8321
-11.377
-11.6582
-11.8835
-12.0989
-12.1563
-12.2768
-12.0292
-11.7662
-11.7549
-11.3971
-11.0144
-10.9724
-10.7243
-10.1317
-9.77574
-9.26083
-8.57165
-8.05441
-7.16758
-6.27515
-5.24862
-4.26413
-3.65531
-2.70541
-1.95642
-1.21677
-0.286486
0.0546028
0.381674
0.947038
1.29561
1.56848
1.71612
1.89928
2.16374
2.06842
2.28382
2.62725
2.54735
2.83984
3.00197
2.96786
3.12205
3.25849
3.35708
3.27344
3.38605
3.24775
3.17999
3.43978
3.58837
3.38044
3.24634
3.88132
3.89207
3.84255
4.15747
4.23831
4.33596
4.45978
4.59995
4.37707
4.30138
4.20746
4.05
3.63416
3.52295
3.63182
3.25569
3.37717
3.28045
3.39773
3.60612
3.68182
3.90142
3.77246
4.24064
4.43315
4.38642
4.80367
5.00224
5.0443
5.22045
5.5891
5.72928
5.60406
5.54425
5.38819
4.97608
4.72797
4.57005
3.87619
3.11318
2.90152
2.38381
1.65725
1.24654
0.701734
0.105066
-0.41124
-0.756532
-1.249
-1.81857
-2.25779
-2.90679
-3.56653
-3.98285
-4.47579
-5.17245
-5.79482
-6.45317
-7.19001
-7.63576
-7.81425
-8.3156
-8.87349
-8.91694
-8.67071
-8.92489
-8.96741
-8.58193
-8.96273
-8.90153
-8.59828
-8.60109
-8.68752
-8.70341
-8.28757
-8.39737
-8.10534
-7.31197
-6.85266
-6.20506
-5.13554
-4.25057
-3.4315
-1.97371
-0.794848
0.0807682
1.15029
2.32821
3.47109
4.5294
5.57836
6.49041
7.23847
8.07484
9.11586
9.75318
10.3676
11.1554
11.5226
11.9945
12.5659
12.5968
12.5482
12.7478
12.6552
12.1015
11.7839
11.5427
10.6848
10.0456
9.70646
8.92523
8.22716
7.91925
7.39219
6.62265
6.1054
5.7218
4.97281
4.21027
3.69817
2.79172
1.94227
1.39232
0.66015
-0.361244
-1.33545
-2.06154
-2.96285
-3.67961
-4.5085
-5.47009
-6.14946
-6.7494
-7.18721
-7.89835
-8.41933
-8.77677
-9.48932
-9.81361
-10.1341
-10.7892
-11.1037
-11.3555
-11.7989
-12.276
-12.2988
-11.9045
-12.1311
-12.0634
-11.4373
-11.1574
-10.4626
-9.51174
-9.01647
-8.64875
-7.66566
-6.55783
-6.11254
-5.43597
-4.55569
-3.9137
-3.32077
-2.56616
-1.80783
-1.41487
-0.515902
0.192439
0.466245
1.38951
2.31607
2.83237
3.0987
3.72527
4.28736
4.49295
5.077
5.5564
5.66386
5.84375
6.42641
6.79179
6.90579
7.55948
7.87299
7.86318
8.23558
8.58601
8.56638
8.38182
8.57899
8.16549
7.92953
8.17624
7.62909
7.29454
7.22913
7.24268
6.72311
6.31474
6.48948
5.92645
5.42884
5.23353
4.75928
4.12757
3.72293
3.25522
2.53333
2.07824
1.80023
1.13207
0.488671
0.319998
-0.330873
-0.824282
-0.861195
-1.11257
-1.75316
-2.3489
-2.09752
-2.58953
-3.3446
-3.34786
-3.90109
-4.52111
-4.71502
-4.86921
-5.3243
-5.63316
-5.62755
-6.1046
-6.56017
-6.32187
-6.52699
-7.04329
-6.82369
-7.11666
-7.55259
-7.30776
-7.23159
-7.45306
-7.611
-7.29233
-7.15543
-7.14656
-6.84612
-6.61764
-6.68866
-6.53447
-5.85276
-5.9462
-5.90976
-5.32944
-5.35468
-5.42383
-5.12853
-4.65895
-4.85146
-4.98089
-4.35384
-4.18143
-4.11975
-3.5142
-3.23619
-3.21189
-2.79044
-2.31339
-2.0293
-1.65644
-0.964924
-0.776157
-0.635517
0.122352
0.613893
0.82789
1.18253
1.78434
1.90769
2.25438
3.19682
3.25336
3.41689
4.2411
4.48875
4.62751
5.15597
5.59517
5.68022
5.73302
6.22503
6.25212
6.00729
6.38576
6.40538
6.19185
6.48808
6.72824
6.73526
6.93711
7.37164
7.52162
7.43238
7.92999
8.2636
7.95522
8.20894
8.50657
8.2865
8.42154
8.64021
8.27763
8.09633
8.36499
8.10381
7.66927
7.53237
7.28473
6.82637
6.53667
6.54835
5.94842
5.49052
5.56994
4.93543
4.41866
4.32241
3.98506
3.40895
2.8048
2.67771
2.35905
1.92357
1.89834
1.42316
0.803127
0.756869
0.617165
-0.0963164
-0.485064
-0.686446
-1.57935
-2.20405
-2.37086
-2.95912
-3.88285
-4.44308
-4.73464
-5.73688
-6.25365
-6.34524
-7.41242
-8.13945
-8.54969
-9.14776
-9.89393
-10.3023
-10.5117
-11.4448
-11.7292
-11.6527
-12.1293
-12.6217
-12.4376
-12.3367
-13.0095
-12.5909
-12.0409
-12.2881
-12.1722
-11.8666
-11.548
-11.4448
-10.9247
-10.4065
-10.5262
-9.90746
-9.28887
-9.27391
-8.88938
-8.21982
-7.96704
-7.94881
-7.16571
-6.74379
-6.67137
-6.06208
-5.38178
-4.98322
-4.53
-3.17826
-2.49608
-1.97511
-0.596736
0.361114
1.25915
2.59174
3.7776
4.4565
5.57134
6.96467
7.8202
8.56731
9.75738
10.4816
10.8213
11.7955
12.5534
12.5959
12.7603
13.4108
13.1566
12.7748
12.9379
12.4454
11.5413
10.84
10.4409
9.25416
8.08465
7.53517
6.41939
5.24194
4.73078
4.05468
3.01086
2.60575
2.05674
1.0274
0.459703
0.22982
-0.565897
-1.62701
-1.90455
-2.47879
-3.51654
-3.62073
-3.75858
-4.57298
-4.92809
-4.79912
-4.9692
-5.20049
-4.64119
-4.53186
-4.88509
-4.26927
-3.61793
-3.51608
-3.27498
-2.4059
-2.25592
-2.38674
-1.38311
-1.01118
-1.11958
-0.50282
0.0807682
0.171413
0.367657
1.34653
1.87498
1.6736
2.3469
2.76182
2.62678
3.0987
3.42717
3.28559
3.31924
3.9673
3.98412
3.59304
3.86404
3.82712
3.26083
2.97768
3.02768
2.25813
1.62547
1.60959
0.946571
0.372796
0.119082
-0.293028
-0.878484
-1.28311
-1.356
-1.93212
-2.44936
-2.27507
-2.80306
-3.44271
-3.19087
-3.16517
-3.62447
-3.68896
-3.38244
-3.64503
-3.7768
-3.55672
-3.61046
-3.8081
-3.68381
-3.34506
-3.52681
-3.01986
-2.45076
-2.69652
-2.21947
-1.44945
-1.15649
-0.886894
-0.19911
0.333079
0.491942
1.04469
1.82686
2.15159
2.34036
3.02674
3.42997
3.46081
4.0743
4.49482
4.24952
4.40464
4.64808
4.49669
4.49342
4.74105
4.56771
3.93693
4.22662
4.55276
3.87946
3.81918
4.14252
3.74256
3.58276
3.82993
3.58977
3.29961
3.22345
2.87302
2.27821
2.0203
1.89134
1.1073
0.404567
0.28215
-0.302839
-1.06258
-1.1121
-1.33358
-2.04378
-2.36619
-2.29984
-2.65821
-3.14648
-2.95678
-3.17545
-3.7539
-3.51094
-3.42823
-3.79455
-3.8067
-3.61233
-3.68195
-3.77727
-3.32591
-3.09882
-3.24414
-2.72035
-2.0821
-1.93492
-1.46441
-0.779894
-0.587858
-0.0757579
0.764814
1.22552
1.64416
2.27681
3.0716
3.39866
3.97898
4.91907
5.20409
5.66714
6.32828
6.63059
6.82029
7.4207
7.57676
7.1852
7.33052
7.40154
7.46836
7.22071
7.09036
7.07494
6.45117
6.56471
6.48294
5.83908
5.56948
5.43398
5.10691
4.56491
4.40371
3.99346
3.3669
2.8048
2.29504
1.60258
0.854056
0.559694
-0.682709
-1.57795
-1.73961
-2.71148
-3.40487
-3.79922
-4.27581
-4.92014
-5.49298
-5.52709
-5.87846
-6.45597
-6.51391
-6.91807
-7.33533
-7.08581
-7.21056
-7.61614
-7.64137
-7.5124
-7.75304
-7.93246
-7.68108
-7.65118
-8.08338
-7.99975
-7.44793
-7.74089
-7.79602
-7.38625
-7.59278
-7.62128
-7.29841
-7.14422
-7.17646
-7.02928
-6.59614
-6.55503
-6.3728
-5.5897
-5.47849
-5.45794
-4.74493
-4.3459
-4.11274
-3.4502
-2.89277
-2.70681
-2.02416
-1.0537
-0.461702
0.0480609
0.839572
1.71425
2.24364
2.98656
3.72059
4.1285
4.94197
5.68302
5.85356
6.23624
6.7717
7.08008
6.89599
6.76469
7.34874
7.01653
6.62312
6.89552
6.44416
6.01569
6.05541
5.98393
5.60406
5.27979
5.12606
4.82329
4.46118
4.5822
4.13271
3.41268
3.48931
3.19542
2.7735
2.66557
2.62958
2.31046
2.07403
1.95021
1.72267
1.68762
1.45446
1.32037
0.863402
0.810602
1.12646
0.767149
0.837235
0.97694
0.874615
0.990962
1.33438
1.47409
1.42176
1.68061
1.87172
1.9376
2.16888
2.73892
2.78004
2.62117
3.31924
3.69116
3.55986
3.88273
4.2626
4.27382
4.53501
5.04243
5.24568
5.29894
5.64611
5.88533
5.62649
5.73349
6.04466
5.76806
5.46622
5.37978
5.05598
4.67751
4.38969
3.94675
3.31129
2.82069
2.60575
1.95815
1.20776
0.996562
0.326072
-0.405166
-0.608884
-1.12098
-1.80176
-2.27087
-2.51243
-3.06565
-3.53337
-3.60812
-4.19358
-4.6767
-4.68465
-4.94864
-5.4528
-5.46541
-5.49205
-6.17937
-6.34477
-6.25225
-6.57839
-6.73865
-6.77136
-6.83725
-6.93115
-6.56577
-6.23683
-6.40971
-6.15179
-5.57895
-5.32337
-5.05143
-4.35852
-3.95622
-3.67027
-3.07079
-2.58626
-2.20358
-1.62374
-0.976136
-0.856524
-0.595801
0.118614
0.554552
0.559225
0.951243
1.37924
1.21944
1.63669
1.87125
1.89508
2.06282
1.90723
2.0301
1.76191
1.88573
2.12169
1.46521
1.31149
1.47035
1.20309
0.852654
0.811538
0.5653
0.27701
0.0148871
-0.310316
-0.477121
-1.00604
-1.10509
-1.53543
-2.22368
-1.94941
-2.31339
-2.76475
-2.83343
-3.30067
-3.55672
-3.96136
-4.2104
-4.44495
-5.20422
-5.44859
-5.62381
-6.03826
-6.24665
-6.52559
-6.92835
-7.33485
-7.3984
-7.6937
-8.08992
-8.09319
-8.27355
-8.46325
-8.38102
-8.0516
-8.24318
-8.2614
-7.49278
-7.31243
-7.28299
-6.92275
-6.52231
-6.36393
-6.17142
-5.68502
-5.33832
-4.9108
-4.6211
-4.19218
-3.61419
-3.04509
-2.40731
-2.14331
-1.48496
-0.74859
-0.432733
0.320932
1.18487
1.72453
2.09973
2.71228
3.47389
4.01309
4.42894
4.8303
5.25689
5.42276
5.85964
6.17596
6.09606
6.4764
6.50537
6.47407
6.83477
6.80908
6.9413
7.03475
6.97074
7.03943
6.72077
6.92729
6.86655
6.35258
6.17596
5.81011
5.66106
5.14288
4.90506
4.57986
4.09066
4.03225
3.81685
3.95983
3.63742
3.43184
3.33606
3.1557
3.26316
2.98422
2.87489
2.6464
2.48614
2.48006
2.25159
2.27167
2.1899
2.0773
2.23336
2.1301
2.08665
2.04786
1.74696
1.60071
1.39559
1.24234
1.09048
0.870878
0.680709
0.508296
0.418119
0.269068
0.144781
-0.0692179
-0.361244
-0.483663
-0.60608
-0.780829
-0.913528
-1.21349
-1.42376
-1.75503
-1.9779
-1.97324
-2.50356
-2.88763
-3.10303
-3.34413
-3.54971
-3.79829
-4.0221
-4.13657
-4.32301
-4.49214
-4.35198
-4.63139
-4.52905
-4.55195
-4.88089
-4.5599
-4.30898
-4.1062
-3.97911
-3.60998
-3.19788
-2.98342
-2.5115
-1.95314
-1.82886
-1.59757
-0.945767
-0.570571
-0.265926
0.0158216
0.260189
0.331212
0.583522
0.980685
1.00217
1.08674
1.44185
1.5638
1.48343
1.98386
2.21514
2.08104
2.27261
2.5081
2.53286
2.39129
2.66557
2.82442
2.54688
2.44455
2.82723
2.90105
2.72957
3.2926
3.4281
3.27344
3.70284
3.93412
3.88834
3.98692
4.20092
4.06122
3.82246
4.17383
4.07758
3.36736
3.33653
3.28699
2.66883
2.36372
2.23009
1.63529
1.22785
1.17926
0.947038
0.289626
-0.0804307
0.161134
-0.467776
-0.925208
-0.730833
-1.22471
-1.51487
-1.84708
-2.2433
-2.17882
-2.58065
-2.63718
-2.74419
-3.24881
-2.97874
-3.17919
-3.52027
-3.27825
-3.19087
-3.49505
-3.41842
-3.0264
-3.17638
-3.08153
-3.13901
-3.2077
-3.42449
-3.36142
-3.13153
-3.96743
-4.05574
-3.82772
-4.11975
-4.44729
-4.28796
-4.31926
-4.69867
-4.41365
-4.37533
-4.24964
-4.41365
-4.15993
-3.9165
-4.39075
-3.58008
-3.32497
-3.54224
-2.87875
-2.63345
-2.5928
-2.25358
-1.88165
-1.64757
-1.63028
-1.37517
-0.899509
-0.876147
-0.362647
0.228884
0.0204934
0.173282
1.11992
1.5096
1.40587
2.16748
2.51978
2.79733
3.4253
3.82993
4.27522
4.40932
5.01346
5.21204
5.03682
5.60499
5.78021
5.50874
5.63303
5.96757
5.78534
5.77694
6.2853
6.17129
5.6676
5.8545
5.94514
5.36856
5.22652
5.18587
4.81768
4.43969
4.54669
4.55463
3.91871
3.96029
4.09673
3.59444
3.47109
3.7463
3.27391
2.80807
3.04449
2.78798
2.17636
1.9675
2.053
1.47736
1.04562
1.20076
0.697063
0.373263
0.339153
-0.0210908
-0.243967
-0.27387
-0.278543
-0.745318
-1.07612
-0.911658
-1.32657
-1.62841
-1.5672
-1.94707
-2.3475
-2.36011
-2.02603
-2.09846
-2.29377
-1.91109
-2.06435
-2.14144
-1.49524
-1.54618
-1.69382
-1.5429
-1.39339
-1.27424
-1.53262
-1.14715
-0.944365
-1.25929
-0.790174
-0.747187
-0.798585
-0.366384
-0.416845
-0.46871
-0.504688
-0.419182
-0.186028
-0.251909
-0.193036
-0.0701513
-0.107532
-0.0318377
0.435406
0.522781
0.492877
0.964793
1.06011
1.53763
1.99694
2.13664
2.45297
2.46091
2.88983
2.90105
2.8319
3.24494
3.00805
2.81367
2.93983
3.11038
3.03888
3.05571
3.4253
3.32764
3.26504
3.63602
3.55613
3.1627
3.07954
3.10524
2.76976
2.29504
2.36326
2.04833
1.43624
1.41429
1.17552
0.646133
0.215801
0.159265
-0.249107
-0.778961
-0.835496
-1.30461
-1.82746
-2.05641
-2.26666
-2.75027
-3.08807
-3.2175
-3.52121
-3.84688
-4.17815
-4.30104
-4.56176
-4.68838
-4.66082
-5.13601
-5.41822
-5.30842
-5.55746
-5.82659
-6.17702
-6.53587
-6.42887
-6.49335
-6.37373
-6.56437
-6.65595
-6.13264
-6.18356
-5.84061
-5.42757
-5.44251
-5.16871
-4.94397
-4.45991
-3.95061
-3.90155
-3.4002
-2.92688
-2.83857
-2.13724
-1.60178
-1.31956
-0.74999
-0.325734
0.0910473
0.448022
0.954047
1.51987
1.68061
2.02403
2.37166
2.7735
3.2169
3.46501
3.88927
4.05888
4.54294
4.97234
5.29614
5.84936
5.96337
6.32688
6.44836
6.61284
6.91842
6.60676
6.66377
6.68339
6.35539
6.33342
6.0185
5.6718
5.42837
5.01533
4.72844
4.20279
3.94301
3.27298
2.55716
2.26092
1.50212
1.13674
0.5653
-0.0379119
-0.722425
-1.23592
-1.25368
-2.00454
-2.57365
-2.88717
-3.13807
-3.30067
-3.71839
-3.83894
-3.95529
-4.35384
-4.38654
-4.54261
-4.90379
-4.9094
-5.18787
-5.31215
-5.35001
-5.37337
-5.29346
-5.54064
-5.40046
-5.47148
-5.74903
-5.57522
-5.81538
-6.00321
-6.13404
-6.50409
-6.38682
-6.64053
-6.56484
-6.33542
-6.88163
-6.45971
-6.05648
-6.17562
-5.90275
-5.66633
-5.68922
-5.71352
-5.13508
-4.858
-4.76221
-4.33141
-4.1576
-3.87258
-3.47168
-2.93669
-2.58766
-2.59701
-2.09846
-1.56627
-1.40554
-1.07753
-0.668223
-0.379466
-0.232753
0.296168
0.539134
0.701734
1.60258
1.62734
1.66098
2.35812
2.88423
3.27812
3.56594
4.14252
4.4752
4.92842
5.49332
5.62134
5.68208
6.09746
6.52078
6.44836
6.73151
7.1824
7.18848
7.23754
7.61274
7.75805
7.75852
8.07484
8.2052
7.94728
7.9071
7.97298
7.59358
7.28894
6.89739
6.50116
5.96524
5.6134
5.58163
4.78405
4.53827
4.32988
3.95842
3.86077
3.43511
3.25429
2.6151
2.34176
2.23616
1.40494
0.828827
0.430267
-0.166871
-0.805594
-1.17798
-1.60504
-2.31853
-2.78811
-2.93997
-3.54037
-3.87118
-3.94874
-4.52111
-4.71735
-4.79305
-5.10844
-5.3444
-5.41589
-5.45233
-5.70605
-6.02844
-5.83687
-5.71305
-6.04386
-5.85042
-5.8023
-6.05508
-5.65699
-5.33458
-5.46775
-5.49485
-5.28319
-4.94957
-4.94117
-4.79352
-4.62437
-4.84024
-4.46785
-4.12442
-4.10948
-3.80997
-3.30768
-3.16565
-3.19741
-2.73531
-2.4059
-2.22555
-2.04799
-1.72606
-1.5443
-1.26536
-0.779428
-0.76214
-0.406566
-0.0916446
0.226081
0.546143
0.844245
1.40914
1.2386
1.47456
1.88573
1.88386
2.16888
2.21701
2.41746
2.33241
2.38614
2.74639
2.42026
2.55296
2.64593
2.38895
2.49782
2.4254
2.42072
2.28056
1.85489
1.832
1.60492
1.22645
1.23299
0.820416
0.529789
0.412043
0.291496
0.281216
-0.0963164
-0.0229598
-0.12622
-0.386008
-0.113138
-0.275739
-0.53506
-0.587858
-0.810731
-0.864466
-0.94016
-1.08687
-1.06538
-1.38685
-1.31816
-1.20275
-1.60739
-1.45366
-1.48871
-1.77512
-1.68448
-1.60224
-1.64336
-1.61486
-1.6513
-1.87932
-1.93866
-1.90455
-1.74382
-1.96202
-2.25919
-2.04799
-2.15873
-2.0321
-1.71813
-1.84942
-1.65644
-1.36442
-1.02987
-0.67056
-0.500016
-9.99857E-4
0.164873
0.426995
1.02274
1.36289
1.75677
2.00534
2.53286
2.7735
2.98235
3.60893
3.82433
4.16448
4.38221
4.57566
5.00505
5.28306
5.67087
5.7162
5.71713
6.17035
6.16615
6.15401
6.54649
6.50677
6.46425
6.65629
6.75207
6.95533
6.92869
7.06747
7.25436
6.98009
7.2609
7.31137
6.87449
6.8801
6.68292
6.47593
6.40398
5.97271
5.75124
5.5307
5.32932
5.16718
4.60743
4.58734
4.30231
3.8561
3.75751
3.53931
3.46081
2.89872
2.47773
2.19131
1.76144
1.46381
1.13393
0.627911
0.0186253
-0.184627
-0.499081
-0.855589
-1.19154
-1.65925
-1.98725
-2.24377
-2.44936
-2.95772
-3.39038
-3.51467
-4.02631
-4.45803
-4.57531
-4.81221
-5.05424
-5.43597
-5.59811
-5.82333
-5.95415
-5.81679
-6.27375
-6.46157
-6.3985
-6.30084
-6.17422
-6.20226
-5.88126
-5.90229
-5.81211
-5.23226
-4.9407
-4.76501
-4.43327
-4.0492
-3.7469
-3.43197
-3.02407
-2.49094
-2.30825
-2.23115
-1.72372
-1.56393
-1.3261
-1.1336
-1.35741
-1.0565
-0.936421
-0.818676
-0.622434
-0.628508
-0.323865
-0.453291
-0.496278
-0.165936
-0.207987
-0.346292
-0.285551
-0.251909
-0.235089
-0.117811
-0.107532
-0.00847534
-0.10613
-0.220605
0.0200267
-0.0220252
-6.53021E-5
-0.109401
-0.332276
-0.00800863
-0.0131474
-0.105195
-0.033707
0.0845064
0.267666
0.191504
0.435406
0.525116
0.545674
0.733508
0.783503
1.08674
1.24514
1.48904
1.68996
1.71378
2.06282
2.24738
2.36092
2.41605
2.39736
2.41792
2.36652
2.51464
2.47726
2.41092
2.45858
2.2441
2.27541
2.38381
2.20252
2.19225
2.06842
1.77406
1.73294
1.63576
1.54137
1.25915
0.704538
0.552684
0.368123
-0.0505274
-0.298165
-0.856524
-1.28919
-1.25742
-1.58356
-1.69055
-1.65644
-1.89848
-1.71718
-1.88633
-1.83166
-1.60599
-1.81344
-1.57421
-1.73307
-1.57234
-1.22098
-1.14715
-0.901845
-0.957448
-0.783634
-0.641123
-0.403297
-0.296297
-0.244433
-0.0780949
-0.133229
0.120484
0.312521
0.488204
0.693792
0.807798
1.14608
1.48203
1.62968
2.05954
2.44222
2.55997
3.03469
3.46922
3.86544
4.27615
4.55042
5.07654
5.40361
5.5265
5.94234
6.11335
6.20213
6.36286
6.39183
6.53667
6.42127
6.33436
6.24325
5.92084
5.84702
5.70358
5.43818
5.14943
4.75087
4.43361
4.21588
3.95095
3.62762
3.23793
2.75994
2.60435
2.33662
1.68388
1.31523
0.904518
0.44989
0.0592748
-0.379
-0.625703
-0.953243
-1.36395
-1.71438
-1.99286
-2.2218
-2.5713
-3.00117
-3.17873
-3.57728
-4.07536
-3.96276
-4.39869
-4.965
-5.13227
-5.53503
-5.5584
-5.81351
-6.2331
-6.30319
-6.66109
-6.81528
-6.72276
-6.94424
-6.98816
-6.95545
-7.05778
-6.86294
-6.70128
-6.48634
-6.1887
-6.07283
-5.70791
-5.19628
-4.82903
-4.46785
-3.95762
-3.66185
-3.41795
-3.08855
-2.82128
-2.27601
-2.22695
-2.04239
-1.46908
-1.45413
-1.01678
-0.671028
-0.537862
-0.244433
-0.377598
0.00507529
0.36859
0.0760961
0.19057
0.306447
0.299438
0.629313
0.680709
0.693792
0.882091
1.04236
1.24093
1.22738
1.28018
1.37971
1.32784
1.39465
1.55585
1.48857
1.63015
1.94507
1.68762
1.58436
1.68996
1.77266
1.76331
1.41429
1.57221
1.61473
1.55212
1.81378
1.53297
1.53437
1.74229
1.63061
1.78247
1.92778
1.94133
1.96983
2.07216
2.41092
2.69079
2.63145
2.94357
3.33606
3.30381
3.55753
3.80143
3.86498
3.78975
3.71873
3.85142
3.779
3.82152
3.75003
3.43231
3.2398
3.07487
2.78844
2.31186
2.10019
1.70631
1.04236
0.698933
0.473253
0.25318
-0.336948
-0.931282
-1.0593
-1.49804
-1.84614
-1.89474
-2.55449
-2.88062
-2.91146
-3.19648
-3.28338
-3.52588
-3.60485
-3.6511
-3.74175
-3.73334
-3.93146
-3.95855
-3.83894
-4.05714
-4.24871
-4.0436
-4.10106
-4.14264
-4.04125
-4.17582
-4.15526
-4.06462
-3.9137
-3.97491
-3.99967
-3.60065
-3.34833
-3.24741
-2.89464
-2.5372
-2.55682
-2.08864
-1.5144
-1.36956
-1.00978
-0.60795
-0.233687
-0.0925791
0.317193
0.933487
0.986755
1.21477
1.77266
1.96003
2.03198
2.32821
2.48146
2.50063
2.66042
2.84311
2.89872
2.9973
3.13
3.04309
2.96039
3.03795
3.04076
2.8062
2.64968
2.65247
2.28569
2.08898
2.11842
1.6951
1.22412
0.890034
0.650805
0.285422
-0.062208
-0.397689
-1.08454
-1.33591
-1.33311
-1.74755
-2.08304
-2.13677
-2.33068
-2.68998
-2.82222
-2.77315
-3.05911
-3.39412
-3.27965
-3.49505
-3.62261
-3.29366
-3.20956
-3.22918
-3.28385
-3.082
-2.80633
-2.7554
-2.43347
-2.34516
-2.45823
-1.92137
-1.62233
-1.52001
-1.2149
-0.912123
-0.55188
-0.400026
0.102729
0.504558
0.656879
0.897976
1.13253
1.43297
1.57921
1.83854
1.98105
2.07263
2.27448
2.24504
2.36092
2.54361
2.36092
2.3768
2.41045
2.49595
2.59968
2.424
2.69687
2.56884
2.22495
2.29971
2.23523
1.94788
1.77546
1.66145
1.39465
1.49231
1.32598
1.1045
0.973671
0.89564
1.06198
0.77883
0.714351
0.709212
0.480729
0.572775
0.735843
0.703137
0.550815
0.669029
0.939563
0.859665
0.959653
1.27504
1.32504
1.32317
1.3984
1.80023
1.96422
2.28429
2.58519
2.30999
2.62024
2.95011
3.09589
3.27719
3.38372
3.45474
3.65565
3.94955
4.13691
4.34016
4.23643
4.47006
4.34203
4.19205
4.54388
4.23129
3.99767
3.85703
3.61547
3.46548
3.30802
3.24447
2.95852
2.34129
2.15393
1.91096
1.31803
1.1045
0.528856
-0.252377
-0.685045
-0.870072
-1.48871
-2.23022
-2.63766
-3.22872
-3.72773
-4.3515
-4.80473
-5.46027
-6.10507
-6.46625
-7.23113
-7.5596
-7.97264
-8.59501
-9.03655
-9.42016
-9.5851
-10.0935
-10.3416
-10.4192
-10.8509
-10.8686
-10.7611
-10.7868
-10.7542
-10.6336
-10.2943
-10.2238
-10.0285
-9.49352
-9.3683
-9.06273
-8.54735
-8.2072
-7.63762
-7.07927
-6.66389
-6.23636
-5.57942
-4.71128
-4.28469
-3.95482
-3.04649
-2.36945
-2.06715
-1.38264
-0.67056
-0.130426
0.409241
0.867139
1.36242
1.80817
2.45717
2.79125
2.7819
3.4253
3.75144
3.95749
4.42566
4.70134
4.98496
4.97047
5.44146
5.85871
5.55873
5.68068
5.94514
5.81338
5.87786
6.10307
6.03859
5.87132
5.72553
5.79562
5.55453
5.30408
5.45361
4.95739
4.62986
4.76488
4.51164
4.35605
4.35184
4.04112
3.74396
3.71498
3.79863
3.72154
3.32484
3.27204
3.23139
3.03655
3.10804
2.96366
2.88096
2.88423
2.81367
2.75901
2.7235
2.79592
2.61042
2.36232
2.46979
2.49782
2.20673
2.0974
2.16188
1.89834
1.63295
1.72827
1.57828
1.347
1.44792
1.32457
1.05544
1.07413
1.08487
0.860131
0.631648
0.482131
0.273273
-0.0168856
-0.122015
-0.48413
-0.932683
-0.948102
-1.13407
-1.2476
-1.49431
-1.67513
-1.58682
-1.90502
-2.01295
-2.12883
-2.34797
-2.45497
-2.68064
-2.76895
-2.81147
-2.81007
-2.85539
-2.88015
-2.83577
-2.77969
-2.72503
-2.72737
-2.59654
-2.6783
-2.71942
-2.42646
-2.46665
-2.48673
-2.25966
-2.22601
-2.05267
-1.71018
-1.4602
-1.43404
-1.39806
-0.982214
-0.736441
-0.722425
-0.39442
-0.0995885
-0.191168
-0.190233
0.0681528
0.112072
0.0088128
-0.0626758
-0.165003
-0.19257
-0.128557
0.0924488
0.0218947
0.0186253
0.321866
0.0125501
-0.0453876
0.301307
0.300373
0.299438
0.147116
0.0148871
0.155528
0.23636
0.271871
0.286356
0.0826372
0.199914
0.445686
0.14992
0.18216
0.168142
-0.0696846
0.0807682
-0.0234277
0.0438567
0.0714233
0.0597425
0.422791
0.307382
0.325138
0.705005
0.722293
0.839572
1.14421
1.1101
1.27083
1.5353
1.41942
1.28579
1.24841
1.40774
1.39559
1.18112
1.15169
1.09469
0.97694
1.11992
1.09142
0.89751
0.918068
0.920873
0.936759
0.804529
0.732106
0.601277
0.565767
0.543806
0.367657
0.458768
0.447555
0.483533
0.193841
0.177488
0.465777
0.138706
0.22468
0.245238
0.165339
0.306914
0.233088
0.541003
0.563898
0.593801
0.802192
0.575111
0.926013
1.11664
1.11057
1.2143
1.16758
1.54465
1.62687
1.73715
1.9689
2.04553
2.07964
2.32401
2.5936
2.41839
2.56931
2.66743
2.6992
2.74779
2.87582
3.14869
3.14495
3.15523
3.2697
3.39913
3.31363
3.41689
3.2898
3.03094
3.07299
2.90198
2.84872
2.56137
2.07357
1.83153
1.44839
1.1545
0.862466
0.214867
-0.132762
-0.483195
-0.83503
-1.04529
-1.46814
-1.62701
-1.93492
-2.20172
-2.43674
-2.6456
-2.61149
-2.96005
-3.19367
-3.36469
-3.4502
-3.49178
-3.76091
-3.60812
-3.90155
-4.17582
-3.95388
-4.3174
-4.33095
-4.48234
-4.65428
-4.35244
-4.60522
-4.56877
-4.37113
-4.38982
-4.30898
-4.22395
-4.00668
-3.80296
-3.75063
-3.6184
-3.30581
-3.12079
-2.87454
-2.67269
-2.52085
-2.05921
-1.74289
-1.54197
-1.18686
-0.897641
-0.680839
-0.464505
-0.140238
0.332612
0.471384
0.548479
1.0802
1.21944
1.21009
1.55726
1.72219
1.76425
1.71612
1.80724
2.09879
2.2885
2.47026
2.41418
2.20907
2.50857
2.86134
2.72817
2.69219
2.6464
2.53894
2.60155
2.42867
2.45343
2.36326
2.19037
2.25205
1.78294
1.73621
1.85022
1.41615
1.17926
0.857327
0.487271
0.394288
0.26346
-0.0701513
-0.356572
-0.652805
-0.787837
-1.00277
-1.44011
-1.37142
-1.60504
-2.00827
-1.99613
-2.20265
-2.2447
-2.36152
-2.51804
-2.47926
-2.61383
-2.51804
-2.48206
-2.67176
-2.54281
-2.41338
-2.55355
-2.39469
-2.16807
-2.34002
-2.22508
-1.95314
-2.01342
-2.04378
-2.09425
-2.0265
-1.91997
-1.94427
-1.58216
-1.43404
-1.44245
-1.21023
-1.13593
-0.848112
-0.63178
-0.535994
-0.53646
-0.476653
-0.112672
0.032174
0.11114
0.312053
0.610156
0.503622
0.792381
1.32691
1.09095
1.3199
1.59136
1.53997
1.51661
1.63855
1.88666
1.77079
1.80724
1.85769
1.83947
1.96703
2.06375
1.90723
1.62221
1.83574
2.03805
1.93666
1.93106
1.9362
1.96983
1.84228
1.84555
1.96189
1.7264
1.68902
1.72172
1.60351
1.68949
1.81238
1.81657
1.79041
1.80443
1.83386
1.86423
2.04553
2.10113
1.91143
1.88152
2.10347
2.20626
2.11888
2.32447
2.25438
2.15113
2.47586
2.54361
2.54641
2.55809
2.67211
2.74453
2.82816
3.14542
3.14215
3.14495
3.39492
3.34867
3.27765
3.43932
3.48744
3.32578
3.24962
3.4524
3.37858
3.14028
3.09168
3.01786
2.81648
2.61089
2.52118
2.25252
2.08571
1.80256
1.38998
1.22084
1.03535
0.885361
0.410643
0.113942
-0.0150165
-0.438807
-0.623835
-0.891098
-1.42843
-1.89894
-1.91296
-2.05313
-2.58065
-2.75914
-2.82175
-2.99042
-3.19881
-3.30721
-3.38384
-3.63381
-3.55859
-3.60812
-3.8894
-3.59271
-3.44832
-3.58196
-3.55719
-3.22918
-2.95631
-2.90632
-2.55962
-2.37506
-2.24237
-2.11154
-1.67187
-1.24481
-1.23125
-0.712145
-0.454693
-0.247237
0.338219
0.617632
0.774624
0.928815
1.43905
1.86004
1.99787
2.41232
2.68612
2.64968
2.8562
3.28373
3.1828
3.21504
3.48511
3.26504
3.28887
3.44211
3.47296
3.36643
3.15897
3.19121
2.93048
2.65154
2.69547
2.37541
2.03945
1.79321
1.41241
1.22598
1.06805
0.939563
0.438209
0.230286
0.324201
-0.0407147
-0.275272
-0.567767
-0.58225
-0.942497
-1.17425
-1.028
-1.6513
-1.71157
-1.66438
-1.99146
-2.18817
-2.20358
-2.1835
-2.5185
-2.47505
-2.46151
-2.56711
-2.35731
-2.29517
-2.50636
-2.60495
-2.23022
-2.07556
-2.2732
-2.22555
-2.11527
-2.16013
-2.06575
-1.86063
-1.9181
-1.89474
-1.63589
-1.58402
-1.56159
-1.38825
-1.3018
-1.37142
-1.42656
-1.23546
-1.17705
-1.29526
-1.0294
-1.02427
-1.2476
-1.05978
-0.919133
-0.876614
-0.974269
-0.794848
-0.679437
-0.879418
-0.546739
-0.418248
-0.550011
-0.551413
-0.34676
-0.243032
-0.358909
-0.0243613
-0.123885
-0.321528
-0.0505274
0.00741133
0.114409
0.170011
0.200383
0.195244
0.151322
0.383075
0.4298
0.220474
0.29757
0.423724
0.220474
0.273739
0.506894
0.57184
0.549415
0.512034
0.655945
0.6195
0.757336
0.962924
0.781166
0.766215
0.919937
1.07273
0.9704
1.06665
1.15869
0.877419
1.19468
1.31476
1.10496
1.1615
1.08348
1.11198
1.14561
1.11664
1.0802
0.916199
0.921339
1.05123
0.804061
0.744254
0.799856
0.466712
0.404101
0.438677
0.39756
0.236829
0.0863754
0.07189
-0.218735
-0.400494
-0.408436
-0.671962
-0.965858
-1.14808
-1.39339
-1.60832
-1.69476
-1.85408
-2.28442
-2.51291
-2.49094
-2.72456
-2.97267
-3.04556
-3.30441
-3.6469
-3.63476
-3.63381
-3.72866
-3.77119
-3.87585
-3.95995
-3.82072
-3.66232
-3.77446
-3.80576
-3.66839
-3.32731
-3.37543
-3.25909
-2.6984
-2.67083
-2.48066
-2.36992
-2.08257
-1.67654
-1.62374
-1.18219
-1.1663
-1.09949
-0.530388
-0.332742
-0.205185
0.06348
0.298505
0.455496
0.814809
1.133
1.2372
1.43998
1.52034
1.88386
2.22869
2.28382
2.72116
2.64733
2.82583
3.36455
3.15243
3.43651
3.57342
3.52155
3.71966
3.68976
3.98085
3.97712
3.99907
4.13738
3.84862
3.88834
4.00048
3.81171
3.69396
3.5893
3.44492
3.30942
3.20943
3.16458
2.90619
2.69126
2.71695
2.67724
2.3198
1.97965
1.87031
1.54137
1.35214
1.23579
0.993767
0.672767
0.448956
0.357844
0.0546028
-0.198644
-0.636452
-0.9182
-1.09295
-1.44105
-1.7541
-2.03445
-2.11948
-2.55729
-2.96706
-3.17452
-3.33525
-3.38197
-3.84688
-4.24498
-4.44588
-4.42019
-4.35852
-4.85566
-4.9935
-4.98836
-5.08181
-5.07339
-5.15142
-4.93089
-5.14442
-5.24487
-5.00798
-4.94303
-4.84772
-4.69913
-4.3772
-4.47018
-4.3202
-4.00714
-3.92911
-3.6483
-3.6754
-3.56467
-3.22451
-3.09415
-2.79839
-2.67457
-2.54654
-2.2447
-2.11107
-1.79662
-1.55084
-1.40554
-1.29526
-1.06444
-0.861195
-0.528518
-0.291625
-0.320127
0.190104
0.23636
0.408306
0.768084
0.725098
1.06619
1.03442
1.03628
1.44885
1.49558
1.62875
1.87779
1.86797
2.11608
2.1259
2.1586
2.49828
2.38989
2.46277
2.61463
2.72491
3.04963
3.01973
2.90058
3.22298
3.33558
3.31783
3.45987
3.25943
3.33558
3.46829
3.43745
3.50706
3.36082
3.47669
3.62948
3.49538
3.51969
3.56407
3.33232
3.30709
3.20102
2.9632
3.09729
2.98515
2.81601
2.71602
2.51184
2.56464
2.44129
2.02263
1.91797
1.63436
1.3442
1.3213
1.1017
0.980212
0.549881
0.283551
0.231688
0.034511
-0.0841691
-0.512632
-0.733638
-0.977539
-1.21256
-1.45226
-1.77138
-1.6499
-2.03678
-2.27881
-2.24517
-2.50916
-2.4844
-2.76288
-2.92408
-3.1007
-3.32964
-3.18292
-3.40113
-3.47542
-3.35768
-3.41374
-3.50252
-3.40627
-3.24647
-3.27358
-3.24647
-3.11845
-2.83296
-2.74792
-2.54374
-2.3288
-2.39749
-2.05734
-1.71345
-1.58262
-1.57281
-1.36442
-1.01819
-0.930814
-0.757467
-0.493941
-0.246303
-0.137903
0.108803
0.272338
0.465309
0.810136
0.743787
0.888166
1.15496
1.25308
1.43484
1.61893
1.61286
1.60304
1.88199
1.96189
1.92871
1.84835
1.82499
1.96003
1.84415
1.832
1.7521
1.56287
1.57735
1.45774
1.28672
1.28953
1.25308
0.999837
0.775093
0.719958
0.781166
0.640525
0.524182
0.62978
0.422791
0.458301
0.58539
0.415314
0.491475
0.284487
0.113008
0.228417
0.229351
0.436341
0.253648
0.1331
0.548946
0.42139
0.26346
0.662953
0.573711
0.309719
0.475589
0.465309
0.555955
0.411576
0.308784
0.298036
-0.0453876
0.122819
0.0162883
-0.154255
-0.179019
-0.41451
-0.416845
-0.621033
-0.65
-0.58085
-0.801856
-0.862598
-0.871941
-0.911658
-0.849047
-0.93502
-1.12052
-1.1878
-1.01399
-0.885958
-0.933152
-0.85699
-0.876614
-0.749524
-0.648599
-0.578513
-0.342555
-0.441142
-0.314988
-0.196308
-0.0897764
0.264862
0.200383
0.457835
0.768084
0.712483
0.902182
1.15496
1.46428
1.47363
1.34373
1.65305
1.8605
1.8932
2.15299
2.24084
2.20907
2.53987
2.76649
2.78984
2.75854
2.8903
3.12766
2.95712
3.13327
3.3225
3.13421
3.20382
3.31129
3.1571
3.0501
3.2613
3.05056
2.73145
2.83049
2.99122
2.82069
2.57445
2.63145
2.45203
2.24458
2.33569
2.21233
1.79416
1.77079
1.60071
1.09609
1.08674
1.14188
0.795183
0.4298
0.296168
0.215334
0.127493
-0.11454
-0.311716
-0.683176
-0.931748
-0.657477
-0.868204
-1.27751
-1.30929
-1.33031
-1.64429
-1.78026
-1.63168
-1.77512
-1.97371
-2.00173
-1.92557
-1.95454
-1.77699
-1.61346
-1.79662
-1.6186
-1.42516
-1.52047
-1.25135
-0.974736
-1.08547
-1.2177
-1.1023
-0.659812
-0.715416
-0.763541
-0.525246
-0.561693
-0.399559
-0.383206
-0.30611
-0.436003
-0.428059
-0.137434
-0.452356
-0.267328
0.0139525
-0.22107
-0.0794972
-0.0285674
-0.0729552
0.0728246
-0.00800863
0.103663
0.0658167
0.0396506
0.319529
0.176087
0.106
0.237762
0.18029
0.117214
0.399428
0.389616
0.0774975
0.134968
0.225615
0.284019
0.20599
0.375599
0.424658
0.00367313
0.200849
0.413444
0.128428
0.0209601
-0.00473714
-0.109401
-0.186028
-0.112672
-0.22107
-0.316388
-0.199579
-0.273403
-0.420585
-0.325267
-0.107064
-0.395352
-0.415911
-0.160331
-0.321996
-0.366851
-0.29256
-0.194438
-0.467776
-0.556553
-0.284149
-0.395352
-0.556553
-0.629443
-0.759804
-0.909788
-0.769615
-0.685511
-1.01678
-1.24527
-1.03361
-1.03501
-1.40367
-1.31536
-1.41815
-1.61206
-1.57001
-1.66812
-1.57702
-1.58216
-1.45787
-1.52561
-1.83914
-1.58916
-1.31769
-1.43497
-1.4331
-1.26163
-1.29153
-1.07145
-0.812603
-0.750458
-0.617294
-0.504688
-0.235556
-0.136967
0.0812349
0.371395
0.33448
0.508296
0.841441
1.08394
1.20542
1.52315
1.68342
1.65258
2.10767
2.36792
2.28242
2.40063
2.67257
2.83938
2.84171
3.17439
3.39072
3.29073
3.61734
3.71498
3.75891
4.03365
4.20746
4.33923
4.25699
4.48688
4.6392
4.66023
4.68685
4.63686
4.64901
4.49201
4.66863
4.66163
4.3397
4.27755
4.19812
4.02431
4.03786
3.98599
3.48791
3.27251
3.33558
3.02908
2.60108
2.31139
2.06842
1.60539
1.24327
1.17645
0.835835
0.620902
0.369991
-0.0650118
-0.287886
-0.459365
-0.42993
-0.981744
-1.40273
-1.36768
-1.8111
-1.8882
-2.00875
-2.27881
-2.52458
-2.75167
-2.62177
-2.81801
-2.88623
-2.77876
-3.02733
-3.26423
-3.04229
-2.76942
-2.90819
-2.89043
-2.74372
-2.66336
-2.52552
-2.38955
-2.37553
-2.2662
-2.03818
-1.92791
-1.97697
-1.70878
-1.26022
-1.32657
-1.15976
-0.879884
-0.78924
-0.632246
-0.430864
-0.250975
-0.358441
-0.0827667
0.175153
0.0382495
0.141509
0.249911
0.307849
0.359246
0.510632
0.419052
0.147584
0.201318
0.0840397
0.0835718
-0.0696846
-0.236958
-0.174348
-0.633647
-0.648132
-0.701865
-1.02333
-1.08781
-1.41908
-1.58169
-1.66205
-1.63075
-1.80549
-1.95501
-1.99566
-2.36526
-2.30357
-2.30264
-2.43674
-2.76007
-2.99089
-2.78343
-3.0264
-3.01192
-2.9423
-3.0764
-3.01425
-3.17265
-3.05116
-2.97034
-3.13854
-3.0507
-3.20863
-3.31376
-3.00257
-3.03715
-3.27218
-3.1647
-3.03108
-3.07827
-3.13621
-3.01425
-3.01239
-3.13107
-3.06752
-3.06565
-2.98622
-2.89697
-2.9423
-3.04509
-3.07546
-2.94323
-2.97921
-3.09135
-3.04976
-3.11985
-3.38852
-3.15816
-2.92641
-3.23526
-3.23012
-3.19788
-3.22965
-3.17172
-3.19461
-3.18947
-3.38572
-3.35908
-3.31516
-3.31095
-3.13668
-3.04229
-2.7853
-2.90586
-2.77362
-2.42179
-2.3816
-2.08444
-2.05407
-1.95501
-1.68027
-1.34292
-0.99156
-0.959784
-0.658877
-0.230417
-0.0766925
0.120017
0.541003
0.811538
0.961522
1.39139
1.63622
1.90069
2.35251
2.44129
2.90526
3.2697
3.35007
3.73602
3.76078
4.00842
4.30465
4.37007
4.70835
4.77703
4.7789
5.06392
5.12653
5.1312
5.23306
5.1812
5.23634
5.11999
5.05038
5.26904
5.15831
5.16531
5.08729
4.78077
4.94851
4.86254
4.7233
4.61537
4.31166
4.21914
3.94815
3.99534
3.89721
3.59304
3.42296
3.35801
3.4781
3.06552
3.0272
2.86321
2.49314
2.51885
2.30765
2.22869
2.07871
2.0301
1.8862
1.62454
1.60679
1.61099
1.5624
1.34653
1.16758
1.10356
1.17693
1.13581
1.03161
0.842375
0.669496
0.712014
0.636321
0.465777
0.289626
0.224211
0.0443237
-0.12622
-0.236489
-0.407502
-0.386475
-0.659346
-0.863998
-0.786903
-1.01445
-1.26723
-1.53309
-1.58169
-1.66906
-1.99894
-2.03584
-2.07182
-2.19564
-2.38721
-2.6241
-2.74278
-2.78997
-3.05817
-3.22685
-3.29927
-3.54131
-3.39132
-3.4586
-3.62634
-3.63849
-3.68756
-3.4502
-3.62915
-3.59036
-3.41702
-3.66092
-3.38525
-3.28993
-3.32778
-3.14461
-3.12125
-2.95866
-2.83623
-2.66008
-2.51291
-2.42365
-2.3475
-2.26339
-1.96156
-1.87091
-1.58402
-1.23219
-1.33966
-1.22564
-0.877549
-0.56543
-0.408903
-0.407502
-0.299569
-0.113606
0.233088
0.498017
0.503622
0.690988
0.949374
0.996562
1.08487
1.33719
1.40166
1.39046
1.46614
1.45446
1.58856
1.6166
1.68949
1.71472
1.55445
1.80349
1.85115
1.68996
1.55539
1.4554
1.35914
1.20636
1.30588
1.16991
1.026
0.940497
0.818547
0.647068
0.478861
0.647068
0.342891
-0.0295019
0.056471
-0.00800863
-0.0832345
-0.169208
-0.279009
-0.352834
-0.413576
-0.367786
-0.50936
-0.572905
-0.361712
-0.41124
-0.548609
-0.310316
-0.0201562
-0.129025
-0.0659464
0.271403
0.26346
0.374665
0.529789
0.566234
0.666225
0.74145
1.00591
1.01152
1.19748
1.4311
1.31289
1.52408
1.62547
1.76331
1.81284
1.73154
1.91517
1.85349
2.01002
2.3212
2.15813
2.0516
2.28569
2.39596
2.27868
2.39643
2.49875
2.25485
2.14085
2.33195
2.40717
2.13617
2.16701
2.27074
2.01095
2.08104
2.06562
1.74836
1.55819
1.49371
1.38344
1.23532
1.24981
1.19001
0.944701
0.720892
0.715751
0.491942
0.322801
0.403633
0.111606
-0.239295
-0.162199
-0.0168856
-0.178085
-0.214996
-0.321062
-0.343956
-0.289288
-0.13136
-0.121549
-0.481327
-0.148182
-0.114072
-0.386475
-0.345825
-0.0332392
-0.0481913
-0.486933
-0.122951
-0.127155
-0.320595
-0.279009
-0.337881
-0.465439
-0.625238
-0.414977
-0.545339
-0.661683
-0.575242
-0.745786
-1.03081
-1.02333
-0.864933
-1.25742
-1.53029
-1.41161
-1.51393
-1.68401
-1.79055
-1.70644
-1.92978
-2.17975
-1.97464
-2.13397
-2.20265
-2.27788
-2.44422
-2.51898
-2.4559
-2.37506
-2.73203
-2.63205
-2.46571
-2.59747
-2.6255
-2.5372
-2.6456
-2.82315
-2.61896
-2.63064
-2.75493
-2.64981
-2.44936
-2.58439
-2.5956
-2.35497
-2.30031
-2.17041
-2.06248
-2.06248
-2.04893
-1.47468
-1.22331
-1.37703
-1.19434
-0.931748
-0.538797
-0.563094
-0.235556
0.1331
-0.00847534
0.353638
0.620435
0.744721
1.08955
1.42737
1.58623
1.61286
1.90349
2.24598
2.39316
2.41652
2.53614
2.55809
2.531
2.9716
2.93656
2.69453
2.866
2.70762
2.73098
2.70762
2.51791
2.43988
2.13244
2.13945
2.11141
1.73901
1.65865
1.51568
1.17505
0.997964
0.784437
0.608287
0.372328
0.00273858
-0.200514
-0.436938
-0.443947
-0.43834
-0.927077
-1.01678
-0.925674
-1.16537
-1.32704
-1.37189
-1.47702
-1.81905
-1.80176
-1.7541
-1.93632
-1.8639
-1.9181
-2.09239
-2.06809
-1.95642
-1.98025
-2.04052
-2.05453
-1.93539
-1.96529
-1.82231
-1.61486
-1.75269
-1.5644
-1.41208
-1.27143
-1.20275
-1.07379
-0.71635
-0.813068
-0.682709
-0.348627
-0.27714
-0.111737
0.200383
0.285888
0.311119
0.712014
0.899379
0.781633
0.875082
1.12039
1.19795
1.43717
1.78013
1.68481
1.75163
2.09926
2.30018
2.37774
2.44783
2.61603
2.66696
2.69453
2.83657
2.86741
2.94451
3.12253
3.15476
2.96693
3.11505
3.55192
3.38184
3.36596
3.39727
3.15616
3.44025
3.43418
3.344
3.26597
3.10757
3.38325
3.06271
2.87115
3.0716
2.78891
2.68798
2.61463
2.62071
2.57398
2.46371
2.49128
2.21
2.11515
2.22495
2.11702
1.74976
1.68621
1.73808
1.39279
1.30121
1.27598
1.12039
0.947972
0.806398
0.745188
0.653142
0.624639
0.321398
0.0307728
0.0770306
-0.0379119
-0.292093
-0.435068
-0.536928
-0.762606
-0.958848
-1.02847
-1.12098
-1.37376
-1.5686
-1.6415
-1.78634
-1.85128
-1.98819
-2.11761
-2.31246
-2.38814
-2.35918
-2.60402
-2.61289
-2.59794
-2.82829
-2.93949
-2.70027
-2.71522
-2.87689
-2.74138
-2.85166
-2.90679
-2.83437
-2.65447
-2.85773
-3.09649
-2.77643
-2.87595
-2.76007
-2.63859
-2.72644
-2.4858
-2.47365
-2.36712
-2.30451
-2.16107
-1.8924
-2.01295
-2.0279
-1.69429
-1.37517
-1.32797
-1.24106
-1.12285
-1.04061
-0.798585
-0.539732
-0.402363
-0.52478
-0.351899
0.0644155
0.119082
0.249911
0.574644
0.613893
0.608755
