-1.76356E-4
-1.758861E-4
-1.763377E-4
-1.760774E-4
-1.76368E-4
-1.7595689999999996E-4
-1.7607939999999997E-4
-1.7589689999999997E-4
-1.7542249999999998E-4
-1.750774E-4
-1.735086E-4
-1.616099E-4
-1.283995E-4
-1.261166E-4
-1.275712E-4
-1.264084E-4
-1.267384E-4
-1.258444E-4
-1.254656E-4
-1.2434019999999998E-4
-1.232062E-4
-1.218623E-4
-1.2167809999999999E-4
-1.1888419999999998E-4
-1.1975499999999998E-4
-1.2163689999999998E-4
-1.6013279999999998E-4
-1.8114179999999998E-4
-1.698111E-4
-1.706716E-4
-1.622974E-4
-1.637354E-4
-1.5499249999999996E-4
-1.5703169999999996E-4
-1.471903E-4
-1.49856E-4
-1.388941E-4
-1.4221849999999998E-4
-1.3010989999999998E-4
-1.3411089999999998E-4
-1.200562E-4
-1.240035E-4
-1.111891E-4
-1.133878E-4
-1.043913E-4
-9.886411999999999E-5
-9.987403999999999E-5
-5.473213999999999E-5
-2.2923589999999998E-5
-4.7694489999999996E-4
-0.002868526
-0.0026097119999999997
6.31098E-4
9.791618E-5
3.913352999999999E-4
9.409665999999998E-5
-4.867375999999999E-5
-0.001739526
6.076769999999999E-7
4.965622E-4
2.1179169999999996E-4
2.57367E-4
2.559237E-4
2.3406479999999998E-4
2.481887E-4
1.2320679999999997E-4
1.5326999999999997E-4
2.2775449999999996E-5
1.4596529999999998E-4
3.199956E-6
-8.554028999999999E-4
-0.0037986909999999994
-0.002251363
7.344924999999998E-4
3.661334E-4
4.813369E-4
3.768809E-4
3.8350099999999996E-4
3.117822E-4
3.8130999999999994E-4
1.754974E-4
-3.3309679999999996E-4
7.512634E-4
0.0030918859999999994
0.0018435169999999998
3.370613E-4
2.582313E-4
1.6614089999999996E-4
2.193743E-4
3.9379879999999995E-4
0.002016714
0.0030583899999999994
0.0025904699999999997
2.4045509999999997E-4
-2.099236E-4
-1.237577E-5
-2.9241879999999997E-5
5.038742E-4
0.0014563699999999998
8.861103999999999E-4
-3.250193E-4
-1.8558899999999997E-4
-1.310273E-4
5.7603639999999995E-5
0.0017202599999999997
0.0034117419999999997
0.003993798
0.002004044
0.001301118
-1.037807E-4
-0.0010084469999999998
-6.586199E-4
-7.480533999999999E-4
-4.673579E-4
8.519465E-4
0.0017210349999999999
3.8472109999999994E-5
-0.001002925
-7.714991E-4
-7.327026E-4
2.3360729999999998E-4
0.0028206349999999997
0.0037266019999999994
0.0013892419999999997
-9.466736999999999E-4
-0.001081955
3.3410809999999996E-5
0.0014106979999999997
4.0665159999999994E-4
-0.0012254229999999998
-0.001107182
-9.876659999999999E-4
1.357153E-4
0.0014874129999999997
0.0016545999999999998
0.0013410269999999998
-7.989209E-4
-0.001404704
-0.001267428
-7.174066999999999E-4
4.2041089999999995E-4
9.374167E-4
5.465069999999999E-4
-0.0011640149999999998
-0.001620071
-0.001354785
-0.00142632
-0.0013800399999999997
-9.222080999999999E-4
8.976405999999999E-4
0.00271131
0.003604513
0.003550747
0.002398006
2.591168E-4
-0.0019085699999999998
-8.976226E-4
0.0017136509999999998
0.0028101279999999994
0.0024121459999999996
0.002443486
0.002944839
0.0042442999999999995
0.0027175269999999995
0.001514291
0.001674508
0.0014959969999999998
0.0013416779999999998
6.586680999999998E-5
-0.0019432489999999998
-0.002001591
4.3988709999999995E-4
3.537515E-4
-0.001096075
-0.0011471389999999997
-7.434912E-4
7.215224999999999E-4
0.0013551519999999999
0.0011684659999999997
0.0022404859999999994
8.695066999999998E-4
3.233441E-4
-0.00131143
-0.004298695
-0.003798225
-0.0013617849999999997
0.00106742
-0.00175615
-0.0028324949999999995
-4.1585919999999994E-4
7.109602999999998E-4
6.939551999999999E-4
4.52165E-4
4.834714E-4
3.2401929999999993E-4
-2.989839E-5
-0.0024397969999999996
-0.004278243
-0.004276539999999999
-0.003936874
-0.0032791139999999996
1.590123E-4
0.001018489
-2.7103949999999994E-4
-0.00122112
4.6705129999999995E-4
-9.078152999999998E-5
-1.6773339999999996E-4
-0.001356224
-3.3537519999999997E-4
0.00108072
5.448142999999999E-4
6.989460999999999E-4
5.474433E-4
5.549408E-4
5.008831E-4
4.385899E-4
3.227853E-4
-0.0010166
-0.002271111
-0.001811831
-6.163547E-4
6.94799E-4
2.6007449999999996E-4
4.264704E-4
2.3485739999999996E-4
3.304115E-4
1.2847869999999998E-4
-7.720773E-4
-0.0029250849999999996
-0.004034877
-0.002819903
6.378747E-4
4.893444E-4
5.677409999999999E-4
9.97769E-4
0.002636426
0.002347025
0.0016593929999999997
-1.764347E-4
-0.0016838679999999998
-0.003956624
-0.0019133499999999999
-0.0014172269999999999
3.39034E-4
-1.834014E-4
-0.0017429159999999997
-0.002049337
-6.520873E-4
4.88405E-4
-5.690560999999999E-4
-8.560398E-4
5.449627999999999E-4
-8.590949999999999E-4
-0.0033639339999999994
-0.004329165999999999
-0.0038404649999999995
-0.0018501049999999997
0.0013112979999999998
0.002365689
0.001560917
-2.5234419999999995E-4
-0.0025560919999999994
-0.004505395999999999
-0.0035562869999999996
-0.0034846269999999997
-1.9924109999999997E-4
0.001459828
9.235598999999999E-4
0.0010616219999999997
9.037509999999998E-4
9.555125999999999E-4
8.392163999999999E-4
8.773899999999999E-4
7.666713999999999E-4
3.7615289999999997E-4
-0.0018886559999999998
-0.0038629149999999998
-0.003636184
-0.003196329
-7.771963E-4
0.0017424139999999999
9.992920999999997E-4
-6.78454E-4
-0.0033022999999999998
-0.0030935909999999997
-0.002270611
0.001218902
0.001942798
0.00152154
0.0016203319999999997
0.00178486
0.003207879
0.003012452
0.001077764
0.0011235159999999998
9.000892999999999E-4
1.668777E-5
-0.0027618909999999994
-0.003659781
-0.004328690999999999
-0.004194265
-0.002377556
1.164942E-4
0.0022071259999999994
0.001614048
0.001832677
0.0015789999999999999
0.001679607
0.0014917129999999998
0.0015598459999999997
0.001512748
0.003022823
0.0034746729999999997
8.079321999999999E-4
0.001242884
9.292406999999999E-4
6.529533E-4
-0.001151071
-6.517654999999999E-4
-0.0011662599999999997
-0.0019155389999999997
-8.308648E-4
-4.8681779999999996E-4
0.0013581819999999999
0.001347873
0.0012423259999999998
0.0012280259999999997
9.937289E-4
2.2425039999999998E-4
-4.3492799999999995E-4
8.644195999999998E-5
-0.0024646389999999994
-0.0038148139999999997
-0.00315038
-0.0028178139999999996
-0.0023137259999999995
-0.00166653
0.0012902649999999999
-5.884301E-4
-0.0031817299999999994
-7.636847999999999E-4
0.002158382
0.0018267959999999999
0.001824698
0.0016864429999999997
0.001724833
0.001562979
0.001387105
-9.840211999999997E-4
-0.003293535
-0.0014014829999999998
0.00182709
0.0018207869999999997
0.001622404
0.0016356269999999997
0.001392951
-2.2276319999999997E-4
-0.0030360159999999995
-0.0029786929999999997
-0.0028637459999999995
-0.0026174609999999997
-0.0026565009999999995
-0.0023128079999999995
-0.0017881889999999997
5.450155E-4
-0.0015005969999999998
-0.001619145
0.0016358819999999997
0.002007941
-0.0015583519999999998
9.963154E-4
0.003046972
0.004810394999999999
0.006963992999999999
0.005120748
0.0018413349999999997
-8.140872999999999E-4
-0.002945188
-0.002936494
-0.002699887
-0.002594003
-0.002557438
-0.002417693
-0.0019198619999999998
0.0010722169999999999
0.002235678
-4.857493999999999E-4
0.00154655
0.002671017
0.0020854739999999995
0.002319463
0.002002496
0.0015511109999999998
-0.001722392
-0.002834655
-0.00223569
-0.0023335209999999994
-0.0020570909999999996
-0.0019067959999999999
5.046850999999999E-4
0.0031314539999999997
0.002482953
0.002731908
0.0037558679999999994
0.0037165789999999994
0.001664881
0.0011323459999999998
-0.0024600139999999995
-0.002448065
-0.0017435999999999999
0.0017621179999999998
0.0024485069999999995
0.002119899
0.0020700199999999997
0.002075649
0.0018772279999999999
0.001495568
-0.001473817
-0.003397116
-0.003048512
-0.0016125779999999997
0.0016300359999999999
0.0025256779999999995
0.0019088579999999998
0.001449922
-0.0017910919999999998
-0.002499628
-3.9567159999999993E-4
8.136563E-4
-0.002510511
-0.001565068
-0.0014851649999999999
-0.002027331
-0.0018772479999999998
-0.001654527
-5.751163E-4
0.0027980429999999996
0.0029676539999999997
0.0027875769999999994
0.0031745659999999998
0.0031418529999999996
0.002229213
0.0025909949999999996
0.0021485609999999994
0.001505184
-0.00187584
-0.00239406
-0.002247632
-0.0020496539999999997
-9.167134E-4
0.00261214
0.002593979
0.0025125099999999995
0.002295585
0.0014351679999999997
-6.292458999999999E-4
0.002240672
0.0023554679999999995
0.002207956
0.003180819
0.005604580999999999
0.005369219999999999
0.0017475329999999997
-6.558762999999999E-4
-0.003225109
-0.0029591119999999994
-0.0018773019999999997
0.0020381589999999995
0.005932195999999999
0.006308334
0.005688542
0.005633999
0.004441977999999999
0.0023736039999999996
5.808714E-4
-0.001296853
-0.004444999
-0.004952336
-0.005921627999999999
-0.0036346449999999997
-6.987425999999999E-4
0.0011723599999999997
0.0029029649999999995
0.005408515
0.002379223
4.412859E-4
6.522155E-4
3.0400959999999993E-4
-0.0022343479999999997
-0.003464053
-1.971261E-4
-1.057157E-4
-0.0034222489999999996
-0.003965592999999999
-0.003422078
-0.001426427
0.001567544
0.001019685
0.001162451
0.0010047549999999998
0.001150781
9.382492999999999E-4
0.001055417
8.222720999999999E-4
6.118049999999999E-4
-0.002375436
-0.004084964
-0.0034326979999999997
-0.003428126
-0.003000862
-3.3944229999999996E-4
0.00197921
0.0013813589999999998
0.0014881889999999998
0.0013629809999999999
0.001267422
2.7858529999999997E-4
-0.002964161
-0.003410098
-0.002497792
6.588670999999999E-4
0.0019287859999999998
0.001387002
0.001596476
0.001353818
0.0012140229999999998
0.001142018
0.001149069
0.001155845
0.0010528859999999998
0.0010497159999999998
9.376537999999999E-4
9.531053999999999E-4
8.985208999999999E-4
0.0014535789999999998
0.0010962059999999997
5.045747E-4
7.491167E-4
5.068695E-4
7.204396999999999E-4
5.032258E-4
2.815306E-4
-0.002111002
-0.002966282
-0.0036737969999999995
-0.003957634
-0.003557049
-0.0035748349999999997
-0.003339522
-0.0031983819999999996
-0.0019463589999999997
6.914906999999999E-4
0.0018400539999999998
0.0018926919999999999
0.003624147
0.004825054
0.0034653979999999997
8.667057E-4
9.411725E-4
7.437853E-4
1.6267179999999998E-4
-0.001229638
5.543862E-4
0.0010176589999999998
0.002253662
0.0028149279999999995
0.001630133
2.2101249999999999E-4
1.9638199999999996E-4
-1.630255E-4
-0.0028096039999999994
-0.004410011
-0.0012656129999999999
9.792438E-4
0.001898235
0.002383941
4.1431449999999994E-4
1.071602E-4
7.364101E-5
-0.001968655
-0.00460997
-0.003606759
-5.37902E-4
8.26649E-4
2.8989159999999995E-4
4.972395E-4
2.772522E-4
-8.647522E-4
-0.002206915
-0.0018871579999999999
-0.003184269
-0.00416225
-0.0037468609999999998
-0.0037459419999999995
-0.003461578
-0.0027812999999999996
4.902759E-4
0.0029533469999999994
0.006160919
0.007555195
0.006154152
0.002556625
-1.3451809999999998E-4
-0.0015867089999999997
-0.00444194
-0.004152002
-0.002605457
-0.0038840479999999998
-0.003947807
-0.0034394929999999996
-4.467548999999999E-4
0.0013911849999999999
8.556467999999999E-4
0.002010725
0.004904307999999999
0.005134393999999999
0.004377923
0.001471498
-2.8004029999999995E-4
2.086979E-6
-0.001778795
-0.004369733999999999
-0.0015564629999999997
5.730688E-4
1.5538119999999997E-4
2.906886E-4
2.1026889999999998E-4
1.8670119999999996E-4
1.6152389999999996E-4
-5.238750999999999E-6
-0.0018717479999999997
-0.004842185999999999
-0.004177285
-0.0037097799999999998
-5.977585999999999E-4
5.285660999999999E-4
-0.0026608229999999997
-0.005597731999999999
-0.005935518999999999
-0.004588077999999999
-0.0032115509999999996
-0.0032667939999999995
-0.0017579379999999997
9.004569999999999E-4
0.001580012
0.00125227
4.8225509999999994E-4
-0.0021615529999999997
-0.0034232609999999995
-0.002751965
-0.001739978
-7.201112999999999E-4
-5.631607999999999E-5
0.0014196569999999997
0.0015735109999999999
-0.001106318
-0.0013164
0.0020586609999999994
0.0016228669999999998
8.803427999999999E-4
-0.0022683019999999994
-0.0025236119999999997
0.0010198379999999997
0.0030126569999999997
0.004478641999999999
0.002641222
8.892778999999999E-4
-8.246993999999998E-4
-0.0020904679999999994
0.003401173
0.005716599999999999
0.005497475999999999
0.002346484
5.188258E-4
4.513606E-4
-0.00242977
-0.004081232
-0.0034714849999999994
-0.003590736
-0.0033296329999999994
-0.0032852219999999995
-0.0030652759999999996
-0.0026775959999999995
-8.465476E-4
0.0010757269999999998
0.0031373789999999996
0.005709168999999999
0.004549529
-9.662549999999998E-4
-0.004175188999999999
-0.004993980999999999
-0.0033221499999999994
-4.996147999999999E-6
0.0020971469999999997
0.0015920479999999998
0.0016579239999999999
6.429477999999999E-4
-7.670550999999999E-4
-7.547095999999999E-4
-0.001579274
-0.003112546
-0.002640559
-0.001878066
0.001601079
0.0011920699999999997
-0.0022761579999999995
-0.002461471
-5.45702E-4
0.0013575319999999998
0.002412113
0.0021518989999999997
0.0021625269999999996
0.0027428279999999997
0.004187821
0.0037849809999999998
0.0023449889999999996
0.00101577
-0.0010518459999999997
-0.003060507
4.6498059999999997E-4
-0.001900289
-0.00329449
-0.002594515
-4.975506E-4
0.002214365
0.001795049
0.0018313659999999999
0.0017079659999999998
0.0016945669999999997
0.0016225359999999997
0.001578417
0.001523696
0.0014667759999999997
0.001422108
0.0013667679999999998
0.0013256409999999998
8.932328999999999E-4
-0.0018287389999999998
-0.0029768249999999994
0.0012327599999999998
0.0014935019999999999
0.0014474449999999997
0.002536747
0.005775274999999999
0.0053363
0.004781391
0.0015148369999999998
1.953531E-4
4.959952E-4
7.234752999999999E-4
9.020386999999999E-4
-3.8383549999999997E-4
-0.0036450779999999995
-0.005098253999999999
-0.00518746
-0.001473012
0.002090528
0.004489145
0.005155403
0.004572275999999999
0.004530744999999999
0.004257750999999999
0.0040941549999999995
0.0036411769999999998
6.426002999999999E-4
-0.005159018999999999
-0.009248021
-0.009501119999999998
-0.0069684529999999995
-0.002833271
2.6144149999999996E-4
9.217007999999999E-4
9.715454999999999E-4
-4.7988029999999996E-4
-0.003014828
-0.0021872339999999997
0.0025987949999999997
0.005190032
0.004775415
0.004407852
0.001836463
-0.002890275
-0.004885787999999999
-0.004555205
-0.004379251
-0.004290143999999999
-0.00413543
-0.004745844999999999
-0.005983732999999999
-0.005437656999999999
-0.003736671
-0.001106082
0.0030099949999999997
0.006136238999999999
0.0067640009999999995
0.006958065999999999
0.0033155549999999995
7.244694999999999E-4
0.0026130619999999998
0.0051387609999999995
0.004300097999999999
0.0031579429999999994
-2.748149E-4
-3.3092649999999995E-4
-3.360765999999999E-4
-2.2935369999999998E-4
-3.5623429999999997E-4
-2.896543E-4
-4.4026579999999996E-4
-9.559473999999999E-4
-0.004111931
-0.004709591
-0.0011324679999999998
4.6003419999999997E-4
1.576491E-4
0.0021322899999999994
0.004208986999999999
0.001968014
-6.84738E-4
-2.611705E-4
-3.61845E-4
6.198675E-4
0.004994895
0.008700358999999998
0.007983761999999998
0.007687041
0.0070511309999999995
0.004628602999999999
0.0018378539999999999
0.002311477
0.0018567079999999999
0.0019679829999999995
0.0025094099999999997
0.002653421
9.695034999999999E-4
0.001347091
0.001059571
0.0022182949999999995
0.003305635
0.004632699
0.001148125
-0.002617886
-0.004534584
-0.004001461
-0.00382004
-0.001464933
3.3169179999999995E-4
-0.0024119379999999998
-0.004011877
-0.002281153
4.961402999999999E-4
-0.0012615499999999997
-0.003227257
-0.004084150999999999
-0.0032463429999999996
-5.591617999999999E-4
7.696749E-4
-0.0014080749999999997
-3.6298489999999993E-4
7.567047999999999E-4
0.0013574109999999998
0.001252586
-0.0016303729999999998
-0.004431943
-0.007624131999999999
-0.008916196999999999
-0.007607432
-0.004934586
-0.0032064669999999997
-0.004142065
-0.007166886
-0.007687955999999999
-0.004431245
0.003502253
0.011250619999999998
0.01470776
0.01283463
0.0075723809999999996
0.0013710409999999997
-0.003994987
-0.0071164
-0.009192041
-0.008074214999999997
-0.008626890999999998
-0.00687507
-0.0036212099999999997
-0.0038389069999999995
-0.004646152
-0.002773367
-0.0019821409999999998
0.001521849
0.003890505
0.008664543999999998
0.011772119999999999
0.01181503
0.007448514
0.004281733
0.0035846789999999995
0.003738863
0.0033228429999999994
0.002239387
-0.0016160339999999997
-0.004895296
-0.006583008
-0.005931266999999999
-0.005183043
-0.005274867
-0.005145956999999999
-0.007216032
-0.009558178999999998
-0.008605841
-0.005354792
-0.0019443449999999999
4.415938E-4
-8.418624E-5
-0.0032396889999999996
-0.006968981
-0.010528649999999999
-0.009180875
-0.006793748
-0.007092071
-0.0071608159999999995
-0.008962651
-0.004647243
0.002126811
0.007128669999999999
0.009518408
0.01230945
0.015238449999999999
0.0189273
0.01920543
0.018145549999999996
0.014777329999999998
0.007857569
4.1131079999999997E-4
-0.006623634
-0.012319229999999999
-0.01767803
-0.024095459999999996
-0.02758208
-0.029397199999999995
-0.028401489999999998
-0.027048439999999997
-0.025451239999999997
-0.019569749999999997
-0.007644642999999999
0.0021955489999999998
0.009282172999999998
0.01530269
0.019845569999999996
0.023871039999999996
0.028307149999999996
0.030610889999999998
0.030967999999999996
0.02680443
0.01896088
0.011532059999999998
0.0064620219999999996
0.004033107
0.004612499
0.006017780999999999
0.008716422999999997
0.006216905
0.0027920199999999997
-0.0030559859999999997
-0.01161629
-0.01638401
-0.01595728
-0.012678989999999998
-0.012774099999999998
-0.010913469999999998
-0.009212965
-0.008648014
-0.006771959
-0.005884601999999999
-0.005821661999999999
-0.004373579
-4.8756829999999996E-4
0.0036213179999999997
0.008152735
0.01204606
0.010058989999999999
0.004532437
-5.392799999999998E-4
-0.002024455
0.0017518879999999998
0.007029658999999999
0.01175525
0.01329159
0.011839799999999998
0.01000744
0.009672248
0.008269272999999999
5.54041E-4
-0.01083368
-0.01965123
-0.02116704
-0.01367271
-0.0030324559999999998
0.005539829
0.007363651999999999
0.005846852999999999
0.00254036
0.002112273
0.0023859889999999994
0.002137882
0.0017303389999999998
-8.772631999999999E-4
-0.0018517049999999997
-0.0022759689999999996
-0.002886093
-0.005793964
-0.0034452069999999996
0.0036792569999999996
0.008059073
0.008655738
0.014637619999999999
0.02206859
0.0272094
0.02846301
0.02961309
0.025404459999999997
0.019235289999999995
0.01290279
0.008543074
0.009392229
0.011883249999999998
0.009322731
9.533850999999999E-4
-0.005935451999999999
-0.008840237
-0.006563061999999999
-4.181229E-4
0.0077654329999999995
0.013661989999999999
0.014759719999999999
0.012915309999999998
0.00712186
-0.004362098
-0.01680835
-0.01886392
-0.01472118
-0.006428602999999999
-1.016707E-4
0.0034172809999999994
0.006304656999999999
0.007973683
0.007298801
0.004575966999999999
0.0025892479999999997
0.002620168
9.674763999999999E-4
4.980163E-4
0.0019927629999999994
0.0018345879999999998
0.0038230299999999994
0.005395656999999999
0.001312903
-0.006479973
-0.015978049999999997
-0.02018993
-0.01999146
-0.01587379
-0.012497759999999998
-0.008387078
-0.006114506
-0.005682722999999999
-0.004946512
-0.005649113999999999
-0.007119335
-0.011343809999999998
-0.019469419999999998
-0.024560779999999997
-0.022910469999999995
-0.01791311
-0.014260989999999998
-0.01131565
-0.011805149999999999
-0.01478351
-0.014934609999999997
-0.014331089999999998
-0.0112161
-0.0066066399999999996
-0.001118081
0.0032626359999999997
0.005677195
0.005097551
0.002622783
-0.004382674999999999
-0.008521531999999998
-0.007944501
-0.005637794
-0.005850611999999999
-0.007740570999999999
-0.006644037999999999
-0.00492112
-1.531056E-4
0.002608862
0.002530957
9.308444E-4
-0.005334424
-0.01417397
-0.015212999999999999
-0.011093219999999999
-0.003652057
0.002390651
0.006064133
0.009800868
0.01290451
0.012700989999999999
0.010975229999999999
0.006931199
0.0033391529999999997
0.0019327349999999999
0.002089008
-0.001111834
-0.005311502
-0.008520639
-0.01066883
-0.009414406
-0.004232907
0.0013091619999999998
0.00247944
-0.0035973679999999997
-0.009295959
-0.013049419999999999
-0.012676099999999997
-0.009406316999999999
-0.006869906
-0.007892326
-0.010323359999999998
-0.0102476
-0.0064478569999999995
-0.003610598
-1.253765E-4
0.0038302769999999996
0.007122236
0.008830368
0.005142536
0.002667731
0.0035552189999999997
0.007659030999999999
0.012004089999999999
0.01234625
0.00814101
0.0035932949999999994
-0.0019277759999999998
-0.005945587999999999
-0.009253533
-0.009709575999999998
-0.008854574
-0.008597651999999999
-0.009275728999999998
-0.01187073
-0.01104135
-0.007406793
0.0029889679999999994
0.0110251
0.01639856
0.0178614
0.01608875
0.010823389999999999
0.004571033
0.001179177
4.414365E-4
-0.0030792619999999997
-0.0033165129999999997
-5.701557999999999E-4
0.008078914
0.01832343
0.023242779999999998
0.024896319999999996
0.02298146
0.01675758
0.008239044999999999
0.0029130089999999994
4.8418079999999996E-4
3.045527E-4
0.0031009479999999996
0.005996973
0.007072556999999999
0.002134165
-0.007948655
-0.014091359999999999
-0.01779233
-0.01687657
-0.012557459999999998
-0.011837109999999998
-0.008411808
-0.006696073
-0.0053597129999999995
-0.0019295609999999998
2.305829E-4
0.005094683
0.009723889999999999
0.011941389999999998
0.010883929999999998
0.007169773
0.004045001
0.002270675
0.0027690629999999996
0.001844103
4.039532E-4
0.001224265
8.644352999999999E-4
-0.003467611
-0.007381043999999999
-0.012124259999999998
-0.01415842
-0.013751209999999998
-0.01071335
-0.005810689999999999
0.0024265189999999994
0.013310479999999998
0.021773499999999998
0.030941239999999995
0.030999529999999997
0.02525166
0.014116289999999998
0.00770074
0.005697201
0.00859033
0.01007935
0.01024249
0.010973109999999998
0.01236866
0.01717
0.021364339999999996
0.02436926
0.02570024
0.023426809999999996
0.01765246
0.013673639999999999
0.01104011
0.010653319999999999
0.0073271429999999995
0.004798898
0.0015234299999999999
-0.003189638
-0.006172981
-0.005655473999999999
9.675663999999999E-4
0.007791439
0.007578401999999999
0.001099018
-7.747054E-4
3.671204E-4
0.0022963059999999997
8.842369999999998E-4
-0.001042077
-0.0028874559999999996
-0.004808659999999999
-0.006001117
-0.005325826999999999
4.539123999999999E-4
0.01140777
0.020230249999999998
0.02399869
0.023304509999999997
0.021618219999999997
0.017798269999999998
0.012537689999999999
0.007646907
0.003254454
-0.0011288499999999998
-0.0050057899999999995
-0.007218125999999999
-0.010473589999999998
-0.01338171
-0.0162847
-0.018439719999999996
-0.020930659999999997
-0.0240496
-0.02728245
-0.029206439999999997
-0.02792767
-0.02505382
-0.016868539999999998
-0.003185213
0.007866394
0.010633779999999999
0.009088985
0.0016679519999999999
-0.009704985
-0.01763563
-0.01703583
-0.008239787
0.0024838159999999994
0.006986414
0.002252146
-2.3843049999999996E-4
0.002460765
0.007086525999999999
0.006950353999999999
0.0023973929999999994
-9.60588E-4
-0.005546578
-0.006164229
-0.0016776669999999999
0.004818922
0.00782244
0.009487407
0.008695063
0.003928350999999999
-0.002670626
-0.007882639
-0.01018798
-0.010120869999999999
-0.009961227999999999
-0.009929079999999998
-0.01075381
-0.01587871
-0.02070851
-0.024595689999999996
-0.02656542
-0.023634749999999996
-0.01907773
-0.01630972
-0.019042
-0.020045249999999997
-0.02064909
-0.01663446
-0.01677148
-0.0196457
-0.02386908
-0.02181905
-0.0164445
-0.011934529999999999
-0.008527388999999998
-0.006932760999999999
-0.005371959999999999
-4.988423E-4
0.0036980989999999994
0.0057499199999999995
0.0018450999999999997
-0.0034986769999999995
-0.010178079999999999
-0.014423469999999999
-0.015338669999999999
-0.013495849999999998
-0.009232891
-0.005435934
-0.0037759979999999996
-0.0029086729999999996
4.586303E-4
0.004214659999999999
0.011217859999999998
0.017844039999999995
0.02095171
0.01627805
0.008963424999999999
0.0014332999999999998
-0.003634387
-0.007928198
-0.010204959999999999
-0.007958509
-0.004625386
-0.004778125999999999
-0.00536415
-0.010398789999999998
-0.01609424
-0.015006139999999998
-0.009730648999999997
-0.002285783
0.008758446999999999
0.019040619999999998
0.0275355
0.028663209999999998
0.02475776
0.018952219999999995
0.01627737
0.015202439999999998
0.010769789999999998
0.007065524999999999
0.005681029999999999
0.00894272
0.012886919999999998
0.014132799999999997
0.012972399999999999
0.010614419999999998
0.008009431
0.011453829999999998
0.011500229999999998
0.009470026
0.00387812
9.406573999999999E-4
0.001595584
0.004422512
0.005648810999999999
0.00642593
0.0128043
0.021638319999999996
0.02611301
0.022743669999999997
0.01440927
0.002718437
-0.0068831
-0.009123346
-0.005122338
4.403526E-4
0.0027639339999999996
0.004745671
0.001476373
-0.002578658
-0.007337986999999999
-0.009588035999999998
-0.008203314
-0.004888929999999999
-0.004053584999999999
-0.007003227999999999
-0.012520519999999999
-0.009954216
-0.003773075
-0.0029238569999999998
-0.0020485459999999996
0.002007143
0.005753474999999999
0.008169048
0.009971996999999998
0.01111734
0.011954839999999998
0.005280049999999999
-0.004408603999999999
-0.01389967
-0.017669119999999996
-0.02231309
-0.029183059999999997
-0.032544369999999996
-0.031138789999999996
-0.024770999999999998
-0.012014939999999998
0.0036336469999999994
0.01532554
0.022649429999999998
0.030905979999999996
0.038062839999999994
0.038520979999999996
0.03168462
0.01857843
0.0058886749999999995
1.783929E-4
-0.004510529
-0.01229129
-0.02093763
-0.02183833
-0.013867509999999998
8.127253999999998E-4
0.006738025999999999
0.004781473
-0.001233046
-0.00660405
-0.007858759
-0.007516212
-0.007185442
-0.007050123999999999
-0.008154102
-0.01102443
-0.0104915
-0.010686239999999998
-0.013732259999999998
-0.01746096
-0.01873483
-0.02185922
-0.02535992
-0.027960999999999996
-0.02797774
-0.024970089999999997
-0.01570062
-0.006809711999999999
0.002702429
0.013468719999999998
0.01978565
0.022081129999999997
0.029871689999999996
0.03970634
0.04869372
0.05457243999999999
0.05389676
0.05013793999999999
0.04961077
0.05046218
0.04736099999999999
0.03800934999999999
0.02279117
0.0107903
0.0063968309999999995
0.008046362
0.011242739999999998
0.01515183
0.01961236
0.019912289999999996
0.01059889
-0.001323095
-0.009148544
-0.012029509999999998
-0.01253284
-0.009346949
-0.0058504379999999995
-0.002968988
-9.663536999999999E-4
0.006453816999999999
0.0126957
0.01642134
0.013201899999999999
0.009357308999999998
0.003726652
-0.002125659
-0.008521327999999998
-0.01922204
-0.02939622
-0.03466863
-0.03289159999999999
-0.02794468
-0.019284409999999995
-0.0103793
-0.0024560789999999995
8.018353999999999E-4
6.931975E-4
2.8106639999999993E-4
1.6399839999999997E-4
0.001937605
0.003921696
-6.086558E-4
-0.007209871999999999
-0.013355929999999998
-0.020331039999999998
-0.02828219
-0.031240399999999998
-0.029489719999999997
-0.024733359999999996
-0.01880596
-0.015180409999999998
-0.016959999999999996
-0.020890749999999996
-0.01876445
-0.01373021
-0.004461764
0.006822648999999999
0.01609689
0.01930607
0.010602929999999998
-0.001245751
-0.01196526
-0.022317159999999996
-0.03202571
-0.038015139999999996
-0.03626958
-0.03145646
-0.023067269999999997
-0.01400324
-0.005158327999999999
-0.004621445
-0.004337007
-0.0036896819999999997
-3.092964E-4
9.368443999999999E-4
-0.002393499
-0.008587013
-0.010106019999999999
-0.009788829
-0.00462276
7.159784E-4
0.0061019049999999995
0.007673566999999999
0.007368993999999999
0.008614237
0.014021659999999998
0.018223369999999996
0.02115698
0.023846729999999997
0.026254909999999996
0.025678379999999997
0.02054159
0.01452164
0.008930407999999999
0.002659911
0.002093786
0.013017149999999998
0.0277525
0.03706083999999999
0.036478119999999996
0.02818249
0.01859283
0.01313147
0.01098635
0.01064747
0.0100928
0.009550908
0.009012684999999998
0.008476880999999999
0.007380658
0.0016875739999999998
-0.009826199999999998
-0.0152602
-0.013787259999999999
-0.006601355999999999
0.00140888
0.0029491309999999994
-0.0011809869999999999
-0.004770454
-0.0012475539999999997
0.0031254129999999996
0.0028587429999999995
3.615714E-5
-0.006689272999999999
-0.014228029999999997
-0.02057383
-0.02236475
-0.01857399
-0.015506269999999999
-0.016615379999999996
-0.021364709999999995
-0.024428149999999996
-0.02377072
-0.02033088
-0.01529936
-0.008775465
-3.1484419999999996E-4
0.0054438659999999995
0.007392683999999999
0.0012920759999999999
-0.009362282
-0.0188325
-0.022508009999999995
-0.024702519999999995
-0.027143069999999995
-0.026527189999999996
-0.023548999999999997
-0.01702566
-0.01007266
-0.004450372999999999
0.0041465469999999996
0.015025609999999998
0.023881499999999996
0.02623539
0.021566929999999998
0.019409829999999996
0.019420419999999997
0.021597759999999997
0.022606139999999997
0.02311784
0.02423105
0.019436159999999997
0.01364846
0.005162953999999999
-0.0032288839999999996
-0.007814127
-0.015824529999999996
-0.023610819999999998
-0.02934823
-0.030167959999999997
-0.02685024
-0.022065399999999995
-0.01364878
-0.007495179999999999
-0.0034077339999999995
0.0038083509999999998
0.013009139999999999
0.02047154
0.01969
0.016501969999999998
0.006842003999999999
-9.599495999999999E-4
-0.004465475
-0.0039048199999999994
-0.0031980659999999994
3.747849E-4
0.003792952
0.005849622999999999
0.005115943
0.004803111999999999
-2.700384E-4
-0.007122152
-0.011293699999999999
-0.01040185
-0.004471745
0.002847528
0.012498359999999998
0.017503789999999998
0.02192205
0.02322504
0.022030499999999998
0.02178421
0.025196209999999997
0.031172099999999998
0.03465296999999999
0.03479563
0.03435000999999999
0.03230465999999999
0.029622569999999997
0.025866159999999996
0.022250909999999995
0.02146732
0.02185325
0.023797289999999995
0.020951679999999997
0.015124329999999998
0.009980773999999998
0.0069189839999999996
0.009764166
0.012442039999999998
0.007737019
-0.0028869229999999996
-0.008983138999999998
-0.009817209999999998
-0.003341807
0.004580011999999999
0.007025291999999999
0.006820971
0.008349172999999998
0.009502444999999998
0.008518757
0.007733130999999999
0.006937131
0.004885925
-0.001239544
-0.01051479
-0.01672157
-0.019579979999999997
-0.025536319999999998
-0.03360042
-0.03772443999999999
-0.03732302
-0.03490591999999999
-0.030793649999999995
-0.029309069999999996
-0.028664789999999996
-0.02552235
-0.02089924
-0.016897099999999998
-0.012893639999999998
-0.0092176
-0.007278648999999999
-0.007827206999999997
-0.007974813
-0.01180358
-0.01607026
-0.015936099999999998
-0.01287043
-0.008048289
-0.006332806
-0.009811032999999999
-0.015086319999999999
-0.02301198
-0.026599539999999998
-0.023081819999999996
-0.013792769999999998
-0.003821269
-6.77017E-4
0.0013634899999999998
0.0038609919999999997
0.006346405
0.004129606
8.934105E-4
7.535039E-4
-0.0038770529999999997
-0.008249515999999998
-0.01137943
-0.014562569999999999
-0.017373549999999998
-0.01945245
-0.018680089999999996
-0.01599343
-0.0100831
-0.004564903
-0.0028629459999999995
-0.004432550999999999
-0.01115571
-0.02004787
-0.026763709999999996
-0.03040692
-0.030791709999999996
-0.028931659999999998
-0.024020099999999996
-0.01775363
-0.01345638
-0.006408776999999999
0.0016705969999999998
0.012019189999999999
0.020043079999999998
0.0251784
0.029646579999999995
0.03194198
0.03310732999999999
0.03573778
0.03919749
0.04170564999999999
0.042512659999999994
0.039089479999999996
0.03316689999999999
0.026575079999999997
0.015529149999999999
0.005688504999999999
0.0012793839999999997
-3.269347E-4
-1.2625489999999997E-4
5.559442E-4
0.0041673149999999996
0.007617872
0.01070694
0.012065589999999998
0.008173450999999998
0.006236953
0.006916465999999999
0.009611662999999998
0.013546399999999998
0.013869919999999999
0.012172979999999998
0.007005853999999999
0.002887082
0.005146328999999999
0.010334469999999998
0.014362139999999999
0.015476509999999999
0.012248849999999999
0.005891484999999999
-1.8436379999999997E-4
-0.0030919269999999995
-0.006047398
-0.00574788
-0.005020656
1.705591E-4
0.003685324
0.0022262039999999994
2.616864E-4
-0.00102078
0.006438945
0.010176599999999997
0.009767371
0.006345598
0.004046047
0.003936809
0.004104872
0.003319847
0.0017286559999999999
-0.002255014
-0.007967736999999999
-0.01447585
-0.021201359999999995
-0.02569839
-0.02788
-0.026462569999999998
-0.02085405
-0.012755289999999999
-0.0072338079999999996
-0.0023923619999999994
0.0018416229999999997
0.002337157
0.001686732
0.0016976499999999998
-1.9312309999999997E-4
-0.005459985999999999
-0.010589509999999998
-0.013651599999999998
-0.01602551
-0.015337809999999999
-0.01405154
-0.007858174999999998
0.001220241
0.009592847999999998
0.015459849999999999
0.016511099999999997
0.01597119
0.017982699999999997
0.018934399999999997
0.01745932
0.01509487
0.005297745999999999
-0.008347569
-0.020242769999999997
-0.02689886
-0.02247245
-0.007983338
0.006731974
0.01307165
0.013022479999999998
0.009076026
-0.001357848
-0.011261749999999997
-0.01719151
-0.019252869999999995
-0.017835909999999996
-0.01546698
-0.008990684999999998
-0.004333370999999999
-0.002311571
0.0013725149999999997
0.009050495
0.0158676
0.018863379999999996
0.017715499999999995
0.013887719999999997
0.006503619999999999
-0.001458301
-0.00797417
-0.00881109
-0.0038573659999999997
1.6392769999999999E-4
0.0017271429999999998
-0.003748464
-0.010596739999999999
-0.01619688
-0.01848306
-0.01795469
-0.019262009999999996
-0.02102006
-0.01587589
-0.0029296559999999997
0.01160281
0.02338929
0.03209887
0.03463719
0.03522009
0.029363619999999997
0.01849669
0.01062434
0.008910437
0.008803432
0.009348556
0.012127179999999998
0.01104148
0.004235747
-0.0018055719999999999
-0.001932481
0.002794453
0.008674550999999999
0.014867769999999999
0.01709141
0.012354959999999998
0.007560564
0.002851396
0.002655786
0.0022642579999999995
5.633566999999999E-4
-0.004925878
-0.0073161
-0.006203448999999999
-0.003106029
-5.479601E-4
0.003803498
0.009039277999999998
0.01044164
0.008858837
0.0038891059999999994
-0.002196709
-0.007445035
-0.005987181
1.6773909999999998E-4
0.006263004
0.008692082
0.007454822999999999
0.00813978
0.010576999999999998
0.009976657999999998
0.005667708
0.0031343259999999998
-9.867412E-4
-0.004706941
-0.008223969
-0.0073620099999999996
-0.003367838
-8.917530999999999E-4
0.002907853
0.008338089999999998
0.012006029999999997
0.011514129999999997
0.009221764999999998
0.003246097
-0.0025934039999999997
-0.00772973
-0.011056339999999998
-0.013171269999999999
-0.012566749999999998
-0.01234337
-0.01205335
-0.01256566
-0.01575105
-0.019573239999999995
-0.024118669999999995
-0.02796701
-0.030802979999999997
-0.0344052
-0.033567309999999996
-0.030276539999999998
-0.022875479999999997
-0.013982989999999999
-0.007016127
-4.977893E-4
0.006008305999999999
0.010258079999999998
0.009687951
0.0056689719999999996
0.005355146
0.0052410749999999996
0.004915001
0.003167176
-0.001399145
-0.004840679999999999
-0.005198353
-0.00400436
-0.004100139
-0.004144410999999999
-0.006976794999999999
-0.010665579999999997
-0.014930249999999999
-0.016925849999999996
-0.01875589
-0.01888278
-0.014187349999999998
-0.008923380999999998
-0.004046437
-9.365703999999999E-4
0.002325036
0.005698507999999999
0.005693028
0.005520854
0.005862116999999999
0.008991833999999999
0.009694173
0.008838146
0.006110997999999999
4.52912E-4
-0.0036067519999999995
-0.005289761999999999
-0.007663850999999999
-0.009886215
-0.01207798
-0.01242185
-0.011150369999999998
-0.008432775
-0.005655361
-0.005724925
-0.003060552
-2.486554E-4
7.676669999999999E-4
0.005605564999999999
0.010537939999999999
0.016159949999999996
0.02119423
0.020611549999999996
0.01979821
0.019082719999999997
0.01838136
0.016346339999999997
0.01253129
0.009566506999999998
0.004288068
-0.001295134
-0.004533299999999999
-0.006137291
-0.002777464
-6.048367E-4
0.001425297
-2.436764E-4
-0.004801189
-0.009423947
-0.013958919999999998
-0.01885667
-0.022138209999999995
-0.02684454
-0.029895039999999998
-0.02968633
-0.02430441
-0.016678029999999996
-0.009523535
-0.005147716
-0.004474153
-0.004266077
-0.0037351219999999996
-0.003683147
-0.004894303
-0.007356832999999999
-0.006484082999999999
-0.004771411999999999
7.472802E-4
0.006324728999999999
0.01075987
0.01458669
0.01886296
0.023258129999999995
0.028533159999999995
0.031591799999999996
0.031767
0.02954549
0.024600889999999997
0.01951122
0.01568504
0.01340406
0.012139689999999998
0.006789006999999999
0.00362423
0.0061405539999999995
0.008114704999999998
0.007392236
0.007345490999999999
0.007795519
0.009681109999999998
0.011342289999999998
0.01422154
0.017853619999999997
0.018223449999999995
0.014816689999999999
0.009285907
0.004552390999999999
0.0021148349999999994
0.0023513719999999996
0.0021196749999999997
0.003107542
0.005980682999999999
0.0062636739999999995
0.005895853
0.008331078999999998
0.008263376
0.002982834
-2.4759169999999994E-4
-6.732768999999999E-4
-5.396285999999999E-4
-0.0019101629999999999
-0.005011618999999999
-0.005416613
-0.006194716999999999
-0.009452058999999999
-0.009195783999999999
-0.007373397
-0.0018627199999999998
0.004041222
0.008011776
0.011696689999999997
0.012994449999999998
0.014753339999999998
0.01398275
0.009633382
0.008087589999999999
0.0019236999999999998
-0.003072669
-0.004705518
-0.001365555
-2.49133E-4
-0.003260683
-0.006623334
-0.009256247999999998
-0.009486748999999997
-0.006865535
-0.0012029629999999998
0.007049063999999999
0.01547862
0.020166549999999995
0.022331249999999997
0.020784249999999997
0.01618821
0.011453189999999999
0.007126013
0.006286912
0.005129936999999999
0.0013596159999999997
-0.002284847
-0.006807402999999999
-0.01088221
-0.013618809999999999
-0.01224189
-0.008215668999999998
-0.0016715699999999998
0.0037893039999999994
0.00460021
0.003473737
3.8065599999999994E-4
-0.006543188999999999
-0.012948879999999998
-0.020007429999999996
-0.02466483
-0.027210759999999997
-0.02609658
-0.019747159999999996
-0.011059759999999998
-8.288676999999999E-4
0.005488657
0.005860656999999999
0.005163761999999999
0.004659188999999999
0.004079693
0.00143703
-0.0016859329999999997
-0.001363136
-0.0018400919999999998
-0.00188219
-0.0023157129999999996
-0.002363614
-0.0027804209999999995
-0.004367074
-0.009633291
-0.014677509999999998
-0.019002419999999996
-0.023701049999999998
-0.027853739999999995
-0.030301459999999995
-0.03161176
-0.03217967
-0.03579671
-0.03741865999999999
-0.03912845
-0.03846813999999999
-0.03431182
-0.030819889999999996
-0.029967839999999996
-0.028615809999999995
-0.027386529999999996
-0.024066889999999997
-0.02028297
-0.01776594
-0.011739369999999999
-0.006278953999999999
7.796984E-4
0.008061189
0.01420199
0.01997978
0.025867109999999995
0.029188859999999997
0.02879303
0.027307069999999996
0.026558099999999998
0.02560173
0.026411929999999997
0.02376996
0.01890884
0.015258089999999998
0.011927539999999999
0.009095225
0.009344793
0.010887199999999998
0.009371711
0.0063150559999999994
0.008096954
0.009772494
0.011760279999999998
0.01609336
0.019190799999999997
0.021133649999999997
0.023075269999999995
0.02205705
0.019695729999999998
0.015396479999999999
0.01444684
0.01087677
0.007493546
0.0038179719999999998
-7.264527E-4
-0.006332829999999999
-0.01177788
-0.01684059
-0.02016118
-0.02224009
-0.019879599999999997
-0.01757376
-0.02103835
-0.02032758
-0.01945734
-0.01582557
-0.0131982
-0.010299279999999997
-0.008119676999999999
-0.006372836999999999
-0.0032603639999999995
-0.0039062969999999995
-0.0035168229999999997
-0.003698873
-0.0033954179999999994
-0.0032798299999999996
-0.001024207
0.0014170939999999998
0.001044214
0.0010508379999999997
0.001610044
0.002919645
6.704591E-4
0.001462629
0.004894182
0.006944703
0.01142945
0.013811849999999999
0.01569925
0.016753809999999997
0.015361699999999999
0.01710024
0.018665789999999998
0.01764961
0.01817194
0.018966259999999995
0.014646629999999999
0.01175935
0.008547093999999998
0.008697761
0.008878059
0.011822609999999999
0.01113246
0.010124229999999998
0.006446283
0.0022446659999999998
-4.0181569999999994E-4
-3.699976E-4
-0.0028274229999999995
-0.005274118999999999
-0.0030836699999999997
-3.392795E-4
-4.3766309999999995E-4
0.002536788
0.0034451929999999996
0.0027061789999999995
0.0024125219999999994
0.0016649899999999999
-0.001900377
-0.006450881999999999
-0.009055696999999998
-0.011829739999999998
-0.01402133
-0.01659052
-0.0188083
-0.019867029999999997
-0.021554679999999996
-0.022593819999999997
-0.02016948
-0.01674235
-0.01512048
-0.014982319999999999
-0.014085509999999999
-0.01144134
-0.008370977999999998
-0.008375312
-0.0053744479999999996
-0.002843833
-0.002273397
0.0026251689999999997
0.008436946
0.015418769999999998
0.023098519999999997
0.030239729999999996
0.0345111
0.03696413
0.03698034
0.03778544999999999
0.0327383
0.029484069999999998
0.02713116
0.02188431
0.016715389999999997
0.01159236
0.006690683999999999
0.0026833669999999994
-6.582965E-5
-0.0012624419999999997
-0.00462452
-0.0037953009999999996
-0.001183173
-0.00193956
-0.005717798999999999
-0.006437312
-0.009741005
-0.0112458
-0.013820659999999999
-0.013765059999999999
-0.013303159999999998
-0.01290191
-0.012627899999999997
-0.012218059999999998
-0.011921589999999998
-0.01078287
-0.01017883
-0.0119329
-0.014151129999999998
-0.015649009999999998
-0.01478509
-0.0107705
-0.008230979
-0.008055958999999998
-0.007812835
-0.0074526079999999995
-0.007166059999999999
-0.006785759999999999
-0.006500583
-0.006145056999999999
-0.005911405999999999
-0.005582661
-0.005288482999999999
-0.004935238999999999
-0.004690616
-0.004415011
-0.004021792999999999
-0.0030210669999999997
-0.001609517
6.261973999999999E-4
2.6644169999999993E-4
5.024799E-4
4.3837799999999996E-4
6.356469E-4
5.210576999999999E-4
7.135659E-4
6.147721E-4
8.590940999999998E-4
8.471650999999999E-4
0.00265208
0.0054413709999999995
0.007436493999999999
0.007689125
0.009119990999999997
0.009529247999999999
0.009332055
0.009047023999999999
0.010753729999999998
0.01114039
0.01046989
0.012058959999999999
0.01221716
0.011446789999999998
0.013111519999999998
0.012853689999999997
0.011682309999999998
0.01077694
0.009970074999999998
0.009058508999999998
0.008370988
0.007743595999999999
0.008520014999999999
0.006449287
0.004900643
0.0040838029999999996
0.001122404
-6.475686E-4
-0.0027008279999999997
-0.002778062
-0.0029985959999999996
-0.0031125109999999997
-0.0032656819999999994
-0.002184492
-8.465490999999999E-4
-0.001363586
-0.0028467769999999996
-0.004600496
-0.005369124
-0.007424647999999999
-0.008749907999999999
-0.009266871
-0.008099921
-0.006146170999999999
-0.005802137
-0.005769182999999999
-0.005664332999999999
-0.005920217
-0.007541490999999999
-0.007808100999999999
-0.008926359
-0.009056863999999998
-0.008379002
-0.007989449
-0.00752113
-0.007089153
-0.006682919999999999
-0.0062372569999999995
-0.004972009
-0.003424014
-0.003485838
-0.003140833
-0.002184334
-8.529354999999999E-4
-3.7731419999999997E-4
8.151314E-4
5.449205E-4
-3.633633E-4
-0.0013763099999999997
-0.001373067
-0.002547254
-0.0026153899999999996
-0.0025530909999999995
-0.0035200199999999996
-0.0037457889999999994
-0.004324655
-0.004115584
-0.004584328
-0.004827769
-0.005047394999999999
-0.004539797
-0.003541252
-0.002224128
-0.0017193859999999998
-0.0012823179999999997
-1.681098E-4
7.206067E-4
0.001498888
0.001746916
0.0012163009999999997
5.787129E-4
1.430656E-4
-2.6856769999999998E-5
-1.682043E-4
5.461055999999999E-6
-2.3913889999999997E-4
1.8616549999999997E-4
5.075391E-4
8.696906999999999E-4
0.0013321979999999997
0.002182294
0.002828381
0.0034676719999999998
0.0036378639999999998
0.003925856
0.004321558999999999
0.004447661
0.004557723999999999
0.004534847999999999
0.004227464
0.004043804
0.0037875399999999994
0.0036083369999999997
0.0034086199999999994
0.003410235
0.0034143139999999995
0.0033640049999999998
0.0033811909999999995
0.0032017359999999997
0.002898645
0.002499522
0.002317559
0.002207527
0.0019477729999999999
0.0017578979999999997
0.0015562939999999997
0.001378002
0.001202066
9.561227999999998E-4
7.01672E-4
5.279726E-4
4.1639609999999996E-4
2.7170709999999997E-4
2.29088E-4
1.889924E-4
1.521794E-4
1.2754129999999997E-4
1.426844E-4
1.1460119999999998E-4
6.226791E-5
1.623766E-5
-6.069381E-5
-9.770449999999999E-5
-1.3661929999999998E-4
-1.7479539999999997E-4
-1.9699549999999997E-4
-2.0917459999999997E-4
-1.7922409999999997E-4
-1.668725E-4
-1.6674269999999996E-4
-1.7083609999999998E-4
-1.782867E-4
-1.9709369999999999E-4
-2.0825569999999999E-4
-2.207544E-4
-2.311248E-4
-2.452182E-4
-2.541074E-4
-2.593013E-4
-2.602767E-4
-2.59304E-4
-2.535001E-4
-2.5178629999999993E-4
-2.494997E-4
-2.4692329999999996E-4
-2.434633E-4
-2.3935819999999997E-4
-2.356683E-4
-2.3192799999999998E-4
-2.274255E-4
-2.2230349999999998E-4
-2.1663279999999997E-4
-2.10763E-4
