-1.1273329999999998E-6
-1.5916319999999997E-4
-2.962565E-4
-4.0051789999999996E-4
-4.725442999999999E-4
-5.261491999999999E-4
-5.767152E-4
-6.341012999999999E-4
-7.134209999999999E-4
-8.315480999999999E-4
-9.941888E-4
-0.0011880719999999999
-0.001387481
-0.0015681079999999997
-0.0017165589999999999
-0.001826456
-0.001894286
-0.001913413
-0.001879538
-0.001801913
-0.001693716
-0.0015607649999999998
-0.001406277
-0.0012351459999999997
-0.0010551109999999999
-8.798596999999999E-4
-7.111218999999999E-4
-5.338066999999999E-4
-3.4347919999999996E-4
-1.516196E-4
2.211973E-5
1.61482E-4
2.6069599999999993E-4
3.2082829999999994E-4
3.550351E-4
3.9379859999999993E-4
4.638097E-4
5.735412E-4
7.119165999999999E-4
8.562028E-4
9.730441999999999E-4
0.0010215069999999998
9.643006999999999E-4
7.854948999999998E-4
4.7777819999999995E-4
4.487911999999999E-5
-4.796513E-4
-0.0010229619999999999
-0.001515806
-0.0019258779999999998
-0.002232609
-0.002413838
-0.0024559179999999996
-0.002364215
-0.002163388
-0.001887504
-0.0015680939999999997
-0.001230958
-8.974102999999998E-4
-5.942735999999999E-4
-3.5745439999999997E-4
-2.1652249999999998E-4
-1.769949E-4
-2.2052819999999996E-4
-3.218257999999999E-4
-4.5830839999999996E-4
-6.000404999999999E-4
-6.882046999999999E-4
-6.50956E-4
-4.5115349999999994E-4
-1.0190719999999999E-4
3.4459149999999995E-4
8.233334999999999E-4
0.001272378
0.0016277029999999999
0.0018352739999999998
0.0018725149999999997
0.001740525
0.0014618009999999998
0.001080631
6.509918E-4
2.1781519999999996E-4
-1.9493659999999998E-4
-5.840036E-4
-9.575447E-4
-0.0013250229999999998
-0.0016772019999999998
-0.0019814579999999997
-0.00220912
-0.0023412729999999996
-0.0023558889999999995
-0.002234194
-0.00197754
-0.0016314139999999999
-0.001280632
-0.001011796
-8.804765999999999E-4
-9.31605E-4
-0.001201788
-0.0016618679999999997
-0.0021964269999999995
-0.002670082
-0.002992437
-0.003096642
-0.0029370689999999996
-0.0025309149999999995
-0.001955969
-0.001324161
-7.606940999999999E-4
-3.679752999999999E-4
-2.010459E-4
-2.6476519999999994E-4
-5.104904999999999E-4
-8.502584999999998E-4
-0.001197189
-0.0014965269999999999
-0.0017201709999999997
-0.0018543949999999998
-0.0018959169999999998
-0.00186344
-0.00179388
-0.001753427
-0.001835461
-0.002084843
-0.0024694109999999995
-0.002941526
-0.0034018049999999995
-0.003660202
-0.003542162
-0.0029973749999999996
-0.0021142239999999996
-0.001061782
-3.979395E-5
7.804395999999998E-4
0.001306954
0.0015520709999999997
0.001582893
0.0014623959999999997
0.001247278
9.84617E-4
7.167061E-4
5.168441E-4
4.6370229999999997E-4
5.907037999999999E-4
8.615373E-4
0.001185427
0.0015136659999999999
0.0018926509999999998
0.002385821
0.003008269
0.003723569
0.004444659
0.00508321
0.005571823
0.005861928999999999
0.005951355
0.005891482
0.005771990999999999
0.005695451999999999
0.005752125999999999
0.005994705
0.006435971
0.007062168999999999
0.007847086999999999
0.008740714
0.00965218
0.01049334
0.01121778
0.011798749999999998
0.01218378
0.012307899999999998
0.012084979999999999
0.011488709999999997
0.010547529999999998
0.009312385
0.007848598999999998
0.0062179639999999994
0.004507015
0.002829936
0.0013256929999999998
1.0424419999999999E-4
-7.691045999999999E-4
-0.001270972
-0.0014258299999999997
-0.0012810009999999997
-8.787656E-4
-2.6911419999999994E-4
4.8755669999999996E-4
0.0012917979999999998
0.001990252
0.0024476649999999995
0.002618495
0.002525379
0.002227943
0.001812817
0.0013849909999999997
0.00103496
8.281875E-4
7.845595E-4
8.615003E-4
9.861181E-4
0.001099704
0.001168353
0.001197244
0.001212027
0.001251869
0.0014220409999999998
0.0018407399999999998
0.00253726
0.0034248999999999994
0.004381864
0.005320107
0.006200463999999999
0.007011376999999999
0.007732654
0.008332348999999998
0.008772513
0.009002232
0.008982002
0.008676252999999998
0.008045652
0.007088065999999999
0.005860784
0.004497352
0.0031656279999999998
0.001999786
0.0010806429999999998
4.546294E-4
1.3074289999999997E-4
6.941349999999999E-5
2.2498159999999998E-4
5.731076E-4
0.001090861
0.0017753849999999998
0.0026332109999999995
0.0036558279999999994
0.004810482
0.006038938999999999
0.007236331999999999
0.008309917
0.009216562
0.009932996
0.0104227
0.010651509999999998
0.01057357
0.010130769999999999
0.009303730999999999
0.008138228999999999
0.006715025999999999
0.005120964999999999
0.0034632
0.0018747799999999997
4.930155E-4
-5.747202E-4
-0.001259942
-0.001517118
-0.0013180319999999998
-6.787997999999998E-4
3.1347189999999994E-4
0.001502054
0.002686014
0.0036815069999999997
0.004343976
0.004583726999999999
0.0043549999999999995
0.0036577149999999998
0.0025837579999999994
0.001320071
5.8162089999999996E-5
-0.0010474569999999997
-0.001882366
-0.002383472
-0.0025640189999999994
-0.002522141
-0.0023705859999999996
-0.002181666
-0.002025444
-0.001975023
-0.002081139
-0.002365507
-0.0027817319999999994
-0.003222296
-0.0035535159999999996
-0.003665961
-0.0035366399999999997
-0.0032173259999999995
-0.002753736
-0.002143248
-0.001408759
-6.343701E-4
8.898336E-5
6.939437E-4
0.001128644
0.0013555309999999999
0.0013473239999999998
0.001088719
5.955193E-4
-8.027334999999999E-5
-8.851259999999999E-4
-0.0017561949999999999
-0.0025470969999999995
-0.003073723
-0.0032403429999999997
-0.0030765029999999995
-0.002677318
-0.0021701029999999996
-0.0016917039999999998
-0.0013572969999999997
-0.00124999
-0.001395054
-0.001755882
-0.0022532369999999995
-0.0027998289999999998
-0.0033372469999999998
-0.003834522
-0.004280546
-0.004698177
-0.00513205
-0.005631842
-0.006225161999999999
-0.0068936859999999996
-0.007579673
-0.008224052999999999
-0.008734761
-0.009042582999999998
-0.009217561999999999
-0.009377527
-0.009564584
-0.00977776
-0.01003232
-0.010316069999999998
-0.010532359999999998
-0.010539599999999998
-0.01022999
-0.009564086
-0.008578957
-0.007364547999999999
-0.006024142999999999
-0.004660263
-0.003355235
-0.002153884
-0.0010879699999999997
-1.6507349999999996E-4
6.180758999999999E-4
0.001253065
0.0017471699999999997
0.0021639329999999994
0.0025990819999999995
0.0030767009999999994
0.0035138349999999994
0.0038079529999999998
0.0038767899999999998
0.003673493
0.0032312669999999995
0.002630527
0.001953691
0.001266
6.461094999999999E-4
1.8625109999999997E-4
-4.646096E-5
-2.3180329999999998E-5
2.60858E-4
8.023255999999999E-4
0.0015775879999999998
0.002513921
0.0035040969999999994
0.004433809999999999
0.005182769
0.005649489999999999
0.005750801999999999
0.005439446
0.004741101
0.003758549
0.0026768249999999994
0.0017139439999999998
0.001031104
7.193984999999998E-4
7.976168999999999E-4
0.001204654
0.001838857
0.002569301
0.0032258599999999997
0.0036187609999999994
0.003620712
0.0031701469999999995
0.002274784
0.0010627169999999997
-2.3006549999999998E-4
-0.001368739
-0.002214084
-0.002713194
-0.00284443
-0.0026210539999999994
-0.0021171609999999998
-0.001468314
-8.685467999999999E-4
-5.368962999999999E-4
-6.532539E-4
-0.0012847949999999998
-0.0023794
-0.003812586
-0.005401934
-0.006922089999999999
-0.008154052999999998
-0.008950771
-0.009266375999999998
-0.009126338
-0.008619014
-0.007878225
-0.007054179
-0.006299123
-0.005733160999999999
-0.005402621999999999
-0.005264626
-0.005251333999999999
-0.005303680999999999
-0.005356450999999999
-0.0053258329999999994
-0.0051323919999999995
-0.004693538
-0.0039517319999999995
-0.002903618
-0.0015866209999999999
-5.361149999999999E-5
0.0016110169999999997
0.0032963219999999995
0.0048976969999999995
0.006311008999999999
0.007430385999999999
0.008139917999999998
0.008344977
0.008004742
0.00714358
0.005852486
0.0042851
0.0026347659999999998
0.0010976809999999999
-1.720248E-4
-0.001071023
-0.0015464319999999997
-0.0015749019999999998
-0.0011682819999999999
-4.0508279999999997E-4
5.915335E-4
0.001648375
0.0025381479999999996
0.0030756469999999995
0.0031758609999999994
0.0028425819999999997
0.0021589969999999997
0.00127202
3.4519829999999995E-4
-4.784849E-4
-0.0010982749999999997
-0.0014500479999999998
-0.00151039
-0.0013160329999999999
-9.307457999999999E-4
-4.2346189999999996E-4
1.7384219999999997E-4
8.684801999999999E-4
0.0016584519999999997
0.0025207709999999998
0.0033951909999999997
0.004170763
0.004730919
0.005022814
0.005084072999999999
0.0049943819999999995
0.004826440999999999
0.004634496
0.004464404
0.004356166
0.00436939
0.004566141
0.004952498999999999
0.005465639999999999
0.006001588
0.006453464999999999
0.0067387459999999995
0.006828302999999999
0.006759325
0.006586446
0.006322182
0.005943336999999999
0.005428507999999999
0.0048238149999999995
0.004246642999999999
0.003774344
0.0033981379999999998
0.00308339
0.002839699
0.002698334
0.0026635439999999995
0.0027011489999999995
0.002757765
0.002794033
0.002791892
0.002721776
0.002571828
0.0024023239999999995
0.002307335
0.0023236909999999997
0.0024388259999999994
0.002623861
0.0028323859999999997
0.0030166049999999995
0.0031623419999999994
0.0033093049999999994
0.0035085109999999997
0.0037896479999999996
0.0041480219999999995
0.004523904999999999
0.004818151
0.004934672999999999
0.004812823999999999
0.004468691
0.003983452
0.003457102
0.0029561179999999998
0.002509042
0.0021251659999999995
0.001781737
0.00147567
0.001238632
0.0010535899999999999
8.507365E-4
5.823770999999998E-4
2.1424059999999997E-4
-2.8587739999999995E-4
-9.073122999999998E-4
-0.0015894459999999998
-0.00227422
-0.002913234
-0.003455398
-0.0038169629999999996
-0.003907812
-0.0036990869999999998
-0.0032543079999999996
-0.002622552
-0.0018055259999999998
-8.264796E-4
2.684381999999999E-4
0.0014406079999999997
0.002654705
0.0038493459999999996
0.00496862
0.005956018999999999
0.006733015999999999
0.007236262
0.007494248999999999
0.007615170999999999
0.007716735
0.007863275999999999
0.008061169
0.008293576
0.008547325
0.008794572
0.009004612
0.009140422999999998
0.009115902
0.008840522
0.008276861999999998
0.007441696999999999
0.006397145999999999
0.005242033
0.004105486
0.0031321989999999996
0.0024077469999999996
0.001923705
0.001608098
0.001382797
0.001205137
0.001075201
0.0010321509999999998
0.0011082349999999997
0.0012622709999999997
0.0013794119999999998
0.0013470659999999998
0.0010867599999999998
5.616245E-4
-1.9675029999999998E-4
-0.001081708
-0.001936855
-0.0026195029999999996
-0.003030865
-0.0030888029999999998
-0.0027548349999999997
-0.002056642
-0.0010809809999999997
2.6691319999999998E-5
0.0010799449999999997
0.001888856
0.0023024489999999994
0.002283494
0.0018917679999999998
0.0012215269999999998
3.8607059999999996E-4
-5.106509E-4
-0.001409827
-0.002284331
-0.0031241809999999997
-0.003944128
-0.004738525999999999
-0.00548472
-0.006178196
-0.006820574
-0.007373996999999999
-0.007801318
-0.008108147
-0.008331964
-0.008535538
-0.008774113999999998
-0.009068417999999998
-0.009404086
-0.009714623999999998
-0.009927371
-0.010022909999999998
-0.010009619999999999
-0.009893378999999999
-0.009633025
-0.009160921
-0.008458233
-0.007581431999999999
-0.006636804999999999
-0.005744436999999999
-0.004952131999999999
-0.004233081
-0.0035648199999999994
-0.0029662239999999995
-0.002497534
-0.0022176169999999994
-0.0021301659999999997
-0.0021679799999999995
-0.0022344149999999996
-0.0022471529999999996
-0.002137505
-0.0018788659999999999
-0.001513521
-0.001105473
-7.026557E-4
-3.5900319999999995E-4
-1.328343E-4
-4.5317889999999994E-5
-8.715009E-5
-2.506894E-4
-5.004264E-4
-7.654100999999999E-4
-9.784977999999999E-4
-0.001095284
-0.0010823869999999998
-9.188054E-4
-5.784272E-4
-5.124009999999999E-5
6.244090999999998E-4
0.001365453
0.002071381
0.002631582
0.002951367
0.002997911
0.002800535
0.0024658149999999997
0.002150733
0.00197042
0.0019485029999999999
0.002046874
0.0022563489999999995
0.0026236089999999994
0.003197197
0.003958388
0.004853985
0.005833122999999999
0.006809460999999999
0.007637361
0.008162167
0.008254213
0.007833121
0.006900189999999999
0.005547116
0.00391979
0.0021807719999999997
4.440979999999999E-4
-0.001218449
-0.002726041
-0.004013278
-0.005055951999999999
-0.005839221
-0.006350563
-0.006620606999999999
-0.006711541999999999
-0.0066967089999999995
-0.006644873
-0.006601584
-0.006592656999999999
-0.0066003369999999995
-0.006567314999999999
-0.006425494999999999
-0.00616884
-0.005879528999999999
-0.005598252999999999
-0.00527855
-0.004873291
-0.004385410999999999
-0.003818538
-0.003169287
-0.002456004
-0.0017203069999999997
-9.972868E-4
-3.172734999999999E-4
2.805486E-4
7.741240999999999E-4
0.001162918
0.001452007
0.0016541469999999997
0.001808275
0.001971427
0.002173976
0.0023919159999999996
0.002581601
0.002726766
0.0028372579999999996
0.0029203569999999997
0.0029614749999999994
0.0029824099999999996
0.003041282
0.003130085
0.0031898039999999996
0.003190757
0.0031237309999999994
0.002930689
0.002534625
0.0019095169999999997
0.0010916489999999999
1.461928E-4
-8.437285E-4
-0.0017938009999999998
-0.002644888
-0.0033437039999999994
-0.0038464439999999996
-0.004105514
-0.0040645939999999995
-0.003690597
-0.0030087499999999997
-0.0021056529999999994
-0.0010945299999999998
-1.023005E-4
7.742085E-4
0.001496318
0.0020538059999999996
0.002444874
0.002672424
0.002733667
0.0026020399999999995
0.002245334
0.0017053449999999998
0.001070286
3.918622E-4
-2.97428E-4
-9.220008E-4
-0.0014008529999999999
-0.001705137
-0.0018381279999999999
-0.0018440589999999999
-0.001797491
-0.0017625969999999999
-0.001803799
-0.001942635
-0.0021416779999999997
-0.0023617579999999994
-0.002607109
-0.0028940109999999997
-0.003204513
-0.0034870869999999994
-0.0036996349999999997
-0.0038353299999999996
-0.003909397
-0.003954943
-0.00401435
-0.004139628
-0.004385963999999999
-0.004795664
-0.005370918999999999
-0.006093590999999999
-0.006935427
-0.007862232
-0.008830372
-0.009739089999999999
-0.010456679999999998
-0.010915379999999999
-0.0111426
-0.011207269999999998
-0.01119319
-0.011156399999999999
-0.01110885
-0.01106495
-0.011032629999999998
-0.011010799999999998
-0.010996929999999999
-0.01097597
-0.01095211
-0.01094798
-0.01099095
-0.01111811
-0.01128918
-0.01138349
-0.011291739999999998
-0.01096328
-0.010405609999999997
-0.009666133999999998
-0.008795386999999998
-0.007829151
-0.006804696
-0.005755349
-0.004733981
-0.0037611649999999995
-0.0028183939999999997
-0.0019234659999999998
-0.0011570439999999999
-5.878436999999999E-4
-2.5331609999999994E-4
-1.628688E-4
-2.726026E-4
-4.6875929999999996E-4
-6.319077E-4
-7.250256E-4
-7.792722E-4
-7.917311999999999E-4
-7.327721999999999E-4
-5.706711E-4
-2.9345299999999994E-4
9.005319999999999E-5
5.700277E-4
0.001144309
0.0018078919999999997
0.002525347
0.00325134
0.003946876999999999
0.004564208
0.005041515999999999
0.005366208999999999
0.005594643999999999
0.005786341999999999
0.005978067
0.006199927
0.006438161999999999
0.006638174999999999
0.006799204
0.006962878999999999
0.007163933
0.007433319999999999
0.007795655999999999
0.008214854
0.00856507
0.008713299
0.008600143999999999
0.008258421999999998
0.0077686249999999995
0.007215114999999999
0.006659734999999999
0.00614861
0.005738773
0.005491285
0.005469025999999999
0.0057152
0.006188988999999999
0.00677157
0.007347355
0.007826808
0.008157948999999998
0.008313657
0.008293101
0.008171230999999998
0.00802667
0.007862636999999999
0.007651548
0.007384483999999999
0.007067064
0.006726471
0.006417378
0.006206826999999999
0.00614036
0.006224414999999999
0.00643253
0.006709654999999999
0.006939904999999999
0.0069714849999999995
0.006691151
0.006058149
0.005121372
0.003990695
0.002780552
0.0015707099999999997
3.9261719999999996E-4
-7.052334999999999E-4
-0.0015727529999999999
-0.0020357449999999994
-0.002035722
-0.001675664
-0.0011958009999999998
-8.175628999999998E-4
-6.232519999999999E-4
-6.048218E-4
-7.712598E-4
-0.001124133
-0.0016383599999999997
-0.002299211
-0.003081874
-0.0039239719999999995
-0.0047425079999999994
-0.005491113999999999
-0.006199195
-0.0069473519999999995
-0.007784532999999999
-0.00869742
-0.009648420999999999
-0.01058257
-0.011448849999999998
-0.01222662
-0.012947009999999998
-0.013664129999999998
-0.014427559999999999
-0.015271269999999998
-0.01620616
-0.017173049999999995
-0.018014239999999997
-0.018582899999999996
-0.01878666
-0.01860387
-0.018105889999999996
-0.017428319999999997
-0.016703159999999998
-0.01600056
-0.015329879999999999
-0.014648
-0.013889789999999999
-0.01301615
-0.012010919999999998
-0.010910339999999998
-0.009768195
-0.008619266
-0.007499051
-0.006418307999999999
-0.005348621999999999
-0.004251443
-0.003145663
-0.002128066
-0.001304019
-7.448383999999999E-4
-5.099012999999999E-4
-6.258956999999999E-4
-0.0010147619999999998
-0.001517166
-0.001987223
-0.0023000829999999996
-0.0023597589999999995
-0.002089946
-0.001465183
-5.71908E-4
4.0968579999999997E-4
0.0012866599999999998
0.0019070559999999999
0.002188149
0.002110094
0.001716496
0.001100489
3.8967419999999997E-4
-2.2466969999999998E-4
-5.369519E-4
-4.4985479999999997E-4
-2.39905E-5
5.874088E-4
0.0012426629999999998
0.001855326
0.0023748189999999994
0.002789121
0.0031044079999999995
0.0033452629999999994
0.003557913
0.0038030979999999995
0.004139691
0.004569757
0.005040068
0.005518044999999999
0.0060019719999999995
0.006469868999999999
0.0068799609999999995
0.007222168999999999
0.007519437999999999
0.007803324
0.008109405
0.008468324
0.008880246999999999
0.009307114
0.009675684999999998
0.009893119999999998
0.00987057
0.009584665
0.009075992
0.008374449
0.00749087
0.006477739999999999
0.005442465
0.004503665999999999
0.0037380459999999996
0.003133129
0.002629852
0.0022084649999999997
0.0019034299999999998
0.0017434
0.00172148
0.001815713
0.0020453969999999996
0.0024773369999999996
0.0031552829999999996
0.004060041
0.005145656999999999
0.006341242999999999
0.007539827999999999
0.008645142
0.009622048
0.010478789999999998
0.011196319999999997
0.011702839999999999
0.01193509
0.011872939999999998
0.011532
0.010959719999999997
0.010237209999999998
0.009441686
0.008602736999999997
0.007732149
0.006869047999999999
0.006095777999999999
0.005502928
0.005135976
0.004984948
0.004987833
0.005075528999999999
0.005193252999999999
0.005279997999999999
0.005268358999999999
0.005123044999999999
0.004868866
0.004595643999999999
0.004399874
0.00432466
0.004376596
0.00452807
0.004667481
0.004655961
0.004408133
0.00389801
0.0031340259999999994
0.0021427309999999997
0.0010142179999999999
-1.065132E-4
-0.0010854549999999997
-0.001835414
-0.002337032
-0.0026340929999999997
-0.0028239889999999994
-0.002972408
-0.0030797589999999996
-0.0031525409999999996
-0.0032409069999999995
-0.003403082
-0.0036166929999999994
-0.003793277
-0.003888745
-0.00394829
-0.004022278
-0.004105944
-0.004161824
-0.004193561
-0.004248932
-0.0043597819999999995
-0.004479232
-0.004551066
-0.004597919
-0.004676038999999999
-0.004832907
-0.005098112999999999
-0.005476038999999999
-0.005933503999999999
-0.006444452
-0.006987952999999999
-0.007495075999999999
-0.007903727
-0.008235617
-0.008576486999999999
-0.008966857
-0.009365785
-0.009707146999999998
-0.009926765
-0.009951962
-0.009728151
-0.009263629999999998
-0.008675625
-0.008132329
-0.007719087
-0.007398755999999999
-0.007093773999999999
-0.006748636
-0.006342451999999999
-0.005874865999999999
-0.005358457999999999
-0.004807176
-0.0042156039999999995
-0.003573332
-0.002907187
-0.0022933079999999995
-0.0018340919999999998
-0.001613026
-0.001668794
-0.001986744
-0.0025022319999999996
-0.0031317029999999996
-0.0037935569999999995
-0.004405474
-0.004903700999999999
-0.0052533119999999996
-0.005454795
-0.0055414439999999995
-0.005489581999999999
-0.0052493769999999995
-0.004853948
-0.004386894
-0.003912781
-0.0034881339999999995
-0.0032006119999999994
-0.0030900249999999997
-0.0031142969999999994
-0.003196559
-0.003240968
-0.0031535809999999995
-0.0028821089999999995
-0.002435965
-0.0018596659999999998
-0.001217544
-5.717759E-4
5.6067449999999995E-5
6.505843999999999E-4
0.001157429
0.0015025689999999998
0.0016287029999999998
0.0015108269999999997
0.001189991
7.691780999999998E-4
3.1274029999999993E-4
-1.8967879999999998E-4
-7.657292E-4
-0.0013955999999999999
-0.002009289
-0.0025290499999999997
-0.0028967269999999995
-0.0030765289999999997
-0.003098859
-0.003038656
-0.002931502
-0.0027942689999999994
-0.0026535079999999997
-0.0025545489999999997
-0.0025378799999999997
-0.0026197309999999997
-0.0028553469999999994
-0.0033385279999999995
-0.004104706
-0.005088625999999999
-0.006170097999999999
-0.007236264
-0.008168651999999998
-0.008837546
-0.009178634
-0.009204906999999998
-0.008990027999999999
-0.008643680999999999
-0.008237736999999998
-0.00779897
-0.007333108
-0.006836582999999999
-0.006314113
-0.005772318999999999
-0.005210946
-0.004616894
-0.004027664
-0.0035219889999999997
-0.003128621
-0.002812962
-0.0025478289999999997
-0.0023454229999999997
-0.002184359
-0.0020081
-0.0017950929999999998
-0.00156901
-0.001351378
-0.0011585329999999998
-9.778142E-4
-7.647541999999999E-4
-4.700031E-4
-2.9546599999999996E-5
5.806201E-4
0.0013376209999999998
0.002215474
0.003196425
0.004243863999999999
0.005307392
0.006368
0.007467573999999999
0.008657687999999998
0.00995055
0.01132368
0.01273477
0.014120809999999998
0.01537149
0.01635588
0.01697578
0.017183289999999997
0.01698493
0.01645066
0.01570988
0.014901769999999998
0.014120509999999998
0.0134409
0.01292317
0.01256766
0.012314439999999998
0.012122009999999999
0.011981309999999998
0.011870589999999999
0.011779069999999999
0.011756439999999998
0.011872079999999998
0.012143339999999999
0.012524099999999998
0.012930029999999999
0.013265169999999998
0.013467469999999999
0.01354625
0.013570029999999999
0.0136333
0.013807949999999998
0.01411123
0.01452678
0.015043739999999998
0.01562355
0.01619874
0.01674647
0.01731855
0.017930969999999997
0.01850679
0.018904189999999998
0.0190026
0.018752879999999996
0.018182939999999998
0.017401419999999997
0.01652384
0.01559902
0.014613009999999997
0.0135426
0.012395799999999998
0.01121575
0.010067459999999999
0.009045622
0.008240215999999998
0.007692512999999999
0.007388606999999999
0.0072993419999999995
0.007420665999999999
0.007738810999999999
0.008202925999999998
0.008758195
0.009382853
0.01008145
0.010867339999999998
0.011731789999999999
0.01263445
0.013540779999999999
0.01440712
0.01514977
0.01569117
0.0159624
0.01589096
0.01542928
0.014611309999999999
0.01352391
0.012253609999999998
0.01092466
0.009665485999999997
0.008535443
0.007546861
0.006692769
0.005951433999999999
0.0052761299999999995
0.004597468999999999
0.0038806499999999994
0.0031302379999999996
0.002367134
0.0016177019999999997
8.371817999999999E-4
-6.246785E-5
-0.001091172
-0.002170611
-0.0032300099999999997
-0.004244850999999999
-0.005215756
-0.006124975
-0.006940270999999999
-0.007657777
-0.008313395
-0.008941153999999998
-0.009529921999999998
-0.01004126
-0.010444459999999997
-0.01072134
-0.010838049999999998
-0.01077047
-0.01052685
-0.01014884
-0.009716852
-0.009336577
-0.009100450999999999
-0.009071769999999998
-0.009275607999999998
-0.009634511999999998
-0.0100076
-0.01031218
-0.010513919999999998
-0.010528649999999999
-0.010289469999999998
-0.009848422999999999
-0.009328211
-0.008832804
-0.008388099999999999
-0.007954095999999999
-0.0074831049999999994
-0.006935304999999999
-0.006249711999999999
-0.005343
-0.004139761
-0.002590896
-7.178614E-4
0.001374276
0.003538981
0.0056302719999999995
0.007542727
0.009178206
0.01053675
0.011707849999999999
0.012723229999999999
0.013537539999999999
0.014110259999999998
0.014445899999999998
0.01457172
0.014536339999999998
0.014387179999999998
0.01414043
0.013772809999999998
0.013239889999999999
0.01248924
0.011513239999999998
0.01035939
0.00909314
0.007824616
0.00667323
0.005706863
0.004936002999999999
0.004347851
0.003919286
0.0036012499999999994
0.0033245209999999996
0.0030301199999999994
0.002730395
0.002473609
0.0022769579999999995
0.0021128069999999995
0.0019357019999999999
0.001711668
0.001422466
0.001042647
5.528941999999999E-4
-3.008642E-5
-6.70668E-4
-0.0013351049999999998
-0.002010117
-0.002720656
-0.0034990289999999994
-0.004324059999999999
-0.005118921999999999
-0.005803899999999999
-0.006378773
-0.006942863999999999
-0.007603648999999999
-0.008431214
-0.009438954999999999
-0.01057458
-0.011764369999999998
-0.01291355
-0.01393531
-0.014798089999999998
-0.015507669999999998
-0.016101079999999997
-0.01660902
-0.017040659999999996
-0.01736946
-0.017562679999999997
-0.01763918
-0.017611119999999997
-0.017440639999999997
-0.01712118
-0.016687089999999998
-0.01613032
-0.01537305
-0.014343059999999998
-0.013025209999999999
-0.01142157
-0.009556835
-0.007523312999999999
-0.00546325
-0.003528789
-0.0018176879999999998
-3.7199619999999994E-4
7.757599E-4
0.001596292
0.0020807949999999994
0.0022237179999999995
0.002030091
0.0015637129999999998
9.393592999999998E-4
2.487039E-4
-4.4830789999999993E-4
-0.001105542
-0.0016830089999999999
-0.002154885
-0.0024989569999999996
-0.002694709
-0.002749514
-0.0027034509999999995
-0.0026020449999999994
-0.0024320069999999995
-0.0021624609999999996
-0.0017824239999999997
-0.0013193039999999999
-8.121434999999999E-4
-2.681756E-4
3.02029E-4
8.748031E-4
0.0014592829999999998
0.002055381
0.002601903
0.0030110219999999995
0.003228744
0.0032377589999999998
0.0030381
0.002659221
0.002160928
0.001619598
0.0010734759999999999
5.468764999999999E-4
8.958706999999999E-5
-2.8226849999999997E-4
-6.141768E-4
-9.510604E-4
-0.0013222599999999998
-0.001738518
-0.0022311989999999997
-0.002877033
-0.0037144219999999998
-0.004705073999999999
-0.0057841839999999995
-0.006898112
-0.007984182
-0.008966715999999998
-0.009781521
-0.010391179999999998
-0.010761759999999999
-0.010840109999999998
-0.010574089999999998
-0.009945646
-0.009027973999999998
-0.00799833
-0.007074265999999999
-0.00640175
-0.005996191999999999
-0.00578696
-0.005705712
-0.005708071999999999
-0.005758046999999999
-0.005833291
-0.005961876999999999
-0.006232142999999999
-0.006715846999999999
-0.007416088
-0.008280005999999998
-0.009247818
-0.010277759999999999
-0.01130242
-0.012255869999999999
-0.01311773
-0.01388513
-0.01459196
-0.01528496
-0.01594403
-0.016482669999999998
-0.01680633
-0.01688019
-0.016736029999999995
-0.01642531
-0.01602814
-0.0156506
-0.015353969999999998
-0.015123839999999998
-0.01492037
-0.014749559999999998
-0.014679029999999997
-0.014792469999999999
-0.0151486
-0.015751129999999995
-0.016543
-0.017423499999999998
-0.01828637
-0.01905049
-0.01965509
-0.020048369999999996
-0.02013706
-0.01982111
-0.01905786
-0.01788374
-0.01638205
-0.014681209999999998
-0.01295674
-0.011332889999999998
-0.009856995
-0.008577228
-0.007559735999999999
-0.006862999
-0.006509545999999999
-0.006469075
-0.006671863999999999
-0.006995446999999999
-0.0073125939999999995
-0.007531404
-0.007589338
-0.007443819999999999
-0.007066042999999999
-0.006466017999999999
-0.005689469999999999
-0.004774139999999999
-0.0037370009999999998
-0.002615802
-0.0015157329999999998
-5.673981E-4
1.1702419999999998E-4
4.533297E-4
4.111638E-4
9.893934999999998E-6
-6.548513999999999E-4
-0.0014320009999999998
-0.002198548
-0.0028883689999999996
-0.003456942
-0.0038371669999999994
-0.003966094999999999
-0.003816793
-0.0034011639999999995
-0.002773693
-0.0020243109999999996
-0.0012793099999999999
-6.504352E-4
-2.2222289999999998E-4
-4.6955019999999995E-5
-1.1118049999999998E-4
-3.505231E-4
-6.642187999999999E-4
-9.674745E-4
-0.0012257749999999997
-0.0014618529999999997
-0.0016964179999999999
-0.0018958119999999998
-0.002019817
-0.00207431
-0.0021061929999999997
-0.002184292
-0.0023870999999999996
-0.0027706689999999995
-0.0033727789999999994
-0.00423604
-0.005351947999999999
-0.006609147
-0.007891146
-0.009140886
-0.01033553
-0.01145508
-0.012490239999999998
-0.013385699999999999
-0.014050089999999998
-0.014448989999999998
-0.014615579999999998
-0.01462947
-0.01456845
-0.01446354
-0.014338049999999998
-0.01425962
-0.014301779999999998
-0.01450041
-0.014856769999999998
-0.015363199999999999
-0.015952349999999997
-0.016504449999999997
-0.01694632
-0.017275739999999998
-0.017515459999999997
-0.017669759999999996
-0.01775551
-0.01779629
-0.01778693
-0.017726999999999996
-0.017657639999999995
-0.01764045
-0.017725799999999996
-0.017853989999999997
-0.017858299999999997
-0.01757991
-0.016909809999999997
-0.01579484
-0.01425143
-0.012345989999999998
-0.01013443
-0.007642247999999999
-0.004904326999999999
-0.001979209
0.0010581809999999998
0.004106473
0.007059362999999999
0.009886165999999998
0.012642969999999998
0.015424069999999998
0.01830659
0.021303809999999996
0.02439264
0.027548669999999997
0.030752039999999998
0.03397284
0.03715645
0.04023495999999999
0.04313962
0.04581374
0.04824908
0.050467769999999995
0.052430029999999996
0.05401737
0.055108849999999994
0.055658259999999994
0.05570017
0.05527971999999999
0.05444104
0.05323122
0.05169380999999999
0.049884229999999995
0.04787191
0.04576085
0.043644739999999994
0.04154071
0.03939793
0.03715304999999999
0.03473147
0.03209706999999999
0.02930832
0.026479699999999995
0.023702789999999998
0.021010129999999995
0.018423599999999995
0.01599014
0.013734319999999998
0.01164479
0.009693967
0.007876155
0.006181349
0.004557869
0.0029305239999999995
0.001214143
-6.515202E-4
-0.00266055
-0.004754870999999999
-0.006850825999999999
-0.008902180999999999
-0.01093574
-0.01298486
-0.014966
-0.016745109999999997
-0.018266349999999997
-0.01951108
-0.02045128
-0.02107426
-0.021402739999999996
-0.021452319999999997
-0.021196219999999998
-0.02063977
-0.01985094
-0.018905129999999996
-0.01785117
-0.01674896
-0.01568368
-0.014718889999999998
-0.013885269999999998
-0.01319636
-0.012675439999999998
-0.0123234
-0.012057869999999998
-0.01177768
-0.011443839999999999
-0.01102294
-0.01043283
-0.009601342999999998
-0.008553981
-0.007365002
-0.006103762999999999
-0.004829712999999999
-0.0035940949999999994
-0.002421538
-0.001341538
-4.4562769999999995E-4
1.465194E-4
4.057151999999999E-4
4.3805969999999994E-4
4.0745099999999997E-4
4.494941E-4
6.968809E-4
0.0012727239999999998
0.002210313
0.0034084109999999996
0.004706617999999999
0.00598355
0.007162281999999999
0.008178657
0.008983989
0.009556544
0.009869641
0.009875004999999997
0.009506358999999999
0.00873448
0.007594204999999999
0.006130331999999999
0.004411117
0.002553451
6.550342999999999E-4
-0.001265434
-0.003188853
-0.005056767999999999
-0.006813924999999999
-0.008423733
-0.009863246999999999
-0.01108819
-0.012038269999999998
-0.012665479999999998
-0.01291672
-0.012728249999999998
-0.0120717
-0.01095424
-0.009380715
-0.007365713
-0.004977957
-0.002339614
4.458057E-4
0.003337344
0.006298635
0.009250531
0.0121179
0.01489483
0.017587379999999996
0.020150019999999998
0.022506879999999996
0.02458012
0.02631839
0.027695529999999996
0.028708099999999997
0.029367759999999996
0.029684729999999996
0.029665019999999997
0.029339689999999998
0.028735989999999996
0.027860489999999998
0.026716669999999998
0.025315389999999997
0.023679229999999996
0.021846889999999997
0.019868999999999998
0.01782821
0.01583257
0.013996949999999998
0.012431129999999999
0.01121895
0.01041258
0.010028
0.010046139999999999
0.010405589999999998
0.011048029999999999
0.01193363
0.013035799999999998
0.01434292
0.015830649999999998
0.017450929999999996
0.019142699999999995
0.020829689999999998
0.022435
0.02390407
0.02522213
0.02641753
0.027526079999999998
0.02852456
0.029327779999999998
0.029853339999999996
0.030054639999999997
0.029882969999999995
0.029264229999999995
0.028151649999999997
0.026615849999999996
0.0247943
0.022792279999999998
0.020675529999999998
0.018487589999999998
0.016271709999999998
0.01411053
0.012094689999999998
0.010263829999999998
0.008602678
0.007093088
0.005780997
0.004754215
0.004057179999999999
0.0036627579999999995
0.0035141109999999995
0.0035879419999999998
0.003923559
0.004594671999999999
0.00564772
0.007042964999999999
0.00865074
0.010330539999999997
0.01201305
0.013694009999999998
0.015393159999999998
0.01709755
0.018743739999999995
0.020323679999999997
0.02187604
0.02341695
0.024967589999999998
0.02656858
0.028244529999999997
0.029987379999999998
0.03176522
0.03348672999999999
0.03497728
0.03606121
0.03663613
0.03667708
0.03620704
0.035252439999999996
0.033834409999999995
0.03200465999999999
0.029909269999999998
0.02776042
0.025742779999999996
0.023983989999999997
0.02253361
0.02139434
0.020599429999999995
0.020189379999999996
0.02013166
0.02029895
0.02050553
0.02060866
0.02054026
0.02031208
0.01996538
0.0195514
0.019121749999999996
0.018729639999999995
0.018441439999999996
0.018295349999999995
0.01828946
0.01841984
0.018667899999999998
0.01899635
0.019338999999999995
0.01962083
0.019808769999999996
0.01989145
0.019824189999999995
0.0195383
0.01897941
0.01812491
0.0169966
0.01567218
0.014270929999999998
0.012918109999999998
0.011685839999999998
0.01056883
0.009493787
0.008370073
0.007173160999999999
0.005948712999999999
0.004751483
0.003590315
0.0024312529999999995
0.0012478099999999998
5.952504E-5
-0.0010875589999999999
-0.002179778
-0.003235372
-0.004276302
-0.005326975999999999
-0.006396988999999999
-0.0074692199999999995
-0.008521906999999999
-0.009550851
-0.010571269999999999
-0.011627029999999998
-0.012804249999999998
-0.014179289999999999
-0.01579304
-0.01762293
-0.01957596
-0.02152216
-0.0233924
-0.025194929999999997
-0.026916719999999998
-0.028503099999999996
-0.029957809999999998
-0.031372
-0.03286875999999999
-0.03452787999999999
-0.036363269999999996
-0.0383537
-0.040477019999999996
-0.0427427
-0.04518309
-0.04776964999999999
-0.05038270999999999
-0.05285868
-0.055077039999999994
-0.05699318
-0.05862585
-0.06000713
-0.06114628999999999
-0.06203800999999999
-0.06264867
-0.06291919
-0.06281844
-0.06235508
-0.06155673999999999
-0.06043014
-0.05896497999999999
-0.05715661999999999
-0.05502566999999999
-0.052658
-0.050242039999999995
-0.04801187999999999
-0.04614967999999999
-0.04475797
-0.0438897
-0.04356363
-0.04374603
-0.044349429999999995
-0.04528204
-0.04646659999999999
-0.04781253
-0.04921587999999999
-0.05061861
-0.05201907
-0.053425379999999995
-0.05481676
-0.05614097
-0.057351849999999996
-0.05843046999999999
-0.05935588
-0.06011270999999999
-0.06072094
-0.06123331
-0.06170990999999999
-0.062207559999999995
-0.06275374
-0.06333133
-0.06389785
-0.06439132999999998
-0.06475918999999998
-0.064946
-0.06487617
-0.06451894
-0.06390907
-0.06307312
-0.061966759999999996
-0.060500349999999994
-0.05859689999999999
-0.05619106
-0.05323575
-0.049718729999999996
-0.04565563999999999
-0.041096789999999994
-0.03614283
-0.030892239999999998
-0.025422859999999995
-0.019816519999999997
-0.014171899999999998
-0.008613385
-0.003321567
0.0015215489999999999
0.005789954999999999
0.009438131
0.012483859999999998
0.0149713
0.016936149999999997
0.01839725
0.01937196
0.019889379999999998
0.020014349999999997
0.019856509999999997
0.019538659999999996
0.019166539999999996
0.018797559999999998
0.01842566
0.018012779999999996
0.017526829999999997
0.01694506
0.0162355
0.01536394
0.014341309999999998
0.013232999999999998
0.012118859999999999
0.01105115
0.01004216
0.009101205999999999
0.008255603
0.007570358999999999
0.007150044
0.007061731999999999
0.007306436999999999
0.007860463999999998
0.008671015
0.009647788
0.01071561
0.01183401
0.012964919999999998
0.014101829999999997
0.015262989999999999
0.016457779999999998
0.01770349
0.019004339999999998
0.020332489999999998
0.021666879999999996
0.0230703
0.02462472
0.026294309999999998
0.027934849999999997
0.029395919999999996
0.030591839999999995
0.03151318
0.03218759
0.03265495
0.032979299999999996
0.03321347
0.03333815999999999
0.03328972
0.03301388999999999
0.03248034999999999
0.03166872
0.030606739999999997
0.029391989999999996
0.028129519999999998
0.02686973
0.025611929999999998
0.024330449999999997
0.023078189999999995
0.021973699999999995
0.021092689999999997
0.020446359999999997
0.019991429999999998
0.019656569999999998
0.01938549
0.01915427
0.01893926
0.01871266
0.018469869999999996
0.018259369999999997
0.01815347
0.01819096
0.01839091
0.01877131
0.01931498
0.01999267
0.02079431
0.02171648
0.022740169999999997
0.023837019999999997
0.025003849999999998
0.026255159999999996
0.02759841
0.028983969999999998
0.030282169999999997
0.03136654
0.0322145
0.03289598999999999
0.033476189999999996
0.03397265
0.03433733
0.03444931
0.03421269
0.03368978
0.033060589999999994
0.03248153
0.03203034
0.03171929
0.03151401
0.03137434
0.03127985
0.031228399999999996
0.031215839999999998
0.031208609999999998
0.031160119999999996
0.031035089999999998
0.030828879999999996
0.03054053
0.030137399999999998
0.02960173
0.0289538
0.02820184
0.02737107
0.026535039999999996
0.02573819
0.024963469999999998
0.024149329999999997
0.02320858
0.022038349999999998
0.020531399999999998
0.018604989999999995
0.01622487
0.013427239999999998
0.010291759999999999
0.006873005999999999
0.003196762
-6.807082E-4
-0.004631434999999999
-0.008479454
-0.01203723
-0.015171009999999999
-0.017844419999999996
-0.02006097
-0.021769709999999998
-0.022908349999999997
-0.02351011
-0.023702019999999997
-0.02363205
-0.02341411
-0.023123249999999998
-0.022802249999999996
-0.02250062
-0.022310139999999996
-0.02233523
-0.022634439999999995
-0.023201019999999996
-0.023986469999999996
-0.02493039
-0.02597181
-0.027032109999999998
-0.02805638
-0.029054229999999997
-0.03004662
-0.031065489999999998
-0.03215307
-0.033316609999999997
-0.03454601
-0.03582919999999999
-0.03712545999999999
-0.03833974
-0.03936607999999999
-0.04012921999999999
-0.040605789999999996
-0.040795719999999994
-0.04071539
-0.04042426999999999
-0.03999527
-0.03951286999999999
-0.03906684999999999
-0.038769239999999996
-0.03875767
-0.03909550999999999
-0.03974504999999999
-0.04063078999999999
-0.041698719999999995
-0.042939139999999994
-0.04434704
-0.045886609999999994
-0.047460949999999995
-0.04891598999999999
-0.05011158
-0.05099841
-0.05154017
-0.051657699999999994
-0.05131632
-0.050602589999999996
-0.04969097
-0.04874673
-0.047836149999999994
-0.046941119999999996
-0.04602769
-0.04506161999999999
-0.04397814
-0.04269868999999999
-0.04120367999999999
-0.03952352
-0.03765370999999999
-0.03553772999999999
-0.03312021999999999
-0.03040693
-0.027460589999999997
-0.024356879999999997
-0.02116085
-0.01788651
-0.014514699999999998
-0.01105959
-0.007554817999999999
-0.00402691
-4.8801589999999994E-4
0.0030591619999999994
0.006594863999999999
0.01004467
0.013320159999999998
0.01636751
0.0191884
0.021807969999999996
0.024283569999999997
0.026689899999999996
0.02907946
0.03142024
0.033602589999999995
0.03556709
0.03730251999999999
0.03877694
0.03996091999999999
0.0408838
0.041635639999999995
0.04228367999999999
0.042828439999999995
0.04322554
0.04342667
0.04339058
0.04311965
0.04268961999999999
0.04218007
0.04161654
0.04101175
0.04037402
0.03969374
0.03897021
0.03824223
0.03758208
0.03703967
0.036625389999999994
0.03630516
0.03599884999999999
0.03560676
0.035060549999999996
0.03431664
0.033319909999999994
0.03199911
0.030286139999999996
0.028211279999999995
0.025942789999999997
0.02364879
0.02143849
0.0194056
0.017630789999999997
0.016167819999999996
0.015048879999999999
0.014310099999999997
0.013998429999999997
0.01413672
0.014712059999999999
0.01568606
0.01698637
0.018488529999999996
0.020038449999999996
0.0214896
0.022738639999999997
0.023720719999999997
0.02441295
0.02487859
0.02522346
0.02547906
0.025606889999999997
0.02560041
0.025508009999999998
0.025394229999999997
0.0252823
0.025158149999999997
0.02501099
0.024855199999999997
0.02470229
0.024552209999999998
0.024397719999999998
0.024223529999999997
0.024005269999999995
0.023729699999999996
0.02338909
0.022920299999999998
0.022253689999999996
0.02140271
0.02042133
0.019321529999999996
0.01806872
0.01662485
0.014983569999999998
0.013150329999999998
0.011118349999999999
0.008896521
0.006526391999999999
0.004039956
0.001453397
-0.001211371
-0.003916656
-0.0066096689999999994
-0.009225579999999999
-0.011710149999999999
-0.013958729999999999
-0.01584799
-0.017341949999999995
-0.01842042
-0.01901147
-0.01910668
-0.018786579999999997
-0.01814193
-0.017236919999999996
-0.016137349999999998
-0.01491333
-0.013611929999999998
-0.012260149999999997
-0.01089153
-0.009569227999999999
-0.008366899
-0.007352539999999999
-0.00658117
-0.006084850999999999
-0.005852894
-0.00582782
-0.005923806999999999
-0.006064445999999999
-0.006199266
-0.006305544
-0.006425049999999999
-0.0066430809999999995
-0.007024336
-0.007614040999999999
-0.00845403
-0.00956577
-0.01093714
-0.012529299999999998
-0.01428992
-0.01616394
-0.01810321
-0.020070249999999998
-0.0220207
-0.023914889999999998
-0.025717909999999997
-0.027397479999999995
-0.02894803
-0.030377459999999995
-0.03166494
-0.032770219999999996
-0.03365983
-0.034296379999999994
-0.03462050999999999
-0.034556319999999995
-0.0340578
-0.03313533
-0.03186582
-0.030371469999999998
-0.028768929999999998
-0.027118669999999997
-0.025433119999999997
-0.023716429999999997
-0.02198259
-0.02026919
-0.018574909999999997
-0.016848419999999996
-0.01507317
-0.013292269999999998
-0.01151798
-0.009724130999999999
-0.00793011
-0.0061912849999999995
-0.004556833999999999
-0.0030648709999999994
-0.0017309819999999998
-5.623534999999999E-4
4.227798E-4
0.001231674
0.0019136869999999999
0.0025145939999999998
0.00302363
0.0033980259999999997
0.003579414
0.0034950959999999996
0.0030546839999999994
0.002172638
8.122057999999999E-4
-9.824211E-4
-0.003096441
-0.005389071999999999
-0.007755290999999999
-0.010139279999999999
-0.01252482
-0.014943099999999999
-0.017408269999999997
-0.019872499999999998
-0.02228736
-0.024624879999999995
-0.026850229999999996
-0.02891343
-0.030773739999999997
-0.03243172
-0.03389038999999999
-0.03513423
-0.03616327
-0.03701966999999999
-0.037783859999999996
-0.03855297
-0.03940087999999999
-0.04032925
-0.04131275
-0.04233521
-0.04336423999999999
-0.04434132
-0.04521909
-0.04593247
-0.04637255
-0.04645053
-0.04613096999999999
-0.04546271999999999
-0.044560079999999995
-0.04354395999999999
-0.042484959999999995
-0.04140209999999999
-0.04027495
-0.039095529999999996
-0.03792625
-0.03689723999999999
-0.03609149
-0.03547379
-0.03497148
-0.03455477
-0.034220669999999995
-0.03394271
-0.033704529999999996
-0.03357392
-0.0336413
-0.03394019999999999
-0.03441951
-0.03494986
-0.03540183999999999
-0.035681
-0.03573284
-0.03553649999999999
-0.03507108
-0.0343209
-0.03331470999999999
-0.03212123
-0.030761479999999997
-0.029205199999999997
-0.02741536
-0.02542339
-0.023337089999999998
-0.02128917
-0.01935667
-0.01753487
-0.01578941
-0.01407379
-0.012357019999999998
-0.010623179999999998
-0.008877505
-0.007159640999999999
-0.005505302
-0.00387467
-0.002137303
-1.621048E-4
0.0020751709999999994
0.004499361999999999
0.007024749999999999
0.009574714999999998
0.012048959999999997
0.014341229999999998
0.016373579999999995
0.018097139999999998
0.01948518
0.02050154
0.02107293
0.021123219999999998
0.020612449999999997
0.01957639
0.018120609999999995
0.016344949999999997
0.01434984
0.012258899999999998
0.01019648
0.008200647
0.006205947999999999
0.004138184
0.002022915
-6.077767E-5
-0.002089499
-0.004094039
-0.006089415
-0.008038797999999998
-0.009886346
-0.011563089999999998
-0.01299133
-0.01412329
-0.014977389999999998
-0.015616459999999999
-0.01610671
-0.016493019999999997
-0.01680227
-0.01706234
-0.017310469999999998
-0.017541539999999998
-0.01772683
-0.01789374
-0.01807883
-0.01828019
-0.01848046
-0.01866641
-0.018792429999999995
-0.01876427
-0.01847562
-0.01781773
-0.016728089999999998
-0.01523917
-0.013467859999999998
-0.01155473
-0.009612906999999999
-0.007737842
-0.006027589
-0.004555565
-0.003367324
-0.0025495349999999995
-0.002230539
-0.0025325929999999997
-0.0035176759999999995
-0.005158085999999999
-0.007368954999999999
-0.009997047
-0.01282758
-0.0156534
-0.018335969999999997
-0.02080301
-0.023010799999999998
-0.02492055
-0.02651268
-0.02777453
-0.02870577
-0.029312109999999995
-0.02955939
-0.029376319999999997
-0.02870106
-0.02750105
-0.025773389999999997
-0.023553389999999997
-0.020885369999999997
-0.01779824
-0.014327869999999998
-0.01054339
-0.006550178999999999
-0.0024487079999999995
0.0017046399999999999
0.0058696239999999995
0.010024689999999998
0.01414836
0.018181299999999997
0.022027239999999997
0.025571239999999995
0.02869194
0.03128493
0.03330423999999999
0.03476418
0.03570182
0.03617748
0.03626566
0.03606598999999999
0.03569106
0.03518817
0.03453782
0.03371000999999999
0.03271883999999999
0.031625829999999994
0.030520619999999995
0.029514039999999995
0.028693619999999996
0.028079239999999995
0.027660129999999998
0.027431889999999997
0.02739663
0.027545619999999996
0.02784795
0.028264329999999997
0.028720909999999995
0.029140909999999996
0.029474319999999995
0.029691579999999995
0.029755929999999996
0.02960992
0.029217199999999995
0.028624819999999995
0.027944689999999998
0.027313389999999996
0.026846459999999996
0.026580989999999995
0.026471909999999998
0.026465309999999995
0.026556619999999996
0.026735489999999997
0.02692052
0.027020439999999996
0.026999059999999995
0.026889379999999997
0.02677549
0.02669039
0.02656109
0.02629694
0.025831689999999997
0.025101319999999996
0.024068349999999995
0.02277061
0.02130908
0.01979027
0.018260939999999996
0.016696429999999998
0.015077269999999999
0.013454119999999998
0.011936309999999999
0.01061672
0.009554989
0.008793092
0.008367958999999998
0.008300614999999999
0.008583814
0.009137781
0.009850837999999999
0.01068476
0.01167751
0.01282594
0.014064799999999999
0.015334349999999998
0.0165657
0.01767657
0.018591089999999998
0.019263009999999997
0.019670229999999997
0.019795059999999996
0.019660839999999995
0.019320719999999996
0.018814179999999996
0.01817816
0.0174331
0.016590059999999997
0.01567
0.01465054
0.013471529999999999
0.012084729999999998
0.01042683
0.008448133
0.006164013999999999
0.003654492
0.001046088
-0.001531067
-0.003965158999999999
-0.006133851
-0.007941258
-0.009365861999999999
-0.01041524
-0.01107422
-0.01129715
-0.011050029999999999
-0.010373759999999997
-0.009394303
-0.00827831
-0.007168276999999999
-0.006141905
-0.005157908
-0.004119967999999999
-0.002975506
-0.0017623679999999998
-5.918646E-4
4.3198269999999994E-4
0.001263129
0.001969182
0.002701525
0.003607599
0.0047807529999999996
0.0062384269999999995
0.007941468
0.009840638
0.01191407
0.014191409999999998
0.0166861
0.019327059999999997
0.021929259999999996
0.02422812
0.026009429999999997
0.02719785
0.027814329999999998
0.02790958
0.02756369
0.02689854
0.02604486
0.025115359999999996
0.02422221
0.02347185
0.022915409999999997
0.02254492
0.022318559999999998
0.02220422
0.02219889
0.02230001
0.022470809999999997
0.02270023
0.023004189999999997
0.02336143
0.02376901
0.02428938
0.02495469
0.02571121
0.026473599999999996
0.027177449999999995
0.027759249999999996
0.02815436
0.028341949999999998
0.028359919999999997
0.028283889999999996
0.02819226
0.028136699999999997
0.02813844
0.028212789999999998
0.028357059999999996
0.02854468
0.02876973
0.02903274
0.029290909999999996
0.029491789999999997
0.029588939999999998
0.029537889999999997
0.029284099999999997
0.028783879999999998
0.028032859999999996
0.027057939999999996
0.02593139
0.02475501
0.023622439999999998
0.022576939999999997
0.02162034
0.02076443
0.02004269
0.01948556
0.01908381
0.01880909
0.01862629
0.018457749999999995
0.01823095
0.01789788
0.01738621
0.01659884
0.015442649999999999
0.01387114
0.01192242
0.009711015
0.007404436999999999
0.005162515
0.003114788
0.001339455
-1.3590859999999997E-4
-0.001315358
-0.002186201
-0.002742589
-0.003026218
-0.003112677
-0.0031154169999999997
-0.0031375819999999994
-0.003233222
-0.0033938639999999995
-0.00358631
-0.0037973009999999995
-0.004039449
-0.0043382429999999994
-0.004692471999999999
-0.005042061999999999
-0.005306734
-0.005414413999999999
-0.005307904
-0.004982890999999999
-0.004499337999999999
-0.003947660999999999
-0.003391872
-0.002864578
-0.002382117
-0.001938085
-0.0015059239999999998
-0.001102526
-7.939961999999999E-4
-6.21571E-4
-5.683642999999999E-4
-6.059707999999999E-4
-7.647667999999999E-4
-0.0010985329999999998
-0.001629444
-0.002380478
-0.003373462
-0.004615486999999999
-0.006102015999999999
-0.007815964
-0.009706233
-0.01170241
-0.013721469999999998
-0.0157242
-0.0177227
-0.01973898
-0.02175997
-0.02375918
-0.02575222
-0.027778249999999997
-0.02986264
-0.03202189
-0.03427565999999999
-0.03661426
-0.038992729999999996
-0.04137538999999999
-0.043742779999999995
-0.046036749999999994
-0.04814982999999999
-0.04997576
-0.051454839999999995
-0.052573539999999995
-0.0533197
-0.053641749999999995
-0.053511649999999994
-0.05294353
-0.05196969
-0.050657459999999994
-0.04910483
-0.04739992999999999
-0.04559837
-0.043775089999999996
-0.04204230999999999
-0.04050289
-0.03922761999999999
-0.038283149999999995
-0.037697699999999994
-0.037424919999999993
-0.03737416999999999
-0.03747009999999999
-0.037709999999999994
-0.03809012
-0.038553079999999997
-0.039022879999999996
-0.03945474999999999
-0.039842699999999995
-0.04017522
-0.04047694999999999
-0.04078849999999999
-0.0411068
-0.041394459999999994
-0.04164538999999999
-0.041895409999999994
-0.042169939999999996
-0.04241209
-0.04254601999999999
-0.04254212999999999
-0.04241657
-0.04221243999999999
-0.041944449999999994
-0.04159904
-0.04115321
-0.0405723
-0.03985287
-0.03903633
-0.03818822
-0.03735602
-0.036570069999999996
-0.03589129
-0.035348689999999995
-0.03491598
-0.03458140999999999
-0.034357
-0.034234299999999995
-0.03417781
-0.03416684999999999
-0.034216119999999996
-0.03432134
-0.03444798
-0.03459297
-0.03478139999999999
-0.035042859999999995
-0.03538863
-0.03580402
-0.03625908
-0.03671391999999999
-0.03711624
-0.03745459999999999
-0.03775571
-0.03798809999999999
-0.03805632999999999
-0.03790796
-0.03758787999999999
-0.03715377
-0.03661177
-0.03593111999999999
-0.035069119999999995
-0.03399325
-0.03270928
-0.03126255
-0.029704049999999996
-0.028070069999999996
-0.026393879999999998
-0.024718509999999996
-0.023106759999999997
-0.0216112
-0.020207529999999998
-0.01886695
-0.01763683
-0.016547789999999996
-0.015520519999999998
-0.014436299999999997
-0.01323755
-0.011924429999999998
-0.010502789999999998
-0.008979181
-0.007417747
-0.005917982
-0.004543062
-0.0033112969999999995
-0.0022435679999999996
-0.0013719879999999998
-7.153556999999999E-4
-2.532777E-4
7.756855999999998E-5
3.4860699999999996E-4
6.302006E-4
9.939206E-4
0.001485908
0.002115932
0.0028859759999999997
0.0037945679999999995
0.004817830999999999
0.005898816999999999
0.006942228
0.007885149
0.008715027999999998
0.009434393999999999
0.010045529999999999
0.01054479
0.01097546
0.011401399999999999
0.01185711
0.01232087
0.0127732
0.013266119999999998
0.01391118
0.014768949999999998
0.01579294
0.01692597
0.018169559999999998
0.019550909999999998
0.02106875
0.02267631
0.024304329999999996
0.02589693
0.027426499999999996
0.028859089999999997
0.03012583
0.03117501
0.03202232
0.03272431
0.03331555
0.03378263
0.0341379
0.03441092
0.0346121
0.034732519999999996
0.03475889
0.03469569
0.0345427
0.034292249999999996
0.033957129999999995
0.033574379999999994
0.03316705999999999
0.03272681999999999
0.03224461
0.03173483
0.031240669999999998
0.030810059999999997
0.030497539999999997
0.030342879999999996
0.030305649999999996
0.030289019999999996
0.03020885
0.030043799999999996
0.02980266
0.029418389999999996
0.02873992
0.02765533
0.02617376
0.024347469999999996
0.022213389999999996
0.019815949999999995
0.01721296
0.014453079999999998
0.011599479999999999
0.008765853
0.0060692
0.0035595669999999996
0.001241336
-8.72298E-4
-0.0027331479999999995
-0.0042819979999999995
-0.00550531
-0.0064291669999999995
-0.007063118
-0.007432811
-0.007578877999999999
-0.007494557
-0.007161996
-0.006618067
-0.0059391999999999995
-0.0051934319999999996
-0.0044365509999999995
-0.003717062
-0.0030658589999999998
-0.0025024059999999996
-0.0020591189999999994
-0.001783291
-0.0017065119999999999
-0.0018237689999999998
-0.0020996589999999994
-0.00248807
-0.002968417
-0.0035501899999999995
-0.004243884999999999
-0.005021605999999999
-0.0058548129999999995
-0.006695486
-0.007476737
-0.008167644999999998
-0.008754234
-0.009206826
-0.009497849
-0.009575052
-0.009362750999999999
-0.008805985999999998
-0.007894331
-0.006675055
-0.005235978999999999
-0.0036924159999999996
-0.0021691519999999997
-7.355518999999999E-4
5.729526E-4
0.0017186549999999997
0.002664838
0.0033822079999999994
0.0038579129999999997
0.00413716
0.004297871
0.004385736
0.004426233
0.004474719
0.004610581
0.004868155999999999
0.005198843
0.005555217999999999
0.005920800999999999
0.006289914
0.006646881
0.006952081999999999
0.007176377999999999
0.007299278999999999
0.007314171
0.007246374
0.0071362299999999995
0.007014220999999999
0.006892043999999999
0.0067992999999999994
0.006805901999999999
0.006968605
0.007308863
0.007818163999999999
0.008460725
0.009219443
0.010086279999999998
0.010997599999999998
0.01183668
0.012497519999999998
0.012881839999999999
0.012884969999999999
0.012427689999999998
0.011518669999999998
0.010248729999999998
0.008736249999999997
0.007105507999999999
0.005465691
0.003894358
0.002474028
0.001314488
5.180191999999998E-4
1.1636049999999998E-4
7.003469E-5
3.143755E-4
7.937465999999999E-4
0.001466381
0.0022951309999999997
0.003228595
0.004216884
0.005223196
0.006205566
0.007131563999999999
0.008004589
0.008844152999999999
0.009632658999999998
0.010363719999999998
0.011051839999999999
0.01166878
0.012183989999999999
0.012623529999999999
0.01301202
0.013297959999999998
0.01340479
0.013305229999999998
0.013028099999999999
0.01260419
0.01203234
0.011271549999999998
0.010261259999999998
0.008965544
0.007385680999999999
0.005557744
0.003548207
0.001434123
-7.017386999999998E-4
-0.002782661
-0.004773838999999999
-0.006673055999999999
-0.008451240999999998
-0.01007494
-0.011580099999999998
-0.013061579999999998
-0.014601499999999998
-0.0162094
-0.01783043
-0.019412979999999996
-0.02097328
-0.022560619999999997
-0.02419442
-0.025816329999999995
-0.027320809999999997
-0.02864193
-0.029753949999999998
-0.030651549999999996
-0.03133372
-0.03179854
-0.03204844999999999
-0.03209547
-0.03195959999999999
-0.03166391
-0.031238549999999997
-0.030717869999999998
-0.03008959
-0.0293278
-0.02845684
-0.02756254
-0.026719209999999997
-0.02594356
-0.025241519999999996
-0.0246623
-0.02425985
-0.02403892
-0.02396715
-0.024007339999999995
-0.02412898
-0.024282019999999998
-0.02444702
-0.02466299
-0.024949089999999997
-0.02526372
-0.0255625
-0.025813429999999995
-0.025971259999999996
-0.025991699999999996
-0.02587477
-0.025659319999999996
-0.025358379999999996
-0.024952819999999997
-0.024441519999999998
-0.023843489999999995
-0.023175879999999996
-0.022466629999999998
-0.0217453
-0.02102139
-0.02028658
-0.01952341
-0.018735489999999997
-0.01794648
-0.017129329999999998
-0.01623158
-0.01522907
-0.01412973
-0.01292589
-0.011597739999999999
-0.01018398
-0.008766127999999998
-0.007403229
-0.006103226
-0.004854916999999999
-0.0036667079999999994
-0.002586687
-0.0016534159999999998
-8.723747999999999E-4
-2.466591E-4
2.3836249999999997E-4
6.183495999999999E-4
8.991378999999999E-4
0.0010451589999999997
0.0010473359999999998
9.402446999999999E-4
7.473401999999999E-4
4.7489589999999995E-4
1.355454E-4
-2.643185999999999E-4
-7.264393E-4
-0.00125598
-0.001853724
-0.002472988
-0.003048896
-0.0035619379999999997
-0.0040262019999999996
-0.004470099
-0.004896164
-0.005267267
-0.005525199
-0.005619676
-0.005556524
-0.005392507999999999
-0.0051193739999999995
-0.004652856
-0.003942813
-0.0030356219999999995
-0.00199111
-8.456457999999999E-4
3.665949E-4
0.001613914
0.0028602709999999997
0.004066593999999999
0.005253009999999999
0.006504747
0.007899076
0.009435964
0.01106007
0.012729299999999999
0.01440175
0.01605027
0.017650769999999996
0.01916055
0.02057485
0.02192992
0.023256909999999995
0.024569719999999996
0.025873129999999998
0.027153979999999998
0.028366319999999997
0.029466879999999997
0.030434779999999998
0.031230269999999997
0.03182358
0.03220318999999999
0.03235423999999999
0.03226463
0.03195184
0.0314857
0.030943049999999996
0.030337899999999998
0.02966671
0.02895608
0.028270149999999997
0.027658269999999995
0.02711206
0.026607129999999996
0.02616317
0.02582551
0.025603039999999997
0.02549612
0.025519759999999996
0.025651779999999996
0.025851199999999998
0.02607633
0.0262974
0.026500019999999996
0.026687569999999997
0.026850929999999995
0.027001009999999995
0.027185629999999995
0.027386899999999995
0.027525519999999998
0.027577659999999997
0.027579329999999996
0.027548619999999996
0.027458539999999997
0.027258359999999995
0.02690147
0.02634513
0.02556734
0.024573919999999996
0.02337476
0.02198736
0.02044213
0.01876657
0.017000049999999996
0.015184969999999999
0.01332367
0.011383829999999998
0.009401543999999998
0.007447126999999999
0.005490115999999999
0.0034773429999999995
0.0014352939999999997
-5.55961E-4
-0.0024414059999999997
-0.004214255
-0.005884541
-0.0074426449999999995
-0.008861188999999998
-0.01011736
-0.011183909999999998
-0.01206561
-0.01280591
-0.013462689999999998
-0.014099089999999998
-0.01475694
-0.015452499999999997
-0.01618138
-0.016891319999999998
-0.017538769999999995
-0.01812688
-0.0186174
-0.018900439999999998
-0.01890224
-0.01863963
-0.01815567
-0.017486959999999996
-0.016653709999999995
-0.01564985
-0.01447633
-0.01317542
-0.01180174
-0.01042331
-0.009096774999999998
-0.007841108999999999
-0.0066458689999999996
-0.0054504309999999995
-0.004174651999999999
-0.002777494
-0.0012617849999999999
3.3769089999999996E-4
0.001996038
0.0037295749999999997
0.005548913999999999
0.0074335289999999995
0.009341891
0.01124869
0.01313016
0.014947969999999998
0.016672809999999996
0.018272169999999997
0.019700949999999995
0.02093554
0.021984659999999996
0.022885259999999998
0.023635249999999997
0.02416795
0.024421919999999996
0.024405849999999996
0.024151859999999997
0.023661139999999997
0.022958319999999997
0.022088229999999997
0.021055319999999995
0.019807809999999995
0.018316039999999995
0.01660976
0.014759599999999998
0.012838549999999999
0.010904999999999998
0.009003613999999998
0.007141159999999999
0.005303073999999999
0.0035017899999999994
0.0017664579999999998
1.2467949999999997E-4
-0.001404062
-0.0028018419999999997
-0.004029641
-0.005060307
-0.005924908
-0.006670042999999999
-0.00729338
-0.0077869309999999995
-0.008153853999999999
-0.008383321
-0.008458876
-0.008369625999999998
-0.008124489
-0.0077587179999999995
-0.0073269369999999995
-0.006825783999999999
-0.006200046999999999
-0.005436019999999999
-0.004574611
-0.0036782059999999994
-0.002805987
-0.0019971919999999996
-0.0012753069999999998
-6.662176999999999E-4
-1.880574E-4
1.9306119999999997E-4
5.467163E-4
8.99293E-4
0.001214758
0.001465547
0.0016764239999999997
0.0018630299999999997
0.0019975559999999997
0.002030699
0.001963724
0.0018625989999999997
0.001816192
0.00186365
0.00200729
0.0022603899999999997
0.0026355799999999998
0.003145161
0.003784543
0.004517364
0.005294307
0.006103377999999999
0.00696419
0.007870977
0.008781645999999999
0.009665417999999999
0.01052314
0.011349019999999998
0.01211796
0.01279449
0.013323779999999999
0.013648859999999999
0.01373011
0.01355009
0.013107809999999998
0.0124074
0.01146613
0.01034435
0.009145244
0.007941628
0.006770708
0.0057084449999999995
0.004874774
0.004361941
0.004178689
0.004285675
0.004631166999999999
0.005153984
0.005768737
0.006449197
0.007240128
0.008152143
0.009125047
0.010093899999999998
0.011043109999999998
0.012006339999999999
0.01304829
0.014218799999999998
0.015532019999999999
0.016941
0.018358999999999997
0.01973335
0.021065209999999997
0.022342439999999998
0.02350587
0.02452719
0.025430709999999995
0.02623824
0.02693643
0.02749515
0.02790692
0.02817107
0.02830454
0.028362449999999997
0.028410549999999996
0.028484059999999995
0.02857172
0.028643109999999996
0.028685819999999997
0.028688709999999996
0.028634099999999996
0.028556509999999997
0.028503279999999995
0.0284359
0.028275159999999997
0.028003329999999996
0.02765881
0.027267499999999997
0.02684327
0.026414759999999995
0.026003249999999995
0.025597629999999996
0.02518856
0.024795419999999995
0.024428719999999998
0.024061939999999997
0.023666349999999996
0.02322985
0.02279975
0.022432939999999995
0.02211215
0.0218374
0.02167211
0.02168267
0.02188092
0.022225589999999996
0.022668589999999995
0.02316149
0.023642849999999997
0.0240567
0.024384599999999996
0.02462161
0.02476575
0.024814349999999995
0.024766479999999997
0.024634219999999995
0.024447419999999997
0.02424304
0.0240602
0.02392355
0.023834649999999995
0.023823479999999998
0.023938439999999995
0.02421874
0.02467994
0.025310389999999995
0.026086399999999996
0.026949909999999997
0.027825949999999995
0.028687709999999998
0.029547509999999996
0.03039875
0.031189039999999998
0.03188489
0.032524189999999994
0.033173259999999996
0.03386859
0.03464882
0.03557739
0.03667799
0.03792394
0.03928485999999999
0.04074889
0.04228052
0.0438064
0.045236359999999996
0.046486559999999996
0.04749363999999999
0.04822517
0.04868019999999999
0.04885729
0.048737749999999996
0.04829938
0.047542469999999996
0.04650804
0.04524128
0.04374436
0.042033339999999995
0.04016862
0.03818894
0.036096329999999996
0.03390007
0.03165491
0.029442599999999996
0.02732326
0.025351009999999997
0.02358826
0.022073329999999995
0.020814589999999997
0.019820139999999997
0.019120359999999996
0.018737959999999998
0.01865886
0.01883987
0.01921483
0.019692759999999997
0.02016993
0.020567899999999997
0.020840439999999995
0.020929789999999997
0.020774739999999996
0.020376109999999996
0.01978013
0.01901407
0.01808227
0.01699502
0.01577763
0.0144538
0.013038819999999998
0.0115598
0.01003823
0.008504681999999998
0.007005938999999999
0.005596299999999999
0.0043277839999999995
0.0032248169999999996
0.0022728609999999997
0.001453404
7.822767E-4
2.7230209999999996E-4
-9.908979999999999E-5
-3.5421089999999997E-4
-5.055096999999999E-4
-5.917969E-4
-6.708156999999999E-4
-7.726666E-4
-8.683788999999999E-4
-9.107504999999998E-4
-8.925389999999999E-4
-8.515377E-4
-8.365290999999998E-4
-8.657137999999999E-4
-9.046343E-4
-9.056319E-4
-8.692589E-4
-8.291492999999999E-4
-8.181865E-4
-8.310548999999999E-4
-8.291165E-4
-8.110977E-4
-7.894687E-4
-7.348261E-4
-6.147394999999998E-4
-4.525776E-4
-3.074636E-4
-2.3575269999999998E-4
-2.556974E-4
-3.4052439999999995E-4
-4.4474349999999995E-4
-5.42023E-4
-6.405683999999999E-4
-7.761425999999999E-4
-0.001003476
-0.0013594309999999997
-0.001826894
-0.002365851
-0.0029471119999999996
-0.0035878209999999997
-0.004325524
-0.005146051
-0.006000729
-0.006831664
-0.007584286
-0.008251436
-0.00886254
-0.009423339
-0.009902275
-0.01026407
-0.010520809999999998
-0.01074949
-0.011017219999999998
-0.01132876
-0.0116685
-0.01201404
-0.012330779999999998
-0.012576789999999997
-0.012693789999999998
-0.01262839
-0.012362649999999998
-0.011921389999999999
-0.011328
-0.010563809999999998
-0.009604274
-0.008468492
-0.007215233999999999
-0.005929324
-0.004662482999999999
-0.003420807
-0.002240437
-0.0011860169999999997
-2.757301999999999E-4
5.182694999999999E-4
0.0011983149999999997
0.0017440119999999999
0.00215353
0.002455652
0.002695084
0.0029408689999999996
0.0032670469999999995
0.00368657
0.004192343999999999
0.004812147999999999
0.005565981
0.006399638
0.007207909999999999
0.007917469999999998
0.008483291999999998
0.008845702
0.008947351999999999
0.008764467999999997
0.008318379999999998
0.007641584999999999
0.006756861999999999
0.005686391999999999
0.004475826
0.003213007
0.001995391
8.818569999999999E-4
-6.152416E-5
-7.724409999999999E-4
-0.001282343
-0.0016602569999999998
-0.00193607
-0.0020950909999999994
-0.0021407289999999996
-0.002125697
-0.0021124409999999996
-0.0021554449999999998
-0.002292883
-0.0025227329999999997
-0.002779794
-0.00301398
-0.003228585
-0.0034635039999999996
-0.0037275909999999997
-0.003999492
-0.004259711
-0.004501777
-0.004715066999999999
-0.004900778
-0.005073541
-0.005223069999999999
-0.005320733
-0.005366633
-0.005421741999999999
-0.005559258
-0.005764074
-0.005992889
-0.006232962999999999
-0.006501788999999999
-0.006833010999999999
-0.007241437999999999
-0.007731579999999999
-0.008323608
-0.008975267
-0.009599045999999998
-0.010145119999999999
-0.01060422
-0.010976149999999999
-0.011280129999999998
-0.011537349999999998
-0.01170978
-0.011734769999999999
-0.01159072
-0.01128963
-0.01084952
-0.01028413
-0.009603207
-0.008827419999999999
-0.007987588999999998
-0.007120273
-0.006259414999999999
-0.005435908
-0.004672963
-0.003974321
-0.0033378129999999994
-0.0027634519999999996
-0.002268009
-0.0018618729999999998
-0.001563378
-0.0013907
-0.0013431649999999997
-0.001399401
-0.0015564389999999997
-0.0018233269999999998
-0.0021599989999999997
-0.0024824359999999998
-0.0027398549999999994
-0.0029355129999999994
-0.003081065
-0.003171597
-0.003210829
-0.0032020299999999994
-0.003146553
-0.003070772
-0.0030039119999999996
-0.002970162
-0.002979574
-0.0030298729999999998
-0.003112791
-0.0032018979999999995
-0.0032364209999999997
-0.0031467739999999998
-0.0029229649999999996
-0.0025792169999999995
-0.0020856499999999997
-0.00138233
-4.0181539999999995E-4
8.997974999999999E-4
0.0025813529999999998
0.004706790999999999
0.007268139
0.01021517
0.013481749999999999
0.01696364
0.020535009999999996
0.02408791
0.02752731
0.030743029999999998
0.03360315999999999
0.03602063999999999
0.03799621999999999
0.03960165
0.040915299999999995
0.04200256
0.04292899
0.043746469999999996
0.04447800999999999
0.04511840999999999
0.04565929999999999
0.04611888
0.046517659999999995
0.04682692
0.04696502
0.0468546
0.046477639999999994
0.04583364
0.04491675
0.04373052999999999
0.04225932999999999
0.04047338999999999
0.03840099
0.0361302
0.03372263
0.03121182
0.02864326
0.02607343
0.02355892
0.021145459999999998
0.01887456
0.016795689999999995
0.014962529999999998
0.013416289999999999
0.012211809999999998
0.011420169999999999
0.01106587
0.011121649999999999
0.011540399999999998
0.012289779999999998
0.013301629999999998
0.014464399999999999
0.01567791
0.016863459999999997
0.01793394
0.0187779
0.019302689999999997
0.01948507
0.01932444
0.01881372
0.01797868
0.016859669999999997
0.015467509999999999
0.01382363
0.011995929999999998
0.01007621
0.008153572
0.006337765999999999
0.004729364
0.0033826099999999994
0.0023042319999999994
0.001476015
8.939292999999999E-4
5.772933E-4
5.135646E-4
6.765308E-4
0.0010688989999999999
0.0016660409999999998
0.0023615129999999995
0.003020037
0.003541199
0.0038848219999999996
0.004058871999999999
0.004070097999999999
0.003934289
0.0036882219999999997
0.0033742179999999996
0.003059546
0.0028590669999999994
0.0029116209999999997
0.0032936999999999997
0.003960201
0.004847163999999999
0.005953997
0.007293147999999999
0.00881528
0.01041861
0.012006469999999998
0.01350328
0.014851719999999999
0.01603177
0.017059009999999996
0.017963019999999996
0.01876249
0.01946075
0.02006565
0.0206239
0.02120934
0.021865419999999997
0.02262425
0.023481919999999996
0.02433824
0.025071759999999995
0.025674069999999997
0.026203419999999998
0.026685349999999997
0.02711433
0.027460469999999997
0.027715199999999995
0.027892609999999998
0.028009179999999998
0.028092689999999997
0.02818197
0.028289389999999998
0.02840252
0.028505059999999995
0.02859204
0.028647779999999998
0.028610139999999996
0.028397239999999997
0.02794168
0.027209489999999996
0.026241699999999996
0.02513139
0.023933169999999997
0.022654739999999996
0.02133219
0.02004934
0.018898159999999997
0.017926219999999996
0.01708143
0.01629537
0.015545779999999999
0.0148417
0.014159009999999998
0.013454969999999998
0.01269856
0.01186384
0.010930039999999999
0.009903589
0.008810033999999998
0.007682842999999999
0.006589081
0.005645867
0.004948140999999999
0.004503669
0.004275233999999999
0.004221737999999999
0.004303147999999999
0.004483277
0.004720634
0.004962789
0.005140712
0.005179467999999999
0.005020851999999999
0.004655905999999999
0.004124599999999999
0.0034783499999999994
0.002743727
0.0019139759999999997
9.78931E-4
-4.054005999999999E-5
-0.001058489
-0.001975355
-0.002719928
-0.0032736
-0.003665891
-0.0038874719999999995
-0.003929753
-0.0038562089999999998
-0.0037656009999999995
-0.003733167
-0.0038010359999999994
-0.004005159
-0.004369299
-0.004880301
-0.005465922999999999
-0.006048756999999999
-0.006587394999999999
-0.007066801999999999
-0.007498539999999999
-0.007899262
-0.008272701999999998
-0.008594924
-0.008841197999999998
-0.009018492999999999
-0.00912929
-0.009167231
-0.009145566999999999
-0.009106613
-0.009068086
-0.009018752999999997
-0.008953338
-0.008871008
-0.008773176999999998
-0.008660132999999999
-0.008536133
-0.008431531999999999
-0.008379737
-0.008416538999999999
-0.008589777
-0.008936819
-0.009446021999999998
-0.01003908
-0.010627179999999998
-0.01115372
-0.011588759999999998
-0.011910069999999998
-0.0120955
-0.012120679999999998
-0.011971239999999998
-0.011662669999999998
-0.011231069999999998
-0.01072388
-0.01020524
-0.009736219
-0.009364646999999999
-0.009108076
-0.008962702
-0.008937195
-0.009072585999999999
-0.009428855999999998
-0.010018429999999998
-0.01076448
-0.011584389999999998
-0.0124207
-0.013199839999999997
-0.013835989999999998
-0.014275949999999999
-0.014528129999999998
-0.014649009999999999
-0.01468742
-0.01468034
-0.014671289999999998
-0.014691499999999998
-0.01476183
-0.014920039999999999
-0.015191649999999998
-0.015553999999999998
-0.01599166
-0.01654837
-0.01729374
-0.018222289999999995
-0.019247979999999998
-0.0202841
-0.02128941
-0.022262849999999997
-0.023224369999999998
-0.02421675
-0.02524866
-0.02629517
-0.02733837
-0.028383459999999996
-0.02943239
-0.03047256
-0.03146033
-0.03234543
-0.03307052
-0.03356673
-0.03378968
-0.03375573
-0.03352601
-0.03313284
-0.03254166
-0.03172405
-0.030730219999999996
-0.029646319999999997
-0.028536269999999996
-0.02744469
-0.02641113
-0.02549294
-0.024727429999999998
-0.024097649999999998
-0.02354648
-0.02302576
-0.022515119999999996
-0.02200615
-0.02150871
-0.021003599999999997
-0.020437929999999997
-0.01980778
-0.01920328
-0.01870321
-0.01826807
-0.017797499999999997
-0.01725249
-0.016677009999999996
-0.01612687
-0.015617449999999998
-0.015143289999999998
-0.014695909999999998
-0.014259689999999998
-0.013817489999999998
-0.013376119999999998
-0.01295626
-0.01255975
-0.01217864
-0.0118178
-0.011487439999999998
-0.01114838
-0.01073692
-0.010272359999999998
-0.009802812
-0.009321879
-0.008787750999999998
-0.008150704
-0.007373572999999999
-0.006449698
-0.005402081999999999
-0.00425434
-0.0030095769999999994
-0.0016657419999999998
-2.650157E-4
0.001082891
0.0022685869999999994
0.0032455489999999995
0.004005489
0.004520772
0.004782354999999999
0.004804575
0.004576802999999999
0.0040433629999999995
0.0031793089999999995
0.002052665
7.695066999999999E-4
-5.962879999999999E-4
-0.002003501
-0.0034265639999999996
-0.004836004
-0.006177358
-0.007375198
-0.008368471999999998
-0.009123169999999998
-0.009620438999999998
-0.00987343
-0.009927696
-0.009836689
-0.009647928999999998
-0.009398109999999998
-0.009111103
-0.008803328
-0.008505556
-0.008237550999999997
-0.007992942
-0.007767754
-0.007566925999999999
-0.007400929
-0.007276724
-0.00721016
-0.007228373999999999
-0.007327499999999999
-0.007475701999999999
-0.007658626
-0.007896044
-0.00821101
-0.008590074
-0.009023153
-0.009538506
-0.010161519999999999
-0.010890469999999998
-0.01171415
-0.012643
-0.01368737
-0.014852229999999998
-0.01612481
-0.01742512
-0.018620299999999996
-0.019615069999999995
-0.02040293
-0.021015199999999998
-0.02145087
-0.02167873
-0.0216887
-0.02150508
-0.021155909999999997
-0.020650979999999996
-0.01998364
-0.019156259999999998
-0.018177919999999997
-0.017074309999999995
-0.0159138
-0.014768859999999998
-0.013648739999999998
-0.01254179
-0.01146746
-0.01043206
-0.009428873999999999
-0.008464708
-0.007579191999999999
-0.006821328
-0.006204612
-0.005721908999999999
-0.005372940999999999
-0.005161137999999999
-0.005074569999999999
-0.005112602999999999
-0.0052978669999999995
-0.005624064999999999
-0.006025544
-0.006447713999999999
-0.006894874999999999
-0.007381203999999999
-0.007878378
-0.008347124
-0.008768315
-0.009157118
-0.009515208999999998
-0.009805392999999999
-0.010014789999999999
-0.010161
-0.01026214
-0.01033985
-0.01043375
-0.010558669999999997
-0.010681439999999999
-0.01074752
-0.01073097
-0.01066417
-0.0106053
-0.01056957
-0.010546919999999998
-0.01054926
-0.010563769999999998
-0.01053085
-0.01041423
-0.0102331
-0.01003277
-0.009840066
-0.009668103999999999
-0.009511764
-0.009333558
-0.009096337
-0.008797585999999998
-0.008467308999999998
-0.008127573
-0.007792992999999999
-0.007474106999999999
-0.00718076
-0.006926056
-0.006712256999999999
-0.006523059999999999
-0.006334968999999999
-0.006117731999999999
-0.005814404999999999
-0.00539761
-0.004912589
-0.00443147
-0.003985449
-0.0035956109999999994
-0.0033178699999999997
-0.003180875
-0.0031824739999999994
-0.0033331359999999996
-0.003654208
-0.004132623999999999
-0.004734234
-0.005447251999999999
-0.006238852999999999
-0.007062315
-0.007896413
-0.008755259999999999
-0.009647460999999998
-0.010533789999999998
-0.01137084
-0.012155139999999998
-0.012904769999999998
-0.01362048
-0.014282739999999999
-0.01487848
-0.015415149999999999
-0.015944509999999995
-0.016515099999999998
-0.017109199999999998
-0.017680609999999996
-0.01821923
-0.01875613
-0.01930652
-0.01984214
-0.02032962
-0.02074164
-0.021040409999999996
-0.021213679999999995
-0.021284049999999995
-0.02125643
-0.02109807
-0.020780129999999997
-0.02031418
-0.01974084
-0.01911035
-0.01846699
-0.01783879
-0.017242949999999996
-0.0166861
-0.01616818
-0.01568765
-0.015265159999999998
-0.01495271
-0.014798249999999999
-0.014810739999999998
-0.01492954
-0.01508615
-0.01528048
-0.015499639999999999
-0.01568025
-0.01577425
-0.015768
-0.015644759999999997
-0.015371449999999998
-0.014948249999999998
-0.01441825
-0.013816849999999999
-0.013157669999999998
-0.01246246
-0.0117601
-0.01106035
-0.010358269999999998
-0.009650695
-0.008951692
-0.008294239999999998
-0.007679665999999999
-0.007098335999999999
-0.0065615199999999995
-0.006078266999999999
-0.005633289999999999
-0.005219549
-0.004859041999999999
-0.004546205999999999
-0.004262797999999999
-0.004033939
-0.0038634509999999995
-0.003696344
-0.0034716189999999996
-0.003179618
-0.002852798
-0.002530217
-0.002240655
-0.002005598
-0.001852459
-0.0017811509999999997
-0.00177515
-0.0018566199999999998
-0.0020957669999999997
-0.002515056
-0.0030596939999999995
-0.003679523
-0.004358256
-0.005094229
-0.00586409
-0.006631824999999999
-0.007368339
-0.008065895999999998
-0.008731536
-0.009361968
-0.00992722
-0.010399619999999998
-0.01079674
-0.011164809999999999
-0.011546939999999999
-0.01197812
-0.012471869999999998
-0.013029149999999998
-0.013657549999999997
-0.014334769999999998
-0.015009179999999999
-0.015666399999999997
-0.01633179
-0.01700821
-0.0176451
-0.01817156
-0.01854304
-0.0187745
-0.018922009999999996
-0.01903376
-0.019129099999999996
-0.019206969999999997
-0.01928826
-0.01943174
-0.019665959999999996
-0.01996424
-0.020293729999999996
-0.020670589999999996
-0.02116916
-0.021814059999999996
-0.022556309999999996
-0.023347429999999995
-0.024164809999999995
-0.024992669999999998
-0.025821359999999998
-0.02663452
-0.02739993
-0.028089529999999998
-0.02867905
-0.02915073
-0.029520629999999996
-0.029799579999999996
-0.02997776
-0.030076239999999997
-0.030132069999999997
-0.030142879999999997
-0.03006966
-0.02987514
-0.0295585
-0.029138139999999996
-0.028642259999999996
-0.0280977
-0.027521779999999996
-0.026924039999999996
-0.026323129999999997
-0.025773879999999996
-0.02529912
-0.024879699999999998
-0.02448428
-0.02408857
-0.02368954
-0.023288709999999997
-0.022877119999999997
-0.022440809999999995
-0.02197468
-0.02145565
-0.020851599999999998
-0.020183999999999997
-0.01951444
-0.01888322
-0.01831081
-0.01780364
-0.017358689999999996
-0.016958029999999995
-0.016586829999999997
-0.01624729
-0.01595263
-0.0156881
-0.015397219999999998
-0.015029229999999998
-0.01458352
-0.0140854
-0.013548079999999999
-0.0129687
-0.012344969999999999
-0.011696019999999998
-0.01105017
-0.01044212
-0.009906258999999999
-0.009435014999999998
-0.008979557
-0.008535949999999999
-0.008129069
-0.007755793
-0.007426498
-0.007173900999999999
-0.007043765999999999
-0.007066163
-0.007250275999999999
-0.0075861769999999995
-0.008033747
-0.008541521999999998
-0.009046426
-0.009498000999999999
-0.009874133
-0.01014195
-0.01026737
-0.0102555
-0.01013206
-0.009870205999999998
-0.009441903
-0.008888218
-0.00828737
-0.007712835999999999
-0.007184109999999999
-0.006676564999999999
-0.006184723999999999
-0.005711587
-0.005260324
-0.0048585519999999995
-0.0045497459999999995
-0.004375178
-0.0043633629999999994
-0.004496227
-0.004711218999999999
-0.004966305999999999
-0.005228859999999999
-0.005504792999999999
-0.005875133999999999
-0.006389733
-0.0070023099999999994
-0.007635038999999999
-0.008260567
-0.008895259999999999
-0.009543024
-0.01018054
-0.010772649999999998
-0.011254009999999998
-0.01155105
-0.01162769
-0.011486199999999998
-0.01115028
-0.010643019999999998
-0.009974040999999998
-0.009173249999999999
-0.008301455
-0.007377194
-0.006396426
-0.005421212999999999
-0.004526545999999999
-0.0037142059999999994
-0.0029532549999999997
-0.0022452739999999994
-0.001608252
-0.001034559
-4.891469E-4
4.8938939999999996E-5
5.730331E-4
0.001063905
0.0015216239999999998
0.001963461
0.002394988
0.002806064
0.0032017169999999998
0.0035908849999999994
0.003961802
0.004302272
0.004607439
0.004872237
0.005112226999999999
0.005335726
0.005508943
0.005584244999999999
0.005545028999999999
0.005399031
0.005169096
0.004890288
0.004573839
0.004200271999999999
0.0037539559999999997
0.003227351
0.002633909
0.001984031
0.0012930549999999998
5.783227999999999E-4
-1.63889E-4
-9.509813999999999E-4
-0.0018093069999999998
-0.002764104
-0.0038029699999999997
-0.004866915999999999
-0.005899555
-0.0068939019999999995
-0.007870368
-0.008821003
-0.009736782999999999
-0.010633559999999998
-0.01153213
-0.01243895
-0.01334621
-0.014211049999999998
-0.014984359999999999
-0.01564418
-0.01621267
-0.016731069999999997
-0.01721306
-0.01762966
-0.01799652
-0.01838168
-0.01880519
-0.019229459999999997
-0.01964062
-0.02004777
-0.02046854
-0.020904719999999998
-0.02133094
-0.021711389999999997
-0.02202019
-0.022268429999999995
-0.022494509999999995
-0.02271945
-0.02295251
-0.023178809999999998
-0.023363049999999996
-0.02350176
-0.02362448
-0.023749349999999995
-0.02388717
-0.02406159
-0.02426583
-0.02443331
-0.02450255
-0.02447863
-0.024400279999999996
-0.024290339999999997
-0.0241293
-0.023900849999999998
-0.02361281
-0.02326744
-0.02288128
-0.022481299999999996
-0.02208302
-0.021700519999999997
-0.021362879999999997
-0.02108962
-0.0208852
-0.02073245
-0.020628689999999998
-0.02059667
-0.0206284
-0.02067565
-0.020714199999999995
-0.020758419999999996
-0.02081793
-0.0208661
-0.02087003
-0.02083372
-0.020785709999999995
-0.02072754
-0.02066098
-0.020605159999999997
-0.02057072
-0.02056915
-0.020595119999999998
-0.02063989
-0.020689629999999997
-0.020701999999999998
-0.020652259999999995
-0.020552669999999995
-0.02041321
-0.02023917
-0.020027659999999996
-0.019775699999999997
-0.019485789999999996
-0.019166929999999995
-0.01882989
-0.01848195
-0.01813061
-0.017773319999999995
-0.01739515
-0.01700129
-0.01660588
-0.016203869999999995
-0.01579758
-0.01540849
-0.015054419999999999
-0.01469154
-0.014258119999999999
-0.01374839
-0.013176639999999998
-0.012556939999999999
-0.01190411
-0.01122352
-0.01050439
-0.009756664999999998
-0.008980961
-0.008164629999999999
-0.007312660999999999
-0.00644664
-0.00558103
-0.004734927999999999
-0.003938877
-0.003185164
-0.002441545
-0.001692602
-9.642922999999999E-4
-2.8521279999999997E-4
3.265844E-4
8.687451E-4
0.0013920409999999997
0.001967755
0.002615681
0.003295128
0.003960182999999999
0.004603809
0.005234859
0.005861717
0.006507164999999999
0.007185859999999999
0.007884567
0.008582117
0.009267304999999998
0.009927982999999998
0.01055436
0.01114102
0.01170089
0.012265069999999998
0.01282666
0.01335661
0.013888859999999998
0.014496199999999999
0.015195789999999999
0.015925059999999998
0.01662486
0.01728367
0.01789928
0.018460369999999997
0.01895239
0.01935909
0.01967146
0.019902119999999995
0.020096599999999996
0.02031133
0.02055798
0.02080587
0.021034579999999997
0.021298329999999997
0.021657189999999996
0.02208345
0.022524339999999997
0.02297015
0.023428329999999997
0.02389072
0.024344369999999997
0.024785209999999995
0.025204889999999997
0.02557407
0.025865229999999996
0.02607297
0.02619573
0.026234079999999996
0.026195479999999997
0.026076829999999995
0.02589069
0.02566318
0.0254383
0.025262419999999997
0.025138279999999995
0.02504322
0.024986899999999996
0.02500742
0.02510149
0.02520055
0.025208219999999996
0.025076769999999998
0.0248157
0.024425329999999995
0.02392913
0.023389949999999996
0.02286441
0.022376519999999997
0.021935809999999997
0.021556909999999995
0.02125567
0.02104756
0.020950989999999996
0.020958549999999996
0.021044849999999997
0.021191089999999996
0.021393789999999996
0.02165055
0.02195038
0.02227717
0.022616599999999997
0.02296729
0.02334366
0.023746429999999995
0.024166089999999998
0.02459624
0.025038169999999995
0.0254939
0.025945239999999998
0.02634937
0.026641839999999996
0.026797529999999996
0.026829269999999995
0.02676139
0.026598239999999995
0.02633744
0.02600425
0.02563543
0.025241649999999997
0.024814539999999996
0.024364469999999996
0.023914559999999998
0.02351043
0.023196759999999997
0.022954499999999996
0.0227171
0.02242122
0.02205438
0.021633709999999997
0.02118679
0.02073028
0.02027701
0.01984372
0.019441489999999995
0.0190639
0.01871139
0.0184162
0.018223829999999996
0.01812921
0.018086529999999996
0.0180549
0.01800502
0.01792011
0.01778201
0.01757288
0.017282099999999998
0.016912979999999998
0.01648492
0.016035299999999995
0.015588119999999999
0.01514057
0.01469056
0.014244879999999998
0.01383068
0.013479999999999999
0.013219849999999998
0.0130838
0.0131062
0.013273509999999999
0.013518119999999998
0.013798459999999999
0.01411796
0.014482269999999998
0.014852549999999999
0.015158599999999998
0.015371599999999997
0.015505589999999998
0.015579859999999997
0.015603119999999998
0.015573
0.015481979999999998
0.015323139999999999
0.015114439999999998
0.014897159999999998
0.014689409999999998
0.01447112
0.014230309999999998
0.013980059999999999
0.013729339999999998
0.013458519999999998
0.013167649999999998
0.012880779999999998
0.012614869999999999
0.012365589999999997
0.0121028
0.011820549999999999
0.011551479999999998
0.011341689999999998
0.01120113
0.01110935
0.011044509999999999
0.010992209999999999
0.01093282
0.010858519999999998
0.010744459999999999
0.010557369999999998
0.01030983
0.010058829999999998
0.009824747
0.009587921
0.009339511
0.00908085
0.008838712
0.008647491
0.00851036
0.008406811
0.008309467
0.008186348999999999
0.008035665
0.007888090999999998
0.007752746
0.007594458999999999
0.007379593999999999
0.007122659999999999
0.006853568
0.0065714499999999995
0.006275614
0.00597838
0.005673278
0.005337745999999999
0.004963947
0.004580963999999999
0.0042408509999999995
0.004011324999999999
0.003935213
0.004024991
0.004291689
0.004729562999999999
0.005290862
0.005942473999999999
0.006676800999999999
0.007481409999999999
0.008320835
0.009152626
0.009914711
0.01052859
0.01097468
0.011317379999999998
0.011629189999999998
0.011912879999999999
0.012132289999999999
0.012277149999999999
0.0123652
0.012420279999999999
0.012459499999999998
0.012489229999999999
0.012494329999999998
0.01245678
0.01238678
0.01231169
0.012257669999999998
0.012233579999999999
0.012210569999999999
0.012190369999999999
0.01219657
0.012203819999999999
0.01218949
0.012169259999999998
0.012177139999999998
0.012213209999999999
0.01225768
0.01231259
0.01237922
0.012434749999999998
0.012470569999999999
0.01250171
0.012529979999999998
0.012553289999999998
0.012575709999999999
0.01260399
0.01263902
0.012652749999999999
0.012623149999999998
0.012583099999999998
0.012584019999999998
0.012625809999999998
0.012711839999999999
0.012903379999999999
0.013228019999999998
0.013635949999999999
0.01405002
0.014427749999999998
0.014769089999999999
0.015087469999999999
0.01537673
0.01559848
0.01574464
0.01583439
0.01586497
0.015824209999999995
0.01569544
0.01547367
0.015195269999999999
0.014935959999999998
0.014746889999999999
0.01461637
0.014519109999999998
0.014445329999999998
0.014363489999999998
0.01423814
0.014066249999999999
0.013878039999999998
0.01368851
0.013462879999999998
0.013167779999999999
0.012846069999999998
0.01257124
0.012370639999999999
0.012213019999999998
0.012048299999999998
0.011866519999999998
0.01170772
0.011606159999999999
0.01157812
0.011609739999999999
0.011677239999999998
0.011782869999999999
0.011944239999999998
0.012176049999999999
0.01246246
0.012753159999999998
0.01303652
0.01336591
0.013778359999999998
0.014243479999999998
0.01468656
0.015043199999999998
0.015284899999999999
0.0154169
0.015446499999999998
0.015344559999999998
0.01511109
0.014797079999999999
0.014425149999999998
0.013942389999999999
0.013265339999999999
0.012386829999999998
0.01140469
0.010412789999999998
0.009418846
0.008407708
0.007381300999999999
0.006342062
0.005285674
0.00424477
0.0032812629999999995
0.0024208629999999997
0.0016470799999999998
9.232208E-4
2.438766E-4
-3.519075E-4
-8.226271999999999E-4
-0.001171206
-0.001407832
-0.001536406
-0.0015866209999999999
-0.0015532889999999998
-0.001391689
-0.001092533
-7.158356999999999E-4
-3.362751E-4
2.9693629999999995E-5
4.0667849999999995E-4
8.229950999999999E-4
0.0012759699999999998
0.0017362169999999998
0.002195544
0.0026561359999999995
0.0031240219999999997
0.0036297819999999994
0.004190148
0.004770895
0.005328074
0.005858363999999999
0.0063436329999999996
0.006770382999999999
0.0071522159999999994
0.007497484999999999
0.007778105999999999
0.007958805
0.00803422
0.008033439
0.007981478
0.007859487
0.007648181
0.007373527
0.007055991
0.006679854
0.006253549999999999
0.005801167
0.005322102999999999
0.004845741
0.004398055
0.0039559109999999995
0.0034537179999999997
0.002820522
0.002068605
0.0012787959999999998
5.127182999999999E-4
-2.152873E-4
-9.041995999999999E-4
-0.0015493189999999997
-0.002159859
-0.002727537
-0.0032049119999999994
-0.003520973
-0.0036381199999999995
-0.003592086
-0.0034424909999999998
-0.003239805
-0.0030011789999999997
-0.0026876959999999994
-0.0022518309999999997
-0.001683142
-0.001030543
-3.8080319999999994E-4
2.4231709999999998E-4
8.798090999999999E-4
0.0015436599999999999
0.002220788
0.0029082489999999995
0.0036089389999999994
0.0043057699999999996
0.004961563999999999
0.005537637
0.006022499999999999
0.006424509999999999
0.006752299
0.007007415
0.00718128
0.007245409999999999
0.007166968
0.006949334999999999
0.006639919999999999
0.006256395
0.005782836999999999
0.005246068
0.00470333
0.004170817999999999
0.003628244
0.003063306
0.0024837739999999994
0.0019016039999999999
0.001326757
7.781259E-4
2.8212659999999994E-4
-1.461144E-4
-5.108745E-4
-8.297615999999999E-4
-0.001120652
-0.0013978
-0.001676759
-0.001986859
-0.002292096
-0.002522806
-0.002711175
-0.0029205719999999998
-0.003113518
-0.003238766
-0.003315239
-0.0033861029999999997
-0.0035044919999999997
-0.0036644249999999994
-0.0038061999999999996
-0.003908593999999999
-0.004004579999999999
-0.004148302999999999
-0.00439534
-0.0047533
-0.005179009
-0.005640238
-0.006122037999999999
-0.006592025
-0.00702168
-0.007452089999999999
-0.007936821
-0.008441857
-0.008879287999999999
-0.00921252
-0.009489719999999998
-0.009784170999999998
-0.01010257
-0.010410559999999998
-0.01068644
-0.01089963
-0.011026989999999999
-0.0110932
-0.011127039999999998
-0.01114111
-0.011143479999999999
-0.01113077
-0.01108187
-0.01098473
-0.0108307
-0.01063112
-0.010425039999999998
-0.010235619999999999
-0.010056299999999999
-0.009886951
-0.009759665
-0.009691271
-0.009640898
-0.009547686999999997
-0.009401327999999999
-0.009218567
-0.009006688999999998
-0.008768459999999999
-0.008503367999999999
-0.008227447
-0.007961857999999999
-0.007714347999999999
-0.007468917
-0.007220304
-0.006985904
-0.006795826999999999
-0.006670362
-0.006593055
-0.006541887999999999
-0.006517763999999999
-0.006539548
-0.006628656999999999
-0.0067845119999999995
-0.006994277
-0.00726469
-0.007629034999999999
-0.008095844
-0.008618855999999998
-0.009134195
-0.009607254
-0.010037439999999998
-0.01043933
-0.01081192
-0.011122749999999999
-0.011347279999999998
-0.01150478
-0.01165057
-0.01182329
-0.01201318
-0.012177949999999998
-0.01229519
-0.012398439999999998
-0.01251933
-0.012667499999999998
-0.01285627
-0.013084549999999999
-0.01334627
-0.013653049999999998
-0.01401251
-0.01443057
-0.01491203
-0.0154369
-0.01595445
-0.01642165
-0.016828499999999996
-0.01721605
-0.01761444
-0.01799759
-0.01834082
-0.01862983
-0.01887648
-0.01908542
-0.019254079999999996
-0.01940064
-0.01954479
-0.019674539999999997
-0.019771379999999998
-0.019833129999999997
-0.0198592
-0.019857329999999996
-0.01984975
-0.01983786
-0.019785049999999995
-0.019656139999999996
-0.019451009999999998
-0.0192562
-0.019162619999999995
-0.01914565
-0.019124209999999996
-0.01908015
-0.01904575
-0.019043799999999996
-0.01908224
-0.019165409999999997
-0.019288909999999996
-0.01943119
-0.019555039999999996
-0.0196424
-0.019700939999999997
-0.019748099999999998
-0.01980844
-0.01989214
-0.0200037
-0.020143489999999997
-0.02027927
-0.020380729999999996
-0.020462219999999996
-0.02051455
-0.020472249999999997
-0.02029859
-0.02002067
-0.01968233
-0.01930837
-0.018903
-0.01847404
-0.018040089999999998
-0.017630269999999996
-0.01728385
-0.01702199
-0.01684224
-0.016734429999999998
-0.01668313
-0.016684109999999995
-0.016734829999999996
-0.01681456
-0.016913219999999996
-0.01705759
-0.01723955
-0.017417099999999998
-0.017582989999999996
-0.01774562
-0.01791235
-0.01807278
-0.01822257
-0.01837692
-0.018543359999999995
-0.01871266
-0.018848709999999998
-0.018920099999999995
-0.01892211
-0.01886447
-0.018776689999999995
-0.01867178
-0.01848977
-0.018194429999999998
-0.01785668
-0.01756678
-0.01733165
-0.01711522
-0.01691655
-0.01675623
-0.01663457
-0.0165364
-0.01645622
-0.01639656
-0.016365819999999996
-0.01637144
-0.01640775
-0.016464699999999995
-0.0165355
-0.01662258
-0.01675198
-0.02137683
-0.02156409
-0.0217349
-0.02183377
-0.021873169999999997
-0.021889459999999996
-0.021868219999999997
-0.021785119999999998
-0.02166894
-0.02154843
-0.02138437
-0.0211201
-0.02076074
-0.02036102
-0.01997089
-0.019611439999999997
-0.01927284
-0.018927289999999996
-0.018559059999999995
-0.01816903
-0.017771299999999997
-0.01739434
-0.017027969999999996
-0.01665798
-0.01630691
-0.01598347
-0.01566848
-0.01535629
-0.0150534
-0.014747119999999999
-0.014426749999999999
-0.01410863
-0.01382271
-0.013582319999999998
-0.01337635
-0.01320084
-0.01305438
-0.012926489999999999
-0.01282003
-0.01273235
-0.01266984
-0.0126355
-0.0126223
-0.012641349999999999
-0.01270528
-0.01279617
-0.012865209999999998
-0.01289806
-0.012935
-0.012991789999999998
-0.013044399999999998
-0.013044619999999998
-0.012965069999999999
-0.01281089
-0.01259368
-0.012343959999999998
-0.01207567
-0.011788489999999999
-0.011476069999999998
-0.01113506
-0.01076879
-0.01039272
-0.01001478
-0.00963917
-0.009282617999999998
-0.008945589999999998
-0.008616816999999999
-0.00829951
-0.008009656999999998
-0.007763346
-0.007570397999999999
-0.007429330999999999
-0.007312705
-0.007195042999999999
-0.007062379999999999
-0.006897725999999999
-0.006680253
-0.006417175
-0.006142408
-0.005892691
-0.005680854999999999
-0.005477573999999999
-0.005250456999999999
-0.005021287
-0.004821211
-0.004642623
-0.004448323
-0.004223656
-0.003990102
-0.0037744959999999996
-0.0036017389999999996
-0.0034941449999999997
-0.0034651439999999994
-0.0034504719999999996
-0.003352465
-0.0031494009999999996
-0.0028845749999999995
-0.0026211519999999994
-0.00240389
-0.0022168649999999997
-0.002006233
-0.001725665
-0.001353575
-9.248831999999999E-4
-5.184504E-4
-1.8940179999999999E-4
8.014018999999999E-5
3.252954999999999E-4
5.495749E-4
7.405864E-4
8.974469E-4
0.001021937
0.001104566
0.0011384509999999997
0.001146528
0.001162622
0.001177436
0.001166073
0.001153893
0.0011588379999999997
0.0011649969999999999
0.0011417649999999999
0.001079778
9.820175E-4
8.362268E-4
6.596822999999999E-4
5.039005999999999E-4
4.0102939999999993E-4
3.44864E-4
3.2377089999999995E-4
3.3299899999999995E-4
3.683043E-4
4.520363E-4
6.243597E-4
8.912317999999999E-4
0.00122398
0.0015634679999999997
0.001867692
0.0021380109999999996
0.0023935919999999995
0.0026520759999999997
0.002909553
0.0031505799999999996
0.0033567189999999998
0.0035177829999999996
0.003658822
0.0038243149999999996
0.004014067
0.004186559999999999
0.004331638
0.004472075999999999
0.004614180999999999
0.004741218
0.004831513
0.004877891999999999
0.004876375999999999
0.004845256
0.004829555
0.004860643
0.004926195999999999
0.004996837999999999
0.005070507
0.0051662869999999994
0.005296566
0.005447106
0.005618406
0.005826883999999999
0.006067008999999999
0.006324715999999999
0.006587181
0.006867902
0.007197478
0.007577062999999999
0.007992893
0.008430475
0.008887351999999998
0.009362809
0.009852398
0.01035324
0.01086682
0.011391849999999999
0.011926909999999999
0.01247941
0.01303509
0.013544809999999997
0.013990529999999998
0.014409599999999998
0.014845499999999998
0.015299759999999999
0.0157512
0.016196409999999998
0.01664112
0.0170814
0.01750966
0.01791554
0.01828705
0.018623969999999997
0.0189305
0.019200619999999998
0.01942122
0.01957479
0.019647379999999996
0.01967342
0.01971266
0.01976792
0.01981387
0.019856359999999997
0.01990979
0.01997234
0.02004922
0.020159919999999998
0.0203041
0.02045103
0.020571129999999997
0.02065862
0.020723649999999996
0.020770409999999996
0.02078935
0.02078898
0.02079482
0.020821179999999998
0.02085453
0.0208802
0.020889039999999998
0.02088076
0.02088274
0.02092366
0.020996289999999997
0.021075109999999998
0.021158829999999997
0.021266789999999997
0.02139961
0.02153775
0.021675959999999998
0.021814399999999998
0.02196458
0.022150449999999995
0.022378969999999998
0.02263384
0.02289302
0.0231368
0.023364879999999998
0.023599519999999995
0.02385151
0.02410202
0.024337809999999998
0.024571509999999998
0.02480205
0.025002949999999996
0.025154269999999996
0.02525546
0.025319139999999997
0.02536044
0.02538474
0.02539172
0.02538511
0.025363559999999997
0.025330109999999996
0.02530192
0.025291109999999995
0.025293439999999997
0.02530623
0.02534153
0.025404459999999997
0.025469889999999995
0.02551873
0.02555674
0.02559094
0.025609569999999998
0.025582089999999995
0.02549834
0.025381109999999995
0.025241159999999995
0.02506773
0.024849569999999998
0.02457598
0.024250159999999996
0.0238969
0.02353683
0.02317395
0.02281223
0.022468589999999997
0.02216337
0.02189228
0.021618019999999998
0.021315459999999998
0.02100371
0.020714329999999996
0.020449139999999998
0.02019532
0.01994786
0.019698969999999996
0.019432679999999997
0.019136719999999996
0.01880742
0.01845086
0.01807554
0.01768717
0.017292819999999997
0.01690069
0.01651318
0.01613493
0.01577393
0.015428129999999998
0.01507986
0.01471645
0.01434028
0.01395463
0.01355158
0.013129579999999998
0.012705389999999999
0.012293869999999998
0.011893999999999998
0.011500959999999998
0.011117999999999998
0.010750119999999998
0.010393969999999999
0.010043409999999997
0.009702559
0.009380257
0.009079724
0.008791887999999998
0.008508787
0.008220678999999998
0.00791233
0.007583122
0.007251149
0.006930756999999999
0.0066216
0.006311241
0.006005389
0.005727847999999999
0.005493095999999999
0.005293039
0.005115587999999999
0.004961949
0.004835878
0.004742138999999999
0.004685610999999999
0.004661359999999999
0.004658469
0.004668494999999999
0.0046756179999999994
0.004652748999999999
0.004582760999999999
0.004480463
0.004374208
0.004272544999999999
0.004153874
0.00399083
0.003784988
0.003558021
0.0033240449999999994
0.0030870639999999996
0.0028479809999999994
0.002597084
0.0023307879999999994
0.0020628229999999997
0.0018106299999999997
0.001583305
0.001384587
0.0012098099999999997
0.001051714
9.047377999999999E-4
7.585794E-4
6.179696E-4
5.020410999999999E-4
4.160174999999999E-4
3.4446129999999995E-4
2.6826079999999993E-4
1.8033749999999999E-4
8.281752999999999E-5
-1.852498E-5
-1.222905E-4
-2.2779929999999999E-4
-3.3280789999999994E-4
-4.3885929999999993E-4
-5.434884999999999E-4
-6.441884999999999E-4
-7.442595999999999E-4
-8.446026999999999E-4
-9.341081999999999E-4
-0.001006465
-0.001068186
-0.0011271749999999998
-0.00118258
-0.001231302
-0.0012806899999999997
-0.001338545
-0.0014044689999999998
-0.0014761659999999997
-0.001558652
-0.001656279
-0.00176509
-0.0018803339999999998
-0.002003174
-0.002136791
-0.002277787
-0.002419496
-0.0025592729999999995
-0.002698788
-0.0028423249999999997
-0.002985498
-0.003119064
-0.0032464669999999994
-0.003372384
-0.003488365
-0.003587014
-0.0036747179999999996
-0.0037607
-0.0038452339999999995
-0.003925109
-0.004001119
-0.00407792
-0.004160303
-0.004249966
-0.0043461279999999994
-0.004444502
-0.004540786
-0.004636395
-0.004733847999999999
-0.004832742
-0.004931458
-0.005027736999999999
-0.005115565
-0.005187667
-0.005241701
-0.005284219999999999
-0.005321619999999999
-0.005354407
-0.00538151
-0.005402005
-0.005418499999999999
-0.005432978
-0.005442435
-0.005444618
-0.0054439499999999995
-0.005444431
-0.005446566999999999
-0.005448938999999999
-0.005448998
-0.005445627
-0.005437489999999999
-0.005424511999999999
-0.005409340999999999
-0.005392077999999999
-0.005370249999999999
-0.005343924
-0.005314459999999999
-0.005283444
-0.005253558999999999
-0.005227127999999999
-0.005204562
-0.005185174
-0.005167728
-0.005150371999999999
-0.005132493999999999
-0.005114952
-0.005098741
-0.005083565
-0.005069555999999999
-0.005057251999999999
-0.005045191
-0.005031772
-0.005017218999999999
-0.005001044
-0.004983104999999999
-0.004964262
-0.004945157999999999
-0.004925022999999999
-0.004903006
-0.004879098999999999
-0.004853633
-0.004827194999999999
-0.004800331
-0.004774158999999999
-0.0047492229999999995
-0.004725064
-0.004701125999999999
-0.004676971
-0.004652784
-0.004628481999999999
-0.004603726
-0.004579507
-0.004557785
-0.004538672
-0.0045205639999999995
-0.004503017999999999
-0.004486359
-0.004470714
-0.004456113
-0.004442725
-0.00443077
-0.0044199059999999995
-0.004409696999999999
-0.004400507
-0.004392574
-0.004385855999999999
-0.004379776999999999
-0.004373828
-0.004367949
-0.004362394999999999
-0.004357243999999999
-0.004352485
-0.004348255
-0.004344429
-0.004340763
-0.004337424999999999
-0.004334624
-0.004332269
-0.004330365
-0.004328711
-0.0043269089999999994
-0.004324642
-0.004321494
-0.0043172589999999995
-0.004312276999999999
-0.004307121999999999
-0.0043018349999999995
-0.004296
-0.004289463999999999
-0.004282403
-0.004275194
-0.004268194999999999
-0.004261473
-0.004254724
-0.004247571999999999
-0.004239898999999999
-0.004231993999999999
-0.0042239
-0.004215286
-0.004205973
-0.004196107
-0.004185972999999999
-0.0041757769999999994
-0.004165496
-0.004154974
-0.004144114
-0.004132996
-0.0041217599999999995
-0.00411047
-0.004099065999999999
-0.004087459
-0.004075663
-0.004063728999999999
-0.004051633
-0.004039282
-0.004026639
-0.004013759
-0.004000693
-0.003987454
-0.003974016999999999
-0.003960352
-0.003946444999999999
-0.003932308
-0.003917927
-0.003903284
-0.0038883929999999995
-0.003873291
-0.0038579919999999998
-0.0038424769999999995
-0.0038267379999999997
-0.0038107829999999994
-0.003794631
-0.0037782999999999996
-0.0037617919999999995
-0.003745095
-0.0037282029999999994
-0.0037111229999999998
-0.0036938669999999996
-0.0036764469999999994
-0.0036588679999999996
-0.0036411259999999997
-0.0036232189999999996
-0.003605149
-0.003586923
-0.0035685469999999996
-0.0035500279999999998
-0.00353137
-0.0035125769999999994
-0.0034936499999999996
-0.0034745919999999994
-0.0034554079999999997
-0.003436101
-0.0034166779999999994
-0.0033971399999999994
-0.0033774889999999996
-0.003357727
-0.0033378549999999994
-0.0033178769999999995
-0.0032977949999999996
-0.0032776099999999994
-0.0032573229999999995
-0.003236937
-0.003216452
-0.003195869
-0.0031751909999999995
-0.0031544169999999996
-0.0031335489999999994
-0.0031125889999999994
