0.262449293827
0.32174941991149997
0.3812000780735
0.454200290341
0.539899820159
0.6243107561669999
0.6904386642475
0.743660236396
0.7880612172020001
0.808187208864
0.7978497248995
0.776030222849
0.7590514793715
0.737436936306
0.7028223057345
0.67076701468
0.6452684498155
0.6261017446565
0.6218062358235
0.6346553009195001
0.661305166494
0.6987098870569999
0.7474249112645
0.808055015222
0.867113603517
0.9102217736535
0.935109972622
0.9585399227354999
0.9697243089940001
0.9181631988235
0.805146558965
0.7013011962529999
0.6194074311669999
0.5203800756
0.40169607464
0.28638918974050004
0.1539750942485
-0.042385508291349995
-0.300468695212
-0.5701020466294999
-0.7950236445025
-0.99187007829
-1.19554635347
-1.3814971087749999
-1.5165778285349998
-1.6234536422299999
-1.728285750065
-1.816722119765
-1.87399982042
-1.9289474610350001
-1.97963509289
-1.9913599236300001
-1.952316707985
-1.90625193094
-1.8484780137949999
-1.75030265998
-1.6528049456799998
-1.59888209999
-1.59792693228
-1.608334729925
-1.6190524177099999
-1.661176882785
-1.710090491655
-1.71936660189
-1.68503548157
-1.608621084105
-1.469454913955
-1.2824960350299999
-1.061719904245
-0.819461718236
-0.5337794898939999
-0.233288043254
0.031506608987
0.279201797889
0.5256930243704999
0.729937006519
0.8472976000615
0.8965230604015
0.917810453623
0.9382577111389999
0.9557660137164999
0.9390434199369999
0.931189470085
0.919547015205
0.8736481666779999
0.7518310391094999
0.500803648604
0.1423285205755
-0.23031751090249997
-0.5134584439635
-0.7066650415369999
-0.810524721958
-0.8072864680615
-0.7407177510634999
-0.6326519984575
-0.48598383912399995
-0.3198483027425
-0.14864282637749998
0.07368207844865
0.41412894550999996
0.82558067557
1.162806852445
1.386123886245
1.557153823575
1.7513519715299999
1.923349825215
2.023524754965
2.076325719895
2.12626412369
2.167855107005
2.2021695560200003
2.234612896215
2.2379344085699997
2.19561871382
2.0879730780999997
1.9221779305399997
1.74895914893
1.6317049575399998
1.607273650395
1.6920815595949998
1.8132495849999999
1.8959431804599998
1.9683966719900001
1.94280327682
1.7926781752949998
1.65270491785
1.61827965369
1.636203267895
1.6690349514299998
1.7317425941899998
1.7894478647849998
1.79591535046
1.7984778281049998
1.77797898761
1.62299272968
1.406300087955
1.212281401695
1.021857833325
0.8115602061315
0.5994328541809999
0.40724075455
0.21843204723549997
0.007454788796385
-0.305198050241
-0.7562297139005
-1.253794912475
-1.76016422722
-2.3236013803099995
-2.9004520692699995
-3.500984837315
-4.1853409268999995
-4.808133809779999
-5.291665398005
-5.76985824597
-6.190460561145
-6.412164401019999
-6.4921582257349995
-6.580614208735
-6.72134453956
-6.802746599214999
-6.666404744265
-6.286614764395
-5.793744303375
-5.246535194704999
-4.620692443675
-3.8917818011449996
-3.05075859382
-2.0692247246299997
-0.98103961403
0.0241339302904
0.8279027922234999
1.46572348363
2.0339688372149998
2.52473577181
2.87596290289
3.13386406858
3.3912758824349996
3.583909869715
3.609293402575
3.5486490789749996
3.4976290016849996
3.465924102235
3.43743872598
3.37538028345
3.298838399535
3.226302532145
3.107589111235
2.9322864164999998
2.669912437745
2.194666488105
1.56164232728
0.9632877142664998
0.442592158736
-0.14140414574649998
-0.784724014207
-1.29456213719
-1.647909466
-1.957118043825
-2.2573300009399997
-2.55648382052
-2.91935340648
-3.428303831505
-4.081352190964999
-4.6700071445299995
-4.99807096831
-5.128581789169999
-5.229658930719999
-5.238862471745
-5.11207327456
-4.949048505625
-4.737628899604999
-4.276333890255
-3.542523845385
-2.7535955241899996
-2.0222616584449997
-1.308417952975
-0.546044470916
0.185384715467
0.7727693155909999
1.272233375805
1.8195964488799998
2.379068773375
2.8226608181449997
3.25005718044
3.7113639577699997
4.100575186295
4.278197153754999
4.17799770738
3.772050449965
3.0539987109799998
2.035449641365
0.992433960665
0.1122381879815
-0.748201107612
-1.6732694629
-2.519352901625
-3.1713137035999996
-3.64618700054
-3.9459360837749995
-3.9381574489949998
-3.61796542317
-3.10541889959
-2.471478797655
-1.7277571716299998
-0.8950202893555
-0.06959009682975
0.7242198276355
1.4056959983150001
1.9660411146599996
2.514086730575
3.02110132289
3.456088032285
3.795119613425
3.938939039
3.7964346851899995
3.4391637157149995
2.974897291415
2.338098551005
1.54243109993
0.7206597194859999
0.11058694425449998
-0.262521863037
-0.5486015549034999
-0.691743242897
-0.636378623524
-0.3854822498625
-0.041385808583699994
0.2133590671905
0.31713333168999996
0.333399033646
0.366962685537
0.47223373902599997
0.5819333775885
0.6185386600434999
0.669528630918
0.7305547274025
0.7437009339935
0.7010975121325
0.5831729381485
0.4061587868555
0.165705514779
-0.10274152618799999
-0.3548990350395
-0.672583010127
-1.1839195892299998
-1.778701737715
-2.3180174738
-2.74538343548
-3.170224184785
-3.68910286227
-4.1412855324399995
-4.26694206155
-4.077076491565
-3.8680653987849998
-3.755908704065
-3.6109065965
-3.394600336785
-3.205608539315
-2.98412240707
-2.61618866705
-2.1128152838800003
-1.6568325368349999
-1.459426633665
-1.49438243759
-1.567168374555
-1.57971990589
-1.578877514655
-1.665230951895
-1.7261528036899998
-1.6389373619149998
-1.4206531008949999
-1.12837668496
-0.8242249062075
-0.7154338537675
-0.8736081555459999
-1.20429976926
-1.5810869528999998
-1.952901184325
-2.3777056490249997
-2.833526586345
-3.1852567985699998
-3.32668830487
-3.24603056995
-3.1250116056249997
-3.0605289592149996
-2.9612523186049997
-2.72238880256
-2.328082038695
-1.8588818887799998
-1.29970082179
-0.47082079689399997
0.694878232769
1.89337187683
2.808454904955
3.524028503485
4.171226215555
4.68635286875
4.97504299278
4.998242584684999
4.8002227852249995
4.444912165085
4.013960892165
3.5539358439899997
3.072891222205
2.6265415474549996
2.268847911365
2.0199570956949997
1.8487643679749999
1.851227798455
1.822670833655
1.59751897564
1.327658600275
1.052844885995
0.6349785281035
0.1971233735835
-0.125887181518
-0.40092929267649996
-0.619143240016
-0.7056097479305
-0.6238155203419999
-0.4015682939905
-0.168906993738
0.07617977336375
0.391601697529
0.6833752284519999
0.90696017993
1.13695750371
1.3221600116199999
1.42310574406
1.4444567824399999
1.48572316564
1.61132085485
1.77843990016
1.945253958655
2.13957763173
2.28233303578
2.3414749805999997
2.3929834290599996
2.431369599155
2.42770485405
2.4242960625100003
2.471725925235
2.46447390756
2.339151785215
2.2287181189000003
2.210857267255
2.3019875237100003
2.5161539723949997
2.76056216835
2.85846783929
2.94574506296
3.2402181684949998
3.634741659325
3.9628398063800003
4.13581342174
4.08630945254
3.7203154678899995
2.990217240045
2.03791797517
0.9871736736049999
-0.06304237314444999
-1.17533877048
-2.526331313765
-4.11763973796
-5.746450753085
-7.18211979646
-8.298319564115001
-9.181559419025
-10.0469717649
-10.9619125966
-11.804656871
-12.42664364725
-12.76456119295
-12.857940114249999
-12.5757537605
-11.8545727195
-10.9259221911
-9.98239497465
-9.055010484764999
-8.02933001927
-6.88745546125
-5.7626758555099995
-4.618291775755
-3.2895819026
-1.841081838365
-0.428917177577
0.937084835799
2.34627043245
3.77965158438
5.02017515741
5.9760577721949995
6.768156583334999
7.517125747774999
8.21148854302
8.798332208329999
9.350748648149999
9.84861265535
10.12000188745
10.180302978299999
10.159993406149999
10.07908854365
9.9479245999
9.744337565235
9.397490084045
8.876190144675
8.17645526656
7.36785578613
6.54065309065
5.69282701022
4.7372454595899995
3.6388251483849996
2.49961897983
1.441751127705
0.5340247542105
-0.221957439844
-0.7696465840315
-1.1930358510699999
-1.6364523568049998
-2.1405641807199998
-2.65670386086
-2.984490156445
-3.02077574211
-2.89559189353
-2.69938240166
-2.412176023775
-2.0742614200699996
-1.6384558554
-1.02913730962
-0.3915786519015
-0.06370644025585
-0.08220803879855
-0.16698067347849999
-0.195604813831
-0.2208599776425
-0.37197025522649996
-0.6147609423305
-1.00244360832
-1.71474570841
-2.670506720735
-3.59489233705
-4.386048729124999
-5.09908142464
-5.731403429325
-6.06801570991
-5.9693480622649995
-5.5176527826
-4.870468799839999
-4.16193049202
-3.48612874323
-2.940981973055
-2.4825220662199996
-2.05722726902
-1.61026958197
-1.1268340989149999
-0.615911360442
-0.103630597077
0.2823327670345
0.5536117723884999
0.7887939700900001
1.093658201965
1.4832724838049998
1.85775412403
2.2233332873849996
2.61936602165
2.99665334444
3.29852949006
3.538746323805
3.81964310308
4.178388992715
4.362240144255
4.267998237754999
4.190951311365
4.2980791559650005
4.5616858306250005
4.87629394994
5.011226589285
4.768885635149999
4.27430097171
3.77085894199
3.3649165879000003
2.9944998040999997
2.661494409385
2.31807827503
1.79598399701
1.27714356546
0.961181540046
0.8581696445174999
0.8781291192625
0.8933737528204999
0.739037773852
0.38170423795
-0.05849279362325
-0.48772079297199994
-0.8712696617869999
-1.16507709192
-1.361901460745
-1.4477910434399999
-1.36937118605
-1.1005061856599998
-0.755751051314
-0.377833945461
0.08661634371985
0.5437456940894999
0.7228819063759999
0.7610564489639999
1.0510424237249998
1.6540239122749998
2.3867395350050002
3.1864826298199995
3.989983632915
4.713186805145
5.211733355185
5.186498883404999
4.70818639431
4.279483786235001
4.25407181409
4.53414581543
4.766289814895
4.73451921089
4.438271101704999
3.9040185390149995
3.1898629820749997
2.3284546913949997
1.3361433138549998
0.1656775658265
-1.203078841335
-2.644758380495
-4.000155090295
-5.09930697759
-6.035987191009999
-6.92611915954
-7.5379413430649995
-7.6871975754
-7.522562554535
-7.250102436254999
-6.813545682195
-6.085358770435
-5.10635011362
-3.846584912625
-2.1731104907399996
-0.170426828355
1.852267303355
3.5969183909399995
5.09500970356
6.55188758889
8.0652831595
9.50640371961
10.52323172215
10.831052659
10.4999409284
9.94928772425
9.57477764474
9.373204895985
9.05054943968
8.418382380065
7.4989687353
6.275847062695
4.70947302679
2.9571168542999997
1.2309061913750001
-0.4396131926655
-1.941229309495
-3.043500692155
-3.6113606443949995
-3.74820361916
-3.63494073432
-3.36358876749
-2.946962068225
-2.46495639474
-1.98757847939
-1.5014569549
-1.02567556217
-0.7354454998905
-0.7178694333615
-0.834142665552
-0.9200163614739999
-0.9854065152749999
-1.00784707247
-0.984831845585
-0.9674212172415
-0.9595275504569999
-0.946799107156
-0.9658194970969999
-0.9165658916715
-0.7064215424175
-0.354690643727
0.08945774210414999
0.525553279608
1.006406475585
1.5549228107
2.0639065783349997
2.4972899004549998
2.864378307245
2.99579035924
2.84929862154
2.70682957167
2.7967840107899997
3.005497962075
3.00439275262
2.5653362834749998
1.8251058248499998
0.9273508530755
-0.09484516257475
-1.21151157967
-2.35446290786
-3.4166564732999998
-4.29205493087
-4.88756375212
-5.06698229786
-4.839257174885
-4.33005766095
-3.6754372954949996
-2.939493323585
-2.11463147546
-0.9502782123764999
0.7612970060885
2.803706525025
4.715034378004999
5.95592570041
6.343801263204999
6.17215056493
5.741296377845
5.323287921595
5.206872198779999
5.28853609599
5.026591648505
3.940569884895
2.0520248411949997
-0.1593354091385
-2.31106652028
-4.25908889623
-5.909156805894999
-7.147485650655
-7.910650921635
-8.33539948843
-8.551636120929999
-8.597012471145
-8.408474721569998
-7.943147217739999
-7.1872388677600005
-6.154376011805
-4.941475810495
-3.7252070249099996
-2.449205934175
-0.895593684181
0.921759003179
2.50276299182
3.2805725332449995
3.124727212775
2.2607044692050002
1.264015403105
0.7400481530015
0.864500131292
1.27642179602
1.458067431975
1.2285692666799999
0.8789974981199999
0.624819525169
0.533138723383
0.735214161017
1.219583433285
1.71250586955
2.0136327871099997
2.29019993041
2.8530006319149996
3.6186656179799996
4.150085039485
4.177847665634999
3.75878303318
3.12085064403
2.6178293195949998
2.55290439327
2.7753211766
2.9441318690349996
3.065881428785
3.321636899455
3.662543512075
3.8954073196500003
3.9152226366400003
3.93130750397
4.289127645844999
5.08461857722
5.994782589705
6.293806961504999
5.529723788085
4.071633800815
2.61033998099
1.68417838036
1.66911732729
2.420505792285
3.268367176655
3.439412804625
2.65601151137
1.299136939415
0.011550468503
-0.7777763949479999
-1.2443373792149999
-1.8381241527249998
-2.75960111665
-3.7623330404799997
-4.48486936051
-4.761753258605
-4.600567236545
-4.226492572295
-4.06625093063
-4.47219916871
-5.305278008869999
-5.931953344485
-5.6450548954099995
-4.44933398357
-2.817606470735
-1.08331120555
0.512404327155
1.781261273365
2.7840030038449997
3.8527984060650002
5.053248084534999
6.020639783759999
6.673767577084999
7.0950916617
7.20783675542
7.041756234345
6.81774587039
6.870881242085
7.328161408924999
8.051429305045
8.947800264305
9.880337168099999
10.509924098099999
10.43371662095
9.598465607815
8.15403530333
6.2270638822699995
3.993474800315
1.7397507045799998
-0.2127596847425
-1.86927693778
-3.459842017905
-5.010925525129999
-6.34021104864
-7.42555223074
-8.44934099345
-9.480914274929999
-10.4366095827
-11.10627629125
-11.227202092399999
-10.5660573627
-9.077061717954999
-7.039171201404999
-4.9313514250349995
-3.10356348141
-1.51598844887
0.06446803450149999
1.562019883305
2.8420054159349997
3.885778170015
4.596721068415
4.888844500609999
4.7005274006599995
4.1130835683699996
3.2993228480449996
2.402388987075
1.5724963275000001
1.1693733852850001
1.29821413365
1.580407352055
1.5275318565849998
0.8387917041174999
-0.5401447902759999
-2.33314325076
-4.000431637825
-4.91209410643
-4.7682364349199995
-3.8694775563849997
-2.69860767631
-1.54304499622
-0.44624650879199995
0.602116934286
1.442047288535
1.95914507838
2.17819229677
2.192944440365
2.05446571638
1.7464957184499998
1.1487264643750001
0.30936538615849996
-0.5493018477799999
-1.374765824215
-2.2366615054
-3.038389466175
-3.69795434456
-4.238038922005
-4.645997523335
-4.849802265629999
-4.62702852024
-3.94507996323
-3.0744789188399997
-2.234591321585
-1.38880404369
-0.249571593313
1.4305931213349998
3.7469307159899996
6.4440595494799995
8.89321743107
10.3806332245
10.37262119145
8.9338189234
6.941620531194999
5.34419668006
4.390793186394999
3.807287704745
3.21359409441
2.42186009065
1.42909760721
0.35180582149649997
-0.6251326515035
-1.31150802839
-1.635126497725
-1.74749599675
-1.8252460599449998
-1.9476791431999998
-2.0112076025650003
-1.7119410065099998
-0.701436724156
0.9356718936669999
2.714850430705
4.22773703618
5.164788921635
5.27526377588
4.65549330253
3.8956671958749993
3.59078923469
3.64310378978
3.386666756935
2.413582297385
0.7647838585625
-1.255970027445
-3.2663607360649998
-4.79104474149
-5.584794011825
-5.89554419503
-6.232454597775
-6.847191317679999
-7.59925349953
-8.183279714295
-8.41955035208
-8.278820021255
-7.7646053865099995
-6.89653053516
-5.670142267439999
-4.14599468577
-2.570735824965
-1.2874709485749998
-0.4325351449615
0.145078991701
0.5126103648715
0.4878713250494999
-0.1975379987455
-1.582219620975
-3.3086852567999996
-4.9828863514499995
-6.46719343683
-7.700412036275001
-8.659963318825
-9.394295077475
-9.89935226245
-10.034782098949998
-9.67608622323
-8.905310011185
-7.886520678645001
-6.79877588663
-5.81518262094
-4.964048757464999
-4.0706923624149995
-2.85645747604
-1.4025784642799999
-0.06771369241875
1.0377083217199998
2.038815283645
2.9733370534
3.50158598496
3.1346191806299997
1.7215564268349999
-0.49250957630000003
-2.83075424639
-4.412974848029999
-4.87859459003
-4.770540017005
-4.963427996519999
-5.688048229675
-6.331643959199999
-6.179405524599999
-5.05956650913
-3.201036679085
-0.947538920832
1.23863285091
2.92534723096
3.8787742605849997
4.4415298515
5.368559340655
6.8834249281
8.39107184048
9.13533185159
8.872400855115
7.815243985114999
6.235531924545
4.3417726850400005
2.303414391285
0.32987089517549995
-1.5155765695699999
-3.052495351535
-3.7944047086399997
-3.5486078910449996
-2.51801625523
-1.094476076575
0.284636251053
1.36343424014
2.20317964097
3.036139820665
3.9634870452799995
4.865162421525
5.593861240415
6.28097692131
7.21991854822
8.43101628726
9.6047899164
10.453682960350001
10.79467979415
10.3709442543
9.058837039595
7.26744353545
5.955499111135
5.544386691164999
5.459723920385
5.052347834064999
4.195109330965
3.179713099325
2.5804718670849995
2.93017406409
4.305634199125
6.167112888825
7.8048577621
8.666280762755
8.403384089554999
7.152167345365
5.4482766178399995
3.687603425485
1.9866674416049999
0.3027655107085
-1.3313723786299998
-2.93727996268
-4.374853457485
-5.241004244105
-5.243559857095
-4.512151460809999
-3.42137347195
-2.297630429115
-1.2612322758349999
-0.22752604797999998
1.10357370578
3.1931815524349996
6.112752666545
9.12777288577
11.3477258209
12.692541155349998
13.651494232249998
14.45055968755
15.081058636
15.664642570849999
16.22791693355
16.51791918735
16.2093921717
15.0282007925
12.99578238665
10.326039603949999
7.31343083996
4.27565036675
1.529750120815
-0.6012226658725
-2.0857175486
-3.21718725097
-4.191551478345
-4.934679802045
-5.41630693884
-5.793911016425
-6.24176797328
-6.89516152682
-7.852613205604999
-9.10144006919
-10.6015378224
-12.0464692467
-12.910062459
-13.0031471808
-12.7981097426
-12.76485539245
-12.966862575799999
-13.33995657505
-13.6811985751
-13.6274973597
-13.0460414679
-12.12199025835
-11.27075342505
-10.715442062149998
-10.26876876795
-9.701339327645
-8.851546033224999
-7.556460220925
-5.5503716896599995
-2.98163151797
-0.58942869825
1.094307402195
2.2874599524
3.3969245128349996
4.608497874399999
5.931178619135
7.1254903153699995
7.989963184174999
8.595261984119999
8.798364570274998
8.276254601615001
7.138840108015
5.789924613199999
4.332591699309999
2.402896971545
-0.15979573328949997
-2.9347194463649995
-5.38318203647
-7.047542157845
-7.8983867251449995
-8.333613697465
-8.626981593545
-8.867626977895
-9.13903876529
-9.525019683305
-9.74976358468
-9.458580610219999
-8.707894301364998
-7.86259539464
-6.99453034994
-5.895246072869999
-4.389018182745
-2.44940304784
-0.2787857017295
1.878651114515
3.7078747517
4.91899210404
5.51722325133
5.598103597205
5.242373252445
4.640887278019999
3.9626828999800003
3.214140324815
2.2392985135849997
0.9197731565539999
-0.6191915868004999
-2.0732925230499997
-3.2970575118950003
-4.36727193637
-5.39742913759
-6.60916234755
-8.103290792905
-9.61804066188
-10.830209287099999
-11.472486022199998
-11.49434504505
-11.03553111815
-10.07789213235
-9.041169378955
-8.613875986485
-8.885353478434999
-9.247414996435
-9.065185864805
-8.212405464795
-6.916237979
-5.31932897699
-3.406333012845
-1.2065317628
1.4371841708
4.632260368015
8.20644400226
11.6839958494
14.556598994
16.6463176558
18.0470603152
19.142188534000002
20.384308629649997
21.9270221611
23.5083248603
24.66575472655
24.9279943542
24.08935906615
22.419247344549998
20.1820072468
17.4513651676
14.33254646145
10.931100102299999
7.23726455074
3.31163509712
-0.4066946222115
-3.3347925204299997
-5.311110023625
-6.65860551552
-7.786900805285001
-8.83501300199
-9.68566535895
-10.156188425949999
-10.13606518015
-9.57278885612
-8.351751096640001
-6.57324451126
-4.447997337175
-1.88456746646
1.19065087379
4.342723930089999
7.174644187165
9.573529258195
11.5164786541
12.90359007
13.607207400850001
13.65576993165
13.19383749005
12.4222208481
11.7298713581
11.3480004071
11.010357447599999
10.2474393042
8.947715927115
7.433733918835
5.880674371635
4.309356803465
2.75276784293
1.127096917135
-0.7391165212515
-2.774166933895
-4.7242634163199995
-6.5459702562799995
-8.417013371725
-10.49755791245
-12.827686599
-15.367285329549999
-17.83938488815
-19.89878138815
-21.43216879545
-22.5561383719
-23.306729556249998
-23.2954224888
-22.10865112575
-19.970605292749998
-17.5027324003
-15.198865922449999
-13.14811888775
-11.3136379055
-9.791809596555
-8.397633469995
-6.717409130915
-4.753651985039999
-2.8572782926449998
-1.205624647675
0.2566679794525
1.34350908867
1.640659409655
1.183187032475
0.490788705358
-0.07854611800874998
-0.616180847184
-1.2270394292799998
-1.827995844605
-2.300837203665
-2.67779796501
-2.97542979251
-3.027821820135
-2.8157226132699997
-2.654092349965
-2.9781030853
-3.9663878523499996
-5.194836497235
-5.90966184837
-5.848765493865
-5.275705075129999
-4.58504429026
-4.15742139435
-4.08459721145
-4.047715381465
-3.60715064955
-2.678689389495
-1.6410614823049998
-0.734791886668
0.2043412641165
1.165280089575
1.716082354805
1.72220268507
1.70641397857
2.098865324255
2.82228326212
3.7151934545949996
4.75845724354
5.82831372529
6.674352053424999
7.238271693694999
7.740723251765
8.34039499594
8.920794711534999
9.19590948997
9.009076136165
8.43547635168
7.536081021559999
6.3710186396149995
5.05285483787
3.63686676038
1.9743522505350002
0.095356726472
-1.6263348359999998
-2.877885986955
-3.69576157762
-4.39242991628
-5.167815253825
-5.950178022845
-6.675906407449999
-7.303825226285
-7.76081217429
-7.95546437014
-7.669015065635
-6.837560206715
-5.6671198579099995
-4.336061292079999
-2.86885504297
-1.50051159384
-0.5251386544459999
0.0627042496591
0.6711397654464999
1.9231742861799996
4.05653450181
6.70666006185
9.48551555511
12.3946445483
15.524054436450001
18.60112623355
21.21452000535
23.17596768515
24.4161852907
24.91673632
24.89060159775
24.790103048549998
24.9944442146
25.6517251242
26.47537585105
26.84804816435
26.369895523649998
24.964739871749998
23.1068406093
21.479907567650002
20.2848986186
19.29557434665
18.333708694699997
17.430888882399998
16.51385923425
15.4826801801
14.22938050345
12.62124680985
10.7171778392
8.749596099824998
6.848343599054999
4.90887752523
2.8791677161099996
0.921993970513
-0.6034526980825
-1.594185695305
-2.176118190295
-2.40248607291
-2.298269822695
-1.7816574620249999
-0.594744490949
1.032037136025
2.524152276135
3.62194692307
4.47372900611
5.245993867625
5.92782768683
6.580675009965
7.41748724178
8.650825482355
10.110999382749998
11.362386762649999
12.011920418749998
11.931692215099998
11.2549352986
10.104154341049998
8.68306092157
7.313537732445
6.109687107755
5.07609267571
4.14288205506
3.211245401735
2.3775006900399998
1.67470515646
0.921158836199
0.0118250939296
-1.035165457375
-2.27213804244
-3.814352415405
-5.62462960479
-7.440194539855
-8.97251400297
-10.13639860625
-11.08330911695
-11.963328468
-12.9223403848
-14.0842518901
-15.29218600385
-16.4178815507
-17.3266834195
-17.7549790516
-17.70005200495
-17.59982804195
-17.79854999755
-18.378976191099998
-19.29582931955
-20.3192022803
-21.013101221
-21.2229046911
-21.3109880214
-21.71103069485
-22.4918655878
-23.407689018
-24.255356230700002
-25.0143517141
-25.941737184650002
-27.18165078405
-28.56362351535
-29.9375057604
-31.196130447999998
-32.116053057900004
-32.433003985899994
-32.004688740499994
-30.938911825149997
-29.580857513199998
-28.269365175449998
-27.072895035549998
-25.7913129803
-24.01896693245
-21.54888754375
-18.483583726649996
-15.0906887663
-11.96708441495
-9.733792474489999
-8.441263255845
-7.6838319331200005
-7.038069914609999
-6.4613516154249995
-6.14645714193
-6.10444153067
-6.195768900789999
-6.3348311204500005
-6.512091222524999
-6.61257310042
-6.650393426809999
-6.881537147975
-7.52889078578
-8.430154282724999
-9.047926160805
-8.982487366019999
-8.28659767537
-7.149713721535
-5.816937030625
-4.619286170064999
-3.777047918805
-3.1114901966049997
-2.218557448835
-0.931677252856
0.7275032901884999
2.69575590249
4.804048359389999
6.794860091285
8.30817034404
9.25055214377
10.0393814178
10.8566087889
11.539877321
11.999338486800001
12.298941450949998
12.566133436849999
13.043079859599999
13.93039535825
15.274877266599999
16.8981524278
18.3981383852
19.547487571850002
20.54511807635
21.7483057715
23.22451060265
24.7543774226
26.111421649599997
27.165460004899998
27.8969380284
28.3053065477
28.5563175611
28.95186878885
29.434454035349997
29.56874630045
28.892107063749997
27.2829828985
25.051479690999997
22.627383684149997
20.230442291150002
18.0410586454
16.181776645299998
14.4863637667
12.68067510885
10.68835609485
8.972634624765
8.12254615018
8.43547831301
9.64012327635
11.11569067525
12.337942498
12.99823404915
13.01931834665
12.4702930464
11.5249123731
10.19261032405
8.34999766762
6.201020361865
4.183643395784999
2.58258716149
1.3338318864499998
0.011132303140349999
-1.846788328
-4.5099998818
-7.737998964395
-10.9839383325
-13.83593770545
-15.96170561265
-17.2960082183
-18.1289262294
-18.64517770535
-18.87377071685
-18.804447508
-18.415800161849997
-17.60206395815
-16.272105698449998
-14.5146853719
-12.64213497435
-10.857138348
-9.10918340003
-7.2468554544399995
-5.184837636895
-2.99246198223
-0.7483544836179999
1.6061360789949999
4.1219203406850005
6.739818306829999
9.337015415489999
11.543505781499999
13.0192889267
13.746010724949999
13.89507180495
13.51647627505
12.628601797349999
11.405987128549999
10.096593413899999
8.647536331944998
6.6487743488949995
3.870483718675
0.48945431449249993
-3.03903376308
-6.2247377448900005
-8.994477956974999
-11.53710203905
-13.7548661299
-15.567439056049999
-16.9871968098
-17.9656651202
-18.44977039745
-18.57156899045
-18.491870345899997
-18.25044042955
-17.574938764249996
-16.0278906935
-13.454459020449999
-10.1385266493
-6.736135909755
-3.83562009726
-1.635840421845
0.232753384696
2.182559198015
4.447634491124999
7.059735746455
9.802385087914999
12.2875167037
14.1613125458
15.47847312725
16.59268508695
17.70868185695
18.66467332555
19.3068029609
19.780934875099998
20.312680858049998
20.78916636825
20.9715602516
20.959527492049997
20.93226500505
20.7266882011
19.9318396053
18.44066982625
16.77475535085
15.4097383174
14.1170061011
12.38751511375
10.2156265316
7.7241372646199995
5.18413842275
3.0053724369549997
1.2639006653
-0.1214252538345
-1.16073862996
-1.95132917833
-2.7490717165449996
-3.748002582835
-4.933261760454999
-6.222121330669999
-7.469420318185
-8.6000790106
-9.686210608689999
-10.7645243454
-11.7633512612
-12.61759873605
-13.181804730499998
-13.188659578849999
-12.37243248605
-10.9026804306
-9.179711846165
-7.4682415588549995
-5.765244217145
-3.77933384892
-1.3617347476950001
1.105233971625
2.9845686096449997
4.0766175403450005
4.656151328745
5.069982152094999
5.4030895359699995
5.510518444724999
5.25223776168
4.58817653427
3.551673449835
2.120277163865
0.4145864257325
-1.255258064655
-2.590519760675
-3.627700484625
-4.567444295505
-5.33094593458
-5.59184008985
-5.21545694019
-4.31053458213
-3.159611428155
-2.099351734095
-1.467658335675
-1.59626176311
-2.373843790255
-3.3433380352399995
-4.18367771906
-4.862539142649999
-5.522439408465
-6.312878934424999
-7.3544049849899995
-8.670803589735
-10.1884228845
-11.73927593545
-13.165751244449998
-14.2152883474
-14.78243633685
-15.12029504265
-15.4964487167
-15.76153227285
-15.57451945735
-14.878619960049999
-14.003278381049999
-13.26185641445
-12.55163920815
-11.6257443484
-10.5755698132
-9.648147077379999
-8.921110485665
-8.311861567100001
-7.620639841849999
-6.65617738898
-5.34778983662
-3.8723656148099996
-2.46593705974
-1.12925143814
0.189949907175
1.377417542375
2.45851146436
3.664222410555
5.081189191715
6.558821871105
7.763137331005
8.25358653014
8.059302083665
7.630736768689999
7.08476133659
6.276877741609999
5.1461572673
3.76872305362
2.185954260245
0.5436026150659999
-1.02290028022
-2.349393850475
-3.3634985463100002
-4.01389322628
-4.30658838617
-4.407489988685
-4.405364887629999
-4.22074881739
-3.670684992905
-2.7903027958049997
-2.05032927141
-1.86224753106
-2.19352597471
-2.4186180121599996
-2.1295179701599998
-1.576978947215
-1.02233149452
-0.693264254312
-0.769149484943
-1.1278363385449999
-1.5631790293349999
-1.9108002552099999
-2.35295464509
-3.177206519585
-4.25471709166
-5.22837229824
-6.02245205268
-6.66559765697
-7.03716770281
-6.977326543845
-6.46371207608
-5.524785159145
-4.132826316149999
-2.1625134247499997
0.43736982341149994
3.424796973465
6.416622504109999
9.18924881329
11.63579616465
13.6901226266
15.3663929244
16.641355490899997
17.3723235686
17.4871986667
17.2116121884
16.77917815
16.1055201349
14.97121434935
13.17373385755
10.644922441999999
7.49127247638
4.093494784994999
0.9530484929349999
-1.648239950105
-3.78014583954
-5.61201433023
-7.17279367231
-8.41391741232
-9.352699190835
-9.88870224055
-9.8296956275
-9.281440149275
-8.618126188595001
-7.925311863385
-6.88122235451
-5.47728076588
-4.092673968390001
-2.9371054043099996
-1.938008805635
-0.984947564055
-0.1184340294515
0.4865523306245
0.922007895956
1.524003423915
2.36114123651
3.264132665185
4.03003693351
4.800020768235
5.92687840311
7.32155466882
8.668693198655
9.9032847291
11.15146533445
12.35436863675
13.330120505099998
13.97062223655
14.22779182615
14.2289195909
14.070954072700001
13.7078138232
13.098281492449999
12.365969903699998
11.731695395
11.1949186006
10.56975446975
9.699432914885
8.529300494889998
6.910045079525
4.701257996084999
2.05265344746
-0.5254437393275
-2.56412712353
-4.08277121322
-5.188758335565
-5.72909592458
-5.715971684885
-5.578098031204999
-5.56403627577
-5.493402898479999
-4.989236157325
-3.96242988841
-2.779886172175
-1.706787611935
-0.68732456254
0.4514033356945
1.771633104395
3.26247436067
4.93257627562
6.6935593581149995
8.338679812854998
9.684416972405
10.6081475045
11.06434305585
11.109512485749999
10.948879558749999
10.7435381144
10.5237318613
10.29328539295
10.1075964752
9.91208129415
9.7076420616
9.588595214589999
9.615136912815
9.965772702899999
10.68598288555
11.4701324262
11.97881316835
12.378787195249998
12.8705612728
13.488331189550001
14.2340778888
15.0149029751
15.59417198395
15.7804296874
15.68292216645
15.601723104449999
15.81260530605
16.22344510115
16.4896270021
16.21754149785
15.09222841035
13.199947032999999
10.90657367065
8.45770998856
5.875068890494999
3.3322967280049998
1.2125746205299999
-0.5203170188405
-2.1836928467549996
-3.8347806480199997
-5.165799006585
-5.98225851699
-6.573371017045
-7.142660778854999
-7.515823424654999
-7.576835497629999
-7.533218460425
-7.606756567445
-7.734539178275
-7.7025155626999995
-7.56697196906
-7.405602562645
-7.024427883794999
-6.238652400575
-5.156892607054999
-3.8917984724499997
-2.37548248147
-0.3625986282205
2.065104950965
4.46354970341
6.613521403475
8.614828212199999
10.512091367750001
12.16009890025
13.3690725189
14.247375706199998
15.131347137199999
16.05635939845
16.731302084699998
16.89586747835
16.4574219635
15.394390910149998
13.66689067275
11.44593942065
9.101125275725
6.8865238295
4.897161520475
3.21159157648
1.9877824577099998
1.163169698495
0.5744785583915
0.109861350221
-0.30187418428999996
-0.812078487584
-1.598310372295
-2.745564858505
-4.26781093074
-6.02207939998
-7.837597263124999
-9.736647190305
-11.881011447899999
-14.26925434235
-16.8287213458
-19.5659534938
-22.36809585815
-24.82876086285
-26.538530677049998
-27.702697711849996
-28.70591800685
-29.54934874675
-29.943772209749998
-29.6659400086
-28.76305154975
-27.26233990025
-25.05894255165
-22.28962304485
-19.49886620115
-17.28189644895
-15.74197781275
-14.653890768650001
-13.825611302999999
-13.218157982049998
-13.17414573685
-13.9865188162
-15.451436193199998
-17.0596679533
-18.71902177985
-20.823862295949997
-23.390488153899998
-25.8487995626
-27.910814438150002
-29.89791631435
-31.9518701236
-33.752861396099995
-34.9785749663
-35.622675738299996
-35.7238215264
-34.8405169476
-32.64395483405
-29.5715804223
-26.23654469695
-22.82002551675
-19.314599247649998
-15.813860557249997
-12.4976143733
-9.537713411064999
-6.949575685675
-4.76573966183
-3.0287828718350003
-1.588180102845
-0.099472969743
1.540692380885
3.045662077815
4.1439588252299995
4.851739079005
5.23631764607
5.29628138816
5.04373465337
4.666743491409999
4.41713875162
4.255061305075
3.9777243397499995
3.696821676485
3.858360737945
4.630754066575
5.764149795004999
7.11958475074
8.98736127107
11.48704889745
14.0195083868
16.0797286454
17.96261525205
20.30613001585
23.1304157959
25.7978245959
27.864693763200002
29.514878372
31.029427204650002
32.17784475955
32.52980542805
32.04708288845
30.96421298215
29.32124606775
27.1562613672
24.80498954325
22.5448803377
20.193461414
17.55281496185
14.64355455955
11.6348253063
8.79218932277
6.352458573825
4.4540754988449995
3.016961935925
1.7114153700699999
0.1723651127275
-1.723651127275
-3.8766471982
-6.1512996657
-8.51057763871
-10.8414673213
-12.86560891455
-14.643250553399998
-16.28454053065
-17.6431832416
-18.4577824305
-18.61269808055
-18.09241607145
-16.893553108949998
-15.0707420402
-12.7873224276
-10.5984781476
-9.05907141853
-8.277015597655
-8.01327064923
-8.232528710595
-9.174333879305001
-10.914477830549998
-13.29823908595
-16.19841853035
-19.4571585187
-22.968851237149998
-26.502422591749998
-29.97970377535
-33.403215097
-36.59595633085
-39.139497334699996
-40.4439190778
-40.14736598179999
-38.3968397302
-35.612427789049995
-32.07836610195
-27.85415161445
-23.20350475835
-18.56123278135
-14.1094353673
-9.702261152744999
-5.274480224545
-1.1320286814199998
2.42853645797
5.47772206513
8.24352686857
10.661230900949999
12.49840871195
13.72010155565
14.3881795869
14.672493983699999
14.78645706335
15.03476144135
15.726149879649999
16.871331240049997
18.2893434101
19.68558481715
20.83202142875
21.60190229365
21.8593758894
21.62975317965
21.1262307354
20.2905276357
18.8872744739
17.052783685
15.258431514549999
13.73398777205
12.34671944975
11.036541203099999
9.965174497249999
9.39261127567
9.42921950012
9.8911048698
10.61759130845
11.643043279
13.0642622236
14.740601167949999
16.3854607658
17.9636057237
19.42433566115
20.5007822117
21.27726295205
22.291103849
23.7924235108
25.5794108871
27.13910953635
27.822701687899997
27.100628241749998
24.963053127949998
22.29533051515
20.178555306
19.0134076062
18.42870571325
17.621873391149997
15.867905005399999
12.93294137345
9.13410209768
5.141822728
1.43546212306
-2.1462579217099997
-6.0617257246
-10.495420062749998
-15.1581781316
-19.4883828923
-22.8788163835
-25.042889065599997
-26.15138374835
-26.49310627425
-26.309731725899997
-25.67968388335
-24.22249414655
-21.27904776235
-16.80588165795
-11.593333370149999
-6.283474675065
-0.9264710985039999
4.54529793781
9.708050018239998
13.94388930865
17.094157941349998
19.3303977608
20.5663494736
20.486150689899997
19.20270537115
17.05912858755
14.23143989995
11.15144572115
8.41711045756
6.16152015633
4.051332073985
1.9158555832850002
0.23235307724299997
-0.562674784119
-0.7721725809384999
-0.5913964025724999
0.3082387982065
1.689555366555
2.553491811605
2.492763150815
2.26703858444
2.7615330267
4.099755350355
5.661489860144999
6.562683729874999
6.338495865554999
5.23583123623
3.673989833955
2.2476792766749996
1.765917788775
2.404569986035
3.351643287125
3.7152062032399997
3.34183369513
2.8506166352999998
2.817206359415
3.09182884402
3.253525792545
3.1054855848100003
2.518056462495
1.17319111413
-0.9892016888249999
-3.45326862041
-5.78640010319
-8.010673848309999
-10.3592547275
-12.746075657699999
-14.80059825265
-16.340673795249998
-17.39143672945
-17.902578940749997
-17.75340018095
-16.82125848515
-15.034378982
-12.4605844629
-9.29755541722
-5.658982299739999
-1.7774386411949998
2.0459456988599998
5.656832682059999
8.968994396285
11.98646235535
14.85331880305
17.517756188099998
19.56808153685
20.621384393399996
20.6489214666
20.0083903152
19.1794145774
18.2083600944
16.52490152215
13.5091703208
9.00433462089
3.3564534489499995
-3.0062354221549996
-9.8163781968
-16.732890762
-23.4367559286
-29.8589741072
-36.2082504231
-42.63636239835
-48.821053707299995
-54.37819786945
-59.212454633499995
-63.2698383912
-66.41113393914999
-68.67465585890001
-70.45837762075
-72.0554984464
-73.31119094565
-73.7763105485
-73.18762715564999
-71.90072008945
-70.37847303655
-68.6884832354
-66.51936012855
-63.44985906525
-59.30652982695
-54.123205356149995
-48.065441518149996
-41.28222093975
-33.93605942475
-26.189727749849997
-18.35262572255
-10.5687639981
-2.68325046241
5.0542699374649995
11.88861160165
17.387553296049997
21.92620820915
26.0956329431
29.99421761735
33.30100038405
35.9299376961
37.816011464
38.47190963595
37.4817223788
35.33227141185
33.029777865
30.993740805299996
29.056750910599998
27.272381909849997
25.702572604449998
23.93957229405
21.474759076399998
18.500951303799997
15.931324610950002
14.30016490315
13.541865691899998
13.2494706155
13.0878177969
12.99511553445
12.80580796285
12.221625822350001
11.055046351649999
9.09866674857
6.152430372445
2.240475311585
-2.087772041775
-6.042952854505
-9.276887902344999
-11.9099018388
-14.34772715565
-17.239590560849997
-21.0402264149
-25.6854011603
-30.4624165083
-34.377976493700004
-36.83755296025
-37.74976754325
-37.4913525091
-36.72438421925
-36.05806157835
-35.613967433099994
-35.10071679205
-34.3349841401
-33.116988403449994
-31.0230823021
-27.92111142065
-24.2124423303
-20.46843007335
-17.0729461574
-14.06496220955
-11.34857899945
-8.826484158485
-6.555416021559999
-4.788660744874999
-3.64981349971
-2.89616656322
-1.9619576256
-0.471564337097
1.49199353765
3.624095560085
5.692580863305
7.580047175504999
9.294536930349999
10.99942303285
13.119257916799999
16.11504239205
19.935683812100002
23.9585873884
27.5074767303
30.22100620525
32.0384628431
33.245435905149996
34.3291786033
35.4174421671
35.9599656584
35.14525859635
32.8235440155
29.5529477873
25.701366386500002
21.200947601750002
16.14787505625
11.056939035100001
6.565666912805
2.93424578517
-0.043892211804
-2.679823038235
-5.21487442518
-7.870420120675
-10.616061471050001
-12.910974477449999
-14.195969246899999
-14.64049488475
-14.97419557095
-15.82023487975
-17.474557894849998
-20.0706625427
-23.476404214549998
-26.9114677699
-29.30765405085
-30.3380093464
-30.587323809349996
-30.911757211300003
-31.7079591248
-32.70779612555
-33.36233117315
-33.204414688199996
-32.2327718062
-30.63221865305
-28.68832487675
-26.715766262499997
-24.8387538392
-23.070477551099998
-21.34259485435
-19.68819338605
-18.1682508959
-16.61141578845
-14.73301082085
-12.27809251305
-9.171609591935
-5.802081917204999
-2.667382322045
0.23240191436
3.04489617845
5.65483016413
7.951270065934999
10.06039706875
12.10628000505
13.98976481735
15.671987751699998
17.28599562865
18.938112147499996
20.70547641715
22.7036303879
24.7242317805
26.3066524378
27.098313872349998
27.3238374024
27.54012306815
28.2571558962
29.55521312345
31.1689268009
32.4492634116
32.72489892315
31.87189689285
30.4054987117
29.124936548049998
28.2238132862
27.08921330115
25.23765894125
22.89335964545
20.532124265100002
18.2974633163
15.980455927449999
13.3959231266
10.5100810045
7.23289274617
3.39874560774
-0.963262315043
-5.311798450455
-8.944389511434998
-11.727145109399999
-13.995746873849999
-16.01972175405
-17.91513145275
-20.05833558365
-22.6960596541
-25.3511316884
-27.534699990700002
-29.190484196649997
-30.08981284155
-29.954324165150002
-28.988192620449997
-27.54273163705
-25.5589346019
-22.958760194299998
-20.2092501205
-17.90016650485
-16.14028470915
-14.84131546345
-14.15608560135
-14.081878680800001
-13.90121076785
-12.6275720991
-10.1892466431
-7.432455131675
-4.922890247414999
-2.352671232905
0.43394995035699996
3.1635919473899996
5.841581142075
8.835557271065
12.178319655949998
15.31976230365
17.77570050305
19.42849368075
20.29079241525
20.33990411845
19.67407181005
18.56452781575
17.19289129355
15.605479051399998
13.926570764749998
12.5307608503
12.001839182549999
12.45743652825
13.518064952349999
14.708513809149999
15.88150682895
17.28579949565
19.313373416399997
22.13497217435
25.45187540385
28.91750628725
32.4752314208
36.20545552785
39.856559582699994
42.84628354825
44.8171946453
45.82326867545
46.14539751465
45.9001037782
44.8724453114
42.973946517950004
40.2385482135
36.3473283334
30.971754295999997
24.35076512855
17.05954046685
9.626750928409999
2.4037413241100003
-4.440637446349999
-11.02529297555
-17.608369634099997
-24.11089446955
-30.17232599465
-35.59528576485
-40.45267641625
-44.7162253769
-48.09543025385
-50.3896077615
-51.80038262385
-52.60875459
-52.790795433949995
-52.135819087099996
-50.976996676549994
-50.0689891464
-49.7911667519
-49.82198905285
-49.64960775915
-49.05291233325
-47.9922741025
-46.41874807675
-44.36203859885
-42.2282978852
-40.44398772435
-39.09116035685
-37.79838891395
-36.08304892255
-33.982003580000004
-31.93110944555
-30.2369420115
-28.78852922645
-27.095577817
-24.848678169
-22.0023764597
-18.66161365075
-15.1120868766
-11.770921995
-8.961953221585
-6.63973752092
-4.84556775416
-3.7822317139949995
-3.55050940048
-4.149808491955
-5.5297149621
-7.41817370728
-9.313358833695
-10.9458493039
-12.449640241500001
-13.890619585849999
-15.04568604945
-15.803602801350001
-16.186219057749998
-16.36138544005
-16.22067962585
-15.2552051267
-13.19132698765
-10.24735104435
-6.811004779179999
-3.0414707156049996
1.15545676827
5.74019312972
10.2462036663
14.244355258
17.7795349032
21.13475271425
24.20199824805
26.74743193535
28.79537426815
30.35967223625
31.4141322775
31.860099492899998
31.484269438299997
30.1773960327
28.01411768925
25.152743158899998
21.6346663113
17.425485418250002
12.5481382341
7.167542211234999
1.76219420377
-2.88900378606
-6.512923807109999
-9.371582876075001
-11.7584283229
-13.65225915095
-14.839462006599998
-15.26090279035
-14.81774027685
-13.3449481599
-10.954224183
-8.176573927025
-5.571017629905
-3.2046357196349997
-0.846833843583
1.43223769654
3.4754738180049998
5.5320842487399995
8.09651733975
11.0157903317
13.504767134949999
15.05370788915
15.911220978449998
16.73499919175
17.97283378135
19.5785256191
21.1884833496
22.530170362699998
23.68981653185
24.8124524039
25.64685121915
26.029006562999996
26.5724126528
28.118921357799998
30.78096592025
33.86298026895
36.65868947089999
38.9882591784
41.07939980445
43.08941001505
44.924567656149996
46.4253675655
47.5883185757
48.7108465746
49.9724328705
51.1378355432
52.000389250599994
52.7047028536
53.45998161665
54.1384546969
54.44017589745
54.1270985962
53.134341996749995
51.60191564115
49.559200252800004
47.09270029135
44.43494123495
41.65201009795
38.58319550015
35.22126013385
31.87740823015
28.778281277199998
25.71618423465
22.53510310765
19.4679850603
16.6388057619
13.84025263145
11.111748401949999
8.7434522336
6.74715564236
4.748461325195
2.522532217555
0.19130371520749997
-2.131758789685
-4.391948409765
-6.532532203784999
-8.42157248331
-10.05922027075
-11.5595494609
-13.014071788899999
-14.4779300477
-15.800435253400002
-16.824033767099998
-17.456258685949997
-17.6458506504
-17.388582994300002
-16.6751884334
-15.636222899149997
-14.414245662599999
-12.96055689985
-11.2818643595
-9.431348523834998
-7.271120048535
-4.910163177045
-2.5929998624599997
-0.5059088925275
1.347065960625
3.10534436905
4.6056539459
5.477454343585
5.6131705342650005
5.268778638235
4.597089798454999
3.51638814247
2.15805532166
0.9518986632224999
0.186567397457
-0.223196608138
-0.6125806298359999
-1.199109109415
-1.9583615270449999
-2.809208055675
-3.803904410495
-4.903751589275
-6.13059390489
-7.517708262785
-8.795589288325
-9.75182494251
-10.5362255334
-11.505387332949999
-12.8150360205
-14.425974415999999
-16.32904310835
-18.569813600099998
-20.91998707925
-22.99984025115
-24.6600178363
-26.19337582365
-27.97626402025
-29.96838690125
-31.780704854499998
-33.14417243725
-33.98466118215
-34.19823040585
-33.67741883765
-32.41396927825
-30.428328592899998
-27.7890256518
-24.80169450885
-21.7329681709
-18.6364792068
-15.494487386700001
-12.440686770049998
-9.809386055349998
-7.804339970979999
-6.454602678895
-5.562572142925
-4.736140250135
-4.051753759935
-4.0047416605
-4.588958124275
-5.331025368445
-6.083058130345
-7.173176131659999
-8.812009543084999
-10.6385481195
-12.320006135149999
-13.9840279271
-15.893147322499997
-17.89577312565
-19.52414774485
-20.529829509
-20.98659384605
-21.0822969434
-21.2098814599
-21.7556215324
-22.74096430445
-24.05860541175
-25.476382222199998
-26.59558576675
-27.104570515049996
-27.00248328855
-26.3998352261
-25.358829908649998
-23.958822748
-22.29921394855
-20.45001318465
-18.3829184644
-16.15738750675
-13.947978681699999
-11.959484261199998
-10.272201095449999
-8.68746803008
-6.98981138996
-5.29741111424
-3.9123875341249996
-2.83457491723
-1.9752309263749999
-1.4904195703249998
-1.4684860169349998
-1.69206881095
-1.8792875661000001
-1.904405338745
-1.829821842835
-1.768130169015
-1.67963397875
-1.59858593916
-1.862301467635
-2.608958224005
-3.564149469965
-4.381953472085
-5.05577329691
-5.81946028167
-6.774693696225
-7.886830568785
-9.351825418319999
-11.3693200642
-13.8265723547
-16.4950598862
-19.1809640281
-21.885736164599997
-24.7303511301
-27.6143299887
-30.4343694893
-33.261479584549996
-35.89703638535
-37.9367705521
-39.5384710833
-40.984765631950005
-41.957879511449995
-42.0347538408
-41.18284034865
-39.64776619755
-37.592929789799996
-35.11495604785
-32.5208715699
-30.2124253865
-28.262304387449998
-26.36534523805
-24.3577376567
-22.42544514735
-20.653589432
-18.8400456475
-16.7277128508
-14.330438031699998
-11.9464218034
-9.52624061123
-6.85603495465
-3.932616691745
-0.888088458803
2.20236372769
5.4364341073
8.613415073935
11.2553471779
13.25720806235
14.821182411
15.883625065349998
16.0957134849
15.374856063349998
13.954725656899999
12.116478921049998
10.01858151315
7.632327407319999
5.146830984155
2.7073287301549995
0.20623463403199999
-2.36857075455
-4.9463958068
-7.3396832420099996
-9.201129569765
-10.387998018649998
-11.0048461103
-11.1632431211
-10.844340669749998
-10.04366692385
-8.943810919085
-7.551133248645
-5.90155567148
-4.21983876027
-2.50389860189
-0.6586749248975
1.28085636315
3.1698270154599997
4.81550448792
6.1871341454649995
7.36918164521
8.19136725855
8.28346739269
7.661688517419999
6.732395653445
5.86201918134
5.1132167299499995
4.37710408366
3.61351908806
2.89362664087
2.032154606965
0.904125273548
-0.23983408019549998
-1.009507338315
-1.09415539912
-0.589452430343
0.04770728304685
0.4618656583135
0.6855690741235
0.9693296893979999
1.3987911360499998
2.0778271180099996
3.035877002445
4.048964748675
4.86228613108
5.45378010982
6.077683105479999
6.924686407975
7.941402614704999
8.894781591745
9.422562746099999
9.318324921255
8.63213302679
7.5837011332949995
6.356867643665
5.00791488358
3.55800364241
2.1330365961799997
1.0028731395900001
0.22972989643449998
-0.271907219353
-0.5570609673265
-0.7054385238215
-0.984876956175
-1.5380887153099998
-2.22663518644
-2.8750930530349996
-3.39842198829
-3.770222490405
-4.0624488924249995
-4.364913437045001
-4.509847878725
-4.1408903244449995
-3.0189301305800003
-1.148489143445
1.3376162726849998
4.20286737178
7.27883886275
10.451260717799999
13.58782946045
16.7889651867
20.2060923792
23.62258213945
26.642893046349997
29.113197988
31.1047716966
32.6977050827
33.9571339156
34.95010626135
35.807099598200004
36.6397037965
37.4566565814
38.0669832508
38.2896138191
38.02961010765
37.32017743335
36.29104796905
35.04797662835
33.548951722649996
31.746930751900003
29.65306387715
27.4275329195
25.20239422785
22.8411980741
20.131502999299997
17.13767985405
14.05864672695
10.78759939285
7.08579888016
3.106551567665
-0.727445725153
-4.2463402512299995
-7.59992819705
-11.0488387422
-14.475331285449998
-17.414237190699996
-19.8098056527
-21.860572300699996
-23.649785786549998
-25.2063659211
-26.62051427105
-27.83338112975
-28.76046259415
-29.3880195476
-29.66751887925
-29.5438668294
-29.09557543795
-28.3597726818
-27.25537717875
-25.74177959115
-23.807574785049997
-21.451899775250002
-18.89338401685
-16.4089771125
-13.9862638433
-11.4417912077
-8.744249514245
-5.95883827546
-3.16073428958
-0.4389157437175
2.1860709593800003
4.627078534154999
6.73203574939
8.401948395995
9.726013839710001
10.98167299635
12.358193230249999
13.717973512599999
14.86898982975
15.80195528415
16.468130825299998
16.6582033156
16.33408372645
15.7558934491
14.9961722736
13.822012262449999
12.05328486845
9.629040781185001
6.52150854852
2.7290337886
-1.55446385948
-5.9498328287649995
-10.16891745765
-14.1791214222
-18.08806191885
-21.9475572862
-25.53913497555
-28.608498745749998
-31.161042254299996
-33.232942233050004
-34.77725424844999
-35.85824127794999
-36.6175211542
-37.053603266399996
-37.14766865319999
-37.159426826549996
-37.22893636175
-37.203095839
-36.919860173699995
-36.474893236599996
-36.01689326165
-35.40695885825
-34.5337649356
-33.61183196245
-32.8815209303
-32.3573162612
-31.727072285649996
-30.64761509355
-29.26256307415
-27.740266988
-25.8424056268
-23.3141139637
-20.3566636833
-17.41867960315
-14.6513900729
-11.8650069951
-9.021818897175
-6.4093116465349995
-4.147215613695
-2.130952683055
-0.2194570382935
1.6471553346149999
3.46652328855
5.22057208883
6.844661201979999
8.3388298546
9.643527164565
10.6382146934
11.402074275199999
12.084371948949999
12.706760797849999
13.10591106615
13.1180811188
12.925007793599999
12.747723174899999
12.6068604543
12.5691244651
12.792784731649999
13.1258479856
13.12948625275
12.844308870749998
12.6454202021
12.62026614485
12.499173630649999
11.975282774350001
10.9962750982
9.749882245145
8.372275434425
6.59061012708
4.151163770985
1.1007493905799999
-2.38266487193
-6.308326687495
-10.6485705158
-15.16705314985
-19.691360934
-24.09255603405
-27.95723911925
-30.806070944250003
-32.71236602445
-34.120728450899996
-35.2741473973
-36.07849863695
-36.500155166999996
-36.480541867
-35.843384203199996
-34.7185810615
-33.42440726765
-32.1390006189
-30.953857159749997
-29.9163430097
-28.872052464499998
-27.672826655949997
-26.3680812934
-25.099394982899998
-23.85295996125
-22.506546142850002
-21.02338839685
-19.248973145849998
-17.00336797565
-14.08255533965
-10.5998510786
-7.04530722231
-3.7499639128349997
-0.524346080993
3.087944429955
7.33157706512
12.090275552249999
17.1186451464
22.181171302499997
26.942525430449997
31.068830324349996
34.14968748835
36.1368187845
37.2241801365
37.50152200515
37.0932417457
36.2288640014
35.14841633765
33.6961985724
31.52819342365
28.754274598
25.84563201465
23.125473244299997
20.603094991149998
18.1151969194
15.4265469155
12.312974767099998
8.877703310769999
5.51915908404
2.573856300995
0.07994260458204999
-2.18082440163
-4.24367872642
-5.832117724825
-6.930042800205
-7.706292103615
-8.12899696455
-8.135639008595
-8.05155581083
-8.27780307165
-8.824424761985
-9.327762841215
-9.26241622894
-8.269234020879999
-6.40713751223
-4.2415536253649995
-2.4626067214000003
-1.25047536145
-0.5150435908695
-0.03855493273485
0.5003347926674999
1.39010048282
2.7648476744
4.57905634977
6.559099399299999
8.42805664029
10.135976920300001
11.7818466031
13.20917509065
14.099609104
14.3144728055
13.991735954
13.3621097974
12.6948653314
12.3638712806
12.443491471949999
12.66392535065
12.84705473275
13.038058854800001
13.1827853955
12.96622514355
12.078791965099999
10.62165126155
9.019218173595
7.714961182214999
6.99927480721
6.830764198265
6.93503732705
7.0352318701
6.892938359265
6.577311329014999
6.31690260292
6.346651075695
6.9696038069699995
8.292945519915
10.2273945116
12.687951643149999
15.4127391523
18.08045195845
20.44552173895
22.43738964705
24.269821039449997
26.04317717225
27.6996870703
29.260003538499998
30.710711079649997
31.881987935699996
32.5014151763
32.35993463675
31.734741085950002
31.012500926749997
30.2981355075
29.4203618793
27.96953665835
25.74854617965
23.038145026049996
20.3735507346
17.9797670829
15.693336828749999
13.30969325315
10.83922159845
8.54278071598
6.77943128884
5.64631210794
4.937441354684999
4.3706365979849995
3.718078571025
2.90643804843
1.9488637865199998
0.9749134978414999
0.16390638677
-0.3397508989175
-0.3879725505635
-0.0480854765041
0.394307156131
0.7898902554934999
1.29588603494
2.0638526417599996
2.937075003695
3.852294344255
4.91061330228
6.011692196299999
6.762007813785
6.876712276175
6.581674307599999
6.46343552855
6.95706894694
7.9563106840349995
8.776319221075001
8.96591412752
8.87846822947
8.9414484971
9.244171937279999
9.8156525047
10.52509498565
11.0984211646
11.2996340093
11.008719737049999
10.4535554739
10.0225139798
9.951445187249998
10.154854721549999
10.28120360015
10.182323148199998
9.941962156699999
9.59102334113
9.13826207861
8.68705026679
8.270733457665
7.8494691936150005
7.393824775994999
6.89027389246
6.460149320135
6.3634498671449995
6.68947096573
7.28041969473
8.079250771095
8.893381202125
9.363343328745
9.47699553759
9.47911965798
9.51982313947
9.66553034517
10.111028802699998
10.952194206449999
11.80145009645
12.1093690998
11.60721958655
10.424527789899999
9.07610753091
7.972752513424999
6.9016692197600005
5.591670434805
4.277052717699999
3.1355066824549995
1.96747876955
0.6838563427009999
-0.607517848707
-1.832632428725
-2.989611189075
-4.10806256357
-5.09369757379
-5.8567314356599995
-6.458100710949999
-6.8130210264199995
-6.6605590002
-5.904260345549999
-4.817707061509999
-3.9448112610199995
-3.4786521532699997
-3.216158533385
-3.0352003435949997
-2.8107172991100002
-2.4025056862099996
-1.85525342828
-1.279329467745
-0.8446917770235
-0.7380949625209999
-0.9798032896645
-1.363817680155
-1.58421331292
-1.710498448295
-1.90425333567
-2.1493852623949996
-2.266207961185
-2.1653916765249996
-1.8988606588349999
-1.42855039614
-0.6892149904604999
0.3519287968875
1.6259974872399998
2.85950538286
3.8466182552349997
4.766048571305
5.826986885545
7.101272793195
8.405982851805
9.38970850727
9.84588640665
9.7056218917
9.00633125483
7.8613009168399985
6.521432056649999
5.46480866841
4.89674081519
4.605505865485
4.279013067035
3.769057460385
3.20803568519
2.9753964499
3.27762367359
3.918091081765
4.745929248165
5.857422804485
7.276403871555
8.78134709053
10.185225916599999
11.461639867299999
12.80735741355
14.45285444365
16.256875971
17.9455026478
19.3937094932
20.674183397
21.903525427699996
23.17286878375
24.5388468689
26.06612473325
27.529178846749996
28.54736408965
28.9577625855
28.78386126105
28.26518754255
27.6777201743
27.1000496494
26.2509898924
24.94087048565
23.360077732249998
21.92238361565
20.890655389099997
20.17523085165
19.321454095999997
18.009079159749998
16.34846027535
14.63172773965
13.07678531565
11.7292633458
10.2769377074
8.54869020327
6.82732696744
5.52550790925
4.6435036922399995
3.7976507097899996
2.809786648025
1.881783358525
1.14959043024
0.38881857025899996
-0.666476801438
-1.95176263226
-3.0433388824299996
-3.4408985121
-3.098553263925
-2.50744664786
-2.0888635219199996
-1.69737224727
-0.9627319714110001
0.16152131142349999
1.530269873265
2.859086638905
4.0893073454449995
5.501980775234999
7.290024327739999
9.4164630098
11.64454369645
13.76089721965
15.7937078915
17.7855561863
19.3995346433
20.207563376699998
20.213212007099997
19.860868879250003
19.4714370011
18.722277587649998
17.19400925165
15.06412255145
12.9222619316
11.25753406085
10.079166996849999
9.272267008865
8.828853445125
8.76324401463
8.874334726495
8.794204589344998
8.32875254106
7.611755016949999
6.709658935419999
5.571400089255
4.39302812193
3.422196249885
2.6612953343899997
2.02031896108
1.470394391025
0.8807286660445
-0.01940791932905
-1.45642874076
-3.4714756467999996
-5.829164942509999
-8.22002228985
-10.6648691681
-13.230730107349999
-15.621395244350001
-17.57741004005
-19.31456002105
-21.150198188
-23.111361474949998
-24.96295506145
-26.5211630999
-27.61647764505
-28.300815101999998
-28.8236860667
-29.3044668896
-29.6155142143
-29.544484648349997
-28.88534047525
-27.467308691899998
-25.37316723095
-22.97693191675
-20.538655494
-18.1482649432
-15.801062879
-13.322451704799999
-10.57930614685
-7.775631003105
-5.30506814656
-3.1908789510149997
-1.26528144162
0.597648043881
2.39747487476
4.207604964394999
6.22584197368
8.468276653935
10.7946503742
12.978689395699998
14.9095207142
16.6281165134
18.056915998450002
19.12185934855
20.005222767249997
21.03339117985
22.254181811749998
23.4428752782
24.060821714649997
23.6191792319
22.223114344549998
20.509059024299997
18.950782339299998
17.60596700485
16.2644859314
14.6184593422
12.4800016299
10.04776610355
7.567161237405
5.28011218364
3.44724341465
2.077422103365
0.8698275939045
-0.552503130606
-2.03640578974
-3.116232692545
-3.5361544262099995
-3.365825664355
-2.943212005265
-2.76948033586
-3.0831587847549997
-3.709631122715
-4.312965650665
-4.69363332571
-4.78521959139
-4.59988371304
-4.280611550985
-4.058611550279999
-3.9316477947250004
-3.7104627266349994
-3.20715112536
-2.433309354525
-1.4986130264
-0.522346308925
0.4049511959745
1.34407787437
2.593461755675
4.406146477635
6.64077506449
9.163538718984999
12.07870370525
15.27014065465
18.31598807815
20.971462185100002
23.329824217
25.48719895715
27.4804888295
29.342330365249996
31.02226835015
32.312970589900004
33.12065609055
33.37425605955
33.1979226859
32.8799518663
32.5744747188
32.23382111775
31.846889935350003
31.5283601367
31.34618199965
31.205780191600002
30.990602677299997
30.7265684327
30.4654369565
30.16075414765
29.69213357075
29.06752841895
28.382200490349998
27.81064931505
27.4579139212
27.24356997215
26.96240351
26.51803477855
25.9339997378
25.00469216385
23.60673459305
21.91973582015
20.14922361585
18.4617050905
16.91914846545
15.328696161799998
13.58527973145
11.730597050199998
9.84066926885
8.036921347035
6.3077284818449995
4.4999039356249995
2.603468461335
0.9884465767749999
-0.142804829566
-0.9113172745249999
-1.41706680899
-1.582150974425
-1.382054126495
-0.874556458601
-0.18157728360449998
0.5345064568585001
1.23261549047
1.9974841765549998
2.857696055935
3.6251389876449998
4.2174969322499996
4.70171792797
4.955339471599999
4.803184393525
4.207345088169999
3.316694347855
2.45997657787
1.79164749638
1.1978754328449999
0.5050321780175
-0.405447510531
-1.52957065912
-2.507965419645
-2.846820481085
-2.334915312415
-1.1338399696750001
0.4556566759325
2.1347076493399997
3.67716424656
5.04246371153
6.333616076515
7.635805826075
8.794201647349999
9.432654769615
9.36601564087
8.73181762404
7.676165094149999
6.466241211115
5.4231088312799995
4.504146292414999
3.4814009572649995
2.17754113521
0.7700455185534999
-0.2954766200295
-0.851841511339
-1.172872398005
-1.24357932517
-0.7800541855434999
0.10039391224449999
1.04531435946
1.981603287545
2.966563600245
3.9071792223099995
4.566447939864999
4.841130245035
4.837000664720001
4.735942155805
4.805746871169999
5.143312358135
5.745077822084999
6.6029194341599995
7.730237000920001
9.144884509355
10.7107446768
12.346778289649999
13.952764326899999
15.375287555949999
16.6966257703
17.94994506025
18.93461117345
19.52708973985
19.836666067049997
19.92155242945
19.6166931009
18.8966888579
18.0463542364
17.35525019095
16.8330558851
16.342370345699997
15.97892609005
15.73395597305
15.440795977949998
15.110154966549999
14.9610644666
15.025651063499998
14.9730089663
14.5720150478
13.91319449415
13.17677391905
12.60598766245
12.26740326455
11.8517091777
11.01729074915
9.790613185255
8.31733956179
6.8454290626750005
5.53247651474
4.263660756459999
2.9863053673599995
1.6918187413749999
0.257381609373
-1.289138079075
-2.6461548474549996
-3.5937361330149997
-3.9752756192449996
-3.597890229955
-2.25481753721
-0.12136376613899999
2.271079904905
4.5711306152399995
6.8933708325300005
9.417572141915
12.14576157795
15.004713865749999
17.87137418045
20.51065750825
22.646300712
24.229280348350002
25.537379585199997
26.9395932421
28.490161900199997
29.973260806299997
31.1792237834
32.0517802738
32.65436949635
32.94113555565
32.8160125083
32.46873941849999
31.901699302199997
31.01597248085
29.9214424677
28.782243163799997
27.60351325375
26.2637581507
24.74236427635
23.147498980199998
21.5481716583
19.90862726475
18.1999067621
16.47445611455
14.9167187953
13.540129914849999
12.1020337256
10.381721762649999
8.344330404585
6.076689691835
3.9128435433499997
2.2368988263299996
1.06526500822
0.18569303654299998
-0.633566076304
-1.51253454674
-2.456101970455
-3.444019968795
-4.29307874513
-4.855620551075
-5.279981755194999
-5.8443279847400005
-6.607350078630001
-7.293496862504999
-7.81359548725
-8.128613524535
-8.1629966201
-7.97928080033
-7.587694401175
-7.001976539285
-6.1768244143199995
-4.850685844795
-2.9963414929699996
-1.099185229905
0.609528604223
2.2639337990499997
4.0149091952200004
5.91447887485
7.92580317655
9.943472380800001
11.899546016399999
13.6219271825
15.02473904505
16.323708290749998
17.71256529035
19.1223987143
20.4023234457
21.522625335049998
22.472948559949998
23.0995052351
23.377729702249997
23.547698560049998
23.6855506391
23.63152580425
23.4126119563
23.1590512139
22.9809820632
23.0168547889
23.35178130635
23.991998644949998
24.788279011649998
25.54088055925
26.299444550049998
27.08529064115
27.740227761399996
28.11143888385
28.06354320525
27.721428413349997
27.270724586
26.634292614299998
25.655451651199996
24.308851506449997
22.47283088015
20.0286312408
17.352827948399998
15.0033703547
13.166594616349999
11.8000281322
10.87376061975
10.236808895600001
9.622776293165
8.875786110695
8.109296385365
7.450756301905
6.96257440025
6.82473605051
7.0427741646149995
7.48533356914
8.078024939845
8.613048305225
9.01877000969
9.32211715281
9.427749483285
9.368299609655
9.229168743445
9.065171154829999
8.82985666542
8.258859565844999
7.210275669275
5.8611993454
4.368594853455
2.6747608455050003
0.6675558271375
-1.706132527715
-4.339716230535
-7.135631372134999
-10.06750689
-12.949200799149999
-15.436265305649998
-17.45247331905
-19.08020069935
-20.2887035988
-21.001686280399998
-21.2201784424
-20.96335208555
-20.12562881595
-18.741096548999998
-17.1356498775
-15.531409423949999
-13.973838817749998
-12.409128970349999
-10.821618661699999
-9.363900346465
-8.20949583174
-7.53197988053
-7.486578033024999
-7.887397393155
-8.279906598075
-8.457371659135
-8.640514770545
-8.954562930145
-9.064425849429998
-8.645185677939999
-7.87324737787
-7.078690039574999
-6.209051027549999
-5.076444734444999
-3.7631822963699997
-2.55134121326
-1.5948260695499998
-0.9102019642204999
-0.5554451256059999
-0.5067563832205
-0.5088136222575
-0.28347514369300003
0.232462911723
0.9426892382075
1.7641771084
2.664761985165
3.5654488510899998
4.430718019875
5.413435551719999
6.63180394107
7.958098436329999
9.178632133999999
10.1106169234
10.590789734
10.596565850849998
10.396892650199998
10.16499479765
9.69825905888
8.845475716875
7.851718839125001
7.084800563189999
6.631854935649999
6.287114903545
5.98588697749
5.8279979511599995
5.82085674863
5.911751645484999
6.116862633559999
6.509696438594999
7.00473122727
7.203312947774999
6.83873994671
6.19575124882
5.78165760725
5.758760060165
5.762463051205001
5.344252577964999
4.495532131055
3.52740885574
2.40957824219
0.933544242883
-1.031191802795
-3.401364963955
-5.932024933029999
-8.53200320763
-11.2138454351
-13.83742831625
-16.05090690105
-17.47779408935
-18.0221514242
-17.9009020036
-17.3485718623
-16.32808205665
-14.775326515599998
-12.7800655066
-10.650649525599999
-8.58566127377
-6.686155337364999
-5.191239418015
-4.346180774215
-4.14333119963
-4.546613009574999
-5.60914686577
-7.256608167865
-9.321272800245
-11.614594187349999
-14.156291540999998
-17.04594844995
-20.182085700000002
-23.352281445499997
-26.3994233468
-29.114374786
-31.33111898525
-32.9647009356
-34.0250743868
-34.58151351445
-34.565067762400005
-33.93784423505
-32.77312802785
-31.255274354149996
-29.596048014049998
-27.91760063995
-26.27998815645
-24.68950643285
-23.00327257865
-20.98463251605
-18.65465092925
-16.18059004065
-13.48505576845
-10.406052061299999
-7.037857110305
-3.7338025536349995
-0.6716479460495
2.287043169775
5.265779764665
8.07087491133
10.57544232675
12.92642975785
15.2196462138
17.249240304449998
18.70505711025
19.4514510484
19.5071528204
18.793660192999997
17.10545520215
14.38348220155
10.66105438125
6.302187724595
2.100659941205
-1.45569716467
-4.368328112575
-6.669183948874999
-8.393691196695
-9.517219473894999
-10.1173638986
-10.294648517299999
-9.86685302435
-8.7865230404
-7.38942453214
-6.048242561515
-4.92498788985
-4.036573065735
-3.5273529578350002
-3.493006146875
-3.74081528905
-4.09148344108
-4.70161201615
-5.766987839515
-7.020271825525
-8.088059104125
-8.898039360874998
-9.507624647535
-9.83409881335
-9.64935525666
-8.67716124093
-6.778563400314999
-3.914690135545
-0.117191624963
4.4238013896299995
9.395246322524999
14.6121242463
20.05931624865
25.70457316105
31.2904311944
36.3449551241
40.68648656555
44.649491123649995
48.666236123750004
52.57126376705
55.936474554449994
58.50736630514999
60.3172718225
61.412772694
61.70427536525
61.05907624845
59.3616726199
56.66116637615
53.22601456095
49.4166311751
45.40905539275
41.18174200385
36.884379714
32.745022168949994
28.726678684899998
24.77596185925
20.905080971249998
17.0472135078
13.27266334275
9.641467768065
5.8596557786900005
1.619669255995
-2.9009276917949998
-7.337826843165
-11.616888943449998
-15.977455092549999
-20.51432519535
-24.9935223895
-29.04381593925
-32.47186773985
-35.42937686015
-37.982734320649996
-40.0153684728
-41.37305013205
-41.866883606100004
-41.279739857299994
-39.3834279468
-36.105427697850004
-31.526791072699996
-25.7392592821
-19.11105242025
-12.283446943949999
-5.79751692163
0.1861536548935
5.55071099975
9.97698170385
13.159376921949999
14.780779012999998
14.81344496415
13.6791195653
11.504769514
8.031056970335
3.433815168805
-1.44745761734
-5.96461046965
-9.8253610882
-12.87449373945
-15.21198722015
-17.13444365955
-18.8379666377
-20.1589812326
-20.8606862667
-21.274781869599998
-22.190291487
-24.07133444345
-26.6755393842
-29.45844110125
-32.06463679195
-34.37365176105
-36.2401612622
-37.50671952965
-37.9665435415
-37.42534394795
-35.81099283825
-33.1538319875
-29.69366340815
-25.879357084
-22.24717986365
-19.0608521789
-16.286011528150002
-14.05562627875
-12.42276021385
-10.97518099405
-9.30767588002
-7.62797913871
-6.218966531365
-4.941178668999999
-3.75897524352
-3.218002183585
-3.6730474148899996
-4.685563433424999
-5.88765180311
-7.604142114555
-10.076862434099999
-13.0017546365
-16.06485195735
-19.41998150855
-23.13889854815
-26.653739201249998
-29.476916829849998
-31.7640923894
-33.76022619025
-35.300566512399996
-36.21408537985
-36.68857033345
-36.863785749
-36.5744307341
-35.5879209707
-33.840258260899994
-31.732073677149998
-29.670088221549996
-27.53802444505
-25.0551669914
-22.31627751955
-19.593667086700002
-16.64432690585
-13.06480158935
-8.952000452499998
-4.819035862585
-1.273637688085
1.4163744594999998
3.508171150435
5.25798838124
6.225026060399999
5.69871688421
3.9136418046599997
1.9076778178499998
0.16278646734
-1.6700048291149998
-3.53882379634
-4.93962529564
-5.955587370985
-7.326766903295
-9.507948266985
-12.1661103767
-14.93328222715
-17.955583884
-21.55553645245
-25.558728662249997
-29.51080861225
-33.50003615245
-37.6692843667
-41.56657456315
-44.8374355709
-47.6046368413
-49.8114272908
-51.230694712049996
-52.1513332074
-53.0571930812
-53.727330508950004
-53.4628157385
-52.14738112745
-50.2979351973
-48.3072440872
-46.102130574849994
-43.57462344375
-41.03764308875
-38.7857322426
-36.3664316876
-33.08815685245
-28.84632962155
-23.94777065345
-18.681207337449997
-13.26609288725
-7.9808106377299985
-3.0627344748
1.29351870963
5.0573178442849995
8.083481359904999
10.184921910449999
11.38604040245
11.93189815475
12.046881125999999
11.502357078100001
10.069419186749998
8.187596601625
6.43130698182
4.775731657515
3.08117882212
1.87282302242
1.7248995138199998
2.3438089633
3.199283250065
4.282674870145
5.729347955485
7.26867917335
8.679106880289998
10.2755059365
12.282721251849999
14.28012011055
15.8993058987
17.312071511
18.7063025548
20.042801850049997
21.254933209999997
22.302048070399998
22.988248790849998
23.0885414004
22.37598040475
20.76102128275
18.381878959499996
15.323783030149999
11.75786934385
7.92045462964
4.07103069184
0.5315442601595
-2.397287567745
-4.54534108707
-6.10524175331
-7.530939394964999
-8.962849549395
-10.28185083905
-11.3782833423
-12.05237285
-12.017647502349998
-11.4316707449
-10.737722770949999
-10.1890112835
-9.965762896249998
-9.90382409485
-9.501699469604999
-8.47255725666
-7.28301257299
-6.76193230258
-7.0465310922299995
-7.319970894845
-6.92284373844
-6.387748784515
-6.5506882355950005
-7.277380613895
-7.67989750514
-7.325256679195
-6.47235173473
-5.50559256443
-4.286289601335
-2.2249131387000003
0.702646276367
3.494253552755
5.392799418125
7.127091741315
9.594648859634999
12.405775096049998
14.624274685649999
15.92000773685
16.44980219645
16.478525874299997
16.173509639349998
15.405845077349998
13.90442734905
11.695969769049999
9.116000002445
6.136578903385
2.425058039215
-1.88148229437
-5.975463489205
-9.572018053429998
-13.2316225125
-17.3009311566
-21.15420910785
-24.26077930815
-26.943574742
-29.52016415635
-31.611069422799996
-32.7071586933
-32.9853733538
-33.08291029469999
-33.228529240549996
-33.221272319549996
-33.0275811754
-32.86793872005
-32.87399922975
-32.832271934
-32.56563892715
-32.081092350649996
-31.545884620249996
-31.04507861805
-30.478597480799998
-29.684337283999998
-28.67745910855
-27.68781121715
-26.887794516799996
-26.30895700055
-25.8618620204
-25.421563048699998
-24.970310048949997
-24.6359130906
-24.59485264705
-24.806744933599997
-25.22771499815
-25.894527971549998
-26.74935403875
-27.64275946705
-28.55071796395
-29.6200841132
-30.940735862049998
-32.12157420185
-32.888973984299994
-33.513530102850005
-34.072666059250004
-34.296551878749995
-34.04122593935
-33.543558065149995
-33.0771439845
-32.484989037549994
-31.580119635399996
-30.577438706149998
-29.5496723662
-28.2492713496
-26.547160529049997
-24.671521036749997
-22.9471295074
-21.240497821199998
-19.1515048515
-16.6953116792
-14.267302819
-12.038712186549999
-9.9692638703
-8.274676711629999
-7.087404228765
-6.29218984492
-5.712839440875
-5.3110590290449995
-5.025996384849999
-4.97395837729
-5.31621242362
-6.024935096459999
-6.934626428415
-7.914735391359999
-9.121877127789999
-10.8080266448
-12.908454168399999
-15.12490416815
-17.534662852700002
-20.2899392367
-23.1653470832
-25.71094748355
-27.677926113949997
-29.208214619849997
-30.51116536545
-31.5517980302
-32.4200199813
-33.317769755549996
-34.1943371658
-34.8300042188
-35.13619725175
-35.13864891425
-34.7086959583
-33.59659242835
-31.974346965400002
-30.176611500699998
-28.1861949768
-25.84200355415
-23.20732935185
-20.57079188605
-18.09337712315
-15.64667678805
-13.172311893299998
-10.7982003815
-8.574794524905
-6.18421666709
-3.5565895234799996
-1.198764896
0.5218443065114999
1.7735610917849998
2.7923004104099998
3.43790944518
3.408333569445
2.783589163215
1.983376329865
1.1678190312599999
0.2731166734975
-0.5429948969655
-1.063714576855
-1.3787561501
-1.86954760132
-2.5787047087549997
-3.3255281781749995
-4.181388846949999
-5.31159937546
-6.60136017681
-7.6724101278650005
-8.47074106508
-9.305714550020001
-10.27898729725
-11.13389181765
-11.779630300200001
-12.3443952737
-12.746879802999999
-12.67643863605
-12.087872923
-11.14232553665
-9.9760892987
-8.596404458845
-7.06609928164
-5.5930217911749995
-4.31990189421
-3.0972185788599997
-1.74911017134
-0.24858455399049997
1.222556809565
2.429523987625
3.3371696523899996
4.084290263305
4.814923934239999
5.665288956355
6.691469561
7.8650902064
9.180523836785
10.5218489845
11.6924884083
12.628042818299999
13.55997857445
14.55698145335
15.441021530899999
16.16819443505
16.8684971182
17.6308072493
18.372621481899998
19.00298313725
19.62633303785
20.304031392749998
20.983995083799996
21.629851246149997
22.2130625283
22.67221968795
23.040341715649998
23.410013194050002
23.62377855075
23.387379445849998
22.76151904285
22.070630743699997
21.19947660425
19.72122218325
17.5294849415
14.955513902699998
12.3415905718
9.8100234876
7.276816731519999
4.800598379919999
2.6731751102
0.920509243703
-0.664881259483
-2.10510333432
-3.18801050589
-3.9525879344700003
-4.62386881761
-5.21676318597
-5.47013367936
-5.2926882316
-4.890341976065
-4.46774302695
-4.026130944815
-3.558051694995
-3.192585308115
-3.047897994015
-3.11721629954
-3.270661932755
-3.4527645585999998
-3.709923360885
-3.923508275225
-3.96562097232
-4.020181250259999
-4.245092845349999
-4.469971097829999
-4.472385495059999
-4.344344969334999
-4.380915928515
-4.60930594236
-4.772279716715
-4.70023712382
-4.53408893686
-4.49698841858
-4.553887582545
-4.48299040637
-4.18684722834
-3.70888679798
-3.034594292625
-2.1609110181399998
-1.2410766680899998
-0.4207973694435
0.334472861821
0.9104087864689999
1.1326043317749999
0.9433158831424999
0.3616042339105
-0.530734132803
-1.66190355555
-2.8163433742149997
-3.787843079125
-4.601498868295
-5.49388342433
-6.540175506794999
-7.634932053559999
-8.85107629469
-10.3173607187
-11.9786464553
-13.651052933
-15.091061419
-16.072736503949997
-16.40618221725
-16.05539834675
-15.145341226749998
-13.78398207375
-12.071986149999999
-10.15079476845
-8.241251725769999
-6.5249624506499995
-5.01460301888
-3.7192416397149994
-2.5904079648650002
-1.6158770244399998
-0.9477951685964999
-0.6636078659805
-0.7359623103455
-1.06816777662
-1.523715108405
-2.09934094678
-2.816317876925
-3.456843144335
-3.8692137575000003
-4.28131468779
-4.94153366973
-5.623855860105
-5.933885254535
-5.8743853669899995
-5.81911116493
-5.782907955124999
-5.429262504155
-4.721813715150001
-3.99923424586
-3.4573364188299998
-2.891221069625
-2.06081650292
-1.130654769755
-0.40129498265499997
0.09396305440724999
0.46602004945299996
0.5797320788629999
0.33865088698699997
0.0211632802591
-0.1991778667585
-0.495401949651
-0.9557248257865
-1.410444378245
-1.7006368810549999
-1.8913879915349998
-2.071404742925
-2.1085278164999997
-1.84536047976
-1.4229919869199998
-1.02374953611
-0.4858170280075
0.505974499016
1.98374604057
3.6701583758
5.437033293615
7.266528575005
9.06573601787
10.7616411903
12.414306881549999
14.02920716365
15.4350198611
16.52213604685
17.37923725685
18.0265448034
18.2280714609
17.79368589915
16.9427922986
15.963215836749999
14.8672148261
13.53285338055
12.08688245135
10.86010976295
9.811563131649999
8.481867690169999
6.72580460398
5.017369474845
3.542892575425
2.17317129197
0.9716543557805001
0.1626794767885
-0.1351747655335
-0.139387408174
-0.12169885936949999
-0.045940036457
0.239150458624
0.6949562937029999
1.17745308422
1.6451135900849998
2.1681630358149997
2.61189923834
2.7524814887499995
2.530897290005
2.168482732605
1.8489761916149998
1.477702306605
0.9744192426815
0.392017499489
-0.1791758311525
-0.660219766472
-0.9548171222624999
-1.096080444515
-1.0965688156849998
-0.9707878401865
-0.7496755374395
-0.3687056214415
0.2794884462685
1.226975686055
2.3666192311999996
3.6314123016499997
4.991726065759999
6.296424356389999
7.23749794901
7.836667592705
8.43542927976
9.12837501408
9.742507644345
10.049266521
10.055454517149998
9.9744613948
9.830205573299999
9.527118306404999
9.009286979139999
8.29824209158
7.58011484139
6.95242647883
6.31027723018
5.538597825669999
4.645741569769999
3.7768194238599997
3.05066444998
2.43504218958
1.859396737905
1.3135615408999999
0.8297566413395
0.3235348186105
-0.2414504122485
-0.9785546089199999
-1.84321086208
-2.7473114228699997
-3.9158816435199997
-5.441733620959999
-7.067898801915
-8.53110884115
-9.9126206599
-11.306930156899998
-12.546176904100001
-13.5617731914
-14.426141129049999
-15.0850401359
-15.490447046899998
-15.785715471749999
-15.97102193015
-15.918409252899998
-15.611892600499997
-15.07443914725
-14.2357646326
-13.0646544896
-11.714857376949999
-10.398618620599999
-9.27998974574
-8.24334446488
-7.13940595172
-6.0019816514699995
-4.875312304275
-3.7604609509949998
-2.4908783126849996
-1.020161282875
0.58020456326
2.139470739245
3.533417390195
4.74070916837
5.6856524650799996
6.281809505895
6.513103268805001
6.553032024945
6.593341279105
6.513913298095
6.1830143718
5.67984104429
5.05550263337
4.368400681784999
3.7717778250949996
3.256299113165
2.712896946025
2.1666390824049997
1.61671843501
0.9852437248849999
0.319716207167
-0.3198261397135
-0.8756825562205
-1.2084930928
-1.348129001485
-1.5482464433799998
-1.9190074405950002
-2.26342385325
-2.4145629623850002
-2.54679288899
-2.83750318292
-3.18321701537
-3.4560546896749997
-3.77266532692
-4.2902926758649995
-4.8538710447149995
-5.306095883479999
-5.735886049039999
-6.226223452365
-6.77252348458
-7.31587269581
-7.8180378997
-8.303336646255
-8.865228271304998
-9.513321330519998
-10.2211378689
-11.0389928656
-12.0091647501
-13.09137761085
-14.220230899
-15.350035432199999
-16.38460758725
-17.3804238615
-18.382124125749996
-19.265664064150002
-19.87703023845
-20.177613867599998
-20.2848005521
-20.212535348249997
-19.731950658349998
-18.6789420013
-17.26063563175
-15.714009246949999
-14.0480653516
-12.16865029905
-10.1236989945
-8.028428788135
-5.84697185758
-3.515987050485
-1.2308757907599999
0.9622418350440001
3.178873650085
5.3295092603550005
7.3483572239349995
9.329302485265
11.30419410155
13.16298576915
14.85528013305
16.287580592149997
17.35646621555
18.13440814675
18.66547747085
18.961442167850002
19.0778765233
18.98274221165
18.59384969925
17.8273913552
16.76767494955
15.540225602299998
14.2057562836
12.85107545925
11.572455012299999
10.36448167195
9.139516349145
7.869498295575
6.65834661996
5.5395235734299995
4.531651984334999
3.58376963462
2.70726498693
1.960003160255
1.4164921393
1.18237406119
1.1389217757049999
1.2167414661149998
1.4631345280299999
1.872127730935
2.4772862957849995
3.25883805485
4.06488780628
4.852870766414999
5.65854688448
6.4375557792
7.0982150797250005
7.552237477435
7.713664743084999
7.56295908788
7.1206674049
6.517612366475
5.9137492600899995
5.205908205085
4.2525380540299995
3.1866787628199997
2.196125717625
1.190897020705
0.08072935288494999
-0.944060109811
-1.79010785233
-2.593183246815
-3.38292944262
-4.064363150505
-4.59404483363
-5.0793357348649995
-5.620754016709999
-6.036629526585
-6.2435106149849995
-6.31872271716
-6.363463596455
-6.365489650344999
-6.2466987569
-6.008378529265
-5.770770264419999
-5.56312817998
-5.211668631295
-4.75692348348
-4.417420202474999
-4.113231648785
-3.648008095445
-3.11181871938
-2.71648716059
-2.40321568767
-1.9225388152599998
-1.290001064275
-0.7279726364575
-0.32122044921049997
0.00495534927825
0.3689564755485
0.73978229472
0.9854565291899999
1.099020478185
1.21548915691
1.43980254635
1.703892688855
1.953124775945
2.169496740215
2.3840838941849998
2.601326688975
2.78946628856
2.9752042395599996
3.0654577815049997
3.0449197144099998
3.073250145595
3.090001865125
2.96930455892
2.7758370063899998
2.6327619055500002
2.5797706916100003
2.50973355864
2.494691138205
2.632127415295
2.9104244516549995
3.29014284298
3.7725613764299997
4.32818262947
4.88114431903
5.280670182024999
5.43896618433
5.474253453025
5.56326351175
5.652911002724999
5.703062210825
5.91681874154
6.22626365963
6.45026715893
6.570768332135
6.701110478615
6.8922734683949995
7.05566108338
7.151200409674999
7.25756431624
7.49299844678
7.893248040544999
8.377559257445
8.78474411409
9.042508967344999
9.153978215899999
9.150703775464999
9.107843811639999
9.07053539238
8.9909524663
8.78339668038
8.529704528869999
8.34569254827
8.046449488175
7.564368303485
7.0506018326449995
6.628191171209999
6.21980696127
5.78484869116
5.563260569755
5.578268666915
5.594532995939999
5.59403874078
5.831777434069999
6.44188639584
7.2526433392700005
8.01903303677
8.805262567885
9.726411009034999
10.6161889575
11.32884801965
12.03380886155
12.818203568449999
13.43339433625
13.8280041256
14.25627033775
14.775306902299999
15.233885469599999
15.659454852999998
16.208480153249997
16.77026390515
17.15127187095
17.326977618999997
17.337774740649998
17.35111178465
17.43276195255
17.45584680665
17.298499107399998
16.9985529105
16.566481718149998
15.945416767000001
15.17413355115
14.4001829265
13.5403554678
12.424603864049999
11.05526209795
9.538878441085
7.933568082019999
6.25598761578
4.573247870975
2.86790379792
1.13497459908
-0.533609638716
-2.02500850111
-3.41898457201
-4.662280484995
-5.697138994225
-6.4720948005
-7.015016441789999
-7.455192830365
-7.777714916229999
-7.941032904
-8.045364872685
-8.08529853215
-8.021887752585
-7.885246794809999
-7.6745460162349985
-7.375106823139999
-7.041991593945
-6.8848890609449995
-6.869435741875
-6.763486656605
-6.52425441052
-6.38615912655
-6.344372010235
-6.19995241768
-5.96120560077
-5.69524729144
-5.468273357855
-5.305110315155
-5.150215259069999
-5.01517180458
-4.99939878872
-5.0955745666
-5.191786629085
-5.28889501938
-5.51609744791
-5.8515084138699995
-6.06897872294
-6.220568937975
-6.51855282421
-6.893136453594999
-7.143465904819999
-7.27986071568
-7.319506059635
-7.203455144199999
-7.014597697835
-6.88559023642
-6.748996350565
-6.5049902272599995
-6.2856625386800005
-6.07940319189
-5.824188067635
-5.57431756763
-5.321506053289999
-4.993341221015
-4.58964164778
-4.175823573074999
-3.794619474275
-3.391164086625
-2.95571058069
-2.5220801309899996
-2.08090836744
-1.456161019215
-0.7670378189985
-0.2799495549515
0.0744487721523
0.518564080153
1.0751814927
1.5387594901700001
1.830025821155
2.014457526375
2.077104367905
2.00583061637
1.80681249994
1.429218229005
0.8648617024774999
0.2172287712805
-0.500140719064
-1.3604539992049998
-2.33270391284
-3.365515774215
-4.32992625184
-5.155454952165
-5.8942340265899995
-6.591293650585
-7.214710236405
-7.6412779367749994
-7.82087594421
-7.942028278975
-8.096809577919998
-8.0676171422
-7.7249816171850005
-7.236692823045
-6.81657299505
-6.465482176405
-6.01218645146
-5.5222315074849995
-5.27223548236
-5.276235614895
-5.407919311095
-5.597599535395
-5.880301718935001
-6.191033269505
-6.363240004834999
-6.428103149265
-6.512242244935
-6.675201309315
-6.796850841235
-6.88995811833
-7.056813364755
-7.245448200165
-7.38369548721
-7.535475951255
-7.756121653594999
-8.016864786455
-8.24700822932
-8.387376694759999
-8.380243337549999
-8.201037596115
-7.922620918624999
-7.613180903859999
-7.238748296884999
-6.829595245585
-6.478541692209999
-6.2237149112950005
-6.057605950935
-5.941421665059999
-5.93176211481
-6.12926216182
-6.397308306935
-6.616843896494999
-6.8375611873799995
-7.05001637564
-7.1528400815549995
-7.162960544355
-7.143064812835
-6.977282413919999
-6.496099518369999
-5.73126515556
-4.782172665235
-3.6357419376249998
-2.299976179795
-0.8493601346895
0.6571490101574999
2.19956098712
3.7604060337550003
5.281174243834999
6.6662233212399995
7.902611429964999
8.977637977595
9.9279974871
10.74758826085
11.38131359715
11.837607215
12.112938720399999
12.240091744299999
12.26816818325
12.166590902549999
11.856073136949998
11.379940666149999
10.8854403399
10.4799157491
10.144979424999999
9.95305347785
9.9304295363
9.9839738453
9.9962517711
9.858027039349999
9.563486267930001
9.17580585747
8.848118609050001
8.557214143449999
8.003670919545
7.26560380791
6.66508378851
6.191174485265
5.78449565176
5.482453773755
5.26874627629
5.120779618429999
5.051473080885
5.070237124995
5.166883622075
5.38919155159
5.7572096288
6.255382545475
6.860056661814999
7.583203936139999
8.389552790395
9.23053873245
10.24027064305
11.481978859399998
12.75181254795
13.782148230199999
14.51673496175
15.088688209699999
15.510942945399998
15.804603079649999
16.003884014300002
15.99296921285
15.726149879649999
15.25609753185
14.548949807
13.6181418156
12.4898475065
11.214384800849999
9.89427241775
8.551333095444999
7.1619563433949995
5.81123446365
4.561509310925
3.39554471718
2.3125669377299998
1.40630302995
0.6418227852715
-0.02230980513055
-0.5397543875395
-0.893645102826
-1.1317178106149999
-1.2678566679099998
-1.228125025435
-1.01490197648
-0.757087501576
-0.6087951648694999
-0.4897776397429999
-0.336301998179
-0.1759106089685
0.00607995824828
0.16449939489549997
0.2570690714375
0.341127262245
0.446079795742
0.4914631086785
0.4677376842005
0.4989599003375
0.5641103796125
0.4701469819725
0.2071491041445
-0.04702593661815
-0.2759541296085
-0.476026951246
-0.6824609544725
-0.925099932701
-1.12997516891
-1.320325187405
-1.589821736055
-1.8914046628399999
-2.043085099055
-2.14885864529
-2.4513065186049996
-2.900568768405
-3.311369336905
-3.659593671755
-3.968813036895
-4.253739368655
-4.499469501029999
-4.599453201105
-4.48492231642
-4.23699451378
-3.9501450979549997
-3.5019135270699997
-2.795831785075
-1.9089389530399998
-0.9085920064899999
0.147324714551
1.2079046938
2.402459594955
3.7472857167199995
5.04783187174
6.24907981152
7.41430204186
8.516082111355
9.39908758733
10.0328698022
10.60682360675
11.1342938903
11.4504210597
11.5509588355
11.51617464795
11.29903580365
10.8013777361
10.126474276449999
9.38681946818
8.663460370214999
7.960635416684999
7.1575600222
6.23752757782
5.404439911675
4.791894978045
4.333225208899999
3.867165148315
3.4068586492849997
3.04025174901
2.761532046035
2.5903334343249997
2.48497372872
2.44066140003
2.4931583588099997
2.653641244065
2.870205418675
3.035843659835
3.15357151242
3.321797728515
3.51297542827
3.603462368485
3.5305862103399996
3.3383601797
3.166177960995
2.9490096967449997
2.56174214625
2.1931631286599997
1.91342255342
1.595582162265
1.28178603357
1.0878693364699998
0.9988151478199999
0.9150904811789999
0.855253833273
0.7502056849384999
0.566747681997
0.45734253713399997
0.4746474497905
0.48452951292899993
0.3981055658755
0.32410193717999997
0.2883358097655
0.257094470661
0.245950585867
0.34476288159949997
0.553542635506
0.79034342079
0.9911385021999999
1.169314545385
1.366028099065
1.531937003765
1.664197330985
1.806848784545
1.8492909850800001
1.7351955156549999
1.582978655685
1.48756681584
1.4144072455099999
1.3207468733549999
1.1588126039
0.8909646511814999
0.5806428224485
0.287972669516
-0.04654652872625
-0.44595446675499995
-0.8794400722344999
-1.300417687905
-1.7957260821149998
-2.49601601662
-3.3284789991599997
-4.111407611884999
-4.819437935235
-5.472021459485
-6.102463529365
-6.794510974545
-7.488627622875
-8.1993596783
-9.015861357299999
-9.92347662145
-10.86768049675
-11.778571182
-12.67898836505
-13.58500514525
-14.3962798798
-15.11925553775
-15.6950726058
-16.08450448395
-16.30766461135
-16.280294251199997
-16.04610164255
-15.68060779705
-15.1795958552
-14.645751249149999
-14.144248974799998
-13.57859159615
-12.923644669249999
-12.256115810399999
-11.6352371856
-11.069148314349999
-10.515994414449999
-10.044755462
-9.69064713715
-9.331677655895
-8.875978321035001
-8.402778038585
-7.900563801445
-7.252971862044999
-6.51486748514
-5.810192016755
-5.121633777645
-4.326961701545001
-3.4166035173899996
-2.532650719025
-1.7509685315149999
-0.995646619205
-0.275840078269
0.328758526866
0.7827621938745
1.1149405937949999
1.32411938029
1.411568220335
1.41055715472
1.2635133026249998
1.01581007227
0.7343461744254999
0.347136581232
0.00648238197635
-0.18015943814750002
-0.3242899306605
-0.398295912952
-0.24567943199449999
0.16405417298549999
0.776428961238
1.5527123917899999
2.525115289165
3.672246211585
4.936508742269999
6.2105014310849995
7.573447300055
9.081011836575
10.512571893599999
11.591862372649999
12.3993125137
13.12938818625
13.7358804555
14.1836324812
14.5707401833
14.870705993499998
14.92926150065
14.84482624415
14.7109752783
14.4534722626
14.0997267838
13.62707567375
13.0110905673
12.2514282317
11.42815015755
10.629261221950001
9.841061534849999
9.067759129765
8.20510441387
7.19471741905
6.210603420245
5.310658917725
4.32915348782
3.2165203987699997
2.20328751412
1.3447260939349999
0.49239170036700003
-0.3948627028535
-1.2242670893249998
-1.9579820096899998
-2.56245214771
-3.02565749248
-3.3859940207449997
-3.580510884825
-3.66289753214
-3.728503039975
-3.811351580505
-3.856895624435
-3.7790043454799997
-3.62756221086
-3.482526760685
-3.28468446159
-3.0978285524899998
-3.0000680199699996
-2.87567654871
-2.6953185259
-2.566252224585
-2.530916903305
-2.4864957208
-2.483829292665
-2.603652826355
-2.8262127867749998
-3.14763064385
-3.6208407329499996
-4.17647375397
-4.780209373905
-5.469660998829999
-6.28489565865
-7.235270858794999
-8.265535933165
-9.32588094508
-10.37672037115
-11.4484989563
-12.465870247249999
-13.3154105301
-13.999012488299998
-14.552872467
-15.023611280299999
-15.34884882755
-15.46760735905
-15.389968111
-15.1996798744
-14.95546486945
-14.636993910700001
-14.227625113099998
-13.77966714775
-13.35896186275
-12.91540708325
-12.4188865871
-9.713811425114999
-9.459796634819998
-9.3882590844
-9.46103227272
-9.68446110233
-9.9022256109
-10.134388243
-10.44052243605
-10.7230814425
-10.914134597799999
-11.0297550013
-11.13098904925
-11.17478554815
-11.089251946849998
-10.9198420681
-10.70185004525
-10.43875723905
-10.115618314899999
-9.755350433184999
-9.350398550745
-8.97098808823
-8.627203223835
-8.286751639774998
-7.97115108748
-7.773063622134999
-7.699496095164999
-7.63779951802
-7.57995989632
-7.5089352336949995
-7.400973823845
-7.339604788809999
-7.31756924626
-7.286306626725
-7.2826732628999995
-7.18377908164
-6.9236390577549995
-6.654046403935
-6.503641812885
-6.347349309175
-5.950427111755
-5.35203023208
-4.771483416735
-4.28905801863
-3.8813122216049996
-3.4960913189649996
-3.1345583794
-2.82025132424
-2.468829040825
-2.157481632635
-1.9817631359399996
-1.8672704971899998
-1.73519845765
-1.6267300439949999
-1.59949599628
-1.54377264965
-1.3601343024149999
-1.1716142048099998
-1.093501295565
-1.076037613245
-0.9688410240284999
-0.7684778274845
-0.5648815745685
-0.39120982379499997
-0.24417469961849997
-0.151107531722
0.01768092903745
0.36415945463449995
0.7924127220064999
1.2443952384499999
1.7581371926649998
2.27845940903
2.769236150275
3.2365034094749996
3.700279501275
4.07602423802
4.329801707385
4.510389205805001
4.617930891035
4.700663713095
4.72611295051
4.685683074555
4.6417855671599995
4.590874343685
4.520262541025
4.462513140504999
4.510364689179999
4.685902743514999
4.9920506658749995
5.41869191612
5.947522382024999
6.4942990174299995
7.0390368503
7.642721475655
8.222739712565
8.74257551909
9.186109704625
9.598026269895
10.036262903099999
10.447004631699999
10.748578732499999
10.95896079495
11.227309965549999
11.4777619999
11.53151224855
11.4470671854
11.39602357215
11.41816698785
11.38788405265
11.380185832399999
11.5719450665
11.8498851408
12.151900540849999
12.536693873549998
13.0025980084
13.556428567149998
14.147053676699999
14.82021155265
15.605194658549998
16.4313166612
17.23753116435
18.0007140873
18.778734471699998
19.61077969095
20.383592744199998
21.06604732435
21.81678560845
22.51527406135
23.021307008
23.41562259785
23.869288033500002
24.23891047865
24.41393956785
24.50485702
24.521528325
24.4284239899
24.22937841485
23.962353141999998
23.60079176315
23.108939232399997
22.5859113613
22.10770968735
21.6174458339
21.114904054649998
20.59028750625
20.067593061249998
19.59185285645
19.099892452549998
18.57168667025
18.05189499365
17.54877462205
17.016450046750002
16.45345027025
15.959391243250002
15.5644088012
15.168955639950001
14.719899329799999
14.30185164695
13.95695176645
13.6017843234
13.2305241677
12.9169467273
12.6468715863
12.391172994199998
12.164747252349999
11.98587395635
11.88192346635
11.80631419485
11.735951481099999
11.751445988099999
11.86274165895
11.996278812
12.116920220299999
12.27183587035
12.4509347193
12.6324558108
12.761854557549999
12.784968831599999
12.75848106995
12.72757050915
12.6716431842
12.573664944049998
12.435557892099999
12.30449201485
12.14503588585
11.90706771695
11.68973273965
11.54404514725
11.41389128845
11.23811689385
11.0243417305
10.7667406483
10.49681260705
10.260462535399999
10.0406758956
9.812681089749999
9.54736609666
9.25784829137
8.981856798425
8.677675109389998
8.281216766515
7.786486964655
7.270521842885
6.828461596845
6.36005186292
5.751783609355
5.1735413567599995
4.79623245934
4.479351158555
4.060416954545
3.610648681605
3.2620683653599998
2.9724142476349997
2.705498809265
2.4559872326499996
2.27586653077
2.211322102465
2.2048085255350003
2.137921288545
2.00312005831
2.027535674815
2.272966704365
2.5824959596449997
2.879133392835
3.1783686076099995
3.4899258781099998
3.8434830692299995
4.166448415675
4.420445554
4.638091402104999
4.82756078343
4.973882866085
5.065353413295
5.0821649533899995
5.004218757195
4.89693694819
4.84430269631
4.8065696491050005
4.746890299865
4.674965386769999
4.646061266559999
4.6654048836849995
4.70455204982
4.790057211834999
4.9239778049
5.101726278145
5.3490588171299995
5.6185435978000005
5.8699076506
6.112580069504999
6.36299974191
6.628797222179999
6.917314749169999
7.233240882245
7.4573797133149995
7.484906979864999
7.410794203155
7.334096393505
7.260613203725
7.181479422214999
7.1269162022799994
7.1283205145599995
7.152357594375
7.125037248139999
7.05648288065
7.0504861141749995
7.159283050605
7.37219424809
7.61962779557
7.845407279185
8.037535243325
8.226742787094999
8.40371849632
8.561065214905
8.73114881051
8.875559577079999
8.9137545175
8.85756633566
8.76908093271
8.659388649135
8.51273706304
8.365395088785
8.230363402275
8.101449104035
7.9840076056300004
7.86449200075
7.79129124249
7.769244912625
7.717540331165
7.611905058695
7.524043358685
7.47572893613
7.375227444935
7.20560476188
7.046892957615
6.88315818722
6.67221322306
6.4286631089799995
6.184998257095
5.951599987095
5.724972228255
5.518149979755
5.34063490478
5.17919390982
5.00620460382
4.811658319789999
4.63201814376
4.4558554058199995
4.219759326405
3.94478576373
3.7783021893399997
3.7004236590299997
3.6088766199499998
3.51779833874
3.45373541695
3.399225152925
3.3036966139449997
3.156820455565
3.03988694163
2.955360483285
2.856070113365
2.759964943365
2.677887205525
2.6000086752150002
2.49260134109
2.3608136944
2.246500517345
2.13212850039
1.99492562157
1.88402417805
1.8326795006449998
1.79138663949
1.71813488665
1.632172734745
1.5584169200949998
1.5149950352250001
1.47910956088
1.42509453268
1.37262307119
1.33134884267
1.2863765264349998
1.2123765262
1.13528645055
1.07459897769
0.9834187073199999
0.852081970397
0.7176056344764999
0.564604340573
0.37012827215699995
0.157558934491
-0.049510304295900004
-0.23906298330599998
-0.4272303357105
-0.607816559266
-0.776116129103
-0.9498273026095
-1.14078405854
-1.3304770314849999
-1.518664683655
-1.71955488957
-1.9437192179299998
-2.191157668735
-2.4558538622099997
-2.719326185765
-2.998801981455
-3.2998475038199997
-3.5369987787749997
-3.7483870035149995
-4.02128940171
-4.3196812445849995
-4.593233823675
-4.851134008699999
-5.115270242459999
-5.3536414646749995
-5.550745323025
-5.709389461404999
-5.84372781776
-5.9849592684
-6.12159924551
-6.242211233859999
-6.348420195355
-6.445433461145
-6.512791417335
-6.537692463015
-6.564629369234999
-6.617355803624999
-6.662703714555
-6.672735917504999
-6.658624148155
-6.61976529753
-6.560724361205
-6.50312500243
-6.45996789711
-6.427593203465
-6.396441399075
-6.3502962075000005
-6.294424780455
-6.251443214169999
-6.2172385996349995
-6.174630666715
-6.1275734566899995
-6.100313911685
-6.1015672015549995
-6.10742667493
-6.10699125967
-6.11554658113
-6.139715070055
-6.168699604794999
-6.208714659455
-6.256051359005
-6.298374899074999
-6.33005724323
-6.362834009525
-6.39826445531
-6.42206715619
-6.438305987924999
-6.458892107605
-6.48862488974
-6.511322381164999
-6.516685638049999
-6.51280024332
-6.50103226332
-6.475584987235
-6.440182980735
-6.410282504885
-6.39304731751
-6.37698402481
-6.35726873565
-6.340129653445
-6.327630097355001
-6.311527578054999
-6.2902206696
-6.27494779289
-6.274935044245
-6.28349919169
-6.28797102409
-6.28596850616
-6.2903942473050005
-6.30265157914
-6.317229164364999
-6.33462125814
-6.351301389125
-6.36005382425
-6.35902020334
-6.355295637669999
-6.34766410264
-6.32268852642
-6.285126114925
-6.258379457715
-6.247458772275
-6.23603696702
-6.223534468935
-6.217963311069999
-6.216214785375
-6.2179956730149994
-6.223434441105
-6.228484865854999
-6.231950535965
-6.236877396925
-6.24036169967
-6.23535246285
-6.22399832348
-6.210427881209999
-6.19261900481
-6.17389026464
-6.155346870155
-6.130551736295
-6.10239782481
-6.081369425215001
-6.065538550119999
-6.04592525012
-6.01970815201
-5.99297326278
-5.968200684215
-5.94461274897
-5.9194292717699994
-5.8955500790199995
-5.87696059328
-5.861661238615
-5.846409936535
-5.8301250135450005
-5.8136998554599995
-5.797796411155
-5.78420341359
-5.77364753553
-5.7643596573149996
-5.752303361805
-5.7377542158649995
-5.723798372249999
-5.707655645685
-5.687399029444999
-5.6663608232
-5.646422923085
-5.62689297961
-5.608520220835
-5.590547573379999
-5.572310146375
-5.55496316319
-5.538551734415
-5.52162447585
-5.50425886003
-5.486680439904999
-5.4676751522049996
-5.44593478982
-5.422789134489999
-5.400016131859999
-5.37705876421
-5.35347965495
-5.3290669804399995
-5.304459153594999
-5.278781421235
-5.251252193355
-5.22268247991
-5.194336358085
-5.166440361495
-5.13874932389
-5.11102592434
-5.083130908415
-5.05488677575
-5.0265161373
-4.998405375075
-4.9706770722
-4.943298866729999
-4.915928506579999
-4.8884757705699995
-4.86147217913
-4.83478828448
-4.80798867136
-4.781517581015
-4.755761395455
-4.73007091445
-4.703731233215
-4.67672666111
-4.6494151408599995
-4.621992805464999
-4.5948107329950005
-4.567826754855
-4.54067116034
-4.513431228635
-4.485990260605
-4.458195272509999
-4.430188460775
-4.401941386115
-4.37349915912
-4.344949058975
-4.316029248124999
-4.286683828665
-4.257069706995
-4.2274045907449995
-4.197547264154999
-4.16737710543
-4.136934321835
-4.1062787339349995
-4.075374057125
-4.044190871455
-4.012793900815
-3.9812488497599996
-3.9495027623800003
-3.91745855284
-3.885113279145
-3.852572853115
-3.819850023395
-3.7869261573499995
-3.753812042295
-3.7205243495349998
-3.687046407765
-3.65334781637
-3.61944034333
-3.58535831192
-3.5511056448
-3.5166823419699997
-3.4820864421
-3.44731402253
-3.41236704459
-3.3772415856199998
-3.34193960695
-3.306462089245
-3.2708070711749997
-3.2349814173950002
-3.19898414724
-3.1628132993799998
-3.1264708351449997
-3.08995969653
-3.053281844865
-3.01644316414
-2.979441693025
-2.942282334845
-2.904966070265
-2.8674968219449997
-2.829876551215
-2.7921082000699995
-2.7541927491749996
-2.7161331405249998
-2.67793133545
-2.6395892952799995
-2.601108981345
-2.56249137431
-2.5237403968349996
-2.4848570295849997
-2.44584323389
-2.40670097108
